/*--------------------------------*- C++ -*----------------------------------*\
  =========                 |
  \\      /  F ield         | OpenFOAM: The Open Source CFD Toolbox
   \\    /   O peration     | Website:  https://openfoam.org
    \\  /    A nd           | Version:  7
     \\/     M anipulation  |
\*---------------------------------------------------------------------------*/
FoamFile
{
    version     2.0;
    format      ascii;
    class       volVectorField;
    location    "50";
    object      U;
}
// * * * * * * * * * * * * * * * * * * * * * * * * * * * * * * * * * * * * * //

dimensions      [0 1 -1 0 0 0 0];

internalField   nonuniform List<vector> 
1062
(
(0.0232019 -0.00846503 -3.17118e-22)
(0.00411575 -0.0106627 -6.03566e-21)
(0.0238448 -0.0252906 -2.05406e-21)
(0.00466635 -0.0177316 -1.98265e-20)
(0.0251278 -0.0420615 -2.72509e-20)
(0.00548982 -0.0247583 -2.452e-20)
(0.0270472 -0.0587412 6.99875e-20)
(0.00658346 -0.0317259 4.82941e-21)
(0.0295974 -0.0752936 -1.69473e-20)
(0.00794367 -0.038618 -3.42884e-20)
(0.0327709 -0.091683 6.73783e-20)
(0.00956597 -0.0454181 1.18627e-19)
(0.0365585 -0.107874 -5.12632e-20)
(0.0775377 -0.146523 1.1051e-19)
(0.011445 -0.0521101 -9.73608e-20)
(0.0409491 -0.123831 4.94455e-20)
(0.0834008 -0.16827 -8.66703e-20)
(0.0135745 -0.0586783 1.55806e-20)
(0.0459296 -0.13952 -8.24631e-20)
(0.0900568 -0.189684 -4.04267e-20)
(0.0159476 -0.0651071 8.38977e-21)
(0.0514856 -0.154908 -6.30921e-20)
(0.097488 -0.210722 -1.26633e-19)
(0.0185562 -0.0713814 -7.74642e-20)
(0.0576005 -0.169961 2.9882e-20)
(0.105675 -0.231343 1.02701e-19)
(0.0213917 -0.0774867 -9.41673e-20)
(0.0642562 -0.184647 8.79812e-20)
(0.114595 -0.251506 6.56784e-20)
(0.0244447 -0.0834086 1.76386e-19)
(0.071433 -0.198935 -4.72157e-20)
(0.124225 -0.271173 -4.87303e-20)
(0.0277049 -0.0891336 -9.61415e-20)
(0.0791096 -0.212794 -2.07882e-20)
(0.134538 -0.290303 -1.15573e-19)
(0.0311615 -0.0946485 -6.68795e-20)
(0.0872628 -0.226196 4.4584e-20)
(0.145508 -0.308861 1.82617e-19)
(0.0348027 -0.0999407 7.78275e-20)
(0.0958683 -0.239111 -6.62014e-20)
(0.157104 -0.32681 -4.01348e-20)
(0.213329 -0.374452 -1.75581e-20)
(0.0386163 -0.104998 -6.84396e-20)
(0.1049 -0.251513 1.65163e-19)
(0.169294 -0.344115 -1.80214e-19)
(0.227171 -0.394635 -4.94523e-20)
(0.0425894 -0.10981 -7.31895e-21)
(0.114331 -0.263377 -8.15045e-20)
(0.182046 -0.360743 1.7434e-19)
(0.241674 -0.414103 9.20213e-20)
(0.0467084 -0.114366 8.34404e-20)
(0.124131 -0.274677 1.94675e-20)
(0.195324 -0.376662 -1.17338e-19)
(0.256801 -0.432821 -9.60252e-20)
(0.0509592 -0.118655 -1.17013e-20)
(0.134272 -0.285391 2.85567e-20)
(0.209091 -0.391843 -7.87769e-20)
(0.272515 -0.450757 2.12039e-19)
(0.0553271 -0.122669 -1.19709e-19)
(0.144722 -0.295497 1.27986e-19)
(0.223309 -0.406256 1.64047e-19)
(0.288776 -0.467879 -1.39613e-19)
(0.343216 -0.493124 -1.04119e-20)
(0.0597972 -0.126399 -2.93756e-20)
(0.155448 -0.304976 -1.62101e-19)
(0.237938 -0.419874 -2.18766e-19)
(0.305543 -0.484158 6.02498e-20)
(0.360818 -0.510813 -1.27186e-19)
(0.0643538 -0.129838 1.34502e-19)
(0.166417 -0.313808 1.80928e-19)
(0.252936 -0.432674 1.13039e-19)
(0.322773 -0.499565 -2.23188e-19)
(0.378943 -0.52765 1.69578e-19)
(0.0689811 -0.13298 -1.66966e-21)
(0.177595 -0.321978 6.82946e-20)
(0.268262 -0.444631 -1.0292e-20)
(0.340422 -0.514074 -3.91468e-20)
(0.397547 -0.543609 -1.30154e-19)
(0.443361 -0.546024 -2.0841e-19)
(0.0736627 -0.135818 -5.83191e-20)
(0.188945 -0.32947 -8.36833e-20)
(0.28387 -0.455724 5.90359e-20)
(0.358445 -0.52766 5.36618e-20)
(0.416588 -0.558663 6.14054e-20)
(0.462454 -0.561706 -5.25627e-20)
(0.078382 -0.138347 -1.54119e-20)
(0.200433 -0.336271 -1.46649e-19)
(0.299716 -0.465934 -3.01952e-20)
(0.376793 -0.540303 4.32811e-20)
(0.43602 -0.572791 -3.38585e-20)
(0.481977 -0.576518 2.44077e-19)
(0.0831223 -0.140564 4.31694e-20)
(0.21202 -0.342369 1.75371e-19)
(0.315754 -0.475245 2.26898e-19)
(0.395419 -0.55198 7.78928e-20)
(0.455797 -0.585971 3.00571e-21)
(0.501888 -0.59044 -4.80927e-20)
(0.0878664 -0.142466 2.97678e-20)
(0.223669 -0.347755 -9.61371e-20)
(0.331935 -0.48364 -9.95774e-20)
(0.414273 -0.562674 -8.34958e-20)
(0.475872 -0.598182 -6.02776e-20)
(0.522144 -0.603451 -6.98074e-20)
(0.557897 -0.589946 -3.58225e-20)
(0.0925973 -0.14405 1.62018e-20)
(0.235343 -0.352421 2.8922e-20)
(0.348212 -0.491108 -7.46351e-20)
(0.433304 -0.572369 1.10656e-19)
(0.496195 -0.609408 -2.6131e-20)
(0.542701 -0.615536 8.55398e-21)
(0.577996 -0.602336 1.31184e-19)
(0.0972976 -0.145315 -1.23986e-19)
(0.247002 -0.356361 -1.01638e-20)
(0.364535 -0.497638 9.80952e-21)
(0.45246 -0.58105 8.49883e-20)
(0.516718 -0.619632 5.91575e-20)
(0.563512 -0.626677 -2.46356e-20)
(0.598383 -0.613859 -1.13878e-19)
(0.10195 -0.146261 -5.48243e-20)
(0.258607 -0.359571 5.26317e-20)
(0.380855 -0.50322 1.3124e-19)
(0.471688 -0.588706 -5.5863e-20)
(0.537388 -0.628841 -3.27061e-20)
(0.584532 -0.63686 -5.24383e-21)
(0.619018 -0.624499 3.45787e-21)
(0.645542 -0.600836 -5.89706e-20)
(0.106537 -0.146889 1.04136e-19)
(0.270119 -0.36205 -7.19925e-20)
(0.397122 -0.50785 -7.90824e-20)
(0.490935 -0.595327 3.48061e-20)
(0.558154 -0.637024 4.7206e-20)
(0.605711 -0.646074 -1.16116e-19)
(0.639859 -0.634247 9.091e-20)
(0.665588 -0.610727 2.59655e-20)
(0.111042 -0.147201 -2.8138e-20)
(0.281499 -0.363798 -8.70583e-21)
(0.413284 -0.511524 1.317e-20)
(0.510147 -0.600905 -9.97844e-20)
(0.578963 -0.64417 5.57618e-20)
(0.627004 -0.654308 9.99449e-20)
(0.660861 -0.643091 7.72461e-21)
(0.685825 -0.619793 -4.81523e-20)
(0.705628 -0.590851 -8.36296e-20)
(0.115447 -0.147199 3.06227e-20)
(0.292707 -0.364816 -9.40041e-21)
(0.429291 -0.514241 1.24066e-20)
(0.529267 -0.605437 6.78436e-22)
(0.599762 -0.650272 -2.90431e-20)
(0.648358 -0.661554 -3.76719e-20)
(0.681981 -0.651024 -3.69034e-20)
(0.706214 -0.628028 1.03414e-20)
(0.725024 -0.599113 1.01943e-20)
(0.119736 -0.146886 -4.48015e-20)
(0.303704 -0.365109 4.57791e-20)
(0.44509 -0.516001 2.94092e-20)
(0.548241 -0.608918 2.42539e-20)
(0.620496 -0.655325 -3.16906e-20)
(0.669726 -0.667804 -3.74198e-20)
(0.703174 -0.658038 -1.21085e-20)
(0.726717 -0.635424 -7.6686e-20)
(0.744556 -0.606611 -6.39494e-20)
(0.759342 -0.575728 2.7686e-20)
(0.123891 -0.146268 1.81267e-20)
(0.314451 -0.364684 -1.97579e-20)
(0.460631 -0.516808 -1.46676e-20)
(0.567013 -0.61135 1.50068e-20)
(0.64111 -0.659325 -1.33261e-21)
(0.691056 -0.673055 -1.87814e-21)
(0.724395 -0.664129 7.26301e-20)
(0.747294 -0.641978 1.56165e-19)
(0.764189 -0.613341 4.38048e-20)
(0.777901 -0.582449 -1.622e-21)
(0.127897 -0.14535 -8.41411e-21)
(0.324909 -0.363549 -9.50903e-21)
(0.475862 -0.516669 1.7498e-21)
(0.585525 -0.612735 5.32652e-21)
(0.661549 -0.662273 -8.57103e-21)
(0.712296 -0.677303 8.43949e-21)
(0.745598 -0.669293 -5.01527e-20)
(0.767903 -0.647685 -6.04325e-20)
(0.783886 -0.6193 -5.28335e-20)
(0.796542 -0.588466 -1.97434e-20)
(0.131737 -0.144139 6.04917e-21)
(0.33504 -0.361714 -1.15968e-20)
(0.490731 -0.515592 -2.73884e-21)
(0.603722 -0.613077 -4.59991e-21)
(0.681756 -0.664168 1.82804e-20)
(0.733395 -0.680547 -7.44692e-21)
(0.766737 -0.673528 4.33561e-21)
(0.788505 -0.652545 7.37345e-21)
(0.803613 -0.624487 1.46516e-20)
(0.815234 -0.593777 2.7576e-20)
(0.825182 -0.562894 -3.00979e-20)
(0.135396 -0.142643 -2.62018e-20)
(0.344806 -0.359192 1.55582e-20)
(0.505188 -0.513588 -6.03635e-21)
(0.621547 -0.612383 7.07057e-21)
(0.701675 -0.665015 6.08307e-21)
(0.754299 -0.682788 -1.78714e-21)
(0.787764 -0.676835 3.23741e-21)
(0.809059 -0.656558 3.02542e-20)
(0.823333 -0.628903 1.25146e-20)
(0.833944 -0.598384 -9.11362e-21)
(0.842829 -0.567562 3.84789e-20)
(0.850968 -0.537686 -1.18364e-21)
(0.138857 -0.140869 -6.62379e-21)
(0.35417 -0.355999 -3.45721e-21)
(0.519182 -0.51067 4.79554e-20)
(0.638942 -0.610664 -3.51823e-20)
(0.721249 -0.664819 8.93653e-21)
(0.774957 -0.68403 -1.09252e-20)
(0.808633 -0.679215 -4.10041e-21)
(0.829522 -0.659724 -3.54866e-21)
(0.84301 -0.632549 3.33127e-20)
(0.852642 -0.602288 1.92391e-20)
(0.860482 -0.571584 5.23985e-20)
(0.867582 -0.541749 1.19075e-20)
(0.142108 -0.138829 5.92489e-20)
(0.363096 -0.352151 4.46789e-21)
(0.532665 -0.506856 -6.34833e-20)
(0.655853 -0.607933 8.28606e-21)
(0.740422 -0.66359 -4.15285e-20)
(0.795315 -0.684278 1.37099e-20)
(0.829296 -0.680672 4.08185e-21)
(0.849853 -0.662046 -7.84711e-21)
(0.862608 -0.635428 4.92056e-22)
(0.871296 -0.605492 -2.84012e-20)
(0.878111 -0.574965 -1.73554e-20)
(0.884188 -0.54522 -2.47393e-20)
(0.890035 -0.516828 -2.111e-20)
(0.371548 -0.347666 -6.42416e-20)
(0.545586 -0.502164 1.85264e-20)
(0.672223 -0.604204 5.27382e-20)
(0.759136 -0.661337 3.72768e-20)
(0.815319 -0.683538 2.07568e-20)
(0.849705 -0.68121 2.54308e-22)
(0.870011 -0.66353 3.37712e-21)
(0.882091 -0.637544 7.72716e-21)
(0.889873 -0.608001 2.40816e-21)
(0.89569 -0.577709 -6.10507e-20)
(0.900759 -0.548104 -4.77677e-20)
(0.905633 -0.519799 1.62096e-20)
(0.379488 -0.342559 7.67986e-20)
(0.557896 -0.496613 -1.16757e-21)
(0.687996 -0.599493 2.78973e-23)
(0.777335 -0.658072 1.40369e-20)
(0.834915 -0.681821 -9.90888e-21)
(0.869811 -0.680837 1.5701e-20)
(0.889953 -0.66418 -6.44399e-21)
(0.901423 -0.638902 1.0479e-20)
(0.908343 -0.60982 -2.52854e-21)
(0.91319 -0.57982 3.26769e-20)
(0.917271 -0.550405 2.66708e-20)
(0.921186 -0.52223 3.35765e-20)
(0.925166 -0.495509 7.32814e-21)
(0.569548 -0.49023 -4.66912e-20)
(0.703117 -0.593823 -1.67584e-20)
(0.794962 -0.653813 -8.86591e-20)
(0.854049 -0.679136 3.54149e-20)
(0.889566 -0.67956 5.3845e-21)
(0.909637 -0.664004 3.2048e-21)
(0.920566 -0.639511 -3.72555e-20)
(0.926674 -0.610957 3.57186e-21)
(0.930584 -0.581307 -4.76316e-21)
(0.9337 -0.55213 -1.53249e-22)
(0.936672 -0.524127 -2.44725e-20)
(0.939757 -0.497538 9.24097e-21)
(0.717532 -0.587214 4.18123e-21)
(0.811959 -0.648575 3.6715e-20)
(0.872668 -0.675497 1.23739e-20)
(0.908921 -0.677391 -1.90364e-20)
(0.929021 -0.663011 -2.07559e-20)
(0.939485 -0.639378 2.12564e-20)
(0.944835 -0.611419 5.09772e-22)
(0.947845 -0.582177 -3.28029e-21)
(0.950021 -0.553287 1.69242e-21)
(0.952071 -0.525498 4.3415e-23)
(0.954276 -0.499078 -1.91487e-20)
(0.956725 -0.474069 -2.66514e-20)
(0.828272 -0.642379 -7.47419e-20)
(0.890717 -0.67092 4.16635e-20)
(0.927827 -0.674341 -3.42613e-20)
(0.948061 -0.661211 1.86719e-20)
(0.958144 -0.638511 -2.43356e-20)
(0.962794 -0.611215 -7.29451e-21)
(0.964947 -0.582438 2.7693e-21)
(0.966212 -0.553884 -7.52044e-21)
(0.96736 -0.526351 -1.13802e-21)
(0.968705 -0.500136 1.83182e-20)
(0.970353 -0.475298 -8.064e-21)
(0.972345 -0.451813 1.67493e-20)
(0.843846 -0.635247 -9.93291e-20)
(0.908142 -0.66542 -8.47982e-20)
(0.946234 -0.670423 2.16028e-20)
(0.966715 -0.658616 -4.08839e-21)
(0.976505 -0.636923 -1.55901e-20)
(0.980521 -0.610357 6.97098e-20)
(0.981861 -0.582101 -6.10761e-22)
(0.982248 -0.553931 1.54683e-20)
(0.98252 -0.526695 -7.34588e-21)
(0.983027 -0.500721 3.6662e-21)
(0.983893 -0.476088 9.22079e-21)
(0.985179 -0.452784 -1.48909e-20)
(0.98702 -0.430758 1.19027e-20)
(0.92489 -0.659017 8.59599e-20)
(0.964095 -0.665653 -3.27006e-20)
(0.98494 -0.655237 -2.72345e-20)
(0.994532 -0.634625 5.93369e-20)
(0.997985 -0.608854 -2.52197e-20)
(0.998563 -0.581177 -3.35867e-20)
(0.998108 -0.553439 4.8719e-21)
(0.997531 -0.526541 7.9702e-21)
(0.997222 -0.500844 -3.93174e-21)
(0.99733 -0.476448 -4.69278e-22)
(0.997931 -0.453355 1.17145e-20)
(0.999171 -0.431527 -6.29304e-21)
(0.981358 -0.660047 -3.39579e-20)
(1.00269 -0.651091 -2.5058e-20)
(1.01219 -0.63163 -7.97404e-20)
(1.01515 -0.60672 -2.98482e-20)
(1.01503 -0.579678 6.18817e-20)
(1.01377 -0.552419 -6.9214e-21)
(1.01237 -0.525898 5.70639e-22)
(1.01127 -0.500515 2.22073e-21)
(1.01064 -0.476388 5.91298e-22)
(1.01058 -0.453536 -6.61179e-22)
(1.01123 -0.431934 2.82692e-21)
(1.01287 -0.411509 -8.26144e-21)
(1.01993 -0.646191 7.43286e-20)
(1.02944 -0.627951 1.73105e-20)
(1.032 -0.603967 2.38385e-20)
(1.03122 -0.577617 -3.1829e-20)
(1.02921 -0.550884 4.48959e-20)
(1.02703 -0.524781 1.54541e-20)
(1.02516 -0.499745 -4.1418e-21)
(1.02382 -0.475919 5.99874e-21)
(1.02311 -0.453337 9.3361e-21)
(1.02319 -0.431986 3.91044e-21)
(1.02428 -0.41179 9.75063e-22)
(1.02603 -0.393263 1.49133e-20)
(1.03661 -0.640554 -8.69825e-20)
(1.04625 -0.623604 -2.68187e-21)
(1.04849 -0.600611 -5.96571e-20)
(1.04713 -0.575007 3.49597e-20)
(1.0444 -0.548846 -9.60571e-21)
(1.04147 -0.5232 -3.91473e-20)
(1.03887 -0.498546 -6.86824e-21)
(1.03684 -0.475051 7.26312e-21)
(1.03551 -0.452767 -1.5383e-20)
(1.03501 -0.431691 9.70601e-22)
(1.03556 -0.411743 8.67601e-22)
(1.03674 -0.393406 -3.7711e-21)
(1.03757 -0.377177 1.20955e-20)
(1.06257 -0.618605 -7.34798e-20)
(1.0646 -0.596666 1.25516e-19)
(1.06272 -0.571864 -3.08336e-20)
(1.05933 -0.546322 -5.82303e-21)
(1.05569 -0.52117 1.23815e-20)
(1.05238 -0.49693 2.80911e-20)
(1.04969 -0.473796 5.48304e-21)
(1.04775 -0.451835 -3.65741e-21)
(1.04669 -0.431057 -3.25829e-21)
(1.04669 -0.411375 -4.28233e-21)
(1.04731 -0.393237 8.85546e-21)
(1.0475 -0.377153 -5.62169e-22)
(1.08029 -0.592147 -3.79193e-20)
(1.07798 -0.568202 -1.10743e-19)
(1.07398 -0.543323 -1.05035e-20)
(1.06966 -0.518704 -1.31466e-20)
(1.06568 -0.49491 -3.17007e-20)
(1.06235 -0.472165 -3.12726e-20)
(1.05982 -0.450552 -1.63845e-20)
(1.05821 -0.430092 -1.06638e-20)
(1.05766 -0.410693 -3.19133e-21)
(1.05772 -0.392766 -8.15171e-21)
(1.0573 -0.376842 -8.51283e-21)
(1.09286 -0.564037 1.68461e-19)
(1.08832 -0.539867 -2.92778e-21)
(1.08337 -0.515817 4.7469e-20)
(1.07875 -0.4925 1.39337e-20)
(1.07481 -0.47017 4.74837e-21)
(1.0717 -0.448929 2.36646e-20)
(1.06956 -0.428805 2.78392e-20)
(1.06846 -0.409706 -1.54716e-20)
(1.06796 -0.392002 1.90341e-20)
(1.06697 -0.376253 6.06653e-21)
(1.10233 -0.535968 -1.32039e-19)
(1.0968 -0.512524 -7.99234e-20)
(1.09158 -0.489714 -4.96834e-20)
(1.08704 -0.467825 2.03766e-20)
(1.08339 -0.446976 -6.01117e-20)
(1.08072 -0.427208 -2.72672e-20)
(1.07908 -0.408422 3.44513e-21)
(1.07804 -0.390955 5.61504e-22)
(1.07651 -0.375398 6.15006e-21)
(1.10993 -0.508839 7.05095e-20)
(1.10414 -0.486565 9.82183e-20)
(1.09905 -0.465141 2.91063e-21)
(1.09486 -0.444705 2.23648e-20)
(1.09167 -0.425309 4.06484e-20)
(1.08952 -0.406852 -8.24767e-21)
(1.08795 -0.389636 8.73479e-23)
(1.0859 -0.374285 1.59304e-20)
(1.11643 -0.483069 -2.75924e-20)
(1.11081 -0.462133 -1.29907e-20)
(1.10611 -0.442129 9.7525e-21)
(1.10242 -0.423119 -5.37023e-20)
(1.09976 -0.405005 -9.65515e-21)
(1.09768 -0.388053 -6.22514e-21)
(1.09515 -0.372925 -9.96732e-21)
(1.11712 -0.43926 4.50008e-20)
(1.11295 -0.420652 6.86421e-20)
(1.1098 -0.402893 -1.33964e-21)
(1.10723 -0.386219 -1.23198e-20)
(1.10424 -0.371329 -3.337e-20)
(1.12326 -0.417917 -2.11251e-20)
(1.11962 -0.400527 1.63957e-20)
(1.11659 -0.384143 5.61835e-20)
(1.11317 -0.369505 -4.25594e-22)
(1.12924 -0.397919 -4.09242e-20)
(1.12576 -0.381838 7.50738e-21)
(1.12194 -0.367463 2.56973e-20)
(1.13474 -0.379313 -5.63159e-20)
(1.13053 -0.365214 -3.11578e-20)
(1.09505 -0.0025245 1.93709e-21)
(1.09598 -0.00251823 8.22258e-22)
(1.0969 -0.00251201 -5.83712e-22)
(1.09783 -0.00250587 7.43712e-23)
(1.09876 -0.00249984 6.32947e-23)
(1.09969 -0.00249393 -1.39372e-21)
(1.10062 -0.00248816 1.68484e-21)
(1.10156 -0.00248254 -1.80129e-21)
(1.10249 -0.0024771 -1.8169e-21)
(1.10342 -0.00247184 3.97239e-21)
(1.10436 -0.00246678 -3.42773e-21)
(1.0951 -0.00756694 -1.27845e-21)
(1.09603 -0.00755408 9.72995e-23)
(1.09696 -0.00754124 2.72584e-22)
(1.09788 -0.00752844 9.84073e-22)
(1.09881 -0.00751568 -3.31577e-22)
(1.09975 -0.00750298 -3.6612e-22)
(1.10068 -0.00749035 1.05937e-21)
(1.10161 -0.00747779 -2.64479e-21)
(1.10255 -0.00746532 2.73932e-21)
(1.10349 -0.00745294 -9.32117e-22)
(1.10443 -0.00744066 -1.7551e-22)
(1.09526 -0.012497 1.11877e-21)
(1.09619 -0.012475 1.28001e-21)
(1.09712 -0.0124529 -2.4788e-21)
(1.09805 -0.0124308 -1.56358e-21)
(1.09898 -0.0124088 2.95988e-21)
(1.09992 -0.0123869 1.07881e-21)
(1.10085 -0.012365 -6.46671e-22)
(1.10179 -0.0123433 -2.32712e-21)
(1.10273 -0.0123217 2.48436e-21)
(1.10368 -0.0123002 -1.84401e-21)
(1.10462 -0.012279 1.59647e-21)
(1.0955 -0.0173527 -1.53285e-21)
(1.09643 -0.0173225 5.14664e-22)
(1.09736 -0.0172924 2.03578e-21)
(1.0983 -0.0172622 -3.37944e-21)
(1.09924 -0.0172321 1.13015e-21)
(1.10018 -0.0172021 -1.25685e-22)
(1.10112 -0.0171723 5.94555e-22)
(1.10206 -0.0171425 2.07534e-21)
(1.10301 -0.017113 -1.7848e-21)
(1.10396 -0.0170836 -1.037e-22)
(1.10491 -0.0170545 1.11222e-22)
(1.09581 -0.0221382 1.27409e-21)
(1.09675 -0.0220994 1.29312e-21)
(1.09769 -0.0220607 -5.79741e-22)
(1.09863 -0.0220219 1.14344e-21)
(1.09957 -0.0219833 1.97043e-22)
(1.10052 -0.0219447 -2.20624e-21)
(1.10147 -0.0219063 -5.05843e-22)
(1.10242 -0.0218681 -2.32197e-23)
(1.10338 -0.02183 -3.38156e-22)
(1.10433 -0.0217923 3.19882e-21)
(1.10529 -0.0217548 -4.02073e-21)
(1.09619 -0.026869 6.70581e-22)
(1.09714 -0.0268218 5.55829e-23)
(1.09808 -0.0267745 -4.17326e-23)
(1.09903 -0.0267274 -1.38467e-21)
(1.09999 -0.0266802 2.53441e-21)
(1.10094 -0.0266333 -8.85832e-22)
(1.1019 -0.0265865 -1.57308e-21)
(1.10286 -0.0265399 2.78627e-23)
(1.10383 -0.0264936 8.58537e-24)
(1.10479 -0.0264476 6.43191e-23)
(1.10576 -0.026402 2.55841e-22)
(1.09663 -0.0315546 -9.30909e-22)
(1.09758 -0.0314986 1.10514e-21)
(1.09854 -0.0314427 -1.38829e-21)
(1.0995 -0.0313869 3.22016e-21)
(1.10046 -0.0313312 -6.17405e-23)
(1.10143 -0.0312756 -2.67214e-21)
(1.1024 -0.0312203 1.12112e-21)
(1.10337 -0.0311652 7.53632e-22)
(1.10435 -0.0311104 -2.11887e-21)
(1.10533 -0.031056 -6.54319e-24)
(1.10631 -0.031002 1.90997e-21)
(1.09808 -0.0361403 4.21442e-22)
(1.09905 -0.0360756 -2.45679e-22)
(1.10002 -0.036011 6.53852e-22)
(1.101 -0.0359466 -1.88741e-21)
(1.10198 -0.0358823 1.5305e-21)
(1.10296 -0.0358184 -3.62719e-22)
(1.10395 -0.0357547 3.13667e-22)
(1.10494 -0.0356913 -1.45746e-21)
(1.10593 -0.0356284 6.79011e-22)
(1.10692 -0.0355659 1.29365e-21)
(1.09863 -0.0407554 -4.79043e-22)
(1.09961 -0.0406817 -8.39853e-22)
(1.1006 -0.0406082 -7.69707e-22)
(1.10158 -0.0405348 1.32569e-21)
(1.10258 -0.0404617 2.69317e-22)
(1.10358 -0.0403889 -2.51646e-21)
(1.10458 -0.0403164 2.0094e-22)
(1.10558 -0.0402443 3.39562e-21)
(1.10659 -0.0401726 -1.51131e-21)
(1.1076 -0.0401014 6.85481e-22)
(1.09921 -0.0453519 9.89222e-22)
(1.1002 -0.0452691 -5.2513e-22)
(1.10121 -0.0451864 7.50797e-23)
(1.10221 -0.0451039 7.53224e-22)
(1.10322 -0.0450217 -1.5755e-21)
(1.10423 -0.0449398 1.09956e-21)
(1.10525 -0.0448583 -2.08322e-23)
(1.10627 -0.0447772 -1.28121e-21)
(1.1073 -0.0446967 -7.93103e-22)
(1.10832 -0.0446166 7.82565e-22)
(1.09981 -0.0499373 -9.56294e-22)
(1.10083 -0.049845 1.63867e-21)
(1.10185 -0.049753 -1.31034e-21)
(1.10287 -0.0496611 -1.64974e-21)
(1.1039 -0.0495696 1.85695e-21)
(1.10493 -0.0494784 -9.16752e-22)
(1.10597 -0.0493876 -9.96192e-22)
(1.10701 -0.0492973 1.02193e-21)
(1.10805 -0.0492076 -3.54076e-22)
(1.1091 -0.0491184 -1.52619e-21)
(1.10044 -0.0545183 -4.01473e-22)
(1.10148 -0.0544163 1.22502e-21)
(1.10251 -0.0543146 8.40193e-22)
(1.10356 -0.0542131 -8.37432e-22)
(1.1046 -0.0541119 6.4979e-22)
(1.10566 -0.0540111 5.56912e-23)
(1.10671 -0.0539108 2.10904e-22)
(1.10777 -0.053811 -1.91406e-21)
(1.10884 -0.0537118 1.80646e-21)
(1.10991 -0.0536133 2.03478e-21)
(1.10108 -0.0591011 1.29539e-21)
(1.10214 -0.0589891 -2.13669e-21)
(1.1032 -0.0588774 1.82172e-21)
(1.10426 -0.058766 -1.02219e-22)
(1.10533 -0.0586549 -1.08113e-21)
(1.10641 -0.0585442 -1.6804e-22)
(1.10748 -0.0584341 9.93114e-22)
(1.10857 -0.0583244 -1.46695e-21)
(1.10966 -0.0582154 -8.96788e-22)
(1.11075 -0.0581071 -2.13801e-21)
(1.10172 -0.0636916 1.12622e-22)
(1.1028 -0.0635693 2.44986e-21)
(1.10389 -0.0634473 -1.66832e-21)
(1.10498 -0.0633255 1.51629e-21)
(1.10607 -0.0632042 -2.40602e-21)
(1.10717 -0.0630833 3.82142e-22)
(1.10827 -0.0629629 7.21728e-22)
(1.10938 -0.0628432 3.25435e-22)
(1.11049 -0.062724 2.19371e-21)
(1.11161 -0.0626056 1.74855e-22)
(1.10237 -0.0682951 7.65363e-22)
(1.10347 -0.0681622 -2.8853e-21)
(1.10458 -0.0680295 -8.54614e-22)
(1.1057 -0.0678971 4.14914e-21)
(1.10682 -0.0677652 4.8693e-22)
(1.10794 -0.0676337 -9.78723e-23)
(1.10907 -0.0675027 -1.69449e-21)
(1.11021 -0.0673724 -2.16489e-21)
(1.11135 -0.0672427 -1.50789e-21)
(1.11249 -0.0671138 7.43497e-22)
(1.11364 -0.0669857 1.28478e-21)
(1.103 -0.0729169 -3.62798e-21)
(1.10413 -0.0727729 3.12502e-21)
(1.10527 -0.0726292 9.50306e-22)
(1.10642 -0.0724858 -2.99649e-22)
(1.10757 -0.0723428 1.16797e-21)
(1.10872 -0.0722003 -1.96755e-21)
(1.10988 -0.0720584 1.88971e-21)
(1.11105 -0.071917 1.42158e-22)
(1.11221 -0.0717764 1.1239e-21)
(1.11339 -0.0716366 9.26284e-22)
(1.11457 -0.0714976 -1.99423e-21)
(1.10362 -0.0775616 -8.63765e-22)
(1.10478 -0.0774062 4.36785e-22)
(1.10595 -0.0772511 5.70142e-22)
(1.10713 -0.0770962 -2.6159e-21)
(1.10831 -0.0769418 3.50907e-21)
(1.10949 -0.0767879 1.7455e-21)
(1.11069 -0.0766345 -4.43913e-24)
(1.11188 -0.0764817 -1.93641e-21)
(1.11308 -0.0763297 -4.4321e-21)
(1.11429 -0.0761785 2.50578e-21)
(1.1155 -0.0760281 -6.36707e-22)
(1.10421 -0.0822339 3.09019e-21)
(1.10541 -0.0820667 -5.48778e-22)
(1.10661 -0.0818996 -1.46635e-21)
(1.10782 -0.0817329 1.61845e-21)
(1.10904 -0.0815666 -2.05557e-21)
(1.11026 -0.0814008 -4.46591e-21)
(1.11148 -0.0812355 2.57363e-21)
(1.11271 -0.0810708 1.12179e-21)
(1.11395 -0.0809068 2.80608e-21)
(1.11519 -0.0807437 -5.0383e-21)
(1.11644 -0.0805813 1.22011e-21)
(1.10478 -0.0869382 -6.18671e-23)
(1.10601 -0.0867587 -9.04271e-22)
(1.10725 -0.0865793 -1.88028e-21)
(1.1085 -0.0864002 -6.3926e-22)
(1.10975 -0.0862215 4.07886e-22)
(1.11101 -0.0860433 2.71896e-21)
(1.11227 -0.0858655 2.214e-21)
(1.11354 -0.0856884 -1.82143e-21)
(1.11481 -0.085512 -2.00611e-21)
(1.11609 -0.0853363 -9.21466e-22)
(1.11737 -0.0851614 -9.57253e-22)
(1.10531 -0.0916787 -8.7586e-22)
(1.10658 -0.0914864 1.78589e-21)
(1.10786 -0.0912942 -2.40354e-21)
(1.10915 -0.0911023 1.1548e-21)
(1.11044 -0.0909107 -4.26299e-22)
(1.11174 -0.0907195 2.23158e-21)
(1.11304 -0.0905288 -2.08325e-21)
(1.11435 -0.0903386 -6.66517e-22)
(1.11566 -0.0901491 3.93873e-21)
(1.11697 -0.0899603 6.38673e-21)
(1.1183 -0.0897723 4.96881e-21)
(1.1058 -0.0964594 -9.18458e-22)
(1.10712 -0.0962539 3.96997e-21)
(1.10844 -0.0960485 5.48117e-22)
(1.10977 -0.0958432 2.18231e-21)
(1.1111 -0.0956382 -2.51956e-21)
(1.11244 -0.0954335 -4.37304e-21)
(1.11379 -0.0952292 -8.7918e-22)
(1.11514 -0.0950254 -1.01706e-21)
(1.11649 -0.0948222 -7.45651e-22)
(1.11785 -0.0946197 -2.83508e-21)
(1.11921 -0.0944179 -3.46405e-21)
(1.10625 -0.101284 9.71025e-22)
(1.10761 -0.101065 -1.0914e-21)
(1.10898 -0.100846 -1.33454e-21)
(1.11035 -0.100627 5.16213e-22)
(1.11173 -0.100408 1.07057e-21)
(1.11312 -0.100189 1.75879e-21)
(1.11451 -0.0999705 2.1267e-21)
(1.1159 -0.0997525 9.71461e-22)
(1.1173 -0.0995349 -6.29892e-22)
(1.1187 -0.099318 -3.34099e-22)
(1.12011 -0.0991017 -6.87402e-22)
(1.10664 -0.106158 6.84663e-22)
(1.10806 -0.105924 1.99131e-21)
(1.10947 -0.105691 3.72093e-22)
(1.1109 -0.105457 1.41068e-21)
(1.11233 -0.105223 -5.53184e-22)
(1.11376 -0.10499 2.19847e-22)
(1.1152 -0.104757 2.22608e-21)
(1.11664 -0.104524 -6.20449e-21)
(1.11809 -0.104291 2.74635e-21)
(1.11954 -0.104059 -1.43343e-21)
(1.121 -0.103827 -3.15185e-21)
(1.10698 -0.111083 -2.68015e-21)
(1.10845 -0.110835 -4.04568e-21)
(1.10992 -0.110586 -1.028e-21)
(1.1114 -0.110338 -2.60733e-22)
(1.11288 -0.110089 -1.64989e-21)
(1.11436 -0.10984 1.19762e-21)
(1.11585 -0.109591 -8.02839e-22)
(1.11735 -0.109342 2.7642e-21)
(1.11885 -0.109094 9.09848e-22)
(1.12035 -0.108846 3.30007e-21)
(1.12186 -0.108598 2.24596e-21)
(1.10726 -0.116064 -5.40049e-22)
(1.10879 -0.115801 -4.76117e-22)
(1.11031 -0.115537 8.19969e-22)
(1.11185 -0.115272 -5.88477e-22)
(1.11338 -0.115008 2.18698e-21)
(1.11492 -0.114743 -3.21323e-21)
(1.11647 -0.114478 7.1289e-22)
(1.11802 -0.114213 7.13587e-22)
(1.11957 -0.113948 4.71869e-21)
(1.12113 -0.113683 -3.63753e-21)
(1.12269 -0.113418 1.33475e-21)
(1.10748 -0.121105 1.8565e-22)
(1.10906 -0.120826 1.51889e-21)
(1.11065 -0.120546 3.50403e-22)
(1.11224 -0.120265 -7.19429e-22)
(1.11384 -0.119984 -3.18585e-22)
(1.11544 -0.119702 2.23751e-21)
(1.11704 -0.11942 -2.64527e-21)
(1.11865 -0.119138 -5.68828e-21)
(1.12026 -0.118855 -4.03445e-21)
(1.12188 -0.118573 3.99904e-21)
(1.1235 -0.11829 -4.55492e-22)
(1.10762 -0.126209 1.58271e-21)
(1.10927 -0.125913 -2.01584e-21)
(1.11093 -0.125617 -5.39171e-22)
(1.11258 -0.125319 -1.48237e-22)
(1.11424 -0.125021 -3.34088e-23)
(1.11591 -0.124722 1.27661e-21)
(1.11757 -0.124422 7.28008e-22)
(1.11924 -0.124121 2.15482e-21)
(1.12092 -0.12382 2.33951e-21)
(1.12259 -0.123519 -1.41166e-21)
(1.12427 -0.123218 1.66795e-21)
(1.10769 -0.13138 1.11756e-21)
(1.10941 -0.131068 5.38891e-21)
(1.11114 -0.130754 -6.4142e-22)
(1.11286 -0.130439 3.17312e-21)
(1.11459 -0.130123 -4.81299e-22)
(1.11632 -0.129805 -1.94566e-21)
(1.11805 -0.129486 3.68857e-21)
(1.11979 -0.129167 -4.79172e-21)
(1.12153 -0.128847 1.11111e-21)
(1.12327 -0.128526 -1.04202e-21)
(1.12502 -0.128205 -2.17524e-21)
(1.10769 -0.136623 -1.966e-21)
(1.10948 -0.136293 -5.04248e-21)
(1.11128 -0.135962 2.74028e-21)
(1.11307 -0.135628 -1.47486e-21)
(1.11488 -0.135293 4.73971e-21)
(1.11668 -0.134956 2.89517e-22)
(1.11848 -0.134618 -1.2259e-21)
(1.12029 -0.134279 5.76519e-21)
(1.1221 -0.133938 -2.81025e-21)
(1.12391 -0.133597 2.72444e-21)
(1.12572 -0.133254 3.87012e-21)
(1.10759 -0.141941 1.47538e-21)
(1.10947 -0.141593 3.21295e-21)
(1.11134 -0.141243 6.44399e-22)
(1.11322 -0.140891 -1.38748e-21)
(1.1151 -0.140536 -4.58618e-21)
(1.11698 -0.140179 7.58954e-22)
(1.11886 -0.13982 1.61428e-21)
(1.12074 -0.13946 1.27786e-21)
(1.12263 -0.139098 5.54577e-22)
(1.12451 -0.138735 -6.71664e-21)
(1.1264 -0.13837 -3.95952e-21)
(1.10742 -0.147338 -9.5296e-22)
(1.10937 -0.146972 2.09061e-21)
(1.11133 -0.146603 -5.8964e-22)
(1.1133 -0.14623 9.27791e-22)
(1.11526 -0.145855 -1.40009e-21)
(1.11722 -0.145478 -2.12721e-21)
(1.11918 -0.145097 -2.93969e-21)
(1.12114 -0.144715 -4.73547e-21)
(1.1231 -0.14433 1.98856e-21)
(1.12507 -0.143944 2.15162e-22)
(1.12703 -0.143555 7.02784e-21)
(1.10714 -0.152818 1.53829e-21)
(1.10919 -0.152433 1.6377e-21)
(1.11124 -0.152044 -1.85604e-21)
(1.11329 -0.151652 2.68492e-21)
(1.11534 -0.151255 5.2877e-21)
(1.11739 -0.150856 -3.62763e-21)
(1.11944 -0.150453 1.46846e-21)
(1.12149 -0.150047 -1.66353e-21)
(1.12353 -0.149639 5.1561e-22)
(1.12558 -0.149228 5.05145e-21)
(1.12762 -0.148815 -2.90875e-21)
(1.10678 -0.158386 1.05479e-21)
(1.10893 -0.157981 -4.42333e-21)
(1.11107 -0.157572 -5.01443e-21)
(1.11322 -0.157158 -2.85257e-21)
(1.11536 -0.15674 -2.19168e-21)
(1.1175 -0.156318 1.76406e-21)
(1.11964 -0.155892 1.71262e-21)
(1.12177 -0.155462 7.8093e-21)
(1.12391 -0.155028 -6.06178e-21)
(1.12604 -0.154592 -5.55979e-21)
(1.12817 -0.154152 -2.21233e-22)
(1.10631 -0.164045 3.60733e-21)
(1.10856 -0.16362 -5.06679e-22)
(1.11081 -0.16319 6.30305e-21)
(1.11306 -0.162755 -3.95655e-21)
(1.1153 -0.162314 3.38616e-21)
(1.11754 -0.161868 6.82702e-22)
(1.11977 -0.161417 -4.59747e-21)
(1.122 -0.160962 -6.82208e-21)
(1.12423 -0.160502 1.26319e-22)
(1.12646 -0.160038 3.90923e-21)
(1.12868 -0.159571 -1.13273e-21)
(1.10574 -0.169799 -5.33241e-21)
(1.1081 -0.169355 3.1162e-21)
(1.11046 -0.168904 8.84154e-22)
(1.11281 -0.168446 4.32871e-22)
(1.11516 -0.167981 -4.05245e-21)
(1.1175 -0.16751 -9.43153e-22)
(1.11984 -0.167034 4.89377e-21)
(1.12217 -0.166552 4.29364e-21)
(1.1245 -0.166064 -8.29785e-23)
(1.12682 -0.165572 -2.21243e-21)
(1.12914 -0.165075 8.19221e-22)
(1.10505 -0.175654 3.49444e-21)
(1.10754 -0.175189 -2.81842e-21)
(1.11001 -0.174716 -9.19275e-22)
(1.11248 -0.174235 -1.97792e-21)
(1.11494 -0.173746 -1.97424e-21)
(1.11739 -0.17325 -1.06715e-21)
(1.11984 -0.172747 -3.10187e-21)
(1.12228 -0.172237 2.95619e-22)
(1.12471 -0.17172 5.88391e-21)
(1.12714 -0.171197 9.01137e-22)
(1.12956 -0.170669 -4.64472e-21)
(1.10426 -0.181613 -4.70188e-21)
(1.10686 -0.181128 -2.05871e-21)
(1.10946 -0.180633 -2.36094e-22)
(1.11205 -0.180128 2.92361e-22)
(1.11463 -0.179614 5.15265e-21)
(1.11721 -0.179091 2.19788e-21)
(1.11977 -0.17856 4.40677e-21)
(1.12232 -0.17802 -2.34577e-21)
(1.12487 -0.177473 -1.62888e-21)
(1.12741 -0.176919 4.02645e-22)
(1.12994 -0.176358 4.8683e-22)
(1.10334 -0.187681 -1.0201e-21)
(1.10608 -0.187176 -1.56221e-21)
(1.10881 -0.186658 1.84858e-21)
(1.11153 -0.186129 1.36968e-21)
(1.11424 -0.18559 -5.53118e-21)
(1.11694 -0.185039 4.74832e-21)
(1.11962 -0.184479 -1.06336e-21)
(1.1223 -0.183908 -5.04316e-22)
(1.12497 -0.183329 -1.52903e-22)
(1.12762 -0.182741 5.02118e-21)
(1.13026 -0.182145 -1.80272e-21)
(1.1023 -0.193863 1.36684e-21)
(1.10518 -0.193337 2.57406e-21)
(1.10806 -0.192797 4.17607e-22)
(1.11091 -0.192244 -1.10593e-22)
(1.11376 -0.191677 8.36867e-21)
(1.11659 -0.191099 3.54558e-21)
(1.11941 -0.190508 5.89701e-22)
(1.12221 -0.189906 8.81612e-22)
(1.125 -0.189293 2.43722e-21)
(1.12778 -0.188669 -1.61152e-21)
(1.13054 -0.188036 -3.69204e-21)
(1.10417 -0.199617 -3.75679e-21)
(1.10719 -0.199055 1.59794e-21)
(1.11019 -0.198477 -8.05266e-22)
(1.11318 -0.197883 -5.25157e-21)
(1.11615 -0.197275 -1.11269e-20)
(1.11911 -0.196653 -3.03543e-21)
(1.12205 -0.196017 -1.30768e-21)
(1.12498 -0.195369 -4.50389e-21)
(1.12789 -0.194708 -4.97014e-21)
(1.13078 -0.194036 5.41693e-21)
(1.10302 -0.206021 -6.27084e-22)
(1.1062 -0.205436 -3.52683e-21)
(1.10936 -0.204833 2.30288e-21)
(1.11251 -0.204212 7.18664e-21)
(1.11563 -0.203574 6.79621e-21)
(1.11873 -0.202919 -9.79532e-21)
(1.12182 -0.202249 2.56508e-21)
(1.12489 -0.201564 1.98557e-22)
(1.12794 -0.200864 4.91164e-21)
(1.13097 -0.200151 -1.6839e-21)
(1.10175 -0.212553 4.48612e-21)
(1.1051 -0.211946 2.24502e-21)
(1.10843 -0.211318 -3.06181e-21)
(1.11173 -0.210669 -5.97649e-21)
(1.11501 -0.21 -1.22369e-20)
(1.11828 -0.209313 1.60266e-20)
(1.12152 -0.208606 -7.98721e-21)
(1.12473 -0.207883 5.85037e-21)
(1.12793 -0.207142 -4.70839e-21)
(1.13111 -0.206386 6.60623e-21)
(1.10034 -0.219219 9.49469e-22)
(1.10387 -0.218591 -1.85388e-21)
(1.10737 -0.217938 -2.44046e-21)
(1.11085 -0.217261 -8.63853e-21)
(1.11431 -0.216561 5.91303e-21)
(1.11773 -0.215839 -1.61475e-21)
(1.12114 -0.215095 5.39087e-21)
(1.12452 -0.214331 4.04491e-21)
(1.12787 -0.213548 2.85586e-21)
(1.1312 -0.212746 -1.06148e-21)
(1.09879 -0.226023 1.24127e-21)
(1.10251 -0.225375 -3.74196e-23)
(1.10621 -0.224698 -6.44784e-23)
(1.10987 -0.223994 1.27332e-20)
(1.1135 -0.223262 -3.65302e-21)
(1.11711 -0.222505 -8.13109e-21)
(1.12068 -0.221722 -8.82966e-21)
(1.12423 -0.220917 -1.53479e-20)
(1.12775 -0.220088 2.50839e-21)
(1.13124 -0.219239 -3.57676e-21)
(1.0971 -0.232973 -1.24862e-21)
(1.10102 -0.232306 5.28956e-21)
(1.10492 -0.231605 3.02376e-21)
(1.10877 -0.230873 -5.77801e-21)
(1.1126 -0.230109 3.52713e-21)
(1.11639 -0.229316 2.93638e-21)
(1.12015 -0.228494 3.6872e-21)
(1.12388 -0.227645 1.39319e-20)
(1.12758 -0.22677 -5.50077e-21)
(1.13124 -0.22587 3.66727e-21)
(1.09526 -0.240072 -2.07457e-21)
(1.0994 -0.239388 2.08608e-21)
(1.1035 -0.238665 -2.71849e-21)
(1.10757 -0.237906 2.68771e-21)
(1.1116 -0.23711 -5.33647e-22)
(1.11559 -0.236281 3.00285e-21)
(1.11955 -0.235418 8.36707e-21)
(1.12347 -0.234525 5.44705e-21)
(1.12735 -0.233601 -4.05149e-21)
(1.1312 -0.232648 -5.15936e-21)
(1.09326 -0.247327 -9.33411e-22)
(1.09763 -0.246627 -9.99314e-21)
(1.10196 -0.245884 5.39859e-21)
(1.10625 -0.245098 -7.56731e-21)
(1.11049 -0.244271 6.96483e-21)
(1.1147 -0.243405 -1.39519e-21)
(1.11886 -0.242502 -5.89941e-23)
(1.12298 -0.241561 -3.51585e-21)
(1.12707 -0.240587 6.21323e-21)
(1.13111 -0.239579 -1.05489e-21)
(1.0911 -0.254742 2.20851e-21)
(1.09572 -0.25403 -1.4513e-22)
(1.10028 -0.253268 -5.05788e-21)
(1.10481 -0.252458 7.51404e-21)
(1.10928 -0.2516 1.34714e-21)
(1.11371 -0.250697 -5.91164e-21)
(1.1181 -0.249751 -9.71723e-21)
(1.12244 -0.248764 -2.4768e-21)
(1.12673 -0.247737 -6.54074e-22)
(1.13097 -0.246672 5.68913e-22)
(1.08878 -0.262322 -1.36873e-22)
(1.09365 -0.261602 1.01144e-20)
(1.09847 -0.260824 1.04599e-20)
(1.10324 -0.25999 -4.57946e-21)
(1.10796 -0.259103 -4.31776e-21)
(1.11263 -0.258164 1.49411e-20)
(1.11725 -0.257176 1.55986e-20)
(1.12182 -0.25614 -7.64636e-21)
(1.12633 -0.255059 1.56336e-20)
(1.1308 -0.253934 4.16228e-21)
(1.08629 -0.270072 6.08606e-22)
(1.09143 -0.269347 -3.35372e-21)
(1.09652 -0.268557 -1.17184e-20)
(1.10155 -0.267703 8.90297e-21)
(1.10653 -0.266787 -8.23453e-21)
(1.11146 -0.265813 -9.62752e-21)
(1.11632 -0.264782 -6.37654e-21)
(1.12113 -0.263697 1.73535e-20)
(1.12589 -0.26256 -1.02352e-20)
(1.13058 -0.261373 6.93689e-21)
(1.08361 -0.277995 -4.16476e-22)
(1.08904 -0.277271 -3.7826e-21)
(1.09442 -0.276472 1.09899e-20)
(1.09973 -0.275601 -1.14432e-20)
(1.10498 -0.27466 4.00405e-21)
(1.11018 -0.273652 -2.72942e-21)
(1.11531 -0.272579 -5.347e-21)
(1.12038 -0.271444 -1.89513e-20)
(1.12538 -0.27025 -1.28224e-20)
(1.13032 -0.268999 -3.30569e-21)
(1.08074 -0.286094 6.42443e-22)
(1.08648 -0.285376 5.23059e-21)
(1.09215 -0.284574 -7.90144e-21)
(1.09777 -0.283689 9.3334e-21)
(1.10331 -0.282726 3.22713e-22)
(1.10879 -0.281686 9.02181e-21)
(1.1142 -0.280572 8.60325e-21)
(1.11954 -0.279388 1.95048e-21)
(1.12482 -0.278136 1.27279e-20)
(1.13002 -0.27682 9.01714e-21)
(1.07766 -0.294367 4.09629e-22)
(1.08373 -0.293664 -2.32825e-21)
(1.08972 -0.292865 2.06346e-21)
(1.09565 -0.291973 -1.19759e-20)
(1.1015 -0.29099 -3.05285e-21)
(1.10729 -0.289921 -6.5762e-21)
(1.113 -0.288769 -9.04705e-21)
(1.11863 -0.287536 1.22652e-20)
(1.12419 -0.286226 -8.69278e-21)
(1.12967 -0.284843 -9.14296e-21)
(1.07436 -0.302816 8.47317e-22)
(1.08077 -0.302136 -3.53057e-21)
(1.0871 -0.301348 -1.36405e-22)
(1.09336 -0.300454 1.00402e-20)
(1.09955 -0.299458 6.9108e-21)
(1.10565 -0.298365 7.70125e-21)
(1.11168 -0.297176 -6.07893e-21)
(1.11763 -0.295896 -2.27668e-20)
(1.12349 -0.294529 8.80244e-21)
(1.12927 -0.293079 2.71901e-21)
(1.07081 -0.311436 -4.74425e-21)
(1.07758 -0.310791 -7.39524e-22)
(1.08428 -0.310023 8.12037e-22)
(1.0909 -0.309137 -9.23882e-21)
(1.09743 -0.308135 -4.15701e-21)
(1.10388 -0.307022 -1.61574e-20)
(1.11025 -0.305803 1.53307e-20)
(1.11653 -0.30448 1.18077e-20)
(1.12272 -0.303059 3.28631e-21)
(1.12882 -0.301543 -2.11978e-22)
(1.13483 -0.299937 -1.11236e-20)
(1.067 -0.320225 9.69218e-22)
(1.07416 -0.319629 -2.79832e-21)
(1.08124 -0.318895 -5.72317e-22)
(1.08824 -0.318028 1.08526e-20)
(1.09515 -0.317031 7.38853e-22)
(1.10197 -0.315909 6.28605e-21)
(1.10871 -0.314666 3.53252e-21)
(1.11535 -0.313308 2.07427e-20)
(1.12189 -0.311838 -4.29001e-21)
(1.12834 -0.310262 -2.21146e-20)
(1.1347 -0.308584 4.06014e-21)
(1.06292 -0.329199 6.4814e-22)
(1.0705 -0.328672 3.42889e-21)
(1.078 -0.327992 -3.66746e-21)
(1.08541 -0.327162 -2.44495e-21)
(1.09273 -0.326186 -1.78452e-21)
(1.09996 -0.32507 1.0359e-20)
(1.1071 -0.323818 -2.55306e-20)
(1.11414 -0.322436 -2.58031e-20)
(1.12108 -0.320928 -2.34149e-20)
(1.12792 -0.319299 2.74755e-20)
(1.13465 -0.317555 -2.44407e-20)
(1.05861 -0.338469 1.0321e-21)
(1.06666 -0.338041 3.16322e-21)
(1.07462 -0.337439 5.95377e-21)
(1.0825 -0.336668 -4.22776e-21)
(1.09028 -0.335733 4.50619e-21)
(1.09797 -0.334639 -1.11453e-20)
(1.10556 -0.333391 1.01265e-20)
(1.11305 -0.331994 1.13171e-20)
(1.12042 -0.330454 2.61602e-20)
(1.12769 -0.328777 -1.37383e-20)
(1.13484 -0.326967 2.53351e-20)
(1.05454 -0.348006 -1.81637e-22)
(1.0631 -0.347716 4.25638e-22)
(1.07158 -0.347226 -1.92753e-21)
(1.07997 -0.346542 8.08572e-21)
(1.08826 -0.345668 -4.93575e-21)
(1.09644 -0.344611 -3.47041e-21)
(1.10451 -0.343375 -1.43916e-20)
(1.11247 -0.341968 -1.69217e-20)
(1.12031 -0.340396 -1.19804e-20)
(1.12802 -0.338665 7.33626e-21)
(1.1356 -0.336783 9.52519e-21)
(1.05129 -0.358633 -1.08282e-22)
(1.06041 -0.358468 -3.6421e-21)
(1.06942 -0.358069 -7.81027e-22)
(1.07833 -0.35744 -3.73729e-21)
(1.08711 -0.35659 -8.56685e-21)
(1.09578 -0.355525 1.16362e-20)
(1.10432 -0.354252 2.05018e-20)
(1.11272 -0.35278 1.81645e-20)
(1.12098 -0.351117 3.35467e-21)
(1.1291 -0.349271 -6.19386e-21)
(1.13707 -0.347252 -3.96426e-21)
)
;

boundaryField
{
    inlet
    {
        type            uniformFixedValue;
        uniformValue    constant (1 0 0);
        value           nonuniform 0();
    }
    outlet
    {
        type            pressureInletOutletVelocity;
        value           nonuniform 0();
    }
    cylinder
    {
        type            fixedValue;
        value           uniform (0 0 0);
    }
    top
    {
        type            symmetryPlane;
    }
    bottom
    {
        type            symmetryPlane;
    }
    defaultFaces
    {
        type            empty;
    }
    procBoundary4to3
    {
        type            processor;
        value           nonuniform List<vector> 
130
(
(0.0605822 -0.0343119 -3.61446e-21)
(0.0622918 -0.0570699 3.91676e-21)
(0.0648499 -0.0797147 -1.61711e-20)
(0.06825 -0.102201 2.89526e-20)
(0.072483 -0.124486 2.1585e-20)
(0.072483 -0.124486 2.1585e-20)
(0.123475 -0.166973 1.77723e-21)
(0.130069 -0.191827 -1.16423e-19)
(0.13756 -0.216332 7.29254e-20)
(0.145929 -0.240443 -7.34352e-20)
(0.155158 -0.264116 -6.30384e-20)
(0.165222 -0.287309 3.73378e-20)
(0.176099 -0.309979 -1.52528e-20)
(0.187762 -0.332086 -3.8315e-20)
(0.200182 -0.35359 7.80004e-20)
(0.200182 -0.35359 7.80004e-20)
(0.264396 -0.392941 2.13607e-20)
(0.278812 -0.414436 5.57336e-20)
(0.293937 -0.435235 -8.39811e-20)
(0.309737 -0.455304 -2.9642e-20)
(0.326176 -0.474611 1.135e-19)
(0.326176 -0.474611 1.135e-19)
(0.389067 -0.49399 1.8609e-19)
(0.406629 -0.512141 -1.17346e-19)
(0.424739 -0.529494 -1.38453e-19)
(0.424739 -0.529494 -1.38453e-19)
(0.481191 -0.532023 1.30915e-19)
(0.499737 -0.547722 9.17558e-20)
(0.518728 -0.562622 -3.29388e-20)
(0.538128 -0.576703 -8.66813e-20)
(0.538128 -0.576703 -8.66813e-20)
(0.586931 -0.566313 3.16444e-20)
(0.606177 -0.578618 3.44753e-20)
(0.625726 -0.590129 -2.6999e-21)
(0.625726 -0.590129 -2.6999e-21)
(0.66738 -0.572055 -1.64097e-19)
(0.686402 -0.581829 6.9185e-20)
(0.686402 -0.581829 6.9185e-20)
(0.722598 -0.560181 5.84402e-21)
(0.740897 -0.568305 2.70496e-21)
(0.740897 -0.568305 2.70496e-21)
(0.772556 -0.545009 4.04694e-20)
(0.790017 -0.551618 -6.37398e-20)
(0.807569 -0.55758 7.05835e-20)
(0.807569 -0.55758 7.05835e-20)
(0.834369 -0.533029 -5.30498e-20)
(0.834369 -0.533029 -5.30498e-20)
(0.858792 -0.509251 9.66414e-21)
(0.874414 -0.513314 -1.71674e-21)
(0.874414 -0.513314 -1.71674e-21)
(0.895844 -0.489955 -8.2524e-20)
(0.910522 -0.492983 4.91956e-20)
(0.910522 -0.492983 4.91956e-20)
(0.929274 -0.470256 1.59122e-20)
(0.943027 -0.472391 -1.98488e-20)
(0.943027 -0.472391 -1.98488e-20)
(0.959446 -0.450434 -9.78772e-21)
(0.959446 -0.450434 -9.78772e-21)
(0.974803 -0.429619 1.77606e-20)
(0.974803 -0.429619 1.77606e-20)
(0.989708 -0.409943 4.32638e-20)
(1.00134 -0.410895 -2.02856e-20)
(1.00134 -0.410895 -2.02856e-20)
(1.01517 -0.392802 2.23522e-20)
(1.01517 -0.392802 2.23522e-20)
(1.02751 -0.376901 3.16523e-20)
(1.02751 -0.376901 3.16523e-20)
(1.04208 -0.358556 2.12115e-21)
(1.09413 -0.00253079 -2.093e-22)
(1.09418 -0.00757981 -1.22204e-21)
(1.09434 -0.012519 1.54151e-21)
(1.09457 -0.0173829 2.53892e-22)
(1.09488 -0.0221769 2.92321e-22)
(1.09525 -0.0269163 5.43492e-22)
(1.09568 -0.0316105 -1.90307e-22)
(1.09712 -0.036205 1.94381e-22)
(1.09712 -0.036205 1.94381e-22)
(1.09765 -0.0408291 -1.58112e-21)
(1.09822 -0.0454348 2.04237e-22)
(1.09881 -0.0500297 1.43189e-21)
(1.09941 -0.0546204 1.32369e-21)
(1.10003 -0.0592132 -2.97423e-21)
(1.10065 -0.063814 3.91671e-21)
(1.10127 -0.0684282 -2.15504e-22)
(1.10187 -0.073061 2.8517e-22)
(1.10246 -0.0777172 -1.12365e-21)
(1.10302 -0.0824013 1.31255e-21)
(1.10355 -0.0871179 6.43044e-22)
(1.10404 -0.091871 -2.55344e-21)
(1.10449 -0.0966649 1.81423e-21)
(1.10489 -0.101503 -3.96099e-21)
(1.10524 -0.106391 2.52373e-21)
(1.10553 -0.111331 7.19466e-22)
(1.10575 -0.116327 -2.95023e-21)
(1.1059 -0.121383 1.49367e-21)
(1.10598 -0.126503 2.08982e-23)
(1.10598 -0.131691 1.75004e-21)
(1.10589 -0.136951 3.87426e-22)
(1.10572 -0.142286 -3.27851e-21)
(1.10546 -0.147701 7.92865e-21)
(1.10509 -0.153199 -6.15326e-21)
(1.10463 -0.158785 4.93289e-21)
(1.10405 -0.164463 -2.31237e-22)
(1.10337 -0.170236 -1.43097e-21)
(1.10257 -0.17611 2.16207e-21)
(1.10164 -0.182088 -1.91967e-21)
(1.10059 -0.188175 2.5609e-21)
(1.0994 -0.194375 1.51576e-21)
(1.10113 -0.200163 2.78202e-21)
(1.10113 -0.200163 2.78202e-21)
(1.09982 -0.206586 -3.53365e-21)
(1.09838 -0.213137 -3.49438e-21)
(1.09679 -0.21982 6.24518e-21)
(1.09504 -0.226641 -4.938e-21)
(1.09314 -0.233605 -1.20302e-21)
(1.09108 -0.240716 -1.87855e-21)
(1.08885 -0.24798 4.69545e-21)
(1.08645 -0.255401 -1.38212e-21)
(1.08386 -0.262983 -2.65664e-22)
(1.08109 -0.270729 -4.10181e-22)
(1.07812 -0.278643 -1.41279e-21)
(1.07494 -0.286724 2.68707e-21)
(1.07153 -0.294971 -1.91224e-21)
(1.06788 -0.303383 1.07395e-21)
(1.06397 -0.311955 -8.78305e-22)
(1.05976 -0.32068 2.16037e-22)
(1.05526 -0.329567 2.9486e-22)
(1.05049 -0.338721 -1.32221e-21)
(1.0459 -0.348093 3.61516e-22)
(1.04208 -0.358556 2.12115e-21)
)
;
    }
    procBoundary4to5
    {
        type            processor;
        value           nonuniform List<vector> 
100
(
(0.386885 -0.336842 -3.31868e-20)
(0.386885 -0.336842 -3.31868e-20)
(0.580494 -0.483046 -1.56634e-19)
(0.580494 -0.483046 -1.56634e-19)
(0.731189 -0.579692 -4.1214e-20)
(0.731189 -0.579692 -4.1214e-20)
(0.744044 -0.571287 1.24016e-19)
(0.858629 -0.627201 -3.39672e-20)
(0.858629 -0.627201 -3.39672e-20)
(0.940908 -0.651732 -5.24488e-20)
(0.940908 -0.651732 -5.24488e-20)
(0.997976 -0.653623 -4.68688e-20)
(0.997976 -0.653623 -4.68688e-20)
(1.0139 -0.6464 1.28328e-20)
(1.05269 -0.6342 -1.3664e-19)
(1.05269 -0.6342 -1.3664e-19)
(1.07838 -0.61297 -6.94384e-20)
(1.07838 -0.61297 -6.94384e-20)
(1.09553 -0.587072 -1.03166e-19)
(1.09553 -0.587072 -1.03166e-19)
(1.10736 -0.559385 1.56884e-19)
(1.10736 -0.559385 1.56884e-19)
(1.11599 -0.531642 -4.75836e-20)
(1.11599 -0.531642 -4.75836e-20)
(1.12275 -0.504779 8.29693e-20)
(1.12275 -0.504779 8.29693e-20)
(1.12843 -0.47924 6.03766e-20)
(1.12231 -0.458813 -5.67615e-20)
(1.12231 -0.458813 -5.67615e-20)
(1.12788 -0.43611 2.48304e-20)
(1.12788 -0.43611 2.48304e-20)
(1.13332 -0.414929 -1.23994e-20)
(1.13332 -0.414929 -1.23994e-20)
(1.13863 -0.395081 2.60992e-20)
(1.13863 -0.395081 2.60992e-20)
(1.14351 -0.376579 -6.14564e-20)
(1.13894 -0.362768 -1.22527e-20)
(1.13894 -0.362768 -1.22527e-20)
(1.1053 -0.00246191 -3.48878e-21)
(1.10537 -0.00742849 6.89833e-23)
(1.10556 -0.0122579 2.42311e-21)
(1.10586 -0.0170257 -4.55071e-22)
(1.10625 -0.0217176 -2.62911e-21)
(1.10673 -0.0263567 3.47462e-21)
(1.10729 -0.0309484 2.25533e-21)
(1.10792 -0.0355039 6.58861e-23)
(1.10861 -0.0400308 -1.24843e-21)
(1.10935 -0.0445372 -2.31836e-22)
(1.11015 -0.0490299 1.52069e-21)
(1.11098 -0.0535154 -4.32405e-22)
(1.11184 -0.0579996 1.31137e-21)
(1.11273 -0.062488 1.86046e-22)
(1.11273 -0.062488 1.86046e-22)
(1.1148 -0.0668585 -1.22293e-21)
(1.11575 -0.0713595 -4.79009e-22)
(1.11671 -0.0758786 2.61728e-21)
(1.11768 -0.08042 -1.05437e-21)
(1.11866 -0.0849875 1.9726e-21)
(1.11962 -0.0895853 -1.27719e-21)
(1.12058 -0.094217 -1.65024e-21)
(1.12153 -0.0988862 3.15762e-21)
(1.12246 -0.103597 -3.88288e-21)
(1.12337 -0.108351 -2.43227e-21)
(1.12426 -0.113154 1.08272e-21)
(1.12512 -0.118008 3.13307e-21)
(1.12596 -0.122917 2.28716e-21)
(1.12676 -0.127884 2.87082e-21)
(1.12754 -0.132911 -4.53045e-21)
(1.12828 -0.138004 2.06065e-21)
(1.12899 -0.143166 -2.33801e-21)
(1.12966 -0.148399 -4.96008e-21)
(1.1303 -0.153709 3.57301e-21)
(1.1309 -0.1591 2.49408e-21)
(1.13146 -0.164574 -3.2478e-21)
(1.13197 -0.170136 2.07352e-21)
(1.13245 -0.17579 -2.15576e-22)
(1.1329 -0.18154 2.76704e-21)
(1.1333 -0.187393 -6.67005e-21)
(1.13366 -0.193353 -1.08024e-22)
(1.13398 -0.199425 -3.83136e-21)
(1.13426 -0.205614 4.20228e-21)
(1.1345 -0.211926 8.74603e-22)
(1.1347 -0.218368 6.76256e-21)
(1.13487 -0.224946 -5.66264e-22)
(1.135 -0.231668 4.69823e-22)
(1.1351 -0.23854 -3.80781e-21)
(1.13517 -0.245571 -3.44363e-21)
(1.13521 -0.252768 -5.66116e-21)
(1.13522 -0.260139 2.9326e-21)
(1.1352 -0.267694 5.67323e-21)
(1.13515 -0.275441 -3.07679e-21)
(1.13507 -0.283389 1.27384e-20)
(1.13496 -0.291549 -1.63171e-20)
(1.13496 -0.291549 -1.63171e-20)
(1.14074 -0.298245 -1.34196e-20)
(1.14095 -0.306809 -6.07804e-21)
(1.14127 -0.315701 1.094e-20)
(1.14188 -0.32503 3.42866e-21)
(1.14305 -0.334757 -4.88523e-21)
(1.14488 -0.34507 2.06212e-20)
)
;
    }
    procBoundary4to19
    {
        type            processor;
        value           uniform (0.0597257 -0.011486 5.80165e-21);
    }
    procBoundary4to20
    {
        type            processor;
        value           nonuniform List<vector> 3((0.0232011 0.00837884 7.71663e-23) (0.00383983 -0.00356842 -2.21616e-21) (0.00383983 -0.00356842 -2.21616e-21));
    }
    procBoundary4to21
    {
        type            processor;
        value           nonuniform List<vector> 3((0.145136 -0.136533 3.88719e-20) (0.145136 -0.136533 3.88719e-20) (0.147935 -0.133995 2.65512e-20));
    }
}


// ************************************************************************* //
