/*--------------------------------*- C++ -*----------------------------------*\
  =========                 |
  \\      /  F ield         | OpenFOAM: The Open Source CFD Toolbox
   \\    /   O peration     | Website:  https://openfoam.org
    \\  /    A nd           | Version:  7
     \\/     M anipulation  |
\*---------------------------------------------------------------------------*/
FoamFile
{
    version     2.0;
    format      ascii;
    class       surfaceScalarField;
    location    "58";
    object      phi;
}
// * * * * * * * * * * * * * * * * * * * * * * * * * * * * * * * * * * * * * //

dimensions      [0 3 -1 0 0 0 0];

internalField   nonuniform List<scalar> 
2013
(
0.00121508
-0.0101558
0.0101145
0.00109807
-0.013562
0.013679
0.000963054
-0.0152225
0.0153576
0.000993596
-0.0124803
0.0124497
0.00114455
-0.00489329
0.00474234
0.00125308
0.0031686
-0.00327713
0.00123485
0.0087699
-0.00875168
0.00112653
0.0120124
-0.0119041
0.00106983
0.0120606
-0.0120039
0.0076433
-0.0077019
0.00122564
-0.0101984
0.0011089
-0.0134452
0.000965581
-0.0150792
0.000985634
-0.0125003
0.00113288
-0.00504054
0.00124063
0.00306085
0.00122205
0.00878849
0.00111811
0.0121164
0.00107082
0.0121079
0.00757688
0.0012357
-0.0102422
0.00111979
-0.0133293
0.000968668
-0.0149281
0.000977911
-0.0125096
0.00112088
-0.00518351
0.00122773
0.002954
0.00120911
0.0088071
0.00111003
0.0122155
0.00107222
0.0121457
0.00750298
0.00124525
-0.0102871
0.00113069
-0.0132147
0.000972308
-0.0147697
0.000970471
-0.0125077
0.00110858
-0.00532162
0.00121442
0.00284817
0.00119609
0.00882543
0.0011023
0.0123092
0.00107402
0.012174
0.00742196
0.00125426
-0.0103332
0.00114155
-0.013102
0.000976494
-0.0146047
0.000963359
-0.0124946
0.00109603
-0.0054543
0.00120074
0.00274346
0.00118303
0.00884315
0.00109496
0.0123973
0.00107619
0.0121927
0.0073342
0.00126272
-0.0103802
0.00115232
-0.0129916
0.000981212
-0.0144336
0.000956618
-0.01247
0.00108327
-0.00558095
0.00118673
0.00264
0.00116997
0.00885991
0.00108802
0.0124793
0.00107871
0.012202
0.00724011
0.00127059
-0.010428
0.00116295
-0.012884
0.000986444
-0.0142571
0.000950294
-0.0124338
0.00107036
-0.00570101
0.00117245
0.0025379
0.00115696
0.0088754
0.00108149
0.0125547
0.00108156
0.012202
0.0071401
0.00127787
-0.0104765
0.00117338
-0.0127795
0.000992168
-0.0140759
0.000944429
-0.0123861
0.00105736
-0.00581394
0.00115795
0.00243731
0.00114405
0.0088893
0.00107539
0.0126234
0.00108471
0.0121926
0.00703459
0.00128454
-0.0105254
0.00118356
-0.0126785
0.000998357
-0.0138907
0.000939063
-0.0123268
0.00104432
-0.0059192
0.00114328
0.00233835
0.00113129
0.00890128
0.00106973
0.012685
0.00108813
0.0121742
0.006924
0.0012906
-0.0105744
0.00119343
-0.0125813
0.00100498
-0.0137022
0.000934235
-0.0122561
0.00103132
-0.00601629
0.0011285
0.00224118
0.00111872
0.00891107
0.00106451
0.0127392
0.0010918
0.0121469
0.00680878
0.00129604
-0.0106234
0.00120296
-0.0124883
0.001012
-0.0135112
0.00092998
-0.012174
0.00101843
-0.00610473
0.00111367
0.00214594
0.00110637
0.00891836
0.00105975
0.0127858
0.00109569
0.012111
0.00668935
0.00130085
-0.0106719
0.00121208
-0.0123995
0.00101938
-0.0133185
0.000926327
-0.012081
0.0010057
-0.00618411
0.00109884
0.0020528
0.0010943
0.00892291
0.00105543
0.0128247
0.00109977
0.0120667
0.00656613
0.00130502
-0.0107198
0.00122074
-0.0123152
0.00102707
-0.0131249
0.000923305
-0.0119772
0.000993219
-0.00625402
0.00108409
0.00196193
0.00108253
0.00892446
0.00105157
0.0128556
0.00110402
0.0120142
0.00643956
0.00130857
-0.0107666
0.00122891
-0.0122355
0.00103503
-0.012931
0.000920932
-0.0118631
0.000981045
-0.00631413
0.00106946
0.00187352
0.00107111
0.00892281
0.00104816
0.0128786
0.00110842
0.011954
0.00631003
0.00131148
-0.0108122
0.00123654
-0.0121606
0.0010432
-0.0127377
0.000919226
-0.0117392
0.000969248
-0.00636416
0.00105503
0.00178774
0.00106008
0.00891776
0.00104519
0.0128935
0.00111294
0.0118862
0.00617796
0.00131375
-0.0108561
0.00124357
-0.0120904
0.00105153
-0.0125456
0.000918195
-0.0116058
0.000957893
-0.00640385
0.00104084
0.00170479
0.00104945
0.00890916
0.00104264
0.0129003
0.00111755
0.0118113
0.00604372
0.0013154
-0.010898
0.00124999
-0.012025
0.00105996
-0.0123556
0.000917843
-0.0114637
0.000947043
-0.00643305
0.00102696
0.00162487
0.00103926
0.00889686
0.00104053
0.012899
0.00112223
0.0117296
0.0059077
0.00131642
-0.0109378
0.00125574
-0.0119643
0.00106843
-0.0121683
0.000918166
-0.0113134
0.000936755
-0.00645164
0.00101345
0.00154817
0.00102954
0.00888077
0.00103882
0.0128897
0.00112697
0.0116414
0.00577024
0.00131682
-0.010975
0.00126079
-0.0119083
0.00107688
-0.0119844
0.000919156
-0.0111557
0.000927084
-0.00645957
0.00100035
0.00147491
0.0010203
0.00886082
0.0010375
0.0128725
0.00113173
0.0115472
0.00563168
0.00131661
-0.0110096
0.00126512
-0.0118568
0.00108525
-0.0118045
0.000920794
-0.0109913
0.000918076
-0.00645685
0.000987717
0.00140527
0.00101156
0.00883697
0.00103657
0.0128475
0.0011365
0.0114473
0.00549235
0.00131579
-0.0110411
0.0012687
-0.0118097
0.00109346
-0.0116293
0.000923058
-0.0108209
0.000909776
-0.00644357
0.000975598
0.00133945
0.00100335
0.00880922
0.00103599
0.0128149
0.00114127
0.011342
0.00535254
0.00131437
-0.0110695
0.0012715
-0.0117668
0.00110146
-0.0114592
0.000925918
-0.0106453
0.000902219
-0.00641987
0.000964037
0.00127763
0.000995658
0.0087776
0.00103575
0.0127748
0.001146
0.0112318
0.00521253
0.00131235
-0.0110944
0.0012735
-0.011728
0.00110918
-0.0112949
0.000929337
-0.0104655
0.000895434
-0.00638597
0.000953073
0.00121999
0.000988505
0.00874217
0.00103583
0.0127275
0.00115069
0.0111169
0.0050726
0.00130974
-0.0111159
0.00127469
-0.0116929
0.00111656
-0.0111368
0.000933274
-0.0102822
0.000889443
-0.00634214
0.00094274
0.00116669
0.000981891
0.00870302
0.00103621
0.0126731
0.00115532
0.0109978
0.00493298
0.00130656
-0.0111337
0.00127505
-0.0116614
0.00112353
-0.0109852
0.000937678
-0.0100963
0.000884261
-0.00628872
0.000933069
0.00111788
0.000975818
0.00866027
0.00103687
0.0126121
0.00115987
0.0108748
0.00479391
0.00130279
-0.0111477
0.00127458
-0.0116332
0.00113003
-0.0108407
0.000942497
-0.0099088
0.000879896
-0.00622612
0.000924087
0.00107369
0.000970282
0.00861407
0.00103777
0.0125446
0.00116433
0.0107482
0.00130264
0.00465559
-0.00176118
0.00129846
-0.0111579
0.00127327
-0.011608
0.00113601
-0.0107034
0.000947672
-0.00972046
0.000876345
-0.00615479
0.000915815
0.00103422
0.000965278
0.00856461
0.00103891
0.012471
0.00116868
0.0106185
0.00130604
0.00451824
-0.00185738
0.00129356
-0.0111642
0.00127111
-0.0115856
0.0011414
-0.0105737
0.000953138
-0.00953219
0.000873601
-0.00607526
0.000908269
0.000999555
0.000960799
0.00851208
0.00104026
0.0123915
0.00117292
0.0104858
0.00130913
0.00438204
-0.00195134
0.00128811
-0.0111665
0.0012681
-0.0115656
0.00114616
-0.0104518
0.000958829
-0.00934486
0.000871647
-0.00598807
0.000901461
0.000969741
0.000956835
0.00845671
0.0010418
0.0123065
0.00117704
0.0103506
0.00131192
0.00424716
-0.00204289
0.0012821
-0.0111649
0.00126426
-0.0115477
0.00115023
-0.0103378
0.000964673
-0.0091593
0.000870459
-0.00589386
0.000895399
0.000944801
0.000953376
0.00839873
0.0010435
0.0122164
0.00118102
0.010213
0.00131441
0.00411377
-0.00213188
0.00127554
-0.0111595
0.00125958
-0.0115318
0.00115358
-0.0102318
0.000970598
-0.00897632
0.000870004
-0.00579327
0.000890085
0.000924719
0.000950413
0.0083384
0.00104536
0.0121215
0.00118487
0.0100735
0.00131661
0.00398203
-0.00221815
0.00126844
-0.0111501
0.00125407
-0.0115174
0.00115614
-0.0101339
0.000976527
-0.0087967
0.000870245
-0.00568698
0.00088552
0.000909445
0.000947935
0.00827599
0.00104737
0.012022
0.00118858
0.00993231
0.0013185
0.00385211
-0.00230158
0.00126079
-0.0111369
0.00124774
-0.0115043
0.0011579
-0.010044
0.000982385
-0.00862119
0.000871135
-0.00557573
0.000881697
0.000898882
0.000945938
0.00821175
0.00104952
0.0119184
0.00119216
0.00978967
0.00132011
0.00372416
-0.002382
0.00125261
-0.01112
0.00124061
-0.0114923
0.00115882
-0.00996222
0.000988095
-0.00845047
0.00087262
-0.00546026
0.00087861
0.000892893
0.000944421
0.00814594
0.00105182
0.0118111
0.00119562
0.00964587
0.00132142
0.00359836
-0.00245929
0.00124389
-0.0110994
0.00123269
-0.0114811
0.00115886
-0.00988839
0.000993584
-0.00828519
0.000874645
-0.00534132
0.000876247
0.000891291
0.000943392
0.00807879
0.00105429
0.0117002
0.00119898
0.00950117
0.00132244
0.0034749
-0.0025333
0.00123465
-0.0110753
0.00122401
-0.0114705
0.00115801
-0.0098224
0.000998776
-0.00812595
0.000877143
-0.00521969
0.000874595
0.000893839
0.000942873
0.00801051
0.00105697
0.0115861
0.00120229
0.00935585
0.00132319
0.003354
-0.00260389
0.00122485
-0.0110478
0.00121454
-0.0114602
0.00115623
-0.00976409
0.00100358
-0.0079733
0.000880025
-0.00509614
0.00087363
0.000900234
0.000942901
0.00794124
0.00105994
0.011469
0.00120558
0.00921021
0.00132368
0.0032359
-0.0026709
0.00121447
-0.0110168
0.00120427
-0.01145
0.00115346
-0.00971328
0.00100789
-0.00782773
0.000883197
-0.00497144
0.000873319
0.000910112
0.000943538
0.00787102
0.00106332
0.0113492
0.00120897
0.00906457
0.00132393
0.00312094
-0.00273416
0.00120365
-0.0109828
0.00119338
-0.0114397
0.00114987
-0.00966977
0.00101183
-0.00768969
0.000886706
-0.00484632
0.000873705
0.000923114
0.000944883
0.00779985
0.00106724
0.0112269
0.00121247
0.00891934
0.0013239
0.00300951
-0.00279349
0.0011927
-0.0109462
0.00118237
-0.0114294
0.00114591
-0.00963331
0.00101577
-0.00755955
0.000890934
-0.00472149
0.00087511
0.000938937
0.000947148
0.00772781
0.00107173
0.0111023
0.00121595
0.00877513
0.00132339
0.00290207
-0.00284887
0.00240789
-0.0109272
0.00233897
-0.0113605
0.00219798
-0.00949231
0.00189438
-0.00725596
0.00154465
-0.00437176
0.00132965
0.00115394
0.00131602
0.00774144
0.00151971
0.0108986
0.00185684
0.008438
0.00215166
0.00260724
-0.0030146
0.00249083
-0.0108999
0.00241431
-0.0112839
0.00227659
-0.00935458
0.00197627
-0.00695563
0.00161566
-0.00401115
0.00138715
0.00138245
0.00137514
0.00775345
0.00159224
0.0106815
0.00193919
0.00809105
0.00223484
0.00231159
-0.00317633
0.00257746
-0.0108628
0.00249179
-0.0111983
0.00235648
-0.00921928
0.00206081
-0.00665995
0.00169144
-0.00364179
0.00145049
0.0016234
0.00144032
0.00776362
0.00167036
0.0104515
0.00202619
0.00773522
0.00232215
0.00201563
-0.00333352
0.0026674
-0.010815
0.00257144
-0.0111023
0.00243782
-0.00908566
0.00214815
-0.00637028
0.00177231
-0.00326594
0.00152019
0.00187551
0.00151209
0.00777172
0.0017544
0.0102092
0.00211806
0.00737156
0.0024137
0.00171999
-0.00348556
0.00276044
-0.0107557
0.00265331
-0.0109952
0.00252071
-0.00895305
0.00223839
-0.00608797
0.00185847
-0.00288602
0.00159668
0.0021373
0.00159093
0.00777747
0.00184471
0.00995538
0.00221502
0.00700125
0.00250956
0.00142545
-0.0036317
0.00285644
-0.0106844
0.00273744
-0.0108762
0.00260519
-0.00882079
0.00233154
-0.00581433
0.0019501
-0.00250458
0.00168038
0.00240702
0.00167729
0.00778057
0.0019416
0.00969107
0.00231727
0.00662558
0.0026098
0.00113292
-0.00377116
0.00295529
-0.0106005
0.00282388
-0.0107448
0.00269128
-0.00868819
0.00242756
-0.0055506
0.00204732
-0.00212434
0.00177168
0.00268265
0.0017716
0.00778065
0.0020454
0.00941727
0.00242501
0.00624596
0.00271444
0.00084349
-0.00390306
0.00305686
-0.0105037
0.00291266
-0.0106006
0.00277899
-0.00855452
0.00252634
-0.00529795
0.00215019
-0.00174819
0.00187093
0.00296191
0.00187427
0.00777732
0.0021564
0.00913514
0.0025384
0.00586396
0.00282349
0.000558399
-0.00402652
0.00316104
-0.0103936
0.00300381
-0.0104434
0.00286832
-0.00841902
0.00262777
-0.0050574
0.00225873
-0.00137915
0.00197842
0.00324222
0.00198568
0.00777006
0.0022749
0.00884592
0.00265757
0.00548129
0.00293692
0.000279057
-0.00414061
0.0032677
-0.01027
0.00309737
-0.010273
0.00295926
-0.00828091
0.00273166
-0.0048298
0.00237285
-0.00102034
0.00209436
0.00352071
0.00210616
0.00775826
0.00240115
0.00855093
0.00278262
0.00509982
0.00305464
7.03086e-06
-0.00424437
0.0033767
-0.0101329
0.00319336
-0.0100897
0.00305182
-0.00813937
0.00283783
-0.00461582
0.00249242
-0.00067493
0.00221887
0.00379425
0.00223595
0.00774118
0.00253533
0.00825155
0.00291356
0.00472159
0.00317657
-0.000255978
-0.00433688
0.00348787
-0.00998216
0.0032918
-0.00989364
0.00314602
-0.00799359
0.00294606
-0.00441586
0.00261721
-0.000346079
0.00235197
0.0040595
0.00237524
0.00771791
0.00267758
0.0079492
0.00305038
0.00434879
0.00330256
-0.000508157
-0.0044172
0.00360104
-0.0098179
0.00339271
-0.00968531
0.00324191
-0.00784278
0.00305612
-0.00423006
0.0027469
-3.68682e-05
0.00249353
0.00431287
0.00252406
0.00768738
0.00282792
0.00764534
0.00319295
0.00398377
0.00343241
-0.000747621
-0.00448443
0.00371603
-0.00964032
0.00349609
-0.00946537
0.00333953
-0.00768622
0.00316776
-0.0040583
0.0028811
0.000249794
0.0026433
0.00455068
0.00268234
0.00764833
0.00298624
0.00734144
0.00334106
0.00362894
0.0035659
-0.000972456
-0.00453774
0.00383267
-0.00944978
0.00360194
-0.00923464
0.00343899
-0.00752326
0.00328078
-0.00390009
0.00301932
0.000511256
0.00280086
0.00476914
0.0028498
0.0075994
0.00315227
0.00703898
0.00349441
0.0032868
0.00370274
-0.00118078
-0.00457637
0.00395076
-0.00924674
0.00371026
-0.00899414
0.00354038
-0.00735338
0.00339497
-0.00375469
0.003161
0.000745226
0.00296564
0.0049645
0.00302598
0.00753906
0.00332557
0.00673938
0.00365258
0.00295979
0.00384259
-0.00137079
-0.00459967
0.00407014
-0.00903182
0.00382101
-0.008745
0.00364383
-0.00717621
0.00351016
-0.00362101
0.00330552
0.000949867
0.00313688
0.00513314
0.00321017
0.00746577
0.00350549
0.00644407
0.00381501
0.00265027
0.00398508
-0.00154087
-0.00460713
0.00419066
-0.00880579
0.00393417
-0.00848851
0.00374951
-0.00699156
0.00362624
-0.00349774
0.00345222
0.00112388
0.00331368
0.00527169
0.00340145
0.007378
0.00369117
0.00615435
0.00398104
0.0023604
0.00412977
-0.0016896
-0.00459842
0.00431219
-0.00856954
0.00404969
-0.00822601
0.00385758
-0.00679944
0.00374315
-0.00338331
0.00360044
0.00126659
0.00349494
0.00537719
0.00359864
0.0072743
0.00388155
0.00587144
0.0041499
0.00209204
0.0042762
-0.0018159
-0.00457339
0.00443464
-0.00832411
0.00416754
-0.00795892
0.00396821
-0.00660011
0.00386091
-0.00327601
0.00374952
0.00137798
0.00367948
0.00544723
0.00380033
0.00715344
0.00407538
0.0055964
0.00432074
0.00184668
0.00442388
-0.00191905
-0.00453215
0.00455794
-0.00807062
0.00428766
-0.00768864
0.00408159
-0.00639404
0.00397964
-0.00317406
0.00389888
0.00145875
0.00386599
0.00548012
0.00400495
0.00701448
0.00427127
0.00533008
0.00449263
0.00162533
0.00457231
-0.00199873
-0.00447502
0.00468208
-0.00781028
0.00440999
-0.00741654
0.00419787
-0.00618193
0.0040995
-0.00307569
0.00404801
0.00151024
0.00405315
0.00547497
0.00421078
0.00685685
0.00446774
0.00507312
0.00466461
0.00142846
0.00472099
-0.00205511
-0.00440259
0.0048071
-0.00754439
0.00453449
-0.00714393
0.00431723
-0.00596467
0.00422078
-0.00297924
0.00419654
0.00153448
0.00423965
0.00543187
0.00441607
0.00668043
0.00466328
0.00482591
0.00483576
0.00125598
0.00486947
-0.00208882
-0.00431569
0.00493307
-0.00727424
0.00466111
-0.00687197
0.00443977
-0.00574333
0.00434379
-0.00288326
0.00434426
0.00153401
0.00442428
0.00535184
0.0046191
0.00648561
0.00485644
0.00458857
0.0050052
0.00110721
0.00501733
-0.00210096
-0.0042154
0.00506009
-0.00700114
0.00478984
-0.00660172
0.0045656
-0.00551909
0.00446891
-0.00278657
0.00449109
0.00151183
0.00460599
0.00523694
0.0048183
0.0062733
0.00504591
0.00436096
0.00517218
0.000980947
0.00516425
-0.00209303
-0.00410298
0.00518833
-0.00672634
0.00492067
-0.00633405
0.00469478
-0.00529321
0.00459656
-0.00268834
0.00463716
0.00147123
0.00478397
0.00509013
0.00501235
0.00604492
0.0052306
0.00414271
0.00533608
0.000875471
0.00530997
-0.00206692
-0.00397988
0.00531796
-0.00645106
0.0050536
-0.0060697
0.00482734
-0.00506695
0.00472711
-0.0025881
0.00478273
0.00141561
0.00495769
0.00491517
0.00520025
0.00580236
0.00540971
0.00393325
0.00549649
0.000788686
0.00545436
-0.00202478
-0.00384768
0.00544917
-0.00617642
0.00518868
-0.00580921
0.00496327
-0.00484154
0.00486093
-0.00248577
0.00492817
0.00134837
0.00512691
0.00471643
0.00538138
0.0055479
0.00558273
0.0037319
0.00565319
0.000718225
0.00559739
-0.00196898
-0.00370799
0.00558217
-0.00590345
0.00532598
-0.00555302
0.00510254
-0.0046181
0.00499833
-0.00238156
0.00507398
0.00127273
0.00529174
0.00449866
0.00555553
0.00528411
0.00574954
0.00353789
0.00580619
0.000661573
0.00573914
-0.00190194
-0.00356246
0.00571715
-0.00563307
0.00546556
-0.00530143
0.00524512
-0.00439766
0.00513953
-0.00227597
0.00522067
0.0011916
0.00545256
0.00426677
0.00572291
0.00501375
0.00591031
0.00335049
0.00595568
0.000616209
0.00587981
-0.00182607
-0.00341269
0.00585433
-0.00536609
0.00560754
-0.00505465
0.00539095
-0.00418107
0.00528467
-0.00216969
0.00536875
0.00110751
0.00560998
0.00402555
0.00588409
0.00473963
0.00606556
0.00316903
0.00610205
0.000579719
0.00601965
-0.00174367
-0.0032602
0.00599388
-0.0051032
0.00575203
-0.0048128
0.00553999
-0.00396903
0.00543379
-0.00206349
0.00551873
0.00102258
0.0057648
0.00377948
0.00603993
0.0044645
0.00621602
0.00299295
0.00624584
0.000549898
0.00615904
-0.00165688
-0.00310638
0.00613598
-0.00484501
0.00589916
-0.00457598
0.00569221
-0.00376207
0.00558689
-0.00195818
0.00567101
0.000938464
0.00591793
0.00353256
0.0061915
0.00419093
0.00636261
0.00282184
0.00638768
0.000524824
0.00629836
-0.00156756
-0.00295246
0.00628077
-0.00459201
0.00604904
-0.00434426
0.00584757
-0.0035606
0.00574389
-0.0018545
0.00582593
0.000856424
0.00607029
0.00328819
0.00633998
0.00392123
0.00650637
0.00265546
0.0065283
0.000502892
0.00643806
-0.00147732
-0.00279951
0.00642839
0.00620181
-0.00411767
0.00600607
-0.00336486
0.00590466
-0.00175309
0.00598374
0.000777351
0.00622276
0.00304917
0.00648658
0.00365742
0.00664834
0.00249369
0.0066684
0.000482832
0.00657858
-0.0013875
-0.00264844
0.00635758
-0.00389628
0.00616772
-0.003175
0.0060691
-0.00165446
0.00614461
0.000701842
0.00637615
0.00281762
0.00663243
0.00340113
0.00678957
0.00233656
0.00680871
0.000463689
0.00672035
-0.00129913
-0.00249997
0.00651648
-0.00368014
0.00633255
-0.00299108
0.00623707
-0.00155898
0.00630865
0.000630263
0.00653114
0.00259513
0.00677859
0.00315368
0.00693101
0.00218414
0.0069499
0.000444793
0.00686379
-0.00121302
-0.00235468
0.00667859
-0.00346929
0.0065006
-0.00281309
0.00640847
-0.00146685
0.00647592
0.000562813
0.00668829
0.00238276
0.00692595
0.00291602
0.0070735
0.00203659
0.00709259
0.000425712
0.0070093
-0.00112974
-0.00221299
0.00684403
-0.0032638
0.00667189
-0.00264095
0.00658321
-0.00137816
0.00664644
0.00049958
0.00684806
0.00218114
0.00707527
0.00268881
0.0072178
0.00189406
0.0072373
0.000406205
0.00715722
-0.00104965
-0.00207521
0.00701289
-0.0030637
0.00684651
-0.00247456
0.00676125
-0.00129291
0.00682025
0.000440582
0.00701079
0.0019906
0.00722716
0.00247244
0.0073645
0.00175672
0.00738453
0.000386178
0.00730787
-0.000972995
-0.00194157
0.00718525
-0.00286903
0.00702449
-0.0023138
0.00694257
-0.00121099
0.00699736
0.00038579
0.00717675
0.00181122
0.0073821
0.00226708
0.00751413
0.00162469
0.00753468
0.000365635
0.00746155
-0.000899868
-0.00181217
0.00736119
-0.00267981
0.0072059
-0.00215851
0.00712716
-0.00113225
0.00717779
0.000335157
0.00734614
0.00164287
0.00754048
0.00207273
0.00766711
0.00149807
0.00768809
0.000344649
0.00761851
-0.000830283
-0.00168707
0.00754081
-0.00249602
0.00739081
-0.00200851
0.00731505
-0.00105649
0.00736159
0.000288617
0.00751913
0.00148533
0.00770259
0.00188927
0.00782376
0.0013769
0.00784508
0.000323332
0.00777898
-0.000764186
-0.00156627
0.00772419
-0.00231763
0.00757929
-0.00186362
0.00750629
-0.000983482
0.00754881
0.000246097
0.00769587
0.00133827
0.00786869
0.00171644
0.0079844
0.00126119
0.00800591
0.000301817
0.0079432
-0.000701473
-0.00144973
0.00791142
-0.00214455
0.00777142
-0.00172362
0.00770094
-0.000913
0.00773952
0.000207513
0.00787648
0.00120131
0.00803898
0.00155394
0.00814926
0.0011509
0.00817084
0.000280243
0.00811137
-0.000642005
-0.00133735
0.00810261
-0.00197667
0.00796728
-0.00158828
0.00789908
-0.0008448
0.00793382
0.000172772
0.0080611
0.00107403
0.00821365
0.0014014
0.00831858
0.00104597
0.00834009
0.00025874
0.0082837
-0.000585619
-0.00122902
0.00829786
-0.00181385
0.00816695
-0.00145737
0.00810079
-0.000778643
0.00813179
0.000141771
0.00824986
0.00095596
0.00839288
0.00125838
0.00849258
0.000946261
0.00851389
0.000237431
0.0084604
-0.000532134
-0.00112459
0.00849728
-0.00165589
0.00837052
-0.00133061
0.00830617
-0.000714291
0.00833355
0.000114392
0.00844289
0.000846624
0.00857684
0.00112443
0.00867147
0.000851633
0.00869247
0.000216426
0.00864169
-0.000481355
-0.00102389
0.008701
-0.00150255
0.00857811
-0.00120772
0.00851533
-0.000651511
0.00853922
9.05004e-05
0.00864033
0.000745514
0.00876572
0.00099904
0.00885546
0.000761892
0.00887607
0.000195816
0.00882779
-0.00043308
-0.000926702
0.00890914
-0.00135356
0.00878981
-0.00108839
0.00872838
-0.000590075
0.00874893
6.99489e-05
0.00884234
0.000652099
0.0089597
0.000881686
0.00904478
0.000676808
0.00906492
0.000175676
0.00901894
-0.000387098
-0.000832805
0.00912185
-0.00120857
0.00900575
-0.000972287
0.00894543
-0.000529758
0.00896281
5.25705e-05
0.00904909
0.000565822
0.00915898
0.000771795
0.00923967
0.000596116
0.00925929
0.000156057
0.00921538
-0.000343187
-0.000741937
0.00933929
-0.0010672
0.00922604
-0.000859042
0.00916662
-0.000470339
0.00918101
3.8179e-05
0.00926074
0.0004861
0.00936377
0.000668757
0.00944038
0.000519507
0.00945945
0.000136988
0.00941738
-0.000301121
-0.000653808
0.0095616
-0.000929023
0.00945082
-0.000748263
0.00939208
-0.000411595
0.00940369
2.65678e-05
0.00947747
0.000412316
0.00957431
0.000571921
0.00964719
0.00044663
0.00966569
0.000118479
0.00962524
-0.000260663
-0.000568096
0.00978896
-0.000793533
0.00968022
-0.00063952
0.00962193
-0.000353306
0.00963099
1.75073e-05
0.00969949
0.000343816
0.00979082
0.000480583
0.00986037
0.000377085
0.00987834
0.000100512
0.00983924
-0.00022157
-0.000484443
0.0100215
-0.000660169
0.00991437
-0.000532344
0.00985631
-0.000295246
0.00986307
1.07428e-05
0.00992699
0.0002799
0.0100136
0.000393983
0.0100803
0.000310419
0.0100977
8.30453e-05
0.0100597
-0.000183584
-0.000402452
0.0102595
-0.000528295
0.0101534
-0.000426219
0.0100953
-0.000237185
0.0101001
5.99072e-06
0.0101602
0.000219815
0.0102429
0.000311293
0.0103072
0.000246121
0.0103242
6.60109e-05
0.0102871
-0.000146435
-0.00032168
0.0105031
-0.000397195
0.0103975
-0.000320577
0.0103392
-0.000178881
0.0103422
2.93387e-06
0.0103993
0.000162739
0.010479
0.000231605
0.0105415
0.000183611
0.0105582
4.93119e-05
0.0105216
-0.000109836
-0.000241635
0.0107525
-0.000266061
0.0106467
-0.000214789
0.0105879
-0.00012008
0.0105896
1.21648e-06
0.0106446
0.000107771
0.0107223
0.000153915
0.0107837
0.000122235
0.0108002
3.28243e-05
0.0107638
-7.34753e-05
-0.000161765
0.0110079
-0.000133979
0.0109012
-0.00010815
0.0108417
-6.05069e-05
0.0108424
4.36804e-07
0.0108963
5.39118e-05
0.0109731
7.71009e-05
0.0110341
6.12482e-05
0.0110505
1.63924e-05
0.0110141
-3.7015e-05
-8.1452e-05
0.0112693
0.0111612
0.0111007
0.0111011
0.011155
0.0112321
0.0112933
0.0113097
0.0112727
0.00114427
0.0117919
0.00106919
0.0119379
0.00775237
0.00120407
0.00108736
0.000961084
0.00100175
0.00115584
0.00126504
0.00124747
0.00113526
0.00106928
)
;

boundaryField
{
    inlet
    {
        type            calculated;
        value           nonuniform 0();
    }
    outlet
    {
        type            calculated;
        value           nonuniform 0();
    }
    cylinder
    {
        type            calculated;
        value           nonuniform 0();
    }
    top
    {
        type            symmetryPlane;
        value           uniform 0;
    }
    bottom
    {
        type            symmetryPlane;
        value           nonuniform 0();
    }
    defaultFaces
    {
        type            empty;
        value           nonuniform 0();
    }
    procBoundary29to12
    {
        type            processor;
        value           uniform -0.00116381;
    }
    procBoundary29to13
    {
        type            processor;
        value           nonuniform List<scalar> 
11
(
-0.0116763
-0.0118628
-0.00779443
0.0100742
0.0137957
0.0154838
0.012409
0.00458825
-0.00338633
-0.00125987
-0.00873411
)
;
    }
    procBoundary29to14
    {
        type            processor;
        value           nonuniform List<scalar> 4(0.00112844 0.00113724 0.00111125 0.00111976);
    }
    procBoundary29to28
    {
        type            processor;
        value           nonuniform List<scalar> 
101
(
-0.0011737
-0.00118307
-0.00119193
-0.00120031
-0.00120823
-0.0012157
-0.00122275
-0.00122939
-0.00123565
-0.00124155
-0.00124709
-0.0012523
-0.00125717
-0.00126172
-0.00126595
-0.00126985
-0.00127343
-0.00127667
-0.00127956
-0.00128209
-0.00128425
-0.00128601
-0.00128737
-0.00128829
-0.00128877
-0.00128877
-0.00128828
-0.00128729
-0.00128576
-0.00128368
-0.00128103
-0.0012778
-0.00127397
-0.00126953
-0.00126446
-0.00125875
-0.0012524
-0.00124539
-0.00123772
-0.00122931
-0.00242682
-0.00251815
-0.00261454
-0.00271521
-0.00281972
-0.00292779
-0.00303918
-0.0031537
-0.00327112
-0.00339125
-0.00351383
-0.00363861
-0.0037653
-0.00389361
-0.00402321
-0.0041538
-0.00428506
-0.00441669
-0.00454844
-0.00468007
-0.00481143
-0.00494241
-0.00507299
-0.00520322
-0.0053332
-0.00546313
-0.00559324
-0.00572381
-0.00585514
-0.00598753
-0.00612131
-0.00625676
-0.00639417
-0.00653377
-0.00667579
-0.00434461
-0.00657897
-0.00673262
-0.00688944
-0.00704953
-0.00721299
-0.00737991
-0.00755041
-0.0077246
-0.00790259
-0.0080845
-0.00827049
-0.00846068
-0.00865524
-0.00885433
-0.00905814
-0.00926684
-0.00948065
-0.00969978
-0.00992445
-0.0101549
-0.0103914
-0.0106342
-0.0108836
-0.01114
-0.0114033
)
;
    }
    procBoundary29to30
    {
        type            processor;
        value           nonuniform List<scalar> 
99
(
0.00114612
0.00115504
0.00116394
0.0011728
0.00118157
0.00119022
0.00119871
0.00120702
0.00121512
0.00122299
0.0012306
0.00123795
0.00124501
0.00125178
0.00125826
0.00126443
0.00127029
0.00127584
0.00128108
0.00128601
0.00129063
0.00129494
0.00129894
0.00166289
0.00140092
0.00140224
0.00140309
0.00140347
0.0014034
0.00140288
0.00140193
0.00140053
0.00139871
0.00139646
0.00139378
0.00139069
0.00138718
0.00138324
0.00137877
0.00231739
0.00239656
0.00247935
0.00256573
0.0026557
0.00274925
0.00284635
0.00294695
0.003051
0.00315841
0.00326908
0.00338287
0.00349964
0.00361921
0.00374136
0.00386589
0.00399254
0.00412106
0.00425118
0.00438264
0.00451518
0.00464856
0.00478257
0.00491704
0.00505183
0.00518688
0.00532215
0.0054577
0.00559361
0.00573004
0.00586716
0.00600522
0.00614444
0.00628512
0.00642751
0.00657188
0.0067185
0.00686761
0.00701945
0.00717423
0.00733215
0.00749341
0.00765819
0.00782666
0.00799899
0.00817537
0.00835598
0.00854099
0.00873061
0.00892504
0.00912451
0.00932926
0.00953953
0.00975559
0.00997774
0.0102063
0.0104416
0.0106839
0.0109338
0.0111913
)
;
    }
}


// ************************************************************************* //
