/*--------------------------------*- C++ -*----------------------------------*\
  =========                 |
  \\      /  F ield         | OpenFOAM: The Open Source CFD Toolbox
   \\    /   O peration     | Website:  https://openfoam.org
    \\  /    A nd           | Version:  7
     \\/     M anipulation  |
\*---------------------------------------------------------------------------*/
FoamFile
{
    version     2.0;
    format      ascii;
    class       volVectorField;
    location    "31";
    object      U;
}
// * * * * * * * * * * * * * * * * * * * * * * * * * * * * * * * * * * * * * //

dimensions      [0 1 -1 0 0 0 0];

internalField   nonuniform List<vector> 
1063
(
(1.23287 0.34755 2.43842e-20)
(1.22579 0.336296 -4.09349e-20)
(1.21903 0.325883 -6.0955e-20)
(1.25104 0.387824 -2.56089e-20)
(1.24225 0.375918 3.63234e-20)
(1.23397 0.36398 1.77843e-20)
(1.22637 0.352183 -1.85681e-20)
(1.21943 0.340522 3.23661e-20)
(1.21277 0.329798 5.23801e-20)
(1.26608 0.426835 4.15131e-20)
(1.26091 0.417482 -2.25185e-20)
(1.25297 0.406183 -1.76795e-20)
(1.24407 0.393962 -3.2159e-20)
(1.23527 0.381445 -3.39134e-20)
(1.22708 0.368988 -3.21211e-20)
(1.21963 0.356733 2.36168e-21)
(1.21284 0.344665 4.22292e-20)
(1.20631 0.333632 -4.40726e-20)
(1.23071 0.439049 -7.0426e-20)
(1.25286 0.444837 8.4638e-20)
(1.26093 0.442845 8.6015e-20)
(1.26003 0.43559 -8.98133e-20)
(1.25407 0.425126 4.93846e-20)
(1.24574 0.412935 -7.10633e-20)
(1.23673 0.399991 1.0342e-19)
(1.22798 0.38687 -6.47891e-20)
(1.21991 0.373898 -1.8784e-20)
(1.21263 0.361187 1.57642e-20)
(1.20603 0.348712 -5.12716e-21)
(1.19966 0.337375 -2.59982e-20)
(1.03223 0.369001 -1.00276e-20)
(1.12685 0.410735 1.46855e-19)
(1.19098 0.438029 3.60217e-20)
(1.22972 0.452389 2.98051e-20)
(1.2492 0.456352 -1.42097e-19)
(1.25539 0.452748 -1.33087e-19)
(1.2533 0.444153 -1.43218e-20)
(1.24668 0.432607 -7.55209e-20)
(1.23808 0.419549 6.03751e-21)
(1.22903 0.405896 -7.51505e-21)
(1.22037 0.392181 -7.30903e-21)
(1.21247 0.378699 5.88178e-20)
(1.20539 0.365534 -1.07476e-21)
(1.199 0.352651 -4.09166e-20)
(1.19281 0.341016 3.87922e-20)
(0.757328 0.262398 -1.49099e-19)
(0.91592 0.331084 -6.07454e-20)
(1.04063 0.386825 -3.93852e-20)
(1.13152 0.427411 -7.08983e-20)
(1.19196 0.452991 1.98296e-20)
(1.22751 0.465451 1.54822e-19)
(1.24454 0.4676 1.73804e-19)
(1.24904 0.462413 -7.72647e-20)
(1.24592 0.452512 4.14871e-20)
(1.23879 0.439916 8.68931e-20)
(1.23 0.426012 1.95404e-20)
(1.22097 0.411665 -1.68044e-20)
(1.21244 0.397366 2.24732e-20)
(1.20474 0.383378 4.24427e-20)
(1.19789 0.369759 -1.31905e-20)
(1.19175 0.356467 -2.8097e-20)
(1.18575 0.344545 -8.74364e-21)
(0.364957 0.11553 8.98716e-20)
(0.580375 0.199455 4.88645e-20)
(0.769301 0.27933 -4.93387e-20)
(0.925963 0.349094 1.35142e-19)
(1.04748 0.404537 -8.18338e-20)
(1.13468 0.443863 5.93212e-20)
(1.19156 0.467668 -9.6453e-20)
(1.22412 0.478213 -2.27629e-19)
(1.23891 0.478563 -4.52393e-20)
(1.24192 0.471825 9.82461e-20)
(1.23794 0.460654 -8.21464e-22)
(1.2304 0.447038 -1.05832e-19)
(1.22151 0.432311 -4.21798e-20)
(1.21256 0.417286 3.4581e-20)
(1.20422 0.40241 -5.96297e-20)
(1.19674 0.387923 -6.50004e-21)
(1.19014 0.373851 -2.88824e-20)
(1.18426 0.360145 6.50019e-21)
(1.17845 0.34795 2.96212e-20)
(0.132628 0.0413335 2.65386e-20)
(0.373806 0.12557 4.40328e-20)
(0.591359 0.213902 -2.64405e-20)
(0.780011 0.296392 1.30353e-19)
(0.934544 0.367084 -1.62217e-19)
(1.05281 0.422086 3.10019e-20)
(1.13637 0.460052 1.92366e-20)
(1.18985 0.482029 2.48653e-20)
(1.21961 0.490651 6.91589e-20)
(1.23236 0.489225 1.60976e-20)
(1.23406 0.480972 2.27312e-20)
(1.22936 0.468566 -1.36115e-20)
(1.22153 0.45396 -3.50905e-21)
(1.21262 0.438433 1.965e-20)
(1.20381 0.422743 -2.01914e-20)
(1.19568 0.407301 3.77223e-20)
(1.18847 0.392321 -1.06885e-19)
(1.18215 0.377803 4.08427e-21)
(1.17654 0.363697 2.48006e-20)
(1.17084 0.351201 -1.43171e-20)
(0.136378 0.0453207 -7.15584e-20)
(0.382041 0.135842 -6.91274e-20)
(0.601355 0.228543 -1.06245e-19)
(0.789436 0.313526 -8.13947e-22)
(0.941662 0.384995 -3.3691e-20)
(1.05663 0.439423 5.14622e-20)
(1.13663 0.475937 -7.49679e-20)
(1.18686 0.496045 2.48171e-19)
(1.21402 0.502744 6.78916e-20)
(1.22493 0.499567 -1.3004e-19)
(1.22549 0.489837 -4.06102e-20)
(1.22022 0.476233 -1.00893e-20)
(1.2122 0.460667 -1.99758e-20)
(1.20335 0.444362 -6.41552e-20)
(1.19472 0.428022 -2.38245e-20)
(1.18685 0.412025 -3.30292e-20)
(1.17993 0.396559 1.02141e-19)
(1.17392 0.381607 -1.35079e-21)
(1.1686 0.367153 2.85477e-20)
(1.16306 0.35428 2.27085e-20)
(0.139908 0.0494237 -3.64931e-20)
(0.38963 0.146309 1.00272e-19)
(0.610332 0.243327 -1.84854e-19)
(0.797559 0.330675 7.52981e-20)
(0.947319 0.402772 -1.43001e-19)
(1.05896 0.456499 3.35775e-20)
(1.1355 0.491479 8.90604e-20)
(1.18264 0.509686 -2.27764e-19)
(1.2074 0.514469 2.00162e-20)
(1.21666 0.509573 -4.11578e-21)
(1.21626 0.498404 -7.59265e-20)
(1.21054 0.48364 8.42575e-20)
(1.20243 0.467145 1.1336e-19)
(1.19369 0.450083 2.82925e-20)
(1.1853 0.43311 7.599e-20)
(1.17772 0.416567 -3.9534e-20)
(1.17112 0.400623 5.40763e-20)
(1.16545 0.385239 2.99134e-20)
(1.16045 0.370455 2.58681e-20)
(1.15519 0.35725 -4.92635e-20)
(0.143202 0.0536289 -8.47497e-20)
(0.396545 0.156935 1.24196e-19)
(0.618265 0.258201 1.14931e-19)
(0.804368 0.347781 3.45673e-20)
(0.951525 0.420359 3.98261e-19)
(1.05984 0.473265 -2.9106e-20)
(1.13301 0.50664 -1.1873e-19)
(1.17724 0.522923 1.78859e-19)
(1.19979 0.525804 5.92711e-20)
(1.20759 0.519224 2.11149e-20)
(1.20638 0.506658 -1.46494e-20)
(1.20034 0.490772 -7.69654e-20)
(1.19223 0.473378 -4.2232e-20)
(1.18367 0.455581 3.68689e-20)
(1.17556 0.43799 -2.96295e-20)
(1.16831 0.420913 1.92052e-21)
(1.16205 0.404498 -3.92541e-20)
(1.15674 0.388693 -5.93045e-20)
(1.15207 0.373576 -1.67373e-21)
(1.14715 0.360062 6.57829e-20)
(0.146246 0.0579216 8.67944e-20)
(0.402762 0.167683 1.87211e-20)
(0.625132 0.273114 -1.91291e-19)
(0.809859 0.364786 -3.86958e-20)
(0.954294 0.437702 -3.06132e-19)
(1.05929 0.489675 2.5582e-20)
(1.12921 0.521382 -9.0666e-20)
(1.1707 0.535726 -1.22506e-19)
(1.19123 0.536727 -1.21601e-19)
(1.19776 0.528501 1.27412e-20)
(1.19588 0.514581 7.0127e-20)
(1.18963 0.497612 5.686e-20)
(1.1816 0.47935 7.40746e-21)
(1.1733 0.460841 -4.57002e-20)
(1.16551 0.442647 2.80958e-20)
(1.15861 0.425048 5.27994e-20)
(1.15272 0.408172 2.52301e-20)
(1.14779 0.391955 1.11597e-20)
(1.1435 0.37651 2.45173e-20)
(1.13893 0.362698 -3.96972e-20)
(0.149028 0.0622865 -2.90455e-19)
(0.408258 0.178512 3.0859e-20)
(0.630917 0.288013 -2.75934e-20)
(0.814029 0.381633 1.10425e-19)
(0.955642 0.454745 1.04637e-19)
(1.05736 0.505683 6.38929e-20)
(1.12414 0.535669 1.17394e-19)
(1.16307 0.54807 1.16822e-21)
(1.18177 0.547215 1.3748e-19)
(1.18719 0.537386 -1.11991e-19)
(1.1848 0.522157 -5.72607e-21)
(1.17845 0.504144 8.87883e-21)
(1.17058 0.485045 -5.84067e-20)
(1.16257 0.465847 8.82769e-20)
(1.15514 0.447067 3.50097e-20)
(1.14863 0.428958 3.56802e-21)
(1.14314 0.411631 -2.56918e-20)
(1.13862 0.395013 5.73563e-20)
(0.151536 0.0667077 -2.84143e-21)
(0.413015 0.189385 1.49667e-19)
(0.635611 0.302844 1.22207e-19)
(0.816884 0.398265 -9.16162e-20)
(0.955594 0.471437 5.42494e-20)
(1.05406 0.521244 -4.92705e-20)
(1.11785 0.549467 5.55803e-20)
(1.15439 0.559925 9.39907e-20)
(1.17145 0.557247 -5.87619e-20)
(1.17593 0.54586 9.45905e-20)
(1.17315 0.529368 1.79523e-20)
(1.1668 0.510351 -6.43313e-20)
(1.15917 0.490446 6.83994e-20)
(1.15151 0.470582 1.20388e-20)
(1.14448 0.451234 -1.74048e-19)
(1.13839 0.432629 -4.41267e-20)
(1.13331 0.414863 -7.61794e-21)
(0.15376 0.0711687 1.57511e-19)
(0.41702 0.200259 -1.94108e-19)
(0.639206 0.317555 3.95979e-20)
(0.818434 0.414627 1.18884e-20)
(0.954174 0.487726 6.21281e-20)
(1.04945 0.536315 1.8851e-19)
(1.11038 0.562741 1.04213e-20)
(1.14471 0.571266 1.29726e-20)
(1.16031 0.566802 -2.54962e-20)
(1.164 0.553904 1.3581e-19)
(1.16097 0.536197 -8.30685e-20)
(1.15472 0.516216 1.62754e-20)
(1.14738 0.495536 1.88825e-20)
(1.14012 0.475031 -4.76032e-20)
(1.13353 0.455134 8.02963e-20)
(1.12788 0.436046 -3.5604e-20)
(0.155691 0.0756526 -9.2666e-20)
(0.420261 0.211095 -2.65356e-20)
(0.6417 0.332092 -1.64926e-19)
(0.818692 0.430662 1.02905e-20)
(0.951414 0.503562 -2.03485e-19)
(1.04357 0.550856 -1.90798e-19)
(1.10178 0.575458 -3.5779e-20)
(1.13407 0.582066 -8.99871e-21)
(1.14838 0.575857 -7.69881e-20)
(1.15144 0.5615 -1.10506e-19)
(1.14827 0.542625 -3.16254e-20)
(1.14221 0.521721 5.0905e-20)
(1.13524 0.5003 -9.11049e-20)
(1.12842 0.479179 -4.41002e-21)
(0.157323 0.0801422 6.66638e-20)
(0.42273 0.221852 3.72836e-20)
(0.643098 0.346403 2.07473e-19)
(0.817676 0.446317 -2.61329e-19)
(0.947345 0.518896 9.15003e-20)
(1.03646 0.564824 6.17903e-20)
(1.0921 0.587587 -5.19647e-20)
(1.12253 0.592301 -9.14299e-20)
(1.13572 0.584392 -1.60413e-20)
(1.13829 0.568628 1.67744e-20)
(1.13509 0.548636 1.12711e-19)
(1.12929 0.52685 4.93118e-20)
(1.12275 0.50472 9.40089e-20)
(0.15865 0.08462 1.06977e-19)
(0.424424 0.232489 -1.57749e-19)
(0.643405 0.360438 6.31821e-20)
(0.815409 0.46154 2.54751e-19)
(0.942004 0.533682 6.67122e-20)
(1.02816 0.578183 -2.12503e-19)
(1.08138 0.599096 -5.25038e-20)
(1.11012 0.601945 -6.26878e-21)
(1.12235 0.592386 1.44894e-19)
(1.12456 0.57527 8.38308e-20)
(1.12144 0.554211 -2.27641e-19)
(1.11599 0.531586 -1.59069e-20)
(0.159667 0.0890683 -8.00411e-20)
(0.425342 0.242965 -3.06745e-20)
(0.642633 0.374144 -5.43743e-20)
(0.811917 0.47628 -9.38257e-20)
(0.935431 0.547873 3.21455e-21)
(1.01872 0.590894 1.38685e-19)
(1.06967 0.609957 1.34885e-19)
(1.09688 0.610976 1.59035e-19)
(1.10831 0.59982 -6.05534e-20)
(1.1103 0.581407 5.30159e-20)
(1.10736 0.559333 7.71805e-20)
(0.160371 0.0934696 2.23914e-19)
(0.425485 0.253241 1.52037e-19)
(0.640796 0.387474 1.11268e-19)
(0.807229 0.490488 9.50711e-21)
(0.927666 0.561427 4.44011e-20)
(1.00819 0.602923 -1.80118e-19)
(1.05702 0.620141 -1.62485e-20)
(1.08287 0.61937 -1.49166e-19)
(1.09364 0.606672 2.43865e-20)
(1.09553 0.587023 -9.77086e-20)
(0.160761 0.097806 -1.18854e-19)
(0.42486 0.263277 -1.33564e-19)
(0.637913 0.400378 -1.43671e-19)
(0.801379 0.504115 -1.6132e-19)
(0.918754 0.574303 3.57179e-20)
(0.99662 0.614234 -2.89155e-20)
(1.04348 0.629621 5.99785e-20)
(1.06813 0.627106 7.87011e-20)
(1.07838 0.612926 -9.56741e-21)
(0.160837 0.10206 -6.36748e-20)
(0.423475 0.273035 1.53023e-19)
(0.634007 0.41281 -7.52014e-20)
(0.794401 0.517116 1.51368e-19)
(0.908741 0.586461 -1.86449e-19)
(0.98406 0.6248 2.017e-20)
(1.02909 0.63837 1.19244e-19)
(1.05269 0.634161 7.7065e-20)
(0.1606 0.106216 2.1605e-19)
(0.42134 0.282477 -6.61667e-20)
(0.629101 0.424725 9.23139e-21)
(0.786336 0.529448 1.68826e-19)
(0.897676 0.597861 1.06091e-19)
(0.970554 0.634587 -7.80213e-20)
(1.0139 0.646368 3.22044e-20)
(0.160053 0.110257 -3.46513e-19)
(0.41847 0.291566 1.51391e-19)
(0.623226 0.436079 1.57808e-19)
(0.777226 0.541068 -1.8915e-19)
(0.885607 0.608471 1.53378e-20)
(0.956152 0.643563 1.48877e-19)
(0.997978 0.65359 -1.33611e-19)
(0.1592 0.114167 2.60831e-19)
(0.414879 0.300269 -1.49614e-19)
(0.616413 0.44683 -1.19937e-19)
(0.767118 0.55194 2.05737e-19)
(0.872576 0.618255 3.08048e-20)
(0.940913 0.651707 -1.03973e-19)
(0.158045 0.117932 -6.06667e-20)
(0.410588 0.308551 -2.475e-20)
(0.608698 0.456937 2.1238e-20)
(0.756047 0.562024 -1.9295e-19)
(0.858637 0.627184 9.09194e-20)
(0.156594 0.121538 7.41354e-20)
(0.405617 0.31638 5.67769e-20)
(0.60012 0.466367 2.10556e-19)
(0.744054 0.571279 1.24338e-19)
(0.154853 0.12497 -4.29596e-20)
(0.39999 0.323721 -9.68965e-20)
(0.590709 0.475084 1.42362e-20)
(0.152825 0.12821 -5.30777e-20)
(0.393734 0.33055 1.00421e-19)
(0.580503 0.483044 3.31796e-20)
(0.15051 0.131227 -9.4718e-20)
(0.386893 0.336845 -4.41532e-20)
(0.147939 0.133998 1.91391e-20)
(0.145139 0.136535 -3.09039e-20)
(0.145137 -0.136534 3.97164e-20)
(0.147938 -0.133997 2.69598e-20)
(0.150509 -0.131226 -6.01825e-20)
(0.152824 -0.128209 -1.00964e-21)
(1.14486 0.344999 -2.24181e-20)
(1.15252 0.342664 -3.00079e-21)
(1.16003 0.340186 1.24391e-20)
(1.16735 0.337563 -2.15765e-21)
(1.17455 0.334708 -7.53607e-21)
(1.1816 0.331732 -6.79356e-21)
(1.18843 0.328663 -1.56372e-22)
(1.19505 0.325496 -5.16352e-22)
(1.2015 0.322233 -2.78921e-21)
(1.20776 0.318881 -1.18957e-20)
(1.21384 0.31545 -4.13316e-21)
(1.14303 0.334686 -6.9806e-21)
(1.15035 0.332518 1.34726e-21)
(1.15753 0.330211 2.29252e-22)
(1.16451 0.327756 4.79653e-21)
(1.17136 0.325156 1.92271e-21)
(1.17816 0.322457 1.00022e-20)
(1.18476 0.319662 -1.47813e-20)
(1.19117 0.316771 1.01298e-20)
(1.19742 0.313792 -1.01722e-20)
(1.20352 0.31073 -2.25736e-21)
(1.20946 0.307594 1.6731e-20)
(1.14186 0.324959 3.65991e-21)
(1.14877 0.322897 4.07505e-21)
(1.15555 0.320715 -3.25468e-21)
(1.16216 0.318413 -4.98408e-21)
(1.16868 0.316046 -3.38169e-21)
(1.17516 0.313543 8.21443e-21)
(1.18146 0.310947 7.73794e-21)
(1.18759 0.308276 -1.14059e-20)
(1.19359 0.30553 -5.79437e-21)
(1.19946 0.302712 -7.39823e-21)
(1.20519 0.299829 -1.56369e-20)
(1.14125 0.31563 1.00673e-20)
(1.14776 0.313668 -8.58848e-21)
(1.15416 0.311609 3.23211e-21)
(1.16043 0.309461 1.17135e-20)
(1.16656 0.307265 1.73692e-20)
(1.17264 0.304911 -5.8569e-21)
(1.17862 0.302476 -8.94813e-21)
(1.18447 0.299987 -9.53134e-21)
(1.19019 0.297439 3.35773e-21)
(1.19579 0.294832 7.42838e-21)
(1.20128 0.292169 5.93717e-22)
(1.14092 0.306738 -5.63531e-21)
(1.14707 0.304869 1.41863e-20)
(1.15312 0.302912 -8.13577e-21)
(1.15906 0.300873 -1.10722e-20)
(1.16485 0.298763 -1.86486e-20)
(1.17056 0.296567 9.89354e-21)
(1.17624 0.29431 4.45982e-21)
(1.1818 0.291995 -4.49671e-21)
(1.18723 0.289625 -9.25582e-21)
(1.19256 0.2872 2.03423e-21)
(1.19779 0.284727 -1.25757e-21)
(1.14071 0.298174 -1.53644e-20)
(1.14653 0.296398 -1.75754e-20)
(1.15225 0.294543 9.72082e-21)
(1.15788 0.292612 -2.40788e-21)
(1.16338 0.290604 -8.61607e-21)
(1.16881 0.288544 -1.8093e-20)
(1.1742 0.286446 8.45188e-22)
(1.17947 0.284291 1.79063e-20)
(1.18463 0.28208 -1.32951e-21)
(1.18969 0.279819 6.03427e-21)
(1.19467 0.277516 -3.3785e-21)
(1.14054 0.289873 1.28059e-21)
(1.14606 0.288193 5.6756e-21)
(1.15148 0.286447 -6.56105e-21)
(1.15681 0.284639 4.05107e-21)
(1.16203 0.282774 -5.51768e-22)
(1.1672 0.28088 -2.69071e-22)
(1.17235 0.278894 -5.80977e-21)
(1.17737 0.276853 -5.56378e-21)
(1.18228 0.274776 -1.39888e-20)
(1.18711 0.272662 -4.29328e-21)
(1.19185 0.270512 9.92591e-21)
(1.14037 0.2818 3.82359e-21)
(1.14561 0.280216 2.98882e-21)
(1.15078 0.278574 1.11358e-21)
(1.15586 0.27688 -1.0099e-20)
(1.16087 0.27514 1.31557e-20)
(1.16575 0.273376 6.9084e-21)
(1.17058 0.271509 -8.51067e-21)
(1.17538 0.269593 1.34063e-20)
(1.18009 0.267651 1.81058e-20)
(1.18471 0.26568 1.27806e-20)
(1.18925 0.263678 -4.45934e-21)
(1.14018 0.273936 7.0153e-21)
(1.14517 0.272443 -4.04865e-21)
(1.15008 0.270896 9.2691e-21)
(1.15493 0.2693 3.85281e-21)
(1.1597 0.267655 -9.42351e-21)
(1.16437 0.265962 3.76093e-21)
(1.16897 0.264237 3.63408e-21)
(1.17355 0.262475 -4.75652e-21)
(1.17805 0.260678 -1.12817e-21)
(1.18248 0.258849 -6.76913e-21)
(1.18683 0.25699 6.73902e-21)
(1.13998 0.26627 -8.02629e-22)
(1.14472 0.264863 -6.03179e-22)
(1.1494 0.263409 -2.36134e-22)
(1.15402 0.26191 5.62733e-22)
(1.15857 0.260368 1.97672e-20)
(1.16303 0.258784 -1.62892e-21)
(1.16744 0.257175 1.07548e-20)
(1.17182 0.255541 -8.7134e-21)
(1.17613 0.253873 1.04789e-21)
(1.18036 0.252172 4.23608e-21)
(1.18453 0.250444 -1.3901e-21)
(1.13976 0.258793 3.1696e-21)
(1.14428 0.257469 -4.38399e-21)
(1.14874 0.256105 1.43882e-21)
(1.15313 0.254702 1.14941e-20)
(1.15747 0.253262 -1.60963e-20)
(1.16174 0.251784 -3.79937e-21)
(1.16597 0.250278 -1.03786e-20)
(1.17017 0.248755 6.52162e-23)
(1.17429 0.247204 -1.25005e-20)
(1.17834 0.245623 -2.83408e-21)
(1.18234 0.244017 1.52827e-21)
(1.13953 0.251497 -6.3811e-21)
(1.14383 0.250253 1.16762e-20)
(1.14808 0.248975 1.22696e-21)
(1.15228 0.247665 -2.77292e-21)
(1.15641 0.246326 -6.11941e-22)
(1.16048 0.244963 -1.03753e-20)
(1.16453 0.243588 -5.53785e-21)
(1.16857 0.242152 1.00919e-21)
(1.17252 0.240687 9.70388e-21)
(1.17641 0.239207 -2.03708e-21)
(1.18025 0.23771 1.83682e-21)
(1.13928 0.244372 6.95044e-21)
(1.14338 0.243203 5.50748e-21)
(1.14744 0.242005 -8.07578e-21)
(1.15145 0.240779 -8.8235e-21)
(1.15542 0.239528 9.34923e-21)
(1.15935 0.238256 1.12705e-20)
(1.16319 0.236972 1.0477e-20)
(1.16698 0.235633 -6.74811e-21)
(1.17078 0.234268 1.17512e-20)
(1.17453 0.232891 -7.78196e-21)
(1.17823 0.231502 9.4368e-23)
(1.13902 0.237409 -3.83184e-21)
(1.14293 0.236311 3.48042e-21)
(1.1468 0.235185 -1.06803e-20)
(1.15063 0.234035 6.25784e-21)
(1.15442 0.232859 -2.76104e-21)
(1.15817 0.231657 6.22683e-21)
(1.16186 0.230427 -7.23513e-21)
(1.16551 0.229193 1.32043e-23)
(1.16915 0.227944 -6.72152e-21)
(1.17275 0.226675 5.73715e-21)
(1.1763 0.22539 -7.28456e-21)
(1.13873 0.230601 -7.27227e-22)
(1.14246 0.229569 -7.05413e-21)
(1.14616 0.228513 4.30953e-21)
(1.14982 0.227435 -2.00806e-21)
(1.15344 0.226335 -3.02237e-21)
(1.15703 0.225215 -1.78086e-21)
(1.16057 0.224075 3.80404e-21)
(1.16407 0.222925 7.26192e-21)
(1.16756 0.221764 -1.78543e-21)
(1.17102 0.220585 3.29208e-21)
(1.17443 0.219391 -2.50072e-21)
(1.13483 0.224888 -1.11249e-20)
(1.13842 0.223941 -2.78347e-22)
(1.14199 0.222972 -2.67286e-21)
(1.14552 0.221983 1.69779e-21)
(1.14901 0.220974 9.3612e-21)
(1.15248 0.219947 -6.45179e-22)
(1.15591 0.218902 -5.03754e-21)
(1.1593 0.217841 -3.8363e-21)
(1.16268 0.216765 9.04756e-21)
(1.16603 0.215684 -1.87067e-21)
(1.16935 0.21459 -2.91232e-21)
(1.17262 0.213481 7.73138e-21)
(1.13466 0.218312 5.54106e-21)
(1.13809 0.217421 9.20059e-21)
(1.14149 0.216512 4.60736e-21)
(1.14487 0.215586 -1.6949e-21)
(1.14821 0.214644 -1.10591e-20)
(1.15153 0.213686 7.24481e-21)
(1.15481 0.212715 7.82927e-21)
(1.15806 0.211731 9.04059e-22)
(1.1613 0.210739 -5.09808e-21)
(1.16453 0.209727 -2.33484e-21)
(1.16772 0.208702 1.16733e-21)
(1.17087 0.207668 -7.40322e-21)
(1.13445 0.211872 -3.29081e-22)
(1.13773 0.211035 -1.22522e-20)
(1.14098 0.210183 2.3777e-21)
(1.14421 0.209316 -1.12806e-21)
(1.14741 0.208435 7.93243e-21)
(1.15059 0.207541 -6.48071e-21)
(1.15374 0.206637 -9.7295e-21)
(1.15687 0.205724 1.57983e-22)
(1.15997 0.204806 -1.72527e-21)
(1.16304 0.203861 5.54076e-21)
(1.16611 0.202903 -4.23402e-21)
(1.16915 0.20194 4.98994e-21)
(1.13421 0.205562 3.71565e-21)
(1.13734 0.204775 8.48472e-21)
(1.14045 0.203976 -8.28926e-23)
(1.14354 0.203163 1.05495e-20)
(1.1466 0.202338 -6.00903e-21)
(1.14965 0.201503 5.38751e-21)
(1.15268 0.200656 -4.44499e-22)
(1.15568 0.1998 -3.56899e-21)
(1.15865 0.198933 3.08435e-21)
(1.1616 0.198058 4.18513e-21)
(1.16454 0.197174 3.61843e-21)
(1.16747 0.196284 -5.75126e-22)
(1.13393 0.199375 -2.61537e-21)
(1.13692 0.198636 -8.27443e-21)
(1.13989 0.197885 -2.02647e-21)
(1.14285 0.197124 -1.43501e-20)
(1.14579 0.196352 7.42895e-21)
(1.14871 0.19557 -1.03011e-22)
(1.15161 0.194778 3.79043e-21)
(1.15449 0.193977 8.41621e-21)
(1.15734 0.193167 3.05163e-21)
(1.16018 0.192355 -4.77646e-21)
(1.16301 0.191537 1.77165e-21)
(1.16583 0.190713 1.07825e-21)
(1.1336 0.193305 -6.71007e-22)
(1.13647 0.192611 3.4455e-21)
(1.13931 0.191907 3.7347e-21)
(1.14214 0.191194 6.0144e-21)
(1.14496 0.190471 -5.02914e-21)
(1.14775 0.189741 -5.68781e-21)
(1.15054 0.189002 -4.82167e-21)
(1.1533 0.188256 2.37703e-21)
(1.15605 0.187503 -8.85449e-21)
(1.15878 0.186747 -2.86131e-21)
(1.16151 0.185987 -4.75859e-21)
(1.16422 0.185222 -2.18698e-21)
(1.13324 0.187348 -6.83856e-21)
(1.13598 0.186696 -1.10975e-21)
(1.1387 0.186036 -5.25706e-21)
(1.14142 0.185368 -6.48346e-22)
(1.14411 0.184693 7.93289e-21)
(1.1468 0.18401 2.80622e-21)
(1.14947 0.183321 8.87339e-21)
(1.15213 0.182626 -3.00999e-21)
(1.15477 0.181925 4.3632e-23)
(1.1574 0.181221 2.75611e-21)
(1.16003 0.180515 6.28585e-21)
(1.16264 0.179805 -3.47696e-21)
(1.13284 0.181498 2.65949e-21)
(1.13546 0.180886 2.41083e-21)
(1.13807 0.180267 9.11712e-23)
(1.14067 0.179642 -2.19958e-22)
(1.14326 0.179011 -3.58054e-21)
(1.14583 0.178374 -3.04298e-21)
(1.1484 0.177731 -3.55246e-21)
(1.15095 0.177082 -1.07069e-20)
(1.15349 0.176427 -1.24085e-21)
(1.15603 0.175766 -4.11378e-22)
(1.15856 0.175111 -5.42957e-21)
(1.16108 0.174454 2.27431e-21)
(1.1324 0.17575 1.85315e-21)
(1.13491 0.175176 -2.84581e-21)
(1.13741 0.174596 -1.11683e-21)
(1.1399 0.174012 -5.40186e-22)
(1.14238 0.173423 5.56355e-23)
(1.14486 0.172829 5.86379e-21)
(1.14732 0.172233 5.075e-21)
(1.14977 0.171633 5.428e-21)
(1.1522 0.171033 8.21893e-21)
(1.15465 0.170433 3.74841e-22)
(1.15711 0.169818 -2.57839e-22)
(1.15954 0.169196 -3.42113e-21)
(1.13192 0.170098 3.61227e-21)
(1.13432 0.16956 -8.68075e-25)
(1.13672 0.169017 8.664e-21)
(1.13911 0.16847 2.85959e-21)
(1.1415 0.167919 -4.33601e-21)
(1.14388 0.167366 -1.02624e-20)
(1.14625 0.166809 5.54324e-21)
(1.14862 0.166251 -1.0422e-22)
(1.15099 0.165693 -4.54294e-21)
(1.15332 0.165137 -1.98962e-21)
(1.15563 0.164563 7.01433e-21)
(1.15797 0.163984 1.50546e-22)
(1.1314 0.164539 -3.09414e-21)
(1.13371 0.164034 4.24598e-21)
(1.13601 0.163525 -8.56904e-21)
(1.1383 0.163012 -3.21713e-21)
(1.14059 0.162496 2.40737e-21)
(1.14288 0.161978 4.97012e-21)
(1.14516 0.161456 -1.2156e-20)
(1.14743 0.160931 -3.46023e-21)
(1.1497 0.160402 3.21292e-21)
(1.15196 0.159867 1.82994e-21)
(1.1542 0.15934 -2.43108e-21)
(1.15645 0.158813 -2.17815e-21)
(1.13084 0.159068 3.0001e-21)
(1.13305 0.158594 -3.71667e-21)
(1.13526 0.158116 5.8045e-21)
(1.13747 0.157636 -3.77502e-22)
(1.13967 0.157154 -5.15564e-21)
(1.14186 0.156669 1.7563e-21)
(1.14406 0.156182 -4.74322e-22)
(1.14625 0.155693 2.16806e-21)
(1.14843 0.155203 -1.36801e-21)
(1.1506 0.154711 4.87134e-21)
(1.15277 0.154221 -2.71822e-21)
(1.15495 0.153731 1.82568e-21)
(1.13024 0.15368 1.8113e-21)
(1.13237 0.153236 4.99622e-21)
(1.13449 0.152789 -2.5878e-21)
(1.13661 0.152339 3.64755e-21)
(1.13872 0.151888 7.51915e-21)
(1.14084 0.151436 -9.73033e-22)
(1.14295 0.150982 6.08244e-21)
(1.14505 0.150526 2.40435e-21)
(1.14716 0.15007 -3.87043e-21)
(1.14925 0.149613 -2.07081e-22)
(1.15135 0.149156 -1.91609e-21)
(1.15344 0.1487 -1.41339e-22)
(1.12961 0.148373 -2.53316e-21)
(1.13165 0.147956 -2.69581e-21)
(1.13369 0.147537 6.16134e-21)
(1.13572 0.147117 -2.03966e-21)
(1.13776 0.146696 2.00897e-21)
(1.13979 0.146273 9.76679e-22)
(1.14182 0.14585 -4.46012e-21)
(1.14385 0.145425 -4.30432e-21)
(1.14588 0.145001 3.08349e-21)
(1.1479 0.144576 -3.22917e-21)
(1.14993 0.144151 1.20139e-21)
(1.15195 0.143727 1.85018e-21)
(1.12894 0.143142 4.81503e-22)
(1.1309 0.142751 3.27759e-22)
(1.13286 0.142359 -6.36745e-21)
(1.13482 0.141966 -2.6531e-21)
(1.13677 0.141572 -2.16686e-21)
(1.13873 0.141178 -2.19789e-22)
(1.14069 0.140783 9.84084e-22)
(1.14264 0.140388 1.04176e-21)
(1.1446 0.139992 -7.96893e-22)
(1.14655 0.139597 4.98956e-22)
(1.1485 0.139202 -1.45283e-21)
(1.15046 0.138809 3.41996e-22)
(1.12823 0.137983 1.8509e-21)
(1.13011 0.137617 -3.69179e-21)
(1.132 0.13725 2.87893e-21)
(1.13388 0.136883 1.4252e-21)
(1.13577 0.136515 -7.16921e-22)
(1.13766 0.136147 -5.45987e-21)
(1.13954 0.135778 2.11992e-21)
(1.14143 0.13541 -5.33116e-23)
(1.14331 0.135042 -1.95089e-21)
(1.1452 0.134673 -2.13166e-21)
(1.14709 0.134304 7.11639e-23)
(1.14897 0.133939 -2.49562e-22)
(1.12749 0.132894 -5.60242e-21)
(1.1293 0.132551 5.42722e-21)
(1.13112 0.132207 -3.7395e-21)
(1.13293 0.131864 4.75736e-21)
(1.13475 0.131521 -2.07517e-21)
(1.13657 0.131178 1.72037e-21)
(1.13838 0.130835 1.03132e-21)
(1.1402 0.130494 2.97896e-23)
(1.14202 0.130153 1.33762e-21)
(1.14383 0.129813 -8.63227e-23)
(1.14566 0.129476 3.54412e-21)
(1.14749 0.129135 -2.52259e-22)
(1.12671 0.127868 3.47757e-21)
(1.12846 0.127547 -3.79917e-21)
(1.13021 0.127226 4.53659e-21)
(1.13196 0.126905 5.75923e-22)
(1.13371 0.126585 5.06468e-21)
(1.13547 0.126265 -3.34656e-22)
(1.13722 0.125946 -2.1927e-21)
(1.13898 0.125628 1.81726e-21)
(1.14074 0.125311 -2.21047e-21)
(1.1425 0.124996 2.28278e-21)
(1.14425 0.124683 -2.37383e-21)
(1.146 0.124366 1.17539e-21)
(1.12591 0.122904 1.69082e-21)
(1.12759 0.122604 -1.89263e-21)
(1.12928 0.122303 -2.85362e-21)
(1.13097 0.122003 -1.97101e-21)
(1.13266 0.121704 2.82212e-21)
(1.13435 0.121405 -2.77347e-21)
(1.13604 0.121106 2.72296e-21)
(1.13774 0.120809 -2.13208e-21)
(1.13944 0.120512 4.35462e-21)
(1.14114 0.120215 -1.79417e-21)
(1.14283 0.119919 6.0185e-23)
(1.14453 0.119627 -2.16524e-21)
(1.12507 0.117998 2.46841e-21)
(1.1267 0.117717 5.71846e-22)
(1.12832 0.117436 -3.65943e-21)
(1.12995 0.117156 9.87175e-22)
(1.13158 0.116876 -4.49859e-21)
(1.13322 0.116597 2.26759e-22)
(1.13486 0.116319 3.08734e-22)
(1.13649 0.116042 5.16489e-21)
(1.13814 0.115766 -1.45413e-21)
(1.13978 0.115491 4.60196e-22)
(1.14142 0.115218 1.54047e-21)
(1.14306 0.114947 3.7438e-21)
(1.12421 0.113146 -2.4767e-21)
(1.12578 0.112883 -3.8285e-21)
(1.12735 0.112621 8.43e-21)
(1.12892 0.112359 2.64156e-21)
(1.1305 0.112098 -2.66391e-21)
(1.13208 0.111838 6.85818e-22)
(1.13366 0.111579 -5.12785e-22)
(1.13524 0.111322 -2.1317e-21)
(1.13683 0.111065 -3.91974e-22)
(1.13842 0.11081 -1.91624e-21)
(1.14001 0.110556 1.65544e-21)
(1.1416 0.110304 -4.70116e-21)
(1.12332 0.108346 -1.75969e-21)
(1.12484 0.1081 4.92726e-21)
(1.12635 0.107855 9.26763e-24)
(1.12787 0.107611 -2.04667e-21)
(1.1294 0.107368 -2.13204e-22)
(1.13093 0.107126 -7.32329e-22)
(1.13246 0.106885 -1.38752e-21)
(1.13399 0.106645 -7.25447e-22)
(1.13552 0.106407 -6.44614e-22)
(1.13706 0.10617 3.55127e-21)
(1.1386 0.105934 -1.21765e-21)
(1.14014 0.105701 1.94086e-21)
(1.12241 0.103593 -4.8469e-21)
(1.12388 0.103364 -2.1273e-21)
(1.12534 0.103135 -3.5312e-21)
(1.12682 0.102908 -3.63594e-22)
(1.12829 0.102681 2.51825e-21)
(1.12977 0.102456 1.57015e-21)
(1.13125 0.102232 1.60839e-21)
(1.13273 0.102009 -7.25135e-22)
(1.13422 0.101787 -2.5763e-21)
(1.13571 0.101568 -2.74936e-21)
(1.1372 0.101349 -3.12055e-21)
(1.13869 0.101133 1.06813e-21)
(1.12149 0.0988849 4.2348e-21)
(1.1229 0.0986709 -6.10654e-22)
(1.12432 0.0984578 2.8647e-21)
(1.12575 0.0982459 -9.6992e-22)
(1.12717 0.098035 1.04862e-21)
(1.1286 0.0978254 -2.64729e-21)
(1.13004 0.0976171 1.71901e-21)
(1.13147 0.0974102 2.67857e-21)
(1.13291 0.0972047 1.65529e-21)
(1.13436 0.0970008 3.09971e-22)
(1.1358 0.0967986 2.57759e-21)
(1.13725 0.0965981 9.63952e-22)
(1.12054 0.0942175 -2.17662e-21)
(1.12191 0.0940181 1.57604e-21)
(1.12329 0.0938198 1.79767e-21)
(1.12467 0.0936225 2.18205e-22)
(1.12605 0.0934265 2.25236e-21)
(1.12744 0.0932317 5.49818e-22)
(1.12883 0.0930383 -1.4398e-21)
(1.13022 0.0928463 2.01237e-22)
(1.13162 0.0926558 -2.00974e-21)
(1.13301 0.0924668 2.70068e-22)
(1.13441 0.0922795 -2.23438e-21)
(1.13582 0.092094 1.55384e-21)
(1.11959 0.0895875 2.11018e-21)
(1.12092 0.089402 -2.7119e-21)
(1.12225 0.0892175 -2.34307e-21)
(1.12359 0.0890343 -1.84853e-22)
(1.12493 0.0888522 -3.24036e-21)
(1.12627 0.0886714 2.14285e-21)
(1.12762 0.088492 1.57246e-21)
(1.12897 0.088314 4.03346e-22)
(1.13033 0.0881375 -1.24239e-21)
(1.13168 0.0879625 2.27118e-21)
(1.13304 0.0877892 6.80289e-22)
(1.1344 0.0876174 -9.67559e-22)
(1.11862 0.0849912 1.01471e-21)
(1.11991 0.0848189 6.1708e-22)
(1.12121 0.0846477 -5.07081e-22)
(1.1225 0.0844777 -1.76261e-21)
(1.12381 0.0843089 4.03704e-21)
(1.12511 0.0841414 -3.65679e-22)
(1.12642 0.0839753 -1.52701e-21)
(1.12773 0.0838107 -4.25996e-22)
(1.12905 0.0836475 2.96766e-21)
(1.13036 0.083486 -4.37438e-22)
(1.13168 0.0833261 5.51417e-23)
(1.13301 0.0831679 -6.87088e-22)
(1.11765 0.080425 -2.28257e-21)
(1.11891 0.0802652 2.40623e-21)
(1.12016 0.0801065 -1.63858e-21)
(1.12143 0.079949 2.33846e-21)
(1.12269 0.0797928 -2.41411e-21)
(1.12396 0.0796379 -2.72961e-22)
(1.12523 0.0794844 -2.13051e-21)
(1.1265 0.0793324 -6.53924e-22)
(1.12778 0.0791819 -1.31318e-21)
(1.12906 0.0790331 -6.35849e-22)
(1.13034 0.0788861 -1.93386e-21)
(1.13163 0.0787408 6.69983e-22)
(1.11669 0.0758847 9.6674e-22)
(1.11791 0.0757368 -1.99944e-21)
(1.11913 0.07559 1.99325e-21)
(1.12035 0.0754444 -3.07232e-21)
(1.12158 0.0752999 -1.57375e-21)
(1.12282 0.0751568 -3.29742e-21)
(1.12405 0.075015 4.90397e-21)
(1.12529 0.0748746 1.3214e-21)
(1.12654 0.0747356 1.49235e-21)
(1.12778 0.0745982 -1.2833e-22)
(1.12903 0.0744624 -4.18116e-22)
(1.13028 0.0743281 -1.43237e-21)
(1.11572 0.0713665 -7.01881e-23)
(1.11691 0.0712299 2.12857e-21)
(1.1181 0.0710944 3.503e-21)
(1.11929 0.07096 4.46021e-22)
(1.12049 0.0708268 6.14177e-22)
(1.12169 0.0706948 3.16276e-21)
(1.1229 0.070564 -2.20593e-21)
(1.1241 0.0704347 -3.69681e-21)
(1.12531 0.0703066 -1.86502e-21)
(1.12652 0.07018 1.17808e-21)
(1.12774 0.0700549 -3.46703e-23)
(1.12895 0.0699312 1.07815e-21)
(1.11477 0.0668662 1.5786e-22)
(1.11593 0.0667405 -9.87873e-22)
(1.11709 0.0666158 -2.82269e-21)
(1.11825 0.0664921 -2.50817e-21)
(1.11942 0.0663696 2.92458e-21)
(1.12059 0.0662483 -3.13748e-21)
(1.12176 0.0661282 1.2407e-21)
(1.12294 0.0660094 5.12267e-22)
(1.12412 0.065892 1.52919e-21)
(1.1253 0.065776 3.08436e-22)
(1.12648 0.0656614 -1.20213e-21)
(1.12766 0.0655484 6.87083e-23)
(1.11384 0.0623795 4.76651e-22)
(1.11497 0.0622641 -5.39751e-22)
(1.1161 0.0621497 2.66184e-21)
(1.11723 0.0620363 -1.05157e-21)
(1.11837 0.061924 3.39666e-22)
(1.11951 0.0618129 1.88827e-21)
(1.12066 0.061703 -7.99446e-22)
(1.1218 0.0615943 7.1475e-22)
(1.12295 0.0614869 -6.53625e-22)
(1.1241 0.0613809 -8.55742e-22)
(1.12526 0.0612762 1.91082e-21)
(1.12641 0.061173 -1.67444e-21)
(1.11292 0.0579014 -1.51016e-21)
(1.11403 0.057796 1.03732e-21)
(1.11513 0.0576915 1.41703e-21)
(1.11624 0.057588 1.77661e-21)
(1.11735 0.0574855 -4.28052e-22)
(1.11847 0.0573841 -9.08824e-22)
(1.11958 0.0572839 4.64614e-22)
(1.1207 0.0571849 -1.62844e-21)
(1.12183 0.057087 1.29048e-21)
(1.12295 0.0569905 9.93885e-22)
(1.12407 0.0568953 -1.60662e-22)
(1.1252 0.0568014 1.12841e-21)
(1.11204 0.053427 -5.42352e-22)
(1.11312 0.0533312 -1.36454e-21)
(1.1142 0.0532362 2.66727e-21)
(1.11528 0.0531421 -3.00202e-21)
(1.11637 0.0530491 2.00351e-21)
(1.11746 0.052957 -2.6935e-21)
(1.11855 0.0528661 1.10318e-21)
(1.11965 0.0527762 -1.90324e-21)
(1.12074 0.0526875 4.57147e-22)
(1.12184 0.0526001 9.56645e-22)
(1.12294 0.0525138 6.48445e-22)
(1.12404 0.0524289 -1.5025e-21)
(1.11119 0.0489508 6.6997e-22)
(1.11224 0.0488642 -1.60601e-21)
(1.1133 0.0487784 -1.19065e-21)
(1.11436 0.0486934 4.19173e-22)
(1.11543 0.0486094 3.68757e-22)
(1.1165 0.0485263 -1.4687e-21)
(1.11756 0.0484443 2.16407e-23)
(1.11864 0.0483633 9.7169e-22)
(1.11971 0.0482833 9.82971e-22)
(1.12078 0.0482045 -1.95251e-21)
(1.12186 0.0481269 -3.0776e-23)
(1.12294 0.0480504 1.71633e-21)
(1.11038 0.0444669 -1.10749e-21)
(1.11141 0.0443892 1.18724e-22)
(1.11245 0.0443123 -5.0949e-22)
(1.11349 0.0442361 -7.6962e-22)
(1.11454 0.0441608 1.01109e-21)
(1.11558 0.0440864 2.17769e-21)
(1.11663 0.0440129 2.19133e-21)
(1.11768 0.0439404 -2.24186e-21)
(1.11873 0.0438689 -1.79158e-22)
(1.11978 0.0437984 -8.2116e-22)
(1.12084 0.043729 6.71551e-22)
(1.12189 0.0436607 -5.05053e-23)
(1.10961 0.0399689 -8.82364e-23)
(1.11063 0.0398999 -1.42568e-23)
(1.11165 0.0398315 -1.77457e-22)
(1.11268 0.0397639 -7.10893e-22)
(1.1137 0.039697 -2.8364e-22)
(1.11473 0.039631 -1.69016e-22)
(1.11576 0.0395658 6.68523e-22)
(1.11679 0.0395015 2.84691e-22)
(1.11782 0.0394381 -1.16479e-21)
(1.11885 0.0393757 1.88977e-23)
(1.11988 0.0393142 -8.22633e-22)
(1.12092 0.0392537 3.92722e-22)
(1.10891 0.03545 -1.10605e-21)
(1.10991 0.0353894 -3.24521e-22)
(1.11092 0.0353294 1.97421e-21)
(1.11192 0.03527 -3.51453e-22)
(1.11293 0.0352114 1.10241e-21)
(1.11394 0.0351535 4.47381e-22)
(1.11495 0.0350964 -2.63582e-21)
(1.11596 0.03504 7.08253e-22)
(1.11698 0.0349845 2.54985e-22)
(1.11799 0.0349299 6.49758e-22)
(1.11901 0.0348761 -6.52261e-22)
(1.12002 0.0348233 -6.92314e-22)
(1.10827 0.0309022 -4.58098e-22)
(1.10926 0.0308498 1.02995e-21)
(1.11024 0.0307979 -6.77521e-22)
(1.11124 0.0307467 -1.12226e-21)
(1.11223 0.0306961 -4.04716e-22)
(1.11322 0.0306461 -5.78534e-22)
(1.11422 0.0305968 4.86326e-22)
(1.11521 0.0305482 -1.17092e-23)
(1.11621 0.0305004 -5.62874e-22)
(1.11721 0.0304533 -3.13714e-22)
(1.11821 0.030407 1.56547e-21)
(1.11921 0.0303615 -2.74457e-22)
(1.10673 0.0263626 -3.88769e-22)
(1.1077 0.0263179 1.71235e-21)
(1.10867 0.0262737 -1.43781e-21)
(1.10965 0.0262299 1.47617e-21)
(1.11063 0.0261867 -8.73798e-22)
(1.11161 0.026144 6.09977e-22)
(1.11259 0.0261019 1.18947e-21)
(1.11357 0.0260603 -1.71011e-21)
(1.11455 0.0260194 -9.29941e-22)
(1.11553 0.0259791 2.17895e-21)
(1.11652 0.0259395 -1.69869e-21)
(1.1175 0.0259005 1.20156e-21)
(1.11848 0.0258623 7.8776e-22)
(1.10625 0.0217227 3.0487e-21)
(1.10721 0.021686 -4.6136e-22)
(1.10817 0.0216497 2.48732e-22)
(1.10914 0.0216138 2.16433e-22)
(1.1101 0.0215784 -7.56938e-22)
(1.11107 0.0215434 -4.34772e-22)
(1.11204 0.0215089 5.15459e-22)
(1.11301 0.0214748 6.38957e-22)
(1.11398 0.0214414 -7.75076e-22)
(1.11495 0.0214084 1.49253e-21)
(1.11592 0.021376 -9.63814e-23)
(1.11689 0.0213442 -2.43777e-22)
(1.11786 0.021313 -4.0948e-22)
(1.10586 0.0170297 -4.50903e-22)
(1.10681 0.0170013 -8.9717e-23)
(1.10776 0.0169731 4.07564e-21)
(1.10872 0.0169453 -6.33792e-22)
(1.10968 0.0169178 -4.67307e-21)
(1.11063 0.0168907 1.99726e-21)
(1.11159 0.0168639 -8.89834e-24)
(1.11255 0.0168376 3.65992e-22)
(1.11351 0.0168117 -1.05523e-22)
(1.11447 0.0167862 5.16001e-22)
(1.11543 0.0167612 7.31896e-22)
(1.11639 0.0167366 -1.96072e-21)
(1.11735 0.0167125 2.62632e-21)
(1.10556 0.0122609 -2.54032e-21)
(1.10651 0.0122402 1.30093e-21)
(1.10746 0.0122197 1.27205e-21)
(1.1084 0.0121995 4.0963e-23)
(1.10935 0.0121795 -4.83238e-21)
(1.1103 0.0121599 3.60325e-21)
(1.11125 0.0121406 -1.33493e-21)
(1.1122 0.0121216 6.86923e-22)
(1.11315 0.012103 -5.3308e-22)
(1.1141 0.0120847 1.42881e-21)
(1.11506 0.0120668 -2.69982e-21)
(1.11601 0.0120492 2.04881e-21)
(1.11696 0.0120321 2.86879e-22)
(1.10537 0.00743033 -1.23813e-22)
(1.10631 0.00741834 -6.54669e-22)
(1.10725 0.00740647 9.79644e-22)
(1.10819 0.00739474 1.39049e-21)
(1.10914 0.00738315 2.06877e-22)
(1.11008 0.00737171 -1.83412e-21)
(1.11102 0.00736043 -4.15333e-22)
(1.11197 0.00734931 9.41439e-22)
(1.11291 0.00733836 4.88937e-22)
(1.11386 0.00732758 -1.39497e-21)
(1.1148 0.00731698 5.30095e-22)
(1.11575 0.00730656 -2.70543e-22)
(1.11669 0.00729632 1.55146e-21)
(1.1053 0.00246252 3.80814e-21)
(1.10623 0.00245789 -2.74205e-21)
(1.10717 0.00245347 -5.45996e-23)
(1.10811 0.00244927 2.76375e-22)
(1.10905 0.00244529 -2.43026e-21)
(1.10999 0.00244154 2.68666e-21)
(1.11093 0.00243802 1.38803e-21)
(1.11186 0.00243472 -6.59567e-22)
(1.1128 0.00243165 5.8615e-23)
(1.11374 0.00242879 -2.08219e-22)
(1.11468 0.00242616 -2.07898e-21)
(1.11562 0.00242374 9.92226e-22)
(1.11656 0.00242153 8.91637e-22)
)
;

boundaryField
{
    inlet
    {
        type            uniformFixedValue;
        uniformValue    constant (1 0 0);
        value           nonuniform 0();
    }
    outlet
    {
        type            pressureInletOutletVelocity;
        value           nonuniform 0();
    }
    cylinder
    {
        type            fixedValue;
        value           uniform (0 0 0);
    }
    top
    {
        type            symmetryPlane;
    }
    bottom
    {
        type            symmetryPlane;
    }
    defaultFaces
    {
        type            empty;
    }
    procBoundary21to4
    {
        type            processor;
        value           nonuniform List<vector> 3((0.142109 -0.138829 6.07541e-20) (0.371548 -0.347663 -6.54623e-20) (0.379491 -0.342557 7.81581e-20));
    }
    procBoundary21to5
    {
        type            processor;
        value           nonuniform List<vector> 3((0.386889 -0.336842 -3.36096e-20) (0.39373 -0.330547 9.67586e-20) (0.154852 -0.124969 -2.14887e-19));
    }
    procBoundary21to20
    {
        type            processor;
        value           nonuniform List<vector> 
103
(
(1.13472 0.379245 -1.22261e-20)
(1.13051 0.365146 -2.99717e-20)
(1.13705 0.347182 -1.72419e-20)
(1.13472 0.379245 -1.22261e-20)
(1.12923 0.397853 9.06058e-21)
(1.12923 0.397853 9.06058e-21)
(1.12325 0.417852 -4.29803e-20)
(1.1223 0.458751 -7.1375e-20)
(1.12325 0.417852 -4.29803e-20)
(1.11711 0.439197 -2.66903e-20)
(1.1223 0.458751 -7.1375e-20)
(1.11642 0.483008 -8.49354e-20)
(1.11642 0.483008 -8.49354e-20)
(1.10993 0.508781 7.7073e-20)
(1.10993 0.508781 7.7073e-20)
(1.10232 0.535912 -5.71344e-20)
(1.10232 0.535912 -5.71344e-20)
(1.09286 0.563985 6.28853e-20)
(1.09286 0.563985 6.28853e-20)
(1.08028 0.592098 -6.22861e-20)
(1.08028 0.592098 -6.22861e-20)
(1.06257 0.618561 7.93285e-20)
(1.06257 0.618561 7.93285e-20)
(1.03661 0.640515 1.15114e-19)
(1.03661 0.640515 1.15114e-19)
(1.01993 0.646151 -9.24087e-21)
(0.981359 0.660013 -1.95111e-20)
(0.981359 0.660013 -1.95111e-20)
(0.924893 0.658991 4.96895e-21)
(0.924893 0.658991 4.96895e-21)
(0.843851 0.635229 1.28153e-19)
(0.843851 0.635229 1.28153e-19)
(0.731197 0.579682 7.71586e-21)
(0.731197 0.579682 7.71586e-21)
(0.717537 0.587203 9.61158e-21)
(0.569554 0.490226 1.14261e-19)
(0.569554 0.490226 1.14261e-19)
(0.379494 0.34256 3.27335e-20)
(0.379494 0.34256 3.27335e-20)
(0.371552 0.347666 -4.48323e-20)
(0.142111 0.138831 -4.78315e-21)
(1.13705 0.347182 -1.72419e-20)
(1.13558 0.336713 9.20192e-21)
(1.13482 0.326897 2.69867e-20)
(1.13462 0.317485 -2.57622e-20)
(1.13467 0.308514 3.8421e-21)
(1.1348 0.299868 4.23433e-21)
(1.13493 0.29148 -1.66682e-20)
(1.13504 0.283321 1.24746e-20)
(1.13512 0.275374 -4.34776e-21)
(1.13516 0.267627 5.21506e-21)
(1.13518 0.260073 4.31585e-21)
(1.13517 0.252703 -4.66261e-21)
(1.13513 0.245508 -3.81786e-21)
(1.13506 0.238478 -3.12212e-21)
(1.13496 0.231608 -1.0043e-22)
(1.13496 0.231608 -1.0043e-22)
(1.1312 0.225812 2.01869e-21)
(1.1312 0.219183 -4.33715e-21)
(1.13115 0.212692 -1.29792e-21)
(1.13106 0.206334 5.49872e-21)
(1.13092 0.200101 -2.67459e-21)
(1.13073 0.193989 4.74315e-21)
(1.13049 0.187991 -3.69325e-21)
(1.13021 0.182102 -2.90426e-21)
(1.12988 0.176317 3.95108e-21)
(1.12951 0.170632 -3.08378e-21)
(1.12909 0.16504 2.7451e-21)
(1.12862 0.159538 -2.65966e-21)
(1.12812 0.154122 1.53151e-21)
(1.12757 0.148788 -1.86998e-21)
(1.12697 0.143531 7.085e-21)
(1.12634 0.138349 -3.59376e-21)
(1.12567 0.133236 1.85873e-21)
(1.12497 0.128189 -2.25106e-21)
(1.12422 0.123205 1.63507e-21)
(1.12345 0.11828 -1.6637e-21)
(1.12265 0.11341 -6.17687e-22)
(1.12181 0.108592 4.86505e-21)
(1.12095 0.103823 -3.16692e-21)
(1.12007 0.0990998 -1.5257e-22)
(1.11917 0.0944178 -3.04646e-21)
(1.11826 0.0897739 7.39618e-21)
(1.11734 0.0851645 -4.18973e-21)
(1.1164 0.0805858 -2.40751e-21)
(1.11547 0.0760336 9.0748e-22)
(1.11454 0.0715041 2.14997e-22)
(1.11362 0.0669929 5.24404e-22)
(1.11271 0.0624958 -1.3186e-22)
(1.11182 0.0580077 -6.44476e-22)
(1.11096 0.0535237 -1.29121e-21)
(1.11013 0.0490382 6.47258e-22)
(1.10934 0.0445454 -2.23668e-21)
(1.1086 0.0400386 -9.9399e-22)
(1.10791 0.0355112 7.25658e-22)
(1.10728 0.030955 4.86467e-22)
(1.10728 0.030955 4.86467e-22)
(1.10576 0.0264077 -3.67006e-21)
(1.10529 0.0217597 4.31295e-21)
(1.1049 0.0170585 6.40134e-22)
(1.10462 0.0122818 -1.70977e-21)
(1.10443 0.00744244 1.30944e-23)
(1.10436 0.00246737 3.53765e-21)
)
;
    }
    procBoundary21to22
    {
        type            processor;
        value           nonuniform List<vector> 
87
(
(1.23912 0.342844 -2.01492e-21)
(1.23193 0.331998 3.02931e-20)
(1.22508 0.321895 -3.23339e-20)
(1.25763 0.381586 -1.77188e-20)
(1.24891 0.370301 -6.01818e-21)
(1.24058 0.358888 -4.28471e-20)
(1.24058 0.358888 -4.28471e-20)
(1.27143 0.417899 -7.34747e-20)
(1.2672 0.409688 -1.6881e-20)
(1.25974 0.399305 -7.30213e-20)
(1.25974 0.399305 -7.30213e-20)
(1.23043 0.425453 -2.66645e-20)
(1.25545 0.43307 4.42081e-20)
(1.26561 0.432716 -6.62519e-20)
(1.26561 0.432716 -6.62519e-20)
(1.02228 0.351117 -5.67249e-20)
(1.12064 0.393878 -5.67071e-21)
(1.18859 0.422814 5.70088e-20)
(1.18859 0.422814 5.70088e-20)
(0.744122 0.245653 -4.64958e-20)
(0.904424 0.313109 2.72814e-20)
(0.904424 0.313109 2.72814e-20)
(0.35553 0.105754 2.52683e-19)
(0.568438 0.185251 -4.55022e-20)
(0.568438 0.185251 -4.55022e-20)
(0.128673 0.0374751 -1.30478e-19)
(0.128673 0.0374751 -1.30478e-19)
(1.21974 0.311945 -5.01593e-21)
(1.21523 0.304391 1.28914e-20)
(1.21078 0.296886 -1.82455e-20)
(1.20665 0.289454 8.6853e-21)
(1.20291 0.282211 5.10022e-21)
(1.19956 0.275174 -3.13472e-21)
(1.19652 0.26833 -3.99611e-21)
(1.19372 0.261647 2.49989e-22)
(1.19111 0.255104 5.75956e-21)
(1.18864 0.24869 -6.20244e-21)
(1.18629 0.242388 -3.83188e-21)
(1.18404 0.236196 2.29867e-21)
(1.18188 0.230097 2.99597e-21)
(1.17981 0.22409 4.08343e-22)
(1.17781 0.218183 2.68605e-22)
(1.17587 0.21236 5.06988e-21)
(1.174 0.206626 -9.03196e-21)
(1.17216 0.200971 5.10537e-21)
(1.17038 0.195387 -3.63047e-21)
(1.16863 0.189882 -7.30862e-22)
(1.16692 0.184451 5.0932e-21)
(1.16523 0.179091 -2.14322e-21)
(1.16358 0.173793 -1.46385e-21)
(1.16194 0.168575 -2.58737e-21)
(1.1603 0.163407 -8.86856e-22)
(1.1587 0.158285 3.47786e-21)
(1.15711 0.15324 -1.94947e-21)
(1.15554 0.148244 -2.25384e-21)
(1.15397 0.143304 3.98304e-21)
(1.15241 0.138417 -6.08955e-21)
(1.15086 0.133576 1.49502e-21)
(1.14932 0.128794 -3.60654e-22)
(1.14776 0.124049 1.70657e-21)
(1.14623 0.119336 8.97428e-22)
(1.14471 0.114677 1.0381e-21)
(1.14319 0.110054 -3.03244e-21)
(1.14168 0.105469 3.79415e-22)
(1.14018 0.100918 3.00314e-23)
(1.1387 0.0963995 4.63693e-22)
(1.13722 0.0919104 -1.25564e-21)
(1.13577 0.0874479 1.07301e-21)
(1.13433 0.0830113 -1.89692e-21)
(1.13292 0.0785963 4.24884e-22)
(1.13153 0.0741954 1.62251e-21)
(1.13017 0.0698096 -8.2651e-22)
(1.12885 0.065437 4.87717e-22)
(1.12757 0.0610713 4.8333e-22)
(1.12633 0.056709 1.83322e-21)
(1.12514 0.0523452 -2.8038e-22)
(1.12402 0.0479752 5.84214e-22)
(1.12295 0.0435936 -4.86177e-22)
(1.12196 0.0391943 -5.60601e-22)
(1.12104 0.0347714 -8.49829e-22)
(1.12021 0.0303169 7.81755e-22)
(1.11947 0.0258247 3.93903e-22)
(1.11883 0.0212824 4.6954e-22)
(1.11831 0.0166888 6.57108e-22)
(1.11791 0.0120153 6.66851e-22)
(1.11763 0.00728627 9.85068e-22)
(1.11749 0.00241951 1.77635e-21)
)
;
    }
}


// ************************************************************************* //
