/*--------------------------------*- C++ -*----------------------------------*\
  =========                 |
  \\      /  F ield         | OpenFOAM: The Open Source CFD Toolbox
   \\    /   O peration     | Website:  https://openfoam.org
    \\  /    A nd           | Version:  7
     \\/     M anipulation  |
\*---------------------------------------------------------------------------*/
FoamFile
{
    version     2.0;
    format      ascii;
    class       surfaceScalarField;
    location    "51";
    object      phi;
}
// * * * * * * * * * * * * * * * * * * * * * * * * * * * * * * * * * * * * * //

dimensions      [0 3 -1 0 0 0 0];

internalField   nonuniform List<scalar> 
2013
(
0.00252853
3.09965e-05
-3.01215e-05
0.00252607
8.80432e-05
-8.55793e-05
0.00252219
0.000140221
-0.00013634
0.00251701
0.000189016
-0.000183836
0.00251062
0.000235975
-0.00022959
0.0025031
0.000282035
-0.000274515
0.00249451
0.000327986
-0.000319391
0.00248489
0.000374408
-0.000364794
0.00247431
0.000421774
-0.000411196
0.000470454
-0.000458975
0.00258867
3.18702e-05
0.0025862
9.05152e-05
0.0025823
0.000144113
0.00257711
0.000194211
0.00257071
0.000242375
0.00256318
0.000289564
0.00255459
0.000336578
0.002545
0.000384002
0.00253446
0.000432306
0.000481853
0.00265024
3.27419e-05
0.00264777
9.2987e-05
0.00264387
0.000148007
0.00263868
0.000199406
0.00263228
0.000248768
0.00262477
0.000297077
0.00261621
0.000345139
0.00260667
0.000393545
0.00259622
0.000442757
0.000493133
0.00271327
3.36101e-05
0.0027108
9.54523e-05
0.00270692
0.00015189
0.00270174
0.000204585
0.00269537
0.000255137
0.0026879
0.000304552
0.00267939
0.000353644
0.00266994
0.000403004
0.0026596
0.000453092
0.000504255
0.0027778
3.44733e-05
0.00277535
9.79055e-05
0.00277149
0.000155753
0.00276634
0.000209734
0.00276001
0.000261463
0.0027526
0.000311966
0.00274418
0.000362064
0.00273483
0.000412349
0.00272465
0.000463276
0.000515179
0.00284387
3.533e-05
0.00284144
0.000100341
0.0028376
0.000159587
0.0028325
0.00021484
0.00282623
0.000267729
0.0028189
0.000319299
0.00281059
0.000370376
0.00280138
0.000421551
0.00279139
0.000473273
0.000525865
0.00291151
3.61785e-05
0.0029091
0.000102754
0.0029053
0.000163382
0.00290025
0.00021989
0.00289407
0.000273918
0.00288684
0.000326529
0.00287866
0.000378552
0.00286963
0.000430579
0.00285986
0.00048305
0.000536274
0.00298076
3.70169e-05
0.00297838
0.000105137
0.00297463
0.000167129
0.00296965
0.000224871
0.00296356
0.000280012
0.00295645
0.000333633
0.00294844
0.000386568
0.00293961
0.000439403
0.00293009
0.000492572
0.000546369
0.00305166
3.78432e-05
0.00304931
0.000107487
0.00304562
0.000170819
0.00304073
0.000229768
0.00303474
0.000285994
0.00302779
0.000340592
0.00301996
0.000394397
0.00301137
0.000447994
0.00300213
0.000501805
0.00055611
0.00312425
3.86552e-05
0.00312194
0.000109795
0.00311832
0.00017444
0.00311352
0.000234568
0.00310767
0.000291846
0.00310088
0.000347383
0.00309326
0.000402015
0.00308493
0.000456321
0.00307602
0.000510715
0.00056546
0.00319856
3.94506e-05
0.0031963
0.000112056
0.00319276
0.000177983
0.00318807
0.000239256
0.00318237
0.000297549
0.00317577
0.000353983
0.00316839
0.000409394
0.00316035
0.000464354
0.0031518
0.000519268
0.000574381
0.00327465
4.02271e-05
0.00327244
0.000114263
0.00326899
0.000181437
0.00326442
0.000243818
0.00325889
0.000303085
0.0032525
0.00036037
0.00324539
0.000416508
0.00323768
0.000472063
0.00322952
0.00052743
0.000582835
0.00335254
4.09821e-05
0.00335039
0.000116407
0.00334704
0.000184789
0.00334262
0.000248237
0.00333727
0.000308434
0.00333112
0.000366521
0.0033243
0.000423329
0.00331695
0.000479417
0.00330921
0.000535165
0.000590785
0.00343229
4.17128e-05
0.00343021
0.000118483
0.00342697
0.000188028
0.00342271
0.000252497
0.00341757
0.000313575
0.00341168
0.00037241
0.00340518
0.000429829
0.00339822
0.000486383
0.00339094
0.00054244
0.000598193
0.00351393
4.24167e-05
0.00351193
0.000120481
0.00350882
0.000191141
0.00350474
0.000256581
0.00349983
0.000318487
0.00349422
0.000378013
0.00348807
0.00043598
0.00348152
0.000492931
0.00347474
0.00054922
0.000605023
0.00359752
4.30907e-05
0.00359561
0.000122393
0.00359264
0.000194115
0.00358875
0.000260471
0.00358408
0.00032315
0.00357879
0.000383304
0.00357302
0.000441753
0.00356692
0.000499028
0.00356067
0.00055547
0.000611239
0.0036831
4.37319e-05
0.00368128
0.000124211
0.00367846
0.000196936
0.00367478
0.00026415
0.00367039
0.000327539
0.00366544
0.000388258
0.00366007
0.000447119
0.00365446
0.000504643
0.00364877
0.000561155
0.000616803
0.00377072
4.43372e-05
0.003769
0.000125926
0.00376635
0.000199591
0.0037629
0.000267599
0.0037588
0.000331633
0.00375421
0.000392848
0.00374929
0.000452047
0.00374419
0.000509741
0.0037391
0.000566242
0.000621682
0.00386042
4.49035e-05
0.00385882
0.000127529
0.00385634
0.000202065
0.00385314
0.0002708
0.00384937
0.000335409
0.00384517
0.000397047
0.00384071
0.000456507
0.00383615
0.000514292
0.0038317
0.000570695
0.000625839
0.00395225
4.54275e-05
0.00395077
0.000129011
0.00394849
0.000204343
0.00394556
0.000273731
0.00394213
0.000338843
0.00393835
0.000400828
0.00393438
0.000460471
0.00393041
0.000518263
0.00392663
0.000574483
0.000629242
0.00404628
4.59059e-05
0.00404493
0.000130362
0.00404286
0.000206412
0.00404021
0.000276375
0.00403715
0.000341911
0.00403381
0.000404164
0.00403037
0.000463907
0.00402701
0.000521622
0.00402393
0.000577572
0.000631858
0.00414254
4.63352e-05
0.00414133
0.000131572
0.00413948
0.000208255
0.00413715
0.000278711
0.00413447
0.000344589
0.0041316
0.000407028
0.00412873
0.000466786
0.00412601
0.000524338
0.00412365
0.000579931
0.000633657
0.00424109
4.67121e-05
0.00424003
0.000132631
0.00423842
0.000209857
0.00423642
0.000280719
0.00423415
0.000346855
0.00423179
0.000409393
0.00422949
0.00046908
0.00422745
0.000526381
0.00422585
0.000581528
0.000634608
0.00434198
4.70331e-05
0.00434108
0.000133531
0.00433974
0.000211203
0.00433808
0.00028238
0.00433625
0.000348682
0.00433441
0.000411231
0.00433273
0.000470758
0.00433139
0.00052772
0.00433058
0.000582335
0.000634684
0.00444528
4.72946e-05
0.00444455
0.00013426
0.00444347
0.000212278
0.00444218
0.000283673
0.00444081
0.000350049
0.00443953
0.000412517
0.00443849
0.000471794
0.00443789
0.000528328
0.0044379
0.000582325
0.00063386
0.00455103
4.74931e-05
0.00455048
0.000134809
0.0045497
0.000213067
0.00454879
0.000284578
0.00454791
0.000350932
0.0045472
0.000413224
0.00454683
0.00047216
0.00454699
0.000528177
0.00454784
0.00058147
0.000632111
0.0046593
4.76252e-05
0.00465894
0.000135168
0.00465846
0.000213553
0.00465796
0.000285076
0.00465758
0.000351307
0.00465748
0.000413329
0.00465781
0.000471829
0.00465875
0.00052724
0.00466047
0.000579746
0.000629418
0.00477015
4.76874e-05
0.00476999
0.000135327
0.00476982
0.000213722
0.00476975
0.000285148
0.0047699
0.000351154
0.00477043
0.000412805
0.00477148
0.000470778
0.00477322
0.000525495
0.00477584
0.000577132
0.000625759
0.00488363
4.76762e-05
0.00488368
0.000135277
0.00488385
0.00021356
0.00488422
0.000284776
0.00488492
0.000350449
0.0048861
0.000411631
0.00488789
0.000468983
0.00489047
0.000522918
0.004894
0.000573607
0.00062112
0.00499982
4.75884e-05
0.00500009
0.000135008
0.0050006
0.000213051
0.00500143
0.00028394
0.00500271
0.000349173
0.00500455
0.000409785
0.00500712
0.00046642
0.00501055
0.000519488
0.005015
0.000569153
0.000615487
0.00511876
4.74205e-05
0.00511926
0.000134511
0.00512013
0.000212183
0.00512145
0.000282624
0.00512331
0.000347305
0.00512585
0.000407245
0.0051292
0.000463072
0.0051335
0.000515188
0.0051389
0.000563754
0.000608847
0.00524054
4.71695e-05
0.00524127
0.000133777
0.00524252
0.000210942
0.00524433
0.00028081
0.00524681
0.000344828
0.00525006
0.000403992
0.00525421
0.000458917
0.0052594
0.00051
0.00526576
0.000557398
0.000601192
0.00536521
4.68323e-05
0.00536619
0.000132799
0.00536782
0.000209315
0.00537015
0.000278485
0.00537325
0.000341724
0.00537723
0.000400009
0.00538221
0.000453941
0.0053883
0.00050391
0.00539562
0.000550073
0.000592517
0.00549285
4.6406e-05
0.00549408
0.000131567
0.00549611
0.00020729
0.00549896
0.000275632
0.00550271
0.000337977
0.00550744
0.000395279
0.00551325
0.000448128
0.00552026
0.000496906
0.00552856
0.000541772
0.000582819
0.00562352
4.58879e-05
0.00562502
0.000130075
0.00562745
0.000204856
0.00563084
0.000272238
0.00563525
0.000333572
0.00564074
0.000389789
0.0056474
0.000441466
0.00565533
0.000488978
0.00566461
0.000532488
0.000572095
0.0057573
4.52754e-05
0.00575906
0.000128316
0.00576192
0.000202003
0.00576586
0.000268291
0.00577094
0.000328496
0.0057772
0.000383526
0.00578473
0.000433943
0.00579358
0.000480119
0.00580385
0.000522219
0.000560348
0.00589426
4.45663e-05
0.0058963
0.000126283
0.00589958
0.000198722
0.00590409
0.000263781
0.00590985
0.000322738
0.00591689
0.000376479
0.00592529
0.000425552
0.00593508
0.000470323
0.00594634
0.000510962
0.000547583
0.00603448
4.37583e-05
0.00603679
0.00012397
0.00604051
0.000195004
0.0060456
0.000258696
0.00605205
0.000316288
0.00605989
0.00036864
0.00606915
0.000416286
0.00607989
0.000459589
0.00609213
0.00049872
0.000533804
0.00617803
4.28497e-05
0.00618063
0.000121373
0.00618479
0.000190842
0.00619046
0.00025303
0.00619761
0.000309139
0.00620624
0.000360002
0.00621639
0.000406141
0.00622806
0.000447914
0.00624129
0.000485497
0.000519021
0.00632499
4.18387e-05
0.00632788
0.000118486
0.00633249
0.00018623
0.00633875
0.000246776
0.0063466
0.000301283
0.00635604
0.00035056
0.00636707
0.000395116
0.00637968
0.0004353
0.00639388
0.000471297
0.000503244
0.00647545
4.0724e-05
0.00647863
0.000115308
0.00648369
0.000181163
0.00649054
0.000239927
0.00649911
0.000292717
0.00650936
0.000340313
0.00652126
0.000383209
0.00653481
0.000421752
0.00654998
0.000456128
0.000486485
0.00662948
3.95045e-05
0.00663295
0.000111834
0.00663848
0.000175637
0.00664592
0.000232481
0.0066552
0.000283437
0.00666626
0.000329258
0.00667904
0.000370424
0.00669352
0.000407274
0.00670965
0.00044
0.000468756
0.00678717
3.81794e-05
0.00679094
0.000108062
0.00679693
0.00016965
0.00680497
0.000224434
0.00681497
0.000273443
0.00682683
0.000317397
0.00684049
0.000356763
0.00685589
0.000391874
0.00687297
0.000422923
0.000450072
0.00694861
3.67481e-05
0.00695268
0.000103992
0.00695913
0.000163199
0.00696777
0.000215787
0.00697848
0.000262734
0.00699115
0.000304733
0.00700568
0.000342233
0.00702199
0.000375559
0.00704001
0.000404909
0.000430448
0.00711388
3.52103e-05
0.00711825
9.96223e-05
0.00712516
0.000156285
0.00713441
0.000206539
0.00714583
0.000251314
0.00715929
0.00029127
0.00717469
0.00032684
0.00719191
0.000358341
0.00721084
0.000385971
0.0004099
0.00728308
3.35659e-05
0.00728775
9.49534e-05
0.00729513
0.000148909
0.00730497
0.000196693
0.0073171
0.000239186
0.00733136
0.000277014
0.0073476
0.000310593
0.00736571
0.00034023
0.00738556
0.000366123
0.000388444
0.0074563
3.18153e-05
0.00746127
8.99863e-05
0.00746911
0.000141071
0.00747955
0.000186252
0.00749238
0.000226355
0.00750742
0.000261972
0.00752451
0.000293501
0.0075435
0.000321238
0.00756425
0.000345378
0.000366096
0.00763364
2.9959e-05
0.0076389
8.47225e-05
0.0076472
0.000132776
0.00765823
0.00017522
0.00767176
0.000212827
0.00768757
0.000246153
0.0077055
0.000275575
0.00772536
0.000301377
0.00774699
0.000323751
0.000342871
0.00781519
2.79978e-05
0.00782074
7.91644e-05
0.00782949
0.000124028
0.00784111
0.000163604
0.00785533
0.00019861
0.00787191
0.000229565
0.00789066
0.000256826
0.00791138
0.000280661
0.00793387
0.000301257
0.000318785
0.00800105
2.59327e-05
0.0080069
7.3315e-05
0.00801609
0.00011483
0.00802829
0.000151409
0.00804318
0.000183713
0.00806053
0.000212221
0.00808009
0.000237267
0.00810165
0.000259103
0.00812499
0.00027791
0.000293851
0.00819132
2.37651e-05
0.00819746
6.71781e-05
0.0082071
0.00010519
0.00821986
0.000138645
0.00823543
0.000168145
0.00825352
0.000194131
0.00827388
0.000216909
0.00829627
0.000236715
0.00832045
0.000253721
0.000268084
0.00838612
2.14964e-05
0.00839254
6.07581e-05
0.00840261
9.51137e-05
0.00841594
0.00012532
0.00843217
0.000151918
0.00845099
0.000175307
0.00847213
0.000195766
0.00849534
0.000213512
0.00852035
0.000228706
0.000241493
0.00858554
1.91285e-05
0.00859224
5.40601e-05
0.00860274
8.46095e-05
0.00861662
0.000111444
0.00863349
0.000135043
0.00865304
0.000155761
0.00867496
0.000173851
0.00869896
0.000189506
0.00872479
0.000202874
0.0087522
0.00021409
0.000223263
0.0087897
1.66635e-05
0.00879667
4.70899e-05
0.00880759
7.36861e-05
0.00882201
9.70283e-05
0.00883952
0.000117532
0.00885977
0.000135508
0.00888245
0.000151177
0.00890724
0.00016471
0.00893388
0.000176238
0.00896209
0.000185882
0.000193743
0.00899871
1.41037e-05
0.00900595
3.98541e-05
0.00901728
6.23535e-05
0.00903222
8.20854e-05
0.00905035
9.94006e-05
0.0090713
0.000114562
0.00909472
0.000127757
0.00912029
0.000139134
0.00914773
0.000148806
0.00917673
0.000156877
0.000163435
0.00921268
1.14519e-05
0.00922018
3.23601e-05
0.00923191
5.06229e-05
0.00924736
6.66288e-05
0.0092661
8.0662e-05
0.00928773
9.29366e-05
0.00931188
0.000103606
0.00933822
0.000112792
0.00936644
0.000120587
0.00939624
0.000127078
0.000132339
0.00943174
8.71091e-06
0.00943948
2.46165e-05
0.0094516
3.85068e-05
0.00946755
5.06737e-05
0.00948688
6.1333e-05
0.00950917
7.06489e-05
0.00953404
7.87388e-05
0.00956113
8.56953e-05
0.00959013
9.15901e-05
0.00962072
9.64901e-05
0.000100453
0.009656
5.88416e-06
0.00966398
1.66332e-05
0.00967647
2.60198e-05
0.0096929
3.42371e-05
0.0097128
4.14319e-05
0.00973574
4.77164e-05
0.00976131
5.31701e-05
0.00978915
5.78555e-05
0.00981891
6.18214e-05
0.00985029
6.51139e-05
6.77721e-05
0.00988558
2.97533e-06
0.00989379
8.42165e-06
0.00990663
1.31787e-05
0.00992353
1.73384e-05
0.00994398
2.09793e-05
0.00996754
2.41591e-05
0.00999379
2.69176e-05
0.0100224
2.9286e-05
0.0100529
3.12892e-05
0.0100851
3.29508e-05
3.42909e-05
0.0101206
0.010129
0.0101422
0.0101595
0.0101805
0.0102047
0.0102316
0.0102609
0.0102922
0.0103251
0.00180685
-4.47637e-06
0.00180983
-2.94499e-06
0.00181129
-1.42934e-06
0.00181123
7.31265e-08
0.00180968
1.5672e-06
0.0018066
3.08223e-06
0.00180199
4.62052e-06
6.19168e-06
0.00177902
-2.25411e-05
0.00178843
-1.88259e-05
0.00179611
-1.53693e-05
0.00180216
-1.20987e-05
0.00180664
-8.95218e-06
0.00180958
-5.88495e-06
0.001811
-2.84866e-06
0.00181091
1.62925e-07
0.00180932
3.1556e-06
0.00180621
6.19026e-06
0.00180156
9.27018e-06
1.24145e-05
0.00177893
-3.37022e-05
0.00178825
-2.81431e-05
0.00179584
-2.29667e-05
0.00180181
-1.80656e-05
0.00180621
-1.33484e-05
0.00180907
-8.74812e-06
0.00181041
-4.19449e-06
0.00181026
3.22432e-07
0.0018086
4.81189e-06
0.00180543
9.36365e-06
0.00180071
1.39827e-05
1.86979e-05
0.00177879
-4.47233e-05
0.00178797
-3.73256e-05
0.00179544
-3.04347e-05
0.00180128
-2.3908e-05
0.00180556
-1.76253e-05
0.00180831
-1.14962e-05
0.00180954
-5.43012e-06
0.00180928
5.86639e-07
0.00180752
6.56995e-06
0.00180425
1.26351e-05
0.00179944
1.87896e-05
2.50721e-05
0.0017786
-5.55577e-05
0.0017876
-4.63286e-05
0.0017949
-3.77301e-05
0.00180058
-2.95847e-05
0.00180469
-2.17431e-05
0.00180729
-1.40909e-05
0.00180838
-6.51891e-06
0.00180797
9.90582e-07
0.00180608
8.46357e-06
0.00180268
1.60371e-05
0.00179775
2.37222e-05
3.15674e-05
0.00177837
-6.61591e-05
0.00178715
-5.51073e-05
0.00179423
-4.48098e-05
0.0017997
-3.50544e-05
0.00180362
-2.56623e-05
0.00180602
-1.64941e-05
0.00180692
-7.42426e-06
0.00180635
1.56932e-06
0.00180428
1.05265e-05
0.00180072
1.96023e-05
0.00179563
2.88119e-05
3.8214e-05
0.00177809
-7.6481e-05
0.0017866
-6.36172e-05
0.00179342
-5.16311e-05
0.00179864
-4.02758e-05
0.00180232
-2.93431e-05
0.0018045
-1.86677e-05
0.00180518
-8.10965e-06
0.00180439
2.35786e-06
0.00180213
1.27924e-05
0.00179837
2.33631e-05
0.00179309
3.40899e-05
4.50421e-05
0.00177776
-8.6477e-05
0.00178596
-7.18136e-05
0.00179248
-5.8151e-05
0.00179741
-4.52077e-05
0.00180081
-3.27461e-05
0.00180272
-2.0574e-05
0.00180315
-8.53871e-06
0.00180212
3.39122e-06
0.00179961
1.52948e-05
0.00179563
2.73519e-05
0.00179013
3.95875e-05
5.20817e-05
0.00177739
-9.6101e-05
0.00178523
-7.96521e-05
0.00179141
-6.43269e-05
0.00179601
-4.98093e-05
0.00179909
-3.58319e-05
0.00180069
-2.2175e-05
0.00180083
-8.67518e-06
0.00179952
4.70431e-06
0.00179674
1.80673e-05
0.0017925
3.16008e-05
0.00178675
4.53357e-05
5.93627e-05
0.00177697
-0.000105307
0.00178441
-8.70885e-05
0.0017902
-7.01162e-05
0.00179443
-5.40397e-05
0.00179716
-3.85614e-05
0.00179842
-2.34333e-05
0.00179822
-8.48293e-06
0.0017966
6.33198e-06
0.00179352
2.11432e-05
0.00178898
3.61422e-05
0.00178295
5.13655e-05
6.69151e-05
0.00177651
-0.000114049
0.0017835
-9.40787e-05
0.00178886
-7.54765e-05
0.00179268
-5.78582e-05
0.00179501
-4.08952e-05
0.00179589
-2.43113e-05
0.00179533
-7.92603e-06
0.00179336
8.30895e-06
0.00178994
2.45558e-05
0.00178508
4.10079e-05
0.00177874
5.77079e-05
7.47687e-05
0.001776
-0.000122282
0.0017825
-0.000100579
0.00178739
-8.03656e-05
0.00179075
-6.12242e-05
0.00179265
-4.27945e-05
0.00179311
-2.47719e-05
0.00179216
-6.96877e-06
0.0017898
1.06698e-05
0.00178601
2.83384e-05
0.00178079
4.623e-05
0.00177411
6.43935e-05
8.29531e-05
0.00177544
-0.000129959
0.00178141
-0.000106545
0.00178579
-8.47415e-05
0.00178866
-6.40975e-05
0.00179009
-4.42205e-05
0.00179009
-2.4778e-05
0.0017887
-5.57571e-06
0.00178592
1.34492e-05
0.00178173
3.2524e-05
0.00177612
5.18402e-05
0.00176906
7.1453e-05
9.14978e-05
0.00177484
-0.000137037
0.00178023
-0.000111934
0.00178405
-8.85623e-05
0.00178639
-6.6438e-05
0.00178731
-4.51343e-05
0.00178682
-2.42934e-05
0.00178496
-3.71128e-06
0.00178173
1.66815e-05
0.00177711
3.71456e-05
0.00177108
5.787e-05
0.00176361
7.89168e-05
0.000100432
0.0017742
-0.000143469
0.00177897
-0.000116702
0.00178219
-9.17865e-05
0.00178396
-6.82056e-05
0.00178432
-4.54971e-05
0.00178331
-2.32823e-05
0.00178094
-1.33974e-06
0.00177722
2.04002e-05
0.00177213
4.22362e-05
0.00176565
6.4351e-05
0.00175775
8.68154e-05
0.000109786
0.00177351
-0.000149211
0.00177761
-0.000120806
0.0017802
-9.43728e-05
0.00178135
-6.93609e-05
0.00178113
-4.52706e-05
0.00177955
-2.17055e-05
0.00177664
1.5681e-06
0.0017724
2.46418e-05
0.00176681
4.78282e-05
0.00175985
7.13144e-05
0.00175148
9.51787e-05
0.000119587
0.00177277
-0.000154218
0.00177617
-0.000124204
0.00177808
-9.62801e-05
0.00177858
-6.98643e-05
0.00177773
-4.44171e-05
0.00177555
-1.95265e-05
0.00177207
5.04713e-06
0.00176727
2.94399e-05
0.00176115
5.3954e-05
0.00175367
7.87912e-05
0.00174481
0.000104037
0.000129866
0.001772
-0.000158447
0.00177464
-0.000126853
0.00177583
-9.74677e-05
0.00177564
-6.96766e-05
0.00177413
-4.28991e-05
0.00177131
-1.67114e-05
0.00176722
9.1377e-06
0.00176184
3.48244e-05
0.00175514
6.06453e-05
0.00174712
8.68123e-05
0.00173774
0.000113419
0.00014065
0.00177117
-0.000161853
0.00177303
-0.000128711
0.00177346
-9.7895e-05
0.00177254
-6.87589e-05
0.00177032
-4.06802e-05
0.00176683
-1.32238e-05
0.0017621
1.38739e-05
0.00175609
4.08288e-05
0.0017488
6.79337e-05
0.00174021
9.5408e-05
0.00173027
0.000123355
0.00177031
-0.000164393
0.00177133
-0.000129736
0.00177096
-9.7522e-05
0.00176927
-6.70725e-05
0.00176632
-3.77239e-05
0.00176212
-9.02823e-06
0.0017567
1.92898e-05
0.00175005
4.74864e-05
0.00174213
7.58507e-05
0.00173293
0.000104609
0.000133875
0.0017694
-0.000166023
0.00176955
-0.000129886
0.00176833
-9.63087e-05
0.00176584
-6.45788e-05
0.00176211
-3.39949e-05
0.00175717
-4.08937e-06
0.00175104
2.54195e-05
0.0017437
5.483e-05
0.00173512
8.44274e-05
0.00172529
0.000114445
0.000145007
0.00176845
-0.000166702
0.00176768
-0.000129121
0.00176559
-9.42156e-05
0.00176225
-6.12395e-05
0.00175771
-2.94564e-05
0.00175199
1.62622e-06
0.00174512
3.22965e-05
0.00173705
6.28923e-05
0.00172779
9.36948e-05
0.00171729
0.000124946
0.000156779
0.00176745
-0.000166385
0.00176573
-0.000127399
0.00176272
-9.12037e-05
0.00175849
-5.70171e-05
0.00175311
-2.4068e-05
0.00174659
8.14502e-06
0.00173893
3.99582e-05
0.00173011
7.17045e-05
0.00172013
0.000103683
0.00170893
0.000136141
0.000169221
0.00176641
-0.000165033
0.0017637
-0.00012468
0.00175973
-8.72342e-05
0.00175458
-5.18748e-05
0.00174831
-1.7799e-05
0.00174095
1.55116e-05
0.00173247
4.84315e-05
0.00172288
8.12984e-05
0.00171214
0.000114424
0.00170022
0.00014806
0.00018236
0.00176534
-0.000162601
0.00176158
-0.000120925
0.00175661
-8.22684e-05
0.00175052
-4.57771e-05
0.00174333
-1.06123e-05
0.00173508
2.37594e-05
0.00172576
5.77491e-05
0.00171536
9.17048e-05
0.00170384
0.000125945
0.00169117
0.00016073
0.000196225
0.00176422
-0.000159051
0.00175938
-0.000116093
0.00175338
-7.6268e-05
0.0017463
-3.86884e-05
0.00173816
-2.47295e-06
0.001729
3.29202e-05
0.0017188
6.79443e-05
0.00170755
0.000102954
0.00169522
0.000138277
0.00168177
0.000174182
0.000210842
0.00176306
-0.00015434
0.00175711
-0.000110146
0.00175004
-6.91956e-05
0.00174192
-3.05695e-05
0.0017328
6.64705e-06
0.00172269
4.30303e-05
0.00171158
7.90486e-05
0.00169946
0.000115077
0.00168629
0.000151449
0.00167203
0.000188442
0.000226239
0.00176186
-0.000148428
0.00175475
-0.000103044
0.00174657
-6.1014e-05
0.00173739
-2.13873e-05
0.00172725
1.67867e-05
0.00171616
5.41193e-05
0.00170412
9.10933e-05
0.00169109
0.000128103
0.00167705
0.000165489
0.00166195
0.000203539
0.000242442
0.00176061
-0.000141276
0.00175232
-9.47503e-05
0.001743
-5.16885e-05
0.00173271
-1.11057e-05
0.00172152
2.79808e-05
0.00170942
6.62184e-05
0.00169641
0.000104109
0.00168245
0.000142061
0.00166751
0.000180426
0.00165155
0.000219498
0.000259477
0.00175934
-0.000132844
0.00174981
-8.52251e-05
0.00173931
-4.11837e-05
0.00172789
3.10643e-07
0.00171561
4.02603e-05
0.00170247
7.93602e-05
0.00168845
0.000118125
0.00167353
0.00015698
0.00165767
0.000196287
0.00164082
0.000236348
0.00027737
0.00175802
-0.000123094
0.00174722
-7.4432e-05
0.0017355
-2.9458e-05
0.00172292
1.28844e-05
0.00170952
5.36635e-05
0.00169531
9.35751e-05
0.00168026
0.000133171
0.00166435
0.000172889
0.00164754
0.000213099
0.00162977
0.000254113
0.000296145
0.00175666
-0.000111986
0.00174456
-6.23344e-05
0.00173159
-1.64821e-05
0.00171781
2.66604e-05
0.00170326
6.82158e-05
0.00168794
0.000108894
0.00167183
0.000149276
0.00165491
0.000189814
0.00163712
0.000230888
0.00161841
0.000272818
0.000315827
0.00175526
-9.94844e-05
0.00174183
-4.88968e-05
0.00172757
-2.2199e-06
0.00171256
4.16703e-05
0.00169682
8.39484e-05
0.00168037
0.000125346
0.00166318
0.000166468
0.00164521
0.000207782
0.00162642
0.00024968
0.00160675
0.000292488
0.000336438
0.00175383
-8.55505e-05
0.00173902
-3.40826e-05
0.00172344
1.33604e-05
0.00170716
5.79459e-05
0.00169022
0.000100893
0.00167261
0.000142959
0.0016543
0.000184774
0.00163526
0.00022682
0.00161544
0.0002695
0.00159478
0.000313147
0.000358002
0.00175236
-7.01482e-05
0.00173614
-1.7858e-05
0.00171921
3.02934e-05
0.00170164
7.55173e-05
0.00168345
0.000119079
0.00166465
0.000161762
0.0016452
0.00020422
0.00162507
0.000246951
0.0016042
0.00029037
0.00158253
0.000334816
0.000380539
0.00175086
-5.32418e-05
0.00173319
-1.88331e-07
0.00171487
4.86114e-05
0.00169598
9.44148e-05
0.00167652
0.000138535
0.0016565
0.000181782
0.00163589
0.000224832
0.00161464
0.000268201
0.00159269
0.000312313
0.00156999
0.000357517
0.000404068
0.00174932
-3.47948e-05
0.00173017
1.89576e-05
0.00171044
6.83464e-05
0.00169019
0.000114668
0.00166943
0.000159289
0.00164817
0.000203044
0.00162637
0.000246635
0.00160398
0.000290592
0.00158094
0.000335351
0.00155719
0.000381269
0.000428609
0.00174775
-1.47737e-05
0.00172709
3.96143e-05
0.00170591
8.9528e-05
0.00168427
0.000136306
0.00166219
0.000181369
0.00163966
0.000225574
0.00161664
0.000269652
0.00159309
0.000314146
0.00156893
0.000359505
0.00154411
0.000406093
0.00045418
0.00174614
6.85516e-06
0.00172394
6.18128e-05
0.00170128
0.000112185
0.00167823
0.000159356
0.0016548
0.000204798
0.00163098
0.000249395
0.00160673
0.000293903
0.001582
0.000338881
0.00155671
0.00038479
0.0015308
0.000432001
0.000480791
0.0017445
0.00172073
0.00169658
0.0016721
0.00164731
0.00162219
0.0015967
0.00157079
0.00154438
0.00151741
)
;

boundaryField
{
    inlet
    {
        type            calculated;
        value           nonuniform List<scalar> 
99
(
-0.00252941
-0.00258954
-0.00265111
-0.00271414
-0.00277867
-0.00284473
-0.00291236
-0.0029816
-0.00305249
-0.00312506
-0.00319936
-0.00327542
-0.00335329
-0.00343302
-0.00351464
-0.0035982
-0.00368374
-0.00377132
-0.00386098
-0.00395278
-0.00404675
-0.00414297
-0.00424146
-0.0043423
-0.00444554
-0.00455123
-0.00465944
-0.00477021
-0.00488362
-0.00499973
-0.0051186
-0.00524029
-0.00536488
-0.00549243
-0.00562301
-0.00575669
-0.00589356
-0.00603367
-0.00617712
-0.00632398
-0.00647433
-0.00662826
-0.00678584
-0.00694717
-0.00711234
-0.00728144
-0.00745455
-0.00763178
-0.00781322
-0.00799898
-0.00818915
-0.00838385
-0.00858317
-0.00878724
-0.00899615
-0.00921003
-0.009429
-0.00965317
-0.00988267
-0.0101176
-0.00176777
-0.00176777
-0.00176777
-0.00176777
-0.00176777
-0.00176777
-0.00176777
-0.00176777
-0.00176777
-0.00176777
-0.00176777
-0.00176777
-0.00176777
-0.00176777
-0.00176777
-0.00176777
-0.00176777
-0.00176777
-0.00176777
-0.00176777
-0.00176777
-0.00176777
-0.00176777
-0.00176777
-0.00176777
-0.00176777
-0.00176777
-0.00176777
-0.00176777
-0.00176777
-0.00176777
-0.00176777
-0.00176777
-0.00176777
-0.00176777
-0.00176777
-0.00176777
-0.00176777
-0.00176777
)
;
    }
    outlet
    {
        type            calculated;
        value           nonuniform 0();
    }
    cylinder
    {
        type            calculated;
        value           nonuniform 0();
    }
    top
    {
        type            symmetryPlane;
        value           uniform 0;
    }
    bottom
    {
        type            symmetryPlane;
        value           nonuniform 0();
    }
    defaultFaces
    {
        type            empty;
        value           nonuniform 0();
    }
    procBoundary16to0
    {
        type            processor;
        value           nonuniform List<scalar> 
13
(
1.12867e-05
9.41886e-06
7.6855e-06
-0.00180234
6.04893e-06
-3.92317e-08
-3.33778e-08
-2.66955e-08
-1.81842e-08
-1.27229e-08
-6.87348e-09
-2.3024e-09
8.62207e-10
)
;
    }
    procBoundary16to1
    {
        type            processor;
        value           uniform 0.00179579;
    }
    procBoundary16to17
    {
        type            processor;
        value           nonuniform List<scalar> 
102
(
0.00246283
0.000508416
0.00252306
0.00258494
0.00264848
0.00271372
0.0027807
0.00284945
0.00292
0.00299239
0.00306667
0.00314288
0.00322106
0.00330126
0.00338353
0.00346791
0.00355446
0.00364321
0.00373422
0.00382754
0.00392322
0.00402131
0.00412185
0.0042249
0.00433051
0.00443872
0.00454959
0.00466316
0.0047795
0.00489864
0.00502063
0.00514554
0.00527341
0.0054043
0.00553826
0.00567534
0.0058156
0.0059591
0.00610591
0.00625607
0.00640966
0.00656674
0.00672738
0.00689165
0.00705963
0.00723139
0.00740702
0.0075866
0.00777021
0.00795796
0.00814993
0.00834622
0.00854694
-0.000251993
0.00878093
0.00899161
0.00920704
0.00942733
0.00965261
0.00988297
0.0101185
0.0103594
0.00179534
0.00179443
0.00179307
0.00179125
0.00178898
0.00178626
0.00178309
0.00177947
0.0017754
0.00177088
0.00176592
0.00176052
0.00175468
0.0017484
0.00174168
0.00173453
0.00172696
0.00171895
0.000151968
0.00172241
0.00171416
0.00170551
0.00169649
0.00168708
0.0016773
0.00166715
0.00165663
0.00164575
0.00163452
0.00162293
0.001611
0.00159873
0.00158614
0.00157322
0.00155999
0.00154646
0.00153265
0.00151854
0.00150419
0.00148978
)
;
    }
}


// ************************************************************************* //
