/*--------------------------------*- C++ -*----------------------------------*\
  =========                 |
  \\      /  F ield         | OpenFOAM: The Open Source CFD Toolbox
   \\    /   O peration     | Website:  https://openfoam.org
    \\  /    A nd           | Version:  7
     \\/     M anipulation  |
\*---------------------------------------------------------------------------*/
FoamFile
{
    version     2.0;
    format      ascii;
    class       volVectorField;
    location    "59";
    object      U;
}
// * * * * * * * * * * * * * * * * * * * * * * * * * * * * * * * * * * * * * //

dimensions      [0 1 -1 0 0 0 0];

internalField   nonuniform List<vector> 
1063
(
(-0.0379368 0.0113953 6.7486e-21)
(-0.0432409 0.0113798 2.11527e-21)
(-0.0484084 0.0113119 -2.48529e-21)
(-0.053415 0.0112189 2.99027e-21)
(-0.0582623 0.0111214 4.00959e-21)
(-0.0629779 0.0110341 -2.48386e-21)
(-0.0676122 0.0109662 -3.29085e-21)
(-0.0722382 0.0109214 -7.74658e-21)
(-0.076984 0.0108986 -5.89522e-22)
(-0.0818593 0.0108927 -1.27026e-21)
(-0.0865586 0.0108948 -2.46243e-21)
(-0.0379674 0.0144139 -7.42861e-21)
(-0.0432266 0.0143311 7.11302e-21)
(-0.0483449 0.0141752 -9.23708e-21)
(-0.0532979 0.0139879 9.47915e-21)
(-0.0580874 0.0138045 -7.99977e-21)
(-0.0627408 0.0136539 -3.05211e-21)
(-0.0673087 0.0135583 -1.66223e-20)
(-0.0718644 0.0135329 2.48769e-20)
(-0.0765372 0.0135841 7.075e-22)
(-0.0813387 0.0137114 -8.4123e-21)
(-0.0859619 0.013912 -8.96223e-22)
(-0.0380386 0.0174017 -2.36757e-20)
(-0.0432304 0.017251 4.63801e-21)
(-0.0482721 0.0170061 1.62815e-20)
(-0.0531396 0.0167232 -3.26955e-21)
(-0.057834 0.0164523 1.28368e-20)
(-0.0623829 0.0162365 -1.03955e-20)
(-0.0668372 0.0161115 2.95163e-20)
(-0.0712707 0.0161044 -6.58823e-21)
(-0.0758151 0.0162296 1.26091e-20)
(-0.0804855 0.0164917 -2.19616e-20)
(-0.0849703 0.0168954 -8.41744e-21)
(-0.0381494 0.0203467 -1.11207e-20)
(-0.0432515 0.0201265 -1.78382e-20)
(-0.0481897 0.0197904 3.50723e-21)
(-0.0529396 0.0194091 -2.51938e-20)
(-0.057502 0.0190473 -7.54444e-22)
(-0.0619042 0.0187626 6.60613e-21)
(-0.0661974 0.0186049 -5.02956e-20)
(-0.0704568 0.0186135 -3.9792e-20)
(-0.074817 0.0188118 4.4394e-21)
(-0.0792983 0.0192108 -5.66419e-21)
(-0.0835816 0.0198234 2.41835e-20)
(-0.0382989 0.0232374 2.11897e-20)
(-0.0432892 0.022945 -2.62616e-20)
(-0.0480971 0.0225142 -8.51826e-21)
(-0.0526977 0.0220302 1.82171e-20)
(-0.0570914 0.0215723 -3.11051e-20)
(-0.0613048 0.0212133 1.39136e-20)
(-0.0653896 0.0210174 3.16281e-20)
(-0.0694223 0.0210376 7.44541e-21)
(-0.0735422 0.0213073 -3.87242e-21)
(-0.0777758 0.0218451 2.02242e-20)
(-0.0817935 0.0226743 -1.88849e-20)
(-0.0384858 0.0260628 -5.38826e-20)
(-0.0433425 0.0256942 -3.30237e-20)
(-0.0479937 0.025164 1.22507e-20)
(-0.0524136 0.0245714 -6.8523e-21)
(-0.0566019 0.0240106 5.11872e-20)
(-0.0605847 0.0235696 -1.80613e-20)
(-0.0644137 0.0233284 1.44672e-20)
(-0.0681673 0.0233543 1.04379e-20)
(-0.07199 0.0236925 2.19776e-20)
(-0.0759162 0.0243708 6.3366e-20)
(-0.0796034 0.0254255 3.11576e-20)
(-0.0387084 0.0288119 4.14271e-20)
(-0.0434101 0.0283624 6.85935e-20)
(-0.0478784 0.0277268 -4.02783e-20)
(-0.0520868 0.0270182 -5.8181e-21)
(-0.0560336 0.0263458 -1.53844e-20)
(-0.059744 0.0258134 1.49121e-20)
(-0.06327 0.0255174 -7.74145e-20)
(-0.0666916 0.0255412 6.64918e-21)
(-0.0701595 0.0259434 -3.55547e-20)
(-0.073718 0.0267634 -4.70659e-20)
(-0.077008 0.0280537 -6.58901e-20)
(-0.0434902 0.0309385 -2.89657e-20)
(-0.0477499 0.0301903 2.04764e-20)
(-0.0517162 0.0293569 -5.29618e-21)
(-0.0553857 0.0285624 -2.6904e-21)
(-0.0587825 0.027927 2.17812e-20)
(-0.0619583 0.0275644 -5.68147e-20)
(-0.0649949 0.0275758 1.94475e-20)
(-0.0680498 0.0280357 -1.45165e-20)
(-0.071179 0.0289977 -3.20229e-20)
(-0.0740039 0.0305346 2.67892e-20)
(-0.0435804 0.033412 -4.97342e-20)
(-0.0476062 0.032543 7.39849e-20)
(-0.0513003 0.0315746 -5.97677e-21)
(-0.0546574 0.0306458 1.1205e-19)
(-0.0576996 0.0298936 -8.51326e-20)
(-0.0604781 0.02945 4.68604e-20)
(-0.0630762 0.0294363 1.14176e-20)
(-0.0656592 0.0299453 2.82479e-20)
(-0.0682967 0.0310481 1.88322e-20)
(-0.0705866 0.032843 -4.52187e-20)
(-0.0436774 0.0357732 5.9591e-20)
(-0.0474444 0.0347744 -6.09583e-20)
(-0.0508367 0.0336596 -5.27588e-20)
(-0.0538466 0.0325826 -8.65135e-20)
(-0.0564936 0.0316975 1.57102e-19)
(-0.0588279 0.031156 -8.51914e-20)
(-0.0609341 0.0311013 6.88367e-20)
(-0.0629854 0.031648 1.56132e-20)
(-0.0650675 0.0328886 -5.76557e-20)
(-0.0667506 0.0349527 4.75909e-20)
(-0.0437771 0.0380135 6.47539e-20)
(-0.0472605 0.0368751 -1.36742e-20)
(-0.0503218 0.0356013 2.14578e-20)
(-0.05295 0.0343606 -8.33102e-20)
(-0.0551618 0.0333244 -4.5608e-20)
(-0.0570052 0.0326653 9.44383e-20)
(-0.0585656 0.0325505 -5.19004e-20)
(-0.0600246 0.0331202 5.01463e-20)
(-0.0614868 0.0344927 7.97089e-21)
(-0.0624891 0.0368364 8.95901e-20)
(-0.0438737 0.0401252 3.90321e-20)
(-0.047049 0.0388369 1.6827e-20)
(-0.0497502 0.0373908 -1.67575e-20)
(-0.0519627 0.0359694 9.05889e-20)
(-0.0536993 0.0347618 7.32142e-21)
(-0.0550053 0.0339623 -7.50913e-20)
(-0.0559659 0.0337649 -1.3261e-20)
(-0.0567712 0.0343391 -7.68606e-20)
(-0.0575484 0.0358345 7.92946e-20)
(-0.0577933 0.0384662 -7.84992e-20)
(-0.0439601 0.0421017 -6.43051e-20)
(-0.0468025 0.040653 3.90946e-20)
(-0.0491146 0.0390207 -1.15932e-21)
(-0.0508776 0.0374006 -6.33873e-22)
(-0.0520991 0.0359992 -7.05317e-20)
(-0.0528211 0.0350339 9.40837e-21)
(-0.0531277 0.0347275 9.13059e-20)
(-0.0532169 0.0352835 2.16841e-20)
(-0.0532436 0.0368888 -1.43341e-20)
(-0.052652 0.0398137 -4.6299e-20)
(-0.044027 0.0439376 1.55758e-20)
(-0.0465114 0.0423181 -8.1433e-20)
(-0.0484051 0.0404855 7.82834e-22)
(-0.0496843 0.0386479 7.88892e-21)
(-0.0503511 0.037029 -5.52318e-20)
(-0.0504423 0.0358695 5.37862e-20)
(-0.0500397 0.0354241 -7.20076e-20)
(-0.0493493 0.0359347 5.79894e-20)
(-0.0485603 0.0376321 -9.37546e-21)
(-0.0470501 0.0408508 7.29182e-20)
(-0.044063 0.0456287 -2.56654e-20)
(-0.0461633 0.0438285 1.27534e-19)
(-0.0476086 0.0417817 -4.67419e-20)
(-0.0483694 0.0397076 2.40233e-20)
(-0.0484409 0.0378461 7.60994e-20)
(-0.0478539 0.0364619 -1.09262e-19)
(-0.0466863 0.0358434 3.55112e-20)
(-0.0451507 0.036277 -6.00574e-21)
(-0.0434818 0.0380437 -5.12266e-20)
(-0.040968 0.0415503 -1.01819e-19)
(-0.0457426 0.0451821 -1.00389e-19)
(-0.0467081 0.0429081 8.05676e-20)
(-0.0469146 0.0405788 9.69144e-20)
(-0.0463494 0.0384492 -4.81695e-21)
(-0.0450356 0.0368077 5.72295e-20)
(-0.0430454 0.0359789 -2.84479e-20)
(-0.0405966 0.0362997 4.46908e-21)
(-0.0379851 0.0381082 7.74254e-20)
(-0.0343795 0.0418896 1.83319e-19)
(-0.04523 0.0463785 8.04219e-20)
(-0.0456824 0.0438657 -1.57435e-19)
(-0.0452969 0.0412635 -4.22587e-20)
(-0.0440516 0.0388404 -8.16023e-20)
(-0.0419603 0.0369078 1.62643e-19)
(-0.0390872 0.0358286 4.99095e-21)
(-0.0356524 0.0359974 8.65511e-20)
(-0.0320385 0.0378193 -3.08273e-20)
(-0.0272557 0.0418737 -1.73587e-19)
(-0.044602 0.0474189 7.55326e-20)
(-0.0445052 0.0446578 1.66656e-19)
(-0.043487 0.0417672 -5.72552e-20)
(-0.0415155 0.0390263 2.34981e-19)
(-0.0385931 0.0367682 1.80301e-21)
(-0.0347725 0.0353953 -1.22062e-19)
(-0.0302693 0.0353672 -1.24523e-19)
(-0.0255809 0.0371658 -1.09741e-19)
(-0.019563 0.0415662 1.08725e-19)
(-0.0438303 0.0483059 -1.20559e-19)
(-0.0431442 0.0452901 -6.35814e-20)
(-0.0414491 0.0420983 7.77475e-20)
(-0.0387015 0.0390178 -2.44419e-19)
(-0.0348903 0.0364002 -1.13772e-19)
(-0.0300537 0.0346875 1.41662e-19)
(-0.02439 0.0344027 5.29567e-20)
(-0.0184838 0.0360915 -7.6338e-20)
(-0.0111972 0.0409809 -4.51224e-20)
(-0.0428817 0.0490435 -8.09598e-20)
(-0.0415613 0.0457703 1.01359e-19)
(-0.0391395 0.0422689 -1.60164e-19)
(-0.0355608 0.0388307 1.03706e-19)
(-0.0307986 0.0358222 1.58364e-19)
(-0.0248766 0.0337215 6.10014e-20)
(-0.0179837 0.0331157 -1.12208e-20)
(-0.0106635 0.034639 1.10417e-19)
(-0.00195974 0.0399665 -1.25029e-19)
(-0.0397109 0.0461082 -1.86461e-19)
(-0.0365061 0.0422941 7.24912e-20)
(-0.0320348 0.0384858 -4.13767e-20)
(-0.0262526 0.0350598 -7.08048e-20)
(-0.0191647 0.0325262 -3.47939e-19)
(-0.0109592 0.0315386 3.24917e-20)
(-0.00212089 0.0328676 1.15321e-19)
(0.00820245 0.0384309 2.18441e-20)
(-0.0375403 0.0463148 -5.45764e-20)
(-0.0334878 0.0421918 9.91906e-20)
(-0.0280537 0.0380088 1.89496e-19)
(-0.021175 0.0341458 -1.2106e-19)
(-0.0128345 0.0311373 9.65138e-20)
(-0.00321316 0.0296987 1.0447e-19)
(0.00723542 0.0307627 -2.69468e-20)
(0.0193306 0.0364624 5.78031e-20)
(-0.034989 0.0464024 2.74091e-19)
(-0.0300136 0.0419825 -3.26513e-20)
(-0.0235359 0.0374298 -2.46383e-19)
(-0.0154741 0.0331207 1.18914e-19)
(-0.00578669 0.0296047 -6.23235e-20)
(0.00535997 0.0276516 -1.42481e-19)
(0.0175254 0.0283531 -9.91861e-20)
(0.0315316 0.0341289 -3.69926e-20)
(-0.0319884 0.0463836 -2.00673e-19)
(-0.0260026 0.0416879 -5.13153e-20)
(-0.0183873 0.0367826 5.36219e-20)
(-0.00904305 0.0320322 -3.74881e-20)
(0.00209683 0.0279903 2.38553e-19)
(0.0148852 0.0254698 -4.64456e-20)
(0.0288845 0.0257101 1.24229e-19)
(0.0449539 0.0314928 -4.78733e-20)
(-0.0213635 0.0413303 -7.72181e-20)
(-0.012501 0.0361033 -9.26033e-21)
(-0.00175915 0.0309339 -1.12995e-19)
(0.0109531 0.0263668 -1.48904e-19)
(0.0255105 0.0232424 6.85129e-22)
(0.04147 0.0229312 1.2087e-19)
(0.0597725 0.0286382 -7.43348e-20)
(-0.0159954 0.0409314 2.11398e-19)
(-0.00575772 0.0354287 -8.92989e-20)
(0.00651586 0.0298828 1.96413e-19)
(0.020938 0.0248159 1.38222e-19)
(0.0374065 0.0210757 1.09295e-19)
(0.0554622 0.0201371 6.42844e-20)
(0.0761869 0.02568 -4.94626e-20)
(-0.00978785 0.0405111 -4.4648e-20)
(0.00197377 0.0347946 1.64798e-19)
(0.0159349 0.0289374 5.86555e-20)
(0.0322256 0.0234253 -1.8061e-19)
(0.0507651 0.0190902 6.20764e-20)
(0.0710633 0.0174729 -2.04144e-19)
(0.0944184 0.0227664 1.2853e-19)
(0.010835 0.0342337 -8.96285e-20)
(0.0266641 0.0281542 -2.04722e-19)
(0.0450056 0.0222849 -5.68617e-21)
(0.0657966 0.0174168 4.02506e-20)
(0.0884937 0.0151052 -8.65496e-20)
(0.114707 0.0200816 9.13018e-20)
(0.0209762 0.0337738 9.8004e-20)
(0.0388801 0.0275846 8.18498e-20)
(0.059481 0.0214819 7.37048e-20)
(0.0827267 0.0161913 -1.66523e-19)
(0.107988 0.0132184 -1.43294e-19)
(0.137303 0.0178461 3.61326e-21)
(0.0325544 0.0334364 -2.11925e-19)
(0.0527673 0.0272724 2.68811e-19)
(0.0758636 0.0210958 -2.3955e-19)
(0.101792 0.0155474 1.11255e-19)
(0.129792 0.0120075 7.69301e-20)
(0.162461 0.0163153 -3.21128e-19)
(0.0685147 0.0272512 -1.42355e-19)
(0.0943702 0.0211938 2.60036e-19)
(0.123233 0.0156087 7.61985e-20)
(0.154153 0.0116683 -1.71071e-19)
(0.19043 0.0157751 5.4103e-19)
(0.0863119 0.0275437 4.86561e-20)
(0.115217 0.0218272 -1.16268e-19)
(0.147289 0.0164811 1.65791e-19)
(0.181316 0.0123865 -9.57155e-20)
(0.22144 0.0165355 -1.2863e-19)
(0.138617 0.0230285 -3.00054e-20)
(0.174192 0.018246 -1.23057e-19)
(0.211523 0.0143258 2.06493e-19)
(0.25569 0.0189233 -2.36186e-19)
(0.164772 0.0248108 -1.86371e-19)
(0.20416 0.0209537 2.2664e-19)
(0.245005 0.0176168 1.47339e-19)
(0.293333 0.0232728 -1.35906e-19)
(0.193869 0.0271673 2.35208e-19)
(0.237393 0.0246178 -3.85832e-19)
(0.281995 0.0223409 -1.45662e-19)
(0.334477 0.0299017 3.00833e-19)
(0.274057 0.0292105 3.82181e-19)
(0.322731 0.0285128 1.86941e-19)
(0.379202 0.0390664 -2.69752e-19)
(0.314265 0.0346614 3.44582e-20)
(0.367414 0.0360961 -2.09678e-19)
(0.427472 0.051032 7.92371e-20)
(0.416195 0.0451036 1.15468e-19)
(0.478759 0.0665165 3.03056e-19)
(0.469581 0.055609 -9.18943e-20)
(0.532137 0.086728 5.71765e-20)
(0.590313 0.10916 -3.71741e-19)
(0.665726 0.119784 1.18414e-19)
(-0.0379474 0.00835765 -6.74118e-21)
(-0.0432738 0.00841012 -2.11276e-21)
(-0.0484633 0.00843071 2.48207e-21)
(-0.0534912 0.00843213 -2.98653e-21)
(-0.0583591 0.0084206 -4.00535e-21)
(-0.0630946 0.00839661 2.48137e-21)
(-0.0677482 0.00835619 3.28589e-21)
(-0.114981 0.0107761 6.92394e-23)
(-0.148533 0.00498792 -1.39352e-22)
(-0.156978 -0.00533558 6.35288e-23)
(-0.190726 -0.0261228 -1.56493e-22)
(-0.193343 -0.0571019 1.17745e-22)
(-0.215326 -0.0942157 2.4612e-23)
(-0.114151 0.0145513 -7.72922e-22)
(-0.147843 0.00666587 3.76697e-22)
(-0.156418 -0.00340928 4.28988e-22)
(-0.190525 -0.0246547 -2.61541e-24)
(-0.193721 -0.0559816 4.91878e-22)
(-0.21634 -0.0933988 2.74552e-23)
(-0.112759 0.0183148 1.07048e-21)
(-0.146569 0.00836884 -1.98646e-21)
(-0.15512 -0.00144277 -1.44075e-22)
(-0.189493 -0.02311 1.64273e-22)
(-0.193179 -0.0547652 9.57307e-22)
(-0.21634 -0.0924791 -1.36977e-22)
(-0.110803 0.0220527 -5.16167e-22)
(-0.144706 0.010091 6.57294e-22)
(-0.153074 0.000552515 1.94833e-21)
(-0.18762 -0.0214957 -1.77755e-22)
(-0.191702 -0.0534597 -7.79234e-22)
(-0.215311 -0.0914628 -1.95255e-21)
(-0.108278 0.0257509 1.96273e-21)
(-0.142244 0.0118263 -1.22047e-21)
(-0.150274 0.00256719 -2.18249e-21)
(-0.184892 -0.0198196 1.16777e-21)
(-0.189277 -0.0520725 2.51284e-21)
(-0.213238 -0.0903557 1.55798e-21)
(-0.105179 0.0293943 8.80322e-22)
(-0.139177 0.0135684 5.52142e-23)
(-0.146712 0.00458963 -2.019e-21)
(-0.1813 -0.0180895 5.23523e-22)
(-0.185889 -0.0506113 5.23428e-22)
(-0.210109 -0.0891637 -1.96833e-21)
(-0.101502 0.0329677 -6.63558e-22)
(-0.135494 0.0153107 -1.18738e-21)
(-0.142381 0.00660609 2.42285e-21)
(-0.176832 -0.016314 -5.66747e-22)
(-0.181526 -0.0490838 2.10379e-21)
(-0.205907 -0.0878925 -2.84358e-22)
(-0.0972403 0.0364547 3.02904e-21)
(-0.131188 0.0170464 -6.06311e-22)
(-0.137275 0.00860467 -3.70059e-21)
(-0.171478 -0.0145018 1.74533e-21)
(-0.176174 -0.0474979 1.97953e-21)
(-0.200619 -0.0865478 -2.33125e-21)
(-0.0923867 0.0398385 -3.91818e-21)
(-0.126247 0.0187689 4.63757e-21)
(-0.131387 0.0105738 2.77704e-21)
(-0.165225 -0.0126624 -5.38828e-21)
(-0.169818 -0.0458619 6.68456e-22)
(-0.194228 -0.0851352 1.02471e-21)
(-0.0869322 0.0431013 3.19958e-21)
(-0.120661 0.0204714 3.8736e-22)
(-0.124709 0.0125017 3.76634e-22)
(-0.158065 -0.0108053 4.75519e-21)
(-0.162445 -0.0441842 -2.26136e-21)
(-0.186718 -0.0836604 -2.03287e-21)
(-0.0808662 0.0462245 -2.90094e-21)
(-0.114417 0.0221471 -1.08118e-21)
(-0.117235 0.0143763 -2.22747e-21)
(-0.149986 -0.00894085 6.0059e-21)
(-0.154041 -0.0424737 -8.34304e-21)
(-0.178072 -0.082129 1.43292e-21)
(-0.0741753 0.0491884 2.72077e-21)
(-0.107501 0.0237894 1.98041e-21)
(-0.108957 0.0161861 4.91833e-21)
(-0.140976 -0.00707943 -4.53658e-21)
(-0.144591 -0.0407394 -1.7445e-21)
(-0.168274 -0.0805471 4.61185e-21)
(-0.0668434 0.0519723 -5.60499e-21)
(-0.0998955 0.0253918 7.92463e-21)
(-0.0998649 0.0179197 -5.30633e-21)
(-0.131025 -0.00523171 1.36891e-21)
(-0.13408 -0.0389907 -2.76659e-21)
(-0.157303 -0.0789208 2.96688e-21)
(-0.160587 -0.118566 -5.78345e-21)
(-0.0588505 0.0545544 2.65114e-21)
(-0.0915824 0.0269482 -5.95169e-21)
(-0.0899487 0.0195663 -6.54172e-21)
(-0.120121 -0.0034086 3.22796e-21)
(-0.122495 -0.0372372 4.16614e-21)
(-0.145143 -0.0772566 -3.74327e-21)
(-0.14847 -0.117318 5.61055e-21)
(-0.0501725 0.0569118 2.50405e-21)
(-0.0825388 0.0284529 1.21955e-21)
(-0.079196 0.0211156 9.8094e-22)
(-0.10825 -0.00162431 -4.6744e-21)
(-0.109821 -0.0354889 1.98231e-21)
(-0.131775 -0.0755614 -5.72735e-22)
(-0.13508 -0.116012 8.77738e-23)
(-0.0407802 0.0590201 3.38861e-21)
(-0.0727385 0.0299004 -5.17621e-21)
(-0.0675924 0.0225577 -3.12058e-21)
(-0.0953997 0.000106189 5.03252e-21)
(-0.0960429 -0.0337559 3.41079e-21)
(-0.117183 -0.0738424 -5.36215e-21)
(-0.120395 -0.11465 1.64464e-21)
(-0.0306392 0.0608507 4.71351e-21)
(-0.0621501 0.0312863 -5.0293e-22)
(-0.0551206 0.023884 -4.92898e-21)
(-0.0815552 0.00178624 1.73947e-21)
(-0.0811472 -0.0320484 1.57258e-22)
(-0.101349 -0.0721073 -5.14898e-21)
(-0.104393 -0.113233 3.36023e-21)
(-0.0197127 0.0623655 -1.10139e-20)
(-0.0507366 0.0326114 4.42302e-21)
(-0.0417587 0.0250872 7.98928e-22)
(-0.0667004 0.00340587 -6.00113e-21)
(-0.0651211 -0.0303766 3.46524e-21)
(-0.0842602 -0.0703641 5.62153e-21)
(-0.087056 -0.111763 -6.17209e-21)
(-0.0079645 0.0635397 1.27353e-20)
(-0.0384537 0.0338854 -2.94792e-21)
(-0.0274821 0.0261587 -5.86442e-21)
(-0.0508173 0.00494134 4.83979e-21)
(-0.0479512 -0.0287505 -3.59604e-21)
(-0.0659041 -0.068621 7.90702e-21)
(-0.0683666 -0.110244 -1.48815e-22)
(0.00466191 0.0643886 8.28149e-21)
(-0.0252509 0.0350968 5.00068e-21)
(-0.0122618 0.0270822 -1.61653e-20)
(-0.0338857 0.00639089 -2.4789e-21)
(-0.0296244 -0.0271793 1.0203e-20)
(-0.0462717 -0.0668866 1.86582e-21)
(-0.0483133 -0.10868 5.2012e-21)
(0.0182624 0.0649326 1.43197e-20)
(-0.0110696 0.03621 -1.11802e-20)
(0.00393806 0.0278485 8.79075e-21)
(-0.0158816 0.00776022 4.24137e-21)
(-0.0101286 -0.0256731 -7.1273e-21)
(-0.0253569 -0.0651688 -7.44552e-21)
(-0.0268896 -0.107075 1.3876e-21)
(0.0329388 0.0651549 -7.44543e-22)
(0.00415917 0.037209 -2.36801e-21)
(0.021161 0.0284864 -2.52828e-21)
(0.00322194 0.00902464 1.31021e-20)
(0.0105479 -0.0242436 -4.03604e-21)
(-0.00315705 -0.0634736 -3.4846e-21)
(-0.00409554 -0.105433 9.89675e-21)
(0.0488016 0.0650282 1.23834e-20)
(0.0205184 0.0381041 -8.37986e-21)
(0.0394577 0.0290147 -2.16697e-21)
(0.0234551 0.010159 5.63828e-21)
(0.0324187 -0.0228968 -1.20054e-20)
(0.0203269 -0.0618069 -2.16127e-21)
(0.0200612 -0.10376 1.35989e-20)
(0.0659747 0.0645374 -7.09831e-21)
(0.0381027 0.0389064 1.9176e-20)
(0.0588869 0.0294197 -6.07503e-21)
(0.0448523 0.0111698 2.21138e-21)
(0.055497 -0.0216306 -7.67381e-21)
(0.0450902 -0.0601817 1.56512e-20)
(0.0455649 -0.102064 -7.85535e-21)
(0.0845962 0.0636784 -1.144e-20)
(0.0570197 0.0396223 2.36711e-21)
(0.0795173 0.0296995 -1.03135e-21)
(0.0674536 0.0120628 -1.00492e-20)
(0.079796 -0.0204461 -7.34043e-22)
(0.071124 -0.0586071 -1.13664e-21)
(0.0723912 -0.100348 -7.39242e-21)
(0.104817 0.0624552 1.95965e-21)
(0.0773908 0.0402581 -1.09286e-20)
(0.101427 0.0298627 8.52972e-21)
(0.091304 0.0128395 8.08799e-21)
(0.10533 -0.0193493 -3.63338e-21)
(0.0984152 -0.0570841 5.96274e-21)
(0.100507 -0.0986175 7.60168e-21)
(0.1268 0.0608818 -4.37614e-21)
(0.0993522 0.0408218 6.87247e-21)
(0.124706 0.0299212 -1.20828e-20)
(0.116454 0.0135032 6.53696e-21)
(0.132114 -0.018341 1.31781e-20)
(0.126947 -0.0556128 -1.02149e-20)
(0.129869 -0.0968777 -7.38431e-21)
(0.150714 0.0589835 8.53509e-21)
(0.123054 0.0413236 -1.41191e-20)
(0.149453 0.0298898 9.30273e-22)
(0.142959 0.0140607 -6.65335e-21)
(0.160163 -0.017418 -4.94161e-21)
(0.156697 -0.0541928 8.12013e-21)
(0.160426 -0.0951323 -5.52801e-21)
(0.176734 0.0567993 8.66371e-21)
(0.148661 0.0417758 2.362e-22)
(0.175777 0.0297867 -3.8265e-21)
(0.17088 0.0145221 -4.70758e-21)
(0.189494 -0.016574 -1.85962e-21)
(0.18764 -0.0528216 -2.91072e-21)
(0.192115 -0.093383 3.97267e-21)
(0.205033 0.054383 2.47034e-22)
(0.176349 0.0421924 1.46254e-20)
(0.203797 0.0296334 -1.585e-20)
(0.200281 0.0149012 2.10292e-21)
(0.220122 -0.0157997 3.37965e-23)
(0.219745 -0.0514938 9.11507e-21)
(0.224865 -0.0916298 2.8895e-21)
(0.235779 0.0518037 -1.60797e-21)
(0.206306 0.0425895 -8.01016e-21)
(0.233638 0.0294554 -2.59526e-21)
(0.23123 0.015215 -1.34633e-21)
(0.25206 -0.0150827 -1.2023e-21)
(0.252976 -0.0502013 -8.0821e-23)
(0.258598 -0.0898707 -1.08373e-21)
(0.269131 0.0491465 5.27176e-21)
(0.238726 0.0429848 -1.81687e-20)
(0.265432 0.0292812 4.28177e-21)
(0.263793 0.0154848 -3.80464e-21)
(0.28532 -0.014407 1.30821e-20)
(0.287291 -0.0489327 -1.29099e-20)
(0.293226 -0.0881014 1.60287e-20)
(0.305238 0.046511 9.07714e-21)
(0.273811 0.0433982 1.56005e-20)
(0.299309 0.0291429 -1.33976e-20)
(0.298035 0.0157351 -1.39163e-21)
(0.319905 -0.0137534 8.44468e-21)
(0.322638 -0.047674 -3.16159e-21)
(0.328649 -0.0863152 3.74422e-23)
(0.344243 0.0440091 -9.15478e-21)
(0.31176 0.0438516 5.00854e-21)
(0.335397 0.029076 -1.44413e-20)
(0.334014 0.015995 1.76661e-20)
(0.355814 -0.0130992 1.17729e-21)
(0.358957 -0.0464083 -1.89577e-20)
(0.364762 -0.0845037 1.01589e-20)
(0.386295 0.0417626 -4.40916e-21)
(0.35277 0.0443714 -2.4902e-22)
(0.373813 0.0291205 -5.72924e-21)
(0.371778 0.0162977 2.36596e-20)
(0.393032 -0.0124175 -1.12693e-20)
(0.396176 -0.045115 1.13291e-20)
(0.401448 -0.0826557 -4.74204e-21)
(0.431574 0.0399075 4.71617e-21)
(0.397024 0.0449902 2.41412e-21)
(0.414654 0.0293175 1.5495e-21)
(0.411358 0.0166762 5.26256e-21)
(0.431528 -0.0116801 -8.54072e-21)
(0.43421 -0.0437707 1.04718e-20)
(0.438581 -0.0807523 -5.74016e-21)
(0.480336 0.0385699 4.86378e-21)
(0.444683 0.0457353 -1.50821e-20)
(0.457989 0.0297001 1.13469e-20)
(0.45276 0.0171583 8.92147e-21)
(0.471255 -0.0108657 -1.14178e-20)
(0.472958 -0.0423549 5.03029e-21)
(0.476024 -0.0787745 -5.36066e-21)
(0.532962 0.0377487 -1.6633e-20)
(0.495868 0.0466269 5.96762e-21)
(0.503843 0.0303137 4.57606e-21)
(0.495965 0.0177942 -5.33899e-21)
(0.512138 -0.00994091 -1.46169e-21)
(0.512299 -0.0408567 9.8944e-21)
(0.51363 -0.0767524 -3.50991e-21)
(0.590012 0.0374519 8.73946e-21)
(0.550641 0.0477825 -6.97379e-21)
(0.552187 0.031301 -4.80964e-22)
(0.540913 0.0187175 5.69228e-21)
(0.554076 -0.00878015 -2.81323e-21)
(0.552087 -0.0392242 -6.78734e-21)
(0.551236 -0.0747306 4.8479e-21)
(0.652441 0.0388595 -6.1484e-21)
(0.608949 0.0495225 -8.68801e-21)
(0.602915 0.0327826 8.22951e-21)
(0.587504 0.0199542 -2.68594e-21)
(0.596929 -0.0073023 1.41933e-20)
(0.592149 -0.0372776 -9.6818e-21)
(0.588662 -0.072333 7.95325e-21)
(0.725964 0.0439328 0)
(0.673578 0.0518178 0)
(0.65893 0.0341754 0)
(0.63874 0.0208449 0)
(0.64385 -0.00616237 0)
(0.63579 -0.0349945 0)
(0.629381 -0.0686561 0)
(0.814266 0.0561633 0)
(0.754613 0.0565557 0)
(0.729774 0.0364606 0)
(0.703567 0.0217053 0)
(0.703123 -0.00594849 0)
(0.690992 -0.034283 0)
(0.680955 -0.0667051 0)
(0.900678 0.0695278 0)
(0.836175 0.0625493 0)
(0.802617 0.0397247 0)
(0.770682 0.0232809 0)
(0.764601 -0.00507624 0)
(0.748378 -0.0332148 0)
(0.734674 -0.0646332 0)
(0.981693 0.082659 0)
(0.915668 0.0692638 0)
(0.875721 0.0438409 0)
(0.838885 0.0256091 0)
(0.827362 -0.0035098 0)
(0.807123 -0.0314884 0)
(0.789738 -0.0619815 0)
(1.05482 0.0949125 0)
(0.990707 0.076358 0)
(0.947159 0.0485929 0)
(0.906736 0.0285569 0)
(0.890298 -0.00138255 0)
(0.86629 -0.0292635 0)
(0.845305 -0.0589005 0)
(1.1187 0.105902 0)
(1.0593 0.0834802 0)
(1.01501 0.0537438 0)
(0.972662 0.0320003 0)
(0.952158 0.00124818 0)
(0.924843 -0.0266041 0)
(0.90049 -0.0554575 0)
(1.1726 0.115394 0)
(1.11997 0.0902748 0)
(1.07753 0.0590371 0)
(1.03509 0.0357979 0)
(1.01163 0.00432196 0)
(0.981685 -0.0235333 0)
(0.954368 -0.0516632 0)
(1.2164 0.123217 0)
(1.17182 0.0964404 0)
(1.13333 0.0642161 0)
(1.09257 0.0397797 0)
(1.06744 0.00773973 0)
(1.03572 -0.0200999 0)
(1.00601 -0.0475451 0)
(1.25056 0.129316 0)
(1.21455 0.101759 0)
(1.18147 0.069051 0)
(1.14394 0.0437628 0)
(1.11844 0.0113775 0)
(1.08591 -0.0163826 0)
(1.05453 -0.043157 0)
(1.27601 0.133763 0)
(1.24838 0.106102 0)
(1.22153 0.0733598 0)
(1.18839 0.0475737 0)
(1.16372 0.0150992 0)
(1.13138 -0.0124794 0)
(1.09914 -0.038572 0)
(1.29391 0.136721 0)
(1.27397 0.109429 0)
(1.25354 0.0770201 0)
(1.22552 0.051066 0)
(1.20268 0.0187707 0)
(1.17147 -0.00849794 0)
(1.13918 -0.0338757 0)
(1.30558 0.1384 0)
(1.2923 0.111771 0)
(1.27798 0.0799719 0)
(1.25534 0.0541316 0)
(1.23506 0.0222726 0)
(1.20575 -0.00454534 0)
(1.17421 -0.0291595 0)
(1.3123 0.139028 0)
(1.30449 0.113215 0)
(1.29563 0.0822122 0)
(1.27825 0.0567065 0)
(1.26093 0.0255099 0)
(1.23412 -0.000717505 0)
(1.20399 -0.0245133 0)
(1.31526 0.138828 0)
(1.31172 0.113882 0)
(1.30745 0.0837846 0)
(1.29491 0.0587699 0)
(1.28068 0.0284176 0)
(1.25672 0.00290643 0)
(1.22853 -0.0200185 0)
(1.31545 0.137998 0)
(1.31512 0.113907 0)
(1.31451 0.0847643 0)
(1.30617 0.0603379 0)
(1.29492 0.0309628 0)
(1.27394 0.00626654 0)
(1.24803 -0.0157424 0)
(1.31369 0.136702 0)
(1.31567 0.113424 0)
(1.31784 0.0852432 0)
(1.31298 0.0614548 0)
(1.30442 0.0331409 0)
(1.28636 0.00932798 0)
(1.26291 -0.0117339 0)
(1.31061 0.13507 0)
(1.3142 0.112549 0)
(1.31837 0.0853173 0)
(1.31627 0.0621819 0)
(1.31001 0.0349703 0)
(1.29467 0.0120802 0)
(1.27369 -0.00802228 0)
(1.30668 0.1332 0)
(1.31137 0.111382 0)
(1.31691 0.0850762 0)
(1.31691 0.0625876 0)
(1.31253 0.0364857 0)
(1.2996 0.0145307 0)
(1.28098 -0.00461857 0)
(1.30223 0.131162 0)
(1.30767 0.110001 0)
(1.31409 0.0845972 0)
(1.31563 0.0627388 0)
(1.31273 0.0377296 0)
(1.30188 0.0167003 0)
(1.28544 -0.00151832 0)
(1.29751 0.129007 0)
(1.30345 0.108463 0)
(1.31042 0.0839422 0)
(1.31306 0.0626953 0)
(1.31126 0.0387466 0)
(1.30216 0.0186179 0)
(1.28767 0.00129375 0)
(1.29266 0.126765 0)
(1.29897 0.106812 0)
(1.30624 0.083158 0)
(1.30964 0.0625062 0)
(1.30868 0.039578 0)
(1.30101 0.0203152 0)
(1.28823 0.00384034 0)
(1.28778 0.124458 0)
(1.29436 0.105074 0)
(1.30179 0.082277 0)
(1.30572 0.0622092 0)
(1.30538 0.0402591 0)
(1.29889 0.0218226 0)
(1.2876 0.00614739 0)
(1.28291 0.122094 0)
(1.28974 0.103267 0)
(1.29723 0.0813204 0)
(1.30153 0.0618309 0)
(1.30167 0.0408172 0)
(1.29614 0.0231668 0)
(1.28614 0.00823989 0)
(1.27807 0.119678 0)
(1.28513 0.101402 0)
(1.29264 0.0803 0)
(1.29722 0.0613881 0)
(1.29774 0.0412719 0)
(1.29303 0.0243691 0)
(1.28416 0.0101404 0)
(1.27326 0.117211 0)
(1.28055 0.0994824 0)
(1.28808 0.0792214 0)
(1.29288 0.0608905 0)
(1.29372 0.0416361 0)
(1.28972 0.025445 0)
(1.28185 0.0118675 0)
(1.26849 0.114691 0)
(1.27602 0.0975114 0)
(1.28355 0.0780859 0)
(1.28854 0.0603417 0)
(1.28968 0.041917 0)
(1.28632 0.0264051 0)
(1.27937 0.0134358 0)
(1.26374 0.112116 0)
(1.27152 0.0954892 0)
(1.27906 0.0768924 0)
(1.28423 0.059742 0)
(1.28567 0.0421176 0)
(1.28289 0.0272556 0)
(1.27678 0.0148557 0)
(1.25902 0.109486 0)
(1.26704 0.0934158 0)
(1.27461 0.0756384 0)
(1.27995 0.0590891 0)
(1.28169 0.0422382 0)
(1.27946 0.0279996 0)
(1.27414 0.0161347 0)
(1.25434 0.106799 0)
(1.26259 0.0912912 0)
(1.27019 0.0743215 0)
(1.2757 0.0583799 0)
(1.27774 0.0422775 0)
(1.27605 0.0286382 0)
(1.27146 0.0172776 0)
(1.24968 0.104057 0)
(1.25817 0.0891156 0)
(1.2658 0.0729393 0)
(1.27148 0.0576107 0)
(1.27381 0.0422335 0)
(1.27264 0.0291713 0)
(1.26877 0.0182876 0)
(1.24506 0.101259 0)
(1.25376 0.0868895 0)
(1.26144 0.07149 0)
(1.26727 0.056778 0)
(1.26992 0.0421039 0)
(1.26924 0.0295982 0)
(1.26605 0.0191672 0)
(1.24048 0.0984079 0)
(1.24938 0.0846135 0)
(1.25711 0.0699724 0)
(1.26309 0.0558786 0)
(1.26604 0.0418866 0)
(1.26585 0.0299183 0)
(1.26331 0.0199183 0)
(1.23595 0.0955041 0)
(1.24503 0.0822885 0)
(1.25281 0.0683859 0)
(1.25894 0.0549099 0)
(1.26219 0.04158 0)
(1.26247 0.0301313 0)
(1.26054 0.0205429 0)
(1.23148 0.0925499 0)
(1.24071 0.0799153 0)
(1.24854 0.0667302 0)
(1.25481 0.0538695 0)
(1.25835 0.0411827 0)
(1.25908 0.0302369 0)
(1.25774 0.0210429 0)
(1.22707 0.0895474 0)
(1.23644 0.0774948 0)
(1.24431 0.0650055 0)
(1.25071 0.0527556 0)
(1.25453 0.0406938 0)
(1.25569 0.0302356 0)
(1.2549 0.0214208 0)
(1.22272 0.0864988 0)
(1.23221 0.0750275 0)
(1.24013 0.0632124 0)
(1.24665 0.0515671 0)
(1.25073 0.0401129 0)
(1.25231 0.030128 0)
(1.25204 0.0216791 0)
(1.21845 0.0834062 0)
(1.22803 0.0725141 0)
(1.23601 0.0613517 0)
(1.24262 0.0503027 0)
(1.24697 0.0394398 0)
(1.24894 0.0299154 0)
(1.24915 0.0218206 0)
(1.21426 0.0802719 0)
(1.22391 0.0699553 0)
(1.23193 0.0594243 0)
(1.23865 0.0489621 0)
(1.24324 0.0386745 0)
(1.24557 0.029599 0)
(1.24625 0.0218484 0)
(1.21016 0.0770979 0)
(1.21986 0.0673513 0)
(1.22793 0.0574312 0)
(1.23473 0.047545 0)
(1.23954 0.0378177 0)
(1.24223 0.0291805 0)
(1.24333 0.0217659 0)
(1.20615 0.0738864 0)
(1.21589 0.0647026 0)
(1.22399 0.0553737 0)
(1.23088 0.0460515 0)
(1.23589 0.0368698 0)
(1.2389 0.0286619 0)
(1.2404 0.0215764 0)
(1.20224 0.0706392 0)
(1.21199 0.0620095 0)
(1.22013 0.0532529 0)
(1.22709 0.0444818 0)
(1.2323 0.035832 0)
(1.23561 0.0280453 0)
(1.23747 0.0212836 0)
(1.19844 0.0673579 0)
(1.20819 0.0592723 0)
(1.21636 0.0510698 0)
(1.22338 0.0428368 0)
(1.22876 0.0347053 0)
(1.23236 0.0273328 0)
(1.23455 0.0208911 0)
(1.19475 0.0640439 0)
(1.20448 0.0564911 0)
(1.21268 0.0488255 0)
(1.21976 0.0411172 0)
(1.2253 0.0334912 0)
(1.22915 0.026527 0)
(1.23165 0.0204027 0)
(1.19118 0.0606982 0)
(1.20088 0.0536661 0)
(1.2091 0.0465212 0)
(1.21623 0.039324 0)
(1.22191 0.0321912 0)
(1.22599 0.0256303 0)
(1.22878 0.0198221 0)
(1.18773 0.0573217 0)
(1.19739 0.0507973 0)
(1.20563 0.0441575 0)
(1.2128 0.0374583 0)
(1.21861 0.0308071 0)
(1.22291 0.0246452 0)
(1.22595 0.0191532 0)
(1.18442 0.0539147 0)
(1.19403 0.0478845 0)
(1.20228 0.0417354 0)
(1.20949 0.0355215 0)
(1.2154 0.0293406 0)
(1.2199 0.0235745 0)
(1.22317 0.0183997 0)
(1.18124 0.0504772 0)
(1.1908 0.0449276 0)
(1.19905 0.0392555 0)
(1.20629 0.0335146 0)
(1.21231 0.0277938 0)
(1.21697 0.0224207 0)
(1.22046 0.0175652 0)
(1.17822 0.0470086 0)
(1.18771 0.0419262 0)
(1.19597 0.0367182 0)
(1.20324 0.031439 0)
(1.20934 0.0261687 0)
(1.21415 0.0211865 0)
(1.21783 0.0166534 0)
(1.17535 0.0435082 0)
(1.18478 0.0388796 0)
(1.19303 0.0341238 0)
(1.20032 0.0292958 0)
(1.2065 0.0244673 0)
(1.21145 0.0198746 0)
(1.21529 0.0156678 0)
(1.17265 0.0399744 0)
(1.18201 0.0357869 0)
(1.19026 0.0314726 0)
(1.19756 0.027086 0)
(1.2038 0.0226916 0)
(1.20887 0.0184876 0)
(1.21286 0.0146116 0)
(1.17013 0.0364052 0)
(1.17942 0.0326471 0)
(1.18766 0.0287643 0)
(1.19498 0.0248108 0)
(1.20127 0.0208437 0)
(1.20644 0.017028 0)
(1.21055 0.0134882 0)
(1.1678 0.0327983 0)
(1.17701 0.0294586 0)
(1.18524 0.0259985 0)
(1.19257 0.0224707 0)
(1.1989 0.0189253 0)
(1.20416 0.0154984 0)
(1.20839 0.0123005 0)
(1.16566 0.0291504 0)
(1.17481 0.0262195 0)
(1.18303 0.0231748 0)
(1.19036 0.0200665 0)
(1.19673 0.0169383 0)
(1.20206 0.0139012 0)
(1.20639 0.0110515 0)
(1.16374 0.0254581 0)
(1.17282 0.0229276 0)
(1.18102 0.020292 0)
(1.18836 0.0175985 0)
(1.19476 0.0148844 0)
(1.20016 0.0122388 0)
(1.20456 0.00974395 0)
(1.16204 0.0217162 0)
(1.17106 0.0195796 0)
(1.17925 0.0173489 0)
(1.18659 0.0150669 0)
(1.19302 0.012765 0)
(1.19846 0.0105133 0)
(1.20293 0.0083805 0)
(1.16058 0.0179214 0)
(1.16955 0.0161731 0)
(1.17773 0.0143441 0)
(1.18507 0.0124717 0)
(1.19151 0.0105815 0)
(1.197 0.00872704 0)
(1.20152 0.00696368 0)
(1.15938 0.0140636 0)
(1.1683 0.0127023 0)
(1.17646 0.0112747 0)
(1.18381 0.00981219 0)
(1.19026 0.00833488 0)
(1.19578 0.00688197 0)
(1.20035 0.00549592 0)
(1.15844 0.0101455 0)
(1.16733 0.00916729 0)
(1.17549 0.00814037 0)
(1.18283 0.00708881 0)
(1.1893 0.00602669 0)
(1.19484 0.00498036 0)
(1.19944 0.00397974 0)
(1.1578 0.00613914 0)
(1.16666 0.00555274 0)
(1.17481 0.00493345 0)
(1.18216 0.0042985 0)
(1.18863 0.00365692 0)
(1.19419 0.00302393 0)
(1.19881 0.00241749 0)
(1.15747 0.002073 0)
(1.16632 0.00187118 0)
(1.17446 0.00166028 0)
(1.18181 0.00144561 0)
(1.18828 0.00122959 0)
(1.19385 0.00101677 0)
(1.19848 0.000812904 0)
(0.818304 0.11818 7.6301e-20)
(0.914289 0.110825 9.50591e-20)
(0.993919 0.104947 -4.07493e-20)
(1.06588 0.106321 -2.64776e-20)
(1.12797 0.111294 1.7295e-20)
(1.17903 0.1174 -3.40249e-20)
(1.21984 0.124014 1.95656e-21)
(1.25125 0.130501 -5.11651e-20)
(1.27424 0.13627 9.55802e-20)
(1.29008 0.141025 -9.62505e-20)
(1.30013 0.144667 4.79058e-20)
(1.30564 0.147212 1.55388e-20)
(1.30773 0.148754 -1.12372e-20)
(1.30734 0.149426 8.48336e-21)
(1.30519 0.149368 -4.74726e-20)
(1.30187 0.14871 5.14892e-20)
(1.2978 0.147564 1.91578e-20)
(1.29329 0.146023 -2.01216e-20)
(1.28856 0.144166 -5.01172e-20)
(1.28376 0.142054 4.50569e-21)
(1.27896 0.139736 -4.68982e-21)
(1.27421 0.13725 4.0263e-20)
(1.26953 0.134622 -7.40348e-21)
(1.26491 0.131874 -7.71357e-21)
(1.26034 0.12902 -8.12239e-22)
(1.25583 0.126071 3.47387e-20)
(1.25135 0.123037 -1.82588e-20)
(1.24691 0.119925 1.76349e-21)
(1.24251 0.116744 -2.78756e-22)
(1.23815 0.113499 2.19007e-20)
(1.23384 0.110199 -3.55268e-20)
(1.22957 0.106849 -3.02213e-21)
(1.22535 0.103455 2.27353e-20)
(1.22119 0.100021 7.37096e-21)
(1.21709 0.0965529 -1.60711e-20)
(1.21306 0.0930544 6.36116e-21)
(1.2091 0.0895291 -1.68544e-20)
(1.20521 0.0859801 9.71999e-21)
(1.20141 0.08241 3.54321e-21)
(1.19769 0.0788209 -6.01967e-21)
(1.19406 0.0752145 -9.25081e-22)
(1.19053 0.0715918 4.85883e-21)
(1.1871 0.0679537 1.86532e-21)
(1.18378 0.0643004 -5.24294e-21)
(1.18058 0.0606318 1.91845e-21)
(1.1775 0.0569473 -8.14504e-21)
(1.17454 0.0532458 1.07754e-20)
(1.17173 0.0495259 -6.96086e-21)
(1.16905 0.0457856 3.09754e-21)
(1.16654 0.0420225 -1.07378e-21)
(1.16418 0.0382335 -5.3223e-22)
(1.162 0.0344151 -2.2429e-23)
(1.16001 0.0305632 2.08034e-21)
(1.15821 0.0266731 -2.5054e-21)
(1.15662 0.0227385 1.92118e-21)
(1.15525 0.0187558 -9.33679e-22)
(1.15412 0.0147112 1.96034e-22)
(1.15325 0.0106112 -1.03886e-21)
(1.15264 0.00641659 -6.05303e-23)
(1.15233 0.00217216 4.66071e-22)
(-0.213313 -0.0949239 4.19824e-23)
)
;

boundaryField
{
    inlet
    {
        type            uniformFixedValue;
        uniformValue    constant (1 0 0);
        value           nonuniform 0();
    }
    outlet
    {
        type            pressureInletOutletVelocity;
        value           nonuniform 0();
    }
    cylinder
    {
        type            fixedValue;
        value           nonuniform 0();
    }
    top
    {
        type            symmetryPlane;
    }
    bottom
    {
        type            symmetryPlane;
    }
    defaultFaces
    {
        type            empty;
    }
    procBoundary26to9
    {
        type            processor;
        value           uniform (-0.0325343 0.00825357 -6.59727e-21);
    }
    procBoundary26to10
    {
        type            processor;
        value           nonuniform List<vector> 
19
(
(-0.0723927 0.00829219 -7.76663e-21)
(-0.0771565 0.00819609 -4.63795e-22)
(-0.0820484 0.00805839 -1.58973e-21)
(-0.0867621 0.00786451 -3.2277e-21)
(-0.0379997 0.00531304 -6.58423e-21)
(-0.0433258 0.00543513 9.49458e-21)
(-0.0485099 0.00554594 -7.73205e-21)
(-0.0535271 0.00564361 6.36006e-21)
(-0.0583784 0.00571974 -3.46752e-21)
(-0.0630915 0.00576071 -6.35936e-21)
(-0.0677171 0.00574941 -1.42282e-20)
(-0.0723927 0.00829219 -7.76663e-21)
(-0.115253 0.00700238 1.6653e-22)
(-0.148648 0.00334019 1.81242e-22)
(-0.156807 -0.00721007 8.41494e-23)
(-0.190109 -0.0275075 -1.94351e-22)
(-0.192061 -0.0581191 -4.32028e-23)
(-0.210318 -0.0955172 6.12628e-22)
(-0.192061 -0.0581191 -4.32028e-23)
)
;
    }
    procBoundary26to11
    {
        type            processor;
        value           nonuniform List<vector> 2((-0.213388 -0.128396 3.58682e-22) (-0.210491 -0.128685 2.00392e-22));
    }
    procBoundary26to25
    {
        type            processor;
        value           nonuniform List<vector> 
112
(
(-0.0325459 0.0113242 -8.68366e-21)
(-0.0326166 0.0143751 1.251e-20)
(-0.0327457 0.0173955 -2.28406e-20)
(-0.0329322 0.0203744 5.56045e-21)
(-0.0331749 0.0233012 1.09529e-20)
(-0.0334723 0.0261657 -5.9275e-20)
(-0.0338224 0.0289579 4.52274e-20)
(-0.0389647 0.0314745 -6.30479e-20)
(-0.0389647 0.0314745 -6.30479e-20)
(-0.039252 0.034041 2.63337e-21)
(-0.0395668 0.0365025 -3.97674e-20)
(-0.0399046 0.0388507 4.12038e-20)
(-0.04026 0.0410783 1.62337e-19)
(-0.0406259 0.0431788 -1.94231e-19)
(-0.0409938 0.0451466 7.14311e-20)
(-0.0413529 0.0469769 7.5281e-20)
(-0.0440537 0.047172 2.28125e-19)
(-0.0440537 0.047172 2.28125e-19)
(-0.043982 0.0485655 -1.42444e-19)
(-0.0438272 0.0498086 2.12535e-20)
(-0.0435647 0.0509014 8.83642e-20)
(-0.0431661 0.0518447 8.14319e-21)
(-0.0417172 0.0496367 -1.67182e-20)
(-0.0417172 0.0496367 -1.67182e-20)
(-0.040292 0.0500914 -2.16449e-20)
(-0.0385551 0.0504134 8.03126e-20)
(-0.0364494 0.0506086 -3.21434e-19)
(-0.0284621 0.0462704 -1.75794e-20)
(-0.0284621 0.0462704 -1.75794e-20)
(-0.0243258 0.0460741 3.26377e-21)
(-0.0194879 0.0458037 5.77617e-20)
(-0.00262229 0.0400861 -1.92739e-19)
(-0.00262229 0.0400861 -1.92739e-19)
(0.00562722 0.0396694 1.1321e-19)
(0.0150924 0.0392698 -1.51334e-20)
(0.0457309 0.0332365 -1.46291e-19)
(0.0457309 0.0332365 -1.46291e-19)
(0.0606689 0.0331822 7.09948e-20)
(0.106346 0.0281611 8.70209e-20)
(0.106346 0.0281611 8.70209e-20)
(0.128798 0.0291044 -1.84673e-19)
(0.153836 0.0303662 7.4349e-20)
(0.226073 0.0300731 1.2314e-19)
(0.226073 0.0300731 1.2314e-19)
(0.261511 0.0334866 -3.28266e-20)
(0.35809 0.0408399 2.65322e-19)
(0.35809 0.0408399 2.65322e-19)
(0.40568 0.0474663 -2.90036e-20)
(0.529133 0.067214 -7.07731e-20)
(0.529133 0.067214 -7.07731e-20)
(0.594707 0.0779413 -9.09832e-21)
(0.737838 0.106047 1.25354e-19)
(0.876767 0.109873 1.03137e-19)
(0.970179 0.110154 -1.05253e-19)
(1.04493 0.109219 1.21426e-19)
(1.11055 0.113149 5.81852e-20)
(1.16604 0.119527 -1.62374e-19)
(1.2103 0.126118 1.03884e-19)
(1.2445 0.132496 5.82165e-21)
(1.26987 0.138292 -8.09345e-21)
(1.28761 0.143115 4.20367e-20)
(1.29913 0.146833 -1.77472e-21)
(1.30575 0.149473 4.18459e-21)
(1.30868 0.151124 1.6033e-21)
(1.30888 0.151913 -1.1033e-19)
(1.30716 0.151977 9.44646e-20)
(1.30412 0.151442 -1.18099e-20)
(1.30022 0.150416 -6.4368e-20)
(1.2958 0.148989 7.61009e-20)
(1.29111 0.147236 -4.83244e-20)
(1.28629 0.145219 -3.40525e-20)
(1.28147 0.142985 4.1986e-20)
(1.2767 0.140573 -4.56572e-21)
(1.27199 0.138011 -9.87363e-21)
(1.26736 0.135321 2.33971e-20)
(1.26279 0.132519 -6.82467e-21)
(1.25827 0.129616 8.02426e-21)
(1.2538 0.126622 -1.16615e-20)
(1.24937 0.123545 1.34644e-20)
(1.24498 0.120395 2.98169e-21)
(1.24063 0.117177 -1.27656e-20)
(1.23632 0.113898 -2.29575e-20)
(1.23206 0.110567 1.63339e-20)
(1.22784 0.107187 -3.58495e-21)
(1.22367 0.103765 9.68099e-21)
(1.21957 0.100306 -8.96471e-21)
(1.21552 0.0968146 -1.63092e-21)
(1.21154 0.0932944 2.26772e-22)
(1.20763 0.089749 1.51971e-21)
(1.20379 0.0861814 5.48187e-22)
(1.20004 0.082594 -4.47499e-21)
(1.19637 0.078989 1.63486e-20)
(1.19279 0.0753678 -1.70238e-20)
(1.1893 0.0717316 5.32167e-21)
(1.18592 0.0680809 1.11402e-20)
(1.18264 0.064416 -1.28913e-20)
(1.17948 0.0607367 7.67531e-22)
(1.17644 0.0570423 -1.51846e-21)
(1.17353 0.0533317 6.04472e-21)
(1.17075 0.0496034 5.0422e-22)
(1.16811 0.0458552 -4.78468e-21)
(1.16562 0.0420847 4.94352e-21)
(1.1633 0.0382889 -2.41787e-21)
(1.16115 0.034464 9.77974e-22)
(1.15918 0.0306059 5.78363e-22)
(1.1574 0.02671 -7.51994e-22)
(1.15583 0.0227697 3.85838e-22)
(1.15448 0.0187814 -2.88181e-21)
(1.15336 0.0147314 8.97153e-22)
(1.15249 0.010626 7.04833e-22)
(1.15189 0.00642569 -2.11796e-22)
(1.15158 0.00217718 8.73611e-23)
)
;
    }
    procBoundary26to27
    {
        type            processor;
        value           nonuniform List<vector> 
100
(
(-0.215206 -0.128007 7.76783e-22)
(-0.215934 -0.127525 2.88853e-22)
(-0.215558 -0.126955 -2.36701e-22)
(-0.214068 -0.126303 -1.28102e-21)
(-0.211454 -0.125573 -5.08949e-22)
(-0.207704 -0.12477 2.82382e-22)
(-0.202806 -0.123897 -2.41316e-21)
(-0.196747 -0.122956 -2.48131e-21)
(-0.189513 -0.121951 1.0363e-21)
(-0.181088 -0.120884 1.01025e-21)
(-0.171452 -0.119755 2.05338e-21)
(-0.171452 -0.119755 2.05338e-21)
(-0.177584 -0.137439 2.21766e-21)
(-0.165876 -0.136801 -1.0759e-21)
(-0.152901 -0.136108 4.73803e-21)
(-0.13864 -0.135356 -2.19413e-21)
(-0.123067 -0.134536 -1.02196e-21)
(-0.106161 -0.133644 4.43283e-21)
(-0.0878962 -0.132672 4.58747e-21)
(-0.0682532 -0.131615 4.22161e-22)
(-0.0472152 -0.13047 3.37618e-21)
(-0.0247724 -0.129232 6.94379e-21)
(-0.000923209 -0.1279 2.15341e-21)
(0.0243234 -0.126475 -6.0389e-21)
(0.0509465 -0.124955 -8.24467e-21)
(0.0789121 -0.123341 1.65719e-21)
(0.108173 -0.121646 9.65721e-22)
(0.138665 -0.119882 -1.36449e-20)
(0.170311 -0.118049 -5.31407e-21)
(0.203018 -0.116151 -9.6105e-21)
(0.236681 -0.114196 -6.30264e-21)
(0.271182 -0.112187 -3.56539e-21)
(0.306392 -0.11013 2.94807e-21)
(0.342173 -0.108028 1.4442e-21)
(0.378377 -0.105883 7.08879e-21)
(0.41485 -0.103683 1.65488e-21)
(0.451435 -0.101414 5.4151e-21)
(0.48797 -0.0991533 1.74546e-22)
(0.524286 -0.0970576 3.00142e-21)
(0.560211 -0.0945376 1.20092e-20)
(0.59934 -0.0897209 0)
(0.648868 -0.0862135 0)
(0.700482 -0.0828331 0)
(0.753417 -0.0790262 0)
(0.806917 -0.0748918 0)
(0.860209 -0.0704979 0)
(0.912502 -0.0658598 0)
(0.962999 -0.0609998 0)
(1.01093 -0.0559606 0)
(1.05558 -0.0508002 0)
(1.09634 -0.045587 0)
(1.13274 -0.0403963 0)
(1.16449 -0.0353041 0)
(1.19147 -0.0303818 0)
(1.21376 -0.0256912 0)
(1.23162 -0.0212799 0)
(1.24543 -0.0171797 0)
(1.25569 -0.013406 0)
(1.26293 -0.00995964 0)
(1.26772 -0.00682932 0)
(1.27059 -0.00399546 0)
(1.27199 -0.00143322 0)
(1.27233 0.000881603 0)
(1.27193 0.00297389 0)
(1.27102 0.00486701 0)
(1.26978 0.00657844 0)
(1.26832 0.00812272 0)
(1.26671 0.00951111 0)
(1.26499 0.0107522 0)
(1.26318 0.0118524 0)
(1.26129 0.0128172 0)
(1.25932 0.0136511 0)
(1.25727 0.0143582 0)
(1.25514 0.0149427 0)
(1.25294 0.0154087 0)
(1.25066 0.0157606 0)
(1.24832 0.0160026 0)
(1.24591 0.0161392 0)
(1.24345 0.016175 0)
(1.24094 0.0161142 0)
(1.2384 0.0159615 0)
(1.23583 0.0157212 0)
(1.23325 0.0153976 0)
(1.23067 0.0149948 0)
(1.22809 0.014517 0)
(1.22555 0.013968 0)
(1.22304 0.0133518 0)
(1.2206 0.0126718 0)
(1.21822 0.0119317 0)
(1.21593 0.0111345 0)
(1.21375 0.0102835 0)
(1.2117 0.00938148 0)
(1.20979 0.00843116 0)
(1.20804 0.00743505 0)
(1.20648 0.0063955 0)
(1.20513 0.00531472 0)
(1.204 0.00419477 0)
(1.20311 0.00303768 0)
(1.2025 0.00184541 0)
(1.20219 0.000620527 0)
)
;
    }
}


// ************************************************************************* //
