/*--------------------------------*- C++ -*----------------------------------*\
  =========                 |
  \\      /  F ield         | OpenFOAM: The Open Source CFD Toolbox
   \\    /   O peration     | Website:  https://openfoam.org
    \\  /    A nd           | Version:  7
     \\/     M anipulation  |
\*---------------------------------------------------------------------------*/
FoamFile
{
    version     2.0;
    format      ascii;
    class       surfaceScalarField;
    location    "46";
    object      phi;
}
// * * * * * * * * * * * * * * * * * * * * * * * * * * * * * * * * * * * * * //

dimensions      [0 3 -1 0 0 0 0];

internalField   nonuniform List<scalar> 
2011
(
-0.000213634
-0.000259317
0.000520509
0.0120932
6.04406e-05
0.0120285
6.4662e-05
0.0119603
6.82288e-05
0.0118889
7.14138e-05
0.0118145
7.43564e-05
0.0117375
7.69914e-05
0.0116587
7.88147e-05
0.0115793
7.93801e-05
0.0115012
7.8081e-05
0.0114267
7.45238e-05
6.90121e-05
0.0118144
0.000119611
0.0117512
0.000127921
0.0116844
0.000134941
0.0116146
0.000141223
0.0115419
0.000147044
0.0114667
0.000152277
0.0113896
0.000155911
0.0113119
0.000157058
0.0112355
0.000154497
0.0111625
0.000147454
0.00013651
0.0115437
0.000177637
0.0114818
0.000189873
0.0114165
0.000200213
0.0113482
0.000209497
0.0112771
0.000218142
0.0112035
0.000225954
0.011128
0.00023141
0.0110519
0.000233165
0.010977
0.000229377
0.0109055
0.000218893
0.000202563
0.0112808
0.000234639
0.0112201
0.000250614
0.0111562
0.000264119
0.0110894
0.000276305
0.0110198
0.000287725
0.0109476
0.000298117
0.0108736
0.000305425
0.010799
0.000307833
0.0107255
0.000302858
0.0106554
0.000288962
0.000267254
0.0110253
0.000290724
0.0109657
0.000310227
0.0109031
0.000326724
0.0108377
0.000341704
0.0107696
0.000355858
0.0106989
0.000368849
0.0106262
0.000378064
0.0105529
0.000381183
0.0104807
0.000375062
0.0104119
0.000357767
0.000330659
0.0107769
0.000345985
0.0107183
0.000368784
0.0106569
0.000388083
0.0105929
0.000405746
0.0105262
0.000422599
0.0104568
0.000438225
0.0103854
0.000449421
0.0103133
0.000453324
0.0102423
0.000446102
0.0101746
0.000425408
0.00039285
0.0105351
0.000400502
0.0104775
0.000426346
0.0104174
0.000448243
0.0103546
0.000468472
0.0102892
0.000487998
0.0102211
0.000506312
0.010151
0.000519581
0.01008
0.000524358
0.01001
0.00051608
0.00994341
0.000491976
0.000453892
0.0102997
0.000454344
0.0102431
0.000482963
0.0101841
0.00050724
0.0101226
0.000529916
0.0100585
0.000552096
0.00999166
0.000573168
0.00992261
0.000588623
0.0098526
0.000594374
0.00978359
0.000585091
0.00971801
0.000557556
0.000513846
0.0100703
0.00050757
0.0100146
0.000538677
0.00995674
0.000565102
0.00989656
0.000590104
0.00983372
0.000614927
0.00976805
0.000638845
0.00970006
0.000656615
0.00963097
0.000663458
0.00956284
0.000653221
0.00949817
0.000622224
0.000572767
0.00984676
0.000560232
0.00979192
0.000593523
0.00973517
0.000621851
0.00967622
0.000649056
0.00961462
0.00067652
0.00955008
0.000703388
0.00948307
0.000723621
0.00941485
0.000731687
0.00934752
0.000720551
0.00928369
0.000686054
0.000630711
0.00962873
0.000612369
0.00957472
0.000647525
0.00951907
0.000677499
0.00946135
0.000706783
0.00940097
0.000736896
0.00933752
0.000766835
0.00927144
0.0007897
0.009204
0.00079913
0.0091374
0.000787155
0.00907434
0.000749112
0.000687724
0.00941597
0.000664017
0.00936279
0.000700701
0.00930823
0.000732055
0.00925172
0.000763293
0.00919255
0.000796073
0.00913016
0.000829222
0.00906496
0.000854902
0.00899823
0.000865855
0.00893229
0.000853102
0.00886994
0.000811461
0.000743854
0.00920826
0.000715203
0.0091559
0.000753065
0.00910243
0.000785519
0.00904714
0.000818587
0.00898915
0.00085406
0.0089278
0.000890578
0.00886342
0.000919276
0.00879736
0.000931921
0.008732
0.000918456
0.0086703
0.000873159
0.000799145
0.00900539
0.000765948
0.00895383
0.000804622
0.00890146
0.000837887
0.00884739
0.00087266
0.00879058
0.000910866
0.00873024
0.000950927
0.00866665
0.000982865
0.00860118
0.000997385
0.00853636
0.000983277
0.00847526
0.00093426
0.000853635
0.00880715
0.000816268
0.0087564
0.000855373
0.00870514
0.000889149
0.0086523
0.000925506
0.00859667
0.000966492
0.00853731
0.00101029
0.00847446
0.00104571
0.00840955
0.0010623
0.00834521
0.00104762
0.00828465
0.000994816
0.000907365
0.00861338
0.000866174
0.00856343
0.000905316
0.00851329
0.000939292
0.00846169
0.000977111
0.00840724
0.00102094
0.00834884
0.00106869
0.00828671
0.00110784
0.0082223
0.00112671
0.00815838
0.00111154
0.00809832
0.00105487
0.000960369
0.00842388
0.000915674
0.00837475
0.000954442
0.00832575
0.000988298
0.0082754
0.00102746
0.00822213
0.0010742
0.00816469
0.00112613
0.00810323
0.00116929
0.00803928
0.00119067
0.00797574
0.00117507
0.00791614
0.00111448
0.00101268
0.0082385
0.00096477
0.00819021
0.00100274
0.00814236
0.00103615
0.00809328
0.00107653
0.00804121
0.00112628
0.0079847
0.00118264
0.0079239
0.0012301
0.00786036
0.00125421
0.00779715
0.00123828
0.00773796
0.00117367
0.00106433
0.00805711
0.00101346
0.00800965
0.0010502
0.00796298
0.00108281
0.00791521
0.00112431
0.00786433
0.00117716
0.00780875
0.00123822
0.00774856
0.00129029
0.0076854
0.00131737
0.00762249
0.00130119
0.00756367
0.00123248
0.00111535
0.00787955
0.00783295
0.00109679
0.00778749
0.00112827
0.00774103
0.00117077
0.00769136
0.00122683
0.0076367
0.00129287
0.00757711
0.00134988
0.00751428
0.0013802
0.00745162
0.00136385
0.00739315
0.00129096
0.00116577
0.00765999
0.00114251
0.00761576
0.0011725
0.00757064
0.00121589
0.00752219
0.00127528
0.00746844
0.00134662
0.00740942
0.0014089
0.0073469
0.00144272
0.00728445
0.0014263
0.00722628
0.00134913
0.00121562
0.00749064
0.00118733
0.00744768
0.00121546
0.00740393
0.00125965
0.0073567
0.00132251
0.00730386
0.00139947
0.00724538
0.00146738
0.00718313
0.00150497
0.00712086
0.00148857
0.00706296
0.00140703
0.00126492
0.0073248
0.00123123
0.00728313
0.00125713
0.00724077
0.00130201
0.00719478
0.00136849
0.00714283
0.00145142
0.00708488
0.00152534
0.00702287
0.00156698
0.00696075
0.00155069
0.00690308
0.00146469
0.00131371
0.00716237
0.00127419
0.00712202
0.00129748
0.00708107
0.00134296
0.00703633
0.00141323
0.00698526
0.00150248
0.00692781
0.00158279
0.00686601
0.00162878
0.006804
0.00161269
0.00674655
0.00152215
0.001362
0.00700325
0.00131619
0.00696424
0.00133649
0.00692472
0.00138247
0.00688123
0.00145672
0.00683104
0.00155268
0.00677406
0.00163978
0.00671244
0.0016904
0.00665051
0.00167461
0.00659324
0.00157942
0.00140983
0.00684733
0.00135721
0.00680968
0.00137414
0.00677161
0.00142055
0.00672937
0.00149896
0.00668004
0.00160201
0.00662351
0.00169631
0.00656204
0.00175188
0.00650017
0.00173648
0.00644305
0.00163654
0.00145723
0.0066945
0.00139726
0.00665822
0.00141041
0.00662161
0.00145716
0.00658062
0.00153994
0.00653214
0.00165049
0.00647603
0.00175241
0.00641469
0.00181322
0.00635285
0.00179832
0.00629586
0.00169353
0.00150422
0.00654463
0.00143632
0.00650974
0.0014453
0.00647457
0.00149232
0.00643483
0.00157969
0.00638717
0.00169815
0.00633148
0.0018081
0.00627023
0.00187446
0.0062084
0.00186015
0.00615151
0.00175043
0.00155084
0.00639756
0.00147441
0.00636404
0.00147883
0.00633033
0.00152604
0.00629181
0.0016182
0.00624497
0.001745
0.00618966
0.00186341
0.00612851
0.00193562
0.00606667
0.00192199
0.00600986
0.00180723
0.00159712
0.0062531
0.00151155
0.00622094
0.00151099
0.00618866
0.00155832
0.00615136
0.0016555
0.00610531
0.00179104
0.00605038
0.00191834
0.00598932
0.00199668
0.00592747
0.00198383
0.00587073
0.00186397
0.00164308
0.006111
0.00154778
0.00608016
0.00154183
0.00604929
0.00158919
0.00601319
0.0016916
0.00596794
0.00183629
0.00591341
0.00197287
0.00585244
0.00205765
0.00579059
0.00204568
0.00573393
0.00192063
0.00168875
0.00597093
0.00158313
0.00594139
0.00157137
0.00591191
0.00161868
0.005877
0.00172651
0.00583256
0.00188073
0.00577844
0.00202699
0.00571762
0.00211848
0.0056558
0.00210749
0.00559923
0.00197721
0.00173414
0.00583253
0.00161765
0.00580424
0.00159966
0.00577613
0.00164679
0.00574242
0.00176021
0.00569882
0.00192433
0.00564518
0.00208063
0.00558456
0.0021791
0.00552284
0.00216921
0.00546639
0.00203367
0.00177926
0.00569531
0.00165139
0.00566825
0.00162673
0.0056415
0.00167354
0.00560902
0.00179269
0.00556634
0.00196701
0.00551327
0.0021337
0.00545296
0.0022394
0.00539143
0.00223074
0.00533515
0.00208994
0.00182409
0.00555876
0.00168438
0.0055329
0.00165259
0.00550752
0.00169892
0.00547633
0.00182388
0.00543467
0.00200867
0.00538232
0.00218605
0.00532248
0.00229925
0.00526126
0.00229196
0.00520525
0.00214595
0.0018686
0.00542229
0.00171664
0.00539762
0.00167727
0.00537365
0.00172288
0.00534386
0.00185368
0.00530338
0.00204914
0.00525195
0.00223748
0.00519277
0.00235842
0.00513204
0.00235269
0.00507642
0.00220158
0.00191276
0.00528525
0.00174815
0.00526181
0.00170071
0.00523934
0.00174535
0.00521107
0.00188194
0.005172
0.00208821
0.00512174
0.00228775
0.00506349
0.00241667
0.00500346
0.00241272
0.00494837
0.00225666
0.0019565
0.00514702
0.00177884
0.00512487
0.00172286
0.00510401
0.00176621
0.00507748
0.00190847
0.00504008
0.00212561
0.00499131
0.00233652
0.00493429
0.00247369
0.00487524
0.00247178
0.00482087
0.00231103
0.00199971
0.00500695
0.0018086
0.00498621
0.0017436
0.00496713
0.00178529
0.00494259
0.00193301
0.0049072
0.00216099
0.00486029
0.00238343
0.00480488
0.0025291
0.0047471
0.00252956
0.00469368
0.00236445
0.0020423
0.00486448
0.00183726
0.00484532
0.00176276
0.00482824
0.00180238
0.00480599
0.00195526
0.004773
0.00219398
0.00472838
0.00242806
0.00467498
0.00258249
0.00461883
0.00258571
0.0045666
0.00241668
0.00208411
0.00471914
0.00186461
0.00470176
0.00178015
0.00468694
0.0018172
0.00466733
0.00197486
0.00463718
0.00222414
0.00459532
0.00246992
0.00454439
0.00263342
0.00449023
0.00263987
0.00443947
0.00246745
0.00212501
0.00457058
0.00189037
0.00455522
0.0017955
0.00454296
0.00182946
0.00452639
0.00199144
0.00449953
0.002251
0.00446093
0.00250851
0.00441295
0.0026814
0.00436119
0.00269163
0.00431219
0.00251645
0.00216482
0.00441859
0.00191423
0.00440555
0.00180854
0.00439618
0.00183883
0.00438304
0.00200458
0.00435996
0.00227408
0.00432514
0.00254333
0.00428059
0.00272595
0.00423165
0.00274057
0.0041847
0.0025634
0.00220336
0.00426316
0.00193585
0.00425274
0.00181896
0.00424659
0.00184498
0.00423729
0.00201388
0.00421847
0.00229289
0.00418794
0.00257386
0.00414731
0.00276659
0.00410159
0.00278629
0.00405701
0.00260798
0.00224046
0.00410443
0.00195488
0.00409693
0.00182646
0.00409435
0.00184756
0.00408929
0.00201893
0.0040752
0.00230699
0.00404945
0.00259962
0.0040132
0.00280284
0.00397109
0.00282839
0.00392917
0.0026499
0.00227592
0.00394274
0.00197099
0.00393847
0.00183073
0.00393976
0.00184627
0.00393932
0.00201937
0.00393037
0.00231593
0.00390985
0.00262015
0.00387841
0.00283428
0.00384029
0.00286651
0.00380131
0.00268888
0.00230958
0.00377857
0.00198386
0.0037778
0.00183151
0.00378325
0.00184081
0.00378775
0.00201487
0.00378433
0.00231935
0.00376942
0.00263506
0.00374317
0.00286052
0.00370937
0.00290031
0.00367359
0.00272467
0.00234128
0.00361256
0.00199322
0.00361552
0.00182855
0.00362538
0.00183095
0.00363508
0.00200517
0.00363748
0.00231695
0.00362851
0.00264402
0.00360778
0.00288126
0.00357858
0.00292951
0.00354621
0.00275703
0.00237087
0.00344545
0.00199885
0.00345232
0.00182168
0.00346677
0.0018165
0.00348188
0.00199006
0.00349033
0.00230851
0.00348756
0.0026468
0.00347258
0.00289623
0.00344821
0.00295388
0.00341944
0.0027858
0.00239823
0.00327806
0.00200058
0.00328898
0.00181075
0.00330815
0.00179733
0.00332879
0.00196942
0.00334343
0.00229386
0.00334701
0.00264322
0.00333797
0.00290527
0.00331858
0.00297326
0.00329355
0.00281083
0.00242329
0.00311126
0.00199833
0.00312631
0.0017957
0.00315024
0.0017734
0.00317647
0.00194319
0.00319737
0.00227297
0.00320737
0.00263322
0.00320435
0.00290829
0.00319006
0.00298756
0.00316885
0.00283204
0.00244599
0.00294594
0.00199207
0.00296512
0.00177652
0.00299382
0.00174469
0.00302562
0.00191139
0.00305275
0.00224585
0.00306916
0.00261681
0.00307218
0.00290528
0.003063
0.00299673
0.00304565
0.00284939
0.00246632
0.00278297
0.00198185
0.00280624
0.00175325
0.00283964
0.00171129
0.00287692
0.00187411
0.00291017
0.0022126
0.00293291
0.00259407
0.00294189
0.00289629
0.0029378
0.00300082
0.00292429
0.0028629
0.0024843
0.0026232
0.00196778
0.00265043
0.00172601
0.00268841
0.00167331
0.00273102
0.0018315
0.00277023
0.00217338
0.00279913
0.00256518
0.00281393
0.00288149
0.00281483
0.00299993
0.00280507
0.00287266
0.00250001
0.00246738
0.00195004
0.00249842
0.00169497
0.0025408
0.00163093
0.00258855
0.00178376
0.0026335
0.00212843
0.00266832
0.00253036
0.00268874
0.00286106
0.00269445
0.00299422
0.0026883
0.0028788
0.00251358
0.00231623
0.00192889
0.00235085
0.00166035
0.00239742
0.00158437
0.00245006
0.00173111
0.00250049
0.00207801
0.00254095
0.00248989
0.00256673
0.00283528
0.00257701
0.00298395
0.00257428
0.00288153
0.00252517
0.00217036
0.00190462
0.00220828
0.00162243
0.00225877
0.00153388
0.00231606
0.00167383
0.00237167
0.00202239
0.00241747
0.0024441
0.00244827
0.00280448
0.00246284
0.00296939
0.00246326
0.00288111
0.00253501
0.00203026
0.00187763
0.00207117
0.00158152
0.00212531
0.00147974
0.00218697
0.00161217
0.00224746
0.00196189
0.00229825
0.00239332
0.00233373
0.002769
0.00235222
0.00295089
0.00235548
0.00287785
0.00254336
0.00189636
0.00184836
0.00193988
0.001538
0.00199737
0.00142225
0.00206312
0.00154642
0.00212821
0.0018968
0.00218364
0.00233789
0.0022234
0.00272924
0.00224542
0.00292887
0.00225113
0.00287214
0.00255055
0.00176894
0.00181736
0.00181464
0.0014923
0.00187517
0.00136172
0.00194477
0.00147682
0.00201419
0.00182738
0.00207392
0.00227816
0.00211756
0.0026856
0.00214267
0.00290376
0.0021504
0.00286441
0.00255692
0.000898403
0.00214009
0.000933767
0.00178199
0.000973973
0.00145209
0.00101651
0.00131918
0.00105813
0.00143521
0.00109603
0.00178948
0.00112847
0.00224572
0.00115512
0.00265895
0.00117647
0.00288241
0.00119324
0.00284764
0.00254431
0.000878104
0.00211051
0.0009144
0.0017457
0.000956093
0.0014104
0.00100083
0.00127444
0.00104518
0.00139086
0.00108596
0.00174869
0.001121
0.00221068
0.0011496
0.00263034
0.00117207
0.00285994
0.00118907
0.00283065
0.00253229
0.000855955
0.00208027
0.000893156
0.0017085
0.000936331
0.00136722
0.00098328
0.0012275
0.0010304
0.00134374
0.00107416
0.00170494
0.00111189
0.00217295
0.00114256
0.00259967
0.00116623
0.00283627
0.00118348
0.0028134
0.00252085
0.000831698
0.00204932
0.000869884
0.00167031
0.000914635
0.00132247
0.000963879
0.00117825
0.00101384
0.00129377
0.00106063
0.00165815
0.00110112
0.00213247
0.00113391
0.00256688
0.00115882
0.00281136
0.00117636
0.00279586
0.00250997
0.000805363
0.0020176
0.000844638
0.00163104
0.000891074
0.00127603
0.0009427
0.00112662
0.000995566
0.00124091
0.00104542
0.0016083
0.0010887
0.00208918
0.00112364
0.00253194
0.00114982
0.00278518
0.00116766
0.00277802
0.00249962
0.000777077
0.00198504
0.000817529
0.00159058
0.000865739
0.00122782
0.000919814
0.00107255
0.00097562
0.0011851
0.00102857
0.00155536
0.00107467
0.00204308
0.00111179
0.00249481
0.00113926
0.00275772
0.00115741
0.00275986
0.00248976
0.000746953
0.00195162
0.000788657
0.00154888
0.000838714
0.00117777
0.000895285
0.00101598
0.000954056
0.00112633
0.00101011
0.0014993
0.00105905
0.00199414
0.00109837
0.00245549
0.00112714
0.00272895
0.00114564
0.00274137
0.00248035
0.0007151
0.00191728
0.000758126
0.00150585
0.000810091
0.0011258
0.000869191
0.000956878
0.000930935
0.00106459
0.000990099
0.00144014
0.00104188
0.00194236
0.00108341
0.00241396
0.00111349
0.00269886
0.00113235
0.00272251
0.00247135
0.000681639
0.00188197
0.000726048
0.00146145
0.000779968
0.00107188
0.000841615
0.000895231
0.000906324
0.000999876
0.000968582
0.00137788
0.00102319
0.00188775
0.00106693
0.00237023
0.00109834
0.00266745
0.00111758
0.00270327
0.00246269
0.000646705
0.00184566
0.000692548
0.0014156
0.000748457
0.00101597
0.000812651
0.000831038
0.0008803
0.000932227
0.000945621
0.00131256
0.00100304
0.00183033
0.00104897
0.00232429
0.00108171
0.00263472
0.00110136
0.00268363
0.00245431
0.00061044
0.00180832
0.000657759
0.00136828
0.000715674
0.000958058
0.000782398
0.000764314
0.000852947
0.000861678
0.000921285
0.00124422
0.000981477
0.00177014
0.00102959
0.00227618
0.00106365
0.00260065
0.00108374
0.00266354
0.00244613
0.000572995
0.00176991
0.000621821
0.00131946
0.000681746
0.000898133
0.000750967
0.000695093
0.000824356
0.000788288
0.00089565
0.00117293
0.000958565
0.00170723
0.00100883
0.00222591
0.00104422
0.00256527
0.00106478
0.00264298
0.00243806
0.00053453
0.00173042
0.000584882
0.0012691
0.000646804
0.000836211
0.000718471
0.000623427
0.000794627
0.000712132
0.000868798
0.00109876
0.000934376
0.00164165
0.000986757
0.00217353
0.00102347
0.00252856
0.00104454
0.00262191
0.00243
0.000495209
0.00168982
0.000547096
0.00121722
0.000610989
0.000772317
0.000685034
0.000549382
0.000763865
0.000633302
0.000840821
0.0010218
0.000908988
0.00157348
0.000963439
0.00211908
0.00100146
0.00249053
0.00102309
0.00260029
0.00242183
0.000455204
0.0016481
0.000508625
0.0011638
0.000574448
0.000706495
0.000650788
0.000473042
0.000732184
0.000551905
0.000811817
0.000942169
0.000882487
0.00150281
0.000938957
0.00206261
0.000978286
0.00245121
0.00100053
0.00257804
0.00241343
0.000414694
0.00160524
0.000469637
0.00110885
0.000537332
0.0006388
0.000615867
0.000394506
0.000699707
0.000468066
0.000781895
0.00085998
0.000854969
0.00142974
0.000913399
0.00200418
0.000954028
0.00241058
0.000976942
0.00255513
0.00240467
0.000373862
0.00156125
0.000430303
0.00105241
0.000499802
0.000569302
0.000580418
0.00031389
0.000666561
0.000381924
0.000751168
0.000775373
0.000826537
0.00135437
0.000886862
0.00194385
0.000928784
0.00236866
0.000952439
0.00253147
0.00239541
0.000332894
0.00151613
0.000390803
0.000994504
0.000462023
0.000498082
0.00054459
0.000231322
0.000632882
0.000293632
0.000719759
0.000688496
0.000797304
0.00127682
0.000859452
0.00188171
0.000902662
0.00232545
0.000927133
0.002507
0.00238549
0.000291983
0.00146986
0.000351317
0.00093517
0.000424166
0.000425233
0.000508543
0.000146945
0.000598815
0.000203359
0.000687798
0.000599514
0.000767389
0.00119723
0.000831286
0.00181781
0.000875781
0.00228095
0.00090115
0.00248164
0.00237474
0.000251323
0.00142248
0.000312034
0.000874459
0.000386409
0.000350858
0.000472441
6.09122e-05
0.000564511
0.000111289
0.000655423
0.000508602
0.000736921
0.00111574
0.000802487
0.00175224
0.000848267
0.00223517
0.000874623
0.00245528
0.00236302
0.000211112
0.00137397
0.000273143
0.000812428
0.000348925
0.000275076
0.000436447
-2.66098e-05
0.000530125
1.76111e-05
0.00062278
0.000415946
0.000706037
0.00103248
0.000773189
0.00168509
0.000820255
0.0021881
0.000847694
0.00242784
0.00235013
0.000171549
0.00132437
0.00023484
0.000749137
0.000311898
0.000198018
0.000400733
-0.000115444
0.00049582
-7.74758e-05
0.000590022
0.000321745
0.000674883
0.000947618
0.000743534
0.00161644
0.00079189
0.00213975
0.000820512
0.00239922
0.00233592
0.000132835
0.00127367
0.000197322
0.000684651
0.000275529
0.000119811
0.000365479
-0.000205395
0.000461761
-0.000173758
0.000557307
0.000226199
0.00064361
0.000861316
0.000713672
0.00154638
0.000763323
0.0020901
0.000793233
0.00236931
0.0023202
9.51712e-05
0.00122189
0.000160781
0.000619041
0.000239994
4.05985e-05
0.00033087
-0.00029627
0.000428124
-0.000271013
0.000524802
0.000129521
0.000612378
0.00077374
0.00068376
0.001475
0.000734715
0.00203914
0.000766019
0.002338
0.00230281
5.87576e-05
0.00116904
0.000125409
0.000552389
0.000205498
-3.94901e-05
0.000297096
-0.000387869
0.00039509
-0.000369007
0.000492678
3.19339e-05
0.000581353
0.000685065
0.000653962
0.00140239
0.000706229
0.00198687
0.000739033
0.0023052
0.00228356
2.37866e-05
0.00111518
9.14117e-05
0.000484764
0.000172225
-0.000120303
0.000264345
-0.000479989
0.000362839
-0.000467502
0.000461108
-6.63348e-05
0.000550705
0.000595467
0.000624446
0.00132865
0.000678034
0.00193329
0.000712445
0.00227079
0.00226231
-9.54804e-06
0.00106033
5.89812e-05
0.000416235
0.000140367
-0.000201689
0.000232803
-0.000572425
0.000331555
-0.000566254
0.000430273
-0.000165052
0.00052061
0.00050513
0.000595386
0.00125387
0.000650302
0.00187837
0.000686423
0.00223467
0.0022389
-4.09855e-05
0.00100443
2.83111e-05
0.000346938
0.000110121
-0.000283499
0.000202658
-0.000664962
0.000301426
-0.000665022
0.000400351
-0.000263977
0.000491245
0.000414235
0.000566958
0.00117816
0.000623207
0.00182212
0.000661134
0.00219674
0.00221319
-7.04241e-05
0.00094753
-5.01693e-07
0.000277016
8.16734e-05
-0.000365674
0.000174097
-0.000757385
0.000272633
-0.000763558
0.000371526
-0.00036287
0.00046279
0.000322971
0.000539338
0.00110161
0.000596923
0.00176454
0.000636747
0.00215692
0.00218504
-9.76606e-05
0.000889647
-2.7e-05
0.000206355
5.52024e-05
-0.000447877
0.000147302
-0.000849485
0.000245361
-0.000861616
0.000343983
-0.000461492
0.000435424
0.000231529
0.000512704
0.00102433
0.000571623
0.00170562
0.000613423
0.00211512
0.00215435
-0.000122523
0.000830792
-5.12918e-05
0.000135124
3.08817e-05
-0.00053005
0.00012245
-0.000941054
0.000219789
-0.000958955
0.000317899
-0.000559602
0.000409325
0.000140102
0.000487229
0.000946426
0.000547473
0.00164537
0.00059132
0.00207127
0.00212102
-0.000144856
0.000770978
-7.31303e-05
6.33981e-05
8.87327e-06
-0.000612054
9.97103e-05
-0.00103189
0.000196088
-0.00105533
0.000293448
-0.000656962
0.000384667
4.88834e-05
0.000463086
0.000868007
0.000524639
0.00158382
0.000570588
0.00202532
0.00208496
-0.000164516
0.000710218
-9.23635e-05
-8.75446e-06
-1.06623e-05
-0.000693755
7.92425e-05
-0.0011218
0.000174426
-0.00115052
0.000270799
-0.000753335
0.000361619
-4.19359e-05
0.000440439
0.000789187
0.000503276
0.00152098
0.000551369
0.00197722
0.00204612
-0.000181372
0.000648527
-0.000108858
-8.12687e-05
-2.75872e-05
-0.000775025
6.11955e-05
-0.00121058
0.000154958
-0.00124428
0.000250111
-0.000848489
0.000340342
-0.000132167
0.000419444
0.000710085
0.000483532
0.0014569
0.000533795
0.00192696
0.00200447
-0.000195304
0.000585911
-0.0001225
-0.000154073
-4.17809e-05
-0.000855744
4.57049e-05
-0.00129806
0.000137828
-0.0013364
0.000231539
-0.0009422
0.000320987
-0.000221615
0.000400252
0.00063082
0.000465546
0.0013916
0.000517986
0.00187452
0.00195998
-0.00020622
0.000522379
-0.000133185
-0.000227108
-5.31326e-05
-0.000935797
3.2891e-05
-0.00138409
0.000123169
-0.00142668
0.000215219
-0.00103425
0.000303696
-0.000310093
0.000382998
0.000551518
0.000449441
0.00132516
0.000504049
0.00181992
0.00191266
-0.000214043
0.000457942
-0.000140833
-0.000300318
-6.15514e-05
-0.00101508
2.28575e-05
-0.0014685
0.000111097
-0.00151492
0.000201277
-0.00112443
0.0002886
-0.000397415
0.000367807
0.000472311
0.000435333
0.00125763
0.000492078
0.00176317
0.00186254
-0.000218719
0.000392611
-0.000145385
-0.000373651
-6.69666e-05
-0.0010935
1.56897e-05
-0.00155115
0.000101712
-0.00160094
0.000189825
-0.00121254
0.000275811
-0.000483401
0.00035479
0.000393331
0.000423318
0.00118911
0.000482154
0.00170433
0.00180967
-0.000220213
0.000326397
-0.000146802
-0.000447062
-6.93284e-05
-0.00117097
1.1453e-05
-0.00163193
9.50954e-05
-0.00168458
0.000180955
-0.0012984
0.000265429
-0.000567875
0.000344042
0.000314719
0.000413479
0.00111967
0.00047434
0.00164347
0.00175411
-0.000218515
-0.000145069
-6.8609e-05
1.01921e-05
9.13098e-05
0.000174745
0.000257536
0.000335641
0.000405884
0.000468684
)
;

boundaryField
{
    inlet
    {
        type            calculated;
        value           nonuniform 0();
    }
    outlet
    {
        type            calculated;
        value           nonuniform 0();
    }
    cylinder
    {
        type            calculated;
        value           nonuniform 0();
    }
    top
    {
        type            symmetryPlane;
        value           nonuniform 0();
    }
    bottom
    {
        type            symmetryPlane;
        value           uniform 0;
    }
    defaultFaces
    {
        type            empty;
        value           nonuniform 0();
    }
    procBoundary12to11
    {
        type            processor;
        value           nonuniform List<scalar> 
102
(
-0.0121536
-0.0118736
-0.0116018
-0.0113378
-0.0110814
-0.0108321
-0.0105896
-0.0103535
-0.0101235
-0.00989942
-0.00968086
-0.00946762
-0.00925945
-0.00905613
-0.00885747
-0.00866328
-0.00847338
-0.0082876
-0.0081058
-0.00792784
0.00106175
-0.00770571
-0.00753546
-0.0073687
-0.00720533
-0.00704525
-0.00688835
-0.00673454
-0.00658369
-0.00643566
-0.00629025
-0.00614722
-0.00600628
-0.00586705
-0.00572905
-0.00559176
-0.00545455
-0.00531676
-0.00517771
-0.00503671
-0.00489315
-0.00474649
-0.00459634
-0.00444245
-0.00428478
-0.00412346
-0.00395885
-0.00379144
-0.00362192
-0.00345107
-0.00327979
-0.00310901
-0.00293968
-0.00277275
-0.00260913
-0.00244965
-0.00229508
-0.00214609
-0.00200327
-0.00186709
-0.00173793
-0.00216898
-0.000869515
-0.000848525
-0.000825712
-0.000800747
-0.000773639
-0.000744527
-0.000713528
-0.000680755
-0.000646332
-0.000610397
-0.000573098
-0.00053459
-0.000495036
-0.000454608
-0.000413481
-0.00037184
-0.000329872
-0.000287767
-0.000245723
-0.000203936
-0.000162608
-0.000121941
-8.21374e-05
-4.33986e-05
-5.90473e-06
3.00724e-05
6.44043e-05
9.68835e-05
0.000127323
0.000155543
0.000181378
0.000204671
0.000225275
0.000243063
0.000257921
0.000269752
0.00027848
0.00028405
0.000286426
0.000285595
)
;
    }
    procBoundary12to13
    {
        type            processor;
        value           nonuniform List<scalar> 
99
(
0.0113577
0.011095
0.0108395
0.0105907
0.0103484
0.0101124
0.00988237
0.00965805
0.00943925
0.00922574
0.00901733
0.00881381
0.00861501
0.00842077
0.00823092
0.00804532
0.00786383
0.00768631
0.00751265
0.00734273
0.00717643
0.00701366
0.0068543
0.00669825
0.00654541
0.00639566
0.00624886
0.00610489
0.00596358
0.00582477
0.00568826
0.00555384
0.00542127
0.00529032
0.00516073
0.00503226
0.00490464
0.00477766
0.00465109
0.00452478
0.00439857
0.00427238
0.00414616
0.00401991
0.00389371
0.00376765
0.00364189
0.00351662
0.00339207
0.00326849
0.00314615
0.00302533
0.00290631
0.00278935
0.00267473
0.00256269
0.00245342
0.00234712
0.00224395
0.00214402
0.00120585
0.00120108
0.00119492
0.00118724
0.00117801
0.00116727
0.00115504
0.00114135
0.00112623
0.00110974
0.00109192
0.00107285
0.0010526
0.00103126
0.00100892
0.000985701
0.000961703
0.000937056
0.000911891
0.00088635
0.000860577
0.000834726
0.000808952
0.000783415
0.000758275
0.000733695
0.000709833
0.000686848
0.000664893
0.000644116
0.000624656
0.000606645
0.000590206
0.00057545
0.000562475
0.000551367
0.000542199
0.000535028
0.000529896
)
;
    }
    procBoundary12to27
    {
        type            processor;
        value           uniform 0.000281564;
    }
    procBoundary12to28
    {
        type            processor;
        value           nonuniform List<scalar> 
12
(
0.000191387
-0.00014019
-0.000593953
-0.00124743
-0.00171074
-0.0017657
-0.00138184
-0.000650666
0.000236613
0.00104943
0.00158067
0.00169596
)
;
    }
    procBoundary12to29
    {
        type            processor;
        value           uniform 0.000526832;
    }
}


// ************************************************************************* //
