/*--------------------------------*- C++ -*----------------------------------*\
  =========                 |
  \\      /  F ield         | OpenFOAM: The Open Source CFD Toolbox
   \\    /   O peration     | Website:  https://openfoam.org
    \\  /    A nd           | Version:  7
     \\/     M anipulation  |
\*---------------------------------------------------------------------------*/
FoamFile
{
    version     2.0;
    format      ascii;
    class       volVectorField;
    location    "94";
    object      U;
}
// * * * * * * * * * * * * * * * * * * * * * * * * * * * * * * * * * * * * * //

dimensions      [0 1 -1 0 0 0 0];

internalField   nonuniform List<vector> 
1062
(
(0.874493 -0.31973 -4.7968e-23)
(0.942585 -0.0422066 -1.08428e-22)
(1.06351 0.000365031 0)
(1.06056 0.00114007 0)
(1.04807 0.00179901 0)
(1.03554 0.00174864 0)
(1.02312 0.00196684 0)
(1.00673 0.00115939 0)
(1.00523 -0.00124616 0)
(1.02521 -0.002407 0)
(1.04335 -0.00214074 0)
(1.06044 -0.00186047 0)
(1.07417 -0.00109909 0)
(1.06405 0.0010794 0)
(1.06105 0.00340918 0)
(1.04837 0.00537645 0)
(1.03573 0.00523616 0)
(1.023 0.00591399 0)
(1.00605 0.0035004 0)
(1.0045 -0.00373603 0)
(1.02503 -0.007233 0)
(1.04365 -0.00642313 0)
(1.06092 -0.00556499 0)
(1.07484 -0.00329077 0)
(1.0651 0.0017637 0)
(1.062 0.00567363 0)
(1.04896 0.00893107 0)
(1.03612 0.00873129 0)
(1.02275 0.00994174 0)
(1.00472 0.00591131 0)
(1.00307 -0.0062567 0)
(1.02468 -0.0121369 0)
(1.04423 -0.0107359 0)
(1.06188 -0.00925317 0)
(1.07615 -0.0054848 0)
(1.06665 0.00241729 0)
(1.06338 0.00796468 0)
(1.04982 0.0124963 0)
(1.03671 0.0122867 0)
(1.0224 0.0141528 0)
(1.00276 0.0084487 0)
(1.00095 -0.00886973 0)
(1.02413 -0.0172228 0)
(1.04508 -0.0151426 0)
(1.0633 -0.012962 0)
(1.07808 -0.00770943 0)
(1.06868 0.00303846 0)
(1.06517 0.0103084 0)
(1.05097 0.0160988 0)
(1.03751 0.0159499 0)
(1.02193 0.0186404 0)
(1.00016 0.0111725 0)
(0.99814 -0.0116215 0)
(1.02337 -0.022586 0)
(1.04618 -0.0197118 0)
(1.06519 -0.0167279 0)
(1.08059 -0.00998507 0)
(1.0712 0.00362826 0)
(1.06735 0.0127283 0)
(1.05239 0.0197586 0)
(1.03854 0.0197649 0)
(1.02134 0.0234945 0)
(0.996934 0.01414 0)
(0.994634 -0.0145522 0)
(1.02236 -0.0283158 0)
(1.04751 -0.0245125 0)
(1.06756 -0.0205853 0)
(1.08369 -0.0123217 0)
(1.07421 0.00419024 0)
(1.06991 0.0152452 0)
(1.05411 0.0234899 0)
(1.03981 0.0237737 0)
(1.02063 0.0288009 0)
(0.993069 0.0174065 0)
(0.990406 -0.0176941 0)
(1.02104 -0.0344941 0)
(1.04904 -0.0296147 0)
(1.07042 -0.0245675 0)
(1.08736 -0.0147216 0)
(1.0777 0.00473164 0)
(1.07282 0.017877 0)
(1.05614 0.0273012 0)
(1.04134 0.0280163 0)
(1.01979 0.034642 0)
(0.988577 0.0210233 0)
(0.985417 -0.0210684 0)
(1.01931 -0.0411937 0)
(1.05067 -0.0350923 0)
(1.07376 -0.0287098 0)
(1.09159 -0.0171812 0)
(1.08168 0.00526256 0)
(1.07608 0.0206388 0)
(1.05849 0.0311962 0)
(1.04315 0.0325309 0)
(1.01884 0.0410936 0)
(0.983491 0.0250473 0)
(0.979587 -0.024675 0)
(1.01694 -0.0484754 0)
(1.05224 -0.0410253 0)
(1.0775 -0.033055 0)
(1.09633 -0.0196916 0)
(1.08616 0.00579713 0)
(1.07967 0.0235424 0)
(1.06118 0.0351762 0)
(1.04524 0.037352 0)
(1.01781 0.0482214 0)
(0.97789 0.0295418 0)
(0.972781 -0.0284794 0)
(1.01356 -0.0563799 0)
(1.05338 -0.0475036 0)
(1.08144 -0.0376607 0)
(1.10147 -0.022248 0)
(1.09114 0.00635165 0)
(1.08361 0.0265965 0)
(1.06424 0.0392423 0)
(1.04759 0.0425085 0)
(1.01675 0.0560746 0)
(0.971925 0.0345831 0)
(0.964775 -0.0323867 0)
(1.00853 -0.0649143 0)
(1.05345 -0.0546308 0)
(1.08517 -0.042612 0)
(1.1068 -0.0248634 0)
(1.0966 0.00694283 0)
(1.0879 0.0298066 0)
(1.06767 0.0434001 0)
(1.05014 0.0480203 0)
(1.01576 0.064673 0)
(0.965835 0.0402811 0)
(0.95526 -0.0362048 0)
(1.00088 -0.0740298 0)
(1.05145 -0.0625278 0)
(1.08798 -0.048038 0)
(1.11194 -0.0275862 0)
(1.10255 0.00758798 0)
(1.09257 0.0331752 0)
(1.07148 0.0476639 0)
(1.05283 0.0538933 0)
(1.01496 0.0739975 0)
(0.959937 0.0467827 0)
(0.943898 -0.0396147 0)
(0.98942 -0.0835943 0)
(1.046 -0.0713279 0)
(1.08884 -0.0541274 0)
(1.11629 -0.0305205 0)
(1.10898 0.0083015 0)
(1.09767 0.0367034 0)
(1.07567 0.0520602 0)
(1.05557 0.0601158 0)
(1.01454 0.0839843 0)
(0.954562 0.0542696 0)
(0.930465 -0.0421633 0)
(0.97303 -0.0933685 0)
(1.03562 -0.0811585 0)
(1.08649 -0.0611278 0)
(1.11912 -0.0338441 0)
(1.11588 0.00909344 0)
(1.10325 0.0403931 0)
(1.08019 0.0566288 0)
(1.05827 0.0666559 0)
(1.01467 0.0945295 0)
(0.949963 0.0629425 0)
(0.915026 -0.0433059 0)
(0.951108 -0.103 0)
(1.01907 -0.092102 0)
(1.07967 -0.0693235 0)
(1.11955 -0.0378051 0)
(1.12326 0.00996816 0)
(1.10936 0.044251 0)
(1.08497 0.0614193 0)
(1.0609 0.0734603 0)
(1.01552 0.105508 0)
(0.946238 0.0729828 0)
(0.898066 -0.0425027 0)
(0.923998 -0.11205 0)
(0.995844 -0.104147 0)
(1.06744 -0.0789847 0)
(1.11681 -0.0426955 0)
(1.13114 0.010925 0)
(1.11604 0.0482921 0)
(1.08992 0.0664826 0)
(1.06351 0.0804585 0)
(1.01716 0.1168 0)
(0.943318 0.084502 0)
(0.880479 -0.0393405 0)
(0.893107 -0.120051 0)
(0.966461 -0.117147 0)
(1.04946 -0.0903014 0)
(1.11032 -0.0488133 0)
(1.13958 0.0119603 0)
(1.12328 0.0525433 0)
(1.09495 0.0718606 0)
(1.06621 0.087573 0)
(1.01958 0.128307 0)
(0.941043 0.0975192 0)
(0.863398 -0.0336192 0)
(0.860611 -0.126572 0)
(0.932379 -0.130807 0)
(1.02606 -0.103328 0)
(1.09987 -0.0564082 0)
(1.14862 0.013072 0)
(1.13106 0.0570429 0)
(1.09998 0.0775774 0)
(1.06915 0.0947293 0)
(1.02264 0.139966 0)
(0.939262 0.111942 0)
(0.847944 -0.0253798 0)
(0.828886 -0.131276 0)
(0.895644 -0.144706 0)
(0.998188 -0.117961 0)
(1.08559 -0.0656419 0)
(1.15833 0.0142647 0)
(1.1393 0.0618377 0)
(1.10498 0.0836343 0)
(1.07247 0.101867 0)
(1.02618 0.151745 0)
(0.937909 0.127569 0)
(0.835 -0.0148679 0)
(0.799958 -0.133943 0)
(0.858415 -0.158357 0)
(0.967114 -0.133948 0)
(1.06792 -0.0765713 0)
(1.14789 0.066977 0)
(1.10997 0.0900109 0)
(1.07629 0.108948 0)
(1.02996 0.163628 0)
(0.937014 0.144132 0)
(0.825092 -0.00245548 0)
(0.775195 -0.134484 0)
(0.822597 -0.171276 0)
(0.934247 -0.150936 0)
(1.04749 -0.0891496 0)
(1.15671 0.0725061 0)
(1.11499 0.0966704 0)
(1.08061 0.115959 0)
(1.03381 0.175602 0)
(0.936667 0.161339 0)
(0.818393 0.0114368 0)
(0.755278 -0.132924 0)
(0.789674 -0.183042 0)
(0.900947 -0.168516 0)
(1.02505 -0.103243 0)
(1.16565 0.07846 0)
(1.12014 0.103568 0)
(1.08543 0.122906 0)
(1.0376 0.187648 0)
(0.936975 0.178898 0)
(0.814788 0.0263931 0)
(0.740341 -0.129391 0)
(0.760686 -0.193334 0)
(0.868442 -0.18627 0)
(1.00139 -0.118653 0)
(1.17463 0.0848588 0)
(1.12547 0.110656 0)
(1.09063 0.129811 0)
(1.04123 0.199734 0)
(0.938014 0.196541 0)
(0.813982 0.0420381 0)
(0.730147 -0.124083 0)
(0.736279 -0.201949 0)
(0.837784 -0.203805 0)
(0.977255 -0.135134 0)
(1.18356 0.0917038 0)
(1.13103 0.117893 0)
(1.0961 0.136703 0)
(1.04469 0.211821 0)
(0.939821 0.214038 0)
(0.815588 0.0580309 0)
(0.724251 -0.117253 0)
(0.716755 -0.208798 0)
(0.80983 -0.220774 0)
(0.95336 -0.152412 0)
(1.19235 0.0989729 0)
(1.13684 0.125241 0)
(1.10172 0.143614 0)
(1.04797 0.223863 0)
(0.942378 0.231203 0)
(0.819192 0.0741048 0)
(0.722099 -0.109173 0)
(0.702124 -0.213891 0)
(0.785216 -0.236889 0)
(0.93033 -0.170205 0)
(1.20089 0.106616 0)
(1.14288 0.132669 0)
(1.10735 0.150571 0)
(1.05109 0.235809 0)
(0.945632 0.247894 0)
(0.824395 0.0900649 0)
(0.723103 -0.100119 0)
(0.692155 -0.217317 0)
(0.764347 -0.25193 0)
(0.90869 -0.188234 0)
(1.20905 0.114548 0)
(1.14907 0.140144 0)
(1.1129 0.157595 0)
(1.05409 0.247612 0)
(0.949502 0.264009 0)
(0.830835 0.105747 0)
(0.72669 -0.0903542 0)
(0.686439 -0.21922 0)
(0.747404 -0.265747 0)
(0.888847 -0.206238 0)
(1.21662 0.122646 0)
(1.15532 0.147632 0)
(1.11826 0.164698 0)
(1.05699 0.259225 0)
(0.953893 0.279478 0)
(0.838198 0.121031 0)
(0.732329 -0.0801122 0)
(0.684454 -0.219781 0)
(0.734359 -0.278257 0)
(0.871089 -0.223982 0)
(1.22338 0.130747 0)
(1.1615 0.155089 0)
(1.12338 0.171879 0)
(1.0598 0.270607 0)
(0.9587 0.294262 0)
(0.846216 0.135836 0)
(0.73955 -0.0695954 0)
(0.685631 -0.219192 0)
(0.725023 -0.289434 0)
(0.855585 -0.241268 0)
(1.22905 0.138656 0)
(1.16746 0.162461 0)
(1.12818 0.179128 0)
(1.06255 0.281722 0)
(0.963822 0.30834 0)
(0.854666 0.15011 0)
(0.747947 -0.0589714 0)
(0.689401 -0.217646 0)
(0.719087 -0.299298 0)
(0.842402 -0.257936 0)
(1.23339 0.146157 0)
(1.17306 0.169683 0)
(1.13263 0.186424 0)
(1.06522 0.292539 0)
(0.969161 0.32171 0)
(0.86337 0.16382 0)
(0.75718 -0.0483742 0)
(0.695235 -0.215326 0)
(0.716176 -0.307906 0)
(0.831519 -0.273863 0)
(1.23619 0.153036 0)
(1.17815 0.176682 0)
(1.13668 0.193737 0)
(1.06783 0.303032 0)
(0.974628 0.33438 0)
(0.872179 0.176951 0)
(0.766967 -0.0379082 0)
(0.70266 -0.212397 0)
(0.71589 -0.31534 0)
(0.822849 -0.288963 0)
(1.23729 0.159093 0)
(1.1826 0.183378 0)
(1.1403 0.201029 0)
(1.07035 0.313179 0)
(0.980144 0.346368 0)
(0.880979 0.189501 0)
(0.777081 -0.0276519 0)
(0.711271 -0.209006 0)
(0.717833 -0.321696 0)
(0.816261 -0.303182 0)
(1.23661 0.164161 0)
(1.1863 0.189695 0)
(1.14347 0.20826 0)
(1.07278 0.322965 0)
(0.985642 0.357694 0)
(0.889679 0.201477 0)
(0.787338 -0.0176625 0)
(0.720725 -0.205279 0)
(0.721634 -0.327079 0)
(0.811598 -0.31649 0)
(1.23414 0.168112 0)
(1.18918 0.195559 0)
(1.14616 0.215386 0)
(1.07509 0.332377 0)
(0.991061 0.368386 0)
(0.898208 0.212891 0)
(0.797592 -0.00797993 0)
(0.730737 -0.201325 0)
(0.726957 -0.331595 0)
(0.808688 -0.328883 0)
(1.22994 0.170855 0)
(1.19118 0.200906 0)
(1.14838 0.222363 0)
(1.07727 0.341404 0)
(0.996354 0.378471 0)
(0.906511 0.223761 0)
(0.807729 0.00137025 0)
(0.741072 -0.197234 0)
(0.733502 -0.335348 0)
(0.807357 -0.340371 0)
(1.22411 0.172342 0)
(1.19228 0.205683 0)
(1.15011 0.229149 0)
(1.0793 0.350041 0)
(1.00148 0.387976 0)
(0.914548 0.234106 0)
(0.81766 0.0103739 0)
(0.751541 -0.193081 0)
(0.741004 -0.33844 0)
(0.807437 -0.350979 0)
(1.21677 0.172556 0)
(1.19249 0.209848 0)
(1.15137 0.235706 0)
(1.08117 0.358283 0)
(1.00641 0.39693 0)
(0.922289 0.243949 0)
(0.827317 0.0190232 0)
(0.761989 -0.188928 0)
(0.74923 -0.340964 0)
(0.808765 -0.36074 0)
(1.20809 0.171511 0)
(1.19182 0.213372 0)
(1.15215 0.241999 0)
(1.08286 0.36613 0)
(1.01111 0.405361 0)
(0.929713 0.253313 0)
(0.836652 0.0273189 0)
(0.772295 -0.184823 0)
(0.757976 -0.343009 0)
(0.811188 -0.369697 0)
(1.19824 0.169241 0)
(1.19033 0.216239 0)
(1.15247 0.248 0)
(1.08436 0.373583 0)
(1.01558 0.413295 0)
(0.936804 0.262219 0)
(0.845627 0.0352682 0)
(0.782366 -0.180804 0)
(0.767063 -0.344655 0)
(0.81456 -0.377896 0)
(1.18739 0.165802 0)
(1.18806 0.218445 0)
(1.15235 0.253685 0)
(1.08566 0.380644 0)
(1.01979 0.420759 0)
(0.943555 0.270691 0)
(0.854219 0.0428793 0)
(0.792135 -0.176902 0)
(0.776338 -0.345974 0)
(0.818747 -0.385387 0)
(1.17574 0.161264 0)
(1.18507 0.219992 0)
(1.15182 0.259036 0)
(1.08676 0.387319 0)
(1.02374 0.427776 0)
(0.949959 0.278751 0)
(0.862415 0.0501634 0)
(0.801554 -0.173136 0)
(0.785673 -0.34703 0)
(0.82362 -0.392224 0)
(1.16345 0.155706 0)
(1.18145 0.220897 0)
(1.15089 0.264041 0)
(1.08765 0.393615 0)
(1.02742 0.434371 0)
(0.956017 0.28642 0)
(0.870209 0.057133 0)
(0.810595 -0.169521 0)
(0.794961 -0.347881 0)
(0.829061 -0.398459 0)
(1.15069 0.149216 0)
(1.17726 0.221181 0)
(1.14959 0.268693 0)
(1.08833 0.399538 0)
(1.03084 0.440566 0)
(0.961729 0.293719 0)
(0.877601 0.063801 0)
(0.819243 -0.166068 0)
(0.804121 -0.348574 0)
(0.834958 -0.404144 0)
(1.13764 0.141886 0)
(1.17258 0.220871 0)
(1.14796 0.272989 0)
(1.0888 0.405099 0)
(1.034 0.446382 0)
(0.967102 0.300667 0)
(0.884599 0.0701805 0)
(0.827497 -0.162779 0)
(0.813089 -0.34915 0)
(0.841207 -0.40933 0)
(1.12443 0.133813 0)
(1.16749 0.220003 0)
(1.14602 0.27693 0)
(1.08907 0.410308 0)
(1.0369 0.451839 0)
(0.972142 0.307282 0)
(0.891216 0.0762841 0)
(0.835362 -0.159658 0)
(0.82182 -0.349645 0)
(0.847712 -0.414066 0)
(1.11122 0.125092 0)
(1.16206 0.218615 0)
(1.1438 0.280523 0)
(1.08914 0.415175 0)
(1.03954 0.456958 0)
(0.976857 0.313582 0)
(0.897466 0.082124 0)
(0.842853 -0.156704 0)
(0.830286 -0.350086 0)
(0.854386 -0.418397 0)
(1.09811 0.11582 0)
(1.15636 0.216746 0)
(1.14133 0.283776 0)
(1.08901 0.419715 0)
(1.04193 0.461755 0)
(0.981258 0.319581 0)
(0.903369 0.0877111 0)
(0.84999 -0.153912 0)
(0.838468 -0.350495 0)
(0.861152 -0.422365 0)
(1.08523 0.106091 0)
(1.15046 0.21444 0)
(1.13864 0.2867 0)
(1.08871 0.423938 0)
(1.04409 0.466249 0)
(0.985355 0.325295 0)
(0.908944 0.0930556 0)
(0.856798 -0.151281 0)
(0.846356 -0.350888 0)
(0.867946 -0.42601 0)
(1.07268 0.0959939 0)
(1.14442 0.211741 0)
(1.13575 0.289309 0)
(1.08823 0.427858 0)
(1.04602 0.470457 0)
(0.989159 0.330738 0)
(0.914212 0.0981668 0)
(0.863306 -0.148804 0)
(0.853947 -0.351279 0)
(0.874716 -0.429367 0)
(1.06054 0.0856169 0)
(1.13829 0.208694 0)
(1.1327 0.29162 0)
(1.08759 0.431489 0)
(1.04773 0.474394 0)
(0.992683 0.335921 0)
(0.919193 0.103053 0)
(0.869541 -0.146476 0)
(0.861243 -0.351676 0)
(0.881419 -0.43247 0)
(1.04889 0.0750411 0)
(1.13214 0.205343 0)
(1.12951 0.293647 0)
(1.0868 0.434844 0)
(1.04922 0.478074 0)
(0.995938 0.340857 0)
(0.923901 0.10772 0)
(0.875532 -0.144289 0)
(0.868251 -0.352084 0)
(0.888026 -0.435346 0)
(1.03782 0.0643401 0)
(1.12602 0.201732 0)
(1.1262 0.29541 0)
(1.08587 0.437937 0)
(1.05052 0.481514 0)
(0.998935 0.345556 0)
(0.928353 0.112178 0)
(0.881307 -0.142235 0)
(0.874981 -0.352504 0)
(0.89451 -0.43802 0)
(1.0274 0.0535822 0)
(1.11997 0.197903 0)
(1.12281 0.296926 0)
(1.0848 0.440781 0)
(1.05163 0.484725 0)
(1.00169 0.350031 0)
(0.932558 0.116433 0)
(0.886889 -0.140313 0)
(0.881451 -0.352943 0)
(0.90085 -0.440507 0)
(1.01771 0.0428507 0)
(1.11406 0.193907 0)
(1.11934 0.298216 0)
(1.08361 0.443391 0)
(1.05256 0.487722 0)
(1.00419 0.354287 0)
(0.936518 0.120474 0)
(0.892297 -0.138546 0)
(0.887678 -0.353422 0)
(0.907028 -0.442828 0)
(1.00883 0.0322439 0)
(1.10835 0.189816 0)
(1.11583 0.299324 0)
(1.08231 0.445785 0)
(1.05332 0.490513 0)
(1.00646 0.358316 0)
(0.940227 0.124268 0)
(0.897547 -0.136943 0)
(0.893685 -0.353941 0)
(0.913027 -0.445028 0)
(1.00085 0.0217314 0)
(1.10293 0.185617 0)
(1.11231 0.300257 0)
(1.08091 0.447992 0)
(1.05393 0.493117 0)
(1.00845 0.362148 0)
(0.943662 0.12792 0)
(0.902653 -0.135318 0)
(0.899492 -0.354378 0)
(0.918829 -0.447158 0)
(0.993882 0.0108809 0)
(1.09797 0.180895 0)
(1.1088 0.300656 0)
(1.0794 0.449851 0)
(1.05436 0.495636 0)
(1.01009 0.366201 0)
(0.946784 0.132022 0)
(0.907631 -0.133221 0)
(0.905105 -0.354508 0)
(0.924407 -0.449167 0)
(0.988013 -0.00198687 0)
(1.09372 0.175693 0)
(1.10537 0.300282 0)
(1.07776 0.45091 0)
(1.05453 0.498244 0)
(1.01117 0.370885 0)
(0.949536 0.136434 0)
(0.912495 -0.131279 0)
(0.910527 -0.354691 0)
(0.929735 -0.450783 0)
(0.811275 -0.332154 1.35577e-21)
(0.983866 -0.00402952 -9.43781e-22)
(1.09119 0.176032 -1.88753e-21)
(1.10259 0.304315 -6.98086e-22)
(1.07601 0.454755 -1.38088e-22)
(1.0539 0.498911 6.77512e-22)
(1.01101 0.369368 -1.15287e-22)
(0.951395 0.133999 1.04514e-21)
(0.916452 -0.133999 -2.16141e-21)
(0.914883 -0.356681 3.69474e-22)
(0.93395 -0.451626 1.68357e-21)
(0.809284 -0.327442 -1.18111e-21)
(0.980917 -0.000622848 1.50925e-21)
(1.08887 0.178345 2.74352e-22)
(1.10022 0.308826 -4.01366e-21)
(1.07456 0.45857 2.19781e-21)
(1.05339 0.499102 -1.7045e-21)
(1.01092 0.366615 9.53739e-22)
(0.953167 0.129334 -2.75372e-22)
(0.919871 -0.139563 1.00963e-22)
(0.918698 -0.361038 -1.05675e-21)
(0.937833 -0.452893 1.01552e-21)
(0.808856 -0.322785 1.32653e-21)
(0.978535 0.00134808 -4.95619e-22)
(1.08651 0.180867 6.50908e-22)
(1.09782 0.313442 3.2931e-22)
(1.07311 0.462338 1.2133e-21)
(1.05285 0.499052 5.37817e-22)
(1.01089 0.363446 -2.22144e-21)
(0.955099 0.124297 1.22064e-21)
(0.923244 -0.145207 3.96552e-22)
(0.922421 -0.36522 -5.94382e-22)
(0.941654 -0.454039 8.13095e-23)
(0.809239 -0.318915 -6.27576e-22)
(0.976574 0.00302756 -1.23992e-21)
(1.08413 0.183036 9.50991e-22)
(1.09541 0.317824 -2.0239e-22)
(1.07165 0.465855 -2.52118e-21)
(1.05229 0.498944 1.23696e-21)
(1.01092 0.360458 2.90962e-21)
(0.957163 0.119621 -2.50477e-21)
(0.92659 -0.150419 1.55527e-21)
(0.926108 -0.369081 -5.04483e-22)
(0.945437 -0.455087 -9.09733e-23)
(0.810062 -0.315334 1.95844e-21)
(0.974916 0.00449587 1.10386e-21)
(1.08172 0.185029 -2.31929e-21)
(1.09298 0.322062 6.83633e-22)
(1.07019 0.469189 -1.84039e-22)
(1.0517 0.498798 -1.48563e-23)
(1.01104 0.357593 1.15808e-22)
(0.95933 0.115121 2.29041e-21)
(0.929927 -0.155461 1.8854e-22)
(0.929791 -0.372821 -2.56383e-22)
(0.949194 -0.456081 -7.44089e-23)
(0.81113 -0.311947 -8.9636e-22)
(0.973475 0.00580043 1.79878e-21)
(1.07929 0.186963 -1.01615e-21)
(1.09054 0.326223 7.55443e-22)
(1.06872 0.472393 -4.66785e-22)
(1.05108 0.49859 -1.39425e-21)
(1.01126 0.354745 -4.60411e-22)
(0.961574 0.110669 9.73425e-23)
(0.933268 -0.160413 -9.02151e-22)
(0.933482 -0.376468 -2.91262e-22)
(0.952931 -0.457027 2.01516e-22)
(0.812336 -0.308792 3.87941e-22)
(0.972187 0.00692439 -6.48101e-23)
(1.07685 0.188835 3.59153e-21)
(1.08808 0.330301 1.53142e-21)
(1.06724 0.475467 -2.2996e-21)
(1.05042 0.498314 1.19278e-21)
(1.01158 0.351903 -4.72068e-22)
(0.963877 0.106278 1.05305e-21)
(0.936625 -0.165256 -4.43181e-22)
(0.937186 -0.380009 3.79413e-22)
(0.956651 -0.457925 4.54996e-23)
(0.81362 -0.305883 1.18667e-21)
(0.971003 0.00785758 -5.19613e-22)
(1.07438 0.190631 1.81667e-22)
(1.08561 0.334281 3.34925e-22)
(1.06575 0.478404 5.53434e-22)
(1.04972 0.497976 9.08347e-22)
(1.01201 0.349084 -2.75232e-21)
(0.966222 0.101968 -3.33991e-22)
(0.940003 -0.169976 3.07656e-22)
(0.940905 -0.383444 -4.72731e-21)
(0.960353 -0.458776 2.54603e-21)
(0.814943 -0.303219 -4.13229e-22)
(0.969887 0.00860708 -2.12829e-21)
(1.07191 0.192349 2.40572e-21)
(1.08312 0.338158 -1.93436e-21)
(1.06424 0.481203 1.15308e-21)
(1.04897 0.497579 -3.98714e-22)
(1.01253 0.346297 5.09367e-23)
(0.968599 0.0977472 -1.09773e-21)
(0.943403 -0.174573 3.75002e-21)
(0.944637 -0.386772 7.46343e-22)
(0.964033 -0.459585 -2.12411e-21)
(0.816283 -0.300797 1.09273e-21)
(0.968813 0.00918075 2.23761e-21)
(1.06942 0.193993 -2.07905e-21)
(1.08061 0.341928 1.89561e-21)
(1.0627 0.483867 -1.59511e-22)
(1.04817 0.497126 -2.60433e-21)
(1.01316 0.343542 6.52639e-22)
(0.970999 0.0936173 3.0278e-21)
(0.946826 -0.179047 -2.2571e-21)
(0.948378 -0.389997 4.98219e-22)
(0.96769 -0.460352 -1.08137e-21)
(0.817629 -0.298616 4.75309e-22)
(0.967761 0.00958342 3.82335e-22)
(1.06691 0.195562 -2.79272e-21)
(1.07809 0.34559 1.13254e-21)
(1.06113 0.4864 7.48266e-22)
(1.04733 0.496619 1.89513e-21)
(1.01386 0.34082 -1.46844e-21)
(0.973415 0.0895818 3.67603e-21)
(0.95027 -0.183395 3.47718e-22)
(0.952128 -0.393117 -8.42286e-22)
(0.971321 -0.46108 5.88705e-22)
(0.818974 -0.296673 1.37075e-22)
(0.966717 0.00981893 8.16856e-22)
(1.06439 0.197055 -2.21654e-21)
(1.07555 0.349141 3.11085e-23)
(1.05953 0.488803 1.77051e-21)
(1.04645 0.496061 4.586e-22)
(1.01463 0.338135 -9.15788e-22)
(0.975839 0.0856449 7.87092e-22)
(0.953734 -0.187618 4.72904e-21)
(0.955882 -0.396133 -2.08749e-21)
(0.974923 -0.461772 3.1466e-22)
(0.820313 -0.294964 6.58283e-23)
(0.965671 0.00989106 3.27979e-21)
(1.06185 0.19847 -1.55109e-21)
(1.073 0.352578 1.3446e-21)
(1.05789 0.491079 -1.92592e-22)
(1.04553 0.495452 -2.43683e-21)
(1.01546 0.335488 -2.88496e-21)
(0.978267 0.08181 1.48419e-21)
(0.957214 -0.191715 -2.22279e-21)
(0.959637 -0.399048 -7.96606e-22)
(0.978491 -0.46243 -2.57804e-22)
(0.821648 -0.293485 -3.3574e-21)
(0.964617 0.00980349 -3.96825e-22)
(1.0593 0.199807 1.16472e-23)
(1.07042 0.355899 1.10921e-21)
(1.0562 0.493229 -4.73786e-23)
(1.04458 0.494797 4.46707e-22)
(1.01632 0.332882 -4.33097e-22)
(0.980692 0.0780802 2.65268e-21)
(0.960706 -0.195684 -2.37911e-22)
(0.963391 -0.40186 -1.48911e-21)
(0.982024 -0.463054 -7.83717e-22)
(0.822981 -0.292232 -3.40953e-21)
(0.963551 0.0095597 1.52094e-21)
(1.05673 0.201063 -1.51238e-21)
(1.06783 0.359102 4.35585e-22)
(1.05445 0.495256 -5.84145e-22)
(1.04361 0.494096 9.18032e-22)
(1.01721 0.330321 -1.0188e-21)
(0.983108 0.0744583 5.08571e-22)
(0.964208 -0.199525 1.5524e-21)
(0.96714 -0.40457 5.9307e-22)
(0.985517 -0.463649 8.99007e-22)
(0.824314 -0.291199 -9.44553e-22)
(0.962471 0.00916301 -5.18083e-22)
(1.05415 0.202236 8.41115e-22)
(1.06522 0.362185 -1.78327e-21)
(1.05263 0.497161 1.7582e-21)
(1.04263 0.493353 1.70975e-21)
(1.0181 0.327808 7.86894e-22)
(0.98551 0.0709469 -1.56829e-21)
(0.967715 -0.203238 1.24232e-21)
(0.970882 -0.40718 1.50258e-21)
(0.988968 -0.464214 -7.34262e-23)
(0.825652 -0.290379 -2.9858e-23)
(0.961378 0.00861661 -9.32754e-22)
(1.05156 0.203324 -1.48566e-21)
(1.06259 0.365147 -1.67968e-22)
(1.05074 0.498948 9.46184e-22)
(1.04164 0.49257 -3.85442e-21)
(1.01899 0.325345 4.70111e-22)
(0.987892 0.0675479 -1.34762e-21)
(0.971223 -0.206822 6.62134e-22)
(0.974613 -0.409689 -2.18794e-21)
(0.992372 -0.464753 5.81044e-22)
(0.827002 -0.289769 -2.45408e-21)
(0.960272 0.00792361 1.82247e-22)
(1.04895 0.204324 3.05033e-21)
(1.05993 0.367987 -2.35179e-21)
(1.04876 0.500616 1.25304e-21)
(1.04064 0.491748 7.40913e-22)
(1.01985 0.322937 -4.56029e-22)
(0.990248 0.064263 2.853e-21)
(0.974728 -0.210277 -2.35094e-21)
(0.97833 -0.412099 -1.28654e-21)
(0.995728 -0.465266 -5.67657e-22)
(0.82837 -0.28936 1.59731e-21)
(0.959157 0.00708701 -8.24668e-22)
(1.04634 0.205235 1.02799e-21)
(1.05725 0.370705 1.49207e-21)
(1.04671 0.502168 -2.7257e-21)
(1.03963 0.490892 -2.14098e-22)
(1.02069 0.320587 -1.82218e-22)
(0.992572 0.0610939 -9.48035e-22)
(0.978223 -0.213603 8.90342e-22)
(0.982031 -0.41441 1.74883e-22)
(0.999031 -0.465756 2.92567e-22)
(0.829763 -0.289147 -7.20651e-22)
(0.958034 0.00610979 1.64474e-21)
(1.04371 0.206053 -3.24562e-21)
(1.05454 0.3733 1.71334e-21)
(1.04456 0.503606 1.64157e-21)
(1.03861 0.490002 9.68716e-22)
(1.0215 0.318297 7.25127e-22)
(0.994859 0.0580414 -2.16757e-21)
(0.981706 -0.2168 2.04853e-21)
(0.985714 -0.416621 -1.21411e-22)
(1.00228 -0.466225 -2.33412e-22)
(0.831188 -0.289124 5.5544e-22)
(0.956909 0.00499488 -8.27065e-22)
(1.04108 0.206778 -8.14742e-22)
(1.05181 0.375773 -2.53268e-22)
(1.04232 0.504931 -4.9757e-22)
(1.03759 0.489082 -1.27705e-21)
(1.02225 0.316073 -9.60454e-22)
(0.997102 0.0551066 6.72148e-22)
(0.985171 -0.219868 -1.62237e-21)
(0.989374 -0.418735 -3.85301e-22)
(1.00547 -0.466672 -2.25161e-22)
(0.832652 -0.289284 2.465e-22)
(0.955787 0.00374523 2.20959e-22)
(1.03844 0.207407 2.35961e-21)
(1.04903 0.378124 -3.58536e-21)
(1.03999 0.506145 2.18232e-21)
(1.03654 0.488133 -3.42977e-22)
(1.02295 0.313916 2.84268e-21)
(0.999297 0.0522909 1.65065e-22)
(0.988612 -0.222808 1.95562e-21)
(0.99301 -0.420751 1.67756e-22)
(1.0086 -0.467101 -4.26479e-22)
(0.834163 -0.28962 -1.58128e-21)
(0.954672 0.0023642 2.62329e-22)
(1.03581 0.207939 -1.8546e-22)
(1.04622 0.380354 2.06051e-21)
(1.03757 0.50725 -2.0999e-21)
(1.03548 0.487159 -1.30555e-21)
(1.02358 0.311831 -5.29555e-22)
(1.00144 0.0495952 2.39428e-22)
(0.992026 -0.225619 -1.39852e-21)
(0.996619 -0.42267 4.24672e-22)
(1.01167 -0.467512 2.00393e-22)
(0.835728 -0.290126 2.74338e-22)
(0.953572 0.000857562 1.28966e-21)
(1.03318 0.208371 -2.30186e-22)
(1.04337 0.382462 -6.72825e-22)
(1.03506 0.508248 1.38035e-21)
(1.03438 0.486162 -7.82403e-22)
(1.02415 0.30982 -2.51036e-22)
(1.00352 0.0470193 1.85975e-21)
(0.995407 -0.228302 -2.02305e-22)
(1.0002 -0.424493 -5.25881e-22)
(1.01467 -0.467907 9.60357e-23)
(0.837356 -0.290796 1.31631e-22)
(0.952492 -0.000769933 1.82731e-22)
(1.03055 0.208704 -3.31172e-22)
(1.04046 0.384451 1.08448e-21)
(1.03246 0.50914 6.20101e-22)
(1.03324 0.485144 1.09022e-21)
(1.02463 0.307885 1.1122e-21)
(1.00553 0.0445631 -3.8131e-22)
(0.99875 -0.230857 -1.23556e-21)
(1.00375 -0.426219 -5.58537e-22)
(1.01761 -0.468286 2.85179e-22)
(0.839052 -0.291624 -1.34274e-23)
(0.951439 -0.0025279 -5.6846e-22)
(1.02792 0.208935 1.39053e-21)
(1.0375 0.386321 -7.03983e-22)
(1.02978 0.509928 -2.5614e-22)
(1.03205 0.484109 -2.36321e-22)
(1.02503 0.30603 -1.30948e-21)
(1.00748 0.0422267 -1.78588e-21)
(1.00205 -0.233286 2.31462e-21)
(1.00726 -0.42785 7.72274e-22)
(1.02047 -0.46865 5.04113e-22)
(0.840822 -0.292604 -7.17113e-22)
(0.950421 -0.00441881 -8.32299e-22)
(1.02531 0.209065 -6.83409e-22)
(1.03449 0.388072 -5.45397e-22)
(1.02703 0.510615 1.20115e-22)
(1.03081 0.483059 8.04378e-22)
(1.02535 0.304257 7.69012e-23)
(1.00935 0.0400114 1.09965e-21)
(1.0053 -0.235589 1.92985e-22)
(1.01074 -0.429387 -2.26867e-21)
(1.02327 -0.469 -1.43564e-21)
(0.842672 -0.293729 -2.18797e-21)
(0.949444 -0.00643151 1.10033e-21)
(1.02271 0.209093 -3.01126e-22)
(1.03141 0.389706 1.58497e-21)
(1.02421 0.511202 -5.23744e-22)
(1.0295 0.481997 1.45539e-21)
(1.02557 0.302567 9.56319e-22)
(1.01115 0.037918 -6.59951e-22)
(1.0085 -0.237766 -2.26647e-21)
(1.01417 -0.430829 2.21651e-21)
(1.026 -0.469337 6.04534e-22)
(0.844607 -0.294996 8.15826e-22)
(0.948514 -0.008558 -9.65453e-22)
(1.02012 0.209019 -3.23556e-23)
(1.02826 0.391224 1.33792e-21)
(1.02132 0.511691 -5.37822e-22)
(1.02811 0.480927 -8.25943e-22)
(1.02569 0.300963 2.60423e-22)
(1.01287 0.0359436 -1.5181e-23)
(1.01165 -0.239819 -1.13739e-21)
(1.01757 -0.432177 5.21775e-22)
(1.02865 -0.469662 -5.35178e-22)
(0.84663 -0.296398 -7.2207e-22)
(0.94764 -0.0107874 2.05364e-21)
(1.01755 0.208844 -1.13626e-21)
(1.02505 0.392627 -9.25404e-22)
(1.01837 0.512086 -8.74058e-23)
(1.02665 0.479853 -3.58547e-22)
(1.02571 0.299445 2.47247e-22)
(1.0145 0.0340872 -9.00705e-23)
(1.01473 -0.241748 1.4626e-21)
(1.02092 -0.433432 1.57662e-22)
(1.03123 -0.469975 -4.25322e-22)
(0.848743 -0.297932 -8.55361e-22)
(0.946825 -0.0131372 -9.46933e-22)
(1.01498 0.208568 5.57357e-22)
(1.02177 0.393915 6.84505e-22)
(1.01536 0.512388 -6.49135e-22)
(1.0251 0.478776 1.48318e-21)
(1.02562 0.298016 1.52487e-22)
(1.01604 0.0323516 -1.04631e-22)
(1.01775 -0.243555 -5.09673e-22)
(1.02423 -0.434594 4.34388e-22)
(1.03374 -0.470275 3.79373e-22)
(0.850949 -0.299592 9.88102e-22)
(0.946076 -0.0156062 -3.81134e-23)
(1.01243 0.208191 1.70432e-22)
(1.01842 0.395089 -3.12172e-22)
(1.0123 0.512599 -9.08915e-23)
(1.02346 0.477701 -3.56087e-22)
(1.02543 0.296676 5.99198e-23)
(1.0175 0.0307378 5.99187e-22)
(1.0207 -0.245239 -1.86733e-21)
(1.0275 -0.435665 -1.00348e-22)
(1.03617 -0.470564 4.47781e-22)
(0.853247 -0.301376 -1.36011e-22)
(0.945397 -0.0181664 -5.6855e-22)
(1.00989 0.207715 -3.43624e-22)
(1.015 0.396151 -1.91959e-22)
(1.00918 0.512722 8.76037e-22)
(1.02173 0.47663 -5.29268e-22)
(1.02512 0.295426 1.03077e-21)
(1.01887 0.0292447 -1.05693e-22)
(1.02358 -0.246803 2.38209e-21)
(1.03071 -0.436644 -4.8764e-22)
(1.03852 -0.47084 -7.88344e-22)
(0.855635 -0.30328 -9.60039e-23)
(0.94479 -0.0208316 2.09358e-22)
(1.00736 0.20714 -4.65413e-22)
(1.01152 0.3971 7.72671e-22)
(1.006 0.51276 -5.40869e-22)
(1.01989 0.475567 5.10748e-22)
(1.02471 0.294267 -5.7981e-22)
(1.02015 0.0278679 -9.07617e-22)
(1.02638 -0.248246 -1.21564e-21)
(1.03387 -0.437533 1.24234e-23)
(1.04081 -0.471105 6.61908e-22)
(0.858111 -0.305299 9.06669e-22)
(0.944258 -0.0236025 1.26551e-22)
(1.00483 0.206468 -6.20365e-23)
(1.00798 0.397939 -1.90613e-22)
(1.00278 0.512716 5.09435e-22)
(1.01795 0.474515 -3.49968e-22)
(1.02419 0.293198 7.11935e-22)
(1.02134 0.0266076 -1.37186e-22)
(1.0291 -0.24957 4.07553e-22)
(1.03698 -0.438332 -4.31908e-22)
(1.04302 -0.471358 1.69278e-23)
(0.860672 -0.307433 -3.87898e-22)
(0.943801 -0.0264699 5.9565e-22)
(1.00231 0.205699 6.45265e-23)
(1.00438 0.398667 -6.36628e-23)
(0.999497 0.512591 -3.48964e-22)
(1.01591 0.473477 -3.15315e-22)
(1.02355 0.292221 -5.54033e-22)
(1.02243 0.0254679 4.88247e-22)
(1.03174 -0.250776 -1.44927e-22)
(1.04003 -0.439042 -2.93298e-23)
(1.04515 -0.471597 4.5375e-22)
(0.86331 -0.309678 2.86825e-22)
(0.943419 -0.029435 -3.71893e-22)
(0.999792 0.204834 -1.97993e-22)
(1.00073 0.399285 4.55242e-22)
(0.996166 0.51239 3.30126e-22)
(1.01375 0.472455 4.77364e-23)
(1.02281 0.291335 1.68941e-22)
(1.02344 0.0244476 1.20933e-22)
(1.0343 -0.251865 -1.973e-22)
(1.04303 -0.439663 6.60469e-22)
(1.04721 -0.471824 -1.31355e-22)
(0.86602 -0.312032 -6.15339e-23)
(0.94311 -0.0324917 9.82083e-23)
(0.997277 0.203874 -1.03883e-22)
(0.997033 0.399794 -2.44625e-22)
(0.992781 0.512116 1.05118e-22)
(1.01148 0.471452 1.47422e-22)
(1.02195 0.29054 -1.19059e-22)
(1.02436 0.0235449 7.16146e-23)
(1.03677 -0.252837 -1.05775e-22)
(1.04596 -0.440197 -1.68128e-22)
(1.04921 -0.472036 -2.57971e-22)
(0.868793 -0.314493 1.12951e-22)
(0.94287 -0.0356393 -1.29076e-22)
(0.994763 0.202818 -8.93254e-23)
(0.993299 0.400196 2.9214e-22)
(0.989344 0.511771 -1.24004e-22)
(1.0091 0.470471 -2.03544e-22)
(1.02099 0.289835 1.96895e-22)
(1.0252 0.0227603 -1.18927e-22)
(1.03915 -0.253692 -1.11937e-22)
(1.04884 -0.440644 2.81704e-23)
(1.05113 -0.472234 9.46827e-23)
(0.871621 -0.31706 -4.71548e-23)
(0.942697 -0.038878 -1.28025e-22)
(0.992249 0.201667 -8.5604e-23)
(0.989531 0.400489 4.2529e-24)
(0.985852 0.51136 -5.04747e-23)
(1.00661 0.469513 8.97963e-23)
(1.01992 0.28922 -7.95355e-23)
(1.02595 0.0220935 1.93067e-23)
(1.04144 -0.254432 -3.18634e-23)
(1.05165 -0.441004 3.81998e-23)
(1.05298 -0.472416 -5.28756e-23)
)
;

boundaryField
{
    inlet
    {
        type            uniformFixedValue;
        uniformValue    constant (1 0 0);
        value           nonuniform 0();
    }
    outlet
    {
        type            pressureInletOutletVelocity;
        value           nonuniform 0();
    }
    cylinder
    {
        type            fixedValue;
        value           nonuniform 0();
    }
    top
    {
        type            symmetryPlane;
    }
    bottom
    {
        type            symmetryPlane;
    }
    defaultFaces
    {
        type            empty;
    }
    procBoundary12to11
    {
        type            processor;
        value           nonuniform List<vector> 
102
(
(1.06509 -0.00011801 0)
(1.06553 -0.000371424 0)
(1.06639 -0.000671137 0)
(1.06765 -0.00104467 0)
(1.06932 -0.00151959 0)
(1.07138 -0.00211948 0)
(1.07385 -0.0028704 0)
(1.07675 -0.00379666 0)
(1.0801 -0.00492165 0)
(1.08391 -0.00626292 0)
(1.08821 -0.00783737 0)
(1.09304 -0.00966236 0)
(1.09842 -0.0117456 0)
(1.10437 -0.0140898 0)
(1.11089 -0.0166921 0)
(1.11801 -0.0195436 0)
(1.1257 -0.0226314 0)
(1.13398 -0.0259413 0)
(1.14285 -0.0294599 0)
(1.15231 -0.0331766 0)
(1.16875 0.0155529 0)
(1.16875 0.0155529 0)
(1.17989 0.0169633 0)
(1.19172 0.0185331 0)
(1.20414 0.0203021 0)
(1.21695 0.0222969 0)
(1.22986 0.0245121 0)
(1.24243 0.0268859 0)
(1.25408 0.0292783 0)
(1.2641 0.0314583 0)
(1.27177 0.0331152 0)
(1.27641 0.033894 0)
(1.27753 0.0334438 0)
(1.27489 0.0314682 0)
(1.26847 0.0277627 0)
(1.25847 0.0222271 0)
(1.24523 0.0148586 0)
(1.22917 0.00573562 0)
(1.21072 -0.00500764 0)
(1.19034 -0.0172068 0)
(1.16844 -0.0306739 0)
(1.14544 -0.0452093 0)
(1.12169 -0.0606162 0)
(1.09755 -0.0767028 0)
(1.07332 -0.0932844 0)
(1.0493 -0.110186 0)
(1.02573 -0.127243 0)
(1.00285 -0.144308 0)
(0.980851 -0.161244 0)
(0.959902 -0.177934 0)
(0.940141 -0.194276 0)
(0.921679 -0.210188 0)
(0.9046 -0.225607 0)
(0.888964 -0.240491 0)
(0.874801 -0.254814 0)
(0.862099 -0.268539 0)
(0.850786 -0.281586 0)
(0.840728 -0.293976 0)
(0.831756 -0.306175 0)
(0.823726 -0.318815 0)
(0.816555 -0.330064 0)
(0.816555 -0.330064 0)
(0.708599 -0.611785 -3.11774e-21)
(0.710801 -0.608149 -1.13286e-22)
(0.713145 -0.604665 5.32435e-22)
(0.715512 -0.601315 -3.42894e-21)
(0.717895 -0.597973 3.10478e-22)
(0.720307 -0.594652 -4.28392e-22)
(0.722762 -0.591373 7.85606e-22)
(0.725269 -0.588147 1.1877e-21)
(0.727837 -0.584983 1.76343e-21)
(0.730473 -0.581889 1.76597e-21)
(0.733183 -0.57887 4.71363e-22)
(0.735972 -0.575932 -1.14017e-21)
(0.738845 -0.573078 -1.41582e-21)
(0.741805 -0.570313 1.10699e-21)
(0.744857 -0.567638 -3.51228e-21)
(0.748003 -0.565055 -3.38702e-21)
(0.751247 -0.562566 6.71784e-22)
(0.75459 -0.560172 -3.21196e-21)
(0.758034 -0.557873 1.23034e-21)
(0.76158 -0.555669 3.51828e-22)
(0.765228 -0.553561 7.22763e-22)
(0.768978 -0.551548 -6.15061e-22)
(0.772829 -0.549629 -1.08393e-22)
(0.776777 -0.547805 3.73243e-22)
(0.780821 -0.546075 -1.97498e-21)
(0.784956 -0.544437 -6.93898e-22)
(0.789177 -0.542891 -9.46293e-22)
(0.79348 -0.541438 -4.80519e-22)
(0.797856 -0.540074 3.92791e-22)
(0.802299 -0.538801 -9.69725e-22)
(0.8068 -0.537617 -9.86893e-22)
(0.811351 -0.536521 5.5612e-22)
(0.815942 -0.535512 -8.26499e-22)
(0.820564 -0.534589 -3.46842e-22)
(0.825206 -0.53375 1.33393e-21)
(0.829857 -0.532993 -2.02875e-22)
(0.834508 -0.532317 3.69809e-22)
(0.839148 -0.531718 -5.29367e-22)
(0.843766 -0.531195 1.67974e-22)
(0.848352 -0.530743 -6.70253e-23)
)
;
    }
    procBoundary12to13
    {
        type            processor;
        value           nonuniform List<vector> 
99
(
(1.07907 0.000525248 0)
(1.07987 0.00156737 0)
(1.08143 0.00259548 0)
(1.08368 0.00361559 0)
(1.08656 0.0046343 0)
(1.09004 0.00566003 0)
(1.09403 0.00670298 0)
(1.09848 0.00777559 0)
(1.10331 0.00889253 0)
(1.10842 0.010066 0)
(1.11369 0.0112983 0)
(1.11893 0.0125709 0)
(1.12389 0.0138311 0)
(1.12824 0.0149789 0)
(1.13158 0.0158612 0)
(1.13352 0.0162791 0)
(1.13369 0.0160035 0)
(1.13183 0.0148031 0)
(1.12784 0.0124719 0)
(1.12176 0.0088504 0)
(1.11373 0.00383784 0)
(1.10403 -0.00260544 0)
(1.09295 -0.0104615 0)
(1.08086 -0.0196684 0)
(1.06809 -0.0301205 0)
(1.05499 -0.0416732 0)
(1.04187 -0.0541659 0)
(1.02899 -0.0674271 0)
(1.0166 -0.0812799 0)
(1.00486 -0.0955502 0)
(0.99392 -0.110073 0)
(0.98386 -0.124697 0)
(0.974737 -0.139288 0)
(0.966572 -0.153728 0)
(0.959362 -0.167916 0)
(0.953085 -0.18177 0)
(0.947707 -0.195222 0)
(0.943187 -0.208217 0)
(0.939477 -0.220716 0)
(0.936528 -0.232687 0)
(0.934291 -0.24411 0)
(0.932717 -0.254972 0)
(0.931759 -0.265268 0)
(0.931371 -0.274999 0)
(0.931508 -0.284172 0)
(0.932128 -0.292797 0)
(0.933191 -0.300891 0)
(0.934656 -0.308472 0)
(0.936486 -0.31556 0)
(0.938644 -0.322178 0)
(0.941092 -0.328351 0)
(0.943789 -0.334103 0)
(0.946695 -0.339463 0)
(0.949767 -0.344455 0)
(0.952961 -0.349092 0)
(0.95624 -0.353374 0)
(0.959576 -0.357358 0)
(0.962951 -0.361254 0)
(0.966351 -0.365233 0)
(0.969753 -0.368528 0)
(0.972565 -0.368647 7.12562e-22)
(0.975499 -0.366849 -3.98474e-22)
(0.978601 -0.365034 2.81225e-22)
(0.981769 -0.363363 -4.25896e-22)
(0.984951 -0.361713 4.66132e-22)
(0.988125 -0.360064 1.0162e-21)
(0.991275 -0.35843 3.36997e-22)
(0.994393 -0.356816 8.82996e-22)
(0.997473 -0.355225 -4.00023e-23)
(1.00051 -0.353661 5.28384e-22)
(1.0035 -0.352126 5.9737e-22)
(1.00644 -0.350625 7.71905e-22)
(1.00933 -0.349159 -1.78757e-22)
(1.01216 -0.347731 -4.21982e-22)
(1.01494 -0.346344 -5.06906e-23)
(1.01766 -0.345001 3.18188e-22)
(1.02032 -0.343705 2.4823e-22)
(1.02291 -0.342457 -5.18499e-22)
(1.02544 -0.34126 1.16527e-21)
(1.02789 -0.340117 -8.64195e-22)
(1.03028 -0.339031 -4.19824e-22)
(1.0326 -0.338002 9.51409e-22)
(1.03484 -0.337034 -2.95429e-22)
(1.037 -0.336128 5.04873e-22)
(1.03909 -0.335288 -3.07952e-22)
(1.04109 -0.334514 4.64973e-22)
(1.04301 -0.333808 -6.53492e-22)
(1.04485 -0.333173 -4.04943e-22)
(1.04659 -0.33261 1.2066e-22)
(1.04825 -0.332119 -3.85892e-22)
(1.04981 -0.331703 3.93286e-22)
(1.05128 -0.331362 3.20114e-22)
(1.05265 -0.331098 -2.28626e-22)
(1.05392 -0.330909 1.85068e-22)
(1.05509 -0.330798 1.44272e-22)
(1.05615 -0.330764 -5.54774e-24)
(1.05711 -0.330806 -3.24202e-24)
(1.05797 -0.330925 -8.91448e-27)
(1.05871 -0.33112 -1.77261e-22)
)
;
    }
    procBoundary12to27
    {
        type            processor;
        value           uniform (0.852897 -0.530359 -1.89441e-24);
    }
    procBoundary12to28
    {
        type            processor;
        value           nonuniform List<vector> 
12
(
(0.877398 -0.322503 -2.59215e-22)
(0.989735 0.20042 -7.52007e-23)
(0.942529 -0.0456245 -2.83426e-22)
(0.989735 0.20042 -7.52007e-23)
(0.985736 0.400676 -1.40412e-23)
(0.982307 0.510884 -1.87613e-23)
(1.004 0.46858 6.85803e-23)
(1.01874 0.288694 -6.12082e-23)
(1.02662 0.0215444 -4.64694e-24)
(1.04365 -0.255057 1.6161e-24)
(1.0544 -0.44128 -1.42761e-23)
(1.05476 -0.472581 -4.59276e-23)
)
;
    }
    procBoundary12to29
    {
        type            processor;
        value           uniform (1.05935 -0.33139 -3.52565e-23);
    }
}


// ************************************************************************* //
