/*--------------------------------*- C++ -*----------------------------------*\
  =========                 |
  \\      /  F ield         | OpenFOAM: The Open Source CFD Toolbox
   \\    /   O peration     | Website:  https://openfoam.org
    \\  /    A nd           | Version:  7
     \\/     M anipulation  |
\*---------------------------------------------------------------------------*/
FoamFile
{
    version     2.0;
    format      ascii;
    class       volVectorField;
    location    "100";
    object      U;
}
// * * * * * * * * * * * * * * * * * * * * * * * * * * * * * * * * * * * * * //

dimensions      [0 1 -1 0 0 0 0];

internalField   nonuniform List<vector> 
1062
(
(1.34044 -0.0183099 1.76997e-19)
(1.29953 -0.014402 -1.58878e-19)
(1.32779 -0.00980137 5.49536e-19)
(1.22831 -0.00389211 -1.44313e-19)
(1.27902 -0.00629369 1.45603e-19)
(1.31255 -0.00121622 -7.73778e-19)
(1.12745 0.00560774 -1.5829e-19)
(1.19822 0.00410971 -1.3497e-19)
(1.25539 0.00167956 -3.87301e-19)
(1.29443 0.00737437 1.82605e-19)
(1.08838 0.0127446 2.98638e-19)
(1.16481 0.0118055 1.86322e-19)
(1.22848 0.00942577 1.19372e-19)
(1.2732 0.0158653 2.51085e-19)
(0.953388 0.0205509 2.96338e-20)
(1.04644 0.0193556 4.18768e-20)
(1.12807 0.0191 -3.46155e-19)
(1.19814 0.0168385 -1.16381e-19)
(1.24859 0.0241059 1.10802e-19)
(0.80344 0.025001 -7.47231e-20)
(0.905772 0.0255666 2.13017e-20)
(1.00187 0.0253671 -3.18743e-19)
(1.08808 0.0258972 4.75522e-19)
(1.16428 0.0238032 2.22966e-19)
(1.22041 0.0318814 -2.59544e-19)
(0.650442 0.0251685 -1.53432e-19)
(0.754152 0.0279364 -1.8191e-19)
(0.85673 0.0298326 -8.57201e-20)
(0.954954 0.0307229 2.64488e-19)
(1.04496 0.0321093 -3.37166e-20)
(1.12687 0.0302117 -2.87328e-19)
(1.18846 0.0388804 4.23641e-19)
(0.603416 0.0258694 6.95389e-20)
(0.70481 0.0300677 1.64673e-19)
(0.806691 0.0333349 1.85382e-19)
(0.906056 0.0353937 5.1384e-20)
(0.998937 0.0376694 -4.67253e-19)
(1.0859 0.0359919 -1.18874e-19)
(1.15255 0.0446342 -1.21281e-19)
(0.463663 0.019369 2.66346e-19)
(0.557484 0.0258275 -3.64601e-20)
(0.655839 0.03143 7.56086e-20)
(0.756113 0.0360885 -1.57059e-19)
(0.855585 0.0393876 -1.82518e-19)
(0.95028 0.0425512 6.03314e-20)
(1.04136 0.0411601 4.03155e-19)
(1.11248 0.0483802 -4.91389e-19)
(0.423646 0.0174286 -5.08729e-20)
(0.512952 0.0251197 -3.70815e-19)
(0.607642 0.0320832 1.61134e-20)
(0.705465 0.0381387 -1.00646e-19)
(0.804003 0.0427595 -3.91856e-20)
(0.899353 0.0468069 4.52796e-20)
(0.993213 0.0459341 4.64108e-20)
(1.06739 0.0484552 3.27209e-19)
(0.308327 0.00591938 4.12016e-19)
(0.385573 0.0150066 4.34592e-20)
(0.470076 0.0238405 3.53531e-19)
(0.560587 0.0321089 6.4904e-20)
(0.655211 0.0395586 -4.17942e-20)
(0.751818 0.0456081 -7.43332e-20)
(0.846649 0.0506335 4.7894e-19)
(0.941251 0.0513061 -1.06427e-19)
(0.213115 -0.00738144 7.58654e-20)
(0.27739 0.00228624 -3.13708e-20)
(0.349538 0.0122162 -8.48847e-21)
(0.429055 0.0220977 -4.33309e-19)
(0.514995 0.0316042 3.37444e-19)
(0.605801 0.0404374 -4.05588e-19)
(0.699595 0.0480353 4.32134e-19)
(0.792884 0.054271 -4.90805e-19)
(0.884922 0.0592708 1.27845e-19)
(0.189013 -0.0117104 -3.30706e-19)
(0.248476 -0.00149702 -3.28258e-19)
(0.31558 0.00917613 2.16982e-20)
(0.390025 0.0200074 2.49591e-19)
(0.471127 0.0306748 -8.18396e-20)
(0.557643 0.0408642 6.91686e-20)
(0.647926 0.050104 -2.94183e-19)
(0.739063 0.0577799 1.31612e-19)
(0.119109 -0.0257422 -2.67107e-19)
(0.166685 -0.0159947 5.48996e-19)
(0.221517 -0.00531549 2.69397e-19)
(0.283689 0.00600723 3.48518e-19)
(0.353062 0.0176898 -2.49948e-20)
(0.429175 0.0294289 1.2512e-19)
(0.511076 0.0409168 -1.46624e-20)
(0.597357 0.0517951 2.83809e-19)
(0.685896 0.0611 -3.11269e-19)
(0.102436 -0.0301313 1.56619e-19)
(0.146013 -0.0201332 -2.4568e-19)
(0.196418 -0.00905718 2.90155e-19)
(0.253812 0.00282897 -3.70918e-19)
(0.318183 0.0152655 1.86606e-19)
(0.389255 0.0279772 -3.56798e-19)
(0.466338 0.0406759 2.25557e-19)
(0.548264 0.0530975 -2.26991e-19)
(0.0534044 -0.0429714 -5.59674e-19)
(0.0870712 -0.034242 1.02054e-19)
(0.12687 -0.0240309 2.60321e-19)
(0.173062 -0.0126161 1.07758e-19)
(0.22586 -0.000243785 -6.17061e-20)
(0.285351 0.0128535 -3.75739e-21)
(0.351409 0.0264335 1.64058e-19)
(0.423567 0.0402362 1.60766e-20)
(0.500886 0.0540605 -3.47823e-19)
(0.0423433 -0.0468232 2.51077e-19)
(0.0728909 -0.0379983 7.50691e-20)
(0.109125 -0.0276011 -2.6175e-20)
(0.151319 -0.0158948 -5.46056e-19)
(0.19972 -0.00310374 1.81256e-20)
(0.25449 0.0105679 -1.00213e-19)
(0.31562 0.0249123 -1.99437e-19)
(0.382828 0.0397033 -7.38044e-20)
(0.00957384 -0.0572201 8.97596e-20)
(0.0321653 -0.0502549 -5.02661e-20)
(0.059778 -0.0413332 -4.48159e-20)
(0.0926485 -0.0307672 -8.55071e-21)
(0.131053 -0.0188066 -5.68711e-20)
(0.175265 -0.00565413 3.10963e-19)
(0.225495 0.00851388 1.93768e-19)
(0.281827 0.0235237 4.2863e-20)
(0.344127 0.0391849 -1.68301e-19)
(0.00255362 -0.0602366 1.37523e-21)
(0.0227784 -0.0532161 1.11719e-19)
(0.0476239 -0.0441895 -1.64198e-19)
(0.0773176 -0.0334644 -6.40141e-21)
(0.112135 -0.0212775 3.47776e-19)
(0.152363 -0.00781132 -2.3355e-19)
(0.198247 0.00678418 7.81648e-20)
(0.249941 0.0223671 -4.63075e-20)
(-0.00388838 -0.0627694 -1.48499e-19)
(0.0141012 -0.0556654 -7.82297e-20)
(0.0363318 -0.046521 1.68518e-19)
(0.0630212 -0.0356402 -6.9269e-20)
(0.0944411 -0.0232475 7.78169e-20)
(0.130884 -0.00950692 -1.21755e-20)
(0.172621 0.00545583 -9.55095e-20)
(0.219855 0.0215268 4.95937e-20)
(-0.0219259 -0.0695473 1.23444e-19)
(-0.0098084 -0.0647885 -8.61962e-21)
(0.00606381 -0.0575706 3.24108e-19)
(0.0258177 -0.0482928 -1.24551e-19)
(0.0496618 -0.0372553 5.67885e-19)
(0.077862 -0.0246718 -3.12401e-19)
(0.110712 -0.0106892 -1.32284e-19)
(0.148499 0.0045878 4.95674e-20)
(0.191461 0.0210686 2.60413e-19)
(-0.0256909 -0.0711628 1.46809e-19)
(-0.0152534 -0.0662712 -9.76895e-21)
(-0.001392 -0.0589092 1.05742e-21)
(0.0160116 -0.0494811 -1.56137e-19)
(0.0371574 -0.0382838 -5.22603e-19)
(0.0623044 -0.0255207 -2.62499e-19)
(0.091745 -0.0113237 3.08456e-19)
(0.125774 0.00421978 4.86785e-20)
(-0.0348393 -0.0743378 2.93963e-19)
(-0.0290994 -0.0722692 -1.56713e-19)
(-0.0202617 -0.0672029 4.66191e-20)
(-0.00831337 -0.0596677 1.35056e-21)
(0.00685683 -0.0500731 4.40112e-19)
(0.0254413 -0.0387122 4.92523e-20)
(0.0476924 -0.0257791 2.22773e-19)
(0.0738984 -0.0113931 -5.08603e-19)
(0.104359 0.00437173 2.4881e-20)
(-0.0366828 -0.0751371 4.76653e-20)
(-0.0321756 -0.0728557 4.94499e-20)
(-0.0248634 -0.0675762 -4.07356e-20)
(-0.0147373 -0.0598419 -5.7918e-20)
(-0.00169084 -0.0500664 -5.91626e-19)
(0.014462 -0.0385393 3.9176e-19)
(0.0339667 -0.0254463 -3.23529e-20)
(0.0571066 -0.0108964 1.47916e-19)
(0.084182 0.00504527 -3.2929e-20)
(-0.038269 -0.0754594 -5.28947e-20)
(-0.0349387 -0.0729181 1.49527e-19)
(-0.0290823 -0.0673912 -2.29568e-20)
(-0.020692 -0.0594357 -1.09264e-19)
(-0.00966454 -0.0494682 2.7172e-19)
(0.00418091 -0.0377749 -1.69473e-19)
(0.0210834 -0.024534 -7.20709e-20)
(0.0413209 -0.0098468 9.48654e-20)
(-0.0394576 -0.0744699 -1.34232e-19)
(-0.0396106 -0.075301 -3.0052e-19)
(-0.037404 -0.0724577 5.9698e-20)
(-0.0329363 -0.0666545 -1.3206e-19)
(-0.0261983 -0.0584603 -1.73483e-20)
(-0.0170882 -0.048294 -4.31102e-20)
(-0.00542936 -0.036438 -4.00547e-19)
(0.00901158 -0.0230645 2.37994e-19)
(0.0265071 -0.00827002 -9.92036e-21)
(-0.0397502 -0.074185 -6.78162e-20)
(-0.0407187 -0.0746629 7.25856e-20)
(-0.0395841 -0.0714818 -1.83649e-19)
(-0.0364391 -0.0653789 -2.56742e-20)
(-0.0312713 -0.0569336 1.69178e-21)
(-0.0239788 -0.0465664 9.14633e-20)
(-0.0143876 -0.0345557 7.20544e-19)
(-0.00226967 -0.0210689 -4.55231e-20)
(0.012642 -0.00620064 1.1002e-19)
(-0.0398592 -0.0734707 1.40377e-19)
(-0.0416032 -0.0735513 -1.78923e-19)
(-0.0414892 -0.0700024 -1.87923e-20)
(-0.0396014 -0.0635824 1.86501e-19)
(-0.0359221 -0.0548792 4.19681e-20)
(-0.0303479 -0.0443138 -2.29007e-19)
(-0.0227066 -0.032161 -4.37306e-19)
(-0.0127745 -0.0185844 -5.00723e-19)
(-0.0397943 -0.0723313 -1.5494e-19)
(-0.0422737 -0.0719764 1.69769e-19)
(-0.0431285 -0.0680363 2.83248e-19)
(-0.0424318 -0.0612875 -1.99155e-19)
(-0.0401592 -0.0523249 7.63394e-20)
(-0.0362042 -0.041569 2.26759e-19)
(-0.0303954 -0.029291 -7.54352e-20)
(-0.022513 -0.015652 1.0632e-19)
(-0.0348239 -0.067096 8.4885e-20)
(-0.0395656 -0.0707752 1.34626e-19)
(-0.0427396 -0.069953 2.23806e-19)
(-0.0445105 -0.065604 -2.43342e-19)
(-0.0449382 -0.0585204 2.45906e-19)
(-0.0439898 -0.049302 -1.09476e-19)
(-0.0415546 -0.0383678 -1.09769e-19)
(-0.0374616 -0.0259853 -7.48602e-20)
(-0.0314938 -0.0123149 1.59834e-19)
(-0.0340192 -0.0656737 2.31435e-19)
(-0.0391839 -0.0688143 -1.29516e-19)
(-0.0430109 -0.0674994 -1.85243e-19)
(-0.0456441 -0.0627297 1.08906e-19)
(-0.0471283 -0.0553104 -1.24308e-19)
(-0.0474207 -0.0458443 6.45699e-20)
(-0.046406 -0.0347476 1.08154e-19)
(-0.0439124 -0.0222847 3.24517e-20)
(-0.0397264 -0.00861536 6.6578e-20)
(-0.033106 -0.0638996 -1.72755e-19)
(-0.0386607 -0.0664647 -2.30724e-19)
(-0.043098 -0.064637 2.58702e-20)
(-0.0465384 -0.0594402 1.37814e-19)
(-0.0490101 -0.0516889 -6.95628e-20)
(-0.0504596 -0.0419869 8.56397e-20)
(-0.050766 -0.030747 -8.61457e-21)
(-0.0497569 -0.0182296 2.14582e-19)
(-0.0320972 -0.061787 1.64294e-19)
(-0.0380084 -0.0637453 4.33511e-20)
(-0.0430121 -0.0613905 1.77876e-19)
(-0.0472033 -0.0557647 -7.67997e-20)
(-0.0505926 -0.047689 8.95263e-21)
(-0.053115 -0.0377661 -2.69226e-20)
(-0.0546438 -0.026404 1.79758e-19)
(-0.0550057 -0.0138591 -1.82395e-20)
(-0.0238951 -0.0525466 -5.47198e-20)
(-0.0310065 -0.0593525 -1.40632e-19)
(-0.0372403 -0.0606782 1.21313e-19)
(-0.0427653 -0.057787 -1.77069e-19)
(-0.0476499 -0.0517344 1.35105e-19)
(-0.0518862 -0.043345 1.13553e-19)
(-0.0553973 -0.0332182 -9.35944e-21)
(-0.0580505 -0.0217562 -4.37974e-20)
(-0.059672 -0.00921044 -1.49097e-19)
(-0.0226718 -0.0505536 1.76103e-19)
(-0.0298484 -0.0566155 8.01421e-20)
(-0.0363702 -0.0572883 4.51749e-20)
(-0.0423704 -0.0538554 -9.05016e-20)
(-0.0478901 -0.0473817 -1.52378e-19)
(-0.0529022 -0.0386916 -3.07124e-20)
(-0.057318 -0.0283794 -1.31177e-20)
(-0.0609992 -0.0168398 -5.35807e-20)
(-0.0637712 -0.00431883 -1.30065e-19)
(-0.0214201 -0.0483161 1.24664e-19)
(-0.0286377 -0.0535986 -1.45714e-19)
(-0.0354123 -0.0536027 7.06393e-20)
(-0.041841 -0.0496268 1.63553e-20)
(-0.0479367 -0.0427401 -1.08374e-21)
(-0.0536534 -0.033764 1.31054e-19)
(-0.0588906 -0.0232851 -2.90711e-20)
(-0.0635046 -0.0116899 -1.61559e-19)
(-0.067321 0.000782994 2.20166e-19)
(-0.020154 -0.0458536 -1.56272e-19)
(-0.0273891 -0.050326 -7.02581e-20)
(-0.0343815 -0.0496504 -1.41407e-19)
(-0.0411914 -0.0451334 -9.23559e-20)
(-0.0478038 -0.037844 -1.05893e-19)
(-0.0541538 -0.0285973 -2.42712e-19)
(-0.0601299 -0.0179706 1.28416e-19)
(-0.0655832 -0.00633997 1.46938e-19)
(-0.0188874 -0.0431867 1.12203e-19)
(-0.0261175 -0.0468247 1.12392e-19)
(-0.0332925 -0.0454623 -6.02679e-20)
(-0.040436 -0.0404086 4.92912e-20)
(-0.0475056 -0.032728 4.97152e-20)
(-0.0544183 -0.0232266 1.41477e-19)
(-0.0610517 -0.0124699 1.47138e-19)
(-0.067253 -0.000822637 -1.95824e-20)
(-0.0105013 -0.0311979 4.20207e-20)
(-0.0176336 -0.0403388 3.3491e-20)
(-0.0248373 -0.043123 3.22528e-20)
(-0.0321602 -0.0410704 1.17342e-19)
(-0.0395899 -0.0354866 1.24757e-20)
(-0.0470575 -0.0274272 1.65221e-19)
(-0.0544626 -0.0176866 -1.78087e-20)
(-0.0616732 -0.00681674 -1.88938e-19)
(-0.068533 0.00483096 -1.55316e-19)
(-0.00952538 -0.0292421 -1.11292e-19)
(-0.0164056 -0.0373341 -5.95112e-20)
(-0.0235626 -0.0392505 -6.68938e-20)
(-0.0309991 -0.0365076 1.09836e-20)
(-0.0386679 -0.030402 1.13269e-19)
(-0.0464748 -0.0219769 -1.45368e-19)
(-0.0543032 -0.0120119 -4.82411e-20)
(-0.0620122 -0.00104391 7.59479e-20)
(-0.0694431 0.0105904 1.17936e-19)
(-0.00858924 -0.0271825 -2.39261e-20)
(-0.0152152 -0.0341984 -1.09341e-19)
(-0.0223068 -0.035238 4.02028e-20)
(-0.0298234 -0.0318077 -1.1551e-19)
(-0.0376849 -0.02519 -4.92522e-20)
(-0.0457733 -0.016412 -2.58672e-20)
(-0.053957 -0.00623658 -1.22929e-20)
(-0.0620873 0.0048162 -1.06645e-19)
(-0.0700038 0.0164257 2.63852e-20)
(-0.00770117 -0.0250384 3.32432e-20)
(-0.0140732 -0.030958 6.07704e-20)
(-0.0210823 -0.0311168 2.08394e-20)
(-0.0286467 -0.0270047 6.29157e-20)
(-0.0366555 -0.0198855 -1.5983e-20)
(-0.0449687 -0.0107674 2.51932e-20)
(-0.0534412 -0.000394452 -7.01732e-20)
(-0.0619175 0.0107316 1.09542e-19)
(-0.070236 0.0223074 -4.92474e-20)
(-0.00686832 -0.0228291 6.53583e-20)
(-0.0129893 -0.02764 2.7153e-20)
(-0.0199005 -0.0269186 -1.18487e-20)
(-0.0274818 -0.0221327 1.10286e-19)
(-0.0355938 -0.0145236 -7.40578e-20)
(-0.0440766 -0.00507787 -3.29912e-20)
(-0.052773 0.00548113 7.2052e-20)
(-0.0615218 0.0166709 -4.65239e-20)
(-0.0701609 0.0282059 9.72057e-21)
(-0.00609674 -0.0205742 -6.45262e-20)
(-0.0119721 -0.0242715 3.68908e-20)
(-0.0187717 -0.0226749 8.5051e-20)
(-0.0263406 -0.0172255 -7.97261e-20)
(-0.0345134 -0.00913884 5.28078e-20)
(-0.0431124 0.000622595 1.60593e-20)
(-0.0519698 0.0113572 8.05124e-20)
(-0.0609196 0.0226024 -1.36857e-20)
(-0.0697998 0.0340919 -5.0453e-21)
(-0.00539131 -0.0182932 2.12254e-20)
(-0.0110284 -0.0208792 -2.9767e-20)
(-0.0177049 -0.0184168 -1.48579e-20)
(-0.025234 -0.0123165 -2.89716e-20)
(-0.0334272 -0.00376517 5.19193e-20)
(-0.0420911 0.00630037 -5.71236e-20)
(-0.0510488 0.0172012 -1.07188e-19)
(-0.0601304 0.0284954 8.33881e-20)
(-0.0047557 -0.0160055 -3.02385e-20)
(-0.0101643 -0.0174893 -3.26356e-20)
(-0.0167079 -0.0141748 7.49527e-21)
(-0.024172 -0.00743826 1.27208e-20)
(-0.0323474 0.00156419 3.77464e-20)
(-0.0410272 0.0119226 5.35274e-22)
(-0.0500269 0.0229812 3.07262e-20)
(-0.0591736 0.0343188 -6.69856e-20)
(-0.00419235 -0.0137297 3.35134e-20)
(-0.00938389 -0.0141273 -1.74397e-20)
(-0.0157874 -0.00997829 7.04951e-21)
(-0.0231636 -0.00262219 -1.36043e-20)
(-0.0312856 0.00681706 -5.29321e-20)
(-0.039935 0.0174571 1.12587e-20)
(-0.048921 0.0286658 -3.02953e-20)
(-0.058069 0.0400423 4.23305e-20)
(-0.00370258 -0.0114832 -4.65072e-20)
(-0.00869036 -0.0108173 -1.37469e-20)
(-0.0149486 -0.00585527 -1.03181e-20)
(-0.0222165 0.00210153 -7.93812e-21)
(-0.0302522 0.0119624 6.55774e-20)
(-0.0388281 0.0228731 -1.21715e-20)
(-0.047748 0.0342245 1.14362e-20)
(-0.0568362 0.0456359 6.2714e-21)
(-0.0032867 -0.00928316 2.63014e-20)
(-0.00808553 -0.00758168 1.03145e-20)
(-0.0141954 -0.00183209 3.54192e-21)
(-0.0213375 0.00670449 5.22877e-22)
(-0.0292574 0.0169709 -4.20654e-20)
(-0.0377196 0.0281408 3.454e-20)
(-0.0465244 0.0396277 -2.95897e-21)
(-0.0554953 0.0510706 -2.03597e-20)
(-0.00294399 -0.0071443 -1.25421e-21)
(-0.00757012 -0.00444201 6.59399e-21)
(-0.0135308 0.00206664 3.58174e-21)
(-0.0205325 0.0111599 -6.66131e-21)
(-0.02831 0.0218146 2.73204e-20)
(-0.0366222 0.0332317 -1.06432e-20)
(-0.0452665 0.0448469 1.60011e-22)
(-0.054066 0.0563172 3.07778e-20)
(-0.00714374 -0.00141676 -1.98421e-21)
(-0.0129569 0.00581845 -2.09898e-21)
(-0.0198062 0.0154433 2.51579e-21)
(-0.0274187 0.0264677 -5.87199e-21)
(-0.0355482 0.0381194 3.28922e-21)
(-0.0439903 0.049855 -1.00289e-20)
(-0.0525685 0.0613486 -8.8267e-21)
(1.09436 -0.000910178 -1.70632e-21)
(1.09468 -0.000898586 -7.01054e-23)
(1.095 -0.000886861 -1.41919e-22)
(1.09532 -0.000875002 6.17828e-22)
(1.09563 -0.000863008 5.07018e-22)
(1.09593 -0.00085088 -7.22294e-22)
(1.09623 -0.000838617 -5.07885e-23)
(1.09652 -0.000826219 6.15515e-22)
(1.09681 -0.000813687 -1.94268e-22)
(1.09709 -0.000801018 -5.23837e-23)
(1.09466 -0.00268207 1.30541e-21)
(1.09499 -0.00264815 -5.44407e-22)
(1.09531 -0.00261401 -8.44129e-22)
(1.09563 -0.00257962 1.20011e-21)
(1.09594 -0.002545 5.01314e-23)
(1.09624 -0.00251012 2.34731e-22)
(1.09654 -0.00247499 6.84639e-23)
(1.09683 -0.0024396 -4.079e-22)
(1.09712 -0.00240393 -2.09805e-22)
(1.09741 -0.00236797 1.72399e-22)
(1.09523 -0.0044296 -8.36926e-22)
(1.09556 -0.00437378 -7.4888e-22)
(1.09589 -0.0043176 1.06915e-21)
(1.09621 -0.00426103 -4.30787e-22)
(1.09652 -0.00420407 1.76978e-22)
(1.09683 -0.00414671 -1.18806e-21)
(1.09714 -0.00408894 -3.08949e-22)
(1.09743 -0.00403075 7.50486e-22)
(1.09773 -0.00397213 -8.61756e-23)
(1.09802 -0.00391305 -8.42055e-24)
(1.09606 -0.00613872 5.57899e-22)
(1.09639 -0.00606097 1.45765e-22)
(1.09672 -0.00598277 -3.33659e-22)
(1.09705 -0.00590411 1.81975e-22)
(1.09737 -0.00582497 2.16383e-22)
(1.09769 -0.00574535 3.81108e-22)
(1.098 -0.00566522 -3.01912e-22)
(1.0983 -0.00558458 -1.86736e-22)
(1.0986 -0.00550341 -1.04317e-22)
(1.0989 -0.00542169 6.56345e-23)
(1.09676 -0.00792012 -2.078e-21)
(1.09711 -0.00782113 1.89177e-21)
(1.09746 -0.00772163 -9.35204e-22)
(1.0978 -0.00762161 8.43754e-22)
(1.09813 -0.00752105 6.77999e-23)
(1.09846 -0.00741993 8.29233e-22)
(1.09879 -0.00731825 -8.39493e-22)
(1.09911 -0.00721599 -5.74512e-22)
(1.09942 -0.00711314 9.91846e-22)
(1.09973 -0.00700968 1.40302e-22)
(1.10004 -0.00690558 -5.39808e-22)
(1.09803 -0.00959783 2.88132e-22)
(1.09839 -0.00947688 -3.77826e-22)
(1.09875 -0.00935538 -4.34751e-22)
(1.0991 -0.00923331 -1.4602e-22)
(1.09945 -0.00911065 8.37991e-22)
(1.09979 -0.0089874 -8.06712e-22)
(1.10012 -0.00886353 -4.07021e-22)
(1.10045 -0.00873905 1.01685e-21)
(1.10078 -0.00861393 -1.32115e-21)
(1.1011 -0.00848816 5.95052e-22)
(1.10141 -0.00836173 4.37524e-23)
(1.09951 -0.0112523 1.01903e-21)
(1.09988 -0.0111091 -1.00362e-21)
(1.10025 -0.0109654 8.4594e-22)
(1.10061 -0.010821 -2.61e-22)
(1.10097 -0.0106761 5.59433e-22)
(1.10133 -0.0105305 3.89214e-22)
(1.10168 -0.0103843 3.63681e-22)
(1.10202 -0.0102374 -8.12439e-22)
(1.10236 -0.0100899 9.58133e-22)
(1.10269 -0.00994171 -7.37428e-22)
(1.10302 -0.00979285 2.02333e-22)
(1.10118 -0.0128855 -6.86361e-22)
(1.10157 -0.0127196 5.0778e-22)
(1.10195 -0.0125531 1.67632e-22)
(1.10233 -0.0123859 -5.84658e-22)
(1.10271 -0.0122182 -1.73585e-22)
(1.10307 -0.0120498 4.52573e-22)
(1.10344 -0.0118808 -4.78409e-22)
(1.1038 -0.0117112 -1.32882e-21)
(1.10415 -0.0115409 -4.51468e-22)
(1.1045 -0.01137 7.82281e-22)
(1.10484 -0.0111984 1.52985e-22)
(1.10304 -0.0144985 -9.47251e-22)
(1.10345 -0.0143092 2.05318e-21)
(1.10385 -0.0141193 -3.49409e-22)
(1.10424 -0.0139288 -8.16817e-22)
(1.10463 -0.0137377 1.3885e-21)
(1.10502 -0.0135459 -9.69524e-22)
(1.1054 -0.0133536 -1.16025e-22)
(1.10577 -0.0131606 1.2015e-21)
(1.10614 -0.012967 7.58504e-22)
(1.10651 -0.0127728 -5.03831e-22)
(1.10686 -0.0125779 1.38924e-22)
(1.10508 -0.0160924 -2.27229e-22)
(1.1055 -0.0158788 -1.70518e-22)
(1.10592 -0.0156647 -5.33908e-22)
(1.10633 -0.0154499 8.22728e-22)
(1.10674 -0.0152346 1.09781e-22)
(1.10714 -0.0150187 1.30074e-21)
(1.10754 -0.0148022 3.1183e-22)
(1.10793 -0.0145851 -1.24417e-21)
(1.10832 -0.0143674 -6.24187e-22)
(1.1087 -0.0141491 -2.8362e-22)
(1.10908 -0.0139304 -9.26023e-22)
(1.10729 -0.0176672 -4.59812e-22)
(1.10773 -0.0174284 -1.27348e-22)
(1.10817 -0.0171889 1.04921e-21)
(1.1086 -0.0169489 -2.15794e-21)
(1.10903 -0.0167084 6.15312e-22)
(1.10945 -0.0164672 1.29616e-21)
(1.10986 -0.0162256 5.74874e-22)
(1.11027 -0.0159834 1.66141e-21)
(1.11068 -0.0157406 3.00698e-21)
(1.11108 -0.0154974 -2.31576e-21)
(1.11148 -0.0152537 1.62703e-21)
(1.10966 -0.019223 -6.90073e-22)
(1.11012 -0.0189576 -9.1156e-23)
(1.11058 -0.0186916 -7.55612e-22)
(1.11103 -0.0184251 -2.50233e-21)
(1.11148 -0.018158 2.47385e-22)
(1.11192 -0.0178905 -2.46295e-21)
(1.11236 -0.0176224 -3.78516e-23)
(1.11279 -0.0173539 -5.79133e-22)
(1.11322 -0.0170849 -1.74112e-21)
(1.11364 -0.0168154 4.0398e-21)
(1.11405 -0.0165456 -1.6469e-21)
(1.11219 -0.020759 4.43609e-21)
(1.11268 -0.0204656 -3.68874e-21)
(1.11315 -0.0201716 3.44498e-21)
(1.11363 -0.0198771 1.45589e-21)
(1.11409 -0.0195821 3.47722e-22)
(1.11456 -0.0192866 -9.72742e-22)
(1.11501 -0.0189907 -1.24958e-21)
(1.11547 -0.0186944 -3.16731e-22)
(1.11591 -0.0183976 -1.42463e-21)
(1.11636 -0.0181004 -1.94784e-21)
(1.11679 -0.0178031 1.845e-22)
(1.11488 -0.0222744 -3.94356e-21)
(1.11538 -0.0219513 1.12908e-21)
(1.11588 -0.0216276 -1.35142e-21)
(1.11638 -0.0213034 6.31465e-22)
(1.11687 -0.0209787 4.02411e-21)
(1.11735 -0.0206536 -1.66902e-21)
(1.11783 -0.020328 3.90817e-22)
(1.1183 -0.0200021 -2.38149e-21)
(1.11877 -0.0196758 1.29473e-21)
(1.11924 -0.0193492 -1.51986e-21)
(1.1197 -0.0190225 2.57254e-21)
(1.11771 -0.0237679 5.51266e-21)
(1.11824 -0.023413 -3.18157e-21)
(1.11876 -0.0230577 3.42458e-21)
(1.11928 -0.0227018 -1.09296e-21)
(1.11979 -0.0223455 -2.83724e-21)
(1.1203 -0.0219887 -5.44577e-22)
(1.1208 -0.0216315 -1.01999e-21)
(1.1213 -0.021274 1.27901e-21)
(1.12179 -0.0209161 -2.79024e-21)
(1.12228 -0.0205579 2.99472e-21)
(1.12276 -0.0201998 -4.83496e-22)
(1.12068 -0.0252378 -2.53725e-21)
(1.12124 -0.0248491 3.4264e-21)
(1.12178 -0.0244598 -2.42334e-21)
(1.12232 -0.0240701 -4.95792e-22)
(1.12286 -0.0236798 -1.61834e-22)
(1.12339 -0.0232891 4.05603e-22)
(1.12392 -0.0228979 4.21752e-21)
(1.12444 -0.0225064 1.75633e-21)
(1.12495 -0.0221146 8.69315e-22)
(1.12546 -0.0217226 -1.99081e-21)
(1.12597 -0.0213306 8.37801e-22)
(1.1238 -0.0266823 2.01329e-22)
(1.12438 -0.0262573 6.08153e-22)
(1.12495 -0.0258317 4.52392e-22)
(1.12551 -0.0254055 2.60032e-21)
(1.12607 -0.0249787 9.16012e-22)
(1.12663 -0.0245515 5.88539e-22)
(1.12718 -0.0241238 7.64397e-22)
(1.12772 -0.0236957 -2.75314e-21)
(1.12826 -0.0232673 -6.08156e-22)
(1.1288 -0.0228385 4.06306e-21)
(1.12932 -0.0224101 -5.50726e-21)
(1.12706 -0.0280994 2.82636e-22)
(1.12766 -0.0276354 -3.99983e-21)
(1.12826 -0.0271706 -1.95163e-21)
(1.12885 -0.0267051 8.70645e-22)
(1.12943 -0.026239 2.21087e-21)
(1.13001 -0.0257724 7.73315e-22)
(1.13059 -0.0253052 -4.34322e-21)
(1.13116 -0.0248375 -1.8945e-21)
(1.13172 -0.0243694 8.68517e-22)
(1.13228 -0.023901 -1.28695e-21)
(1.13283 -0.0234329 4.88e-21)
(1.13045 -0.0294868 -1.34296e-21)
(1.13108 -0.0289807 2.96671e-21)
(1.1317 -0.0284737 -2.07008e-21)
(1.13232 -0.0279659 -3.11463e-21)
(1.13293 -0.0274573 7.13528e-22)
(1.13354 -0.026948 1.2107e-21)
(1.13414 -0.026438 -6.24489e-22)
(1.13473 -0.0259274 2.08881e-21)
(1.13532 -0.0254163 3.28689e-21)
(1.1359 -0.0249047 -3.56358e-21)
(1.13647 -0.0243935 1.74694e-21)
(1.13398 -0.0308421 -3.15536e-21)
(1.13464 -0.0302906 1.98013e-21)
(1.13529 -0.0297381 3.0714e-22)
(1.13593 -0.0291845 -6.96236e-22)
(1.13657 -0.0286299 -2.25503e-21)
(1.1372 -0.0280744 4.84796e-22)
(1.13782 -0.027518 3.98561e-21)
(1.13844 -0.0269609 -1.95608e-21)
(1.13906 -0.026403 -4.50504e-21)
(1.13966 -0.0258444 -2.83781e-22)
(1.14026 -0.0252863 -8.492e-21)
(1.13765 -0.0321628 -3.05512e-21)
(1.13833 -0.0315623 -2.1904e-21)
(1.13901 -0.0309605 -4.17463e-21)
(1.13968 -0.0303574 3.21021e-21)
(1.14035 -0.029753 2.60762e-22)
(1.141 -0.0291474 2.99157e-21)
(1.14165 -0.0285407 -4.58647e-21)
(1.1423 -0.0279329 2.20488e-21)
(1.14294 -0.0273241 7.20862e-21)
(1.14357 -0.0267143 4.75021e-21)
(1.14419 -0.026105 9.36896e-21)
(1.14145 -0.0334462 3.94115e-21)
(1.14217 -0.0327928 -3.91008e-21)
(1.14287 -0.0321378 9.12863e-21)
(1.14357 -0.0314811 -2.18446e-21)
(1.14426 -0.0308228 -2.67215e-21)
(1.14495 -0.0301629 6.13743e-21)
(1.14563 -0.0295015 2.5592e-21)
(1.1463 -0.0288387 -5.17874e-21)
(1.14696 -0.0281745 -3.0497e-21)
(1.14762 -0.0275089 -4.52778e-21)
(1.14827 -0.0268437 -1.50971e-21)
(1.1454 -0.0346897 -6.37385e-21)
(1.14614 -0.0339792 7.89268e-22)
(1.14687 -0.0332666 -3.6788e-21)
(1.1476 -0.0325519 7.90831e-22)
(1.14832 -0.0318352 8.33123e-22)
(1.14903 -0.0311164 -7.1795e-21)
(1.14974 -0.0303957 -2.80045e-21)
(1.15044 -0.029673 7.42701e-21)
(1.15113 -0.0289485 1.53318e-21)
(1.15181 -0.0282221 1.43846e-21)
(1.15248 -0.0274961 -1.89705e-22)
(1.14948 -0.0358905 8.52451e-21)
(1.15025 -0.0351184 6.09974e-21)
(1.15101 -0.0343436 -2.42911e-21)
(1.15177 -0.0335662 -6.11739e-21)
(1.15252 -0.0327862 -2.8135e-22)
(1.15326 -0.0320036 -4.38222e-21)
(1.15399 -0.0312185 -2.31169e-21)
(1.15472 -0.0304309 -2.23251e-21)
(1.15544 -0.0296408 -1.89509e-21)
(1.15615 -0.0288481 4.76494e-21)
(1.15684 -0.0280557 2.00737e-21)
(1.1537 -0.0370458 2.4368e-21)
(1.1545 -0.0362073 4.71487e-22)
(1.1553 -0.0353655 4.71525e-21)
(1.15608 -0.0345203 4.17437e-21)
(1.15686 -0.0336719 4.61547e-22)
(1.15763 -0.0328202 8.65697e-21)
(1.1584 -0.0319653 7.81921e-21)
(1.15915 -0.0311071 -6.32315e-21)
(1.15989 -0.0302457 4.48051e-21)
(1.16063 -0.0293809 6.19006e-21)
(1.16135 -0.0285164 2.89297e-22)
(1.15806 -0.038153 -4.11553e-22)
(1.1589 -0.0372429 -3.44069e-21)
(1.15972 -0.0363287 -2.14721e-21)
(1.16054 -0.0354105 -5.61306e-21)
(1.16135 -0.0344881 8.43486e-21)
(1.16215 -0.0335617 -1.08057e-20)
(1.16294 -0.0326312 -7.71059e-21)
(1.16373 -0.0316966 -1.13598e-20)
(1.1645 -0.0307579 -1.25918e-21)
(1.16526 -0.0298147 -2.54465e-20)
(1.16601 -0.0288718 -1.23289e-21)
(1.16257 -0.0392093 1.94403e-21)
(1.16344 -0.0382221 -7.01525e-22)
(1.1643 -0.0372301 -1.69143e-22)
(1.16515 -0.036233 -1.8258e-21)
(1.16599 -0.0352309 -2.66651e-21)
(1.16682 -0.0342238 6.88321e-21)
(1.16764 -0.0332116 5.05654e-21)
(1.16846 -0.0321943 3.16529e-20)
(1.16926 -0.0311718 1.53189e-21)
(1.17005 -0.0301438 5.56413e-21)
(1.17083 -0.0291158 -6.6578e-21)
(1.16722 -0.0402119 -1.4384e-20)
(1.16813 -0.039142 -4.38148e-21)
(1.16902 -0.0380662 1.84959e-21)
(1.16991 -0.0369844 -7.55724e-21)
(1.17078 -0.0358964 -5.8147e-21)
(1.17165 -0.0348023 -5.0885e-21)
(1.1725 -0.033702 -1.13794e-20)
(1.17334 -0.0325954 -1.35028e-20)
(1.17417 -0.0314824 -2.23797e-21)
(1.17499 -0.0303624 -6.48914e-23)
(1.1758 -0.0292423 6.89872e-21)
(1.17203 -0.0411581 1.40591e-20)
(1.17297 -0.0399996 7.09185e-21)
(1.1739 -0.0388339 6.45058e-22)
(1.17482 -0.037661 -4.52115e-21)
(1.17573 -0.0364808 1.93864e-20)
(1.17662 -0.0352931 3.99353e-21)
(1.17751 -0.0340979 2.00786e-20)
(1.17838 -0.032895 1.25046e-21)
(1.17924 -0.0316844 -8.84545e-21)
(1.18009 -0.0304652 -3.07098e-21)
(1.18093 -0.0292458 -2.879e-21)
(1.17699 -0.0420454 -9.38071e-21)
(1.17797 -0.0407919 -6.13549e-21)
(1.17893 -0.03953 1.58232e-20)
(1.17989 -0.0382595 8.46108e-22)
(1.18083 -0.0369803 -1.8598e-21)
(1.18176 -0.0356922 -1.37422e-20)
(1.18268 -0.0343951 7.67969e-21)
(1.18359 -0.0330887 -3.47072e-21)
(1.18448 -0.031773 1.81106e-20)
(1.18536 -0.030447 -2.37867e-21)
(1.18622 -0.0291207 1.30608e-20)
(1.1821 -0.0428711 -5.06917e-21)
(1.18312 -0.0415162 5.64472e-22)
(1.18413 -0.0401514 -2.30476e-20)
(1.18512 -0.0387765 2.08411e-20)
(1.1861 -0.0373913 -1.50691e-20)
(1.18706 -0.0359957 3.48809e-20)
(1.18802 -0.0345893 -3.2452e-20)
(1.18896 -0.033172 1.56473e-20)
(1.18988 -0.0317436 -2.55178e-20)
(1.19079 -0.0303028 3.34849e-20)
(1.19169 -0.0288618 -1.57398e-20)
(1.18738 -0.0436327 -9.37102e-21)
(1.18844 -0.0421696 -3.74125e-21)
(1.18948 -0.0406951 2.96695e-20)
(1.19051 -0.0392088 -2.4819e-20)
(1.19153 -0.0377105 1.80174e-20)
(1.19253 -0.0361999 -3.53273e-20)
(1.19352 -0.0346768 3.18436e-20)
(1.19449 -0.0331408 -1.57068e-20)
(1.19545 -0.0315918 2.51423e-20)
(1.1964 -0.0300281 -4.53701e-20)
(1.19733 -0.0284642 -9.90181e-21)
(1.19281 -0.0443276 1.15939e-20)
(1.19391 -0.0427495 5.16841e-22)
(1.195 -0.0411581 -1.98398e-20)
(1.19607 -0.0395532 2.28869e-20)
(1.19713 -0.0379343 -1.66905e-20)
(1.19817 -0.0363013 2.82086e-20)
(1.1992 -0.0346537 -4.48174e-20)
(1.20021 -0.0329912 -9.31607e-21)
(1.2012 -0.0313135 -1.49399e-20)
(1.20218 -0.0296185 2.42966e-20)
(1.20315 -0.0279237 2.85856e-21)
(1.19841 -0.0449533 7.59204e-22)
(1.19956 -0.043253 -1.65913e-20)
(1.20069 -0.0415376 1.17372e-22)
(1.2018 -0.0398067 -3.75986e-20)
(1.2029 -0.0380598 5.64303e-21)
(1.20398 -0.0362966 -6.32223e-21)
(1.20505 -0.0345167 4.52385e-20)
(1.20609 -0.0327195 3.46095e-20)
(1.20713 -0.030905 -7.37702e-21)
(1.20814 -0.0290703 -2.02698e-20)
(1.20915 -0.0272363 1.06358e-20)
(1.20418 -0.0455073 -1.49369e-20)
(1.20537 -0.0436777 2.59547e-20)
(1.20655 -0.0418309 1.21252e-20)
(1.2077 -0.0399664 1.10619e-21)
(1.20884 -0.0380838 -2.71864e-21)
(1.20997 -0.0361827 -2.47476e-20)
(1.21107 -0.0342624 2.75751e-21)
(1.21216 -0.0323225 -3.83394e-20)
(1.21324 -0.0303628 4.17544e-21)
(1.21429 -0.0283799 2.15969e-20)
(1.21534 -0.0263986 -9.08976e-21)
(1.21012 -0.0459872 1.33993e-20)
(1.21136 -0.0440209 -1.9771e-20)
(1.21258 -0.0420352 -1.34692e-20)
(1.21378 -0.0400296 3.13082e-20)
(1.21497 -0.0380036 2.39355e-20)
(1.21614 -0.0359565 4.31973e-21)
(1.21729 -0.0338879 -5.81282e-20)
(1.21842 -0.0317972 3.47785e-20)
(1.21953 -0.0296839 4.31781e-20)
(1.22063 -0.0275443 -7.31479e-21)
(1.22172 -0.0254075 5.73845e-21)
(1.21623 -0.0463906 9.57672e-21)
(1.21752 -0.0442802 2.88103e-20)
(1.21879 -0.0421481 1.14476e-20)
(1.22004 -0.0399937 -5.55709e-21)
(1.22128 -0.0378164 -3.47484e-20)
(1.22249 -0.0356155 1.83208e-20)
(1.22369 -0.0333906 4.06893e-20)
(1.22486 -0.0311407 -2.50017e-20)
(1.22602 -0.0288657 -9.61834e-21)
(1.22717 -0.0265608 3.84723e-20)
(1.2283 -0.0242603 -7.17469e-21)
(1.22252 -0.0467153 1.10517e-20)
(1.22386 -0.0444533 6.29076e-21)
(1.22518 -0.0421671 -2.02984e-20)
(1.22649 -0.0398562 -3.2803e-20)
(1.22777 -0.0375198 2.17826e-20)
(1.22903 -0.0351573 -4.04857e-21)
(1.23028 -0.0327679 3.23295e-21)
(1.23151 -0.0303507 2.20166e-20)
(1.23272 -0.0279057 -2.37736e-20)
(1.23391 -0.025427 -2.93041e-20)
(1.2351 -0.0229546 1.95317e-20)
(1.22899 -0.046959 -1.09583e-20)
(1.23039 -0.0445379 -1.22953e-20)
(1.23176 -0.0420902 -1.37483e-20)
(1.23312 -0.0396151 6.69883e-20)
(1.23446 -0.0371119 1.78187e-20)
(1.23577 -0.0345798 -1.3111e-20)
(1.23707 -0.0320179 2.94143e-20)
(1.23836 -0.0294253 -8.11482e-22)
(1.23962 -0.0268018 -1.46983e-20)
(1.24087 -0.0241405 -1.9973e-20)
(1.24211 -0.021488 -8.56755e-21)
(1.23565 -0.04712 2.60869e-20)
(1.2371 -0.0445325 -5.28567e-20)
(1.23854 -0.0419157 3.48205e-20)
(1.23995 -0.0392688 -1.23434e-20)
(1.24135 -0.036591 -2.79374e-20)
(1.24272 -0.0338813 5.47612e-20)
(1.24408 -0.0311389 -2.03416e-20)
(1.24542 -0.0283625 -5.62631e-21)
(1.24675 -0.025552 4.26685e-20)
(1.24806 -0.0226991 1.65794e-20)
(1.24937 -0.0198577 -5.09758e-21)
(1.2425 -0.0471968 6.97922e-21)
(1.24402 -0.0444355 2.87479e-20)
(1.24551 -0.0416423 -3.40804e-20)
(1.24699 -0.038816 -5.63941e-20)
(1.24845 -0.0359558 -3.04865e-20)
(1.24989 -0.0330606 -8.22437e-20)
(1.25132 -0.0301293 -4.21749e-20)
(1.25272 -0.0271603 -4.10972e-20)
(1.25411 -0.0241536 -7.70981e-20)
(1.25549 -0.0210991 -5.43633e-21)
(1.25687 -0.0180591 4.05008e-20)
(1.24795 -0.050097 4.329e-21)
(1.24955 -0.0471886 -3.85943e-20)
(1.25114 -0.0442463 2.79977e-20)
(1.2527 -0.0412691 1.28972e-20)
(1.25425 -0.0382559 4.42257e-20)
(1.25578 -0.0352054 9.288e-21)
(1.25729 -0.0321163 6.83699e-20)
(1.25879 -0.0289871 6.21499e-20)
(1.26027 -0.025816 5.1244e-20)
(1.26173 -0.0226029 4.94789e-20)
(1.26318 -0.0193352 5.10483e-20)
(1.26464 -0.0160852 -3.21207e-20)
(1.25514 -0.0501886 1.4959e-20)
(1.25682 -0.0470949 -9.59823e-21)
(1.25848 -0.0439645 -6.54518e-20)
(1.26012 -0.0407959 5.41966e-20)
(1.26175 -0.0375877 -1.58463e-20)
(1.26336 -0.0343384 5.02488e-20)
(1.26495 -0.0310462 -1.48807e-22)
(1.26652 -0.0277093 -7.94633e-20)
(1.26808 -0.0243253 3.02994e-20)
(1.26962 -0.0208937 -3.79527e-20)
(1.27114 -0.017399 -4.16054e-21)
(1.27267 -0.0139253 -5.09469e-20)
(1.26256 -0.0502017 3.40748e-21)
(1.26432 -0.0469157 -1.4863e-20)
(1.26606 -0.0435896 4.57804e-20)
(1.26779 -0.0402217 1.96255e-20)
(1.2695 -0.03681 3.34715e-20)
(1.27119 -0.0333526 -8.27526e-20)
(1.27286 -0.029847 -4.00765e-21)
(1.27452 -0.026291 3.0221e-20)
(1.27615 -0.0226812 -9.39477e-21)
(1.27777 -0.0190169 9.52109e-20)
(1.27935 -0.0152787 -2.43105e-21)
(1.28094 -0.0115645 7.91784e-20)
(1.27021 -0.0501359 -4.13012e-20)
(1.27206 -0.0466502 8.33564e-21)
(1.27389 -0.0431205 7.09553e-21)
(1.27571 -0.0395445 -7.04081e-21)
(1.2775 -0.0359197 -4.93523e-20)
(1.27928 -0.0322436 1.48525e-20)
(1.28104 -0.0285129 -4.46936e-20)
(1.28277 -0.0247245 1.52088e-20)
(1.28448 -0.0208739 -3.81427e-20)
(1.28615 -0.0169603 -1.92912e-20)
(1.28779 -0.0129589 -6.34944e-20)
(1.28942 -0.00898445 -6.66981e-20)
(1.27812 -0.0499896 -1.8417e-20)
(1.28006 -0.0462962 1.84867e-20)
(1.28198 -0.042554 1.90151e-20)
(1.28389 -0.0387602 -7.78869e-21)
(1.28577 -0.0349116 3.18848e-21)
(1.28762 -0.0310046 5.9523e-20)
(1.28945 -0.0270353 4.29386e-21)
(1.29125 -0.0229994 2.98031e-20)
(1.29301 -0.0188909 2.25589e-20)
(1.29473 -0.0147086 -3.31062e-20)
(1.29637 -0.0104209 4.90784e-20)
(1.28628 -0.0497592 9.58348e-20)
(1.28831 -0.045849 9.74674e-21)
(1.29032 -0.0418845 -6.58101e-20)
(1.29231 -0.0378621 -4.13686e-20)
(1.29426 -0.0337776 -3.77432e-21)
(1.29618 -0.0296266 -3.9452e-20)
(1.29807 -0.0254038 -1.19468e-20)
(1.2999 -0.0211035 -1.58869e-20)
(1.30168 -0.0167177 -1.78378e-20)
(1.30339 -0.0122449 -8.23702e-20)
(1.30499 -0.00764453 -4.59116e-20)
(1.29468 -0.0494375 5.00979e-21)
(1.29679 -0.0453008 -2.81023e-20)
(1.29888 -0.0411034 1.06429e-20)
(1.30092 -0.0368408 -2.26833e-20)
(1.30293 -0.0325078 1.51782e-20)
(1.30489 -0.0280986 -3.63722e-20)
(1.30679 -0.0236063 1.06743e-19)
(1.30862 -0.0190237 2.31047e-20)
(1.31036 -0.0143397 4.94996e-20)
(1.31201 -0.00955225 6.10777e-20)
(1.31348 -0.00460912 9.04373e-20)
(1.30327 -0.0490146 -1.1406e-19)
(1.30545 -0.0446413 8.65787e-22)
(1.30758 -0.0402003 2.8963e-21)
(1.30966 -0.0356858 -9.18685e-21)
(1.31168 -0.0310915 1.02966e-20)
(1.31363 -0.0264096 1.41567e-20)
(1.3155 -0.0216314 -1.05629e-20)
(1.31726 -0.0167473 -3.49693e-20)
(1.31888 -0.0117423 -6.21082e-20)
(1.32038 -0.00661359 -2.09285e-20)
(1.32161 -0.00129367 -2.68904e-20)
(1.31199 -0.0484782 3.18137e-20)
(1.3142 -0.043859 -6.95061e-21)
(1.31634 -0.0391644 8.72205e-21)
(1.3184 -0.0343874 5.1671e-20)
(1.32038 -0.0295195 1.012e-20)
(1.32226 -0.024551 6.5833e-20)
(1.32402 -0.0194699 1.32948e-20)
(1.32562 -0.0142637 4.21351e-20)
(1.32703 -0.0089125 5.29472e-20)
(1.32825 -0.00341203 1.93248e-20)
(1.32907 0.00232331 -6.86084e-20)
(1.32073 -0.0478152 3.92137e-20)
(1.32291 -0.0429416 1.5889e-20)
(1.325 -0.0379845 3.86002e-20)
(1.32699 -0.032935 4.10944e-21)
(1.32886 -0.0277821 -1.04145e-19)
(1.33059 -0.0225133 -5.04943e-20)
(1.33213 -0.0171127 -1.01959e-19)
(1.33346 -0.0115634 -7.16791e-20)
(1.3345 -0.00583934 -4.78962e-20)
(1.33527 6.60258e-05 9.54483e-20)
(1.33546 0.00625877 -7.61227e-20)
(1.32935 -0.0470135 -7.99154e-20)
(1.33144 -0.0418782 -1.41132e-20)
(1.33341 -0.0366501 -1.03082e-19)
(1.33524 -0.0313175 1.51345e-20)
(1.3369 -0.0258668 1.46607e-19)
(1.33834 -0.0202816 2.0907e-20)
(1.33953 -0.014542 3.26364e-20)
(1.34042 -0.00862654 -3.04508e-20)
(1.34089 -0.00250273 9.53648e-20)
(1.34099 0.00383928 -2.84768e-20)
(1.34025 0.0105265 4.43051e-20)
(1.33767 -0.0460614 3.19701e-20)
(1.3396 -0.0406581 -1.78846e-20)
(1.34135 -0.0351509 8.87413e-20)
(1.34291 -0.029525 3.39883e-20)
(1.34421 -0.0237625 -1.6027e-19)
(1.34522 -0.0178427 5.32036e-21)
(1.34586 -0.0117411 1.73374e-20)
(1.34606 -0.00543162 9.41403e-20)
(1.34568 0.00112256 -1.35913e-19)
(1.34477 0.00793322 -1.18828e-19)
(1.3427 0.0151417 1.43093e-19)
(1.3455 -0.044937 5.47931e-20)
(1.34715 -0.0392577 -2.80619e-20)
(1.34856 -0.0334622 -8.17521e-20)
(1.34968 -0.0275321 4.07387e-20)
(1.35045 -0.0214459 3.70573e-20)
(1.35079 -0.0151785 2.49698e-20)
(1.3506 -0.0087007 -1.69289e-20)
(1.3498 -0.00198113 -7.21399e-20)
(1.34819 0.00502036 7.80879e-20)
(1.34584 0.0123185 5.00277e-20)
(1.34193 0.0200549 -1.30231e-19)
(1.35258 -0.0436055 1.34574e-20)
(1.35379 -0.0376345 1.683e-19)
(1.35466 -0.0315323 1.20907e-19)
(1.35512 -0.0252784 -1.72848e-19)
(1.35507 -0.0188493 -1.36778e-20)
(1.35443 -0.0122187 -7.13551e-20)
(1.35305 -0.00535769 -1.99365e-20)
(1.35083 0.0017655 3.16465e-20)
(1.34753 0.00918839 -1.09453e-19)
(1.34323 0.0169311 -2.16065e-20)
(1.33689 0.0251213 6.28487e-20)
(1.35861 -0.042032 6.80062e-20)
(1.35916 -0.0357472 -1.47603e-20)
(1.35922 -0.029313 -9.82561e-20)
(1.35869 -0.0227068 1.86436e-19)
(1.35745 -0.0159045 4.92473e-20)
(1.35536 -0.0088812 1.74195e-20)
(1.35226 -0.00161343 -3.59319e-21)
(1.34802 0.00592115 -7.59189e-20)
(1.34239 0.01374 5.40013e-20)
(1.33546 0.0218516 1.13398e-19)
(1.32607 0.0303287 4.57481e-20)
(1.36316 -0.0401527 -7.85806e-20)
(1.36276 -0.0335366 -1.21981e-20)
(1.36166 -0.0267557 6.59935e-20)
(1.35973 -0.0197877 -1.58172e-19)
(1.35682 -0.0126101 5.82914e-21)
(1.35275 -0.0052019 1.24061e-19)
(1.34733 0.00245406 -1.1764e-19)
(1.34037 0.0103695 -5.44539e-21)
(1.33161 0.0185378 1.61206e-19)
(1.32114 0.0269434 -5.5472e-20)
(1.30783 0.0355435 -7.35559e-20)
(1.36559 -0.0377813 -1.00836e-19)
(1.36381 -0.0308095 -9.03418e-20)
(1.36108 -0.0236708 -9.13271e-20)
(1.35723 -0.0163515 -2.61091e-20)
(1.35207 -0.00884195 9.42481e-20)
(1.3454 -0.00113881 -1.13546e-19)
(1.33702 0.00675173 7.14027e-20)
(1.32672 0.0148134 -2.06965e-20)
(1.31425 0.0230059 -1.30978e-20)
(1.29961 0.0312884 -1.81822e-20)
(1.28176 0.0395126 -3.54504e-20)
(1.36513 -0.0347482 -3.57449e-20)
(1.36142 -0.0273529 9.80828e-20)
(1.3564 -0.019797 2.68709e-20)
(1.34989 -0.0120846 -3.35108e-20)
(1.34167 -0.00423248 -8.4282e-20)
(1.33153 0.00372443 1.05231e-19)
(1.31928 0.0117257 5.67969e-20)
(1.30473 0.0196783 -6.27455e-20)
(1.28777 0.0274395 -1.62501e-20)
(1.26843 0.0348357 3.143e-20)
(1.24611 0.0415412 6.87143e-20)
(1.36122 -0.0313545 8.49541e-20)
(1.35492 -0.0234689 -1.13898e-19)
(1.34689 -0.0154233 -1.74199e-20)
(1.33689 -0.00723999 2.57377e-19)
(1.32467 0.00103838 -1.15056e-20)
(1.31 0.00934025 -3.53976e-20)
(1.29267 0.0175534 8.55967e-20)
(1.27248 0.025508 2.9335e-20)
(1.24935 0.0329468 -2.13045e-19)
(1.22335 0.0394965 -4.53648e-20)
(1.19461 0.0445385 3.96034e-20)
)
;

boundaryField
{
    inlet
    {
        type            uniformFixedValue;
        uniformValue    constant (1 0 0);
        value           nonuniform 0();
    }
    outlet
    {
        type            pressureInletOutletVelocity;
        value           nonuniform 0();
    }
    cylinder
    {
        type            fixedValue;
        value           nonuniform 0();
    }
    top
    {
        type            symmetryPlane;
    }
    bottom
    {
        type            symmetryPlane;
    }
    defaultFaces
    {
        type            empty;
    }
    procBoundary9to8
    {
        type            processor;
        value           nonuniform List<vector> 
132
(
(1.35077 -0.0266964 -2.70639e-20)
(1.35077 -0.0266964 -2.70639e-20)
(1.31714 -0.0225702 9.86255e-20)
(1.31714 -0.0225702 9.86255e-20)
(1.25513 -0.0121115 -5.03328e-20)
(1.25513 -0.0121115 -5.03328e-20)
(1.16351 -0.00197267 -2.04958e-20)
(1.16351 -0.00197267 -2.04958e-20)
(1.04282 0.00844132 1.28414e-19)
(0.999183 0.0148236 -1.94811e-19)
(0.999183 0.0148236 -1.94811e-19)
(0.852242 0.0212511 -1.78475e-20)
(0.852242 0.0212511 -1.78475e-20)
(0.698216 0.023668 7.56382e-20)
(0.698216 0.023668 7.56382e-20)
(0.54889 0.0214058 6.99758e-20)
(0.505478 0.0207248 2.81437e-19)
(0.505478 0.0207248 2.81437e-19)
(0.37635 0.0122783 -2.25621e-19)
(0.341318 0.00928735 4.73109e-19)
(0.341318 0.00928735 4.73109e-19)
(0.239088 -0.00311313 7.0446e-20)
(0.239088 -0.00311313 7.0446e-20)
(0.15687 -0.0164689 -2.51478e-19)
(0.137213 -0.0211583 -1.36644e-19)
(0.137213 -0.0211583 -1.36644e-19)
(0.0785891 -0.0342499 -1.08815e-19)
(0.0654502 -0.0387583 1.51357e-19)
(0.0654502 -0.0387583 1.51357e-19)
(0.0256218 -0.0498949 -8.22116e-19)
(0.0172382 -0.0537579 4.42078e-19)
(0.0172382 -0.0537579 4.42078e-19)
(-0.00816017 -0.0618442 2.79355e-19)
(-0.0132004 -0.064862 1.1339e-19)
(-0.0177745 -0.0674394 -5.86866e-21)
(-0.0177745 -0.0674394 -5.86866e-21)
(-0.0303164 -0.0713487 2.16413e-19)
(-0.0327232 -0.0730703 7.66933e-20)
(-0.0327232 -0.0730703 7.66933e-20)
(-0.0373836 -0.0727709 -5.86946e-22)
(-0.0382841 -0.0737564 1.45474e-19)
(-0.0389721 -0.0743256 -1.5663e-19)
(-0.0389721 -0.0743256 -1.5663e-19)
(-0.0367287 -0.0691273 -1.64681e-19)
(-0.0364699 -0.0691729 -1.16067e-19)
(-0.0360598 -0.06885 1.4889e-19)
(-0.0355078 -0.0681569 8.54612e-20)
(-0.0355078 -0.0681569 8.54612e-20)
(-0.028229 -0.0577906 9.94408e-20)
(-0.0272558 -0.0569103 -1.75238e-19)
(-0.0262007 -0.0557373 8.51556e-20)
(-0.025076 -0.0542791 1.12421e-19)
(-0.025076 -0.0542791 1.12421e-19)
(-0.0156298 -0.0388347 2.26207e-20)
(-0.0146071 -0.0376423 -6.03701e-20)
(-0.0135716 -0.0362693 2.13502e-19)
(-0.0125348 -0.034728 -2.18505e-20)
(-0.0115078 -0.0330323 -8.72422e-21)
(-0.0115078 -0.0330323 -8.72422e-21)
(-0.00385925 -0.0138777 -1.86066e-19)
(-0.00342662 -0.0131539 5.93119e-20)
(-0.00301256 -0.0123831 2.62494e-20)
(-0.00262076 -0.0115731 7.83528e-22)
(-0.00225437 -0.0107319 -3.75306e-20)
(-0.00191603 -0.00986783 6.30093e-20)
(-0.00160781 -0.00898898 -7.13215e-20)
(-0.00133118 -0.00810351 2.79834e-20)
(-0.00108704 -0.00721925 -2.79014e-20)
(-0.000875804 -0.00634385 1.24654e-20)
(-0.00069732 -0.00548408 1.53873e-20)
(1.09403 -0.000921636 -3.43835e-22)
(1.09433 -0.00271577 1.72881e-22)
(1.0949 -0.00448505 -1.34703e-21)
(1.09571 -0.00621603 1.28163e-21)
(1.09571 -0.00621603 1.28163e-21)
(1.0964 -0.00801861 1.74795e-22)
(1.09766 -0.00971823 -2.11707e-22)
(1.09912 -0.0113949 1.58929e-21)
(1.10078 -0.0130508 -4.93784e-22)
(1.10263 -0.0146872 -1.87667e-22)
(1.10465 -0.0163054 -9.77237e-23)
(1.10684 -0.0179055 8.67032e-22)
(1.1092 -0.0194879 -1.21583e-22)
(1.11171 -0.0210519 -1.69283e-22)
(1.11437 -0.0225971 6.74004e-22)
(1.11718 -0.0241222 4.22637e-22)
(1.12013 -0.0256259 -2.22497e-21)
(1.12322 -0.0271067 -4.75728e-21)
(1.12645 -0.0285627 1.85051e-21)
(1.12982 -0.029992 -7.27231e-22)
(1.13332 -0.0313925 4.44868e-21)
(1.13696 -0.0327619 -5.43587e-21)
(1.14074 -0.0340978 -1.25331e-21)
(1.14465 -0.0353979 -1.29864e-21)
(1.1487 -0.0366598 -1.38135e-21)
(1.15289 -0.037881 9.77772e-22)
(1.15722 -0.039059 -1.70168e-21)
(1.16169 -0.0401914 2.98757e-21)
(1.16631 -0.0412757 2.49155e-21)
(1.17108 -0.0423096 -2.11961e-21)
(1.176 -0.0432906 -3.14678e-21)
(1.18107 -0.0442163 1.51058e-21)
(1.1863 -0.0450844 3.5928e-21)
(1.1917 -0.0458926 1.98901e-20)
(1.19725 -0.0466386 -2.14482e-20)
(1.20297 -0.04732 2.657e-21)
(1.20887 -0.0479345 9.96142e-21)
(1.21493 -0.0484799 2.06434e-21)
(1.22116 -0.0489538 -1.0707e-20)
(1.22758 -0.0493541 -3.8276e-21)
(1.23418 -0.049679 -9.41408e-21)
(1.24096 -0.049927 2.09991e-20)
(1.24096 -0.049927 2.09991e-20)
(1.24632 -0.0529725 -3.47343e-20)
(1.25344 -0.0532465 1.49198e-20)
(1.26078 -0.0534488 5.37175e-20)
(1.26834 -0.0535792 -2.54295e-20)
(1.27616 -0.0536367 3.29875e-20)
(1.28422 -0.0536181 -4.1314e-20)
(1.29253 -0.0535174 3.68235e-20)
(1.30106 -0.0533249 -8.75929e-20)
(1.30974 -0.0530281 1.18852e-19)
(1.31848 -0.0526128 -1.07687e-19)
(1.32715 -0.0520656 7.87066e-20)
(1.3356 -0.0513732 -2.16174e-20)
(1.34365 -0.0505153 5.58317e-22)
(1.35109 -0.0494633 -1.51788e-20)
(1.35765 -0.0481879 6.40204e-21)
(1.36299 -0.0466253 5.80351e-20)
(1.36655 -0.0446022 -1.05602e-19)
(1.36773 -0.0419872 3.34892e-20)
(1.36601 -0.0390726 2.93036e-20)
)
;
    }
    procBoundary9to10
    {
        type            processor;
        value           nonuniform List<vector> 
113
(
(1.01617 0.0413996 2.5116e-19)
(1.16525 0.0473607 1.44122e-19)
(1.01617 0.0413996 2.5116e-19)
(0.963729 0.0426423 -6.95995e-19)
(0.828323 0.0669587 5.43182e-20)
(0.828323 0.0669587 5.43182e-20)
(0.772459 0.0733509 -8.5676e-20)
(0.633662 0.0641166 -6.06722e-19)
(0.633662 0.0641166 -6.06722e-19)
(0.582594 0.0667775 5.81182e-19)
(0.455388 0.0547781 -2.86461e-19)
(0.455388 0.0547781 -2.86461e-19)
(0.411866 0.0553565 -1.93749e-19)
(0.307427 0.0387813 -1.07832e-19)
(0.307427 0.0387813 -1.07832e-19)
(0.272658 0.0385796 6.29593e-21)
(0.239739 0.0386486 4.99862e-20)
(0.164658 0.0210365 6.46555e-21)
(0.164658 0.0210365 6.46555e-21)
(0.139356 0.021453 -8.4415e-20)
(0.115488 0.0223197 -1.08186e-19)
(0.0651924 0.00622532 8.56925e-20)
(0.0651924 0.00622532 8.56925e-20)
(0.0473532 0.00788356 8.21898e-20)
(0.0306395 0.00998197 -6.62424e-20)
(-0.000290055 -0.00367973 -2.60887e-19)
(-0.000290055 -0.00367973 -2.60887e-19)
(-0.0123008 -0.000751467 3.68751e-19)
(-0.0234012 0.00253948 -9.34643e-20)
(-0.0336033 0.00615006 -2.14167e-19)
(-0.0472216 -0.00459471 1.41318e-19)
(-0.0472216 -0.00459471 1.41318e-19)
(-0.0539933 -0.000291356 -1.4856e-19)
(-0.0600582 0.00425967 -1.20633e-20)
(-0.0654355 0.00902626 8.97127e-20)
(-0.0701468 0.0139796 -1.52919e-19)
(-0.0703405 0.00606396 -1.09253e-19)
(-0.0703405 0.00606396 -1.09253e-19)
(-0.0728504 0.0114949 5.90047e-21)
(-0.0748726 0.0170479 -8.1544e-20)
(-0.0764292 0.0226959 -1.83063e-20)
(-0.0775431 0.028412 -2.03143e-20)
(-0.0782372 0.0341694 7.15011e-20)
(-0.0785347 0.0399408 -6.06904e-20)
(-0.0784588 0.0456986 -1.11231e-20)
(-0.0691745 0.0399356 1.07375e-19)
(-0.0691745 0.0399356 1.07375e-19)
(-0.0683068 0.0457074 -8.0553e-20)
(-0.0672193 0.0513779 2.08893e-20)
(-0.0659346 0.0569176 -9.33717e-22)
(-0.0644756 0.0622971 -1.15945e-20)
(-0.062866 0.0674875 -8.79976e-21)
(1.09737 -0.000788325 -9.59173e-23)
(1.09768 -0.00233204 -2.69107e-23)
(1.0983 -0.00385395 -9.68656e-23)
(1.09919 -0.00533989 1.61738e-22)
(1.10033 -0.00680126 -3.47019e-22)
(1.10173 -0.00823485 8.07282e-22)
(1.10335 -0.00964324 -6.53233e-22)
(1.10518 -0.0110256 3.87879e-22)
(1.10722 -0.0123814 -6.57259e-23)
(1.10946 -0.0137091 -2.45273e-22)
(1.11188 -0.0150067 -5.27409e-22)
(1.11447 -0.0162714 1.09457e-21)
(1.11724 -0.0174999 -2.64493e-21)
(1.12016 -0.0186884 4.33476e-21)
(1.12324 -0.0198324 -3.68098e-21)
(1.12648 -0.0209272 1.22964e-21)
(1.12986 -0.0219673 -2.69575e-21)
(1.13339 -0.0229473 8.32293e-22)
(1.13706 -0.0238611 2.34066e-21)
(1.14087 -0.0247025 -5.71468e-22)
(1.14482 -0.025465 -3.73019e-21)
(1.14892 -0.0261419 1.9312e-21)
(1.15316 -0.0267265 5.81521e-21)
(1.15755 -0.0272118 -9.992e-21)
(1.16208 -0.0275912 4.0334e-21)
(1.16677 -0.0278577 -1.06574e-20)
(1.17161 -0.0280048 4.40648e-21)
(1.17661 -0.0280259 1.54225e-20)
(1.18176 -0.027915 -2.0824e-21)
(1.18709 -0.027666 -2.58827e-20)
(1.19259 -0.0272734 1.63552e-20)
(1.19826 -0.0267322 -6.40308e-22)
(1.20411 -0.0260376 1.36063e-21)
(1.21015 -0.0251857 -1.58439e-20)
(1.21637 -0.0241728 2.93839e-20)
(1.2228 -0.022996 -5.99535e-22)
(1.22943 -0.0216525 -7.60461e-21)
(1.23628 -0.0201395 -6.26549e-21)
(1.24336 -0.0184542 3.79106e-20)
(1.25068 -0.0165928 -3.86545e-21)
(1.25827 -0.0145487 5.30114e-21)
(1.26612 -0.0123115 -4.93659e-20)
(1.27422 -0.00986648 -2.17068e-20)
(1.28255 -0.00719373 1.94768e-20)
(1.29104 -0.00426862 5.46626e-20)
(1.29802 -0.00616332 -7.97087e-20)
(1.29802 -0.00616332 -7.97087e-20)
(1.30659 -0.00307727 1.04596e-19)
(1.31496 0.00029828 -1.24505e-19)
(1.32286 0.00398893 -4.18648e-22)
(1.32995 0.00802148 4.63776e-21)
(1.33576 0.0124177 -2.51374e-21)
(1.33969 0.0171881 4.86779e-20)
(1.34092 0.0223335 -1.01378e-20)
(1.33843 0.0277839 6.91032e-21)
(1.33109 0.0333216 1.31468e-19)
(1.31736 0.0387952 -2.07566e-19)
(1.29533 0.0440332 7.36812e-20)
(1.26447 0.0475139 1.5945e-19)
(1.22383 0.047466 -1.37936e-19)
(1.16525 0.0473607 1.44122e-19)
)
;
    }
    procBoundary9to24
    {
        type            processor;
        value           uniform (-0.000551035 -0.00464671 -3.85597e-21);
    }
    procBoundary9to25
    {
        type            processor;
        value           nonuniform List<vector> 9((-0.00680503 0.00147675 -5.44263e-21) (-0.0124743 0.00940315 -1.04889e-21) (-0.0191629 0.0195322 6.74391e-21) (-0.0265909 0.0309063 -8.4212e-21) (-0.0345092 0.0427788 1.41109e-21) (-0.0427119 0.054626 -5.43477e-21) (-0.0510229 0.0661378 -1.14478e-20) (-0.00267287 -0.00508081 1.36591e-22) (-0.00267287 -0.00508081 1.36591e-22));
    }
    procBoundary9to26
    {
        type            processor;
        value           uniform (-0.0611295 0.0724605 -9.01626e-21);
    }
}


// ************************************************************************* //
