/*--------------------------------*- C++ -*----------------------------------*\
  =========                 |
  \\      /  F ield         | OpenFOAM: The Open Source CFD Toolbox
   \\    /   O peration     | Website:  https://openfoam.org
    \\  /    A nd           | Version:  7
     \\/     M anipulation  |
\*---------------------------------------------------------------------------*/
FoamFile
{
    version     2.0;
    format      ascii;
    class       volScalarField;
    location    "20";
    object      p;
}
// * * * * * * * * * * * * * * * * * * * * * * * * * * * * * * * * * * * * * //

dimensions      [0 2 -2 0 0 0 0];

internalField   nonuniform List<scalar> 
1450
(
-0.269916
-0.273911
-0.277404
-0.280132
-0.281645
-0.280953
-0.276747
-0.267554
-0.252133
-0.230176
-0.202924
-0.172686
-0.142084
-0.113333
-0.0879289
-0.0665843
-0.0493947
-0.0360407
-0.025981
-0.0186017
-0.0133156
-0.00960708
-0.00704806
-0.00530638
-0.0041357
-0.00335136
-0.00281349
-0.00242408
-0.00212495
-0.00188722
-0.00169577
-0.00153743
-0.00139726
-0.00126152
-0.00112198
-0.000977613
-0.00083386
-0.000700019
-0.000584137
-0.000488319
-0.000408636
-0.000338715
-0.000273103
-0.000209104
-0.000147578
-9.2382e-05
-4.80956e-05
-1.73188e-05
5.54924e-07
8.55558e-06
1.04327e-05
9.3213e-06
7.226e-06
5.15625e-06
3.48338e-06
2.26911e-06
1.43329e-06
8.83656e-07
5.31244e-07
3.22271e-07
1.78044e-07
1.09884e-07
4.09619e-08
4.29247e-08
-0.272886
-0.276856
-0.280417
-0.283303
-0.285057
-0.284635
-0.280641
-0.271486
-0.255809
-0.233254
-0.205147
-0.173959
-0.142469
-0.112998
-0.0870837
-0.0654334
-0.0481078
-0.0347427
-0.0247537
-0.0174916
-0.0123434
-0.00877628
-0.00635094
-0.00472967
-0.00366437
-0.00297033
-0.00250803
-0.00218021
-0.00193033
-0.00173181
-0.00157191
-0.00143936
-0.0013205
-0.00120215
-0.00107619
-0.000941594
-0.000804292
-0.000674672
-0.000562119
-0.000469735
-0.000393889
-0.000327835
-0.000265469
-0.000203649
-0.000143261
-8.85581e-05
-4.45801e-05
-1.42085e-05
3.11319e-06
1.05029e-05
1.18175e-05
1.02542e-05
7.83018e-06
5.53733e-06
3.71934e-06
2.41329e-06
1.52042e-06
9.35974e-07
5.62254e-07
3.40541e-07
1.88384e-07
1.16183e-07
4.37612e-08
4.5125e-08
-0.275814
-0.279755
-0.283384
-0.286431
-0.28844
-0.288305
-0.284545
-0.275448
-0.259524
-0.236363
-0.207385
-0.175228
-0.142835
-0.112636
-0.0862111
-0.0642593
-0.046804
-0.0334346
-0.0235223
-0.0163819
-0.0113748
-0.0079508
-0.00565999
-0.00415928
-0.00319906
-0.00259481
-0.00220744
-0.00194052
-0.00173916
-0.00157919
-0.00145028
-0.0013431
-0.0012452
-0.00114399
-0.00103137
-0.000906328
-0.000775283
-0.000649738
-0.000540423
-0.000451428
-0.000379399
-0.000317196
-0.000258047
-0.000198365
-0.00013907
-8.48198e-05
-4.11234e-05
-1.11421e-05
5.63591e-06
1.24204e-05
1.31779e-05
1.11681e-05
8.42044e-06
5.90872e-06
3.9488e-06
2.55327e-06
1.60491e-06
9.86641e-07
5.92267e-07
3.58227e-07
1.98382e-07
1.2227e-07
4.64713e-08
4.72673e-08
-0.278695
-0.282599
-0.286294
-0.289508
-0.291782
-0.291951
-0.288447
-0.279428
-0.263266
-0.239495
-0.209632
-0.176488
-0.14318
-0.112246
-0.0853118
-0.0630633
-0.0454851
-0.032118
-0.0222882
-0.0152738
-0.0104106
-0.0071314
-0.00497577
-0.0035956
-0.00274009
-0.00222503
-0.0019119
-0.0017051
-0.00155151
-0.0014294
-0.00133093
-0.00124868
-0.00117142
-0.00108706
-0.000987531
-0.000871817
-0.000746837
-0.000625228
-0.000519064
-0.000433415
-0.000365181
-0.000306805
-0.000250838
-0.000193249
-0.000134998
-8.11637e-05
-3.77242e-05
-8.11927e-06
8.12254e-06
1.43075e-05
1.45134e-05
1.20628e-05
8.99674e-06
6.27043e-06
4.17181e-06
2.68911e-06
1.6868e-06
1.03568e-06
6.21297e-07
3.75337e-07
2.08043e-07
1.28145e-07
4.90941e-08
4.93525e-08
-0.281517
-0.285379
-0.289137
-0.292519
-0.295068
-0.295558
-0.292331
-0.283413
-0.267025
-0.242642
-0.211881
-0.177736
-0.143502
-0.11183
-0.084387
-0.0618469
-0.0441525
-0.0307945
-0.0210527
-0.0141685
-0.00945181
-0.00631879
-0.00429883
-0.00303906
-0.00228774
-0.0018612
-0.00162153
-0.00147405
-0.00136744
-0.00128251
-0.0012139
-0.00115614
-0.00109917
-0.00103138
-0.000944681
-0.00083806
-0.000718956
-0.00060115
-0.00049806
-0.000415716
-0.000351249
-0.00029667
-0.000243843
-0.000188295
-0.000131042
-7.75863e-05
-3.43808e-05
-5.14006e-06
1.05726e-05
1.61636e-05
1.58238e-05
1.29382e-05
9.55902e-06
6.62248e-06
4.38841e-06
2.82083e-06
1.76611e-06
1.08311e-06
6.49359e-07
3.91879e-07
2.17371e-07
1.33813e-07
5.16318e-08
5.1381e-08
-0.284272
-0.288084
-0.291901
-0.295452
-0.298284
-0.299111
-0.296182
-0.287386
-0.270788
-0.245794
-0.214125
-0.178968
-0.143799
-0.111386
-0.0834376
-0.0606117
-0.0428081
-0.0294658
-0.0198174
-0.0130671
-0.00849933
-0.00551371
-0.00362971
-0.00249005
-0.0018423
-0.00150353
-0.00133649
-0.00124746
-0.00118702
-0.00113854
-0.00109923
-0.00106552
-0.00102849
-0.000976961
-0.000902822
-0.000805056
-0.000691642
-0.000577515
-0.000477426
-0.000398346
-0.000337615
-0.000286796
-0.00023706
-0.0001835
-0.000127196
-7.40837e-05
-3.10916e-05
-2.20429e-06
1.29855e-05
1.79882e-05
1.71085e-05
1.3794e-05
1.01073e-05
6.96491e-06
4.59866e-06
2.94848e-06
1.84288e-06
1.12897e-06
6.76469e-07
4.07864e-07
2.26374e-07
1.39278e-07
5.40866e-08
5.33537e-08
-0.286948
-0.290701
-0.294573
-0.298293
-0.301415
-0.302591
-0.299982
-0.291332
-0.27454
-0.248938
-0.216358
-0.180179
-0.144071
-0.110916
-0.0824651
-0.0593596
-0.0414538
-0.0281337
-0.0185837
-0.0119709
-0.00755416
-0.00471689
-0.00296896
-0.00194896
-0.00140408
-0.00115221
-0.00105689
-0.00102542
-0.00101029
-0.000997553
-0.000986961
-0.000976841
-0.000959385
-0.000923812
-0.000861953
-0.000772803
-0.000664897
-0.000554331
-0.000457178
-0.000381322
-0.000324293
-0.000277188
-0.000230487
-0.000178857
-0.000123454
-7.06521e-05
-2.78549e-05
6.88195e-07
1.5361e-05
1.97808e-05
1.83675e-05
1.46303e-05
1.06415e-05
7.29778e-06
4.80261e-06
3.07212e-06
1.91715e-06
1.17326e-06
7.02645e-07
4.23301e-07
2.35056e-07
1.44543e-07
5.64605e-08
5.5271e-08
-0.289532
-0.293217
-0.297138
-0.301026
-0.304444
-0.305982
-0.303712
-0.295232
-0.278263
-0.252063
-0.218569
-0.181366
-0.144315
-0.11042
-0.0814709
-0.0580926
-0.0400917
-0.0268001
-0.0173533
-0.0108812
-0.0066173
-0.00392909
-0.00231712
-0.00141618
-0.000973323
-0.000807441
-0.000782871
-0.000807997
-0.000837319
-0.00085958
-0.000877122
-0.00089014
-0.000891888
-0.000871942
-0.000822075
-0.000741298
-0.000638723
-0.000531607
-0.00043733
-0.000364661
-0.000311293
-0.000267848
-0.00022412
-0.000174359
-0.000119809
-6.72875e-05
-2.46691e-05
3.53755e-06
1.76984e-05
2.1541e-05
1.96004e-05
1.54468e-05
1.11617e-05
7.62116e-06
5.00034e-06
3.1918e-06
1.98896e-06
1.21604e-06
7.27904e-07
4.38202e-07
2.43425e-07
1.49612e-07
5.87559e-08
5.71338e-08
-0.292011
-0.29562
-0.299584
-0.303637
-0.307354
-0.309265
-0.307353
-0.299066
-0.281943
-0.255154
-0.220751
-0.182522
-0.14453
-0.109897
-0.0804567
-0.0568127
-0.038724
-0.0254668
-0.0161278
-0.00979929
-0.00568975
-0.00315104
-0.00167471
-0.000892098
-0.000550316
-0.000469391
-0.000514537
-0.000595262
-0.000668137
-0.000724657
-0.000769747
-0.000805444
-0.000826012
-0.000821358
-0.000783185
-0.000710537
-0.000613119
-0.000509353
-0.000417896
-0.000348375
-0.000298623
-0.000258779
-0.000217955
-0.00017
-0.000116255
-6.39858e-05
-2.15326e-05
6.34388e-06
1.99974e-05
2.32683e-05
2.08069e-05
1.62437e-05
1.1668e-05
7.93512e-06
5.19192e-06
3.30757e-06
2.05835e-06
1.25732e-06
7.52265e-07
4.52578e-07
2.51488e-07
1.54491e-07
6.0975e-08
5.8943e-08
-0.294372
-0.297896
-0.301898
-0.306112
-0.31013
-0.312423
-0.310887
-0.302816
-0.28556
-0.258199
-0.222893
-0.183643
-0.144714
-0.109349
-0.0794242
-0.0555224
-0.0373529
-0.0241361
-0.0149089
-0.00872652
-0.00477251
-0.00238346
-0.00104227
-0.000377074
-0.000135311
-0.000138234
-0.000251993
-0.000387276
-0.000502787
-0.000592817
-0.000664867
-0.000722775
-0.000761773
-0.000772064
-0.000745278
-0.000680513
-0.000588086
-0.000487574
-0.000398888
-0.000332478
-0.000286292
-0.000249982
-0.000211987
-0.000165772
-0.000112787
-6.07432e-05
-1.84439e-05
9.10729e-06
2.22576e-05
2.49623e-05
2.19869e-05
1.70207e-05
1.21604e-05
8.23976e-06
5.37744e-06
3.41952e-06
2.12536e-06
1.29713e-06
7.75748e-07
4.66439e-07
2.5925e-07
1.59184e-07
6.312e-08
6.06992e-08
-0.296601
-0.300035
-0.304068
-0.30844
-0.312759
-0.315441
-0.314294
-0.306463
-0.289098
-0.261182
-0.224986
-0.184724
-0.144864
-0.108777
-0.0783756
-0.054224
-0.0359808
-0.0228099
-0.0136984
-0.00766421
-0.00386658
-0.0016271
-0.000420304
0.000128533
0.00027145
0.00018587
4.66381e-06
-0.000184093
-0.000341306
-0.000464089
-0.000562508
-0.000642156
-0.000699184
-0.000724061
-0.000708349
-0.000651222
-0.000563624
-0.00046628
-0.000380321
-0.000316981
-0.000274306
-0.000241455
-0.000206211
-0.000161668
-0.000109397
-5.75559e-05
-1.54015e-05
1.18278e-05
2.44785e-05
2.66227e-05
2.31402e-05
1.7778e-05
1.2639e-05
8.53518e-06
5.557e-06
3.5277e-06
2.19005e-06
1.33551e-06
7.98374e-07
4.79799e-07
2.66721e-07
1.63694e-07
6.51933e-08
6.24036e-08
-0.298688
-0.302026
-0.306086
-0.310612
-0.31523
-0.318304
-0.317561
-0.309991
-0.292541
-0.264091
-0.22702
-0.185759
-0.144981
-0.10818
-0.0773129
-0.0529201
-0.0346103
-0.0214904
-0.0124979
-0.00661371
-0.00297296
-0.00088266
0.000190694
0.000624381
0.000669735
0.000502774
0.00025535
1.42394e-05
-0.000183722
-0.000338499
-0.000462693
-0.000563605
-0.000638253
-0.000677349
-0.000672392
-0.000622658
-0.000539733
-0.000445477
-0.000362203
-0.000301895
-0.00026267
-0.000233198
-0.000200619
-0.00015768
-0.000106079
-5.44203e-05
-1.24041e-05
1.45054e-05
2.66597e-05
2.82491e-05
2.42667e-05
1.85156e-05
1.31039e-05
8.8215e-06
5.73068e-06
3.63219e-06
2.25246e-06
1.37249e-06
8.20161e-07
4.9267e-07
2.73905e-07
1.68027e-07
6.7197e-08
6.40571e-08
-0.300624
-0.303863
-0.307945
-0.31262
-0.317535
-0.321002
-0.320673
-0.313384
-0.295873
-0.266912
-0.228987
-0.186743
-0.145062
-0.107561
-0.0762383
-0.0516132
-0.0332438
-0.0201798
-0.0113092
-0.00557636
-0.00209264
-0.000150826
0.000790248
0.00111015
0.00105933
0.000812347
0.000499992
0.000207682
-3.00612e-05
-0.000216068
-0.000365445
-0.000487138
-0.000578986
-0.000631924
-0.000637397
-0.000594813
-0.000516413
-0.000425172
-0.000344546
-0.000287229
-0.000251387
-0.000225207
-0.000195205
-0.0001538
-0.000102827
-5.1333e-05
-9.45063e-06
1.714e-05
2.88008e-05
2.98412e-05
2.53662e-05
1.92335e-05
1.35552e-05
9.09882e-06
5.89858e-06
3.73306e-06
2.31265e-06
1.4081e-06
8.41132e-07
5.05063e-07
2.80812e-07
1.72187e-07
6.91333e-08
6.56605e-08
-0.302403
-0.305541
-0.309642
-0.314461
-0.319668
-0.323528
-0.32362
-0.316629
-0.299081
-0.269634
-0.230878
-0.187673
-0.145106
-0.106921
-0.0751541
-0.0503062
-0.0318839
-0.0188803
-0.0101341
-0.00455346
-0.00122655
0.000567738
0.00137791
0.00158553
0.00144004
0.00111447
0.000738524
0.000396203
0.000119656
-9.68148e-05
-0.000270779
-0.000412767
-0.000521387
-0.000587781
-0.000603357
-0.00056768
-0.000493662
-0.00040537
-0.000327358
-0.000272988
-0.00024046
-0.00021748
-0.000189963
-0.000150021
-9.96361e-05
-4.8291e-05
-6.54011e-06
1.97316e-05
3.09014e-05
3.13987e-05
2.64387e-05
1.99317e-05
1.39931e-05
9.36729e-06
6.06083e-06
3.83038e-06
2.37066e-06
1.44238e-06
8.61308e-07
5.16991e-07
2.87449e-07
1.76178e-07
7.10045e-08
6.7215e-08
-0.304021
-0.30706
-0.311177
-0.316135
-0.321628
-0.325878
-0.326395
-0.319716
-0.302154
-0.272246
-0.232686
-0.188544
-0.145113
-0.106259
-0.0740628
-0.0490017
-0.0305332
-0.0175941
-0.0089742
-0.00354628
-0.000375594
0.00127241
0.00195326
0.00205026
0.00181169
0.00140904
0.000970897
0.000579777
0.000265414
1.92447e-05
-0.000178709
-0.000340499
-0.000465457
-0.000544913
-0.000570261
-0.000541254
-0.00047148
-0.000386076
-0.000310646
-0.000259179
-0.000229889
-0.000210011
-0.000184884
-0.000146335
-9.65004e-05
-4.52916e-05
-3.67175e-06
2.22798e-05
3.29611e-05
3.29213e-05
2.74842e-05
2.06104e-05
1.44176e-05
9.62705e-06
6.21751e-06
3.92425e-06
2.42654e-06
1.47537e-06
8.8071e-07
5.28467e-07
2.93822e-07
1.80006e-07
7.28127e-08
6.87215e-08
-0.305479
-0.308422
-0.312554
-0.317646
-0.323417
-0.32805
-0.328993
-0.322638
-0.305082
-0.274741
-0.234404
-0.189352
-0.145082
-0.105579
-0.0729666
-0.0477023
-0.0291941
-0.0163231
-0.00783118
-0.00255601
0.000459366
0.00196261
0.00251591
0.00250408
0.00217412
0.00169597
0.00119707
0.000758386
0.000407201
0.000132099
-8.9247e-05
-0.000270341
-0.000411193
-0.000503311
-0.000538099
-0.000515526
-0.000449867
-0.000367294
-0.000294416
-0.000245806
-0.000219674
-0.000202796
-0.000179962
-0.000142736
-9.3415e-05
-4.23322e-05
-8.44975e-07
2.47844e-05
3.49794e-05
3.44089e-05
2.85026e-05
2.12697e-05
1.4829e-05
9.87821e-06
6.36874e-06
4.01472e-06
2.48036e-06
1.50708e-06
8.99358e-07
5.39502e-07
2.99939e-07
1.83675e-07
7.456e-08
7.01811e-08
-0.306781
-0.309633
-0.313779
-0.318998
-0.325038
-0.330046
-0.331414
-0.32539
-0.307858
-0.27711
-0.236028
-0.190096
-0.145011
-0.104881
-0.0718682
-0.0464108
-0.0278691
-0.0150695
-0.00670657
-0.0015838
0.00127755
0.00263781
0.00306553
0.00294677
0.0025272
0.0019752
0.00141701
0.000932021
0.000545013
0.000241744
-2.39712e-06
-0.000202294
-0.000358588
-0.000462965
-0.000506858
-0.000490489
-0.000428819
-0.000349028
-0.000278674
-0.000232871
-0.000209813
-0.000195829
-0.000175188
-0.000139216
-9.03757e-05
-3.9411e-05
1.94064e-06
2.72452e-05
3.69561e-05
3.58613e-05
2.9494e-05
2.19098e-05
1.52274e-05
1.0121e-05
6.51464e-06
4.10189e-06
2.53215e-06
1.53757e-06
9.17275e-07
5.50111e-07
3.05808e-07
1.8719e-07
7.62485e-08
7.15948e-08
-0.307934
-0.310701
-0.314859
-0.320201
-0.326499
-0.331872
-0.333659
-0.327971
-0.31048
-0.279349
-0.237552
-0.190772
-0.144903
-0.104168
-0.0707697
-0.0451297
-0.0265605
-0.0138351
-0.0056018
-0.000630651
0.00207826
0.00329757
0.00360184
0.00337818
0.00287085
0.00224668
0.00163071
0.00110069
0.000678853
0.000348178
8.18416e-05
-0.000136351
-0.000307632
-0.000423859
-0.000476527
-0.000466135
-0.000408336
-0.000331279
-0.00026342
-0.000220374
-0.000200302
-0.000189103
-0.000170557
-0.000135771
-8.73786e-05
-3.65263e-05
4.68545e-06
2.96621e-05
3.88912e-05
3.72788e-05
3.04588e-05
2.2531e-05
1.56131e-05
1.03555e-05
6.65538e-06
4.18587e-06
2.582e-06
1.56686e-06
9.34485e-07
5.60307e-07
3.11437e-07
1.90554e-07
7.78803e-08
7.29638e-08
-0.308947
-0.311635
-0.315806
-0.321264
-0.32781
-0.333535
-0.335732
-0.330382
-0.312944
-0.281456
-0.238975
-0.191381
-0.144756
-0.10344
-0.0696736
-0.0438613
-0.0252704
-0.0126217
-0.00451814
0.000302522
0.0028609
0.00394149
0.00412458
0.00379813
0.00320497
0.00251038
0.00183817
0.00126438
0.000808724
0.000451403
0.00016347
-7.25078e-05
-0.000258315
-0.000385982
-0.000447092
-0.000442457
-0.000388416
-0.000314048
-0.000248656
-0.000208313
-0.000191137
-0.000182613
-0.00016606
-0.000132393
-8.44205e-05
-3.36768e-05
7.38949e-06
3.20346e-05
4.07843e-05
3.86612e-05
3.13971e-05
2.31335e-05
1.59864e-05
1.05821e-05
6.79108e-06
4.26674e-06
2.62996e-06
1.595e-06
9.5101e-07
5.70103e-07
3.16833e-07
1.93774e-07
7.94576e-08
7.42891e-08
-0.309831
-0.312447
-0.316632
-0.322199
-0.328979
-0.335043
-0.33764
-0.332624
-0.315251
-0.283428
-0.240294
-0.191919
-0.144571
-0.102698
-0.0685814
-0.0426075
-0.0240005
-0.0114305
-0.00345673
0.00121485
0.0036248
0.00456909
0.0046334
0.00420639
0.00352939
0.00276617
0.0020393
0.00142306
0.000934582
0.000551379
0.000242456
-1.07843e-05
-0.000210644
-0.000349331
-0.00041855
-0.000419451
-0.000369059
-0.000297343
-0.000234392
-0.000196696
-0.000182319
-0.000176355
-0.000161692
-0.000129077
-8.14968e-05
-3.08611e-05
1.00513e-05
3.43598e-05
4.26319e-05
4.00054e-05
3.23063e-05
2.37156e-05
1.63461e-05
1.08e-05
6.92141e-06
4.34434e-06
2.67594e-06
1.62196e-06
9.66839e-07
5.79495e-07
3.21997e-07
1.9685e-07
8.09813e-08
7.55715e-08
-0.310599
-0.31315
-0.317347
-0.323018
-0.330019
-0.336406
-0.339389
-0.334702
-0.3174
-0.285262
-0.241506
-0.192386
-0.144347
-0.101944
-0.067494
-0.0413695
-0.0227521
-0.010263
-0.0024186
0.00210551
0.00436934
0.0051799
0.00512796
0.00460268
0.00384392
0.00301394
0.00223403
0.00157666
0.00105638
0.000648065
0.000318765
4.87955e-05
-0.000164629
-0.000313905
-0.000390894
-0.000397115
-0.00035027
-0.000281172
-0.00022064
-0.000185534
-0.000173854
-0.000170325
-0.000157445
-0.000125814
-7.86021e-05
-2.80782e-05
1.26679e-05
3.66321e-05
4.44277e-05
4.13053e-05
3.31818e-05
2.42739e-05
1.66901e-05
1.1008e-05
7.0456e-06
4.41825e-06
2.71976e-06
1.64763e-06
9.81931e-07
5.88467e-07
3.26921e-07
1.99782e-07
8.24517e-08
7.6811e-08
-0.311262
-0.313756
-0.317965
-0.323733
-0.330944
-0.337638
-0.340994
-0.336631
-0.319406
-0.286974
-0.242623
-0.19279
-0.144092
-0.101184
-0.0664176
-0.040152
-0.0215284
-0.00912065
-0.00140429
0.00297473
0.00509521
0.00577484
0.00560923
0.00498798
0.00414944
0.00325444
0.00242299
0.00172569
0.00117452
0.000741792
0.000392677
0.000106462
-0.000120093
-0.000279584
-0.000364055
-0.00037541
-0.000332019
-0.000265497
-0.000207346
-0.000174766
-0.000165691
-0.000164496
-0.000153311
-0.000122612
-7.57463e-05
-2.53316e-05
1.52461e-05
3.88667e-05
4.61909e-05
4.25803e-05
3.40396e-05
2.48204e-05
1.70264e-05
1.1211e-05
7.16662e-06
4.49014e-06
2.76227e-06
1.67248e-06
9.96512e-07
5.97128e-07
3.31656e-07
2.02593e-07
8.38763e-08
7.80088e-08
-0.311833
-0.314274
-0.318495
-0.324354
-0.331768
-0.338759
-0.342489
-0.33846
-0.32133
-0.288623
-0.243702
-0.19318
-0.143844
-0.100445
-0.0653712
-0.0389667
-0.0203351
-0.00800512
-0.00041248
0.00382563
0.0058064
0.00635807
0.00608118
0.00536587
0.00444909
0.00349027
0.00260821
0.00187173
0.0012903
0.000833651
0.000465119
0.000162971
-7.64834e-05
-0.000246019
-0.000337849
-0.000354238
-0.000314198
-0.000250143
-0.00019427
-0.000164145
-0.000157641
-0.000158774
)
;

boundaryField
{
    inlet
    {
        type            zeroGradient;
    }
    outlet
    {
        type            fixedValue;
        value           uniform 0;
    }
    cylinder
    {
        type            zeroGradient;
    }
    top
    {
        type            symmetryPlane;
    }
    bottom
    {
        type            symmetryPlane;
    }
    defaultFaces
    {
        type            empty;
    }
    procBoundary5to2
    {
        type            processor;
        value           nonuniform List<scalar> 3(-0.265292 -0.26835 -0.271373);
    }
    procBoundary5to3
    {
        type            processor;
        value           nonuniform List<scalar> 
64
(
-0.266911
-0.270927
-0.274353
-0.27693
-0.278213
-0.27727
-0.272874
-0.26366
-0.248502
-0.227136
-0.200719
-0.17141
-0.14168
-0.113642
-0.088746
-0.0677109
-0.0506636
-0.0373274
-0.027203
-0.019711
-0.0142903
-0.0104425
-0.0077508
-0.00588897
-0.00461274
-0.00373767
-0.00312367
-0.002672
-0.00232294
-0.00204535
-0.00182181
-0.00163726
-0.00147548
-0.00132209
-0.00116874
-0.00101438
-0.000863983
-0.000725768
-0.00060646
-0.000507159
-0.000423623
-0.000349826
-0.000280948
-0.000214732
-0.000152023
-9.62944e-05
-5.16714e-05
-2.04729e-05
-2.03832e-06
6.57891e-06
9.02397e-06
8.36979e-06
6.60787e-06
4.7656e-06
3.24089e-06
2.12082e-06
1.3434e-06
8.2981e-07
4.99305e-07
3.03389e-07
1.67328e-07
1.03389e-07
3.81409e-08
4.06624e-08
)
;
    }
    procBoundary5to4
    {
        type            processor;
        value           nonuniform List<scalar> 
20
(
-0.274354
-0.277286
-0.28016
-0.282964
-0.285686
-0.288312
-0.290828
-0.293219
-0.295474
-0.297578
-0.299525
-0.301307
-0.302922
-0.304372
-0.305662
-0.3068
-0.307797
-0.308664
-0.309415
-0.310065
)
;
    }
    procBoundary5to7
    {
        type            processor;
        value           nonuniform List<scalar> 
65
(
-0.000149293
-0.000119522
-7.29806e-05
-2.26342e-05
1.78222e-05
4.11389e-05
4.80146e-05
4.39206e-05
3.49551e-05
2.54107e-05
1.73921e-05
1.14322e-05
7.29766e-06
4.56738e-06
2.80725e-06
1.69864e-06
1.01159e-06
6.05907e-07
3.36414e-07
2.05368e-07
8.51974e-08
7.90483e-08
-0.312324
-0.314717
-0.318948
-0.324893
-0.3325
-0.339773
-0.343865
-0.340172
-0.323146
-0.290183
-0.244712
-0.193524
-0.143571
-0.0996997
-0.0643302
-0.0377949
-0.01916
-0.0069099
0.00055877
0.00465718
0.00650014
0.00692601
0.00654005
0.00573276
0.00473961
0.00371859
0.00278732
0.00201289
0.00140223
0.000922504
0.000535189
0.000217592
-3.43692e-05
-0.000213616
-0.000312517
-0.000333707
-0.000296847
-0.000235145
-0.000181482
-0.000153769
-0.000149806
-0.000149293
-0.000153236
)
;
    }
}


// ************************************************************************* //
