/*--------------------------------*- C++ -*----------------------------------*\
  =========                 |
  \\      /  F ield         | OpenFOAM: The Open Source CFD Toolbox
   \\    /   O peration     | Website:  https://openfoam.org
    \\  /    A nd           | Version:  7
     \\/     M anipulation  |
\*---------------------------------------------------------------------------*/
FoamFile
{
    version     2.0;
    format      ascii;
    class       volVectorField;
    location    "31";
    object      U;
}
// * * * * * * * * * * * * * * * * * * * * * * * * * * * * * * * * * * * * * //

dimensions      [0 1 -1 0 0 0 0];

internalField   nonuniform List<vector> 
1062
(
(0.446158 0.00978756 -8.39686e-21)
(0.479796 0.00921222 5.10521e-21)
(0.511515 0.0086739 1.50426e-21)
(0.541434 0.00817032 -3.08913e-21)
(0.569665 0.00769913 -3.62513e-21)
(0.596314 0.00725818 -8.56396e-21)
(0.446158 -0.00978191 3.64925e-21)
(0.479796 -0.0092068 -4.4872e-21)
(0.511515 -0.00866872 -8.57492e-21)
(0.541434 -0.00816537 2.23517e-21)
(0.569665 -0.0076944 5.91072e-21)
(0.596314 -0.00725366 1.3102e-20)
(0.621478 -0.00684143 1.10397e-21)
(0.645245 -0.00645527 9.57868e-22)
(0.667711 -0.00609032 6.29755e-21)
(0.44683 -0.0293383 9.21206e-21)
(0.480424 -0.0276137 -1.50571e-20)
(0.512101 -0.0260001 1.24653e-20)
(0.541982 -0.0244906 4.60752e-21)
(0.570177 -0.0230782 2.40685e-20)
(0.596792 -0.0217565 -3.47362e-20)
(0.621924 -0.0205202 -1.03107e-21)
(0.645665 -0.0193621 1.08456e-20)
(0.668103 -0.0182676 1.08627e-21)
(0.448173 -0.0488554 -2.30215e-20)
(0.481678 -0.0459842 5.3788e-21)
(0.513272 -0.0432977 -1.97651e-20)
(0.543076 -0.0407845 1.54449e-20)
(0.571199 -0.0384329 -4.2803e-20)
(0.597747 -0.0362322 9.20182e-21)
(0.622818 -0.0341738 -1.66717e-20)
(0.646504 -0.0322452 2.84162e-20)
(0.668886 -0.0304229 1.02134e-20)
(0.450185 -0.0683073 -5.95774e-21)
(0.483556 -0.0642941 3.97636e-20)
(0.515027 -0.0605391 1.1545e-21)
(0.544715 -0.0570262 -9.62263e-21)
(0.572731 -0.0537391 7.21272e-20)
(0.599178 -0.0506629 5.50054e-20)
(0.624156 -0.0477854 -5.64366e-21)
(0.647762 -0.045089 7.48939e-21)
(0.670058 -0.0425417 -2.97109e-20)
(0.452862 -0.0876678 1.01021e-21)
(0.486056 -0.0825194 -2.85586e-20)
(0.517361 -0.0777019 4.76788e-20)
(0.546896 -0.0731949 -2.02886e-20)
(0.574769 -0.0689775 -4.51581e-20)
(0.601082 -0.0650306 -1.04462e-20)
(0.625936 -0.0613384 5.29007e-21)
(0.649435 -0.0578778 -2.60186e-20)
(0.671619 -0.0546095 2.29079e-20)
(0.456201 -0.106911 -1.5089e-20)
(0.489173 -0.100636 1.08085e-20)
(0.520272 -0.0947639 -7.79819e-20)
(0.549615 -0.0892701 2.65132e-20)
(0.577311 -0.084129 -2.05876e-20)
(0.603458 -0.0793175 -1.47389e-20)
(0.628157 -0.0748163 -2.94446e-20)
(0.651522 -0.070596 -8.04206e-20)
(0.673566 -0.0666118 -3.77624e-20)
(0.460194 -0.126012 2.54872e-20)
(0.492902 -0.11862 9.22897e-21)
(0.523755 -0.111703 2.32103e-20)
(0.552869 -0.105231 -2.17558e-20)
(0.580352 -0.0991746 1.08607e-19)
(0.6063 -0.093506 -9.41956e-21)
(0.630815 -0.0882025 4.68989e-20)
(0.65402 -0.0832284 5.95875e-20)
(0.675897 -0.0785344 7.97522e-20)
(0.464837 -0.144945 -9.55526e-21)
(0.497237 -0.136449 8.62552e-21)
(0.527804 -0.128498 3.9147e-21)
(0.556652 -0.121058 -3.1391e-20)
(0.583888 -0.114096 7.81001e-20)
(0.609604 -0.107579 -2.69582e-20)
(0.633904 -0.101481 1.90598e-20)
(0.656923 -0.0957596 3.97828e-20)
(0.678607 -0.090363 -3.30769e-20)
(0.502171 -0.154099 -2.87451e-20)
(0.532413 -0.145127 -1.64247e-19)
(0.560959 -0.136731 1.21756e-19)
(0.587913 -0.128873 -6.48659e-20)
(0.613366 -0.121518 -1.60182e-20)
(0.637422 -0.114636 -3.60223e-20)
(0.660229 -0.108175 -2.29964e-20)
(0.681693 -0.102084 5.30933e-20)
(0.507696 -0.171547 2.26148e-20)
(0.537573 -0.161569 1.27384e-19)
(0.565781 -0.152231 -2.21715e-19)
(0.59242 -0.14349 1.15848e-19)
(0.617579 -0.135308 -9.12344e-20)
(0.641362 -0.127651 -1.94975e-20)
(0.663932 -0.120459 7.08637e-20)
(0.68515 -0.113682 -5.64241e-20)
(0.513802 -0.188771 -9.19284e-20)
(0.543278 -0.177802 1.18993e-19)
(0.571112 -0.167537 6.4452e-20)
(0.597404 -0.157927 -1.26718e-19)
(0.622238 -0.148931 6.71984e-20)
(0.645718 -0.14051 -6.27526e-20)
(0.668026 -0.132597 -1.0159e-20)
(0.688974 -0.125146 -1.02374e-19)
(0.520481 -0.205749 8.02885e-20)
(0.549517 -0.193808 -1.28858e-19)
(0.576943 -0.182631 -9.99425e-21)
(0.602855 -0.172167 9.94399e-20)
(0.627334 -0.162371 1.62645e-20)
(0.650484 -0.1532 9.54762e-20)
(0.672504 -0.144576 -9.4254e-20)
(0.693159 -0.13646 9.06815e-20)
(0.52772 -0.22246 1.86038e-20)
(0.556281 -0.209565 6.17118e-22)
(0.583265 -0.197495 9.49191e-20)
(0.608766 -0.186193 -1.36378e-20)
(0.63286 -0.175611 -1.1538e-19)
(0.655653 -0.165704 -2.60925e-20)
(0.677361 -0.156381 1.78724e-20)
(0.697699 -0.147613 5.25246e-20)
(0.535508 -0.238881 -3.70845e-20)
(0.563558 -0.225055 -1.11389e-20)
(0.590067 -0.21211 7.30228e-20)
(0.615127 -0.199988 -6.78027e-20)
(0.638807 -0.188637 8.99162e-20)
(0.661216 -0.178008 -6.87513e-20)
(0.682589 -0.167999 1.24602e-20)
(0.702588 -0.15859 -8.15812e-20)
(0.543833 -0.254994 1.04202e-19)
(0.571337 -0.240257 -3.4186e-20)
(0.597339 -0.226459 -9.91006e-20)
(0.621927 -0.213535 1.38041e-19)
(0.645167 -0.201433 -4.43466e-20)
(0.667165 -0.190099 8.03518e-21)
(0.688179 -0.179416 5.98738e-20)
(0.707819 -0.169381 1.10906e-19)
(0.579606 -0.255155 -2.16903e-19)
(0.60507 -0.240524 5.51508e-21)
(0.629158 -0.22682 -7.16199e-20)
(0.651929 -0.213985 3.48477e-20)
(0.673491 -0.201962 -4.65185e-21)
(0.694124 -0.19062 -8.61041e-20)
(0.713384 -0.179971 -1.98216e-19)
(0.588351 -0.26973 6.16587e-20)
(0.613247 -0.25429 1.00267e-19)
(0.636807 -0.239826 -1.9661e-19)
(0.659084 -0.226278 -5.83728e-21)
(0.680185 -0.213583 -9.70311e-20)
(0.700415 -0.201598 3.69514e-20)
(0.719275 -0.190351 1.84497e-19)
(0.597558 -0.283965 -3.54392e-20)
(0.621858 -0.267741 -2.85203e-19)
(0.644862 -0.252539 3.15181e-22)
(0.66662 -0.238298 1.40789e-19)
(0.687236 -0.224952 1.39315e-19)
(0.707042 -0.212338 1.19313e-19)
(0.725486 -0.200507 -1.12689e-19)
(0.607213 -0.297844 2.34449e-20)
(0.630888 -0.280861 2.90718e-19)
(0.653311 -0.264944 1.30734e-19)
(0.674526 -0.250032 -1.58319e-19)
(0.694635 -0.236054 -5.8194e-20)
(0.713996 -0.222829 7.8129e-20)
(0.732006 -0.210429 4.52631e-20)
(0.6173 -0.31135 1.94593e-19)
(0.640323 -0.293635 -1.21646e-19)
(0.662142 -0.277029 -1.7917e-19)
(0.682791 -0.261468 -6.36441e-20)
(0.702371 -0.246879 1.27166e-20)
(0.721266 -0.23306 -1.15209e-19)
(0.738827 -0.220107 1.24459e-19)
(0.65015 -0.306049 -4.68493e-21)
(0.67134 -0.288779 7.87776e-20)
(0.691401 -0.272594 3.71784e-19)
(0.710431 -0.257415 -3.36456e-20)
(0.728843 -0.24302 -1.14852e-19)
(0.745941 -0.22953 -2.14426e-20)
(0.660352 -0.318092 -1.9272e-19)
(0.680891 -0.300184 1.26588e-19)
(0.700344 -0.283397 -1.03807e-19)
(0.718805 -0.267651 -1.0486e-19)
(0.736715 -0.2527 2.79764e-20)
(0.753336 -0.238688 -5.43945e-20)
(0.670913 -0.329749 2.68146e-19)
(0.690781 -0.311231 -1.24772e-19)
(0.709607 -0.293869 5.97044e-20)
(0.72748 -0.277579 1.42415e-19)
(0.74487 -0.26209 9.58052e-20)
(0.761005 -0.247572 3.62633e-20)
(0.681818 -0.34101 -7.35372e-20)
(0.700995 -0.32191 3.7064e-20)
(0.719176 -0.303998 -2.3391e-19)
(0.736444 -0.287188 4.41116e-20)
(0.753299 -0.271182 -1.16512e-19)
(0.768936 -0.256175 4.55597e-20)
(0.711517 -0.332211 1.49536e-19)
(0.729037 -0.313776 1.40109e-19)
(0.745684 -0.29647 -1.00442e-22)
(0.761989 -0.279968 -1.07349e-19)
(0.777121 -0.264486 6.74488e-20)
(0.722332 -0.342124 -1.43938e-19)
(0.739175 -0.323193 -1.27122e-19)
(0.755187 -0.305418 -9.75174e-20)
(0.770928 -0.288441 -5.33097e-20)
(0.785548 -0.272501 4.09104e-20)
(0.733422 -0.351641 -6.77196e-20)
(0.749575 -0.332244 1.5873e-19)
(0.76494 -0.314024 -5.08243e-20)
(0.780105 -0.296595 1.74644e-19)
(0.794208 -0.280211 -1.07003e-19)
(0.760223 -0.34092 -2.97661e-20)
(0.774929 -0.322283 -3.03961e-20)
(0.789507 -0.304423 6.90596e-20)
(0.80309 -0.287611 -7.19456e-20)
(0.771102 -0.349215 -3.0174e-20)
(0.78514 -0.330189 1.32937e-19)
(0.799123 -0.311923 1.09272e-19)
(0.812185 -0.294696 -7.70406e-22)
(0.782197 -0.357126 6.82973e-20)
(0.795558 -0.337738 -8.81546e-20)
(0.808939 -0.319091 -6.17964e-20)
(0.821483 -0.301463 2.37465e-19)
(0.80617 -0.344928 -1.57309e-19)
(0.818943 -0.325924 1.19131e-19)
(0.830974 -0.307909 -3.86782e-19)
(0.816959 -0.351757 -5.05847e-20)
(0.829122 -0.332423 5.96143e-20)
(0.84065 -0.314034 9.40738e-20)
(0.827909 -0.358222 1.32352e-19)
(0.839463 -0.338588 -1.37911e-19)
(0.850502 -0.31984 1.56396e-19)
(0.849949 -0.344423 -3.28636e-20)
(0.860521 -0.325333 8.09883e-20)
(0.860564 -0.349932 1.49224e-19)
(0.870698 -0.330522 -1.81609e-19)
(0.881022 -0.335423 1.50673e-19)
(0.891483 -0.340059 -1.93169e-20)
(0.908559 -0.160781 3.23351e-21)
(0.904738 -0.178704 2.11063e-21)
(0.901699 -0.198054 -6.08921e-21)
(0.900296 -0.218473 8.1647e-21)
(0.899825 -0.240434 -2.69225e-20)
(0.902219 -0.262778 1.99006e-20)
(0.905035 -0.28746 3.74833e-21)
(0.913369 -0.309958 1.95362e-21)
(0.920867 -0.341802 -1.5953e-20)
(0.905111 -0.157331 2.53782e-20)
(0.900672 -0.17501 -1.15308e-20)
(0.896959 -0.194164 2.40562e-21)
(0.894764 -0.214421 -2.71185e-20)
(0.893479 -0.236335 2.54856e-20)
(0.894852 -0.258672 -1.21379e-22)
(0.896759 -0.283584 -2.90842e-20)
(0.903514 -0.306325 2.07743e-20)
(0.910338 -0.337868 5.3875e-22)
(0.901998 -0.153617 -1.97538e-20)
(0.896989 -0.171012 1.17039e-20)
(0.892636 -0.189921 1.45832e-20)
(0.889695 -0.209966 -9.49707e-21)
(0.887605 -0.231759 8.76902e-21)
(0.887997 -0.254035 1.29159e-20)
(0.888958 -0.279001 -3.04156e-20)
(0.894275 -0.301954 1.06806e-20)
(0.900108 -0.333113 -5.96593e-21)
(0.899132 -0.150005 -1.62552e-20)
(0.893583 -0.167106 3.56207e-22)
(0.888615 -0.18575 -1.02858e-21)
(0.884955 -0.205556 2.74224e-22)
(0.882071 -0.227178 -1.46621e-20)
(0.8815 -0.249349 1.50831e-20)
(0.881499 -0.274263 2.83117e-22)
(0.885459 -0.29742 4.65171e-21)
(0.890149 -0.328308 1.42829e-21)
(0.896452 -0.146385 8.85688e-21)
(0.890385 -0.163182 1.05807e-20)
(0.884821 -0.181544 -3.16521e-20)
(0.880459 -0.201092 2.67227e-20)
(0.876792 -0.222507 1.8467e-20)
(0.875271 -0.244548 -4.26017e-21)
(0.874299 -0.269352 1.47294e-20)
(0.876956 -0.292675 -3.72645e-20)
(0.880435 -0.323368 1.54551e-21)
(0.893921 -0.142715 1.78661e-20)
(0.887353 -0.159196 -1.25896e-20)
(0.881207 -0.177258 -2.59381e-20)
(0.876157 -0.19653 1.65355e-20)
(0.871719 -0.217705 3.35409e-21)
(0.869259 -0.239589 9.48101e-21)
(0.867312 -0.264232 -4.65415e-20)
(0.868707 -0.287664 1.88239e-20)
(0.870943 -0.318195 2.28194e-20)
(0.891513 -0.139005 -4.45669e-21)
(0.884456 -0.155158 -1.37503e-20)
(0.877744 -0.172901 1.17972e-20)
(0.872017 -0.191877 -2.8807e-21)
(0.86682 -0.212779 -1.50664e-20)
(0.863433 -0.234475 2.70492e-20)
(0.860513 -0.258913 1.09003e-20)
(0.860678 -0.282389 -2.02307e-20)
(0.861657 -0.312768 2.37465e-20)
(0.881677 -0.151073 2.05997e-20)
(0.874411 -0.168479 2.34577e-21)
(0.868021 -0.187139 -3.79483e-20)
(0.862076 -0.207737 1.36188e-20)
(0.857779 -0.229212 4.89607e-22)
(0.853888 -0.253403 -2.91703e-20)
(0.85285 -0.276859 1.94826e-20)
(0.852569 -0.307073 -1.12787e-20)
(0.879003 -0.146942 3.83359e-20)
(0.871197 -0.163994 -5.56545e-20)
(0.864156 -0.182317 3.38072e-20)
(0.857478 -0.202582 -2.12898e-20)
(0.852286 -0.223801 4.33232e-20)
(0.847431 -0.247707 -1.23484e-20)
(0.845212 -0.27108 -3.40748e-20)
(0.843676 -0.301101 2.95354e-21)
(0.876425 -0.142765 4.97432e-21)
(0.868092 -0.159447 3.70425e-20)
(0.860415 -0.177413 -2.55345e-20)
(0.853016 -0.197315 2.15812e-20)
(0.846948 -0.218244 -3.52505e-20)
(0.841139 -0.241829 -1.53812e-21)
(0.83776 -0.265057 3.85515e-20)
(0.834977 -0.294845 2.66081e-20)
(0.873937 -0.138545 1.06309e-20)
(0.865091 -0.154839 3.42945e-21)
(0.856793 -0.172429 8.83164e-21)
(0.848688 -0.191941 -2.00308e-20)
(0.841763 -0.212544 1.92837e-20)
(0.835013 -0.235773 -7.03756e-20)
(0.830492 -0.258797 4.32577e-20)
(0.826474 -0.288304 -2.06323e-20)
(0.871536 -0.134281 1.11331e-20)
(0.862191 -0.150171 4.49226e-21)
(0.853287 -0.167365 -2.76768e-20)
(0.844492 -0.186463 -2.73816e-20)
(0.836729 -0.206705 1.34857e-20)
(0.829054 -0.229541 -1.3987e-20)
(0.82341 -0.252307 5.0388e-20)
(0.818172 -0.281481 -4.31398e-20)
(0.869219 -0.129974 4.34544e-21)
(0.859388 -0.145446 -9.06908e-21)
(0.849895 -0.162224 1.73474e-20)
(0.840426 -0.180883 -6.75607e-21)
(0.831846 -0.20073 -2.4555e-21)
(0.823264 -0.223139 -1.18806e-20)
(0.816518 -0.245594 5.09978e-20)
(0.810074 -0.274377 -3.92186e-21)
(0.866984 -0.125627 3.11588e-20)
(0.856682 -0.140665 -9.04204e-21)
(0.846617 -0.157008 -1.06528e-21)
(0.836491 -0.175204 -1.31186e-20)
(0.827115 -0.194623 1.72097e-21)
(0.817644 -0.216569 -4.04036e-21)
(0.809818 -0.238662 -1.06028e-20)
(0.802188 -0.266999 -6.87954e-21)
(0.86483 -0.121239 -1.06233e-20)
(0.854071 -0.135829 2.69705e-21)
(0.843451 -0.151719 2.81926e-20)
(0.832686 -0.169429 -5.88345e-22)
(0.822536 -0.188389 -1.94205e-20)
(0.812198 -0.209837 2.47695e-20)
(0.803315 -0.231519 8.55076e-21)
(0.794519 -0.25935 -1.3658e-20)
(0.851555 -0.130941 1.53195e-20)
(0.840398 -0.14636 1.4476e-20)
(0.829014 -0.163561 2.12929e-20)
(0.818111 -0.182031 -3.37743e-20)
(0.806928 -0.202946 3.09769e-20)
(0.797013 -0.224171 -3.52916e-20)
(0.787075 -0.251438 6.85519e-20)
(0.849135 -0.126002 -9.57992e-21)
(0.837458 -0.140932 3.23747e-20)
(0.825473 -0.157604 -1.56499e-20)
(0.813841 -0.175553 -6.20037e-20)
(0.801839 -0.195901 4.5376e-20)
(0.790918 -0.216623 2.17155e-20)
(0.779862 -0.243269 -5.42852e-20)
(0.846809 -0.121015 -5.27985e-21)
(0.834632 -0.135437 -1.27657e-20)
(0.822067 -0.151559 1.01514e-21)
(0.809729 -0.168959 1.38236e-20)
(0.796932 -0.188707 5.93968e-21)
(0.785035 -0.208883 -3.33509e-20)
(0.772888 -0.23485 1.14296e-20)
(0.844579 -0.115979 -1.32671e-20)
(0.83192 -0.129879 3.44438e-20)
(0.818796 -0.145431 -4.90855e-21)
(0.805778 -0.162255 -1.43963e-20)
(0.792211 -0.181369 4.26708e-21)
(0.779367 -0.200957 -1.16249e-20)
(0.766159 -0.22619 -4.40673e-21)
(0.842444 -0.110899 -3.16997e-20)
(0.829323 -0.12426 1.81258e-20)
(0.815662 -0.139223 6.41899e-21)
(0.801987 -0.155443 -4.74803e-20)
(0.78768 -0.173892 5.57095e-20)
(0.773921 -0.192852 6.96588e-21)
(0.759684 -0.217296 -2.87944e-20)
(0.840406 -0.105775 1.45801e-20)
(0.826842 -0.118582 1.70691e-20)
(0.812665 -0.132937 -2.37245e-20)
(0.798361 -0.148529 2.77376e-20)
(0.783341 -0.166282 -2.0823e-20)
(0.768701 -0.184575 -4.0142e-20)
(0.753468 -0.208178 1.60074e-21)
(0.838465 -0.100609 5.47006e-21)
(0.824478 -0.112847 5.98383e-21)
(0.809808 -0.126577 -2.10248e-20)
(0.794901 -0.141517 1.79524e-20)
(0.779197 -0.158544 1.17189e-20)
(0.763711 -0.176132 9.58263e-21)
(0.747519 -0.198844 -5.86051e-20)
(0.836622 -0.0954028 1.46342e-20)
(0.822231 -0.107059 -1.18916e-20)
(0.807092 -0.120146 -7.37042e-21)
(0.79161 -0.134411 2.82049e-21)
(0.775253 -0.150685 2.30368e-20)
(0.758956 -0.167532 -2.52749e-20)
(0.741843 -0.189304 2.93085e-20)
(0.834876 -0.0901589 -1.60818e-20)
(0.820103 -0.10122 -1.40301e-20)
(0.804518 -0.113648 -8.54037e-21)
(0.788489 -0.127217 2.87869e-20)
(0.771509 -0.142709 -1.10119e-20)
(0.75444 -0.158781 -7.30616e-21)
(0.736447 -0.179567 2.39824e-21)
(0.83323 -0.0848791 4.34012e-21)
(0.818095 -0.0953325 1.40918e-20)
(0.802087 -0.107086 -1.26319e-20)
(0.78554 -0.119938 1.11241e-20)
(0.76797 -0.134624 -1.6253e-20)
(0.750168 -0.149888 2.78483e-20)
(0.731335 -0.169643 -1.61029e-20)
(0.816208 -0.0893993 -2.40391e-22)
(0.799802 -0.100464 1.54871e-20)
(0.782765 -0.112579 -6.2149e-22)
(0.764639 -0.126434 -3.83914e-21)
(0.746143 -0.14086 -3.12048e-20)
(0.726515 -0.159542 3.24755e-20)
(0.814442 -0.0834232 -5.80288e-21)
(0.797663 -0.0937858 -7.40687e-21)
(0.780167 -0.105145 5.53163e-21)
(0.761517 -0.118146 -1.84465e-20)
(0.74237 -0.131705 1.82694e-20)
(0.721991 -0.149275 -6.99667e-21)
(0.812798 -0.077407 -3.26673e-21)
(0.795671 -0.0870542 -2.10116e-20)
(0.777746 -0.0976416 3.4437e-20)
(0.758607 -0.109767 -3.70627e-20)
(0.738851 -0.122432 1.02232e-20)
(0.717769 -0.138852 3.27076e-20)
(0.811277 -0.0713535 -1.59586e-21)
(0.793827 -0.0802734 -1.06122e-20)
(0.775506 -0.0900728 1.51081e-20)
(0.755912 -0.101303 -4.21429e-20)
(0.735589 -0.113049 3.33625e-20)
(0.713852 -0.128285 -1.13202e-20)
(0.80988 -0.0652654 1.27056e-20)
(0.792133 -0.073447 1.37418e-20)
(0.773446 -0.0824438 -1.06561e-20)
(0.753433 -0.09276 -3.03775e-21)
(0.732589 -0.103563 -6.58507e-21)
(0.710247 -0.117583 3.79376e-20)
(0.808608 -0.0591458 -1.86273e-20)
(0.79059 -0.0665789 9.34447e-21)
(0.771569 -0.0747596 9.65143e-22)
(0.751174 -0.084145 -2.0314e-20)
(0.729853 -0.0939842 7.06684e-21)
(0.706956 -0.106759 -2.52e-20)
(0.807461 -0.0529974 -2.11106e-21)
(0.789199 -0.0596729 -7.79882e-21)
(0.769875 -0.0670254 1.26587e-21)
(0.749135 -0.0754646 1.67896e-20)
(0.727382 -0.0843204 -1.1587e-20)
(0.703984 -0.0958226 -5.98278e-21)
(0.80644 -0.0468233 -6.87154e-21)
(0.78796 -0.052733 1.81125e-20)
(0.768367 -0.0592463 -8.70371e-21)
(0.747318 -0.0667253 -3.71748e-21)
(0.725181 -0.0745804 -4.04756e-21)
(0.701333 -0.0847863 -3.52558e-21)
(0.805545 -0.0406263 -1.16041e-21)
(0.786874 -0.0457629 4.38414e-21)
(0.767045 -0.0514274 -1.40167e-20)
(0.745725 -0.0579341 5.04484e-22)
(0.72325 -0.0647731 6.28277e-21)
(0.699007 -0.0736614 9.93124e-21)
(0.804778 -0.0344096 -6.70056e-21)
(0.785942 -0.0387666 1.26177e-20)
(0.76591 -0.0435739 -1.4976e-20)
(0.744357 -0.0490976 1.06283e-20)
(0.721591 -0.0549071 5.22566e-21)
(0.697009 -0.0624595 -1.67364e-20)
(0.804137 -0.028176 -1.05844e-21)
(0.785164 -0.0317482 1.25815e-22)
(0.764963 -0.0356912 -2.34679e-21)
(0.743215 -0.0402229 1.81852e-21)
(0.720207 -0.0449916 1.45505e-20)
(0.69534 -0.0511922 -1.06396e-20)
(0.803624 -0.0219287 2.02686e-21)
(0.784541 -0.0247116 5.77037e-21)
(0.764205 -0.0277844 -4.56585e-21)
(0.742301 -0.0313167 6.11692e-21)
(0.719098 -0.0350353 -5.22359e-21)
(0.694003 -0.0398714 -5.39821e-21)
(0.80324 -0.0156706 4.4065e-21)
(0.784074 -0.0176609 -1.88621e-21)
(0.763635 -0.0198589 -2.4604e-21)
(0.741614 -0.0223861 6.17146e-21)
(0.718265 -0.0250474 -3.96993e-21)
(0.692998 -0.0285088 9.65093e-22)
(0.802983 -0.00940491 1.89025e-21)
(0.783762 -0.0106 -2.76685e-21)
(0.763256 -0.0119201 -2.42435e-22)
(0.741156 -0.013438 -4.18975e-21)
(0.71771 -0.0150368 4.36326e-21)
(0.692328 -0.0171165 -2.65011e-21)
(0.802855 -0.00313458 2.58656e-22)
(0.783606 -0.00353305 -1.53957e-21)
(0.763066 -0.00397323 -5.59653e-22)
(0.740927 -0.00447941 1.98019e-21)
(0.717432 -0.00501262 3.75034e-23)
(0.691993 -0.00570625 -2.06605e-21)
(1.05786 -0.00223585 0)
(1.06126 -0.00229193 0)
(1.06457 -0.00234209 0)
(1.06779 -0.00238853 0)
(1.07092 -0.00242851 0)
(1.07395 -0.0024671 0)
(1.07688 -0.00249676 0)
(1.07971 -0.00253098 0)
(1.08244 -0.00254714 0)
(1.05787 -0.00666033 0)
(1.06127 -0.00682775 0)
(1.06459 -0.00697756 0)
(1.06782 -0.0071162 0)
(1.07096 -0.00723567 0)
(1.074 -0.00735083 0)
(1.07693 -0.00743969 0)
(1.07977 -0.00754147 0)
(1.0825 -0.00759082 0)
(1.05787 -0.0109953 0)
(1.06129 -0.0112729 0)
(1.06462 -0.0115214 0)
(1.06787 -0.0117513 0)
(1.07102 -0.0119496 0)
(1.07408 -0.0121407 0)
(1.07703 -0.0122882 0)
(1.07989 -0.0124571 0)
(1.08263 -0.0125391 0)
(1.05788 -0.0152503 0)
(1.06131 -0.0156378 0)
(1.06467 -0.0159847 0)
(1.06794 -0.0163059 0)
(1.07111 -0.0165828 0)
(1.07419 -0.0168499 0)
(1.07717 -0.017056 0)
(1.08005 -0.0172922 0)
(1.08281 -0.0174068 0)
(1.05788 -0.0194339 0)
(1.06134 -0.0199318 0)
(1.06472 -0.0203776 0)
(1.06802 -0.0207906 0)
(1.07122 -0.0211467 0)
(1.07433 -0.0214904 0)
(1.07734 -0.0217555 0)
(1.08025 -0.0220597 0)
(1.08304 -0.0222071 0)
(1.05787 -0.0235536 0)
(1.06136 -0.024163 0)
(1.06478 -0.0247089 0)
(1.06811 -0.025215 0)
(1.07135 -0.0256513 0)
(1.07449 -0.0260727 0)
(1.07753 -0.0263977 0)
(1.08048 -0.0267711 0)
(1.08331 -0.0269516 0)
(1.05784 -0.0276159 0)
(1.06137 -0.0283387 0)
(1.06482 -0.0289865 0)
(1.0682 -0.0295873 0)
(1.07148 -0.0301055 0)
(1.07467 -0.0306063 0)
(1.07775 -0.0309925 0)
(1.08074 -0.0314366 0)
(1.08361 -0.0316509 0)
(1.05779 -0.0316264 0)
(1.06136 -0.0324651 0)
(1.06486 -0.0332171 0)
(1.06828 -0.0339151 0)
(1.07161 -0.0345172 0)
(1.07485 -0.0350996 0)
(1.07797 -0.0355486 0)
(1.08102 -0.0360655 0)
(1.08393 -0.0363145 0)
(1.05771 -0.0355901 0)
(1.06133 -0.0365477 0)
(1.06488 -0.0374069 0)
(1.06835 -0.0382049 0)
(1.07173 -0.0388936 0)
(1.07502 -0.0395602 0)
(1.0782 -0.040074 0)
(1.08131 -0.0406663 0)
(1.08427 -0.0409511 0)
(1.05759 -0.0395112 0)
(1.06126 -0.0405913 0)
(1.06486 -0.0415611 0)
(1.06839 -0.0424626 0)
(1.07183 -0.0432409 0)
(1.07518 -0.0439948 0)
(1.07842 -0.0445759 0)
(1.08159 -0.0452465 0)
(1.08461 -0.0455686 0)
(1.05744 -0.0433931 0)
(1.06116 -0.0445999 0)
(1.06482 -0.0456843 0)
(1.06841 -0.0466933 0)
(1.07191 -0.0475647 0)
(1.07533 -0.0484096 0)
(1.07863 -0.0490607 0)
(1.08187 -0.049813 0)
(1.08494 -0.0501739 0)
(1.05723 -0.0472387 0)
(1.06101 -0.048577 0)
(1.06473 -0.0497805 0)
(1.06838 -0.0509014 0)
(1.07195 -0.0518699 0)
(1.07544 -0.0528099 0)
(1.07881 -0.0535343 0)
(1.08213 -0.054372 0)
(1.08527 -0.0547737 0)
(1.05697 -0.0510504 0)
(1.06081 -0.0525254 0)
(1.06459 -0.053853 0)
(1.06832 -0.0550909 0)
(1.07195 -0.056161 0)
(1.07552 -0.0572005 0)
(1.07897 -0.0580018 0)
(1.08236 -0.0589293 0)
(1.08557 -0.0593739 0)
(1.05664 -0.0548298 0)
(1.06054 -0.0564473 0)
(1.06439 -0.0579047 0)
(1.06819 -0.059265 0)
(1.07191 -0.0604417 0)
(1.07555 -0.0615859 0)
(1.07908 -0.0624681 0)
(1.08256 -0.0634899 0)
(1.08585 -0.06398 0)
(1.05624 -0.0585783 0)
(1.06021 -0.0603447 0)
(1.06413 -0.0619379 0)
(1.06801 -0.0634266 0)
(1.0718 -0.0647155 0)
(1.07553 -0.0659698 0)
(1.07915 -0.0669374 0)
(1.08271 -0.0680588 0)
(1.08609 -0.068597 0)
(1.05577 -0.0622966 0)
(1.0598 -0.0642186 0)
(1.0638 -0.0659543 0)
(1.06775 -0.0675781 0)
(1.07163 -0.0689851 0)
(1.07545 -0.0703556 0)
(1.07915 -0.0714135 0)
(1.08282 -0.0726402 0)
(1.08629 -0.0732296 0)
(1.05521 -0.0659849 0)
(1.05931 -0.06807 0)
(1.06338 -0.0699553 0)
(1.06742 -0.0717214 0)
(1.07138 -0.073253 0)
(1.0753 -0.0747464 0)
(1.0791 -0.0759 0)
(1.08286 -0.0772381 0)
(1.08643 -0.0778821 0)
(1.05456 -0.0696431 0)
(1.05873 -0.0718992 0)
(1.06287 -0.0739419 0)
(1.067 -0.0758579 0)
(1.07106 -0.0775213 0)
(1.07507 -0.0791448 0)
(1.07897 -0.0803999 0)
(1.08284 -0.0818562 0)
(1.08651 -0.0825586 0)
(1.05381 -0.0732707 0)
(1.05805 -0.0757061 0)
(1.06227 -0.0779145 0)
(1.06649 -0.0799888 0)
(1.07064 -0.0817916 0)
(1.07476 -0.083553 0)
(1.07876 -0.084916 0)
(1.08274 -0.0864978 0)
(1.08651 -0.0872628 0)
(1.05296 -0.0768665 0)
(1.05726 -0.0794903 0)
(1.06157 -0.0818731 0)
(1.06587 -0.0841146 0)
(1.07012 -0.0860652 0)
(1.07435 -0.0879728 0)
(1.07846 -0.0894508 0)
(1.08255 -0.091166 0)
(1.08645 -0.0919982 0)
(1.052 -0.0804291 0)
(1.05637 -0.0832507 0)
(1.06076 -0.0858174 0)
(1.06515 -0.0882357 0)
(1.0695 -0.0903429 0)
(1.07383 -0.092406 0)
(1.07806 -0.0940064 0)
(1.08228 -0.0958636 0)
(1.08629 -0.096768 0)
(1.05092 -0.0839568 0)
(1.05536 -0.0869861 0)
(1.05982 -0.0897467 0)
(1.06431 -0.092352 0)
(1.06877 -0.0946254 0)
(1.07321 -0.0968536 0)
(1.07756 -0.0985848 0)
(1.0819 -0.100593 0)
(1.08605 -0.101575 0)
(1.04972 -0.0874472 0)
(1.05422 -0.0906948 0)
(1.05877 -0.0936598 0)
(1.06335 -0.0964629 0)
(1.06791 -0.0989128 0)
(1.07247 -0.101317 0)
(1.07694 -0.103187 0)
(1.08141 -0.105357 0)
(1.0857 -0.106423 0)
(1.0484 -0.0908978 0)
(1.05296 -0.0943745 0)
(1.05758 -0.0975551 0)
(1.06226 -0.100568 0)
(1.06693 -0.103205 0)
(1.0716 -0.105796 0)
(1.07621 -0.107816 0)
(1.08081 -0.110158 0)
(1.08524 -0.111314 0)
(1.04694 -0.0943055 0)
(1.05156 -0.0980227 0)
(1.05626 -0.101431 0)
(1.06103 -0.104665 0)
(1.06581 -0.107501 0)
(1.07061 -0.110291 0)
(1.07534 -0.11247 0)
(1.08008 -0.114996 0)
(1.08467 -0.116251 0)
(1.04535 -0.097667 0)
(1.05003 -0.101637 0)
(1.0548 -0.105284 0)
(1.05966 -0.108752 0)
(1.06455 -0.1118 0)
(1.06947 -0.114802 0)
(1.07434 -0.117153 0)
(1.07922 -0.119875 0)
(1.08397 -0.121235 0)
(1.04363 -0.100978 0)
(1.04834 -0.105213 0)
(1.05319 -0.109113 0)
(1.05813 -0.112829 0)
(1.06313 -0.116102 0)
(1.06818 -0.119329 0)
(1.0732 -0.121862 0)
(1.07822 -0.124794 0)
(1.08314 -0.12627 0)
(1.04175 -0.104236 0)
(1.04651 -0.108747 0)
(1.05142 -0.112913 0)
(1.05646 -0.116891 0)
(1.06157 -0.120403 0)
(1.06673 -0.123871 0)
(1.0719 -0.1266 0)
(1.07708 -0.129756 0)
(1.08217 -0.131356 0)
(1.03974 -0.107435 0)
(1.04453 -0.112236 0)
(1.0495 -0.116682 0)
(1.05461 -0.120937 0)
(1.05983 -0.124702 0)
(1.06513 -0.128426 0)
(1.07045 -0.131365 0)
(1.07577 -0.134761 0)
(1.08105 -0.136496 0)
(1.03757 -0.11057 0)
(1.04238 -0.115674 0)
(1.04741 -0.120414 0)
(1.0526 -0.124962 0)
(1.05793 -0.128997 0)
(1.06335 -0.132993 0)
(1.06882 -0.136157 0)
(1.0743 -0.13981 0)
(1.07978 -0.141691 0)
(1.03525 -0.113637 0)
(1.04008 -0.119057 0)
(1.04515 -0.124106 0)
(1.05042 -0.128962 0)
(1.05586 -0.133283 0)
(1.06139 -0.137569 0)
(1.06703 -0.140974 0)
(1.07266 -0.144902 0)
(1.07834 -0.146943 0)
(1.03278 -0.116629 0)
(1.03761 -0.12238 0)
(1.04273 -0.127752 0)
(1.04806 -0.132934 0)
(1.0536 -0.137558 0)
(1.05925 -0.142153 0)
(1.06505 -0.145816 0)
(1.07084 -0.150038 0)
(1.07674 -0.152252 0)
(1.03015 -0.119542 0)
(1.03498 -0.125636 0)
(1.04012 -0.131348 0)
(1.04551 -0.136872 0)
(1.05115 -0.141818 0)
(1.05692 -0.14674 0)
(1.06288 -0.15068 0)
(1.06883 -0.155216 0)
(1.07495 -0.157619 0)
(1.02737 -0.122369 0)
(1.03218 -0.128819 0)
(1.03734 -0.134886 0)
(1.04278 -0.140771 0)
(1.0485 -0.146057 0)
(1.05439 -0.151328 0)
(1.06051 -0.155563 0)
(1.06662 -0.160436 0)
(1.07297 -0.163043 0)
(1.02444 -0.125103 0)
(1.02921 -0.131923 0)
(1.03437 -0.138361 0)
(1.03985 -0.144625 0)
(1.04566 -0.15027 0)
(1.05166 -0.155911 0)
(1.05794 -0.160464 0)
(1.06421 -0.165697 0)
(1.0708 -0.168526 0)
(1.02135 -0.127739 0)
(1.02606 -0.134941 0)
(1.03122 -0.141766 0)
(1.03672 -0.148426 0)
(1.04261 -0.154452 0)
(1.04871 -0.160486 0)
(1.05515 -0.165377 0)
(1.06158 -0.170995 0)
(1.06842 -0.174067 0)
(1.01811 -0.130269 0)
(1.02275 -0.137866 0)
(1.02788 -0.145093 0)
(1.0334 -0.152169 0)
(1.03935 -0.158596 0)
(1.04554 -0.165045 0)
(1.05214 -0.1703 0)
(1.05872 -0.176328 0)
(1.06582 -0.179663 0)
(1.01472 -0.132686 0)
(1.01927 -0.14069 0)
(1.02436 -0.148334 0)
(1.02986 -0.155845 0)
(1.03587 -0.162695 0)
(1.04214 -0.169584 0)
(1.0489 -0.175226 0)
(1.05563 -0.181694 0)
(1.06299 -0.185315 0)
(1.01118 -0.134984 0)
(1.01561 -0.143405 0)
(1.02064 -0.151483 0)
(1.02613 -0.159446 0)
(1.03218 -0.166742 0)
(1.03852 -0.174096 0)
(1.04543 -0.180151 0)
(1.0523 -0.187087 0)
(1.05994 -0.191019 0)
(1.00749 -0.137155 0)
(1.01179 -0.146003 0)
(1.01674 -0.154529 0)
(1.02218 -0.162964 0)
(1.02826 -0.170727 0)
(1.03466 -0.178571 0)
(1.04171 -0.185068 0)
(1.04872 -0.192502 0)
(1.05663 -0.196773 0)
(1.00366 -0.139193 0)
(1.00781 -0.148477 0)
(1.01265 -0.157464 0)
(1.01803 -0.166389 0)
(1.02412 -0.174642 0)
(1.03055 -0.183004 0)
(1.03774 -0.18997 0)
(1.04488 -0.197936 0)
(1.05308 -0.202573 0)
(0.999698 -0.14109 0)
(1.00366 -0.150818 0)
(1.00838 -0.16028 0)
(1.01367 -0.169711 0)
(1.01974 -0.178478 0)
(1.0262 -0.187383 0)
(1.03352 -0.194849 0)
(1.04078 -0.20338 0)
(1.04925 -0.208416 0)
(0.995605 -0.14284 0)
(0.999361 -0.153017 0)
(1.00392 -0.162966 0)
(1.0091 -0.172921 0)
(1.01514 -0.182224 0)
(1.0216 -0.191699 0)
(1.02903 -0.199697 0)
(1.03639 -0.208829 0)
(1.04516 -0.214297 0)
(0.991388 -0.144435 0)
(0.994907 -0.155066 0)
(0.999291 -0.165514 0)
(1.00433 -0.176008 0)
(1.01031 -0.18587 0)
(1.01674 -0.195942 0)
(1.02428 -0.204505 0)
(1.03173 -0.214274 0)
(1.04079 -0.22021 0)
(0.987056 -0.14587 0)
(0.990309 -0.156958 0)
(0.994485 -0.167914 0)
(0.999349 -0.178961 0)
(1.00525 -0.189405 0)
(1.01163 -0.200101 0)
(1.01926 -0.209263 0)
(1.02678 -0.219706 0)
(1.03613 -0.226149 0)
(0.982617 -0.147138 0)
(0.985576 -0.158684 0)
(0.989513 -0.170156 0)
(0.994175 -0.181769 0)
(0.999969 -0.192818 0)
(1.00627 -0.204164 0)
(1.01396 -0.213959 0)
(1.02153 -0.225115 0)
(1.03117 -0.232107 0)
(0.978082 -0.148235 0)
(0.980716 -0.160237 0)
(0.984385 -0.172231 0)
(0.988811 -0.184421 0)
(0.994465 -0.196097 0)
(1.00066 -0.208118 0)
(1.00839 -0.218584 0)
(1.01599 -0.230492 0)
(1.02592 -0.238077 0)
(0.973462 -0.149154 0)
(0.975741 -0.16161 0)
(0.979111 -0.174131 0)
(0.983265 -0.186907 0)
(0.988748 -0.199229 0)
(0.994803 -0.21195 0)
(1.00256 -0.223125 0)
(1.01016 -0.235823 0)
(1.02036 -0.24405 0)
(0.968771 -0.149892 0)
(0.970665 -0.162796 0)
(0.973702 -0.175846 0)
(0.977549 -0.189215 0)
(0.982825 -0.202203 0)
(0.988701 -0.215646 0)
(0.996445 -0.227569 0)
(1.00402 -0.241097 0)
(1.01449 -0.250017 0)
(0.964022 -0.150445 0)
(0.965501 -0.163789 0)
(0.968173 -0.177367 0)
(0.971673 -0.191333 0)
(0.976706 -0.205006 0)
(0.982361 -0.219192 0)
(0.990067 -0.231902 0)
(0.997572 -0.246298 0)
(1.0083 -0.255965 0)
(0.95923 -0.150811 0)
(0.960265 -0.164585 0)
(0.962539 -0.178687 0)
(0.965652 -0.193252 0)
(0.970403 -0.207623 0)
(0.97579 -0.222571 0)
(0.983423 -0.236108 0)
(0.990819 -0.25141 0)
(1.0018 -0.261881 0)
(0.954413 -0.150986 0)
(0.954975 -0.165179 0)
(0.956816 -0.179797 0)
(0.9595 -0.194961 0)
(0.963927 -0.210042 0)
(0.968996 -0.225767 0)
(0.976512 -0.240171 0)
(0.983752 -0.256415 0)
(0.99495 -0.267751 0)
(0.949587 -0.150971 0)
(0.94965 -0.165567 0)
(0.951021 -0.18069 0)
(0.953235 -0.196448 0)
(0.957288 -0.212246 0)
(0.961983 -0.228761 0)
(0.969335 -0.244073 0)
(0.97636 -0.261293 0)
(0.987752 -0.273558 0)
(0.94477 -0.150764 0)
(0.944308 -0.165746 0)
(0.94517 -0.18136 0)
(0.946872 -0.197704 0)
(0.950498 -0.214222 0)
(0.954757 -0.231536 0)
(0.961886 -0.247793 0)
(0.96863 -0.26602 0)
(0.980174 -0.279288 0)
(0.93998 -0.150366 0)
(0.938968 -0.165714 0)
(0.93928 -0.181798 0)
(0.940426 -0.198716 0)
(0.943561 -0.215948 0)
(0.947322 -0.234065 0)
(0.954154 -0.2513 0)
(0.960541 -0.270558 0)
(0.972183 -0.284907 0)
(0.935234 -0.149773 0)
(0.933647 -0.16546 0)
(0.933366 -0.181988 0)
(0.933913 -0.199461 0)
(0.936486 -0.21739 0)
(0.939681 -0.236306 0)
(0.946127 -0.25454 0)
(0.952072 -0.274844 0)
(0.963741 -0.290351 0)
(0.930549 -0.148975 0)
(0.928361 -0.164971 0)
(0.927442 -0.181913 0)
(0.927346 -0.199915 0)
(0.929274 -0.21852 0)
(0.931842 -0.238226 0)
(0.937784 -0.257482 0)
(0.943208 -0.278853 0)
(0.954816 -0.295618 0)
(0.925938 -0.147996 0)
(0.923123 -0.164282 0)
(0.921518 -0.181622 0)
(0.920732 -0.200143 0)
(0.921925 -0.219425 0)
(0.9238 -0.239937 0)
(0.929088 -0.260272 0)
(0.933926 -0.282778 0)
(0.945345 -0.30106 0)
(0.921403 -0.146978 0)
(0.91793 -0.163552 0)
(0.915587 -0.181297 0)
(0.914055 -0.200346 0)
(0.914413 -0.220333 0)
(0.91552 -0.241684 0)
(0.919961 -0.263182 0)
(0.924138 -0.286886 0)
(0.935101 -0.307153 0)
(0.916935 -0.145947 0)
(0.912765 -0.162742 0)
(0.909626 -0.180799 0)
(0.907283 -0.200262 0)
(0.906703 -0.220802 0)
(0.906958 -0.242824 0)
(0.910341 -0.265259 0)
(0.913753 -0.289906 0)
(0.923646 -0.312113 0)
)
;

boundaryField
{
    inlet
    {
        type            uniformFixedValue;
        uniformValue    constant (1 0 0);
        value           nonuniform 0();
    }
    outlet
    {
        type            pressureInletOutletVelocity;
        value           nonuniform 0();
    }
    cylinder
    {
        type            fixedValue;
        value           nonuniform 0();
    }
    top
    {
        type            symmetryPlane;
    }
    bottom
    {
        type            symmetryPlane;
    }
    defaultFaces
    {
        type            empty;
    }
    procBoundary2to1
    {
        type            processor;
        value           nonuniform List<vector> 
104
(
(0.913321 -0.144117 7.74609e-22)
(0.913321 -0.144117 7.74609e-22)
(0.910404 -0.140925 2.51532e-20)
(0.907782 -0.137505 8.12562e-21)
(0.905377 -0.134191 -1.39514e-20)
(0.903138 -0.130877 2.62412e-20)
(0.901032 -0.127523 2.41157e-20)
(0.899034 -0.124138 -3.14769e-20)
(0.889209 -0.13526 -1.4389e-20)
(0.889209 -0.13526 -1.4389e-20)
(0.886999 -0.131481 5.67759e-21)
(0.884873 -0.127668 3.98228e-20)
(0.882825 -0.123822 -7.92546e-21)
(0.880852 -0.119943 3.00206e-21)
(0.87895 -0.116034 -1.21436e-20)
(0.877117 -0.112093 2.74982e-20)
(0.875353 -0.108124 1.43387e-21)
(0.862757 -0.116813 6.60771e-21)
(0.862757 -0.116813 6.60771e-21)
(0.860763 -0.112348 -1.02329e-20)
(0.858849 -0.107848 -1.80256e-20)
(0.857014 -0.103311 2.22097e-20)
(0.85526 -0.0987413 8.83506e-21)
(0.853585 -0.0941385 6.41562e-22)
(0.851991 -0.0895045 -4.90174e-22)
(0.850478 -0.0848406 1.49788e-20)
(0.849046 -0.0801483 -1.93726e-20)
(0.847695 -0.075429 -2.65044e-21)
(0.831683 -0.0795652 -4.68923e-21)
(0.831683 -0.0795652 -4.68923e-21)
(0.830236 -0.0742193 4.19605e-22)
(0.82889 -0.0688435 -5.77722e-21)
(0.827644 -0.0634398 -3.04651e-21)
(0.826501 -0.0580104 2.97632e-20)
(0.82546 -0.0525574 -9.42452e-21)
(0.824521 -0.0470829 -1.10699e-20)
(0.823686 -0.0415892 3.22431e-21)
(0.822954 -0.0360785 -3.50237e-21)
(0.822327 -0.0305529 5.65588e-21)
(0.821803 -0.0250148 4.81821e-21)
(0.821384 -0.0194664 5.06691e-22)
(0.821069 -0.0139099 2.22496e-21)
(0.820859 -0.00834774 -7.28033e-22)
(0.820754 -0.00278212 -7.59669e-22)
(1.0544 -0.00217491 0)
(1.05439 -0.00647839 0)
(1.05439 -0.0106937 0)
(1.05437 -0.0148295 0)
(1.05435 -0.0188935 0)
(1.0543 -0.0228925 0)
(1.05424 -0.0268323 0)
(1.05415 -0.0307179 0)
(1.05403 -0.0345537 0)
(1.05387 -0.0383432 0)
(1.05367 -0.0420894 0)
(1.05341 -0.0457947 0)
(1.05309 -0.0494607 0)
(1.05271 -0.0530888 0)
(1.05225 -0.0566797 0)
(1.05172 -0.0602336 0)
(1.05111 -0.0637504 0)
(1.0504 -0.0672294 0)
(1.04959 -0.0706696 0)
(1.04869 -0.0740694 0)
(1.04767 -0.077427 0)
(1.04655 -0.0807402 0)
(1.0453 -0.0840063 0)
(1.04394 -0.0872223 0)
(1.04245 -0.090385 0)
(1.04083 -0.0934907 0)
(1.03907 -0.0965353 0)
(1.03718 -0.0995146 0)
(1.03516 -0.102424 0)
(1.03299 -0.105259 0)
(1.03069 -0.108013 0)
(1.02825 -0.110682 0)
(1.02566 -0.113261 0)
(1.02293 -0.115743 0)
(1.02007 -0.118122 0)
(1.01707 -0.120393 0)
(1.01393 -0.122549 0)
(1.01067 -0.124585 0)
(1.00727 -0.126493 0)
(1.00375 -0.128269 0)
(1.00012 -0.129907 0)
(0.996367 -0.1314 0)
(0.992513 -0.132744 0)
(0.988561 -0.133933 0)
(0.984519 -0.134962 0)
(0.980396 -0.135829 0)
(0.976203 -0.136528 0)
(0.971951 -0.137058 0)
(0.967653 -0.137416 0)
(0.963321 -0.137601 0)
(0.958971 -0.137612 0)
(0.954619 -0.13745 0)
(0.95028 -0.137114 0)
(0.945973 -0.136609 0)
(0.941713 -0.135936 0)
(0.937519 -0.135094 0)
(0.933405 -0.134075 0)
(0.929387 -0.132898 0)
(0.925469 -0.131682 0)
(0.921644 -0.130504 0)
)
;
    }
    procBoundary2to3
    {
        type            processor;
        value           nonuniform List<vector> 
109
(
(0.411193 -0.0311787 -2.04324e-20)
(0.412632 -0.0519194 -7.91979e-21)
(0.414787 -0.0725897 3.01363e-20)
(0.417655 -0.0931614 4.42278e-20)
(0.421232 -0.113607 5.43173e-20)
(0.42551 -0.133898 -1.1298e-19)
(0.430483 -0.154009 3.77433e-20)
(0.470121 -0.163685 1.09071e-20)
(0.470121 -0.163685 1.09071e-20)
(0.476037 -0.182208 9.42951e-20)
(0.482576 -0.200489 2.00548e-20)
(0.489727 -0.218504 -2.65828e-20)
(0.497478 -0.236231 -5.73252e-20)
(0.505815 -0.253647 1.16863e-19)
(0.514727 -0.27073 -1.80178e-19)
(0.55268 -0.270778 -1.83223e-19)
(0.55268 -0.270778 -1.83223e-19)
(0.562036 -0.286215 2.07635e-19)
(0.571886 -0.301284 -2.12338e-19)
(0.582212 -0.31597 8.03599e-20)
(0.592999 -0.330254 -1.19196e-19)
(0.627802 -0.324469 6.28927e-21)
(0.627802 -0.324469 6.28927e-21)
(0.638704 -0.337187 -1.09871e-19)
(0.649988 -0.349489 3.68991e-20)
(0.661636 -0.361364 5.2649e-20)
(0.693049 -0.351863 5.12687e-20)
(0.693049 -0.351863 5.12687e-20)
(0.704588 -0.362299 8.30824e-20)
(0.716419 -0.372308 -1.47396e-19)
(0.744771 -0.360756 2.40261e-20)
(0.744771 -0.360756 2.40261e-20)
(0.756363 -0.36946 -7.05425e-20)
(0.768179 -0.377749 -2.0758e-19)
(0.793491 -0.364648 -8.15011e-20)
(0.793491 -0.364648 -8.15011e-20)
(0.804967 -0.371777 8.3644e-20)
(0.816607 -0.378511 -7.10555e-20)
(0.839004 -0.364325 7.57877e-21)
(0.839004 -0.364325 7.57877e-21)
(0.850224 -0.370065 2.24236e-19)
(0.871285 -0.355122 -6.85988e-20)
(0.871285 -0.355122 -6.85988e-20)
(0.882086 -0.359998 1.09939e-19)
(0.902071 -0.344471 1.21612e-20)
(0.902071 -0.344471 1.21612e-20)
(0.912766 -0.34876 -1.83509e-20)
(0.923181 -0.352665 1.60977e-19)
(0.931011 -0.34454 0)
(1.08507 -0.00258657 0)
(1.08514 -0.00770637 0)
(1.08529 -0.0127308 0)
(1.0855 -0.0176752 0)
(1.08576 -0.0225531 0)
(1.08607 -0.0273767 0)
(1.08642 -0.032157 0)
(1.0868 -0.0369042 0)
(1.0872 -0.0416273 0)
(1.0876 -0.0463346 0)
(1.08802 -0.0510338 0)
(1.08842 -0.0557317 0)
(1.08882 -0.0604348 0)
(1.08918 -0.0651491 0)
(1.08952 -0.0698802 0)
(1.08982 -0.0746332 0)
(1.09006 -0.0794129 0)
(1.09025 -0.084224 0)
(1.09038 -0.0890709 0)
(1.09043 -0.0939577 0)
(1.0904 -0.0988884 0)
(1.09028 -0.103867 0)
(1.09006 -0.108897 0)
(1.08974 -0.113981 0)
(1.08931 -0.119124 0)
(1.08875 -0.124329 0)
(1.08807 -0.129598 0)
(1.08725 -0.134936 0)
(1.08629 -0.140344 0)
(1.08517 -0.145825 0)
(1.0839 -0.151383 0)
(1.08245 -0.15702 0)
(1.08083 -0.162738 0)
(1.07901 -0.168538 0)
(1.077 -0.174423 0)
(1.07478 -0.180393 0)
(1.07235 -0.186451 0)
(1.06969 -0.192595 0)
(1.06678 -0.198827 0)
(1.06363 -0.205146 0)
(1.06022 -0.21155 0)
(1.05654 -0.218038 0)
(1.05258 -0.224608 0)
(1.04833 -0.231257 0)
(1.04378 -0.23798 0)
(1.03892 -0.244773 0)
(1.03375 -0.25163 0)
(1.02825 -0.258542 0)
(1.02242 -0.2655 0)
(1.01624 -0.272494 0)
(1.0097 -0.279508 0)
(1.00277 -0.286528 0)
(0.995444 -0.293542 0)
(0.987687 -0.300544 0)
(0.979476 -0.307508 0)
(0.970775 -0.314366 0)
(0.961528 -0.321133 0)
(0.951716 -0.328331 0)
(0.941478 -0.336849 0)
(0.931011 -0.34454 0)
)
;
    }
    procBoundary2to18
    {
        type            processor;
        value           nonuniform List<vector> 
16
(
(0.44683 0.0293439 1.87951e-20)
(0.480424 0.0276191 -1.02752e-20)
(0.512102 0.0260053 5.31457e-21)
(0.541982 0.0244956 9.49206e-21)
(0.570177 0.023083 2.05559e-20)
(0.596792 0.021761 -4.06079e-20)
(0.621478 0.00684574 7.57718e-22)
(0.621478 0.00684574 7.57718e-22)
(0.645245 0.00645938 1.3736e-21)
(0.667711 0.00609423 5.91141e-21)
(0.802855 0.00313727 4.69405e-23)
(0.783606 0.00353592 -1.3045e-21)
(0.763066 0.0039763 -6.29371e-22)
(0.740927 0.00448268 1.76126e-21)
(0.717432 0.0050161 -9.86433e-22)
(0.691993 0.00570995 -9.9053e-22)
)
;
    }
    procBoundary2to19
    {
        type            processor;
        value           nonuniform List<vector> 2((0.410473 0.0104015 -5.74233e-21) (0.410473 -0.0103956 -4.51446e-21));
    }
}


// ************************************************************************* //
