/*--------------------------------*- C++ -*----------------------------------*\
  =========                 |
  \\      /  F ield         | OpenFOAM: The Open Source CFD Toolbox
   \\    /   O peration     | Website:  https://openfoam.org
    \\  /    A nd           | Version:  7
     \\/     M anipulation  |
\*---------------------------------------------------------------------------*/
FoamFile
{
    version     2.0;
    format      ascii;
    class       volScalarField;
    location    "60";
    object      p;
}
// * * * * * * * * * * * * * * * * * * * * * * * * * * * * * * * * * * * * * //

dimensions      [0 2 -2 0 0 0 0];

internalField   nonuniform List<scalar> 
1450
(
-0.158412
-0.165061
-0.170796
-0.175552
-0.179276
-0.181926
-0.183471
-0.18389
-0.183179
-0.181356
-0.178462
-0.174569
-0.169781
-0.16423
-0.158072
-0.151473
-0.144599
-0.137595
-0.130577
-0.123614
-0.116737
-0.109935
-0.103182
-0.0964485
-0.0897335
-0.0830649
-0.0765165
-0.0701867
-0.064198
-0.0586644
-0.0536884
-0.0493302
-0.0456086
-0.042479
-0.0398483
-0.0375723
-0.0355024
-0.0334973
-0.0314786
-0.0294123
-0.0273382
-0.0253159
-0.0234361
-0.0217638
-0.0203454
-0.0191743
-0.0181989
-0.0173316
-0.0164777
-0.0155643
-0.0145654
-0.0134939
-0.0123837
-0.0112849
-0.01021
-0.00917836
-0.00816287
-0.00715953
-0.00614286
-0.00512802
-0.004121
-0.00313182
-0.00220573
-0.00128351
-0.000463933
-0.158584
-0.165233
-0.170965
-0.175717
-0.179436
-0.18208
-0.183618
-0.184029
-0.183308
-0.181473
-0.178565
-0.174656
-0.169851
-0.164282
-0.158105
-0.15149
-0.144603
-0.13759
-0.130566
-0.123602
-0.116726
-0.109926
-0.103176
-0.0964436
-0.0897275
-0.0830554
-0.076502
-0.0701662
-0.0641718
-0.0586339
-0.0536557
-0.0492979
-0.0455795
-0.0424555
-0.0398316
-0.0375623
-0.0354979
-0.0334963
-0.0314788
-0.0294117
-0.0273356
-0.0253109
-0.0234292
-0.021756
-0.0203381
-0.0191687
-0.0181957
-0.0173307
-0.0164785
-0.0155657
-0.0145666
-0.0134944
-0.0123834
-0.0112842
-0.0102091
-0.00917776
-0.00816247
-0.00715946
-0.00614264
-0.00512789
-0.00412043
-0.00313136
-0.00220498
-0.00128306
-0.00046378
-0.158918
-0.165566
-0.171293
-0.176037
-0.179747
-0.18238
-0.183904
-0.184298
-0.183558
-0.1817
-0.178765
-0.174825
-0.169986
-0.164381
-0.15817
-0.151524
-0.144611
-0.137579
-0.130545
-0.123578
-0.116704
-0.10991
-0.103164
-0.096434
-0.0897158
-0.0830373
-0.0764739
-0.0701265
-0.0641211
-0.0585746
-0.0535921
-0.0492352
-0.0455231
-0.0424097
-0.039799
-0.0375428
-0.0354893
-0.0334943
-0.0314792
-0.0294106
-0.0273306
-0.0253013
-0.0234158
-0.0217409
-0.0203239
-0.0191578
-0.0181894
-0.0173289
-0.0164799
-0.0155684
-0.0145689
-0.0134953
-0.0123828
-0.0112827
-0.0102073
-0.00917657
-0.00816169
-0.00715932
-0.00614222
-0.00512764
-0.0041193
-0.00313051
-0.00220344
-0.00128232
-0.00046333
-0.159407
-0.166052
-0.171771
-0.176504
-0.1802
-0.182816
-0.184321
-0.184692
-0.183924
-0.182031
-0.179057
-0.175072
-0.170183
-0.164526
-0.158264
-0.151572
-0.144621
-0.137563
-0.130514
-0.123542
-0.116672
-0.109886
-0.103147
-0.0964205
-0.0896993
-0.0830111
-0.0764332
-0.0700688
-0.0640471
-0.058488
-0.0534992
-0.0491436
-0.0454407
-0.0423429
-0.0397516
-0.0375146
-0.0354768
-0.0334917
-0.0314799
-0.0294091
-0.0273235
-0.0252872
-0.0233963
-0.0217188
-0.0203032
-0.0191418
-0.0181803
-0.0173265
-0.0164821
-0.0155724
-0.0145723
-0.0134967
-0.0123819
-0.0112806
-0.0102048
-0.00917483
-0.00816057
-0.00715912
-0.00614165
-0.00512727
-0.00411767
-0.00312927
-0.00220118
-0.0012813
-0.000462589
-0.16004
-0.166682
-0.172391
-0.17711
-0.180787
-0.183382
-0.184861
-0.185202
-0.184397
-0.182462
-0.179436
-0.175392
-0.170438
-0.164713
-0.158385
-0.151633
-0.144633
-0.13754
-0.130471
-0.123495
-0.116631
-0.109854
-0.103126
-0.0964035
-0.0896784
-0.0829777
-0.0763808
-0.069994
-0.063951
-0.0583755
-0.0533784
-0.0490245
-0.0453336
-0.0422563
-0.0396902
-0.0374784
-0.0354611
-0.0334887
-0.0314812
-0.0294074
-0.0273142
-0.025269
-0.0233708
-0.02169
-0.0202762
-0.0191212
-0.0181685
-0.0173233
-0.016485
-0.0155777
-0.0145767
-0.0134985
-0.0123807
-0.0112778
-0.0102015
-0.00917256
-0.00815913
-0.00715886
-0.00614092
-0.0051268
-0.00411557
-0.00312766
-0.00219825
-0.00127998
-0.000461566
-0.160812
-0.167449
-0.173146
-0.177846
-0.181502
-0.18407
-0.185518
-0.185822
-0.184974
-0.182985
-0.179897
-0.175781
-0.170747
-0.16494
-0.158531
-0.151705
-0.144646
-0.13751
-0.130419
-0.123436
-0.116579
-0.109817
-0.103101
-0.096384
-0.0896542
-0.0829381
-0.0763176
-0.0699034
-0.0638341
-0.0582383
-0.053231
-0.0488791
-0.045203
-0.0421508
-0.0396157
-0.0374347
-0.0354425
-0.0334856
-0.0314833
-0.0294056
-0.0273031
-0.0252468
-0.0233397
-0.0216548
-0.0202432
-0.019096
-0.0181542
-0.0173197
-0.0164888
-0.0155843
-0.0145822
-0.0135006
-0.0123793
-0.0112743
-0.0101974
-0.00916979
-0.00815741
-0.00715858
-0.00614007
-0.00512623
-0.00411303
-0.00312568
-0.00219468
-0.00127837
-0.00046026
-0.161715
-0.168346
-0.174027
-0.178706
-0.182336
-0.184874
-0.186286
-0.186547
-0.185648
-0.183598
-0.180436
-0.176236
-0.171109
-0.165204
-0.158699
-0.151787
-0.144658
-0.137473
-0.130354
-0.123366
-0.116519
-0.109773
-0.103073
-0.0963625
-0.0896273
-0.0828929
-0.0762445
-0.0697977
-0.0636974
-0.0580775
-0.0530581
-0.0487087
-0.04505
-0.0420274
-0.039529
-0.0373844
-0.0354216
-0.0334828
-0.0314864
-0.0294039
-0.0272903
-0.0252207
-0.0233032
-0.0216134
-0.0202045
-0.0190664
-0.0181375
-0.0173156
-0.0164934
-0.0155922
-0.0145888
-0.0135032
-0.0123775
-0.0112702
-0.0101926
-0.00916654
-0.00815542
-0.00715827
-0.00613913
-0.00512557
-0.00411009
-0.00312336
-0.0021905
-0.0012765
-0.000458663
-0.162743
-0.169365
-0.175028
-0.179683
-0.183283
-0.185786
-0.187158
-0.187371
-0.186414
-0.184295
-0.18105
-0.176753
-0.171519
-0.165502
-0.158888
-0.151877
-0.144667
-0.137426
-0.130278
-0.123284
-0.116449
-0.109723
-0.103042
-0.09634
-0.0895986
-0.0828432
-0.0761626
-0.0696781
-0.0635419
-0.0578942
-0.0528608
-0.0485141
-0.0448755
-0.0418871
-0.0394309
-0.037328
-0.035399
-0.0334807
-0.0314907
-0.0294026
-0.027276
-0.0251911
-0.0232614
-0.021566
-0.0201602
-0.0190328
-0.0181187
-0.0173112
-0.0164989
-0.0156014
-0.0145963
-0.0135061
-0.0123755
-0.0112655
-0.0101871
-0.00916284
-0.00815321
-0.00715797
-0.00613812
-0.00512485
-0.00410677
-0.00312071
-0.00218574
-0.00127439
-0.000456772
-0.16389
-0.170501
-0.176143
-0.18077
-0.184337
-0.186802
-0.188129
-0.18829
-0.187269
-0.185072
-0.181734
-0.177329
-0.171976
-0.165833
-0.159096
-0.151974
-0.144673
-0.13737
-0.130189
-0.12319
-0.11637
-0.109669
-0.103009
-0.0963174
-0.0895692
-0.0827898
-0.0760726
-0.0695453
-0.0633684
-0.0576893
-0.05264
-0.0482963
-0.0446804
-0.0417307
-0.0393221
-0.0372663
-0.0353752
-0.0334798
-0.0314967
-0.0294018
-0.0272603
-0.025158
-0.0232145
-0.0215128
-0.0201105
-0.0189952
-0.0180979
-0.0173066
-0.0165054
-0.015612
-0.0146049
-0.0135094
-0.0123732
-0.0112601
-0.010181
-0.0091587
-0.00815078
-0.00715769
-0.00613707
-0.00512407
-0.00410309
-0.00311774
-0.00218042
-0.00127202
-0.000454581
-0.16515
-0.171748
-0.177366
-0.181961
-0.185492
-0.187915
-0.189194
-0.189297
-0.188207
-0.185926
-0.182486
-0.177962
-0.172476
-0.166194
-0.159319
-0.152074
-0.144674
-0.137302
-0.130087
-0.123084
-0.116282
-0.109609
-0.102975
-0.0962954
-0.0895398
-0.0827337
-0.0759754
-0.0694003
-0.0631778
-0.0574636
-0.0523965
-0.0480562
-0.0444655
-0.0415589
-0.0392034
-0.0371999
-0.0353507
-0.0334804
-0.0315046
-0.0294018
-0.0272434
-0.0251215
-0.0231626
-0.021454
-0.0200556
-0.0189538
-0.0180752
-0.0173019
-0.016513
-0.015624
-0.0146145
-0.013513
-0.0123706
-0.0112541
-0.0101741
-0.00915415
-0.00814818
-0.00715745
-0.006136
-0.00512324
-0.00409909
-0.00311447
-0.00217456
-0.00126943
-0.000452085
-0.166519
-0.1731
-0.17869
-0.183252
-0.186743
-0.189121
-0.190347
-0.19039
-0.189225
-0.186853
-0.183303
-0.178649
-0.173018
-0.166582
-0.159557
-0.152177
-0.144668
-0.137222
-0.12997
-0.122965
-0.116186
-0.109546
-0.102941
-0.0962751
-0.0895115
-0.0826758
-0.075872
-0.0692438
-0.062971
-0.0572178
-0.052131
-0.0477944
-0.0442316
-0.0413725
-0.0390755
-0.0371295
-0.0353262
-0.033483
-0.0315147
-0.0294027
-0.0272255
-0.0250819
-0.023106
-0.0213896
-0.0199957
-0.0189088
-0.0180509
-0.0172974
-0.0165219
-0.0156374
-0.0146252
-0.013517
-0.0123677
-0.0112474
-0.0101666
-0.00914919
-0.00814543
-0.00715727
-0.00613495
-0.00512239
-0.00409478
-0.0031109
-0.00216818
-0.00126662
-0.000449277
-0.16799
-0.174552
-0.180111
-0.184635
-0.188083
-0.190413
-0.191585
-0.191563
-0.19032
-0.18785
-0.184181
-0.179387
-0.173598
-0.166996
-0.159808
-0.15228
-0.144654
-0.137128
-0.129838
-0.122833
-0.11608
-0.109479
-0.102908
-0.0962574
-0.0894853
-0.082617
-0.0757631
-0.0690767
-0.0627485
-0.0569527
-0.0518443
-0.0475116
-0.0439792
-0.0411722
-0.038939
-0.0370557
-0.0353022
-0.0334881
-0.0315273
-0.0294049
-0.0272066
-0.0250391
-0.0230445
-0.0213198
-0.0199308
-0.0188603
-0.018025
-0.017293
-0.0165319
-0.0156523
-0.0146369
-0.0135213
-0.0123644
-0.01124
-0.0101584
-0.00914385
-0.00814255
-0.00715717
-0.00613393
-0.00512151
-0.00409019
-0.00310705
-0.00216131
-0.00126359
-0.000446155
-0.16956
-0.176098
-0.181623
-0.186106
-0.189508
-0.191787
-0.192902
-0.192812
-0.191487
-0.188914
-0.185119
-0.180174
-0.174215
-0.167433
-0.160069
-0.152382
-0.14463
-0.137019
-0.12969
-0.122687
-0.115966
-0.109409
-0.102876
-0.0962433
-0.0894622
-0.0825583
-0.0756496
-0.0688996
-0.0625112
-0.0566689
-0.0515369
-0.0472084
-0.0437091
-0.0409586
-0.0387948
-0.0369793
-0.0352792
-0.0334961
-0.0315429
-0.0294085
-0.027187
-0.0249933
-0.0229784
-0.0212447
-0.019861
-0.0188085
-0.0179977
-0.017289
-0.0165434
-0.0156688
-0.0146497
-0.0135259
-0.0123607
-0.011232
-0.0101496
-0.00913813
-0.00813958
-0.00715718
-0.00613297
-0.00512063
-0.00408534
-0.00310293
-0.00215395
-0.00126034
-0.000442713
-0.171224
-0.177735
-0.183222
-0.187661
-0.191014
-0.193239
-0.194294
-0.194135
-0.192723
-0.190043
-0.186113
-0.181009
-0.174868
-0.167893
-0.160338
-0.152482
-0.144593
-0.136893
-0.129525
-0.122527
-0.115843
-0.109336
-0.102846
-0.0962339
-0.0894431
-0.0825006
-0.0755324
-0.0687134
-0.0622596
-0.056367
-0.0512095
-0.0468855
-0.0434219
-0.0407323
-0.0386433
-0.0369008
-0.0352579
-0.0335075
-0.0315616
-0.0294136
-0.0271667
-0.0249447
-0.0229078
-0.0211643
-0.0197866
-0.0187534
-0.0179691
-0.0172855
-0.0165564
-0.0156869
-0.0146636
-0.0135307
-0.0123567
-0.0112233
-0.0101401
-0.00913207
-0.00813653
-0.00715731
-0.0061321
-0.00511975
-0.00408026
-0.00309853
-0.00214613
-0.0012569
-0.000438948
-0.172978
-0.179456
-0.184901
-0.189293
-0.192594
-0.194764
-0.195758
-0.195527
-0.194027
-0.191233
-0.187163
-0.181888
-0.175553
-0.168372
-0.160614
-0.152576
-0.144544
-0.13675
-0.129341
-0.122352
-0.115712
-0.109261
-0.102819
-0.09623
-0.0894291
-0.0824447
-0.0754121
-0.0685186
-0.0619944
-0.0560476
-0.0508626
-0.0465433
-0.043118
-0.040494
-0.0384853
-0.0368209
-0.0352388
-0.0335226
-0.0315838
-0.0294207
-0.027146
-0.0248932
-0.0228326
-0.0210787
-0.0197074
-0.0186953
-0.0179394
-0.0172826
-0.0165709
-0.0157067
-0.0146785
-0.0135359
-0.0123523
-0.0112138
-0.01013
-0.00912566
-0.00813344
-0.00715758
-0.00613135
-0.00511889
-0.00407495
-0.00309388
-0.00213787
-0.00125325
-0.000434855
-0.174817
-0.181258
-0.186657
-0.190998
-0.194245
-0.196358
-0.197289
-0.196985
-0.195393
-0.192483
-0.188265
-0.182811
-0.17627
-0.168869
-0.160895
-0.152663
-0.144479
-0.136586
-0.129139
-0.122163
-0.115572
-0.109185
-0.102797
-0.0962329
-0.0894213
-0.0823917
-0.0752896
-0.068316
-0.0617161
-0.0557111
-0.0504965
-0.0461823
-0.042798
-0.0402442
-0.0383214
-0.0367402
-0.0352225
-0.0335421
-0.0316099
-0.0294297
-0.0271249
-0.024839
-0.022753
-0.020988
-0.0196238
-0.0186341
-0.0179088
-0.0172804
-0.0165871
-0.0157282
-0.0146946
-0.0135413
-0.0123475
-0.0112036
-0.0101193
-0.00911892
-0.00813032
-0.00715802
-0.00613072
-0.00511806
-0.00406945
-0.00308898
-0.00212917
-0.0012494
-0.000430434
-0.176737
-0.183136
-0.188486
-0.192772
-0.195962
-0.198016
-0.198884
-0.198506
-0.196821
-0.193791
-0.189419
-0.183776
-0.177018
-0.169383
-0.16118
-0.152743
-0.144397
-0.136402
-0.128915
-0.121957
-0.115424
-0.109108
-0.102779
-0.0962435
-0.0894205
-0.0823423
-0.0751656
-0.0681061
-0.0614253
-0.0553582
-0.0501119
-0.045803
-0.0424623
-0.0399835
-0.0381522
-0.0366593
-0.0352095
-0.0335663
-0.0316401
-0.029441
-0.0271035
-0.0247821
-0.022669
-0.0208922
-0.0195357
-0.0185701
-0.0178773
-0.0172791
-0.0166051
-0.0157514
-0.0147118
-0.013547
-0.0123423
-0.0111927
-0.0101079
-0.00911188
-0.00812721
-0.00715864
-0.00613025
-0.00511727
-0.00406376
-0.00308384
-0.00212007
-0.00124535
-0.000425682
-0.178734
-0.185086
-0.190381
-0.19461
-0.197741
-0.199735
-0.200539
-0.200086
-0.198308
-0.195154
-0.190622
-0.184781
-0.177794
-0.169913
-0.161466
-0.152812
-0.144297
-0.136196
-0.128671
-0.121736
-0.115267
-0.10903
-0.102767
-0.0962629
-0.0894279
-0.0822975
-0.0750409
-0.0678895
-0.0611224
-0.0549891
-0.0497092
-0.0454058
-0.0421115
-0.0397123
-0.0379782
-0.0365788
-0.0352004
-0.0335956
-0.0316748
-0.0294547
-0.0270819
-0.0247226
-0.0225806
-0.0207915
-0.0194431
-0.0185033
-0.0178451
-0.0172787
-0.016625
-0.0157765
-0.0147301
-0.0135529
-0.0123365
-0.0111811
-0.0100958
-0.00910453
-0.00812412
-0.00715946
-0.00612996
-0.00511653
-0.0040579
-0.00307845
-0.00211056
-0.00124111
-0.000420598
-0.180804
-0.187104
-0.19234
-0.196507
-0.199577
-0.20151
-0.202251
-0.201724
-0.199851
-0.196571
-0.191873
-0.185825
-0.178597
-0.170456
-0.161752
-0.152869
-0.144177
-0.135966
-0.128404
-0.121498
-0.115102
-0.108953
-0.102762
-0.0962921
-0.0894444
-0.0822581
-0.074916
-0.0676669
-0.0608081
-0.0546045
-0.0492887
-0.044991
-0.0417459
-0.0394312
-0.0378
-0.0364994
-0.0351957
-0.0336304
-0.0317141
-0.029471
-0.0270603
-0.0246605
-0.0224879
-0.0206857
-0.0193463
-0.0184338
-0.0178123
-0.0172795
-0.0166468
-0.0158034
-0.0147495
-0.013559
-0.0123303
-0.0111686
-0.0100832
-0.0090969
-0.00812107
-0.0071605
-0.00612986
-0.00511585
-0.00405189
-0.00307283
-0.00210068
-0.00123668
-0.000415181
-0.182944
-0.189185
-0.194358
-0.19846
-0.201467
-0.203339
-0.204016
-0.203416
-0.201448
-0.19804
-0.193171
-0.186908
-0.179426
-0.171011
-0.162037
-0.152913
-0.144035
-0.135711
-0.128114
-0.121242
-0.114929
-0.108877
-0.102765
-0.0963323
-0.089471
-0.082225
-0.0747918
-0.0674387
-0.0604827
-0.0542047
-0.0488508
-0.0445592
-0.0413661
-0.0391406
-0.0376183
-0.0364215
-0.0351959
-0.0336713
-0.0317585
-0.02949
-0.0270387
-0.0245959
-0.022391
-0.0205751
-0.0192452
-0.0183618
-0.017779
-0.0172815
-0.0166707
-0.0158323
-0.0147701
-0.0135653
-0.0123236
-0.0111554
-0.0100699
-0.00908899
-0.00811809
-0.00716178
-0.00612997
-0.00511523
-0.00404574
-0.00306699
-0.00209044
-0.00123206
-0.000409434
-0.191326
-0.19643
-0.200464
-0.203405
-0.205216
-0.205832
-0.20516
-0.203098
-0.19956
-0.194515
-0.188027
-0.180281
-0.171578
-0.162319
-0.152942
-0.14387
-0.135429
-0.1278
-0.12097
-0.114748
-0.108802
-0.102777
-0.0963844
-0.0895088
-0.0821989
-0.0746688
-0.0672056
-0.0601467
-0.0537901
-0.048396
-0.0441106
-0.0409722
-0.0388411
-0.0374334
-0.0363459
-0.0352016
-0.0337184
-0.0318081
-0.029512
-0.0270172
-0.0245289
-0.0222898
-0.0204596
-0.0191399
-0.0182873
-0.0177454
-0.0172849
-0.0166967
-0.0158631
-0.0147919
-0.0135718
-0.0123164
-0.0111414
-0.010056
-0.00908083
-0.0081152
-0.00716331
-0.0061303
-0.00511469
-0.00403947
-0.00306092
-0.00207984
-0.00122726
-0.000403357
-0.193522
-0.198553
-0.202515
-0.20539
-0.207139
-0.207694
-0.206953
-0.204798
-0.201129
-0.195904
-0.189183
-0.181159
-0.172155
-0.162596
-0.152955
-0.143681
-0.135119
-0.12746
-0.120679
-0.114559
-0.10873
-0.102799
-0.0964496
-0.0895586
-0.0821806
-0.0745477
-0.0669679
-0.0598006
-0.0533611
-0.0479246
-0.0436456
-0.0405649
-0.0385331
-0.0372461
-0.0362729
-0.0352132
-0.0337724
-0.0318632
-0.029537
-0.0269959
-0.0244595
-0.0221844
-0.0203393
-0.0190305
-0.0182105
-0.0177116
-0.0172897
-0.016725
-0.0158959
-0.0148147
-0.0135785
-0.0123086
-0.0111266
-0.0100414
-0.00907241
-0.00811241
-0.0071651
-0.00613087
-0.00511423
-0.00403308
-0.00305464
-0.00206892
-0.00122227
-0.000396953
-0.195769
-0.200723
-0.204609
-0.207415
-0.209104
-0.2096
-0.208792
-0.206546
-0.202745
-0.197336
-0.190374
-0.182061
-0.17274
-0.162869
-0.15295
-0.143465
-0.13478
-0.127093
-0.12037
-0.114363
-0.108661
-0.102831
)
;

boundaryField
{
    inlet
    {
        type            zeroGradient;
    }
    outlet
    {
        type            fixedValue;
        value           uniform 0;
    }
    cylinder
    {
        type            zeroGradient;
    }
    top
    {
        type            symmetryPlane;
    }
    bottom
    {
        type            symmetryPlane;
    }
    defaultFaces
    {
        type            empty;
    }
    procBoundary1to0
    {
        type            processor;
        value           nonuniform List<scalar> 
24
(
-0.150922
-0.151093
-0.151424
-0.151908
-0.152536
-0.153302
-0.1542
-0.155222
-0.156365
-0.157622
-0.15899
-0.160463
-0.162038
-0.16371
-0.165476
-0.167333
-0.169276
-0.171302
-0.173408
-0.17559
-0.185148
-0.185148
-0.187415
-0.189739
)
;
    }
    procBoundary1to3
    {
        type            processor;
        value           nonuniform List<scalar> 
65
(
-0.096529
-0.0896214
-0.0821709
-0.074429
-0.0667263
-0.0594448
-0.0529181
-0.0474369
-0.0431646
-0.0401444
-0.0382171
-0.0370568
-0.0362032
-0.0352312
-0.0338333
-0.0319241
-0.0295651
-0.0269749
-0.0243877
-0.0220749
-0.0202142
-0.0189171
-0.0181314
-0.0176777
-0.0172961
-0.0167555
-0.0159307
-0.0148388
-0.0135853
-0.0123003
-0.0111109
-0.0100263
-0.00906377
-0.00810974
-0.00716716
-0.00613168
-0.00511385
-0.0040266
-0.00304816
-0.00205768
-0.0012171
-0.000390227
-0.198065
-0.202935
-0.206742
-0.209478
-0.211107
-0.211548
-0.210676
-0.208342
-0.204409
-0.198812
-0.1916
-0.182986
-0.173334
-0.163134
-0.152925
-0.143221
-0.134411
-0.1267
-0.120042
-0.114159
-0.108596
-0.096529
-0.102875
)
;
    }
}


// ************************************************************************* //
