/*--------------------------------*- C++ -*----------------------------------*\
  =========                 |
  \\      /  F ield         | OpenFOAM: The Open Source CFD Toolbox
   \\    /   O peration     | Website:  https://openfoam.org
    \\  /    A nd           | Version:  7
     \\/     M anipulation  |
\*---------------------------------------------------------------------------*/
FoamFile
{
    version     2.0;
    format      ascii;
    class       volVectorField;
    location    "98";
    object      U;
}
// * * * * * * * * * * * * * * * * * * * * * * * * * * * * * * * * * * * * * //

dimensions      [0 1 -1 0 0 0 0];

internalField   nonuniform List<vector> 
1063
(
(0.813877 -0.409971 -6.70377e-24)
(0.883568 -0.109059 -8.92013e-24)
(0.573568 0.64338 6.46625e-22)
(0.554903 0.71557 -1.89228e-22)
(0.455558 0.687427 1.90632e-23)
(0.532388 0.360004 -2.43625e-23)
(0.724969 -0.0987371 -6.83161e-22)
(0.866803 -0.383014 4.07972e-22)
(0.924996 -0.496781 -8.64838e-23)
(0.884751 -0.573922 -2.20339e-22)
(0.824771 -0.584129 -1.49951e-22)
(0.817569 -0.412091 1.95412e-22)
(0.884012 -0.113702 -7.3667e-23)
(0.559736 0.638622 2.63819e-22)
(0.539207 0.719634 -2.92594e-22)
(0.445654 0.688463 3.00452e-22)
(0.536798 0.351166 2.89917e-22)
(0.734188 -0.109344 2.03255e-22)
(0.874494 -0.38935 -3.09485e-22)
(0.931461 -0.497191 4.58178e-23)
(0.890582 -0.570618 -2.18468e-23)
(0.829847 -0.582171 3.52872e-22)
(0.821323 -0.414312 -3.65286e-22)
(0.884581 -0.11845 7.75435e-23)
(0.546141 0.633526 -1.75858e-22)
(0.52359 0.723512 6.777e-22)
(0.436379 0.68903 -1.04695e-21)
(0.542027 0.342197 7.32022e-22)
(0.74388 -0.11959 -1.11967e-21)
(0.88241 -0.395373 5.46646e-23)
(0.937943 -0.497449 2.40919e-22)
(0.896465 -0.567228 -2.08774e-22)
(0.834879 -0.580224 1.06022e-22)
(0.825122 -0.416629 -1.55702e-22)
(0.885267 -0.123299 4.55104e-22)
(0.532779 0.628107 -1.06734e-21)
(0.508079 0.727181 7.76392e-22)
(0.427801 0.689119 -1.08799e-21)
(0.548028 0.333124 1.5108e-21)
(0.754006 -0.129457 2.15259e-22)
(0.890543 -0.401077 -3.27825e-22)
(0.94443 -0.497561 -6.10233e-22)
(0.902394 -0.563752 7.80989e-23)
(0.839863 -0.578283 -4.20434e-22)
(0.828949 -0.41904 3.40094e-22)
(0.886059 -0.128249 -5.3696e-22)
(0.519647 0.622378 -2.92388e-22)
(0.492699 0.730616 1.47596e-21)
(0.419984 0.688727 -4.04889e-22)
(0.554744 0.323973 1.99002e-21)
(0.764528 -0.138929 -1.49424e-21)
(0.898883 -0.406456 1.58142e-21)
(0.950913 -0.49753 -5.00299e-22)
(0.908365 -0.560193 -5.19988e-22)
(0.844797 -0.57634 7.84338e-22)
(0.832784 -0.421542 1.25458e-23)
(0.886946 -0.133298 -3.97246e-22)
(0.506745 0.616355 3.6775e-22)
(0.477474 0.733789 1.46404e-21)
(0.412979 0.687852 3.2766e-22)
(0.56212 0.314774 -1.66003e-22)
(0.775408 -0.147993 6.77005e-22)
(0.907419 -0.411506 -1.96012e-21)
(0.957384 -0.497362 5.40466e-23)
(0.91437 -0.556553 -1.27918e-22)
(0.849683 -0.574388 3.19922e-22)
(0.836612 -0.424129 4.0013e-23)
(0.887916 -0.138444 1.06829e-23)
(0.49407 0.610053 -1.89551e-21)
(0.462425 0.736672 -3.01894e-22)
(0.406828 0.686496 9.35994e-22)
(0.570098 0.305558 -6.51812e-22)
(0.786611 -0.156637 1.08173e-21)
(0.91614 -0.416222 9.92424e-22)
(0.963837 -0.49706 1.61666e-22)
(0.920401 -0.552834 3.69107e-22)
(0.854522 -0.57242 4.24277e-22)
(0.840414 -0.426799 -4.19059e-22)
(0.888957 -0.143688 -3.68037e-22)
(0.481621 0.603488 -1.96379e-21)
(0.447572 0.739237 1.2701e-21)
(0.401559 0.684662 -1.15698e-21)
(0.578621 0.296355 -9.91967e-22)
(0.798102 -0.164853 5.80933e-22)
(0.925031 -0.420603 -1.94765e-23)
(0.970267 -0.496629 -7.60064e-22)
(0.926446 -0.549038 -7.88418e-22)
(0.859319 -0.570426 -6.05669e-22)
(0.844173 -0.429544 -6.28392e-22)
(0.890058 -0.14903 1.06244e-21)
(0.469396 0.596671 8.24383e-22)
(0.432937 0.741454 -8.22051e-22)
(0.397188 0.682359 1.52372e-21)
(0.587635 0.287199 2.75403e-21)
(0.809848 -0.172632 -9.22667e-22)
(0.934079 -0.424645 -1.43899e-21)
(0.976672 -0.496071 7.1487e-22)
(0.932494 -0.545168 5.36333e-22)
(0.864081 -0.5684 -2.61281e-22)
(0.847873 -0.432359 -1.10364e-21)
(0.891204 -0.154469 1.95546e-22)
(0.457395 0.589612 7.04373e-22)
(0.418543 0.743297 -3.39619e-21)
(0.393717 0.679595 2.87576e-21)
(0.597089 0.278122 -2.47009e-21)
(0.82182 -0.179971 4.28174e-22)
(0.943268 -0.428346 -1.42028e-21)
(0.98305 -0.49539 6.4307e-22)
(0.938532 -0.541226 -1.82275e-21)
(0.868815 -0.566331 1.79651e-21)
(0.851499 -0.435238 2.99292e-22)
(0.892386 -0.160008 1.50474e-21)
(0.445616 0.582317 1.47669e-21)
(0.404416 0.744737 1.70464e-21)
(0.391135 0.676384 5.36027e-22)
(0.606937 0.269153 -3.99889e-22)
(0.83399 -0.186864 -2.85694e-22)
(0.952582 -0.431706 2.70937e-23)
(0.989401 -0.49459 -1.07293e-21)
(0.944546 -0.537215 -1.6879e-21)
(0.873532 -0.564212 -1.48451e-21)
(0.855037 -0.438173 1.7489e-22)
(0.89359 -0.165648 1.13218e-22)
(0.39059 0.745748 1.61367e-21)
(0.389423 0.672737 -2.56374e-21)
(0.617137 0.260323 5.88023e-23)
(0.846331 -0.19331 -5.40813e-21)
(0.962006 -0.434723 2.45051e-21)
(0.995726 -0.493672 1.3232e-21)
(0.950523 -0.533139 1.70051e-21)
(0.878242 -0.562035 7.06255e-22)
(0.858474 -0.441154 8.93642e-22)
(0.894804 -0.171389 -9.94393e-22)
(0.377101 0.746308 -7.42325e-22)
(0.388552 0.668672 -5.41711e-22)
(0.627649 0.251659 1.04051e-21)
(0.858821 -0.199307 1.78576e-21)
(0.971522 -0.437398 -3.56835e-21)
(1.00203 -0.49264 -2.42563e-21)
(0.956449 -0.529002 -8.44094e-22)
(0.882954 -0.55979 -9.25189e-22)
(0.861799 -0.444173 1.30336e-21)
(0.896017 -0.177234 8.94836e-22)
(0.363991 0.746393 3.40507e-21)
(0.388489 0.664207 -1.12946e-21)
(0.63844 0.243187 -3.72754e-21)
(0.871437 -0.204855 1.74597e-21)
(0.981113 -0.439732 2.03639e-21)
(1.00831 -0.491496 -9.02559e-23)
(0.962313 -0.524808 4.67889e-22)
(0.88768 -0.557469 -5.75923e-22)
(0.865003 -0.447219 2.95149e-22)
(0.897217 -0.183185 4.15501e-22)
(0.351312 0.745983 -1.67094e-21)
(0.389197 0.659361 3.08486e-21)
(0.649479 0.234931 1.00916e-21)
(0.884158 -0.209953 3.17172e-21)
(0.990765 -0.441725 -2.39571e-21)
(1.01456 -0.490241 9.65666e-22)
(0.968104 -0.52056 -2.92363e-21)
(0.892425 -0.555065 5.63252e-22)
(0.868078 -0.450281 -2.55868e-21)
(0.898392 -0.189244 -1.18976e-21)
(0.339116 0.74506 -7.33024e-22)
(0.390637 0.654156 -3.64007e-21)
(0.66074 0.226912 2.74118e-21)
(0.896966 -0.214604 -3.56295e-21)
(1.00046 -0.44338 3.50223e-21)
(1.0208 -0.488878 -2.06177e-21)
(0.973815 -0.516264 7.01095e-22)
(0.897196 -0.552569 7.17463e-22)
(0.871021 -0.453346 5.57884e-22)
(0.899529 -0.195412 1.01184e-21)
(0.327465 0.743606 3.23843e-21)
(0.392772 0.648615 -5.70067e-23)
(0.672198 0.21915 1.78454e-21)
(0.909843 -0.218808 -2.65669e-21)
(1.01018 -0.444697 -3.72695e-21)
(1.02702 -0.487409 2.58849e-21)
(0.979441 -0.511923 7.01999e-22)
(0.901995 -0.549975 -9.65673e-22)
(0.87383 -0.456403 -1.47495e-21)
(0.900618 -0.20169 3.22185e-22)
(0.31642 0.741605 3.18774e-21)
(0.395564 0.642763 -9.45109e-22)
(0.683832 0.211661 -6.98508e-22)
(0.92277 -0.222567 2.80208e-22)
(1.01992 -0.445679 1.85132e-21)
(1.03322 -0.485835 -1.95283e-22)
(0.984977 -0.507544 -1.04597e-21)
(0.906821 -0.547276 2.75263e-22)
(0.876508 -0.459438 9.76278e-22)
(0.901646 -0.208079 -3.13035e-22)
(0.306046 0.739043 4.59303e-22)
(0.398978 0.636625 -6.89379e-21)
(0.695623 0.204461 5.37331e-21)
(0.935733 -0.225883 5.71395e-21)
(1.02966 -0.446329 -1.62724e-22)
(1.0394 -0.484158 -8.58758e-22)
(0.990423 -0.503129 3.33769e-21)
(0.911668 -0.544465 -1.29923e-21)
(0.879062 -0.462437 3.60308e-22)
(0.902601 -0.21458 1.34389e-21)
(0.296408 0.735904 1.61939e-21)
(0.402984 0.63023 -7.20437e-22)
(0.707555 0.197562 2.29299e-22)
(0.948715 -0.22876 9.41981e-22)
(1.03939 -0.446648 -3.17505e-21)
(1.04555 -0.48238 -2.15455e-21)
(0.995781 -0.498685 3.39258e-21)
(0.916529 -0.541536 1.38527e-22)
(0.881504 -0.465387 -5.39735e-22)
(0.903471 -0.221191 -6.40861e-22)
(0.28757 0.732175 4.88719e-21)
(0.407551 0.623606 -4.01714e-21)
(0.719613 0.190977 -2.96448e-21)
(0.961701 -0.231199 4.9785e-21)
(1.04909 -0.446641 -8.90911e-21)
(1.05168 -0.480502 5.06237e-21)
(1.00105 -0.494215 4.09918e-22)
(0.921395 -0.538486 -3.4673e-21)
(0.883851 -0.468273 3.10656e-21)
(0.904245 -0.227911 -6.83065e-23)
(0.279591 0.727841 5.94602e-23)
(0.412655 0.616782 6.9411e-21)
(0.731785 0.184716 -1.72566e-22)
(0.974679 -0.233204 -1.14618e-21)
(1.05876 -0.446308 4.4191e-21)
(1.05778 -0.478528 -5.93748e-21)
(1.00625 -0.489725 1.89086e-21)
(0.926253 -0.535309 9.27645e-22)
(0.886122 -0.471082 -1.41933e-21)
(0.90491 -0.234737 1.66746e-21)
(0.272526 0.722889 -4.02066e-21)
(0.418271 0.609786 1.19907e-21)
(0.744061 0.178786 7.79501e-21)
(0.987636 -0.234777 -2.96693e-21)
(1.06838 -0.445655 -2.93832e-21)
(1.06385 -0.476459 -7.19838e-22)
(1.01137 -0.485218 1.41019e-21)
(0.931092 -0.532002 -1.99741e-21)
(0.88834 -0.473799 2.89852e-21)
(0.905457 -0.241664 1.25028e-21)
(0.266426 0.717302 -5.13629e-21)
(0.424381 0.602648 6.79819e-21)
(0.756435 0.173196 3.89554e-21)
(1.00056 -0.235923 -6.75412e-21)
(1.07795 -0.444682 7.32979e-21)
(1.06988 -0.474296 -5.08502e-21)
(1.01642 -0.480698 -1.64106e-21)
(0.935901 -0.528563 2.15475e-21)
(0.890531 -0.476411 -3.09619e-21)
(0.905875 -0.248687 2.65634e-21)
(0.261335 0.711068 -5.34706e-22)
(0.430968 0.595396 -2.57743e-21)
(0.7689 0.16795 -1.09937e-21)
(1.01344 -0.236643 2.6179e-21)
(1.08744 -0.443393 -6.82712e-21)
(1.07587 -0.472043 6.6605e-21)
(1.02141 -0.476171 -1.4771e-21)
(0.940669 -0.524991 6.61929e-22)
(0.892719 -0.478903 6.73313e-22)
(0.906155 -0.255797 1.45351e-21)
(0.25729 0.704171 -2.60427e-22)
(0.438015 0.588058 9.62548e-22)
(0.781457 0.163056 -7.06906e-21)
(1.02627 -0.236943 9.81374e-21)
(1.09687 -0.44179 -4.45799e-21)
(1.08181 -0.469702 -1.06018e-22)
(1.02635 -0.47164 5.49094e-22)
(0.94539 -0.521286 5.4184e-22)
(0.894924 -0.481263 8.08905e-22)
(0.906291 -0.262987 2.25522e-21)
(0.254324 0.696601 -6.25454e-21)
(0.445512 0.58066 5.56186e-21)
(0.794109 0.158516 -2.30827e-21)
(1.03904 -0.236823 -6.05478e-21)
(1.10621 -0.439877 2.10725e-21)
(1.0877 -0.467275 -1.74265e-21)
(1.03123 -0.467109 8.04389e-22)
(0.950058 -0.517448 -7.55018e-22)
(0.897165 -0.483476 -7.52835e-22)
(0.906281 -0.270244 6.31245e-22)
(0.252463 0.688348 -3.53209e-21)
(0.453449 0.573227 9.34945e-21)
(0.806865 0.154335 2.74487e-21)
(1.05175 -0.236288 2.30072e-22)
(1.11545 -0.437654 -1.18364e-21)
(1.09353 -0.464764 -2.0367e-21)
(1.03608 -0.462582 3.60515e-21)
(0.954673 -0.513479 -2.65236e-21)
(0.899454 -0.48553 -3.39422e-23)
(0.906125 -0.277559 -7.23457e-22)
(0.251729 0.679408 -4.85342e-21)
(0.461818 0.565781 9.01536e-21)
(0.819741 0.150514 -1.85588e-21)
(1.0644 -0.235339 -6.70792e-21)
(1.12458 -0.435124 2.65421e-21)
(1.09931 -0.462172 -2.44211e-21)
(1.04088 -0.458065 1.61406e-21)
(0.959234 -0.50938 1.47088e-21)
(0.901797 -0.487411 -4.53394e-22)
(0.905831 -0.284919 9.42432e-22)
(0.25214 0.669782 -2.70658e-21)
(0.470614 0.558341 -3.5659e-21)
(0.832764 0.147055 3.48067e-21)
(1.07698 -0.23398 6.2349e-21)
(1.13361 -0.432289 -8.90299e-21)
(1.10502 -0.4595 2.56979e-21)
(1.04566 -0.453561 -1.65641e-21)
(0.963747 -0.505155 6.09433e-22)
(0.904194 -0.489109 2.74707e-21)
(0.905414 -0.292308 -3.84921e-21)
(0.253709 0.659479 -3.57572e-21)
(0.479836 0.550925 1.2541e-20)
(0.845976 0.143959 -7.76337e-21)
(1.0895 -0.23221 -2.97297e-21)
(1.1425 -0.429149 6.73147e-21)
(1.11067 -0.456751 -9.22033e-22)
(1.0504 -0.449075 -6.98549e-22)
(0.968217 -0.500806 -1.86472e-21)
(0.90664 -0.490611 1.3323e-21)
(0.904896 -0.299712 4.82484e-22)
(0.256447 0.648518 2.84068e-22)
(0.489485 0.543545 5.18849e-22)
(0.859441 0.141223 7.17777e-22)
(1.10196 -0.230029 -8.136e-21)
(1.15126 -0.425707 6.45599e-21)
(1.11624 -0.453928 -5.00289e-21)
(1.05511 -0.444615 1.65514e-22)
(0.972651 -0.496337 3.24528e-21)
(0.909129 -0.491908 6.80531e-22)
(0.904305 -0.307118 -1.11393e-21)
(0.260359 0.636926 2.17472e-23)
(0.499572 0.536211 1.23679e-21)
(0.873254 0.138852 -5.33521e-21)
(1.11439 -0.22743 7.78126e-21)
(1.15988 -0.421961 -6.96835e-22)
(1.12174 -0.451036 2.32149e-21)
(1.05979 -0.440187 -3.60369e-21)
(0.977058 -0.491753 1.42012e-21)
(0.91165 -0.492991 8.12872e-22)
(0.903679 -0.314511 -2.4792e-21)
(0.265451 0.624744 2.19821e-21)
(0.510128 0.528926 -3.11364e-21)
(0.88756 0.13685 -5.01111e-21)
(1.12678 -0.224407 -1.69928e-21)
(1.16833 -0.417908 3.39779e-21)
(1.12716 -0.448068 -1.84895e-21)
(1.06445 -0.435789 3.4593e-21)
(0.981446 -0.487052 -2.68587e-21)
(0.914195 -0.493847 2.0055e-21)
(0.903054 -0.32187 -7.08762e-22)
(0.271729 0.61202 -1.79876e-21)
(0.521238 0.521681 4.38201e-21)
(0.902582 0.135175 -7.21572e-21)
(1.13916 -0.220986 9.75145e-21)
(1.1766 -0.413543 -1.42177e-21)
(1.1325 -0.445001 -1.29932e-22)
(1.06908 -0.431411 2.45885e-21)
(0.985826 -0.482234 -2.65118e-21)
(0.916756 -0.494462 -1.18986e-21)
(0.902465 -0.329152 -5.89258e-23)
(0.279232 0.598804 8.77262e-22)
(0.533126 0.514409 -1.11289e-21)
(0.918667 0.133732 2.44943e-22)
(1.15155 -0.217196 1.00018e-21)
(1.18468 -0.40888 -5.88846e-21)
(1.13775 -0.441857 4.36683e-22)
(1.07368 -0.42708 1.96356e-21)
(0.990204 -0.477326 -2.16977e-22)
(0.919329 -0.494851 -1.80849e-21)
(0.901939 -0.336346 2.3665e-21)
(0.288142 0.585204 1.95303e-21)
(0.5464 0.507192 -1.30065e-21)
(0.936366 0.132813 1.49239e-21)
(1.16396 -0.212806 -7.88932e-21)
(1.19255 -0.403956 6.78589e-21)
(1.14291 -0.43879 -2.86039e-21)
(1.07826 -0.422921 4.90254e-21)
(0.994589 -0.472381 3.5277e-22)
(0.921913 -0.495073 -3.35994e-21)
(0.901501 -0.343592 -3.1856e-22)
(0.299317 0.571588 -4.05875e-22)
(0.562826 0.500931 -4.0807e-21)
(0.956588 0.133519 2.60188e-21)
(1.17639 -0.207285 6.55053e-21)
(1.20018 -0.398707 -5.42644e-21)
(1.14799 -0.435855 -1.76768e-21)
(1.08281 -0.418954 4.57501e-21)
(0.998992 -0.46734 -2.75422e-21)
(0.924505 -0.495088 2.25063e-21)
(0.901159 -0.351024 2.8236e-22)
(0.316233 0.557267 -2.20753e-22)
(0.587598 0.494153 -3.64677e-21)
(0.980807 0.133863 3.25798e-21)
(1.18877 -0.201554 2.38272e-21)
(1.20751 -0.392799 -2.02188e-21)
(1.15295 -0.432219 -2.22636e-21)
(1.08734 -0.414523 2.05906e-21)
(1.00342 -0.461885 2.19858e-22)
(0.927101 -0.494496 -2.55517e-21)
(0.900903 -0.357827 2.5636e-21)
(0.344922 0.539134 0)
(0.63011 0.472793 0)
(1.01288 0.121768 0)
(1.20273 -0.199409 0)
(1.21577 -0.385519 0)
(1.15868 -0.426162 0)
(1.09262 -0.408146 0)
(1.00869 -0.455074 0)
(0.930219 -0.492831 0)
(0.900713 -0.363041 0)
(0.898007 -0.0787411 0)
(0.385808 0.523212 0)
(0.687478 0.439877 0)
(1.052 0.0940296 0)
(1.22236 -0.21013 0)
(1.22598 -0.38449 0)
(1.16345 -0.420766 0)
(1.09581 -0.401817 0)
(1.01192 -0.448716 0)
(0.932225 -0.487825 0)
(0.900184 -0.359986 0)
(0.894907 -0.0754473 0)
(0.432579 0.508152 0)
(0.748434 0.40683 0)
(1.09169 0.0684035 0)
(1.24296 -0.218598 0)
(1.23594 -0.381976 0)
(1.16746 -0.414995 0)
(1.09802 -0.395312 0)
(1.01444 -0.441901 0)
(0.93383 -0.483045 0)
(0.899426 -0.357863 0)
(0.891754 -0.0730805 0)
(0.485742 0.491412 0)
(0.811645 0.374672 0)
(1.13164 0.0457548 0)
(1.26317 -0.224731 0)
(1.24514 -0.378214 0)
(1.17085 -0.408679 0)
(1.09975 -0.388534 0)
(1.01669 -0.434844 0)
(0.935207 -0.478169 0)
(0.898429 -0.356103 0)
(0.888473 -0.0714363 0)
(0.545388 0.473135 0)
(0.875973 0.342935 0)
(1.17115 0.0248077 0)
(1.28226 -0.229502 0)
(1.25336 -0.373595 0)
(1.17366 -0.401872 0)
(1.10112 -0.381544 0)
(1.01876 -0.427619 0)
(0.936402 -0.473039 0)
(0.897214 -0.354104 0)
(0.885031 -0.0695677 0)
(0.610919 0.453845 0)
(0.940436 0.311596 0)
(1.2094 0.00554254 0)
(1.29972 -0.232918 0)
(1.26045 -0.368117 0)
(1.17588 -0.394595 0)
(1.10217 -0.374364 0)
(1.02068 -0.420222 0)
(0.937421 -0.46764 0)
(0.895782 -0.351822 0)
(0.881425 -0.0674175 0)
(0.680999 0.433733 0)
(1.00405 0.281096 0)
(1.24553 -0.0117341 0)
(1.31516 -0.234864 0)
(1.2663 -0.361782 0)
(1.17747 -0.38687 0)
(1.10289 -0.367009 0)
(1.02246 -0.412653 0)
(0.938263 -0.461966 0)
(0.894119 -0.349279 0)
(0.877652 -0.0650527 0)
(0.753685 0.41282 0)
(1.06566 0.251916 0)
(1.27873 -0.026849 0)
(1.32826 -0.235317 0)
(1.27084 -0.35463 0)
(1.17845 -0.378727 0)
(1.10329 -0.359497 0)
(1.02408 -0.404915 0)
(0.938927 -0.456003 0)
(0.892209 -0.346469 0)
(0.873709 -0.062476 0)
(0.82668 0.391135 0)
(1.12391 0.224419 0)
(1.30825 -0.0397104 0)
(1.33879 -0.234313 0)
(1.27404 -0.346723 0)
(1.17882 -0.370201 0)
(1.10335 -0.351848 0)
(1.02557 -0.397011 0)
(0.939413 -0.449736 0)
(0.890036 -0.34338 0)
(0.869582 -0.0596774 0)
(0.897608 0.368758 0)
(1.17735 0.198859 0)
(1.33344 -0.0502858 0)
(1.34658 -0.231924 0)
(1.27587 -0.338138 0)
(1.17861 -0.361334 0)
(1.10309 -0.344082 0)
(1.0269 -0.388946 0)
(0.939725 -0.443149 0)
(0.88758 -0.339999 0)
(0.865253 -0.0566487 0)
(0.964232 0.345803 0)
(1.22461 0.17541 0)
(1.3538 -0.0586143 0)
(1.35156 -0.228265 0)
(1.27636 -0.328969 0)
(1.17783 -0.352169 0)
(1.10251 -0.336221 0)
(1.02809 -0.380724 0)
(0.93987 -0.436223 0)
(0.88482 -0.336311 0)
(0.860694 -0.0533811 0)
(1.02461 0.322424 0)
(1.26458 0.154153 0)
(1.36902 -0.0648129 0)
(1.35375 -0.223486 0)
(1.27558 -0.319319 0)
(1.17654 -0.342751 0)
(1.1016 -0.328286 0)
(1.02913 -0.37235 0)
(0.939859 -0.428939 0)
(0.881734 -0.332299 0)
(0.855865 -0.0498646 0)
(1.07723 0.298811 0)
(1.2965 0.135083 0)
(1.37903 -0.0690711 0)
(1.35326 -0.217766 0)
(1.2736 -0.3093 0)
(1.17478 -0.333126 0)
(1.10039 -0.320296 0)
(1.03002 -0.363831 0)
(0.939708 -0.421275 0)
(0.878298 -0.327941 0)
(0.850716 -0.0460883 0)
(1.1211 0.275192 0)
(1.32007 0.118103 0)
(1.38399 -0.0716382 0)
(1.35032 -0.211305 0)
(1.27054 -0.299025 0)
(1.17262 -0.323338 0)
(1.09887 -0.312267 0)
(1.03075 -0.355173 0)
(0.939436 -0.413208 0)
(0.874491 -0.32321 0)
(0.845186 -0.0420406 0)
(1.15584 0.251816 0)
(1.3355 0.103048 0)
(1.38431 -0.0728039 0)
(1.34522 -0.204306 0)
(1.26652 -0.288602 0)
(1.17011 -0.313428 0)
(1.09708 -0.304216 0)
(1.03131 -0.346384 0)
(0.939065 -0.404711 0)
(0.870293 -0.318076 0)
(0.839213 -0.03771 0)
(1.18169 0.228945 0)
(1.34343 0.0897025 0)
(1.38057 -0.0728744 0)
(1.3383 -0.196966 0)
(1.26168 -0.278134 0)
(1.16732 -0.303433 0)
(1.09501 -0.296153 0)
(1.03169 -0.337472 0)
(0.938624 -0.395759 0)
(0.865692 -0.312497 0)
(0.832731 -0.0330849 0)
(1.19946 0.206824 0)
(1.34488 0.0778266 0)
(1.3735 -0.0721482 0)
(1.32994 -0.189462 0)
(1.25616 -0.26771 0)
(1.1643 -0.293385 0)
(1.09271 -0.288087 0)
(1.03187 -0.328447 0)
(0.938142 -0.386324 0)
(0.860683 -0.306428 0)
(0.825679 -0.0281542 0)
(1.21039 0.185668 0)
(1.34111 0.0671827 0)
(1.36388 -0.0708952 0)
(1.32051 -0.181945 0)
(1.25006 -0.257405 0)
(1.1611 -0.283314 0)
(1.0902 -0.28002 0)
(1.03183 -0.319321 0)
(0.937653 -0.376377 0)
(0.855278 -0.299814 0)
(0.818 -0.0229077 0)
(1.21588 0.165644 0)
(1.33342 0.0575566 0)
(1.35244 -0.0693413 0)
(1.31036 -0.174529 0)
(1.24351 -0.247277 0)
(1.15778 -0.273244 0)
(1.0875 -0.271952 0)
(1.03154 -0.310103 0)
(0.937193 -0.365892 0)
(0.849505 -0.292593 0)
(0.80965 -0.0173342 0)
(1.2174 0.146868 0)
(1.32307 0.0487675 0)
(1.33986 -0.0676625 0)
(1.29978 -0.167297 0)
(1.23659 -0.237373 0)
(1.15437 -0.263199 0)
(1.08467 -0.263878 0)
(1.03098 -0.300808 0)
(0.936796 -0.354844 0)
(0.843417 -0.284692 0)
(0.800593 -0.0114213 0)
(1.2162 0.129402 0)
(1.31111 0.0406795 0)
(1.32668 -0.0659833 0)
(1.28903 -0.160302 0)
(1.22939 -0.227723 0)
(1.15089 -0.253197 0)
(1.08175 -0.255789 0)
(1.03012 -0.291448 0)
(0.936495 -0.343213 0)
(0.837096 -0.276033 0)
(0.79081 -0.00515412 0)
(1.21331 0.113268 0)
(1.29838 0.0331944 0)
(1.31331 -0.0643842 0)
(1.27828 -0.153566 0)
(1.22197 -0.218345 0)
(1.14737 -0.243261 0)
(1.07879 -0.247673 0)
(1.02894 -0.282035 0)
(0.936319 -0.330985 0)
(0.830662 -0.26653 0)
(0.780307 0.00148572 0)
(1.20948 0.0984489 0)
(1.28548 0.0262512 0)
(1.30004 -0.0629096 0)
(1.26769 -0.147098 0)
(1.21439 -0.209247 0)
(1.1438 -0.233412 0)
(1.07586 -0.239513 0)
(1.02743 -0.272579 0)
(0.936287 -0.318157 0)
(0.824276 -0.256091 0)
(0.769125 0.00852051 0)
(1.20519 0.0849051 0)
(1.27283 0.0198182 0)
(1.28705 -0.0615772 0)
(1.25734 -0.140887 0)
(1.20671 -0.200431 0)
(1.14017 -0.223674 0)
(1.07303 -0.231293 0)
(1.02557 -0.26309 0)
(0.936406 -0.304735 0)
(0.818144 -0.244625 0)
(0.757362 0.0159749 0)
(1.20075 0.0725794 0)
(1.26065 0.0138728 0)
(1.27444 -0.0603882 0)
(1.24731 -0.13492 0)
(1.19898 -0.191887 0)
(1.13648 -0.214072 0)
(1.07037 -0.222996 0)
(1.02337 -0.253571 0)
(0.936667 -0.290746 0)
(0.812522 -0.232041 0)
(0.745202 0.0238742 0)
(1.1963 0.061404 0)
(1.24909 0.00840498 0)
(1.26227 -0.0593318 0)
(1.23762 -0.129177 0)
(1.19126 -0.183603 0)
(1.13268 -0.204633 0)
(1.06793 -0.214605 0)
(1.02086 -0.244022 0)
(0.937043 -0.276232 0)
(0.807714 -0.218267 0)
(0.732947 0.0322388 0)
(1.19191 0.0513063 0)
(1.23821 0.00340799 0)
(1.25055 -0.0583903 0)
(1.22827 -0.12364 0)
(1.18362 -0.17556 0)
(1.12876 -0.195386 0)
(1.06578 -0.206111 0)
(1.01811 -0.234435 0)
(0.937485 -0.26126 0)
(0.80406 -0.203256 0)
(0.721058 0.0410766 0)
(1.1876 0.0422109 0)
(1.22801 -0.00113004 0)
(1.23931 -0.0575414 0)
(1.21926 -0.118294 0)
(1.17613 -0.167736 0)
(1.12469 -0.186359 0)
(1.06393 -0.197511 0)
(1.01522 -0.224796 0)
(0.937928 -0.24592 0)
(0.801919 -0.187008 0)
(0.710192 0.0503704 0)
(1.18333 0.0340443 0)
(1.21847 -0.00521086 0)
(1.22853 -0.0567599 0)
(1.21056 -0.113128 0)
(1.16886 -0.160108 0)
(1.12046 -0.177577 0)
(1.06239 -0.188812 0)
(1.01231 -0.215082 0)
(0.938296 -0.230325 0)
(0.801637 -0.169591 0)
(0.701236 0.0600607 0)
(1.17912 0.0267372 0)
(1.20957 -0.00883822 0)
(1.21823 -0.0560184 0)
(1.20213 -0.108132 0)
(1.16186 -0.152652 0)
(1.11607 -0.169059 0)
(1.06112 -0.180034 0)
(1.00955 -0.205265 0)
(0.938515 -0.214613 0)
(0.803496 -0.15116 0)
(0.695312 0.0700233 0)
(1.17493 0.0202217 0)
(1.20124 -0.0120331 0)
(1.20842 -0.0552885 0)
(1.19395 -0.103303 0)
(1.1552 -0.145348 0)
(1.11155 -0.160815 0)
(1.06005 -0.171211 0)
(1.00711 -0.195315 0)
(0.938541 -0.198934 0)
(0.807662 -0.131983 0)
(0.693725 0.0800439 0)
(1.17078 0.0144342 0)
(1.19344 -0.014815 0)
(1.1991 -0.0545416 0)
(1.18597 -0.098638 0)
(1.14889 -0.13818 0)
(1.10698 -0.152846 0)
(1.05907 -0.162391 0)
(1.00519 -0.185205 0)
(0.938387 -0.183445 0)
(0.814123 -0.112465 0)
(0.697822 0.0897871 0)
(1.16665 0.00931997 0)
(1.18611 -0.0172056 0)
(1.19029 -0.0537501 0)
(1.1782 -0.0941326 0)
(1.14293 -0.131141 0)
(1.10244 -0.145141 0)
(1.05808 -0.15363 0)
(1.00391 -0.174918 0)
(0.938153 -0.168287 0)
(0.822654 -0.0931449 0)
(0.70874 0.0987787 0)
(1.16256 0.00482913 0)
(1.17918 -0.0192291 0)
(1.18198 -0.0528894 0)
(1.17062 -0.0897817 0)
(1.13731 -0.12423 0)
(1.09804 -0.137677 0)
(1.05698 -0.144988 0)
(1.00333 -0.164461 0)
(0.938043 -0.153582 0)
(0.832838 -0.0746389 0)
(0.727029 0.106422 0)
(1.15852 0.000914753 0)
(1.17262 -0.020911 0)
(1.17417 -0.0519394 0)
(1.16326 -0.0855764 0)
(1.13198 -0.117459 0)
(1.09387 -0.130428 0)
(1.05569 -0.13652 0)
(1.00343 -0.153869 0)
(0.938357 -0.139422 0)
(0.844148 -0.0575777 0)
(0.752274 0.112057 0)
(1.15455 -0.0024668 0)
(1.16639 -0.0222761 0)
(1.16682 -0.0508851 0)
(1.15614 -0.081504 0)
(1.12689 -0.110841 0)
(1.09 -0.123364 0)
(1.05422 -0.128271 0)
(1.0041 -0.143217 0)
(0.939435 -0.12587 0)
(0.856096 -0.0425202 0)
(0.782889 0.115068 0)
(1.15065 -0.00535493 0)
(1.16045 -0.0233472 0)
(1.15992 -0.0497175 0)
(1.14931 -0.0775492 0)
(1.12201 -0.104395 0)
(1.08648 -0.116461 0)
(1.05262 -0.120264 0)
(1.00515 -0.132611 0)
(0.941567 -0.11297 0)
(0.86837 -0.0298862 0)
(0.816292 0.115047 0)
(1.14684 -0.00778643 0)
(1.15479 -0.0241453 0)
(1.15343 -0.0484334 0)
(1.14279 -0.0736955 0)
(1.11732 -0.0981394 0)
(1.0833 -0.109703 0)
(1.05096 -0.112508 0)
(1.00641 -0.122179 0)
(0.944896 -0.100776 0)
(0.880871 -0.0197985 0)
(0.849503 0.111959 0)
(1.14312 -0.00979847 0)
(1.14939 -0.0246889 0)
(1.14731 -0.0470338 0)
(1.1366 -0.0699271 0)
(1.1128 -0.0920855 0)
(1.08044 -0.103084 0)
(1.04936 -0.104995 0)
(1.00775 -0.11205 0)
(0.949383 -0.0893578 0)
(0.893621 -0.0121031 0)
(0.879929 0.106199 0)
(1.13949 -0.0114255 0)
(1.14426 -0.0249943 0)
(1.14153 -0.0455232 0)
(1.13076 -0.0662307 0)
(1.10846 -0.0862403 0)
(1.07783 -0.0966076 0)
(1.04791 -0.0977159 0)
(1.0091 -0.102343 0)
(0.954812 -0.0787906 0)
(0.906597 -0.00646979 0)
(0.905995 0.0984854 0)
(1.13595 -0.0127008 0)
(1.13937 -0.0250763 0)
(1.13608 -0.0439078 0)
(1.12528 -0.0625966 0)
(1.10431 -0.080604 0)
(1.07545 -0.0902854 0)
(1.04666 -0.0906611 0)
(1.01047 -0.0931419 0)
(0.960862 -0.0691434 0)
(0.919628 -0.00242432 0)
(0.927303 0.0896726 0)
(1.13251 -0.013656 0)
(1.13473 -0.0249491 0)
(1.13092 -0.0421947 0)
(1.12014 -0.0590185 0)
(1.10038 -0.0751713 0)
(1.07323 -0.0841303 0)
(1.04565 -0.0838303 0)
(1.01188 -0.0844999 0)
(0.967197 -0.0604587 0)
(0.932414 0.000418531 0)
(0.944352 0.080529 0)
(1.12916 -0.0143211 0)
(1.13032 -0.0246263 0)
(1.12606 -0.0403911 0)
(1.11533 -0.0554933 0)
(1.09669 -0.0699339 0)
(1.07116 -0.0781548 0)
(1.04486 -0.0772311 0)
(1.01339 -0.0764353 0)
(0.97352 -0.0527373 0)
(0.944623 0.00240728 0)
(0.958058 0.071619 0)
(1.12591 -0.0147238 0)
(1.12615 -0.0241218 0)
(1.12148 -0.038504 0)
(1.11084 -0.05202 0)
(1.09323 -0.0648817 0)
(1.06922 -0.0723688 0)
(1.04428 -0.0708771 0)
(1.015 -0.0689428 0)
(0.979627 -0.0459365 0)
(0.955986 0.00382109 0)
(0.969323 0.0632806 0)
(1.12277 -0.0148898 0)
(1.12221 -0.0234494 0)
(1.11718 -0.03654 0)
(1.10666 -0.0485985 0)
(1.09001 -0.0600051 0)
(1.06741 -0.0667783 0)
(1.04387 -0.0647837 0)
(1.01673 -0.0620004 0)
(0.985393 -0.0399833 0)
(0.966338 0.00478783 0)
(0.97884 0.0556675 0)
(1.11974 -0.0148425 0)
(1.11849 -0.0226232 0)
(1.11315 -0.0345053 0)
(1.10276 -0.0452292 0)
(1.08703 -0.0552952 0)
(1.06574 -0.0613852 0)
(1.0436 -0.0589652 0)
(1.01855 -0.0555771 0)
(0.990762 -0.0347897 0)
(0.975612 0.005404 0)
(0.987057 0.048814 0)
(1.11682 -0.0146033 0)
(1.11498 -0.0216568 0)
(1.1094 -0.0324063 0)
(1.09915 -0.0419115 0)
(1.08429 -0.0507441 0)
(1.0642 -0.0561877 0)
(1.04342 -0.0534309 0)
(1.02041 -0.0496392 0)
(0.995718 -0.0302609 0)
(0.983816 0.00573495 0)
(0.994239 0.0426887 0)
(1.11404 -0.0141914 0)
(1.11169 -0.0205634 0)
(1.10591 -0.0302489 0)
(1.09581 -0.0386445 0)
(1.08176 -0.0463449 0)
(1.06281 -0.0511814 0)
(1.04333 -0.0481837 0)
(1.02229 -0.0441528 0)
(1.00027 -0.0263045 0)
(0.991006 0.00582976 0)
(1.00054 0.0372296 0)
(1.1114 -0.0136243 0)
(1.10862 -0.0193557 0)
(1.10268 -0.0280392 0)
(1.09274 -0.0354257 0)
(1.07944 -0.0420911 0)
(1.06157 -0.0463597 0)
(1.0433 -0.0432201 0)
(1.02412 -0.039085 0)
(1.00443 -0.0228343 0)
(0.997263 0.00573077 0)
(1.00604 0.0323643 0)
(1.10891 -0.012918 0)
(1.10576 -0.0180452 0)
(1.09972 -0.025783 0)
(1.08994 -0.0322519 0)
(1.07732 -0.0379754 0)
(1.06046 -0.0417146 0)
(1.04331 -0.0385299 0)
(1.02588 -0.0344041 0)
(1.00822 -0.0197728 0)
(1.00268 0.00547741 0)
(1.01081 0.0280203 0)
(1.10658 -0.0120867 0)
(1.10311 -0.0166423 0)
(1.09701 -0.0234857 0)
(1.08739 -0.0291189 0)
(1.0754 -0.0339899 0)
(1.05949 -0.0372364 0)
(1.04336 -0.0340977 0)
(1.02753 -0.0300777 0)
(1.01164 -0.0170536 0)
(1.00735 0.00510575 0)
(1.01492 0.0241298 0)
(1.10442 -0.0111435 0)
(1.10069 -0.0151562 0)
(1.09455 -0.0211518 0)
(1.0851 -0.0260214 0)
(1.07366 -0.030125 0)
(1.05864 -0.0329141 0)
(1.04344 -0.0299035 0)
(1.02904 -0.0260736 0)
(1.01471 -0.0146206 0)
(1.01135 0.00464881 0)
(1.01841 0.0206315 0)
(1.10244 -0.0101003 0)
(1.09849 -0.0135949 0)
(1.09234 -0.0187853 0)
(1.08305 -0.0229534 0)
(1.07211 -0.0263696 0)
(1.0579 -0.028735 0)
(1.04353 -0.025924 0)
(1.03041 -0.0223583 0)
(1.01743 -0.0124254 0)
(1.01476 0.00413554 0)
(1.02135 0.0174707 0)
(1.10066 -0.00896766 0)
(1.09652 -0.011965 0)
(1.09038 -0.0163885 0)
(1.08125 -0.0199081 0)
(1.07074 -0.0227105 0)
(1.05727 -0.0246843 0)
(1.04364 -0.0221332 0)
(1.03162 -0.0188974 0)
(1.01981 -0.0104265 0)
(1.01765 0.00358963 0)
(1.02379 0.0145986 0)
(1.09909 -0.00775514 0)
(1.0948 -0.0102723 0)
(1.08868 -0.0139625 0)
(1.0797 -0.0168774 0)
(1.06956 -0.0191323 0)
(1.05675 -0.0207448 0)
(1.04376 -0.0185036 0)
(1.03266 -0.015655 0)
(1.02185 -0.00858826 0)
(1.02005 0.00302931 0)
(1.02578 0.0119703 0)
(1.09773 -0.00647126 0)
(1.09333 -0.00852121 0)
(1.08723 -0.0115071 0)
(1.0784 -0.0138525 0)
(1.06856 -0.0156177 0)
(1.05631 -0.0168962 0)
(1.04387 -0.0150054 0)
(1.03354 -0.0125941 0)
(1.02356 -0.00687818 0)
(1.02202 0.00246728 0)
(1.02737 0.00954359 0)
(1.09662 -0.00512358 0)
(1.09213 -0.00671521 0)
(1.08605 -0.00901984 0)
(1.07734 -0.0108227 0)
(1.06774 -0.0121465 0)
(1.05596 -0.0131154 0)
(1.04397 -0.0116071 0)
(1.03425 -0.00967664 0)
(1.02494 -0.00526642 0)
(1.02358 0.00191087 0)
(1.0286 0.0072774 0)
(1.09575 -0.00371888 0)
(1.0912 -0.00485702 0)
(1.08514 -0.00649704 0)
(1.07653 -0.00777632 0)
(1.06712 -0.00869659 0)
(1.0557 -0.00937528 0)
(1.04405 -0.00827506 0)
(1.03479 -0.00686208 0)
(1.02598 -0.0037247 0)
(1.02474 0.00136269 0)
(1.0295 0.00513076 0)
(1.09516 -0.00226312 0)
(1.09056 -0.00294857 0)
(1.08452 -0.00393296 0)
(1.07598 -0.00469941 0)
(1.0667 -0.00524254 0)
(1.05552 -0.00564509 0)
(1.04411 -0.00497354 0)
(1.03515 -0.00410833 0)
(1.02669 -0.0022254 0)
(1.02553 0.000820631 0)
(1.0301 0.0030611 0)
(1.09485 -0.000761558 0)
(1.09023 -0.000990983 0)
(1.0842 -0.00131987 0)
(1.07569 -0.00157572 0)
(1.06648 -0.00175553 0)
(1.05543 -0.00188911 0)
(1.04414 -0.0016628 0)
(1.03534 -0.00137058 0)
(1.02705 -0.000741371 0)
(1.02592 0.000275303 0)
(1.0304 0.00101997 0)
)
;

boundaryField
{
    inlet
    {
        type            uniformFixedValue;
        uniformValue    constant (1 0 0);
        value           nonuniform 0();
    }
    outlet
    {
        type            pressureInletOutletVelocity;
        value           nonuniform 0();
    }
    cylinder
    {
        type            fixedValue;
        value           nonuniform 0();
    }
    top
    {
        type            symmetryPlane;
    }
    bottom
    {
        type            symmetryPlane;
    }
    defaultFaces
    {
        type            empty;
    }
    procBoundary27to11
    {
        type            processor;
        value           nonuniform List<vector> 
12
(
(0.587641 0.647787 3.00971e-22)
(0.570643 0.711343 1.07804e-22)
(0.466022 0.685933 1.89266e-22)
(0.528841 0.36869 3.45832e-23)
(0.716258 -0.0877896 -1.22386e-22)
(0.859345 -0.376371 7.09537e-23)
(0.918559 -0.496214 -1.64783e-23)
(0.878974 -0.577137 -3.10939e-23)
(0.819655 -0.586105 -1.07803e-22)
(0.819655 -0.586105 -1.07803e-22)
(0.810263 -0.407952 5.78383e-23)
(0.883258 -0.104523 -7.59907e-23)
)
;
    }
    procBoundary27to12
    {
        type            processor;
        value           uniform (0.963894 0.156712 -7.12827e-23);
    }
    procBoundary27to26
    {
        type            processor;
        value           nonuniform List<vector> 
100
(
(0.44302 0.45929 -1.18473e-23)
(0.42328 0.445982 -1.88661e-22)
(0.404582 0.431913 -1.97917e-21)
(0.38701 0.417096 1.51389e-21)
(0.370642 0.401546 -1.95308e-21)
(0.355528 0.385275 -4.29308e-22)
(0.341696 0.368295 -1.96951e-21)
(0.329144 0.350612 8.66626e-22)
(0.317843 0.332226 -1.62706e-21)
(0.30773 0.313133 1.10875e-21)
(0.298712 0.293321 3.27457e-21)
(0.434055 0.574784 -4.07819e-21)
(0.434055 0.574784 -4.07819e-21)
(0.422708 0.567006 3.70401e-21)
(0.41157 0.558967 4.5021e-23)
(0.400634 0.550643 1.04549e-21)
(0.389891 0.541999 2.02425e-21)
(0.379328 0.532991 -3.46967e-21)
(0.368933 0.523565 1.53756e-22)
(0.358691 0.51366 3.01585e-21)
(0.348588 0.50321 1.11088e-21)
(0.338616 0.492145 3.64755e-21)
(0.328774 0.480401 5.85773e-21)
(0.319075 0.467921 -2.40222e-21)
(0.309545 0.454661 -2.89075e-21)
(0.300239 0.4406 3.23144e-21)
(0.291248 0.425746 -1.45389e-21)
(0.282687 0.410131 -2.27074e-21)
(0.2747 0.393819 1.51659e-22)
(0.267465 0.376906 -3.05808e-22)
(0.261192 0.359517 -9.31333e-22)
(0.256122 0.341795 3.94864e-22)
(0.25252 0.323898 9.00486e-22)
(0.25068 0.305983 -8.01252e-22)
(0.250932 0.288203 1.63614e-21)
(0.253657 0.270718 1.85848e-21)
(0.259321 0.253693 1.90816e-21)
(0.268524 0.237007 9.10951e-23)
(0.282088 0.220021 -7.3396e-22)
(0.301061 0.204203 -8.98812e-22)
(0.326539 0.19723 0)
(0.36474 0.205988 0)
(0.409332 0.215712 0)
(0.459081 0.223733 0)
(0.5126 0.230905 0)
(0.568501 0.2374 0)
(0.625426 0.242731 0)
(0.682068 0.246339 0)
(0.737188 0.247803 0)
(0.789659 0.246842 0)
(0.838518 0.243308 0)
(0.883041 0.237188 0)
(0.922796 0.22862 0)
(0.957655 0.217875 0)
(0.987748 0.205344 0)
(1.01341 0.191489 0)
(1.03509 0.176807 0)
(1.05331 0.161774 0)
(1.0686 0.146806 0)
(1.08145 0.132238 0)
(1.09227 0.118308 0)
(1.10141 0.10517 0)
(1.10916 0.0929023 0)
(1.1157 0.0815351 0)
(1.1212 0.0710614 0)
(1.12578 0.0614546 0)
(1.12953 0.0526772 0)
(1.13254 0.044688 0)
(1.13488 0.0374449 0)
(1.13663 0.0309061 0)
(1.13785 0.0250315 0)
(1.1386 0.0197818 0)
(1.13892 0.0151167 0)
(1.13886 0.0109973 0)
(1.13846 0.00738723 0)
(1.13773 0.0042444 0)
(1.13672 0.00152983 0)
(1.13545 -0.000778913 0)
(1.13396 -0.00272499 0)
(1.13226 -0.00435107 0)
(1.1304 -0.00567967 0)
(1.12841 -0.00673813 0)
(1.12631 -0.00755165 0)
(1.12414 -0.00814331 0)
(1.12192 -0.0085343 0)
(1.11967 -0.00874418 0)
(1.11744 -0.008791 0)
(1.11522 -0.00869143 0)
(1.11306 -0.00846086 0)
(1.11096 -0.0081134 0)
(1.10895 -0.00766194 0)
(1.10705 -0.00711817 0)
(1.10529 -0.00649261 0)
(1.10367 -0.00579466 0)
(1.10222 -0.00503267 0)
(1.10096 -0.00421409 0)
(1.09991 -0.00334559 0)
(1.09909 -0.00243319 0)
(1.09853 -0.0014826 0)
(1.09823 -0.000499144 0)
)
;
    }
    procBoundary27to28
    {
        type            processor;
        value           nonuniform List<vector> 
100
(
(0.961627 0.153594 -3.65843e-22)
(0.959411 0.150376 5.02487e-22)
(0.957245 0.147058 -4.89485e-22)
(0.955127 0.143639 -5.26618e-22)
(0.953056 0.140118 -6.34011e-22)
(0.951032 0.136494 7.37486e-22)
(0.949055 0.132765 -1.24014e-21)
(0.947124 0.128929 1.36283e-21)
(0.94524 0.124981 -6.91299e-22)
(0.943404 0.120919 2.15893e-21)
(0.941616 0.116739 -8.14105e-22)
(0.939879 0.112435 3.65351e-22)
(0.938192 0.108003 6.9897e-22)
(0.936557 0.103438 -1.03419e-22)
(0.934975 0.0987334 1.28879e-21)
(0.933445 0.0938836 7.68807e-22)
(0.931969 0.0888821 4.9022e-23)
(0.930545 0.0837223 -1.96489e-22)
(0.929171 0.0783972 2.6789e-21)
(0.927847 0.0728997 -1.58893e-21)
(0.926568 0.0672227 1.06095e-21)
(0.925331 0.0613588 -8.14181e-22)
(0.924131 0.0553009 2.22892e-22)
(0.922961 0.0490418 2.96997e-21)
(0.921813 0.0425744 3.27741e-21)
(0.920679 0.0358921 3.22358e-21)
(0.919548 0.0289887 1.69596e-21)
(0.918407 0.0218586 -5.99683e-22)
(0.917244 0.0144979 -2.7821e-21)
(0.916042 0.00689459 2.02013e-21)
(0.914783 -0.000999166 -3.96871e-21)
(0.913447 -0.00908824 1.78494e-22)
(0.912013 -0.0173367 3.55616e-21)
(0.910458 -0.0258406 -3.19378e-22)
(0.908762 -0.0345665 -2.32381e-21)
(0.906913 -0.0434541 2.12621e-21)
(0.904912 -0.0526491 -1.96505e-21)
(0.902783 -0.0625966 9.48828e-22)
(0.900567 -0.0724205 1.21188e-21)
(0.900567 -0.0724205 1.21188e-21)
(0.867852 0.237813 0)
(0.863371 0.241695 0)
(0.858742 0.246033 0)
(0.853987 0.249724 0)
(0.849101 0.253361 0)
(0.844075 0.257259 0)
(0.838897 0.26143 0)
(0.833547 0.265845 0)
(0.827995 0.270498 0)
(0.822202 0.275402 0)
(0.816126 0.280563 0)
(0.809723 0.285981 0)
(0.802959 0.291648 0)
(0.795807 0.297546 0)
(0.788253 0.303651 0)
(0.780294 0.309927 0)
(0.771933 0.316327 0)
(0.763179 0.32279 0)
(0.754041 0.329241 0)
(0.744535 0.335582 0)
(0.734691 0.341696 0)
(0.724568 0.347434 0)
(0.714275 0.35262 0)
(0.703999 0.357043 0)
(0.694033 0.360458 0)
(0.68481 0.362592 0)
(0.676939 0.363145 0)
(0.671234 0.361809 0)
(0.668731 0.358284 0)
(0.67068 0.352311 0)
(0.678494 0.343699 0)
(0.693612 0.332369 0)
(0.717233 0.318379 0)
(0.749838 0.301954 0)
(0.790599 0.283482 0)
(0.836922 0.263482 0)
(0.884616 0.242548 0)
(0.928876 0.221301 0)
(0.965747 0.200325 0)
(0.993271 0.180115 0)
(1.01171 0.161036 0)
(1.02285 0.143301 0)
(1.02899 0.126997 0)
(1.03218 0.112119 0)
(1.03381 0.0986115 0)
(1.03473 0.0863946 0)
(1.03536 0.075381 0)
(1.03588 0.0654823 0)
(1.03637 0.0566106 0)
(1.03684 0.048678 0)
(1.03729 0.0415956 0)
(1.03771 0.0352742 0)
(1.03809 0.029625 0)
(1.03841 0.0245593 0)
(1.03868 0.0199908 0)
(1.0389 0.0158353 0)
(1.03907 0.0120094 0)
(1.03919 0.00842951 0)
(1.03927 0.00501161 0)
(1.0393 0.00166611 0)
)
;
    }
}


// ************************************************************************* //
