/*--------------------------------*- C++ -*----------------------------------*\
  =========                 |
  \\      /  F ield         | OpenFOAM: The Open Source CFD Toolbox
   \\    /   O peration     | Website:  https://openfoam.org
    \\  /    A nd           | Version:  7
     \\/     M anipulation  |
\*---------------------------------------------------------------------------*/
FoamFile
{
    version     2.0;
    format      ascii;
    class       surfaceScalarField;
    location    "25";
    object      phi;
}
// * * * * * * * * * * * * * * * * * * * * * * * * * * * * * * * * * * * * * //

dimensions      [0 3 -1 0 0 0 0];

internalField   nonuniform List<scalar> 
2014
(
0.0105345
6.55363e-05
0.0104773
5.72297e-05
0.0104273
5.00179e-05
0.0103846
4.26984e-05
0.0103481
3.64885e-05
0.0103154
3.26734e-05
0.010286
2.94324e-05
0.0102611
2.49007e-05
0.0102402
2.09017e-05
0.0102202
1.99288e-05
2.04138e-05
0.0102906
0.000129483
0.0102348
0.000113055
0.010186
9.8802e-05
0.0101444
8.43445e-05
0.0101088
7.20769e-05
0.0100769
6.45383e-05
0.0100482
5.81427e-05
0.0100239
4.92038e-05
0.0100035
4.13086e-05
0.00998404
3.93809e-05
4.03376e-05
0.0100532
0.000191824
0.00999884
0.000167459
0.00995131
0.000146337
0.00991072
0.00012493
0.00987604
0.000106758
0.00984499
9.55877e-05
0.009817
8.61315e-05
0.00979329
7.29206e-05
0.00977336
6.12339e-05
0.00975438
5.83627e-05
5.97773e-05
0.00982204
0.000252548
0.00976908
0.00022042
0.00972281
0.000192605
0.0096833
0.000164442
0.00964954
0.000140521
0.00961932
0.00012581
0.00959206
0.000113393
0.00956892
9.60562e-05
0.00954947
8.06864e-05
0.00953095
7.68788e-05
7.87358e-05
0.00959678
0.000311646
0.00954528
0.000271926
0.00950029
0.000237592
0.00946186
0.000202871
0.00942902
0.000173359
0.00939964
0.000155199
0.0093731
0.000139926
0.00935054
0.000118616
0.00933156
9.96749e-05
0.0093135
9.49345e-05
9.72169e-05
0.00937724
0.000369115
0.0093272
0.000321969
0.0092835
0.00028129
0.00924616
0.000240211
0.00921425
0.000205267
0.0091857
0.000183749
0.0091599
0.000165727
0.00913791
0.000140605
0.00911938
0.000118208
0.00910177
0.000112537
0.000115225
0.00916321
0.000424954
0.00911463
0.000370545
0.00907223
0.000323695
0.00903598
0.000276461
0.009005
0.000236246
0.00897728
0.000211462
0.00895221
0.0001908
0.00893079
0.000162029
0.0089127
0.000136296
0.00889554
0.000129693
0.000132767
0.00895448
0.000479167
0.00890737
0.000417655
0.00886626
0.000364806
0.0088311
0.000311621
0.00880105
0.000266298
0.00877417
0.000238339
0.00874982
0.000215146
0.00872896
0.000182895
0.00871131
0.000153947
0.00869459
0.000146413
0.000149847
0.00875088
0.000531761
0.00870523
0.000463305
0.00866541
0.000404628
0.00863133
0.000345697
0.0086022
0.00029543
0.00857615
0.000264386
0.00855253
0.000238771
0.00853221
0.000203208
0.00851499
0.000171171
0.0084987
0.000162705
0.000166473
0.00855221
0.000582746
0.00850802
0.000507501
0.00846948
0.000443165
0.00843648
0.000378692
0.00840826
0.000323647
0.00838304
0.000289612
0.00836013
0.000261679
0.00834037
0.000222973
0.00832356
0.000187976
0.00830768
0.000178582
0.000182653
0.00835832
0.000632131
0.00831556
0.000550255
0.0082783
0.000480428
0.00824638
0.000410617
0.00821906
0.000350962
0.00819465
0.000314025
0.00817245
0.000283879
0.00815323
0.000242198
0.00813683
0.000204372
0.00812136
0.000194053
0.000198394
0.00816904
0.000679932
0.00812771
0.000591579
0.00809171
0.000516427
0.00806085
0.00044148
0.00803443
0.000377383
0.00801082
0.000337637
0.00798932
0.000305377
0.00797063
0.000260888
0.00795463
0.000220368
0.00793955
0.00020913
0.000213704
0.00798421
0.000726163
0.0079443
0.000631491
0.00790955
0.000551175
0.00787974
0.000471294
0.0078542
0.000402926
0.00783137
0.000360462
0.00781057
0.000326184
0.0077924
0.000279049
0.0077768
0.000235972
0.0077621
0.000223826
0.000228593
0.00780371
0.000770842
0.00776519
0.000670006
0.00773168
0.000584689
0.0077029
0.000500071
0.00767822
0.000427604
0.00765617
0.000382514
0.00763605
0.000346309
0.00761841
0.000296688
0.00760319
0.000251193
0.00758886
0.000238153
0.00024307
0.00762738
0.000813986
0.00759024
0.000707145
0.00755794
0.000616984
0.00753019
0.000527825
0.00750636
0.000451432
0.00748507
0.000403809
0.00746561
0.000365763
0.00744849
0.000313809
0.00743364
0.000266041
0.00741967
0.000252123
0.000257143
0.0074551
0.000855616
0.00741932
0.000742929
0.00738822
0.00064808
0.00736148
0.000554572
0.00733848
0.000474426
0.00731793
0.000424363
0.00729913
0.000384557
0.00728252
0.000330421
0.00726804
0.000280522
0.00725441
0.000265748
0.000270823
0.00728676
0.000895752
0.00725231
0.00077738
0.00722239
0.000677996
0.00719663
0.000580329
0.00717445
0.000496605
0.00715462
0.000444194
0.00713648
0.000402703
0.00712037
0.000346529
0.00710625
0.000294646
0.00709295
0.000279041
0.000284119
0.00712222
0.000934418
0.00708908
0.000810521
0.00706033
0.000706753
0.00703554
0.000605112
0.00701416
0.000517985
0.00699504
0.00046332
0.00697753
0.000420213
0.00696192
0.000362141
0.00694814
0.00030842
0.00693517
0.000292015
0.000297041
0.0069614
0.000971636
0.00692954
0.000842379
0.00690192
0.000734374
0.00687809
0.00062894
0.00685749
0.000538586
0.00683905
0.000481759
0.00682216
0.000437101
0.00680704
0.000377262
0.00679361
0.000321852
0.00678094
0.000304681
0.000309599
0.00680417
0.00100743
0.00677357
0.000872977
0.00674707
0.000760881
0.00672417
0.000651832
0.00670434
0.000558425
0.00668656
0.00049953
0.00667028
0.000453381
0.00665565
0.000391901
0.00664255
0.000334952
0.00663018
0.000317051
0.000321803
0.00665045
0.00104183
0.00662108
0.000902345
0.00659567
0.000786297
0.00657369
0.000673808
0.00655459
0.000577523
0.00653747
0.000516653
0.00652178
0.000469065
0.00650762
0.000406066
0.00649484
0.000347726
0.00648276
0.000329139
0.000333665
0.00650013
0.00107486
0.00647197
0.000930508
0.00644762
0.000810649
0.00642654
0.000694887
0.00640816
0.0005959
0.00639167
0.000533147
0.00637656
0.00048417
0.00636287
0.000419766
0.00635041
0.000360183
0.00633859
0.000340954
0.000345194
0.00635314
0.00110654
0.00632615
0.000957496
0.00630284
0.000833961
0.00628263
0.000715093
0.00626496
0.000613576
0.00624907
0.000549033
0.00623453
0.000498709
0.00622129
0.000433009
0.00620914
0.000372333
0.00619758
0.00035251
0.000356401
0.00620937
0.00113691
0.00618353
0.000983338
0.00616123
0.000856259
0.00614188
0.000734446
0.00612488
0.000630572
0.00610959
0.00056433
0.0060956
0.0005127
0.0060828
0.000445806
0.00607095
0.000384184
0.00605964
0.000363817
0.000367297
0.00606876
0.00116599
0.00604403
0.00100806
0.00602272
0.000877572
0.0060042
0.00075297
0.00598786
0.00064691
0.00597313
0.00057906
0.00595967
0.000526158
0.00594731
0.000458169
0.00593574
0.000395747
0.00592467
0.000374887
0.000377894
0.00593121
0.00119382
0.00590757
0.0010317
0.00588721
0.000897926
0.0058695
0.00077069
0.00585379
0.000662612
0.00583961
0.000593244
0.00582667
0.000539101
0.00581473
0.00047011
0.00580344
0.000407031
0.0057926
0.000385732
0.000388204
0.00579665
0.00122043
0.00577406
0.00105429
0.00575463
0.000917351
0.00573769
0.000787629
0.00572261
0.000677701
0.00570895
0.000606903
0.0056965
0.000551547
0.00568497
0.000481643
0.00567395
0.000418049
0.00566332
0.000396362
0.000398237
0.00566499
0.00124584
0.00564342
0.00107586
0.0056249
0.000935876
0.00560871
0.000803815
0.00559421
0.000692201
0.00558106
0.000620058
0.00556909
0.000563516
0.00555795
0.000492783
0.00554719
0.00042881
0.00553676
0.000406789
0.000408006
0.00553615
0.0012701
0.00551558
0.00109643
0.00549792
0.000953532
0.00548246
0.000819275
0.00546853
0.000706135
0.00545585
0.000632731
0.00544434
0.000575026
0.00543358
0.000503545
0.00542306
0.000439328
0.00541283
0.000417023
0.000417522
0.00541006
0.00129323
0.00539044
0.00111605
0.00537362
0.000970349
0.00535886
0.000834036
0.00534547
0.000719528
0.00533325
0.000644945
0.00532218
0.000586099
0.00531178
0.000513947
0.00530149
0.000449614
0.00529144
0.000427072
0.000426796
0.00528662
0.00131527
0.00526792
0.00113475
0.00525191
0.000986358
0.00523782
0.000848126
0.00522494
0.000732404
0.00521317
0.000656719
0.00520251
0.000596753
0.00519246
0.000524006
0.00518239
0.000459679
0.00517251
0.000436947
0.000435838
0.00516574
0.00133626
0.00514793
0.00115255
0.0051327
0.00100159
0.00511925
0.000861575
0.00510687
0.000744787
0.00509551
0.000668076
0.00508525
0.000607009
0.00507552
0.00053374
0.00506566
0.000469537
0.00505596
0.000446653
0.000444658
0.00504732
0.00135622
0.00503038
0.00116949
0.00501589
0.00101608
0.00500306
0.000874411
0.00499114
0.0007567
0.00498019
0.000679035
0.00497031
0.000616887
0.00496088
0.000543166
0.00495122
0.000479195
0.00494168
0.000456197
0.000453264
0.00493128
0.00137519
0.00491516
0.00118561
0.0049014
0.00102985
0.00488915
0.00088666
0.00487768
0.000768166
0.0048671
0.000689613
0.00485759
0.000626403
0.00484845
0.0005523
0.00483898
0.000488664
0.0048296
0.000465581
0.000461662
0.00481749
0.00139319
0.00480218
0.00120091
0.0047891
0.00104292
0.00477742
0.000898347
0.00476638
0.000779202
0.00475617
0.000699825
0.004747
0.000635576
0.00473814
0.000561156
0.00472885
0.000497949
0.00471963
0.000474805
0.000469857
0.00470585
0.00141025
0.00469133
0.00121544
0.00467892
0.00105533
0.00466777
0.000909496
0.00465715
0.000789826
0.00464729
0.000709683
0.00463844
0.000644418
0.00462985
0.000569748
0.00462075
0.000507055
0.00461168
0.000483869
0.00047785
0.00459625
0.00142639
0.00458249
0.0012292
0.00457073
0.00106709
0.0045601
0.000920125
0.00454988
0.00080005
0.00454036
0.000719197
0.00453184
0.00065294
0.00452351
0.000578084
0.00451458
0.000515983
0.00450568
0.000492767
0.000485642
0.00448857
0.00144161
0.00447556
0.00124221
0.00446443
0.00107822
0.00445431
0.000930248
0.00444448
0.000809882
0.00443531
0.00072837
0.0044271
0.00066115
0.00441901
0.000586172
0.00441026
0.000524729
0.00440154
0.000501491
0.00049323
0.00438269
0.00145592
0.00437042
0.00125447
0.00435992
0.00108872
0.0043503
0.000939873
0.00434085
0.000819323
0.00433202
0.000737202
0.00432412
0.000669049
0.00431628
0.000594014
0.00430772
0.000533288
0.00429918
0.000510029
0.000500609
0.00427849
0.00146933
0.00426697
0.00126599
0.00425709
0.0010986
0.00424796
0.000949004
0.00423891
0.000828372
0.00423043
0.000745688
0.00422284
0.000676639
0.00421524
0.000601608
0.00420688
0.00054165
0.00419854
0.000518366
0.000507768
0.00417586
0.00148181
0.0041651
0.00127675
0.00415585
0.00110786
0.00414722
0.000957636
0.00413857
0.000837018
0.00413044
0.000753817
0.00412317
0.000683913
0.00411583
0.000608951
0.00410767
0.000549803
0.00409955
0.000526485
0.000514698
0.00407469
0.00149334
0.00406471
0.00128673
0.0040561
0.00111647
0.00404798
0.000965758
0.00403975
0.000845247
0.00403199
0.000761574
0.00402504
0.000690863
0.00401796
0.000616033
0.00401003
0.000557728
0.00400215
0.000534366
0.000521384
0.00397489
0.0015039
0.00396571
0.0012959
0.00395776
0.00112442
0.00395017
0.000973354
0.00394237
0.000853039
0.00393501
0.000768941
0.00392839
0.000697475
0.00392159
0.000622842
0.00391391
0.000565405
0.00390629
0.000541984
0.000527809
0.00387637
0.00151343
0.00386803
0.00130424
0.00386076
0.00113169
0.00385372
0.000980399
0.00384639
0.000860368
0.00383943
0.000775895
0.00383317
0.000703734
0.00382666
0.000629361
0.00381925
0.000572812
0.00381192
0.000549314
0.000533955
0.00377905
0.0015219
0.00377159
0.0013117
0.00376504
0.00113823
0.00375858
0.000986867
0.00375174
0.000867207
0.00374522
0.000782411
0.00373933
0.000709622
0.00373312
0.000635572
0.00372601
0.000579922
0.003719
0.000556328
0.000539799
0.00368288
0.00152924
0.00367635
0.00131823
0.00367056
0.00114403
0.0036647
0.000992727
0.00365838
0.000873523
0.00365233
0.000788461
0.00364684
0.000715118
0.00364095
0.000641453
0.00363417
0.000586707
0.0036275
0.000562996
0.000545318
0.00358782
0.00153539
0.00358227
0.00132378
0.00357727
0.00114902
0.00357205
0.000997944
0.00356629
0.000879285
0.00356073
0.000794019
0.00355565
0.0007202
0.00355012
0.000646982
0.00354369
0.000593137
0.0035374
0.000569287
0.000550485
0.00349384
0.00154029
0.00348932
0.0013283
0.00348516
0.00115319
0.00348061
0.00100249
0.00347544
0.000884461
0.0034704
0.000799055
0.00346576
0.000724845
0.00346061
0.000652131
0.00345456
0.000599181
0.00344868
0.00057517
0.000555275
0.00340095
0.00154388
0.0033975
0.00133174
0.00339421
0.00115648
0.00339037
0.00100632
0.00338581
0.00088902
0.00338133
0.000803543
0.00337714
0.000729029
0.0033724
0.000656876
0.00336677
0.000604804
0.00336133
0.00058061
0.000559657
0.00330915
0.00154609
0.00330682
0.00133407
0.00330443
0.00115888
0.00330133
0.00100942
0.00329742
0.000892932
0.0032935
0.000807457
0.0032898
0.000732729
0.00328549
0.000661187
0.00328032
0.000609974
0.00327536
0.000585575
0.000563602
0.00321846
0.00154688
0.00321729
0.00133523
0.00321583
0.00116034
0.00321349
0.00101176
0.00321025
0.000896172
0.00320693
0.000810774
0.00320374
0.000735922
0.00319989
0.000665036
0.00319521
0.000614657
0.00319075
0.00059003
0.00056708
0.00312893
0.00154622
0.00312894
0.00133521
0.00312842
0.00116086
0.00312687
0.00101332
0.00312432
0.000898717
0.00312162
0.00081347
0.00311896
0.000738583
0.00311561
0.000668393
0.00311145
0.000618817
0.00310753
0.000593941
0.000570059
0.00304059
0.00154409
0.00304181
0.001334
0.00304224
0.00116043
0.00304148
0.00101409
0.00303965
0.000900548
0.00303759
0.000815526
0.00303548
0.000740689
0.00303265
0.000671229
0.00302905
0.000622419
0.00302571
0.000597276
0.000572509
0.00295351
0.00154048
0.00295591
0.0013316
0.00295731
0.00115903
0.00295735
0.00101405
0.00295625
0.00090165
0.00295485
0.000816921
0.00295332
0.000742218
0.00295104
0.000673514
0.00294803
0.000625431
0.0029453
0.000600003
0.0005744
0.00286773
0.00153542
0.00287131
0.00132801
0.00287366
0.00115669
0.00287451
0.0010132
0.00287415
0.000902007
0.00287343
0.000817638
0.00287251
0.000743145
0.0028708
0.000675215
0.00286842
0.000627818
0.00286633
0.000602089
0.000575703
0.0027833
0.00152893
0.00278804
0.00132328
0.00279132
0.0011534
0.00279298
0.00101154
0.00279338
0.00090161
0.00279336
0.000817661
0.00279306
0.000743447
0.00279197
0.000676305
0.00279024
0.000629549
0.00278882
0.000603506
0.000576389
0.00270028
0.00152109
0.00270613
0.00131743
0.00271034
0.0011492
0.00271281
0.00100907
0.00271397
0.000900446
0.00271466
0.000816971
0.00271501
0.0007431
0.00271456
0.000676752
0.00271352
0.000630592
0.0027128
0.000604226
0.000576434
0.00261871
0.00151196
0.00262563
0.00131051
0.00263073
0.00114409
0.00263401
0.00100579
0.00263595
0.000898507
0.00263737
0.000815552
0.00263839
0.000742082
0.00263861
0.000676528
0.00263828
0.000630919
0.00263828
0.000604225
0.000575815
0.00253862
0.00150163
0.00254656
0.00130256
0.00255254
0.00113811
0.00255662
0.00100171
0.00255935
0.000895781
0.00256151
0.000813387
0.00256323
0.000740369
0.00256415
0.000675605
0.00256457
0.000630503
0.00256531
0.000603481
0.000574511
0.00246005
0.00149017
0.00246897
0.00129365
0.0024758
0.00113128
0.00248068
0.000996822
0.00248421
0.000892258
0.00248714
0.00081046
0.00248957
0.000737938
0.00249121
0.000673958
0.00249239
0.000629322
0.0024939
0.000601975
0.000572505
0.00143575
0.00147112
0.00145208
0.00127733
0.00146627
0.00111709
0.00147858
0.000984516
0.0014895
0.000881339
0.00149973
0.000800224
0.0015095
0.000728168
0.00151861
0.000664855
0.00152723
0.000620696
0.00153605
0.000593157
0.0005632
0.00144503
0.00145196
0.0014614
0.00126096
0.00147558
0.00110291
0.00148785
0.000972255
0.00149871
0.000870473
0.00150888
0.000790058
0.00151854
0.0007185
0.00152753
0.000655869
0.00153605
0.000612175
0.00154476
0.000584449
0.00055404
0.0014533
0.00143265
0.00146976
0.00124449
0.00148398
0.00108868
0.00149625
0.000959985
0.00150712
0.000859607
0.00151726
0.000779914
0.00152688
0.000708888
0.00153579
0.000646952
0.00154425
0.000603717
0.00155289
0.000575809
0.000544987
0.0014605
0.00141311
0.00147712
0.00122787
0.00149145
0.00107436
0.00150378
0.000947647
0.00151471
0.000848686
0.00152488
0.000769738
0.00153449
0.00069928
0.00154339
0.000638056
0.00155183
0.000595273
0.00156044
0.000567193
0.000535998
0.00146663
0.00139328
0.00148348
0.00121102
0.00149796
0.00105988
0.00151043
0.000935182
0.00152146
0.000837652
0.00153173
0.000759476
0.00154138
0.000689625
0.00155031
0.000629132
0.00155878
0.000586797
0.00156742
0.000558557
0.000527034
0.00147168
0.00137308
0.00148882
0.00119388
0.00150353
0.00104517
0.00151618
0.000922526
0.00152739
0.000826446
0.00153779
0.000749074
0.00154755
0.00067987
0.00155655
0.000620126
0.00156511
0.000578241
0.00157381
0.000549858
0.000518053
0.00147563
0.00135246
0.00149312
0.00117639
0.00150813
0.00103016
0.00152104
0.000909615
0.00153248
0.000815006
0.00154308
0.000738473
0.00155299
0.00066996
0.00156213
0.000610988
0.00157082
0.000569555
0.00157962
0.000541049
0.000509012
0.00147847
0.00133132
0.0014964
0.00115846
0.00151177
0.00101479
0.001525
0.00089638
0.00153674
0.000803269
0.0015476
0.000727616
0.00155772
0.00065984
0.00156704
0.000601664
0.00157591
0.000560691
0.00158487
0.000532086
0.000499869
0.0014802
0.00130959
0.00149864
0.00114002
0.00151444
0.000998986
0.00152807
0.000882753
0.00154017
0.00079117
0.00155134
0.00071644
0.00156173
0.000649453
0.0015713
0.000592101
0.00158039
0.000551598
0.00158955
0.000522924
0.000490583
0.00148082
0.00128718
0.00149985
0.00112099
0.00151616
0.000982667
0.00153025
0.000868663
0.00154278
0.000778645
0.00155433
0.000704887
0.00156505
0.000638741
0.0015749
0.000582244
0.00158427
0.000542227
0.00159368
0.000513517
0.000481111
0.00148034
0.00126402
0.00150003
0.0011013
0.00151694
0.00096576
0.00153157
0.000854038
0.00154459
0.000765625
0.00155658
0.000692895
0.00156767
0.000627648
0.00157787
0.000572041
0.00158757
0.00053253
0.00159727
0.000503823
0.000471412
0.00147878
0.00124001
0.00149922
0.00108086
0.00151679
0.000948188
0.00153202
0.000838804
0.0015456
0.000752044
0.00155809
0.000680403
0.00156963
0.000616117
0.00158023
0.00056144
0.0015903
0.00052246
0.00160032
0.000493796
0.000461447
0.00147614
0.00121507
0.00149742
0.00105959
0.00151573
0.000929872
0.00153165
0.000822891
0.00154585
0.000737838
0.0015589
0.00066735
0.00157093
0.000604092
0.00158198
0.000550387
0.00159247
0.000511968
0.00160287
0.000483397
0.000451177
0.00147247
0.0011891
0.00149466
0.0010374
0.0015138
0.000910735
0.00153046
0.000806224
0.00154536
0.000722939
0.00155903
0.000653679
0.00157161
0.000591519
0.00158316
0.000538834
0.00159412
0.000501012
0.00160493
0.000472584
0.000440565
0.0014678
0.00116202
0.00149098
0.00101422
0.00151102
0.000890699
0.00152851
0.000788735
0.00154416
0.000707285
0.00155851
0.00063933
0.00157169
0.000578345
0.00158379
0.000526733
0.00159525
0.000489548
0.00160652
0.00046132
0.00146217
0.00113374
0.00148643
0.000989951
0.00150744
0.000869689
0.00152582
0.000770354
0.00154229
0.000690815
0.00155737
0.00062425
0.0015712
0.00056452
0.00158389
0.000514038
0.0015959
0.000477537
0.000449569
0.00145563
0.00110417
0.00148105
0.000964528
0.0015031
0.000847633
0.00152244
0.000751016
0.00153979
0.00067347
0.00155565
0.000608387
0.00157017
0.000549998
0.0015835
0.000500708
0.0015961
0.00046494
0.000437298
0.00144824
0.00107324
0.00147489
0.00093787
0.00149807
0.000824461
0.00151842
0.000730659
0.0015367
0.000655196
0.00155339
0.000591692
0.00156866
0.000534733
0.00158266
0.000486703
0.00159588
0.000451725
0.000424478
0.00144007
0.00104086
0.00146803
0.000909908
0.00149238
0.000800111
0.00151381
0.000709227
0.00153307
0.000635945
0.00155064
0.000574121
0.00156668
0.000518688
0.0015814
0.000471989
0.00159526
0.000437861
0.000411082
0.0014312
0.00100695
0.00146053
0.000880575
0.00148612
0.000774522
0.00150868
0.000686668
0.00152895
0.000615671
0.00154744
0.000555637
0.0015643
0.000501828
0.00157975
0.000456536
0.00159429
0.000423324
0.000397088
0.00142171
0.000971462
0.00145247
0.000849814
0.00147935
0.000747645
0.00150308
0.000662938
0.00152441
0.000594337
0.00154384
0.000536206
0.00156155
0.000484124
0.00157776
0.000440318
0.001593
0.000408092
0.000382477
0.00141169
0.000934328
0.00144393
0.000817574
0.00147214
0.000719435
0.00149708
0.000638
0.0015195
0.000571911
0.00153991
0.000515802
0.00155848
0.000465553
0.00157548
0.000423317
0.00159142
0.000392148
0.000367236
0.00140124
0.000895505
0.001435
0.000783815
0.00146458
0.000689857
0.00149076
0.000611824
0.0015143
0.000548372
0.00153569
0.000494405
0.00155515
0.000446097
0.00157295
0.000405519
0.00158961
0.000375483
0.000351356
0.00139047
0.000854957
0.00142578
0.000748508
0.00145675
0.000658887
0.00148418
0.000584393
0.00150885
0.000523703
0.00153125
0.000472003
0.0015516
0.000425748
0.00157021
0.000386916
0.0015876
0.000358092
0.000334832
0.00137949
0.000812661
0.00141637
0.000711635
0.00144874
0.000626513
0.00147744
0.000555696
0.00150324
0.000497899
0.00152665
0.000448593
0.0015479
0.000404503
0.00156731
0.000367507
0.00158542
0.000339973
0.000317667
0.00136841
0.00076861
0.00140686
0.000673191
0.00144064
0.000592731
0.0014706
0.000525735
0.00149753
0.000470963
0.00152195
0.000424178
0.00154409
0.000382366
0.0015643
0.000347297
0.00158313
0.000321136
0.000299865
0.00135735
0.00072281
0.00139736
0.000633186
0.00143253
0.000557552
0.00146375
0.000494522
0.0014918
0.000442909
0.00151721
0.000398773
0.00154022
0.000359349
0.00156122
0.0003263
0.00158077
0.000301591
0.000281438
0.00134643
0.000675287
0.00138797
0.000591643
0.00142452
0.000521001
0.00145697
0.00046208
0.00148612
0.00041376
0.00151249
0.000372398
0.00153636
0.000335474
0.00155813
0.000304535
0.00157836
0.000281358
0.000262403
0.00133577
0.000626081
0.00137881
0.000548601
0.0014167
0.000483114
0.00145033
0.000428446
0.00148054
0.00038355
0.00150786
0.000345085
0.00153256
0.000310769
0.00155507
0.000282028
0.00157597
0.000260461
0.000242784
0.00132549
0.000575249
0.00136998
0.000504115
0.00140915
0.000443942
0.00144393
0.000393666
0.00147516
0.000352322
0.00150337
0.000316874
0.00152887
0.000285269
0.00155208
0.000258812
0.00157361
0.000238931
0.000222606
0.00131571
0.00052287
0.00136157
0.000458254
0.00140196
0.000403549
0.00143783
0.0003578
0.00147002
0.000320131
0.00149908
0.000287814
0.00152533
0.000259018
0.00154921
0.000234928
0.00157134
0.000216804
0.000201902
0.00130654
0.000469035
0.00135369
0.000411104
0.00139522
0.000362012
0.0014321
0.000320918
0.00146519
0.000287041
0.00149505
0.000257961
0.001522
0.000232068
0.0015465
0.000210421
0.00156919
0.000194123
0.00018071
0.00129808
0.000413856
0.00134642
0.000362765
0.00138901
0.000319422
0.00142683
0.000283102
0.00146074
0.000253125
0.00149132
0.000227381
0.00151892
0.000204477
0.00154399
0.000185344
0.00156718
0.000170934
0.000159072
0.00129044
0.00035746
0.00133986
0.00031335
0.0013834
0.00027588
0.00142206
0.000244443
0.00145672
0.000218464
0.00148796
0.000196146
0.00151612
0.000176309
0.00154171
0.000159755
0.00156536
0.000147291
0.000137034
0.00128372
0.00029999
0.00133408
0.000262986
0.00137846
0.000231499
0.00141786
0.000205042
0.00145318
0.000183149
0.00148499
0.000164336
0.00151366
0.000147635
0.0015397
0.000133718
0.00156374
0.000123248
0.000114644
0.00127798
0.000241601
0.00132915
0.000211812
0.00137425
0.000186403
0.00141428
0.000165009
0.00145015
0.000147277
0.00148245
0.000132038
0.00151156
0.00011853
0.00153797
0.000107299
0.00156235
9.88675e-05
9.19581e-05
0.0012733
0.000182462
0.00132513
0.000159977
0.00137081
0.000140724
0.00141136
0.000124461
0.00144769
0.000110951
0.00148038
9.93414e-05
0.00150984
8.9076e-05
0.00153657
8.05706e-05
0.00156122
7.42122e-05
6.90304e-05
0.00126974
0.00012275
0.00132208
0.000107636
0.0013682
9.4599e-05
0.00140914
8.35203e-05
0.00144581
7.42801e-05
0.00147881
6.63425e-05
0.00150853
5.93563e-05
0.00153549
0.00156036
0.00126733
0.00132001
0.00136644
0.00140765
0.00144455
0.00147775
)
;

boundaryField
{
    inlet
    {
        type            calculated;
        value           nonuniform 0();
    }
    outlet
    {
        type            calculated;
        value           nonuniform 0();
    }
    cylinder
    {
        type            calculated;
        value           nonuniform 0();
    }
    top
    {
        type            symmetryPlane;
        value           nonuniform 0();
    }
    bottom
    {
        type            symmetryPlane;
        value           uniform 0;
    }
    defaultFaces
    {
        type            empty;
        value           nonuniform 0();
    }
    procBoundary13to12
    {
        type            processor;
        value           nonuniform List<scalar> 
99
(
-0.0106
-0.0103546
-0.0101156
-0.00988277
-0.00965588
-0.00943471
-0.00921905
-0.0090087
-0.00880347
-0.0086032
-0.0084077
-0.00821684
-0.00803044
-0.00784838
-0.00767052
-0.00749673
-0.00732689
-0.00716089
-0.00699862
-0.00683997
-0.00668485
-0.00653316
-0.00638482
-0.00623974
-0.00609784
-0.00595904
-0.00582325
-0.0056904
-0.00556041
-0.00543319
-0.00530866
-0.00518672
-0.00506728
-0.00495024
-0.00483549
-0.00472291
-0.00461239
-0.00450379
-0.004397
-0.00429189
-0.00418834
-0.00408623
-0.00398545
-0.0038859
-0.00378752
-0.00369022
-0.00359397
-0.00349874
-0.00340453
-0.00331136
-0.00321925
-0.00312827
-0.00303846
-0.0029499
-0.00286266
-0.00277682
-0.00269244
-0.00260958
-0.00252829
-0.0024486
-0.00141669
-0.00142588
-0.00143398
-0.00144096
-0.0014468
-0.00145149
-0.001455
-0.00145733
-0.00145847
-0.00145842
-0.00145718
-0.00145477
-0.0014512
-0.00144651
-0.00144072
-0.00143389
-0.00142606
-0.0014173
-0.00140769
-0.00139729
-0.00138622
-0.00137456
-0.00136242
-0.00134993
-0.0013372
-0.00132436
-0.00131155
-0.00129891
-0.00128656
-0.00127466
-0.00126333
-0.0012527
-0.0012429
-0.00123405
-0.00122625
-0.00121959
-0.00121416
-0.00121002
-0.00120723
)
;
    }
    procBoundary13to14
    {
        type            processor;
        value           nonuniform List<scalar> 
99
(
0.0101998
0.00996412
0.00973494
0.00951199
0.00929502
0.00908377
0.008878
0.00867751
0.00848207
0.0082915
0.00810562
0.00792424
0.00774722
0.00757438
0.0074056
0.00724074
0.00707966
0.00692225
0.00676839
0.00661797
0.0064709
0.00632706
0.00618638
0.00604874
0.00591408
0.00578229
0.00565329
0.00552699
0.00540331
0.00528217
0.00516347
0.00504714
0.00493307
0.0048212
0.00471143
0.00460369
0.00449789
0.00439395
0.00429181
0.00419138
0.00409262
0.00399547
0.00389987
0.00380577
0.00371315
0.00362198
0.00353223
0.00344389
0.00335695
0.00327141
0.00318728
0.00310455
0.00302326
0.00294341
0.00286503
0.00278813
0.00271275
0.0026389
0.00256661
0.0024959
0.00154535
0.00155392
0.00156195
0.00156943
0.00157638
0.00158279
0.00158867
0.00159401
0.00159884
0.00160315
0.00160696
0.00161029
0.00161314
0.00161554
0.00161751
0.000429575
0.00160765
0.00160837
0.0016087
0.00160866
0.00160828
0.00160761
0.00160666
0.00160549
0.00160412
0.00160259
0.00160093
0.00159919
0.0015974
0.00159559
0.00159379
0.00159204
0.00159038
0.00158882
0.00158739
0.00158613
0.00158504
0.00158415
0.00158347
)
;
    }
    procBoundary13to29
    {
        type            processor;
        value           nonuniform List<scalar> 
11
(
5.36074e-05
4.93487e-05
4.592e-05
6.26515e-05
5.49542e-05
4.81733e-05
4.23144e-05
3.73763e-05
3.31399e-05
0.00150765
2.9458e-05
)
;
    }
}


// ************************************************************************* //
