/*--------------------------------*- C++ -*----------------------------------*\
  =========                 |
  \\      /  F ield         | OpenFOAM: The Open Source CFD Toolbox
   \\    /   O peration     | Website:  https://openfoam.org
    \\  /    A nd           | Version:  7
     \\/     M anipulation  |
\*---------------------------------------------------------------------------*/
FoamFile
{
    version     2.0;
    format      ascii;
    class       volScalarField;
    location    "66";
    object      p;
}
// * * * * * * * * * * * * * * * * * * * * * * * * * * * * * * * * * * * * * //

dimensions      [0 2 -2 0 0 0 0];

internalField   nonuniform List<scalar> 
1062
(
0.636687
0.649393
0.635574
0.647021
0.633248
0.643417
0.629713
0.638587
0.624975
0.632542
0.619046
0.625294
0.611937
0.605191
0.616858
0.603662
0.597141
0.607251
0.594239
0.587974
0.596494
0.583687
0.577707
0.584608
0.572028
0.566362
0.571618
0.559286
0.553961
0.55755
0.545487
0.540529
0.542435
0.53066
0.526095
0.526303
0.514835
0.510686
0.509188
0.498046
0.494335
0.492339
0.491124
0.480327
0.477075
0.475738
0.472151
0.461715
0.458941
0.45829
0.452307
0.442249
0.439969
0.440031
0.431634
0.421968
0.4202
0.420997
0.410174
0.400917
0.399673
0.401225
0.403638
0.387973
0.379138
0.37843
0.380755
0.384114
0.365077
0.356677
0.356515
0.359629
0.363953
0.341535
0.333582
0.333974
0.337888
0.343196
0.348297
0.317394
0.3099
0.310853
0.315576
0.321882
0.328083
0.292707
0.285682
0.2872
0.292738
0.300054
0.30737
0.267525
0.260978
0.263063
0.269421
0.277754
0.286198
0.2419
0.235841
0.238493
0.245671
0.255026
0.264607
0.273049
0.215888
0.210324
0.213541
0.221536
0.231914
0.242637
0.252268
0.189543
0.184481
0.188259
0.197065
0.208463
0.220331
0.231156
0.162921
0.158366
0.1627
0.172308
0.18472
0.197731
0.209753
0.219969
0.136077
0.132034
0.136916
0.147315
0.160731
0.17488
0.188099
0.199512
0.109069
0.105542
0.110963
0.122138
0.136544
0.151821
0.166233
0.178843
0.189306
0.0819542
0.0789461
0.0848933
0.0968273
0.112206
0.128599
0.144195
0.157999
0.169626
0.0547891
0.0523015
0.0587628
0.0714347
0.087766
0.105258
0.122026
0.137017
0.149805
0.160349
0.0276315
0.0256651
0.0326257
0.0460121
0.0632714
0.081841
0.0997676
0.115935
0.129876
0.141528
0.000538659
-0.000906944
0.00653693
0.0206116
0.038771
0.0583942
0.0774597
0.0947896
0.109875
0.122628
-0.0264321
-0.0273588
-0.0194491
-0.00471503
0.0143131
0.0349618
0.0551435
0.073619
0.0898353
0.10368
0.11527
-0.0532238
-0.053635
-0.0452781
-0.0299161
-0.010054
0.0115883
0.0328599
0.0524604
0.0697921
0.0847152
0.0973347
0.107857
-0.0797797
-0.0796808
-0.0708961
-0.0549402
-0.0342822
-0.0116819
0.0106496
0.0313512
0.0497793
0.0657662
0.0794026
0.0908899
-0.106043
-0.105442
-0.0962494
-0.0797361
-0.0583236
-0.0348047
-0.0114469
0.0103283
0.0298308
0.0468636
0.0615022
0.0739419
0.0844124
-0.130867
-0.121286
-0.104254
-0.0821313
-0.0577365
-0.0333898
-0.0105716
0.00998031
0.0280384
0.043662
0.0570395
0.0683992
-0.155906
-0.145956
-0.128445
-0.105659
-0.0804341
-0.0551392
-0.0313123
-0.00973907
0.00932105
0.0259099
0.0402085
0.0524431
0.062841
-0.170208
-0.152259
-0.12886
-0.102855
-0.0766564
-0.0518581
-0.0292947
-0.0092586
0.00827347
0.0234741
0.0365672
0.0477802
-0.175651
-0.15169
-0.124958
-0.0979029
-0.0721742
-0.0486547
-0.0276712
-0.00922042
0.00686102
0.020794
0.0328061
0.0431151
-0.174104
-0.146701
-0.118841
-0.092226
-0.0677876
-0.0458881
-0.0265455
-0.00960672
0.00514549
0.0179383
0.0289904
0.0385045
-0.196062
-0.168044
-0.139434
-0.11198
-0.0866628
-0.0638813
-0.0436761
-0.0259057
-0.010357
0.00319608
0.0149727
0.0251795
0.0339495
-0.188949
-0.159647
-0.131404
-0.10525
-0.0816236
-0.0605874
-0.0420129
-0.0256927
-0.0114017
0.00107909
0.0119585
0.0213753
-0.179444
-0.150466
-0.123522
-0.0990885
-0.0772551
-0.0579064
-0.0408411
-0.0258363
-0.0126735
-0.00114247
0.00890073
0.0175485
-0.169135
-0.141449
-0.116251
-0.0936559
-0.0735647
-0.0557826
-0.0400897
-0.0262684
-0.0141077
-0.00345908
0.00576375
0.0143802
-0.187381
-0.159004
-0.133085
-0.109767
-0.0889669
-0.0704981
-0.0541441
-0.039689
-0.0269216
-0.0156889
-0.00590878
0.00320523
0.0116864
-0.176162
-0.149568
-0.125567
-0.104093
-0.0849691
-0.0679826
-0.0529193
-0.0395689
-0.027774
-0.0174551
-0.00786086
0.00110694
-0.165678
-0.141036
-0.118924
-0.099178
-0.0815885
-0.065944
-0.0520349
-0.0397
-0.0288615
-0.0188047
-0.00936937
-0.156152
-0.133442
-0.113108
-0.0949461
-0.0787481
-0.0643055
-0.0514536
-0.0401154
-0.0296136
-0.0197293
-0.14763
-0.126743
-0.10804
-0.0913174
-0.0763672
-0.0630218
-0.0512045
-0.040276
-0.0299611
-0.140067
-0.120857
-0.103639
-0.0882073
-0.0743926
-0.0621174
-0.0507807
-0.040054
-0.133383
-0.1157
-0.0998142
-0.0855548
-0.0728436
-0.0611178
-0.049998
-0.111177
-0.0964979
-0.0833733
-0.0712779
-0.0597842
-0.107212
-0.0936977
-0.0812525
-0.069404
-0.103809
-0.0910339
-0.0788493
-0.100616
-0.0881123
-0.0142135
-0.0150393
-0.0158655
-0.016692
-0.0175186
-0.0183453
-0.0191719
-0.0199983
-0.0208244
-0.02165
-0.0224751
-0.014192
-0.0150177
-0.0158441
-0.0166711
-0.0174987
-0.0183266
-0.0191548
-0.0199831
-0.0208115
-0.0216397
-0.0224676
-0.0142111
-0.0150414
-0.0158726
-0.0167046
-0.0175373
-0.0183706
-0.0192044
-0.0200384
-0.0208727
-0.0217069
-0.022541
-0.0142439
-0.0150807
-0.0159186
-0.0167576
-0.0175976
-0.0184383
-0.0192796
-0.0201214
-0.0209636
-0.021806
-0.0226485
-0.0142985
-0.0151447
-0.0159924
-0.0168413
-0.0176913
-0.0185423
-0.0193941
-0.0202465
-0.0210995
-0.0219528
-0.0228064
-0.0143689
-0.0152271
-0.0160869
-0.0169481
-0.0178105
-0.0186741
-0.0195387
-0.020404
-0.0212701
-0.0221366
-0.0230035
-0.0144549
-0.0153276
-0.016202
-0.017078
-0.0179554
-0.0188341
-0.0197139
-0.0205946
-0.0214761
-0.0223583
-0.0232409
-0.0154435
-0.016335
-0.0172282
-0.0181229
-0.0190191
-0.0199165
-0.0208149
-0.0217142
-0.0226143
-0.023515
-0.0155734
-0.0164844
-0.0173972
-0.0183116
-0.0192276
-0.0201449
-0.0210634
-0.0219829
-0.0229033
-0.0238243
-0.0157152
-0.0166481
-0.0175829
-0.0185195
-0.0194577
-0.0203973
-0.0213382
-0.0222802
-0.0232231
-0.0241667
-0.0158673
-0.0168245
-0.0177838
-0.0187449
-0.0197077
-0.020672
-0.0216376
-0.0226044
-0.0235722
-0.0245407
-0.0160279
-0.0170119
-0.0179981
-0.0189862
-0.019976
-0.0209673
-0.0219601
-0.022954
-0.023949
-0.0249448
-0.0161952
-0.0172086
-0.0182242
-0.0192417
-0.0202609
-0.0212818
-0.0223041
-0.0233277
-0.0243523
-0.0253778
-0.0163676
-0.017413
-0.0184605
-0.0195099
-0.0205612
-0.0216141
-0.0226684
-0.023724
-0.0247807
-0.0258382
-0.0165434
-0.0176233
-0.0187054
-0.0197895
-0.0208753
-0.0219628
-0.0230517
-0.0241419
-0.0252331
-0.0263252
-0.0274179
-0.0167209
-0.0178381
-0.0189575
-0.0200789
-0.021202
-0.0223267
-0.0234528
-0.0245801
-0.0257085
-0.0268376
-0.0279675
-0.0168984
-0.0180558
-0.0192153
-0.0203767
-0.0215399
-0.0227045
-0.0238705
-0.0250377
-0.0262058
-0.0273747
-0.0285442
-0.0170743
-0.0182748
-0.0194774
-0.0206817
-0.0218877
-0.0230952
-0.0243039
-0.0255136
-0.0267243
-0.0279356
-0.0291474
-0.0172469
-0.0184936
-0.0197422
-0.0209925
-0.0222444
-0.0234975
-0.0247518
-0.0260071
-0.027263
-0.0285196
-0.0297765
-0.0174144
-0.0187106
-0.0200085
-0.0213079
-0.0226087
-0.0239106
-0.0252135
-0.0265173
-0.0278215
-0.0291262
-0.0304311
-0.0175753
-0.0189243
-0.0202748
-0.0216266
-0.0229795
-0.0243334
-0.0256881
-0.0270434
-0.0283991
-0.029755
-0.0311109
-0.0177278
-0.0191331
-0.0205396
-0.0219473
-0.0233558
-0.024765
-0.0261748
-0.0275849
-0.0289952
-0.0304054
-0.0318154
-0.0178701
-0.0193354
-0.0208017
-0.0222688
-0.0237364
-0.0252045
-0.0266728
-0.0281411
-0.0296093
-0.0310772
-0.0325446
-0.0180005
-0.0195298
-0.0210596
-0.0225899
-0.0241204
-0.0256509
-0.0271813
-0.0287115
-0.0302411
-0.0317701
-0.0332982
-0.0181172
-0.0197145
-0.021312
-0.0229094
-0.0245066
-0.0261035
-0.0276999
-0.0292955
-0.0308902
-0.0324839
-0.0340763
-0.0182183
-0.019888
-0.0215573
-0.0232261
-0.0248942
-0.0265615
-0.0282277
-0.0298927
-0.0315564
-0.0332186
-0.034879
-0.0183019
-0.0200486
-0.0217943
-0.0235389
-0.0252822
-0.027024
-0.0287643
-0.0305029
-0.0322395
-0.033974
-0.0357063
-0.0183661
-0.0201946
-0.0220214
-0.0238464
-0.0256695
-0.0274905
-0.0293092
-0.0311255
-0.0329393
-0.0347504
-0.0365586
-0.0184089
-0.0203242
-0.0222372
-0.0241476
-0.0260553
-0.0279601
-0.0298619
-0.0317605
-0.0336559
-0.0355479
-0.0374362
-0.0184281
-0.0204358
-0.0224403
-0.0244412
-0.0264385
-0.0284322
-0.030422
-0.0324078
-0.0343894
-0.0363669
-0.0383399
-0.0184216
-0.0205274
-0.0226289
-0.024726
-0.0268184
-0.0289061
-0.030989
-0.033067
-0.0351399
-0.0372077
-0.0392701
-0.018387
-0.0205971
-0.0228017
-0.0250006
-0.0271938
-0.0293812
-0.0315627
-0.0337382
-0.0359076
-0.0380707
-0.0402275
-0.0183221
-0.0206428
-0.0229568
-0.0252638
-0.0275638
-0.0298568
-0.0321427
-0.0344213
-0.0366926
-0.0389564
-0.0412128
-0.0182241
-0.0206624
-0.0230925
-0.0255141
-0.0279274
-0.0303322
-0.0327285
-0.0351162
-0.0374952
-0.0398655
-0.0422269
-0.0180905
-0.0206536
-0.0232069
-0.0257502
-0.0282835
-0.0308067
-0.0333199
-0.0358229
-0.0383158
-0.0407984
-0.0432706
-0.0179184
-0.0206141
-0.0232982
-0.0259705
-0.028631
-0.0312797
-0.0339166
-0.0365416
-0.0391548
-0.0417559
-0.0443452
-0.0177047
-0.0205413
-0.0233642
-0.0261734
-0.0289687
-0.0317504
-0.0345183
-0.0372724
-0.0400127
-0.0427391
-0.0454517
-0.0174461
-0.0204324
-0.0234028
-0.0263571
-0.0292955
-0.032218
-0.0351246
-0.0380153
-0.04089
-0.0437489
-0.0465918
-0.0171392
-0.0202845
-0.0234114
-0.0265199
-0.0296099
-0.0326817
-0.0357352
-0.0387704
-0.0417874
-0.0447861
-0.0477667
-0.0200944
-0.0233876
-0.0266595
-0.0299105
-0.0331405
-0.0363496
-0.0395378
-0.0427052
-0.0458518
-0.0489777
-0.0198586
-0.0233284
-0.026774
-0.0301956
-0.0335934
-0.0369674
-0.0403176
-0.0436441
-0.0469469
-0.0502262
-0.0195735
-0.0232308
-0.0268607
-0.0304635
-0.0340391
-0.0375879
-0.0411096
-0.0446045
-0.0480725
-0.0515139
-0.0192351
-0.0230916
-0.0269172
-0.0307121
-0.0344765
-0.0382105
-0.0419139
-0.0455871
-0.0492299
-0.0528425
-0.0188388
-0.022907
-0.0269404
-0.0309394
-0.034904
-0.0388344
-0.0427305
-0.0465924
-0.0504202
-0.054214
-0.01838
-0.022673
-0.0269272
-0.0311428
-0.0353199
-0.0394587
-0.043559
-0.0476209
-0.0516445
-0.0556299
-0.0178534
-0.0223853
-0.026874
-0.0313196
-0.0357224
-0.0400822
-0.044399
-0.0486729
-0.0529039
-0.0570922
-0.0172535
-0.0220392
-0.0267768
-0.0314668
-0.0361091
-0.0407035
-0.04525
-0.0497487
-0.0541994
-0.0586024
-0.0165741
-0.0216293
-0.0266315
-0.0315809
-0.0364776
-0.0413211
-0.0461114
-0.0508484
-0.055532
-0.0601623
-0.0158085
-0.0211499
-0.0264331
-0.0316582
-0.036825
-0.041933
-0.0469821
-0.0519721
-0.0569028
-0.0617741
-0.0149495
-0.0205948
-0.0261764
-0.0316942
-0.037148
-0.042537
-0.047861
-0.0531196
-0.0583125
-0.0634395
-0.0139892
-0.019957
-0.0258554
-0.0316843
-0.0374429
-0.0431304
-0.0487464
-0.0542902
-0.0597616
-0.06516
-0.0129191
-0.0192289
-0.0254637
-0.0316228
-0.0377053
-0.04371
-0.0496362
-0.0554831
-0.0612501
-0.0669367
-0.0117298
-0.0184024
-0.0249941
-0.0315039
-0.0379303
-0.044272
-0.0505279
-0.0566969
-0.0627782
-0.0687708
-0.0104115
-0.0174684
-0.0244387
-0.0313207
-0.0381124
-0.0448122
-0.0514185
-0.0579299
-0.0643452
-0.0706633
-0.00895314
-0.016417
-0.0237887
-0.0310656
-0.0382453
-0.0453255
-0.0523042
-0.0591797
-0.0659502
-0.0726144
-0.0791708
-0.00734173
-0.0152362
-0.0230332
-0.0307292
-0.0383208
-0.0458053
-0.0531799
-0.0604424
-0.0675907
-0.0746228
-0.081537
-0.00556868
-0.0139187
-0.0221664
-0.0303071
-0.0383365
-0.0462508
-0.0540468
-0.0617213
-0.0692717
-0.0766955
-0.0839903
-0.00363667
-0.0124663
-0.0211893
-0.0297997
-0.0382923
-0.0466622
-0.0549052
-0.0630172
-0.0709948
-0.078835
-0.0865352
-0.00134085
-0.0106844
-0.0199173
-0.0290326
-0.0380236
-0.0468843
-0.0556092
-0.0641932
-0.0726318
-0.0809212
-0.0890582
0.000715092
-0.00915437
-0.0189113
-0.0285463
-0.0380508
-0.047417
-0.0566377
-0.065706
-0.074616
-0.0833619
-0.0919386
)
;

boundaryField
{
    inlet
    {
        type            zeroGradient;
    }
    outlet
    {
        type            fixedValue;
        value           nonuniform 0();
    }
    cylinder
    {
        type            zeroGradient;
    }
    top
    {
        type            symmetryPlane;
    }
    bottom
    {
        type            symmetryPlane;
    }
    defaultFaces
    {
        type            empty;
    }
    procBoundary4to3
    {
        type            processor;
        value           nonuniform List<scalar> 
130
(
0.628183
0.62592
0.622482
0.617874
0.612107
0.612107
0.59885
0.591122
0.582319
0.57246
0.561564
0.549651
0.536746
0.522874
0.508062
0.508062
0.490448
0.474642
0.458026
0.44063
0.422489
0.422489
0.405572
0.387078
0.367975
0.367975
0.352118
0.333033
0.313469
0.293462
0.293462
0.279703
0.2601
0.240177
0.240177
0.228105
0.20881
0.20881
0.197624
0.179058
0.179058
0.1688
0.151032
0.133178
0.133178
0.124817
0.124817
0.116514
0.100459
0.100459
0.0931405
0.0779681
0.0779681
0.0716159
0.0573295
0.0573295
0.0519177
0.0519177
0.0466077
0.0466077
0.0413965
0.029431
0.029431
0.0256496
0.0256496
0.0223543
0.0223543
0.0106866
-0.0133883
-0.0133672
-0.013382
-0.0134085
-0.0134537
-0.0135124
-0.013584
-0.0145539
-0.0145539
-0.0146644
-0.0147845
-0.0149123
-0.0150461
-0.0151842
-0.0153247
-0.0154659
-0.015606
-0.0157433
-0.015876
-0.0160023
-0.0161203
-0.0162282
-0.0163241
-0.0164061
-0.0164722
-0.0165204
-0.0165486
-0.0165547
-0.0165364
-0.0164915
-0.0164175
-0.0163119
-0.016172
-0.0159951
-0.0157782
-0.0155181
-0.0152116
-0.014855
-0.0144446
-0.0139763
-0.0167801
-0.0167801
-0.0163648
-0.015889
-0.0153477
-0.014736
-0.0140483
-0.0132785
-0.0124201
-0.0114662
-0.0104091
-0.00924083
-0.00795245
-0.00653457
-0.00497703
-0.0032689
-0.00139856
0.000647809
0.00287971
0.00529377
0.00810558
0.0106866
)
;
    }
    procBoundary4to5
    {
        type            processor;
        value           nonuniform List<scalar> 
100
(
-0.180498
-0.180498
-0.193993
-0.193993
-0.198572
-0.198572
-0.220978
-0.217519
-0.217519
-0.209376
-0.209376
-0.198793
-0.198793
-0.217662
-0.205176
-0.205176
-0.192898
-0.192898
-0.181392
-0.181392
-0.170898
-0.170898
-0.161471
-0.161471
-0.153067
-0.153067
-0.145606
-0.127488
-0.127488
-0.122284
-0.122284
-0.117689
-0.117689
-0.113699
-0.113699
-0.109992
-0.0971854
-0.0971854
-0.0232994
-0.0232952
-0.0233749
-0.0234909
-0.02366
-0.0238706
-0.0241239
-0.0244161
-0.0247457
-0.0251109
-0.0255099
-0.0259413
-0.0264039
-0.0268965
-0.0268965
-0.0285112
-0.0290977
-0.029714
-0.0303595
-0.0310335
-0.0317361
-0.0324666
-0.033225
-0.0340113
-0.0348253
-0.0356673
-0.0365375
-0.0374362
-0.0383638
-0.0393209
-0.0403084
-0.0413271
-0.0423778
-0.0434616
-0.0445794
-0.0457326
-0.0469224
-0.0481505
-0.0494188
-0.0507291
-0.0520828
-0.053482
-0.0549287
-0.0564251
-0.0579738
-0.0595773
-0.0612378
-0.0629576
-0.0647393
-0.066586
-0.0685005
-0.0704853
-0.0725423
-0.0746741
-0.0768831
-0.0768831
-0.0856184
-0.0883317
-0.091154
-0.0940935
-0.0970413
-0.100342
)
;
    }
    procBoundary4to19
    {
        type            processor;
        value           uniform 0.629265;
    }
    procBoundary4to20
    {
        type            processor;
        value           nonuniform List<scalar> 3(0.636582 0.650527 0.650527);
    }
    procBoundary4to21
    {
        type            processor;
        value           nonuniform List<scalar> 3(-0.13196 -0.13196 -0.15747);
    }
}


// ************************************************************************* //
