/*--------------------------------*- C++ -*----------------------------------*\
  =========                 |
  \\      /  F ield         | OpenFOAM: The Open Source CFD Toolbox
   \\    /   O peration     | Website:  https://openfoam.org
    \\  /    A nd           | Version:  7
     \\/     M anipulation  |
\*---------------------------------------------------------------------------*/
FoamFile
{
    version     2.0;
    format      ascii;
    class       volVectorField;
    location    "32";
    object      U;
}
// * * * * * * * * * * * * * * * * * * * * * * * * * * * * * * * * * * * * * //

dimensions      [0 1 -1 0 0 0 0];

internalField   nonuniform List<vector> 
1062
(
(0.76038 -0.000313296 2.07763e-24)
(0.777275 -0.000245892 2.51871e-24)
(0.792985 -0.000202211 -1.60044e-24)
(0.807799 -0.000179255 -4.74481e-24)
(0.821786 -0.000168851 2.62675e-24)
(0.83483 -0.000165046 3.9699e-25)
(0.847018 -0.000166058 2.99028e-24)
(0.858742 -0.000168377 -9.44362e-25)
(0.870179 -0.000165334 -6.19223e-25)
(0.881069 -0.000153262 8.5763e-25)
(0.891042 -0.00013754 -7.67509e-25)
(0.760822 -0.00091815 -7.20075e-25)
(0.777674 -0.000792319 -3.85858e-24)
(0.793346 -0.000700827 6.91641e-24)
(0.808126 -0.000637859 6.58852e-24)
(0.822084 -0.000588441 -5.37008e-24)
(0.835101 -0.00054677 -1.53036e-24)
(0.847264 -0.000518536 -2.35139e-24)
(0.858965 -0.000501049 -8.61088e-25)
(0.87038 -0.000477893 -9.23812e-25)
(0.881249 -0.000437914 1.51439e-24)
(0.891204 -0.000394288 1.95388e-24)
(1.02419 0.000235898 0)
(1.02175 0.000199763 0)
(1.01965 0.00017956 0)
(1.01757 0.000177937 0)
(1.01541 0.000165179 0)
(1.01354 0.000134779 0)
(1.01205 0.000117717 0)
(1.01052 0.000129264 0)
(1.00865 0.000138839 0)
(1.0068 0.00011772 0)
(1.02432 0.000702062 0)
(1.02187 0.000594609 0)
(1.01978 0.000534465 0)
(1.01769 0.000529582 0)
(1.01554 0.000491674 0)
(1.01366 0.000401318 0)
(1.01217 0.000350546 0)
(1.01064 0.000384795 0)
(1.00878 0.000413241 0)
(1.00692 0.000350497 0)
(1.02456 0.00115708 0)
(1.02212 0.000980263 0)
(1.02002 0.000881051 0)
(1.01793 0.000872832 0)
(1.01578 0.000810568 0)
(1.01391 0.000662021 0)
(1.01241 0.000578342 0)
(1.01088 0.000634411 0)
(1.00901 0.000681139 0)
(1.00716 0.000578102 0)
(1.02491 0.00160115 0)
(1.02247 0.00135701 0)
(1.02037 0.00121952 0)
(1.01829 0.0012078 0)
(1.01613 0.00112208 0)
(1.01426 0.000917259 0)
(1.01275 0.000801439 0)
(1.01122 0.000878268 0)
(1.00936 0.000942628 0)
(1.0075 0.00080081 0)
(1.02536 0.0020344 0)
(1.02292 0.00172507 0)
(1.02082 0.00155005 0)
(1.01874 0.0015346 0)
(1.01659 0.00142637 0)
(1.01471 0.00116733 0)
(1.01319 0.00102014 0)
(1.01166 0.00111653 0)
(1.0098 0.0011978 0)
(1.00794 0.00101884 0)
(1.0259 0.00245696 0)
(1.02346 0.00208464 0)
(1.02136 0.00187282 0)
(1.01928 0.00185334 0)
(1.01713 0.0017236 0)
(1.01525 0.00141251 0)
(1.01373 0.00123473 0)
(1.01219 0.00134937 0)
(1.01033 0.00144674 0)
(1.00848 0.00123237 0)
(1.02652 0.00286896 0)
(1.02408 0.00243593 0)
(1.02198 0.00218803 0)
(1.0199 0.00216415 0)
(1.01776 0.00201389 0)
(1.01587 0.001653 0)
(1.01434 0.00144547 0)
(1.01279 0.00157695 0)
(1.01094 0.00168953 0)
(1.00909 0.00144153 0)
(1.02722 0.00327054 0)
(1.02478 0.00277912 0)
(1.02267 0.00249586 0)
(1.0206 0.00246717 0)
(1.01846 0.00229737 0)
(1.01657 0.00188901 0)
(1.01503 0.00165259 0)
(1.01347 0.00179946 0)
(1.01162 0.00192626 0)
(1.00977 0.00164643 0)
(1.02798 0.00366182 0)
(1.02554 0.00311437 0)
(1.02343 0.00279653 0)
(1.02136 0.00276254 0)
(1.01924 0.00257414 0)
(1.01734 0.00212067 0)
(1.01578 0.00185632 0)
(1.01422 0.00201708 0)
(1.01237 0.00215702 0)
(1.01053 0.00184715 0)
(1.0288 0.00404294 0)
(1.02637 0.00344185 0)
(1.02426 0.00309022 0)
(1.02219 0.00305042 0)
(1.02007 0.00284429 0)
(1.01817 0.00234812 0)
(1.01659 0.00205685 0)
(1.01502 0.00222999 0)
(1.01318 0.0023819 0)
(1.01134 0.00204372 0)
(1.02968 0.00441403 0)
(1.02725 0.0037617 0)
(1.02513 0.00337714 0)
(1.02307 0.00333097 0)
(1.02095 0.00310791 0)
(1.01905 0.00257146 0)
(1.01746 0.00225439 0)
(1.01587 0.0024384 0)
(1.01403 0.00260098 0)
(1.0122 0.00223617 0)
(1.0306 0.00477523 0)
(1.02817 0.00407407 0)
(1.02605 0.00365749 0)
(1.02399 0.00360437 0)
(1.02188 0.00336506 0)
(1.01998 0.00279076 0)
(1.01837 0.00244909 0)
(1.01677 0.0026425 0)
(1.01494 0.00281435 0)
(1.01311 0.00242451 0)
(1.03156 0.00512666 0)
(1.02914 0.00437907 0)
(1.02701 0.00393147 0)
(1.02495 0.00387079 0)
(1.02285 0.00361581 0)
(1.02095 0.00300607 0)
(1.01932 0.00264113 0)
(1.01771 0.00284248 0)
(1.01588 0.00302211 0)
(1.01406 0.00260872 0)
(1.03255 0.00546846 0)
(1.03014 0.00467685 0)
(1.02801 0.00419928 0)
(1.02595 0.0041304 0)
(1.02386 0.00386023 0)
(1.02195 0.00321745 0)
(1.02031 0.00283064 0)
(1.01868 0.00303853 0)
(1.01685 0.00322436 0)
(1.01505 0.00278878 0)
(1.03357 0.00580077 0)
(1.03116 0.00496752 0)
(1.02903 0.00446111 0)
(1.02697 0.0043834 0)
(1.02489 0.00409838 0)
(1.02299 0.00342491 0)
(1.02133 0.00301776 0)
(1.01968 0.00323085 0)
(1.01785 0.00342119 0)
(1.01606 0.00296469 0)
(1.03461 0.00612373 0)
(1.03222 0.00525118 0)
(1.03008 0.00471717 0)
(1.02802 0.00462995 0)
(1.02595 0.00433032 0)
(1.02404 0.0036285 0)
(1.02237 0.00320262 0)
(1.0207 0.00341963 0)
(1.01887 0.0036127 0)
(1.01709 0.00313641 0)
(1.03567 0.00643749 0)
(1.03328 0.00552797 0)
(1.03114 0.00496764 0)
(1.02908 0.00487027 0)
(1.02702 0.00455612 0)
(1.02512 0.00382822 0)
(1.02342 0.00338532 0)
(1.02173 0.00360505 0)
(1.01991 0.00379902 0)
(1.01814 0.00330394 0)
(1.03674 0.00674219 0)
(1.03437 0.00579798 0)
(1.03222 0.00521272 0)
(1.03015 0.00510453 0)
(1.0281 0.00477587 0)
(1.02621 0.00402412 0)
(1.02449 0.00356599 0)
(1.02278 0.00378728 0)
(1.02096 0.00398025 0)
(1.0192 0.00346728 0)
(1.03782 0.007038 0)
(1.03545 0.00606136 0)
(1.0333 0.00545258 0)
(1.03123 0.00533293 0)
(1.0292 0.00498966 0)
(1.0273 0.00421621 0)
(1.02557 0.00374471 0)
(1.02383 0.00396651 0)
(1.02201 0.00415652 0)
(1.02027 0.00362644 0)
(1.0389 0.0073251 0)
(1.03655 0.00631822 0)
(1.03439 0.00568743 0)
(1.03231 0.00555567 0)
(1.03029 0.00519758 0)
(1.0284 0.00440455 0)
(1.02665 0.0039216 0)
(1.02488 0.00414291 0)
(1.02306 0.00432796 0)
(1.02134 0.00378145 0)
(1.03997 0.00760368 0)
(1.03763 0.00656871 0)
(1.03547 0.00591744 0)
(1.03339 0.00577295 0)
(1.03137 0.00539975 0)
(1.0295 0.00458919 0)
(1.02772 0.00409675 0)
(1.02593 0.00431662 0)
(1.0241 0.00449473 0)
(1.0224 0.00393237 0)
(1.04104 0.00787394 0)
(1.03872 0.006813 0)
(1.03655 0.00614282 0)
(1.03446 0.00598498 0)
(1.03245 0.00559632 0)
(1.03058 0.0047702 0)
(1.02878 0.00427025 0)
(1.02696 0.00448781 0)
(1.02513 0.00465697 0)
(1.02344 0.00407927 0)
(1.04209 0.00813612 0)
(1.03978 0.00705125 0)
(1.03761 0.00636377 0)
(1.03551 0.00619198 0)
(1.03351 0.00578744 0)
(1.03165 0.00494769 0)
(1.02983 0.0044422 0)
(1.02797 0.00465662 0)
(1.02614 0.00481483 0)
(1.02447 0.00422226 0)
(1.04313 0.00839045 0)
(1.04083 0.00728365 0)
(1.03864 0.00658047 0)
(1.03654 0.00639415 0)
(1.03455 0.00597329 0)
(1.03269 0.00512177 0)
(1.03085 0.00461268 0)
(1.02896 0.00482317 0)
(1.02713 0.00496849 0)
(1.02547 0.00436144 0)
(1.04414 0.00863721 0)
(1.04185 0.00751043 0)
(1.03966 0.00679314 0)
(1.03754 0.00659171 0)
(1.03556 0.00615407 0)
(1.03371 0.00529255 0)
(1.03184 0.00478179 0)
(1.02992 0.00498758 0)
(1.02808 0.0051181 0)
(1.02644 0.00449697 0)
(1.04511 0.00887669 0)
(1.04284 0.00773181 0)
(1.04063 0.00700197 0)
(1.0385 0.0067849 0)
(1.03653 0.00632999 0)
(1.03468 0.0054602 0)
(1.03279 0.0049496 0)
(1.03083 0.00514995 0)
(1.02899 0.00526384 0)
(1.02736 0.00462898 0)
(1.04604 0.00910919 0)
(1.04378 0.00794805 0)
(1.04156 0.00720717 0)
(1.03941 0.00697391 0)
(1.03745 0.00650129 0)
(1.03561 0.00562486 0)
(1.03369 0.00511617 0)
(1.0317 0.00531036 0)
(1.02984 0.00540587 0)
(1.02823 0.00475765 0)
(1.04692 0.00933504 0)
(1.04467 0.00815939 0)
(1.04244 0.00740893 0)
(1.04027 0.00715896 0)
(1.03832 0.00666819 0)
(1.03648 0.00578671 0)
(1.03453 0.00528155 0)
(1.0325 0.00546885 0)
(1.03064 0.00554434 0)
(1.02904 0.00488315 0)
(1.04774 0.00955456 0)
(1.04549 0.00836611 0)
(1.04325 0.00760743 0)
(1.04106 0.00734024 0)
(1.03911 0.00683093 0)
(1.03727 0.0059459 0)
(1.0353 0.00544578 0)
(1.03323 0.00562546 0)
(1.03136 0.00567939 0)
(1.02977 0.00500564 0)
(1.04848 0.00976807 0)
(1.04624 0.00856845 0)
(1.04398 0.00780282 0)
(1.04178 0.00751792 0)
(1.03983 0.00698975 0)
(1.03799 0.00610259 0)
(1.03598 0.00560886 0)
(1.03388 0.00578017 0)
(1.032 0.00581115 0)
(1.03043 0.00512528 0)
(1.04914 0.0099759 0)
(1.0469 0.00876667 0)
(1.04462 0.00799525 0)
(1.0424 0.00769216 0)
(1.04045 0.00714485 0)
(1.03861 0.00625691 0)
(1.03657 0.00577074 0)
(1.03443 0.00593293 0)
(1.03255 0.00593972 0)
(1.03098 0.0052422 0)
(1.04968 0.0101783 0)
(1.04745 0.00896098 0)
(1.04515 0.0081848 0)
(1.04291 0.00786306 0)
(1.04097 0.00729644 0)
(1.03912 0.00640898 0)
(1.03705 0.00593136 0)
(1.03488 0.00608366 0)
(1.03299 0.00606516 0)
(1.03144 0.00535653 0)
(1.05011 0.0103756 0)
(1.04788 0.00915155 0)
(1.04556 0.00837152 0)
(1.0433 0.0080307 0)
(1.04136 0.00744467 0)
(1.03951 0.00655887 0)
(1.03741 0.00609061 0)
(1.0352 0.00623223 0)
(1.03331 0.00618751 0)
(1.03177 0.00546834 0)
(1.0504 0.010568 0)
(1.04817 0.00933852 0)
(1.04583 0.00855541 0)
(1.04356 0.00819511 0)
(1.04161 0.00758967 0)
(1.03975 0.0067066 0)
(1.03763 0.00624831 0)
(1.03539 0.00637847 0)
(1.03351 0.00630675 0)
(1.03197 0.00557766 0)
(1.05054 0.0107556 0)
(1.0483 0.00952195 0)
(1.04594 0.00873639 0)
(1.04365 0.00835624 0)
(1.04171 0.0077315 0)
(1.03985 0.00685216 0)
(1.03769 0.00640426 0)
(1.03544 0.00652215 0)
(1.03355 0.00642285 0)
(1.03203 0.00568451 0)
(1.05049 0.0109384 0)
(1.04826 0.00970185 0)
(1.04588 0.00891434 0)
(1.04358 0.00851402 0)
(1.04164 0.00787018 0)
(1.03977 0.00699547 0)
(1.03759 0.00655818 0)
(1.03532 0.006663 0)
(1.03344 0.00653571 0)
(1.03193 0.00578881 0)
(1.05025 0.0111166 0)
(1.04802 0.00987814 0)
(1.04562 0.00908906 0)
(1.04332 0.00866831 0)
(1.04139 0.00800568 0)
(1.03951 0.00713639 0)
(1.03732 0.00670974 0)
(1.03503 0.00680071 0)
(1.03317 0.00664519 0)
(1.03167 0.00589047 0)
(1.04979 0.0112899 0)
(1.04756 0.0100507 0)
(1.04516 0.00926028 0)
(1.04286 0.00881889 0)
(1.04093 0.00813789 0)
(1.03905 0.00727473 0)
(1.03684 0.00685855 0)
(1.03456 0.00693492 0)
(1.03271 0.00675109 0)
(1.03123 0.00598932 0)
(1.04909 0.0114583 0)
(1.04687 0.0102192 0)
(1.04446 0.00942765 0)
(1.04217 0.00896549 0)
(1.04026 0.00826664 0)
(1.03838 0.00741021 0)
(1.03617 0.0070042 0)
(1.03389 0.00706521 0)
(1.03207 0.00685318 0)
(1.03061 0.00608514 0)
(1.04814 0.0116215 0)
(1.04593 0.0103834 0)
(1.04353 0.00959078 0)
(1.04125 0.0091078 0)
(1.03936 0.0083917 0)
(1.03749 0.0075425 0)
(1.03527 0.00714618 0)
(1.03301 0.00719115 0)
(1.03123 0.00695118 0)
(1.0298 0.00617766 0)
(1.04691 0.0117792 0)
(1.04472 0.0105429 0)
(1.04234 0.00974919 0)
(1.04008 0.00924543 0)
(1.03822 0.00851278 0)
(1.03636 0.0076712 0)
(1.03416 0.00728396 0)
(1.03193 0.00731226 0)
(1.03019 0.00704475 0)
(1.0288 0.00626657 0)
(1.04539 0.0119309 0)
(1.04324 0.0106972 0)
(1.04087 0.00990236 0)
(1.03865 0.00937794 0)
(1.03682 0.00862952 0)
(1.03499 0.00779588 0)
(1.03281 0.00741698 0)
(1.03062 0.00742802 0)
(1.02894 0.00713355 0)
(1.02759 0.00635148 0)
(1.04357 0.0120762 0)
(1.04145 0.0108458 0)
(1.03913 0.0100497 0)
(1.03695 0.00950487 0)
(1.03517 0.00874152 0)
(1.03336 0.00791601 0)
(1.03122 0.00754464 0)
(1.02909 0.0075379 0)
(1.02747 0.00721716 0)
(1.02618 0.00643201 0)
(1.04143 0.0122145 0)
(1.03937 0.0109882 0)
(1.03709 0.0101907 0)
(1.03497 0.0096257 0)
(1.03324 0.00884831 0)
(1.03148 0.00803105 0)
(1.02938 0.00766629 0)
(1.02733 0.00764136 0)
(1.02579 0.00729517 0)
(1.02456 0.00650771 0)
(1.03896 0.0123453 0)
(1.03696 0.0111236 0)
(1.03475 0.0103245 0)
(1.03271 0.00973987 0)
(1.03105 0.0089494 0)
(1.02934 0.00814041 0)
(1.02731 0.00778131 0)
(1.02534 0.00773785 0)
(1.0239 0.00736714 0)
(1.02275 0.00657814 0)
(1.03617 0.0124679 0)
(1.03424 0.0112515 0)
(1.03211 0.0104507 0)
(1.03016 0.00984682 0)
(1.02857 0.00904424 0)
(1.02694 0.00824348 0)
(1.02499 0.00788904 0)
(1.02312 0.00782681 0)
(1.02179 0.00743261 0)
(1.02073 0.00664281 0)
(1.01935 0.00601825 0)
(1.03303 0.0125818 0)
(1.0312 0.0113712 0)
(1.02916 0.0105685 0)
(1.02732 0.00994595 0)
(1.02583 0.00913228 0)
(1.02428 0.00833963 0)
(1.02242 0.00798884 0)
(1.02068 0.0079077 0)
(1.01947 0.00749113 0)
(1.01851 0.00670125 0)
(1.01724 0.00609378 0)
(1.02955 0.0126863 0)
(1.02783 0.0114819 0)
(1.02591 0.0106772 0)
(1.02419 0.0100367 0)
(1.02281 0.00921293 0)
(1.02136 0.00842821 0)
(1.01962 0.00808006 0)
(1.01802 0.00797998 0)
(1.01695 0.00754225 0)
(1.01611 0.006753 0)
(1.01495 0.00616172 0)
(1.02573 0.0127808 0)
(1.02414 0.011583 0)
(1.02236 0.0107761 0)
(1.02077 0.0101184 0)
(1.01953 0.00928559 0)
(1.01819 0.0085086 0)
(1.01659 0.00816211 0)
(1.01515 0.00804316 0)
(1.01423 0.00758555 0)
(1.01353 0.00679761 0)
(1.0125 0.00622161 0)
(1.02158 0.0128645 0)
(1.02014 0.0116738 0)
(1.01851 0.0108646 0)
(1.01709 0.0101905 0)
(1.01598 0.00934969 0)
(1.01479 0.00858016 0)
(1.01334 0.0082344 0)
(1.01207 0.00809677 0)
(1.01133 0.00762059 0)
(1.01077 0.00683463 0)
(1.00989 0.00627301 0)
(1.0171 0.012937 0)
(1.01583 0.0117537 0)
(1.01437 0.0109421 0)
(1.01313 0.0102525 0)
(1.01219 0.00940465 0)
(1.01115 0.0086423 0)
(1.00988 0.0082964 0)
(1.00881 0.00814037 0)
(1.00825 0.00764702 0)
(1.00786 0.00686368 0)
(1.00714 0.00631553 0)
(1.0123 0.0129976 0)
(1.01122 0.0118219 0)
(1.00996 0.0110079 0)
(1.00892 0.0103037 0)
(1.00816 0.00944991 0)
(1.00729 0.00869445 0)
(1.00622 0.00834761 0)
(1.00536 0.00817359 0)
(1.00501 0.00766447 0)
(1.0048 0.0068844 0)
(1.00426 0.00634885 0)
(1.0072 0.0130457 0)
(1.00632 0.0118779 0)
(1.00528 0.0110616 0)
(1.00446 0.0103438 0)
(1.00391 0.00948495 0)
(1.00323 0.0087361 0)
(1.00237 0.0083876 0)
(1.00175 0.00819609 0)
(1.00162 0.00767266 0)
(1.0016 0.00689648 0)
(1.00127 0.0063727 0)
(1.0018 0.0130807 0)
(1.00116 0.0119211 0)
(1.00036 0.0111024 0)
(0.999781 0.0103721 0)
(0.999445 0.00950928 0)
(0.998984 0.00876677 0)
(0.99836 0.008416 0)
(0.997994 0.00820761 0)
(0.9981 0.00767134 0)
(0.998284 0.00689966 0)
(0.998163 0.00638688 0)
(0.996136 0.0131023 0)
(0.995746 0.011951 0)
(0.99521 0.0111301 0)
(0.99489 0.0103883 0)
(0.994793 0.00952248 0)
(0.994567 0.00878607 0)
(0.994198 0.00843251 0)
(0.9941 0.00820792 0)
(0.994456 0.0076603 0)
(0.994864 0.00689374 0)
(0.994969 0.00639123 0)
(0.990213 0.0131098 0)
(0.990099 0.011967 0)
(0.989847 0.0111441 0)
(0.989809 0.010392 0)
(0.989971 0.00952416 0)
(0.989997 0.00879364 0)
(0.989902 0.0084369 0)
(0.990088 0.0081969 0)
(0.990709 0.0076394 0)
(0.991354 0.00687856 0)
(0.9917 0.00638569 0)
(0.984057 0.0131027 0)
(0.98424 0.0119686 0)
(0.984295 0.011144 0)
(0.984557 0.0103828 0)
(0.984997 0.00951394 0)
(0.985295 0.00878918 0)
(0.98549 0.00842898 0)
(0.985977 0.00817442 0)
(0.986875 0.00760854 0)
(0.98777 0.00685401 0)
(0.988369 0.00637021 0)
(0.97769 0.013081 0)
(0.978192 0.0119557 0)
(0.978575 0.0111297 0)
(0.979157 0.0103605 0)
(0.979893 0.00949161 0)
(0.98048 0.00877248 0)
(0.980983 0.00840861 0)
(0.981783 0.00814045 0)
(0.982972 0.00756771 0)
(0.984127 0.0068201 0)
(0.984991 0.00634484 0)
(0.971136 0.0130451 0)
(0.97198 0.0119286 0)
(0.97271 0.0111013 0)
(0.97363 0.0103254 0)
(0.974679 0.00945746 0)
(0.975573 0.00874369 0)
(0.976398 0.00837592 0)
(0.977524 0.0080952 0)
(0.979014 0.0075172 0)
(0.980442 0.00677708 0)
(0.98158 0.00630972 0)
(0.964421 0.0129953 0)
(0.965626 0.0118876 0)
(0.966723 0.0110595 0)
(0.967998 0.010278 0)
(0.969377 0.00941183 0)
(0.970593 0.00870332 0)
(0.971755 0.00833162 0)
(0.973218 0.00803933 0)
(0.975019 0.0074574 0)
(0.976729 0.00672523 0)
(0.97815 0.00626534 0)
(0.958695 0.0129344 -8.20199e-24)
(0.960216 0.0118366 4.50734e-24)
(0.961632 0.0110099 -3.2804e-23)
(0.963215 0.0102249 1.95611e-23)
(0.964878 0.00936102 7.48106e-25)
(0.966373 0.00865837 1.6631e-24)
(0.967823 0.0082848 -1.40241e-23)
(0.969575 0.00798319 -1.25641e-24)
(0.97164 0.00739779 1.17143e-23)
(0.97359 0.00667271 -4.1049e-24)
(0.953818 0.0128668 -2.73988e-23)
(0.955628 0.0117793 -3.85728e-24)
(0.957332 0.0109553 -1.27647e-23)
(0.95919 0.0101686 2.42322e-24)
(0.961107 0.00930801 -1.80675e-24)
(0.962848 0.00861176 -8.903e-24)
(0.96455 0.0082378 -2.18017e-24)
(0.96655 0.00792905 -2.80244e-24)
(0.968842 0.00734131 -3.8769e-25)
(0.970998 0.00662299 -5.54345e-24)
(0.948792 0.0127901 4.62522e-23)
(0.950906 0.0117131 2.00452e-24)
(0.952913 0.0108921 -8.68313e-24)
(0.955058 0.0101043 -1.4094e-23)
(0.957242 0.00924758 6.51742e-24)
(0.95924 0.00855796 -4.34696e-23)
(0.961204 0.00818375 1.28948e-23)
(0.963461 0.0078683 1.46711e-23)
(0.965989 0.00727888 8.76266e-24)
(0.968358 0.00656777 4.60203e-24)
(0.943621 0.0127047 4.28834e-24)
(0.946056 0.0116383 1.90908e-23)
(0.948378 0.0108206 -4.9713e-24)
(0.950825 0.0100323 1.88609e-23)
(0.953287 0.00917998 2.87723e-23)
(0.955554 0.00849704 4.59541e-23)
(0.95779 0.00812257 -5.35728e-23)
(0.960312 0.00780092 2.62e-23)
(0.963083 0.00721061 -1.52891e-23)
(0.965673 0.00650713 7.06789e-24)
(0.938311 0.0126091 -2.04947e-23)
(0.941082 0.0115537 2.10069e-23)
(0.943736 0.0107396 -8.79381e-24)
(0.946496 0.00995163 -4.10814e-23)
(0.949248 0.00910438 3.08112e-23)
(0.951795 0.00842833 -4.7741e-23)
(0.954312 0.00805372 1.81846e-23)
(0.957109 0.00772639 -2.9898e-23)
(0.96013 0.00713602 1.14171e-23)
(0.962948 0.00644068 -1.33437e-24)
(0.93287 0.0125023 -2.16519e-23)
(0.935993 0.0114584 -7.98892e-23)
(0.938992 0.0106486 4.47672e-23)
(0.942078 0.00986167 4.68082e-23)
(0.945131 0.00902025 -2.92688e-23)
(0.947969 0.00835139 -6.92294e-24)
(0.950777 0.00797683 1.51666e-24)
(0.953856 0.00764443 9.8613e-24)
(0.957135 0.00705483 -8.11081e-24)
(0.960188 0.00636816 6.20208e-24)
(0.927306 0.012384 3.40014e-23)
(0.930796 0.0113521 3.31326e-23)
(0.934154 0.010547 -9.23052e-24)
(0.937578 0.00976207 5.79541e-24)
(0.940945 0.00892725 1.09045e-22)
(0.944083 0.00826592 -3.01945e-24)
(0.947191 0.00789166 -1.72756e-23)
(0.950559 0.0075548 1.37714e-23)
(0.954104 0.00696684 4.78538e-24)
(0.957397 0.00628941 -3.64618e-23)
(0.921627 0.0122534 -1.29813e-23)
(0.9255 0.0112342 7.60562e-23)
(0.92923 0.0104345 -6.27814e-24)
(0.933004 0.00965247 1.75753e-23)
(0.936695 0.00882505 -9.23349e-23)
(0.940143 0.00817163 2.11948e-23)
(0.94356 0.00779797 -1.92191e-23)
(0.947225 0.00745731 -4.92661e-23)
(0.95104 0.00687188 -2.2876e-23)
(0.954581 0.00620425 2.37596e-23)
(0.915844 0.0121101 1.66946e-23)
(0.920115 0.0111042 9.85698e-25)
(0.924229 0.0103106 -3.42026e-23)
(0.928366 0.00953248 -6.07647e-25)
(0.93239 0.00871333 4.5414e-23)
(0.936159 0.00806824 4.8209e-23)
(0.939891 0.0076955 4.50429e-23)
(0.94386 0.00735175 2.28993e-23)
(0.947952 0.00676976 3.93195e-23)
(0.951745 0.00611253 -3.34998e-23)
(0.909968 0.0119535 1.78786e-23)
(0.914651 0.0109616 -1.12746e-22)
(0.919163 0.010175 1.47189e-23)
(0.923671 0.00940175 -9.57378e-23)
(0.92804 0.00859176 -1.33302e-23)
(0.932137 0.00795545 -6.68475e-23)
(0.936192 0.00758404 -2.13927e-23)
(0.94047 0.00723795 -1.27356e-23)
(0.944845 0.00666034 2.25962e-24)
(0.948896 0.00601412 2.95104e-24)
(0.904012 0.011783 -1.9548e-23)
(0.90912 0.010806 -5.57199e-23)
(0.91404 0.0100271 8.62963e-23)
(0.918931 0.00925994 2.89153e-23)
(0.923653 0.00846005 -2.0552e-23)
(0.928086 0.00783304 7.07765e-23)
(0.932471 0.00746339 3.73471e-23)
(0.937063 0.00711573 2.77112e-23)
(0.941726 0.00654346 -3.49656e-23)
(0.946038 0.00590889 -1.00803e-23)
(0.897989 0.0115981 3.09644e-23)
(0.903535 0.0106369 2.55014e-23)
(0.908874 0.00986672 -1.21595e-22)
(0.914157 0.00910673 -3.05446e-23)
(0.919239 0.00831792 4.06946e-25)
(0.924016 0.00770076 -1.71869e-23)
(0.928736 0.00733336 -6.12182e-23)
(0.933648 0.00698496 -6.27022e-24)
(0.938601 0.006419 1.72035e-23)
(0.94318 0.00579673 2.97418e-23)
(0.891914 0.0113983 -8.90269e-23)
(0.897909 0.0104539 -4.4273e-23)
(0.903677 0.00969344 1.0261e-22)
(0.909359 0.00894184 5.21215e-23)
(0.91481 0.00816512 2.64988e-23)
(0.919937 0.00755842 -8.66437e-23)
(0.924997 0.00719381 5.17104e-23)
(0.930231 0.0068455 1.63446e-23)
(0.935479 0.00628685 8.81349e-24)
(0.940326 0.00567754 -1.48637e-23)
(0.885802 0.0111833 -6.50401e-24)
(0.892256 0.0102566 5.92506e-23)
(0.898462 0.00950696 -5.88376e-23)
(0.904551 0.00876502 -7.5115e-23)
(0.910377 0.00800145 5.85366e-23)
(0.915858 0.00740584 3.85007e-23)
(0.921262 0.0070446 -1.62169e-24)
(0.926822 0.00669726 3.50234e-23)
(0.932367 0.00614693 8.28794e-24)
(0.937485 0.00555127 1.10941e-23)
(0.879669 0.0109525 5.08501e-23)
(0.886592 0.0100447 2.86996e-23)
(0.893243 0.00930702 4.11677e-23)
(0.899744 0.00857603 1.12126e-22)
(0.90595 0.00782671 -5.41273e-23)
(0.911791 0.00724288 -5.35366e-23)
(0.917541 0.00688564 -1.14142e-23)
(0.923429 0.00654018 -4.34255e-23)
(0.929273 0.00599918 5.24793e-25)
(0.934663 0.00541786 -2.33164e-23)
(0.865602 0.0117882 -2.22264e-22)
(0.873534 0.0107056 7.76995e-23)
(0.880933 0.00981792 -6.24158e-23)
(0.888034 0.00909339 -6.28485e-24)
(0.894953 0.00837471 -1.05869e-22)
(0.901543 0.00764075 5.69858e-23)
(0.907746 0.00706944 1.21371e-23)
(0.913845 0.00671684 -4.86694e-23)
(0.92006 0.00637419 -1.71705e-23)
(0.926204 0.00584355 -1.51622e-24)
(0.931867 0.00527729 3.30532e-23)
(0.858969 0.0114981 1.23291e-22)
(0.867414 0.0104424 -3.04367e-23)
(0.875296 0.009576 1.72393e-23)
(0.882851 0.0088659 3.62831e-23)
(0.890191 0.0081609 -4.56346e-24)
(0.897168 0.00744346 -5.39326e-23)
(0.903734 0.00688543 8.20302e-23)
(0.910182 0.00653819 3.74252e-23)
(0.916726 0.00619928 4.142e-23)
(0.923169 0.00568004 -5.99197e-24)
(0.929105 0.00512954 8.72874e-24)
(0.852366 0.0111898 -2.55913e-23)
(0.861329 0.0101625 3.09406e-23)
(0.869697 0.00931876 6.6896e-24)
(0.87771 0.00862442 -3.43287e-23)
(0.885472 0.00793451 1.73114e-23)
(0.892837 0.00723478 -2.05906e-24)
(0.899768 0.00669082 7.37572e-24)
(0.906564 0.00634966 -2.54005e-23)
(0.913436 0.00601546 -5.28537e-24)
(0.920177 0.00550865 5.03169e-24)
(0.926384 0.00497466 -1.53941e-23)
(0.845813 0.0108629 -1.78804e-22)
(0.855299 0.00986585 4.33467e-23)
(0.864155 0.00904609 -1.09964e-22)
(0.872626 0.00836887 -6.36687e-24)
(0.880811 0.0076955 4.17162e-23)
(0.888564 0.00701467 1.90209e-23)
(0.895859 0.00648562 -5.62746e-23)
(0.903002 0.0061513 -2.21589e-23)
(0.910198 0.00582277 1.58974e-23)
(0.917235 0.00532943 -3.69785e-23)
(0.923712 0.00481267 -1.86383e-23)
(0.839334 0.0105174 4.89486e-23)
(0.849343 0.00955227 7.23768e-23)
(0.858689 0.00875793 7.33845e-23)
(0.867617 0.00809923 4.21917e-23)
(0.876223 0.00744385 3.80362e-23)
(0.884363 0.00678315 -5.89709e-24)
(0.892019 0.00626986 1.47078e-23)
(0.899506 0.00594316 6.67291e-24)
(0.907023 0.00562129 -5.52928e-23)
(0.914352 0.00514245 1.18473e-23)
(0.921096 0.00464364 1.13037e-23)
(0.832953 0.0101532 -4.95668e-24)
(0.843484 0.00922174 2.2742e-23)
(0.853316 0.00845428 -1.70905e-23)
(0.862699 0.00781554 -2.62881e-24)
(0.871724 0.00717963 -1.30168e-22)
(0.880246 0.00654029 7.22223e-24)
(0.88826 0.00604363 -2.35183e-23)
(0.896086 0.00572536 2.58179e-24)
(0.90392 0.00541112 5.12877e-23)
(0.911537 0.0049478 6.53465e-24)
(0.918543 0.00446769 -1.68727e-23)
(0.826692 0.00977034 4.48012e-23)
(0.837742 0.00887433 1.82816e-23)
(0.848057 0.00813522 -8.26459e-23)
(0.85789 0.0075179 2.66245e-23)
(0.867328 0.00690294 -1.03909e-23)
(0.876228 0.00628619 -1.89293e-23)
(0.884595 0.00580706 6.57224e-23)
(0.892754 0.00549803 2.44179e-23)
(0.900898 0.0051924 -1.38754e-23)
(0.908799 0.00474562 -9.54814e-24)
(0.916062 0.00428492 2.32268e-23)
(0.820576 0.00936885 4.78283e-23)
(0.832139 0.00851014 -1.66739e-22)
(0.84293 0.0078009 6.35551e-23)
(0.853206 0.00720648 -5.50334e-23)
(0.86305 0.00661394 1.04157e-22)
(0.872323 0.00602103 -9.87171e-25)
(0.881035 0.00556033 -4.91077e-23)
(0.889521 0.00526136 -1.75853e-23)
(0.897969 0.00496531 6.91995e-24)
(0.906145 0.00453604 -1.40101e-24)
(0.91366 0.00409549 -5.60187e-24)
(0.814629 0.00894899 -1.31771e-22)
(0.826696 0.00812941 6.06445e-23)
(0.837956 0.00745156 3.42991e-23)
(0.848665 0.0068815 1.12615e-22)
(0.858907 0.00631286 -6.13929e-23)
(0.868543 0.00574501 -1.2397e-24)
(0.877594 0.00530365 2.62802e-23)
(0.886396 0.00501557 6.01312e-23)
(0.89514 0.00473004 -1.42422e-23)
(0.903585 0.00431927 3.8505e-23)
(0.911343 0.00389957 2.53783e-24)
(0.808876 0.00851107 7.98643e-23)
(0.821436 0.00773243 5.46716e-23)
(0.833152 0.00708749 -3.26166e-23)
(0.844285 0.00654327 -3.9664e-23)
(0.854914 0.00599998 3.36167e-23)
(0.864903 0.0054584 -3.18141e-23)
(0.874281 0.00503728 -2.34614e-23)
(0.883392 0.00476091 -2.87139e-23)
(0.892421 0.00448685 6.11056e-25)
(0.901126 0.00409552 -4.88861e-23)
(0.909121 0.00369737 -7.63815e-24)
(0.80334 0.00805549 1.28518e-22)
(0.81638 0.00731959 -1.32712e-22)
(0.828539 0.00670909 1.23281e-23)
(0.840081 0.00619216 -3.07953e-23)
(0.851085 0.00567563 -4.09435e-23)
(0.861416 0.00516152 8.61776e-24)
(0.87111 0.00476153 4.18965e-23)
(0.880518 0.00449769 -1.41355e-23)
(0.889822 0.00423601 -2.94136e-23)
(0.898777 0.00386504 3.16442e-23)
(0.906998 0.0034891 8.6808e-24)
(0.798047 0.00758278 -7.83215e-23)
(0.811549 0.0068914 6.94145e-23)
(0.824134 0.00631681 3.26267e-24)
(0.836071 0.00582859 6.35117e-23)
(0.847435 0.00534021 1.86724e-23)
(0.858094 0.00485473 5.46231e-23)
(0.868093 0.00447676 -4.63155e-23)
(0.877784 0.00422624 -2.98801e-23)
(0.887351 0.00397782 4.67941e-24)
(0.896545 0.00362809 2.87429e-23)
(0.904983 0.00327503 -4.39197e-24)
(0.793018 0.00709356 1.11438e-23)
(0.806963 0.00644841 -2.53372e-23)
(0.819957 0.00591119 -5.02968e-23)
(0.83227 0.00545307 -1.22624e-22)
(0.843978 0.00499418 2.65632e-23)
(0.854951 0.00453845 -3.74557e-23)
(0.865239 0.00418336 1.361e-23)
(0.8752 0.00394694 3.38872e-23)
(0.885017 0.00371263 1.71799e-23)
(0.894438 0.00338498 -3.26495e-23)
(0.903082 0.00305544 9.80647e-24)
(0.788277 0.00658855 -7.43586e-23)
(0.802643 0.0059913 5.40228e-23)
(0.816025 0.00549286 6.67656e-23)
(0.828695 0.00506616 7.52308e-23)
(0.840729 0.00463805 5.6468e-23)
(0.851998 0.00421316 -5.39884e-23)
(0.862559 0.00388177 7.04162e-23)
(0.872776 0.0036602 -8.5428e-24)
(0.882828 0.00344081 1.57402e-23)
(0.892463 0.00313605 -4.96068e-24)
(0.9013 0.00283062 -1.6223e-23)
(0.783846 0.00606859 2.87576e-23)
(0.798608 0.00552081 -5.97773e-23)
(0.812354 0.0050625 -1.43069e-23)
(0.82536 0.00466851 -9.70666e-24)
(0.8377 0.0042724 -7.82862e-23)
(0.849247 0.00387937 -7.66063e-24)
(0.860064 0.00357248 2.78648e-24)
(0.87052 0.00336646 5.08241e-23)
(0.880792 0.00316277 -5.42707e-23)
(0.890626 0.00288166 -3.02125e-24)
(0.899645 0.0026009 2.25073e-23)
(0.779745 0.00553459 4.91316e-23)
(0.794876 0.0050378 6.07038e-23)
(0.808962 0.00462089 -9.52413e-25)
(0.822279 0.0042608 -2.45579e-23)
(0.834903 0.00389783 1.70629e-23)
(0.846709 0.00353764 4.95992e-23)
(0.857764 0.003256 -3.02118e-23)
(0.86844 0.00306622 -2.01175e-23)
(0.878916 0.00287894 1.78674e-23)
(0.888935 0.00262217 9.90656e-24)
(0.898122 0.00236662 6.39457e-24)
(0.775993 0.00498758 -1.48103e-23)
(0.791464 0.00454317 -1.55064e-23)
(0.805862 0.00416885 9.97123e-24)
(0.819466 0.00384379 -4.61897e-24)
(0.832351 0.00351504 1.23645e-23)
(0.844394 0.00318858 4.09646e-24)
(0.855667 0.0029329 -2.60467e-23)
(0.866545 0.00275998 -2.37767e-23)
(0.877207 0.00258978 5.14673e-25)
(0.887396 0.00235801 -4.99544e-24)
(0.896735 0.00212816 2.15884e-24)
(0.77261 0.00442868 -2.28034e-23)
(0.788389 0.00403794 -5.25373e-23)
(0.803068 0.0037073 -3.67599e-23)
(0.816932 0.0034183 1.41529e-23)
(0.830053 0.00312473 1.86155e-23)
(0.842311 0.00283284 -2.05328e-23)
(0.853781 0.00260377 2.25943e-24)
(0.864842 0.00244829 1.25456e-23)
(0.875672 0.00229578 -1.76225e-25)
(0.886013 0.00208961 2.21668e-23)
(0.89549 0.0018859 -1.76773e-23)
(0.769611 0.00385909 -5.41996e-24)
(0.785663 0.00352316 6.4411e-23)
(0.800595 0.00323719 -1.56293e-23)
(0.814689 0.00298517 1.47756e-23)
(0.82802 0.00272768 -3.18874e-23)
(0.840469 0.0024711 -6.53824e-24)
(0.852114 0.00226922 1.82771e-23)
(0.863337 0.00213173 -2.81645e-23)
(0.874316 0.00199745 1.82942e-23)
(0.884792 0.0018174 -9.73695e-24)
(0.894391 0.00164025 1.17534e-23)
(0.767011 0.00328007 8.51782e-24)
(0.783302 0.00299997 -2.1091e-23)
(0.798452 0.00275954 3.84155e-23)
(0.812747 0.00254533 -1.96328e-23)
(0.826261 0.00232469 -1.38263e-23)
(0.838876 0.00210409 3.23569e-24)
(0.850672 0.00192993 -4.98313e-24)
(0.862036 0.00181087 2.38697e-23)
(0.873144 0.00169533 -1.22411e-23)
(0.883737 0.00154187 -1.94664e-24)
(0.893442 0.00139162 -1.89609e-24)
(0.764824 0.00269296 2.7115e-23)
(0.781315 0.00246956 1.25543e-23)
(0.796649 0.00227543 -3.93179e-24)
(0.811114 0.00209973 1.32851e-23)
(0.824783 0.00191661 1.96404e-23)
(0.837537 0.00173256 1.75619e-23)
(0.849462 0.00158657 -1.17852e-23)
(0.860944 0.00148636 -3.13907e-24)
(0.872161 0.00138995 1.86497e-23)
(0.882852 0.00126349 3.81787e-24)
(0.892646 0.00114045 -1.94507e-23)
(0.76306 0.00209918 -2.46571e-23)
(0.779713 0.00193318 -1.69968e-23)
(0.795196 0.00178595 -1.26985e-23)
(0.809798 0.00164935 4.62024e-24)
(0.823592 0.00150431 -5.03873e-24)
(0.836459 0.00135728 -2.04572e-23)
(0.848488 0.00123985 6.0113e-24)
(0.860066 0.00115882 -3.81248e-24)
(0.87137 0.0010819 -1.34344e-23)
(0.88214 0.000982763 -1.13154e-23)
(0.892005 0.000887191 4.88466e-24)
(0.761727 0.00150016 4.4349e-24)
(0.778502 0.00139212 -7.90418e-24)
(0.794099 0.00129227 7.32224e-24)
(0.808805 0.00119521 -2.98316e-24)
(0.822693 0.00108868 -2.79675e-24)
(0.835647 0.000979056 4.91884e-24)
(0.847754 0.000890477 6.75147e-24)
(0.859404 0.000828901 2.82458e-24)
(0.870774 0.000771748 6.95706e-24)
(0.881604 0.000700203 2.60987e-24)
(0.891524 0.000632293 1.48317e-25)
(0.760834 0.000897395 -9.73034e-25)
(0.777691 0.000847687 -2.52795e-24)
(0.793363 0.000795548 3.46369e-24)
(0.808139 0.00073835 5.79669e-24)
(0.822091 0.000670657 -3.11906e-24)
(0.835103 0.000598706 -1.73627e-24)
(0.847263 0.000539204 -9.00799e-25)
(0.858962 0.000497279 -7.56734e-25)
(0.870376 0.000460092 -2.16835e-24)
(0.881246 0.000416327 1.37213e-24)
(0.891202 0.000376224 1.87936e-24)
(0.760384 0.000292399 3.21647e-24)
(0.777281 0.000301231 1.90755e-24)
(0.792991 0.000296985 -1.76862e-24)
(0.807803 0.00027984 -4.91706e-24)
(0.821788 0.000251164 2.97517e-24)
(0.83483 0.00021706 5.42685e-25)
(0.847018 0.000186774 2.55347e-24)
(0.858741 0.000164627 -9.19646e-25)
(0.870178 0.00014753 -6.58557e-25)
(0.881068 0.000131663 8.74505e-25)
(0.891041 0.000119455 -8.31594e-25)
)
;

boundaryField
{
    inlet
    {
        type            uniformFixedValue;
        uniformValue    constant (1 0 0);
        value           nonuniform 0();
    }
    outlet
    {
        type            pressureInletOutletVelocity;
        value           nonuniform 0();
    }
    cylinder
    {
        type            fixedValue;
        value           nonuniform 0();
    }
    top
    {
        type            symmetryPlane;
    }
    bottom
    {
        type            symmetryPlane;
    }
    defaultFaces
    {
        type            empty;
    }
    procBoundary14to13
    {
        type            processor;
        value           nonuniform List<vector> 
99
(
(1.02698 0.000263907 0)
(1.02711 0.000785344 0)
(1.02735 0.00129409 0)
(1.02769 0.00179022 0)
(1.02813 0.00227381 0)
(1.02867 0.00274492 0)
(1.02928 0.00320366 0)
(1.02996 0.00365018 0)
(1.03072 0.00408463 0)
(1.03153 0.00450717 0)
(1.03239 0.00491802 0)
(1.03329 0.00531737 0)
(1.03424 0.00570545 0)
(1.03522 0.00608249 0)
(1.03622 0.00644873 0)
(1.03724 0.00680441 0)
(1.03828 0.00714979 0)
(1.03934 0.00748513 0)
(1.04039 0.0078107 0)
(1.04145 0.00812677 0)
(1.04251 0.00843362 0)
(1.04356 0.00873154 0)
(1.04459 0.00902082 0)
(1.04561 0.00930177 0)
(1.0466 0.00957471 0)
(1.04755 0.00983996 0)
(1.04847 0.0100979 0)
(1.04934 0.0103487 0)
(1.05014 0.0105929 0)
(1.05087 0.0108307 0)
(1.05151 0.0110624 0)
(1.05205 0.0112882 0)
(1.05247 0.0115085 0)
(1.05276 0.0117232 0)
(1.05288 0.0119327 0)
(1.05282 0.0121367 0)
(1.05257 0.0123354 0)
(1.05209 0.0125284 0)
(1.05137 0.0127156 0)
(1.05039 0.0128966 0)
(1.04913 0.0130709 0)
(1.04756 0.0132382 0)
(1.04568 0.0133977 0)
(1.04348 0.013549 0)
(1.04093 0.0136913 0)
(1.03803 0.0138239 0)
(1.03478 0.0139463 0)
(1.03117 0.0140577 0)
(1.02721 0.0141575 0)
(1.02289 0.014245 0)
(1.01822 0.0143197 0)
(1.01322 0.014381 0)
(1.00789 0.0144283 0)
(1.00225 0.0144613 0)
(0.996321 0.0144793 0)
(0.990111 0.0144821 0)
(0.983647 0.0144692 0)
(0.976952 0.0144404 0)
(0.970048 0.0143968 0)
(0.962962 0.0143382 0)
(0.956913 0.0142674 -1.27486e-24)
(0.951739 0.0141893 -7.53821e-23)
(0.946398 0.0141017 6.44582e-24)
(0.940896 0.0140048 -8.36974e-23)
(0.935238 0.0138969 7.41113e-23)
(0.929431 0.0137771 -4.60924e-23)
(0.923485 0.0136447 5.74108e-23)
(0.917407 0.0134991 -1.32143e-23)
(0.911209 0.0133398 -5.0262e-23)
(0.904902 0.013166 7.20418e-23)
(0.8985 0.0129772 -2.08078e-23)
(0.892017 0.0127728 -7.97407e-24)
(0.885468 0.0125522 -3.35866e-23)
(0.878871 0.0123148 1.20016e-23)
(0.872242 0.0120603 -7.60468e-23)
(0.872242 0.0120603 -7.60468e-23)
(0.857083 0.0129968 -4.94431e-23)
(0.849896 0.0126777 -3.89345e-23)
(0.842731 0.0123385 2.0342e-22)
(0.835613 0.0119787 -5.43883e-23)
(0.828567 0.0115982 -2.2751e-23)
(0.821618 0.0111969 -2.90321e-23)
(0.814792 0.0107747 -3.01131e-23)
(0.808118 0.0103318 4.79413e-23)
(0.801621 0.00986828 -3.49634e-23)
(0.795329 0.00938455 -5.73218e-23)
(0.78927 0.00888102 1.26108e-22)
(0.783471 0.00835826 -3.59205e-24)
(0.777957 0.00781692 -9.46374e-23)
(0.772755 0.00725782 1.09651e-22)
(0.767889 0.00668187 -1.24349e-22)
(0.763383 0.00609009 1.16939e-22)
(0.759259 0.00548365 -6.31006e-23)
(0.755539 0.00486378 6.21085e-24)
(0.752239 0.00423184 1.18892e-23)
(0.749379 0.00358926 -3.26706e-23)
(0.746971 0.00293757 -7.36866e-24)
(0.74503 0.00227835 1.95588e-23)
(0.743565 0.00161324 2.48448e-24)
)
;
    }
    procBoundary14to15
    {
        type            processor;
        value           nonuniform List<vector> 
100
(
(1.00543 7.94042e-05 0)
(1.00555 0.000236646 0)
(1.00578 0.000391036 0)
(1.00612 0.000543098 0)
(1.00655 0.00069327 0)
(1.00707 0.000841917 0)
(1.00767 0.000989337 0)
(1.00834 0.00113577 0)
(1.00908 0.00128139 0)
(1.00988 0.00142635 0)
(1.01073 0.00157072 0)
(1.01163 0.00171456 0)
(1.01257 0.0018579 0)
(1.01354 0.00200073 0)
(1.01454 0.00214304 0)
(1.01556 0.00228479 0)
(1.01661 0.00242595 0)
(1.01766 0.00256646 0)
(1.01872 0.0027063 0)
(1.01978 0.00284543 0)
(1.02083 0.00298383 0)
(1.02187 0.00312147 0)
(1.0229 0.00325835 0)
(1.02389 0.00339448 0)
(1.02485 0.00352985 0)
(1.02576 0.00366449 0)
(1.02663 0.00379839 0)
(1.02743 0.00393155 0)
(1.02815 0.00406397 0)
(1.02879 0.00419561 0)
(1.02933 0.0043264 0)
(1.02977 0.00445626 0)
(1.03009 0.00458504 0)
(1.03028 0.00471257 0)
(1.03033 0.00483863 0)
(1.03022 0.00496294 0)
(1.02996 0.00508517 0)
(1.02952 0.00520496 0)
(1.02891 0.0053219 0)
(1.02811 0.00543551 0)
(1.02713 0.00554531 0)
(1.02596 0.00565077 0)
(1.02459 0.00575135 0)
(1.02303 0.00584649 0)
(1.02128 0.00593564 0)
(1.02128 0.00593564 0)
(1.01752 0.00611727 0)
(1.01554 0.00619748 0)
(1.0134 0.00626858 0)
(1.01111 0.00633018 0)
(1.00868 0.00638191 0)
(1.00613 0.00642351 0)
(1.00346 0.00645475 0)
(1.00069 0.00647547 0)
(0.997833 0.00648558 0)
(0.994896 0.00648507 0)
(0.991894 0.00647397 0)
(0.988842 0.0064524 0)
(0.985752 0.00642045 0)
(0.982638 0.00637828 0)
(0.979511 0.0063266 0)
(0.975252 0.00622032 6.90688e-24)
(0.975252 0.00622032 6.90688e-24)
(0.972864 0.00617784 -3.40176e-24)
(0.970435 0.00612995 3.32875e-24)
(0.967968 0.00607652 -1.90934e-23)
(0.965468 0.00601728 -5.69686e-24)
(0.962938 0.00595203 4.51345e-23)
(0.960384 0.00588063 -2.02956e-23)
(0.95781 0.00580293 -1.68152e-23)
(0.95522 0.00571881 1.23872e-23)
(0.952621 0.00562816 -1.03554e-23)
(0.950018 0.00553087 1.39734e-23)
(0.947417 0.00542686 -1.95712e-24)
(0.944823 0.00531608 -1.66528e-24)
(0.942243 0.00519847 1.90686e-23)
(0.939682 0.00507401 -3.56351e-23)
(0.937148 0.0049427 -1.88781e-23)
(0.934647 0.00480455 1.40551e-23)
(0.932185 0.00465961 4.98144e-23)
(0.92977 0.00450793 -7.96375e-23)
(0.927407 0.00434961 1.06363e-23)
(0.925103 0.00418474 5.64617e-23)
(0.922866 0.00401346 -2.85423e-23)
(0.920701 0.00383592 -6.56934e-24)
(0.918615 0.0036523 9.67994e-24)
(0.916614 0.00346281 1.7376e-23)
(0.914705 0.00326766 -2.1886e-23)
(0.912893 0.0030671 1.02794e-23)
(0.911185 0.0028614 1.99936e-23)
(0.909585 0.00265085 -3.24577e-23)
(0.9081 0.00243575 4.2149e-24)
(0.906733 0.00221644 3.15324e-23)
(0.905489 0.00199326 -2.65599e-23)
(0.904373 0.00176657 2.6525e-24)
(0.903387 0.00153674 3.25241e-24)
(0.902537 0.00130418 -2.8602e-24)
(0.901823 0.00106927 -2.16857e-24)
(0.90125 0.000832429 5.12369e-24)
(0.900818 0.000594085 -4.78217e-24)
)
;
    }
    procBoundary14to29
    {
        type            processor;
        value           nonuniform List<vector> 4((0.742091 -0.000400318 1.15111e-24) (0.742582 -0.00107179 -3.2875e-25) (0.742584 0.000943943 -2.34191e-25) (0.742091 0.000272176 -5.88267e-25));
    }
    procBoundary14to30
    {
        type            processor;
        value           nonuniform List<vector> 
11
(
(0.761707 -0.00152063 -2.87585e-24)
(0.778474 -0.00133669 -7.84231e-24)
(0.794071 -0.00119766 1.81899e-23)
(0.808784 -0.0010949 -3.84752e-24)
(0.822681 -0.00100666 -6.35737e-24)
(0.835643 -0.000927274 3.91691e-24)
(0.847756 -0.000869904 8.72618e-24)
(0.859409 -0.000832709 1.62767e-25)
(0.87078 -0.000789544 3.73969e-24)
(0.881609 -0.000721764 5.96786e-24)
(0.891527 -0.000650315 2.69208e-24)
)
;
    }
    procBoundary14to31
    {
        type            processor;
        value           nonuniform List<vector> 4((0.900385 -0.000125672 -9.81204e-25) (0.90053 -0.000365714 4.98094e-24) (0.900529 0.000354664 -2.93167e-24) (0.900385 0.000114599 -1.06806e-24));
    }
}


// ************************************************************************* //
