/*--------------------------------*- C++ -*----------------------------------*\
  =========                 |
  \\      /  F ield         | OpenFOAM: The Open Source CFD Toolbox
   \\    /   O peration     | Website:  https://openfoam.org
    \\  /    A nd           | Version:  7
     \\/     M anipulation  |
\*---------------------------------------------------------------------------*/
FoamFile
{
    version     2.0;
    format      ascii;
    class       volVectorField;
    location    "90";
    object      U;
}
// * * * * * * * * * * * * * * * * * * * * * * * * * * * * * * * * * * * * * //

dimensions      [0 1 -1 0 0 0 0];

internalField   nonuniform List<vector> 
1450
(
(1.08379 0.0468899 0)
(1.06651 0.00431847 0)
(1.06649 -0.0447831 0)
(1.0912 -0.111383 0)
(1.16759 -0.160429 0)
(1.27604 -0.133549 0)
(1.34858 -0.0403354 0)
(1.3586 0.0683975 0)
(1.32177 0.15801 0)
(1.26107 0.211186 0)
(1.19727 0.240192 0)
(1.13086 0.264847 0)
(1.06578 0.258487 0)
(1.018 0.216836 0)
(0.973068 0.212376 0)
(0.920497 0.254288 0)
(0.885671 0.232985 0)
(0.8806 0.0725158 0)
(0.882315 -0.18581 0)
(0.873107 -0.444772 0)
(0.871714 -0.577087 0)
(0.933362 -0.478805 0)
(1.04297 -0.204124 0)
(1.11498 0.0739576 0)
(1.13193 0.224909 0)
(1.12404 0.241252 0)
(1.09601 0.240802 0)
(1.04977 0.309831 0)
(1.01268 0.37034 0)
(1.00124 0.292068 0)
(0.990008 0.071188 0)
(0.948643 -0.187579 0)
(0.882122 -0.360235 0)
(0.840542 -0.368155 0)
(0.877266 -0.263285 0)
(0.970098 -0.155414 0)
(1.04266 -0.0218526 0)
(1.06376 0.1888 0)
(1.06456 0.360368 0)
(1.05737 0.369252 0)
(1.01823 0.257294 0)
(0.967329 0.0927035 0)
(0.938124 -0.106728 0)
(0.928472 -0.298067 0)
(0.933088 -0.371201 0)
(0.966823 -0.266765 0)
(1.02209 -0.0334776 0)
(1.05706 0.200304 0)
(1.05136 0.336973 0)
(1.02609 0.32354 0)
(0.981965 0.126731 0)
(0.966726 -0.138475 0)
(0.955154 -0.343185 0)
(0.972198 -0.340712 0)
(0.985754 -0.113048 0)
(0.980078 0.137613 0)
(0.968018 0.29237 0)
(0.944423 0.188106 0)
(0.955384 -0.0714825 0)
(0.98632 -0.188763 0)
(0.985374 -0.250441 0)
(0.985038 -0.0638261 0)
(0.930233 0.160817 0)
(0.894439 0.0774808 0)
(1.07837 0.0512833 0)
(1.05904 0.0058427 0)
(1.05817 -0.0465932 0)
(1.08254 -0.119196 0)
(1.16126 -0.174646 0)
(1.27734 -0.147149 0)
(1.35695 -0.0462888 0)
(1.36911 0.0703033 0)
(1.3306 0.164754 0)
(1.26697 0.219656 0)
(1.20064 0.248836 0)
(1.13182 0.273368 0)
(1.06554 0.265639 0)
(1.01714 0.222608 0)
(0.970393 0.218351 0)
(0.916992 0.259448 0)
(0.883923 0.235117 0)
(0.881569 0.0725964 0)
(0.884859 -0.185322 0)
(0.875305 -0.444125 0)
(0.870197 -0.580118 0)
(0.924177 -0.487431 0)
(1.02914 -0.21318 0)
(1.10255 0.0693498 0)
(1.12397 0.224138 0)
(1.11972 0.24282 0)
(1.09297 0.244296 0)
(1.04744 0.313658 0)
(1.01192 0.372467 0)
(1.00173 0.293049 0)
(0.990558 0.0735353 0)
(0.948828 -0.182985 0)
(0.882203 -0.355715 0)
(0.840515 -0.367825 0)
(0.876172 -0.268455 0)
(0.967035 -0.161949 0)
(1.03806 -0.0254392 0)
(1.05985 0.187937 0)
(1.06274 0.360507 0)
(1.05709 0.370875 0)
(1.01889 0.260465 0)
(0.968849 0.0954964 0)
(0.940221 -0.10537 0)
(0.930743 -0.297874 0)
(0.934156 -0.372423 0)
(0.965556 -0.269585 0)
(1.01965 -0.0363121 0)
(1.05519 0.199361 0)
(1.05088 0.337847 0)
(1.0268 0.325571 0)
(0.982916 0.128494 0)
(0.967591 -0.137684 0)
(0.955714 -0.343329 0)
(0.971371 -0.341538 0)
(0.983819 -0.113208 0)
(0.977609 0.138067 0)
(0.966771 0.293288 0)
(0.942873 0.188406 0)
(0.954214 -0.0724885 0)
(0.983981 -0.189515 0)
(0.982798 -0.250401 0)
(0.981448 -0.0624864 0)
(0.927174 0.16288 0)
(0.89197 0.078271 0)
(1.07263 0.0559867 0)
(1.051 0.00758123 0)
(1.0491 -0.0482492 0)
(1.0727 -0.126957 0)
(1.15243 -0.189251 0)
(1.27562 -0.161536 0)
(1.36322 -0.0528082 0)
(1.37855 0.0720951 0)
(1.33888 0.171642 0)
(1.27259 0.228302 0)
(1.20382 0.257623 0)
(1.1326 0.281944 0)
(1.06521 0.27276 0)
(1.01618 0.228411 0)
(0.967612 0.224362 0)
(0.913361 0.264459 0)
(0.881963 0.23696 0)
(0.882311 0.0724335 0)
(0.887138 -0.184913 0)
(0.877187 -0.443279 0)
(0.868667 -0.582508 0)
(0.915336 -0.495256 0)
(1.01555 -0.221891 0)
(1.09014 0.0645562 0)
(1.1159 0.222997 0)
(1.11523 0.244123 0)
(1.08979 0.247623 0)
(1.04502 0.317307 0)
(1.011 0.374431 0)
(1.00198 0.293953 0)
(0.990897 0.0758401 0)
(0.948939 -0.178466 0)
(0.882375 -0.351278 0)
(0.840753 -0.367463 0)
(0.875423 -0.273402 0)
(0.964217 -0.168211 0)
(1.03361 -0.0289204 0)
(1.05601 0.186991 0)
(1.0609 0.360514 0)
(1.05672 0.372379 0)
(1.01944 0.263511 0)
(0.970213 0.0981848 0)
(0.942148 -0.104066 0)
(0.932908 -0.297655 0)
(0.935287 -0.373509 0)
(0.964452 -0.272239 0)
(1.01735 -0.0390713 0)
(1.05338 0.19838 0)
(1.05039 0.338631 0)
(1.0274 0.327522 0)
(0.983755 0.130215 0)
(0.96835 -0.1369 0)
(0.956267 -0.343426 0)
(0.970653 -0.342282 0)
(0.982048 -0.113324 0)
(0.975297 0.138496 0)
(0.965588 0.294166 0)
(0.941353 0.1887 0)
(0.953051 -0.0734563 0)
(0.981633 -0.190217 0)
(0.980244 -0.250334 0)
(0.978007 -0.0611664 0)
(0.924261 0.164878 0)
(0.889603 0.0790336 0)
(1.06654 0.0610182 0)
(1.04234 0.0095612 0)
(1.03913 -0.0497026 0)
(1.06136 -0.134526 0)
(1.14057 -0.204073 0)
(1.27011 -0.176693 0)
(1.3667 -0.0600136 0)
(1.38648 0.0736567 0)
(1.34642 0.178601 0)
(1.27785 0.237086 0)
(1.20676 0.266533 0)
(1.1332 0.290563 0)
(1.06478 0.279843 0)
(1.01512 0.234243 0)
(0.964728 0.230408 0)
(0.9096 0.269332 0)
(0.879815 0.238528 0)
(0.882861 0.07204 0)
(0.889183 -0.184577 0)
(0.878786 -0.442254 0)
(0.867116 -0.584314 0)
(0.906838 -0.502323 0)
(1.00224 -0.230252 0)
(1.07783 0.0596024 0)
(1.10776 0.221511 0)
(1.11059 0.245174 0)
(1.08649 0.250787 0)
(1.04252 0.320784 0)
(1.00995 0.376245 0)
(1.00201 0.294784 0)
(0.991043 0.0780969 0)
(0.948983 -0.174033 0)
(0.882636 -0.346938 0)
(0.841217 -0.367082 0)
(0.87497 -0.278133 0)
(0.961626 -0.174201 0)
(1.02932 -0.0322933 0)
(1.05226 0.185972 0)
(1.05904 0.360402 0)
(1.05626 0.37377 0)
(1.01987 0.266437 0)
(0.971433 0.100773 0)
(0.94392 -0.102818 0)
(0.934969 -0.297417 0)
(0.936472 -0.374473 0)
(0.963505 -0.274735 0)
(1.01517 -0.0417539 0)
(1.05163 0.197366 0)
(1.04988 0.339332 0)
(1.02789 0.329398 0)
(0.984492 0.131896 0)
(0.969014 -0.136125 0)
(0.956813 -0.343482 0)
(0.970037 -0.342952 0)
(0.980431 -0.113399 0)
(0.973137 0.138902 0)
(0.964465 0.295008 0)
(0.939869 0.18899 0)
(0.951897 -0.0743861 0)
(0.979282 -0.190872 0)
(0.977721 -0.250244 0)
(0.974714 -0.0598683 0)
(0.921493 0.166813 0)
(0.887335 0.0797704 0)
(1.06005 0.0663955 0)
(1.033 0.0118172 0)
(1.02809 -0.050887 0)
(1.04815 -0.141745 0)
(1.12517 -0.218923 0)
(1.26012 -0.192595 0)
(1.36672 -0.0680365 0)
(1.39246 0.0748489 0)
(1.35297 0.185541 0)
(1.28265 0.245959 0)
(1.20943 0.275545 0)
(1.1336 0.299211 0)
(1.06425 0.286881 0)
(1.01396 0.2401 0)
(0.961742 0.236487 0)
(0.905708 0.274074 0)
(0.877502 0.239834 0)
(0.883246 0.0714276 0)
(0.891021 -0.184304 0)
(0.880137 -0.441067 0)
(0.865533 -0.58559 0)
(0.898685 -0.508675 0)
(0.98924 -0.238263 0)
(1.06564 0.0545122 0)
(1.09959 0.219707 0)
(1.10583 0.245984 0)
(1.0831 0.253789 0)
(1.03997 0.324096 0)
(1.00877 0.377919 0)
(1.00184 0.295548 0)
(0.991012 0.0803011 0)
(0.948966 -0.169695 0)
(0.882983 -0.342703 0)
(0.841876 -0.366688 0)
(0.874772 -0.282654 0)
(0.959243 -0.179924 0)
(1.02518 -0.035556 0)
(1.0486 0.184889 0)
(1.05717 0.360181 0)
(1.05573 0.375058 0)
(1.02019 0.26925 0)
(0.972521 0.103267 0)
(0.945553 -0.101623 0)
(0.936929 -0.297168 0)
(0.937704 -0.375328 0)
(0.962708 -0.27708 0)
(1.01313 -0.0443588 0)
(1.04993 0.196327 0)
(1.04936 0.339959 0)
(1.02828 0.331203 0)
(0.985139 0.133536 0)
(0.969592 -0.135362 0)
(0.957353 -0.343505 0)
(0.969518 -0.343553 0)
(0.978959 -0.113435 0)
(0.971122 0.13929 0)
(0.9634 0.295818 0)
(0.938425 0.189277 0)
(0.950755 -0.075278 0)
(0.976936 -0.191481 0)
(0.975234 -0.250136 0)
(0.971564 -0.058594 0)
(0.918862 0.168689 0)
(0.885163 0.080483 0)
(1.05314 0.0721352 0)
(1.02294 0.0143929 0)
(1.01573 -0.0517146 0)
(1.03264 -0.148444 0)
(1.10581 -0.233605 0)
(1.2451 -0.209203 0)
(1.3627 -0.0770121 0)
(1.39606 0.0755155 0)
(1.3583 0.192357 0)
(1.28687 0.254865 0)
(1.21179 0.284632 0)
(1.1338 0.307871 0)
(1.06362 0.293867 0)
(1.0127 0.24598 0)
(0.958653 0.242596 0)
(0.901686 0.27869 0)
(0.875051 0.240887 0)
(0.883492 0.070608 0)
(0.892671 -0.18409 0)
(0.881273 -0.439733 0)
(0.863916 -0.586383 0)
(0.89088 -0.514355 0)
(0.976586 -0.245926 0)
(1.05363 0.0493083 0)
(1.09143 0.217609 0)
(1.10098 0.246567 0)
(1.07962 0.256632 0)
(1.03735 0.327249 0)
(1.00746 0.379464 0)
(1.00149 0.296248 0)
(0.990818 0.082449 0)
(0.94889 -0.165461 0)
(0.883413 -0.338581 0)
(0.842703 -0.366289 0)
(0.874791 -0.286973 0)
(0.95705 -0.185385 0)
(1.02119 -0.0387073 0)
(1.04503 0.18375 0)
(1.05529 0.359861 0)
(1.05513 0.376247 0)
(1.02042 0.271955 0)
(0.973489 0.105668 0)
(0.94706 -0.100481 0)
(0.938793 -0.296915 0)
(0.938973 -0.376084 0)
(0.962055 -0.279282 0)
(1.01121 -0.0468851 0)
(1.04828 0.195267 0)
(1.04883 0.340517 0)
(1.02858 0.332941 0)
(0.985706 0.135136 0)
(0.970094 -0.134612 0)
(0.957888 -0.3435 0)
(0.969087 -0.344092 0)
(0.977625 -0.113436 0)
(0.969246 0.139662 0)
(0.962388 0.296599 0)
(0.937025 0.189561 0)
(0.949625 -0.0761323 0)
(0.974601 -0.192047 0)
(0.972787 -0.250014 0)
(0.968555 -0.0573452 0)
(0.916366 0.170508 0)
(0.883082 0.081173 0)
(1.04573 0.0782528 0)
(1.01209 0.0173428 0)
(1.0018 -0.0520754 0)
(1.01435 -0.154457 0)
(1.0822 -0.24794 0)
(1.22474 -0.226469 0)
(1.35419 -0.0870691 0)
(1.39689 0.0754918 0)
(1.36219 0.198928 0)
(1.29042 0.263739 0)
(1.21379 0.293764 0)
(1.13378 0.316527 0)
(1.06288 0.300793 0)
(1.01134 0.251878 0)
(0.955462 0.248735 0)
(0.89754 0.283184 0)
(0.872485 0.241699 0)
(0.883616 0.0695925 0)
(0.894148 -0.183927 0)
(0.882226 -0.438265 0)
(0.862261 -0.58674 0)
(0.883426 -0.519407 0)
(0.964306 -0.253242 0)
(1.04183 0.0440118 0)
(1.08331 0.215243 0)
(1.09606 0.246936 0)
(1.07607 0.259322 0)
(1.03467 0.33025 0)
(1.00604 0.380889 0)
(1.00097 0.29689 0)
(0.990476 0.0845376 0)
(0.948757 -0.161338 0)
(0.883919 -0.334576 0)
(0.843676 -0.365887 0)
(0.874992 -0.291096 0)
(0.955031 -0.190591 0)
(1.01735 -0.0417472 0)
(1.04154 0.182564 0)
(1.05341 0.35945 0)
(1.05447 0.377344 0)
(1.02056 0.274556 0)
(0.974347 0.107981 0)
(0.948456 -0.0993917 0)
(0.940567 -0.296661 0)
(0.940273 -0.376754 0)
(0.96154 -0.281348 0)
(1.00942 -0.0493326 0)
(1.04669 0.194192 0)
(1.04829 0.341013 0)
(1.0288 0.334617 0)
(0.986203 0.136697 0)
(0.97053 -0.133877 0)
(0.958416 -0.343472 0)
(0.968739 -0.344575 0)
(0.97642 -0.113403 0)
(0.967502 0.14002 0)
(0.961426 0.297355 0)
(0.935672 0.189844 0)
(0.948509 -0.0769493 0)
(0.972281 -0.192571 0)
(0.970387 -0.24988 0)
(0.965681 -0.0561232 0)
(0.913999 0.172273 0)
(0.881091 0.0818418 0)
(1.03775 0.0847621 0)
(1.00036 0.0207328 0)
(0.985998 -0.051841 0)
(0.992863 -0.15963 0)
(1.05422 -0.261777 0)
(1.19899 -0.244339 0)
(1.34093 -0.0983179 0)
(1.39464 0.0746144 0)
(1.36442 0.205129 0)
(1.29319 0.272508 0)
(1.21537 0.302906 0)
(1.13352 0.32516 0)
(1.06202 0.307653 0)
(1.0099 0.257792 0)
(0.952166 0.254901 0)
(0.893276 0.28756 0)
(0.869827 0.242276 0)
(0.883635 0.0683929 0)
(0.895463 -0.183812 0)
(0.883022 -0.436676 0)
(0.860573 -0.586702 0)
(0.876325 -0.523873 0)
(0.952425 -0.260218 0)
(1.03027 0.0386427 0)
(1.07527 0.212632 0)
(1.0911 0.247105 0)
(1.07247 0.261862 0)
(1.03195 0.333104 0)
(1.00453 0.382202 0)
(1.0003 0.297476 0)
(0.989998 0.0865649 0)
(0.948568 -0.157332 0)
(0.884497 -0.330693 0)
(0.844775 -0.365488 0)
(0.875345 -0.295031 0)
(0.95317 -0.195549 0)
(1.01366 -0.0446763 0)
(1.03815 0.181338 0)
(1.05153 0.358958 0)
(1.05375 0.378356 0)
(1.02062 0.277059 0)
(0.975105 0.110209 0)
(0.949753 -0.098353 0)
(0.942256 -0.296411 0)
(0.941595 -0.377345 0)
(0.961156 -0.283285 0)
(1.00775 -0.051701 0)
(1.04516 0.193106 0)
(1.04773 0.341454 0)
(1.02894 0.336232 0)
(0.986639 0.138221 0)
(0.97091 -0.133159 0)
(0.958938 -0.343427 0)
(0.968467 -0.345007 0)
(0.975336 -0.11334 0)
(0.965883 0.140366 0)
(0.960513 0.298087 0)
(0.934368 0.190127 0)
(0.94741 -0.0777294 0)
(0.969984 -0.193057 0)
(0.968035 -0.249737 0)
(0.962938 -0.0549289 0)
(0.911757 0.173985 0)
(0.879188 0.0824907 0)
(1.02913 0.0916769 0)
(0.987617 0.0246401 0)
(0.968007 -0.0508718 0)
(0.96784 -0.16384 0)
(1.02191 -0.275005 0)
(1.16805 -0.262753 0)
(1.32284 -0.11084 0)
(1.38909 0.0727325 0)
(1.36481 0.210832 0)
(1.29506 0.281095 0)
(1.21651 0.31202 0)
(1.13302 0.333749 0)
(1.06105 0.314437 0)
(1.00835 0.263718 0)
(0.948763 0.261091 0)
(0.888903 0.291819 0)
(0.867097 0.242628 0)
(0.883559 0.0670207 0)
(0.896628 -0.18374 0)
(0.883682 -0.434977 0)
(0.85886 -0.586306 0)
(0.869575 -0.527795 0)
(0.940967 -0.26686 0)
(1.019 0.0332198 0)
(1.06732 0.209801 0)
(1.08611 0.247087 0)
(1.06883 0.264258 0)
(1.0292 0.33582 0)
(1.00292 0.38341 0)
(0.999494 0.298011 0)
(0.9894 0.0885293 0)
(0.948325 -0.153446 0)
(0.885136 -0.326935 0)
(0.845987 -0.365093 0)
(0.875825 -0.298785 0)
(0.951453 -0.200268 0)
(1.01011 -0.0474956 0)
(1.03486 0.180078 0)
(1.04967 0.358393 0)
(1.05299 0.379288 0)
(1.0206 0.279467 0)
(0.975773 0.112355 0)
(0.950965 -0.097364 0)
(0.943868 -0.296168 0)
(0.942931 -0.377868 0)
(0.960896 -0.285101 0)
(1.00619 -0.0539906 0)
(1.04369 0.192012 0)
(1.04718 0.341844 0)
(1.029 0.337791 0)
(0.987024 0.139706 0)
(0.971243 -0.132458 0)
(0.959452 -0.343367 0)
(0.968265 -0.345393 0)
(0.974364 -0.113249 0)
(0.964384 0.140703 0)
(0.959645 0.298797 0)
(0.933117 0.190409 0)
(0.946329 -0.0784732 0)
(0.967712 -0.193506 0)
(0.965737 -0.249589 0)
(0.96032 -0.0537631 0)
(0.909634 0.175647 0)
(0.87737 0.083121 0)
(1.01977 0.0990111 0)
(0.973722 0.0291517 0)
(0.947535 -0.0490287 0)
(0.93909 -0.166997 0)
(0.985517 -0.287559 0)
(1.13236 -0.281647 0)
(1.30005 -0.12468 0)
(1.38013 0.0697165 0)
(1.36323 0.215912 0)
(1.29597 0.289424 0)
(1.21715 0.321064 0)
(1.13227 0.342273 0)
(1.05997 0.321138 0)
(1.00672 0.269653 0)
(0.945254 0.267304 0)
(0.884432 0.295961 0)
(0.864311 0.242763 0)
(0.883394 0.0654875 0)
(0.897653 -0.183707 0)
(0.884223 -0.433179 0)
(0.857136 -0.58559 0)
(0.863174 -0.531213 0)
(0.929954 -0.273176 0)
(1.00803 0.0277607 0)
(1.05951 0.206771 0)
(1.08113 0.246896 0)
(1.06517 0.266516 0)
(1.0264 0.338402 0)
(1.00123 0.384522 0)
(0.998567 0.298496 0)
(0.988694 0.0904302 0)
(0.948028 -0.149684 0)
(0.885829 -0.323306 0)
(0.8473 -0.364704 0)
(0.876408 -0.302363 0)
(0.949869 -0.204755 0)
(1.0067 -0.0502068 0)
(1.03165 0.17879 0)
(1.04781 0.357762 0)
(1.05219 0.380146 0)
(1.0205 0.281784 0)
(0.976359 0.114422 0)
(0.952102 -0.0964235 0)
(0.94541 -0.295935 0)
(0.944275 -0.378331 0)
(0.960755 -0.286803 0)
(1.00476 -0.0562017 0)
(1.04228 0.190917 0)
(1.04662 0.342189 0)
(1.02901 0.339297 0)
(0.987364 0.141153 0)
(0.971538 -0.131774 0)
(0.959959 -0.343296 0)
(0.968127 -0.345737 0)
(0.973499 -0.113131 0)
(0.962997 0.141031 0)
(0.958819 0.299489 0)
(0.93192 0.190691 0)
(0.945268 -0.0791812 0)
(0.965471 -0.19392 0)
(0.963494 -0.249437 0)
(0.957823 -0.0526262 0)
(0.907627 0.177261 0)
(0.875635 0.0837336 0)
(1.00958 0.106781 0)
(0.958491 0.0343607 0)
(0.92433 -0.0461853 0)
(0.906597 -0.169055 0)
(0.945427 -0.299417 0)
(1.0925 -0.300958 0)
(1.27287 -0.139847 0)
(1.36777 0.0654654 0)
(1.35959 0.220257 0)
(1.29582 0.297416 0)
(1.21725 0.329998 0)
(1.13124 0.350711 0)
(1.05877 0.327747 0)
(1.005 0.275594 0)
(0.941639 0.273535 0)
(0.879877 0.299987 0)
(0.861482 0.242688 0)
(0.88314 0.0638045 0)
(0.898548 -0.183711 0)
(0.884656 -0.431293 0)
(0.85542 -0.584586 0)
(0.85711 -0.534166 0)
(0.919404 -0.279174 0)
(0.997382 0.022282 0)
(1.05184 0.203565 0)
(1.07616 0.246545 0)
(1.06148 0.268642 0)
(1.02358 0.340858 0)
(0.999462 0.385543 0)
(0.997532 0.298935 0)
(0.987895 0.0922671 0)
(0.947683 -0.146049 0)
(0.886563 -0.319806 0)
(0.848706 -0.364323 0)
(0.877077 -0.305774 0)
(0.948404 -0.209021 0)
(1.00342 -0.052812 0)
(1.02854 0.17748 0)
(1.04597 0.357071 0)
(1.05135 0.380934 0)
(1.02035 0.284014 0)
(0.976871 0.116411 0)
(0.953174 -0.09553 0)
(0.946887 -0.295714 0)
(0.94562 -0.378739 0)
(0.960726 -0.288397 0)
(1.00343 -0.058335 0)
(1.04092 0.189822 0)
(1.04605 0.342493 0)
(1.02895 0.34075 0)
(0.987667 0.142564 0)
(0.971802 -0.131109 0)
(0.960458 -0.343217 0)
(0.968045 -0.346044 0)
(0.972732 -0.112989 0)
(0.961717 0.141353 0)
(0.958034 0.300163 0)
(0.930778 0.190974 0)
(0.944228 -0.0798541 0)
(0.963265 -0.194301 0)
(0.961307 -0.249284 0)
(0.95544 -0.0515188 0)
(0.90573 0.178829 0)
(0.873981 0.0843298 0)
(0.998455 0.115004 0)
(0.941718 0.0403616 0)
(0.898211 -0.0422412 0)
(0.870522 -0.170017 0)
(0.902189 -0.310595 0)
(1.04917 -0.320619 0)
(1.24173 -0.156312 0)
(1.35212 0.0599097 0)
(1.35386 0.223767 0)
(1.29458 0.304997 0)
(1.21679 0.338779 0)
(1.12994 0.359038 0)
(1.05745 0.334254 0)
(1.00318 0.281537 0)
(0.937918 0.279781 0)
(0.87525 0.303895 0)
(0.858619 0.242412 0)
(0.882793 0.0619826 0)
(0.899322 -0.18375 0)
(0.884993 -0.42933 0)
(0.853733 -0.583325 0)
(0.851371 -0.536692 0)
(0.909333 -0.284865 0)
(0.987088 0.0167992 0)
(1.04434 0.200203 0)
(1.07123 0.246048 0)
(1.05779 0.270643 0)
(1.02074 0.343193 0)
(0.997634 0.386479 0)
(0.9964 0.29933 0)
(0.987016 0.0940401 0)
(0.947292 -0.14254 0)
(0.887327 -0.316437 0)
(0.850198 -0.36395 0)
(0.877817 -0.309022 0)
(0.947052 -0.213073 0)
(1.00028 -0.0553135 0)
(1.02552 0.176153 0)
(1.04415 0.356328 0)
(1.05048 0.381658 0)
(1.02013 0.286161 0)
(0.977318 0.118325 0)
(0.95419 -0.0946824 0)
(0.948308 -0.295505 0)
(0.946962 -0.379101 0)
(0.960802 -0.28989 0)
(1.00222 -0.0603912 0)
(1.03961 0.188731 0)
(1.04549 0.34276 0)
(1.02884 0.342154 0)
(0.987941 0.143937 0)
(0.972045 -0.130462 0)
(0.960948 -0.343132 0)
(0.968016 -0.346317 0)
(0.972056 -0.112824 0)
(0.960537 0.14167 0)
(0.957288 0.300821 0)
(0.929693 0.191257 0)
(0.943212 -0.0804924 0)
(0.961096 -0.194652 0)
(0.95918 -0.24913 0)
(0.953165 -0.0504409 0)
(0.90394 0.180353 0)
(0.872408 0.0849103 0)
(0.986262 0.123704 0)
(0.923196 0.0472437 0)
(0.86909 -0.037131 0)
(0.831185 -0.169929 0)
(0.856481 -0.321136 0)
(1.00311 -0.340558 0)
(1.20716 -0.174015 0)
(1.33337 0.0530137 0)
(1.34605 0.22636 0)
(1.2922 0.3121 0)
(1.21574 0.347364 0)
(1.12835 0.367233 0)
(1.05601 0.340653 0)
(1.00127 0.28748 0)
(0.934094 0.286038 0)
(0.870567 0.307686 0)
(0.855728 0.241945 0)
(0.882343 0.0600319 0)
(0.899983 -0.183822 0)
(0.885242 -0.4273 0)
(0.852095 -0.581835 0)
(0.845936 -0.538823 0)
(0.899755 -0.290259 0)
(0.977161 0.0113269 0)
(1.03703 0.196706 0)
(1.06635 0.245418 0)
(1.05409 0.272525 0)
(1.01788 0.345413 0)
(0.995749 0.387336 0)
(0.995183 0.299683 0)
(0.98607 0.0957495 0)
(0.946863 -0.139158 0)
(0.88811 -0.313199 0)
(0.851768 -0.363587 0)
(0.878617 -0.312114 0)
(0.945802 -0.216922 0)
(0.997271 -0.057714 0)
(1.0226 0.174813 0)
(1.04236 0.355538 0)
(1.04958 0.382322 0)
(1.01985 0.288229 0)
(0.977707 0.120166 0)
(0.955159 -0.0938794 0)
(0.949677 -0.295309 0)
(0.948294 -0.379422 0)
(0.960977 -0.291288 0)
(1.00111 -0.0623714 0)
(1.03837 0.187647 0)
(1.04492 0.342995 0)
(1.02868 0.343511 0)
(0.988191 0.145274 0)
(0.972273 -0.129833 0)
(0.961428 -0.343043 0)
(0.968033 -0.346559 0)
(0.971465 -0.11264 0)
(0.959452 0.141983 0)
(0.956577 0.301464 0)
(0.928665 0.191541 0)
(0.94222 -0.0810969 0)
(0.958967 -0.194973 0)
(0.957111 -0.248978 0)
(0.950994 -0.0493926 0)
(0.902251 0.181834 0)
(0.870913 0.0854759 0)
(0.972871 0.132903 0)
(0.902727 0.0550847 0)
(0.83699 -0.0308311 0)
(0.789044 -0.168884 0)
(0.809085 -0.331101 0)
(0.955061 -0.360701 0)
(1.16973 -0.192867 0)
(1.31176 0.044773 0)
(1.33621 0.227974 0)
(1.28867 0.318664 0)
(1.21408 0.355716 0)
(1.12646 0.375272 0)
(1.05445 0.346934 0)
(0.999277 0.29342 0)
(0.930171 0.292301 0)
(0.865843 0.311358 0)
(0.852811 0.241298 0)
(0.881779 0.0579623 0)
(0.900537 -0.183926 0)
(0.885417 -0.425214 0)
(0.850521 -0.580141 0)
(0.840782 -0.540595 0)
(0.89068 -0.29537 0)
(0.967619 0.00587883 0)
(1.02991 0.193092 0)
(1.06153 0.244667 0)
(1.05041 0.274295 0)
(1.01501 0.347524 0)
(0.993815 0.388118 0)
(0.993892 0.299996 0)
(0.985069 0.0973958 0)
(0.946402 -0.135902 0)
(0.888901 -0.310093 0)
(0.853411 -0.363235 0)
(0.87947 -0.315054 0)
(0.944648 -0.220575 0)
(0.994386 -0.0600161 0)
(1.01976 0.173465 0)
(1.04058 0.354707 0)
(1.04866 0.382931 0)
(1.01952 0.290219 0)
(0.978043 0.121936 0)
(0.956087 -0.0931196 0)
(0.950999 -0.295127 0)
(0.949615 -0.379707 0)
(0.961244 -0.292598 0)
(1.00011 -0.0642767 0)
(1.03718 0.186572 0)
(1.04435 0.343201 0)
(1.02848 0.344822 0)
(0.988423 0.146574 0)
(0.972492 -0.129223 0)
(0.961899 -0.342951 0)
(0.968093 -0.346774 0)
(0.970953 -0.112437 0)
(0.958456 0.142292 0)
(0.955901 0.302094 0)
(0.927696 0.191826 0)
(0.941255 -0.0816683 0)
(0.95688 -0.195266 0)
(0.955103 -0.248829 0)
(0.94892 -0.0483737 0)
(0.90066 0.183274 0)
(0.869494 0.0860275 0)
(0.958144 0.142628 0)
(0.880145 0.0639435 0)
(0.802044 -0.0233619 0)
(0.744658 -0.167013 0)
(0.760842 -0.340561 0)
(0.90576 -0.380961 0)
(1.13003 -0.212759 0)
(1.28762 0.0352124 0)
(1.32446 0.228565 0)
(1.28401 0.324638 0)
(1.2118 0.363796 0)
(1.12428 0.383135 0)
(1.05278 0.35309 0)
(0.997187 0.299353 0)
(0.926154 0.298565 0)
(0.861093 0.314911 0)
(0.849866 0.24048 0)
(0.881085 0.0557828 0)
(0.900986 -0.184065 0)
(0.885532 -0.423083 0)
(0.849021 -0.578266 0)
(0.83589 -0.542037 0)
(0.882116 -0.300212 0)
(0.958478 0.000467572 0)
(1.02302 0.18938 0)
(1.05678 0.243807 0)
(1.04675 0.275958 0)
(1.01214 0.349531 0)
(0.991839 0.388832 0)
(0.992536 0.30027 0)
(0.984026 0.0989796 0)
(0.945916 -0.13277 0)
(0.88969 -0.307117 0)
(0.855118 -0.362895 0)
(0.880371 -0.31785 0)
(0.943585 -0.224042 0)
(0.991626 -0.0622227 0)
(1.01702 0.172111 0)
(1.03884 0.353839 0)
(1.04772 0.383488 0)
(1.01915 0.292136 0)
(0.978334 0.123637 0)
(0.956982 -0.0924018 0)
(0.952281 -0.29496 0)
(0.950921 -0.379961 0)
(0.961595 -0.293826 0)
(0.999204 -0.0661084 0)
(1.03604 0.18551 0)
(1.04378 0.343382 0)
(1.02824 0.346089 0)
(0.988642 0.147838 0)
(0.972709 -0.12863 0)
(0.962359 -0.342858 0)
(0.968189 -0.346964 0)
(0.970514 -0.112218 0)
(0.957543 0.1426 0)
(0.955258 0.30271 0)
(0.926784 0.192112 0)
(0.940318 -0.0822074 0)
(0.954838 -0.195534 0)
(0.953154 -0.248682 0)
(0.946939 -0.0473842 0)
(0.899163 0.184674 0)
(0.86815 0.0865656 0)
(0.941938 0.1529 0)
(0.855335 0.0738551 0)
(0.764492 -0.0147877 0)
(0.69867 -0.16448 0)
(0.712603 -0.349591 0)
(0.855925 -0.401243 0)
(1.08865 -0.233565 0)
(1.26127 0.0243819 0)
(1.31092 0.228112 0)
(1.27824 0.32998 0)
(1.2089 0.371571 0)
(1.1218 0.3908 0)
(1.05099 0.359114 0)
(0.995005 0.305276 0)
(0.92205 0.304824 0)
(0.856332 0.318346 0)
(0.846891 0.239505 0)
(0.880246 0.0535018 0)
(0.90133 -0.18424 0)
(0.885602 -0.420917 0)
(0.847598 -0.57623 0)
(0.831244 -0.543179 0)
(0.874068 -0.304798 0)
(0.949755 -0.00489507 0)
(1.01635 0.185588 0)
(1.05211 0.242852 0)
(1.04311 0.277522 0)
(1.00926 0.35144 0)
(0.989826 0.38948 0)
(0.991125 0.300508 0)
(0.98295 0.100502 0)
(0.945415 -0.129759 0)
(0.890471 -0.30427 0)
(0.856881 -0.362568 0)
(0.881317 -0.320506 0)
(0.942606 -0.22733 0)
(0.98899 -0.0643366 0)
(1.01436 0.170757 0)
(1.03712 0.352941 0)
(1.04676 0.383997 0)
(1.01873 0.293982 0)
(0.978584 0.12527 0)
(0.95785 -0.0917246 0)
(0.953525 -0.294807 0)
(0.95221 -0.380188 0)
(0.962023 -0.294976 0)
(0.998398 -0.0678681 0)
(1.03496 0.184463 0)
(1.04321 0.343539 0)
(1.02797 0.347313 0)
(0.988852 0.149065 0)
(0.972929 -0.128054 0)
(0.96281 -0.342763 0)
(0.968319 -0.347133 0)
(0.970142 -0.111983 0)
(0.956708 0.142906 0)
(0.954645 0.303314 0)
(0.925931 0.192398 0)
(0.939412 -0.0827149 0)
(0.95284 -0.195778 0)
(0.951265 -0.24854 0)
(0.945044 -0.0464238 0)
(0.897754 0.186036 0)
(0.86688 0.0870909 0)
(0.924121 0.163741 0)
(0.828239 0.0848264 0)
(0.724671 -0.00521502 0)
(0.651784 -0.161468 0)
(0.665163 -0.358259 0)
(0.806269 -0.42144 0)
(1.04616 -0.255146 0)
(1.2331 0.0123522 0)
(1.29575 0.22661 0)
(1.27141 0.334661 0)
(1.20539 0.379012 0)
(1.11902 0.398249 0)
(1.04909 0.364998 0)
(0.992731 0.311185 0)
(0.917867 0.311072 0)
(0.851573 0.321664 0)
(0.843881 0.238385 0)
(0.87925 0.0511275 0)
(0.901568 -0.184454 0)
(0.885644 -0.418725 0)
(0.84625 -0.574051 0)
(0.826837 -0.544051 0)
(0.866531 -0.309145 0)
(0.941466 -0.0101984 0)
(1.00992 0.181731 0)
(1.04754 0.241811 0)
(1.0395 0.278994 0)
(1.00639 0.353256 0)
(0.987783 0.390067 0)
(0.989668 0.30071 0)
(0.981852 0.101962 0)
(0.944904 -0.126866 0)
(0.891238 -0.30155 0)
(0.858688 -0.362255 0)
(0.882312 -0.323028 0)
(0.941707 -0.230449 0)
(0.986479 -0.066361 0)
(1.0118 0.169404 0)
(1.03543 0.352015 0)
(1.04579 0.384462 0)
(1.01827 0.29576 0)
(0.978798 0.126837 0)
(0.958696 -0.0910869 0)
(0.954735 -0.294667 0)
(0.953483 -0.380392 0)
(0.962518 -0.296055 0)
(0.997688 -0.0695572 0)
(1.03393 0.183431 0)
(1.04264 0.343676 0)
(1.02766 0.348496 0)
(0.989057 0.150257 0)
(0.973155 -0.127495 0)
(0.963252 -0.342669 0)
(0.968477 -0.347281 0)
(0.969832 -0.111735 0)
(0.955946 0.143211 0)
(0.954062 0.303906 0)
(0.925135 0.192684 0)
(0.938537 -0.0831917 0)
(0.95089 -0.195998 0)
(0.949434 -0.248403 0)
(0.94323 -0.045492 0)
(0.896431 0.18736 0)
(0.865681 0.0876039 0)
(0.904575 0.175162 0)
(0.798868 0.0968339 0)
(0.682997 0.00521577 0)
(0.604752 -0.158171 0)
(0.619212 -0.366627 0)
(0.757502 -0.441441 0)
(1.00306 -0.277353 0)
(1.20347 -0.000790876 0)
(1.27913 0.224071 0)
(1.26358 0.338659 0)
(1.20128 0.386093 0)
(1.11596 0.405462 0)
(1.04707 0.370736 0)
(0.990365 0.317078 0)
(0.913612 0.317302 0)
(0.846829 0.324866 0)
(0.840831 0.237135 0)
(0.878086 0.0486676 0)
(0.901696 -0.18471 0)
(0.885675 -0.416514 0)
(0.844969 -0.571743 0)
(0.822672 -0.544679 0)
(0.859496 -0.31327 0)
(0.933632 -0.0154334 0)
(1.00375 0.177828 0)
(1.04308 0.240698 0)
(1.03592 0.280378 0)
(1.00353 0.354984 0)
(0.985716 0.390597 0)
(0.988172 0.300877 0)
(0.98074 0.103363 0)
(0.944392 -0.124087 0)
(0.891987 -0.298955 0)
(0.860529 -0.361958 0)
(0.883356 -0.32542 0)
(0.940881 -0.233406 0)
(0.984094 -0.0682991 0)
(1.00933 0.168057 0)
(1.03378 0.351067 0)
(1.04481 0.384887 0)
(1.01778 0.297473 0)
(0.978981 0.128339 0)
(0.959526 -0.0904868 0)
(0.955915 -0.29454 0)
(0.954739 -0.380575 0)
(0.963073 -0.297068 0)
(0.997072 -0.071178 0)
(1.03295 0.182419 0)
(1.04207 0.343796 0)
(1.02733 0.34964 0)
(0.98926 0.151413 0)
(0.973391 -0.126952 0)
(0.963686 -0.342575 0)
(0.968662 -0.347413 0)
(0.969579 -0.111475 0)
(0.955253 0.143516 0)
(0.953507 0.304487 0)
(0.924396 0.192971 0)
(0.937694 -0.0836385 0)
(0.948986 -0.196197 0)
(0.947661 -0.248271 0)
(0.941492 -0.0445886 0)
(0.895189 0.188647 0)
(0.864552 0.0881051 0)
(0.883211 0.187167 0)
(0.767299 0.109824 0)
(0.639952 0.0163361 0)
(0.558351 -0.15478 0)
(0.575313 -0.37476 0)
(0.71032 -0.461141 0)
(0.959801 -0.300029 0)
(1.1728 -0.0149542 0)
(1.26127 0.220524 0)
(1.25482 0.341964 0)
(1.19659 0.392795 0)
(1.11261 0.412426 0)
(1.04495 0.376324 0)
(0.987906 0.32295 0)
(0.909295 0.323508 0)
(0.842111 0.327954 0)
(0.83774 0.235767 0)
(0.876748 0.04613 0)
(0.901711 -0.185012 0)
(0.885711 -0.414296 0)
(0.843751 -0.569326 0)
(0.818761 -0.545089 0)
(0.852937 -0.317187 0)
(0.926274 -0.0205938 0)
(0.997849 0.173892 0)
(1.03872 0.239521 0)
(1.03239 0.281683 0)
(1.00068 0.356629 0)
(0.983628 0.391073 0)
(0.986645 0.301011 0)
(0.979622 0.104705 0)
(0.943884 -0.121419 0)
(0.892717 -0.29648 0)
(0.862391 -0.361678 0)
(0.884453 -0.32769 0)
(0.940124 -0.236208 0)
(0.981837 -0.070155 0)
(1.00694 0.166717 0)
(1.03216 0.3501 0)
(1.04382 0.385274 0)
(1.01725 0.299122 0)
(0.979136 0.129778 0)
(0.960344 -0.0899229 0)
(0.957067 -0.294426 0)
(0.955977 -0.380741 0)
(0.963679 -0.298018 0)
(0.996548 -0.0727329 0)
(1.03202 0.181426 0)
(1.04151 0.343901 0)
(1.02697 0.350744 0)
(0.989463 0.152533 0)
(0.973641 -0.126424 0)
(0.964111 -0.342482 0)
(0.968868 -0.347528 0)
(0.969379 -0.111205 0)
(0.954623 0.14382 0)
(0.952978 0.305057 0)
(0.923714 0.193258 0)
(0.936886 -0.084056 0)
(0.94713 -0.196375 0)
(0.945944 -0.248144 0)
(0.939826 -0.0437132 0)
(0.894024 0.1899 0)
(0.863491 0.0885948 0)
(0.859969 0.19975 0)
(0.733673 0.123713 0)
(0.596069 0.0279441 0)
(0.513366 -0.151493 0)
(0.533898 -0.38275 0)
(0.665364 -0.480466 0)
(0.916708 -0.323003 0)
(1.14148 -0.0300372 0)
(1.24241 0.21601 0)
(1.24523 0.344575 0)
(1.19135 0.399101 0)
(1.10899 0.419126 0)
(1.04272 0.381757 0)
(0.98535 0.328798 0)
(0.904922 0.329683 0)
(0.837431 0.33093 0)
(0.83461 0.234296 0)
(0.875237 0.0435241 0)
(0.901611 -0.185374 0)
(0.885764 -0.41209 0)
(0.842591 -0.566824 0)
(0.815115 -0.545299 0)
(0.84682 -0.320899 0)
(0.91942 -0.0256747 0)
(0.992242 0.169939 0)
(1.03449 0.238292 0)
(1.02891 0.282912 0)
(0.997844 0.358195 0)
(0.981525 0.391499 0)
(0.985097 0.301111 0)
(0.978507 0.105988 0)
(0.943385 -0.118861 0)
(0.893429 -0.294127 0)
(0.864262 -0.361417 0)
(0.885607 -0.329838 0)
(0.939432 -0.238859 0)
(0.979714 -0.0719301 0)
(1.00466 0.165387 0)
(1.03058 0.349118 0)
(1.04282 0.385627 0)
(1.01669 0.300711 0)
(0.979264 0.131156 0)
(0.961153 -0.089396 0)
(0.958196 -0.294325 0)
(0.957196 -0.38089 0)
(0.964326 -0.298909 0)
(0.996115 -0.0742223 0)
(1.03114 0.180454 0)
(1.04094 0.343992 0)
(1.0266 0.351811 0)
(0.98967 0.153618 0)
(0.973907 -0.125912 0)
(0.96453 -0.34239 0)
(0.969093 -0.347629 0)
(0.969228 -0.110924 0)
(0.954052 0.144125 0)
(0.952474 0.305616 0)
(0.923086 0.193544 0)
(0.936113 -0.0844455 0)
(0.945322 -0.196534 0)
(0.944282 -0.248023 0)
(0.938226 -0.042865 0)
(0.892934 0.191118 0)
(0.862497 0.0890735 0)
(0.834827 0.212896 0)
(0.698183 0.138386 0)
(0.551915 0.0397972 0)
(0.470555 -0.148515 0)
(0.495297 -0.390674 0)
(0.623157 -0.499316 0)
(0.874042 -0.346094 0)
(1.10993 -0.045905 0)
(1.22282 0.210608 0)
(1.23491 0.346511 0)
(1.1856 0.405005 0)
(1.10511 0.425552 0)
(1.04039 0.387032 0)
(0.982687 0.334619 0)
(0.900495 0.33582 0)
(0.832795 0.333796 0)
(0.831451 0.232726 0)
(0.873562 0.0408509 0)
(0.901392 -0.185818 0)
(0.885842 -0.409915 0)
(0.841488 -0.56425 0)
(0.811747 -0.545328 0)
(0.841096 -0.324403 0)
(0.913094 -0.0306592 0)
(0.986962 0.165992 0)
(1.0304 0.237027 0)
(1.02548 0.284075 0)
(0.995027 0.359687 0)
(0.979413 0.391876 0)
(0.983537 0.301177 0)
(0.977402 0.107204 0)
(0.942901 -0.11642 0)
(0.894122 -0.291897 0)
(0.866131 -0.361177 0)
(0.88682 -0.331871 0)
(0.938801 -0.241363 0)
(0.977727 -0.0736178 0)
(1.00248 0.164076 0)
(1.02904 0.348125 0)
(1.04183 0.385949 0)
(1.01609 0.302239 0)
(0.979369 0.132468 0)
(0.961958 -0.0889114 0)
(0.959303 -0.294241 0)
(0.958397 -0.381027 0)
(0.965009 -0.299742 0)
(0.995771 -0.0756424 0)
(1.03032 0.179508 0)
(1.04038 0.344073 0)
(1.0262 0.35284 0)
(0.989881 0.154666 0)
(0.97419 -0.12542 0)
(0.964943 -0.342302 0)
(0.969333 -0.347715 0)
(0.969122 -0.110632 0)
(0.953537 0.144432 0)
(0.951995 0.306165 0)
(0.922513 0.193829 0)
(0.935376 -0.0848093 0)
(0.943562 -0.196675 0)
(0.942673 -0.247908 0)
(0.936689 -0.0420431 0)
(0.891914 0.192302 0)
(0.861568 0.0895414 0)
(0.807792 0.226566 0)
(0.661062 0.153685 0)
(0.508079 0.0516252 0)
(0.430624 -0.14598 0)
(0.459774 -0.398388 0)
(0.584035 -0.517409 0)
(0.832028 -0.369159 0)
(1.07855 -0.062434 0)
(1.20282 0.204418 0)
(1.224 0.347816 0)
(1.17937 0.410509 0)
(1.10098 0.431695 0)
(1.03793 0.392142 0)
(0.979889 0.340406 0)
(0.896001 0.34191 0)
(0.828211 0.336545 0)
(0.828286 0.231055 0)
(0.871738 0.038072 0)
(0.901055 -0.186325 0)
(0.885952 -0.407721 0)
(0.840447 -0.561566 0)
(0.808657 -0.545199 0)
(0.835717 -0.327757 0)
(0.907323 -0.0355205 0)
(0.982057 0.162074 0)
(1.02648 0.23574 0)
(1.0221 0.285184 0)
(0.992231 0.361114 0)
(0.977297 0.392207 0)
(0.981977 0.301202 0)
(0.976314 0.108348 0)
(0.942433 -0.114083 0)
(0.894801 -0.289773 0)
(0.867989 -0.360961 0)
(0.888092 -0.333802 0)
(0.93823 -0.243735 0)
(0.975877 -0.0752231 0)
(1.00042 0.162792 0)
(1.02755 0.34713 0)
(1.04083 0.386241 0)
(1.01546 0.303706 0)
(0.979448 0.133714 0)
(0.962761 -0.0884629 0)
(0.960392 -0.294167 0)
(0.959578 -0.381155 0)
(0.96572 -0.300531 0)
(0.995514 -0.0769986 0)
(1.02955 0.178593 0)
(1.03982 0.344146 0)
(1.02579 0.353833 0)
(0.990097 0.155674 0)
(0.974492 -0.124942 0)
(0.965352 -0.342213 0)
(0.969585 -0.347793 0)
(0.969059 -0.110332 0)
(0.953073 0.144742 0)
(0.951538 0.306705 0)
(0.921991 0.194112 0)
(0.934676 -0.0851469 0)
(0.941849 -0.196799 0)
(0.941116 -0.247798 0)
(0.935209 -0.0412473 0)
(0.89096 0.193454 0)
(0.860701 0.0899988 0)
(0.778881 0.240666 0)
(0.622563 0.169461 0)
(0.465167 0.0633188 0)
(0.394229 -0.143648 0)
(0.427554 -0.405319 0)
(0.548108 -0.534293 0)
(0.790914 -0.392157 0)
(1.04771 -0.0798739 0)
(1.18285 0.19731 0)
(1.21269 0.348443 0)
(1.1727 0.415588 0)
(1.09661 0.43754 0)
(1.03533 0.397084 0)
(0.976882 0.346157 0)
(0.891394 0.347951 0)
(0.823682 0.339197 0)
(0.825154 0.229364 0)
(0.869793 0.0352302 0)
(0.900607 -0.186713 0)
(0.886099 -0.405347 0)
(0.839473 -0.558685 0)
(0.805833 -0.544961 0)
(0.830642 -0.331161 0)
(0.902127 -0.0403896 0)
(0.977602 0.158125 0)
(1.02274 0.23441 0)
(1.01877 0.286221 0)
(0.989458 0.362469 0)
(0.975187 0.392496 0)
(0.980435 0.301216 0)
(0.975252 0.109501 0)
(0.941985 -0.111744 0)
(0.895466 -0.287684 0)
(0.869828 -0.36076 0)
(0.88942 -0.335663 0)
(0.937723 -0.246035 0)
(0.974166 -0.0768318 0)
(0.998496 0.161485 0)
(1.02612 0.346121 0)
(1.03984 0.386511 0)
(1.01479 0.305134 0)
(0.979499 0.134939 0)
)
;

boundaryField
{
    inlet
    {
        type            uniformFixedValue;
        uniformValue    constant (1 0 0);
        value           nonuniform 0();
    }
    outlet
    {
        type            pressureInletOutletVelocity;
        value           nonuniform List<vector> 
22
(
(0.894439 0.0774808 0)
(0.89197 0.078271 0)
(0.889603 0.0790336 0)
(0.887335 0.0797704 0)
(0.885163 0.080483 0)
(0.883082 0.081173 0)
(0.881091 0.0818418 0)
(0.879188 0.0824907 0)
(0.87737 0.083121 0)
(0.875635 0.0837336 0)
(0.873981 0.0843298 0)
(0.872408 0.0849103 0)
(0.870913 0.0854759 0)
(0.869494 0.0860275 0)
(0.86815 0.0865656 0)
(0.86688 0.0870909 0)
(0.865681 0.0876039 0)
(0.864552 0.0881051 0)
(0.863491 0.0885948 0)
(0.862497 0.0890735 0)
(0.861568 0.0895414 0)
(0.860701 0.0899988 0)
)
;
    }
    cylinder
    {
        type            fixedValue;
        value           nonuniform 0();
    }
    top
    {
        type            symmetryPlane;
    }
    bottom
    {
        type            symmetryPlane;
    }
    defaultFaces
    {
        type            empty;
    }
    procBoundary5to2
    {
        type            processor;
        value           nonuniform List<vector> 3((1.11932 0.0795546 0) (1.11676 0.0861907 0) (1.11404 0.0931788 0));
    }
    procBoundary5to3
    {
        type            processor;
        value           nonuniform List<vector> 
64
(
(1.08891 0.0427888 0)
(1.07344 0.00298714 0)
(1.07415 -0.0428544 0)
(1.09887 -0.103637 0)
(1.17193 -0.146742 0)
(1.27247 -0.120742 0)
(1.33873 -0.0348466 0)
(1.3474 0.0664686 0)
(1.31259 0.151462 0)
(1.25498 0.202921 0)
(1.19375 0.231702 0)
(1.12973 0.256392 0)
(1.06593 0.251309 0)
(1.01876 0.211098 0)
(0.975631 0.206441 0)
(0.923882 0.248971 0)
(0.887187 0.230544 0)
(0.879366 0.0721776 0)
(0.879462 -0.186386 0)
(0.870561 -0.445195 0)
(0.873235 -0.573353 0)
(0.942892 -0.469338 0)
(1.05699 -0.194729 0)
(1.12739 0.0783528 0)
(1.13974 0.225284 0)
(1.12814 0.239408 0)
(1.09891 0.237143 0)
(1.05202 0.305821 0)
(1.01328 0.368039 0)
(1.00049 0.291004 0)
(0.98923 0.0688044 0)
(0.948372 -0.192234 0)
(0.882134 -0.364827 0)
(0.840873 -0.368442 0)
(0.878752 -0.257886 0)
(0.973428 -0.148605 0)
(1.04741 -0.0181651 0)
(1.06775 0.189569 0)
(1.06634 0.360087 0)
(1.05755 0.367501 0)
(1.01743 0.253993 0)
(0.965642 0.0898011 0)
(0.935843 -0.10814 0)
(0.926093 -0.298224 0)
(0.932093 -0.36983 0)
(0.968258 -0.26377 0)
(1.02467 -0.0305698 0)
(1.05897 0.201203 0)
(1.05181 0.336 0)
(1.02526 0.321423 0)
(0.980891 0.124925 0)
(0.965745 -0.139269 0)
(0.954586 -0.342984 0)
(0.973141 -0.339795 0)
(0.98786 -0.112842 0)
(0.982712 0.13713 0)
(0.969333 0.291408 0)
(0.945999 0.187799 0)
(0.956558 -0.0704384 0)
(0.988643 -0.187959 0)
(0.987967 -0.250449 0)
(0.988781 -0.0651825 0)
(0.933445 0.158686 0)
(0.897014 0.0766613 0)
)
;
    }
    procBoundary5to4
    {
        type            processor;
        value           nonuniform List<vector> 
20
(
(1.11112 0.100525 0)
(1.10797 0.108235 0)
(1.10453 0.116315 0)
(1.10074 0.124768 0)
(1.09651 0.1336 0)
(1.09174 0.142811 0)
(1.08632 0.152401 0)
(1.08013 0.162365 0)
(1.07303 0.172694 0)
(1.06488 0.183374 0)
(1.05555 0.194386 0)
(1.04491 0.205706 0)
(1.03281 0.217306 0)
(1.01916 0.229151 0)
(1.00384 0.241206 0)
(0.986783 0.253431 0)
(0.967943 0.265785 0)
(0.947305 0.278233 0)
(0.924897 0.290737 0)
(0.900784 0.303176 0)
)
;
    }
    procBoundary5to7
    {
        type            processor;
        value           nonuniform List<vector> 
65
(
(0.963566 -0.0879883 0)
(0.961464 -0.294061 0)
(0.960738 -0.381279 0)
(0.966456 -0.301321 0)
(0.99534 -0.0783481 0)
(1.02885 0.17768 0)
(1.03927 0.344209 0)
(1.02535 0.354796 0)
(0.990316 0.156671 0)
(0.974815 -0.124439 0)
(0.965757 -0.342107 0)
(0.969847 -0.34788 0)
(0.969036 -0.110054 0)
(0.952657 0.145042 0)
(0.951104 0.307234 0)
(0.92152 0.1944 0)
(0.934013 -0.0854458 0)
(0.940183 -0.1969 0)
(0.93961 -0.247696 0)
(0.933785 -0.0404826 0)
(0.89007 0.194572 0)
(0.859894 0.0904465 0)
(0.748091 0.255212 0)
(0.582954 0.185795 0)
(0.423822 0.0751814 0)
(0.361967 -0.140992 0)
(0.398822 -0.41137 0)
(0.51526 -0.55028 0)
(0.751021 -0.415154 0)
(1.01765 -0.0988286 0)
(1.16356 0.188649 0)
(1.2013 0.347991 0)
(1.16566 0.420039 0)
(1.09196 0.443059 0)
(1.03247 0.401937 0)
(0.973488 0.351914 0)
(0.88655 0.353962 0)
(0.819212 0.341893 0)
(0.822134 0.227967 0)
(0.867775 0.0328849 0)
(0.900059 -0.186808 0)
(0.886282 -0.402817 0)
(0.838563 -0.555731 0)
(0.803238 -0.54468 0)
(0.825839 -0.334691 0)
(0.897514 -0.0456789 0)
(0.973712 0.153936 0)
(1.01928 0.232925 0)
(1.01551 0.287078 0)
(0.986708 0.363672 0)
(0.973112 0.392772 0)
(0.978947 0.301376 0)
(0.974229 0.110874 0)
(0.941561 -0.109276 0)
(0.896116 -0.285592 0)
(0.871636 -0.360559 0)
(0.890797 -0.337454 0)
(0.937283 -0.248296 0)
(0.972589 -0.0785672 0)
(0.996762 0.159996 0)
(1.02479 0.34501 0)
(1.03886 0.386767 0)
(1.01406 0.306608 0)
(0.963566 -0.0879883 0)
(0.979519 0.136258 0)
)
;
    }
}


// ************************************************************************* //
