/*--------------------------------*- C++ -*----------------------------------*\
  =========                 |
  \\      /  F ield         | OpenFOAM: The Open Source CFD Toolbox
   \\    /   O peration     | Website:  https://openfoam.org
    \\  /    A nd           | Version:  7
     \\/     M anipulation  |
\*---------------------------------------------------------------------------*/
FoamFile
{
    version     2.0;
    format      ascii;
    class       surfaceScalarField;
    location    "67";
    object      phi;
}
// * * * * * * * * * * * * * * * * * * * * * * * * * * * * * * * * * * * * * //

dimensions      [0 3 -1 0 0 0 0];

internalField   nonuniform List<scalar> 
2012
(
0.00144041
0.00909345
-0.00911218
0.00143748
-0.00147807
0.001481
0.00137973
-0.00884785
0.00890559
0.00132842
-0.00998944
0.0100408
0.00131547
-0.00562537
0.00563832
0.00131192
0.000647846
-0.000644293
0.00129622
0.00430595
-0.00429025
0.00129013
0.00443224
-0.00442615
0.0012982
0.00248676
-0.00249484
0.00131367
-0.000568567
0.000553101
-0.00112654
0.00110944
0.00144454
0.00907224
0.00144286
-0.00147639
0.00138414
-0.00878913
0.00132917
-0.00993447
0.0013122
-0.0056084
0.00130704
0.000653003
0.00129253
0.00432046
0.00128906
0.00443571
0.00129969
0.00247613
0.00131585
-0.000584726
-0.00114322
0.00144846
0.00904861
0.00144807
-0.001476
0.00138854
-0.0087296
0.00133003
-0.00987596
0.00130908
-0.00558745
0.00130236
0.000659724
0.00128911
0.00433371
0.00128829
0.00443653
0.0013015
0.00246293
0.00131836
-0.000601586
-0.00115951
0.00145215
0.00902265
0.00145311
-0.00147695
0.00139293
-0.00866942
0.00133101
-0.00981405
0.00130612
-0.00556255
0.00129788
0.000667966
0.00128596
0.00434562
0.00128784
0.00443466
0.00130362
0.00244714
0.00132119
-0.000619157
-0.00117541
0.0014556
0.00899444
0.00145796
-0.00147931
0.0013973
-0.00860876
0.00133211
-0.00974885
0.00130333
-0.00553378
0.00129361
0.000677688
0.00128309
0.00435613
0.0012877
0.00443005
0.00130606
0.00242878
0.00132435
-0.000637446
-0.00119092
0.00145881
0.00896406
0.00146262
-0.00148312
0.00140165
-0.00854779
0.00133332
-0.00968053
0.00130072
-0.00550117
0.00128956
0.000688847
0.00128049
0.0043652
0.00128786
0.00442269
0.00130879
0.00240785
0.00132781
-0.000656461
-0.00120607
0.00146177
0.00893159
0.00146708
-0.00148843
0.00140596
-0.00848667
0.00133466
-0.00960922
0.0012983
-0.00546481
0.00128575
0.000701396
0.00127818
0.00437277
0.00128832
0.00441255
0.00131182
0.00238435
0.00133157
-0.000676209
-0.00122087
0.00146446
0.00889713
0.00147133
-0.0014953
0.00141024
-0.00842558
0.00133611
-0.0095351
0.00129608
-0.00542478
0.00128218
0.00071529
0.00127616
0.00437879
0.00128909
0.00439963
0.00131514
0.00235829
0.00133563
-0.000696697
-0.00123533
0.0014669
0.00886075
0.00147536
-0.00150376
0.00141446
-0.00836468
0.00133768
-0.00945831
0.00129406
-0.00538116
0.00127887
0.000730481
0.00127444
0.00438322
0.00129015
0.00438391
0.00131874
0.00232971
0.00133997
-0.000717931
-0.00124946
0.00146906
0.00882254
0.00147917
-0.00151387
0.00141863
-0.00830415
0.00133937
-0.00937905
0.00129225
-0.00533404
0.00127581
0.000746922
0.00127301
0.00438602
0.00129151
0.0043654
0.00132261
0.00229862
0.00134459
-0.000739917
-0.0012633
0.00147095
0.00878259
0.00148275
-0.00152566
0.00142274
-0.00824414
0.00134117
-0.00929748
0.00129066
-0.00528353
0.00127302
0.000764561
0.00127187
0.00438717
0.00129316
0.00434411
0.00132673
0.00226505
0.00134948
-0.000762662
-0.00127685
0.00147257
0.00874099
0.00148609
-0.00153919
0.00142678
-0.00818484
0.00134309
-0.00921378
0.00128929
-0.00522973
0.0012705
0.000783348
0.00127103
0.00438664
0.00129509
0.00432005
0.00133111
0.00222903
0.00135462
-0.000786169
-0.00129014
0.0014739
0.00869781
0.00148919
-0.00155447
0.00143074
-0.00812639
0.00134511
-0.00912815
0.00128815
-0.00517277
0.00126826
0.000803232
0.00127049
0.00438441
0.00129731
0.00429324
0.00133573
0.00219061
0.00136
-0.000810445
-0.00130319
0.00147496
0.00865314
0.00149204
-0.00157156
0.00143462
-0.00806897
0.00134724
-0.00904077
0.00128724
-0.00511276
0.00126631
0.000824159
0.00127025
0.00438047
0.00129979
0.0042637
0.00134057
0.00214982
0.00136562
-0.000835493
-0.00131603
0.00147574
0.00860706
0.00149465
-0.00159047
0.0014384
-0.00801272
0.00134948
-0.00895185
0.00128656
-0.00504984
0.00126464
0.000846074
0.00127031
0.0043748
0.00130253
0.00423148
0.00134564
0.00210672
0.00137146
-0.000861317
-0.00132869
0.00147624
0.00855966
0.00149701
-0.00161123
0.00144209
-0.0079578
0.00135181
-0.00886157
0.00128611
-0.00498414
0.00126326
0.000868923
0.00127066
0.0043674
0.00130554
0.0041966
0.00135091
0.00206134
0.00137752
-0.000887922
-0.00134118
0.00147647
0.008511
0.00149911
-0.00163387
0.00144567
-0.00790436
0.00135424
-0.00877014
0.0012859
-0.00491581
0.00126218
0.000892649
0.0012713
0.00435827
0.00130879
0.00415912
0.00135638
0.00201375
0.00138377
-0.000915311
-0.00135354
0.00147642
0.00846117
0.00150095
-0.00165841
0.00144913
-0.00785253
0.00135675
-0.00867776
0.00128593
-0.00484498
0.00126138
0.000917193
0.00127224
0.00434742
0.00131228
0.00411907
0.00136203
0.00196401
0.0013902
-0.000943485
-0.0013658
0.0014761
0.00841024
0.00150254
-0.00168485
0.00145247
-0.00780246
0.00135935
-0.00858464
0.00128619
-0.00477183
0.00126089
0.000942498
0.00127346
0.00433485
0.00131601
0.00407652
0.00136785
0.00191216
0.00139682
-0.000972449
-0.00137798
0.00147552
0.00835828
0.00150387
-0.00171321
0.00145569
-0.00775428
0.00136202
-0.00849097
0.00128669
-0.0046965
0.00126068
0.000968502
0.00127496
0.00432057
0.00131996
0.00403152
0.00137384
0.00185828
0.00140359
-0.0010022
-0.00139013
0.00147468
0.00830535
0.00150495
-0.00174348
0.00145877
-0.0077081
0.00136476
-0.00839695
0.00128742
-0.00461916
0.00126077
0.000995145
0.00127673
0.00430461
0.00132412
0.00398414
0.00137997
0.00180243
0.00141052
-0.00103275
-0.00140227
0.00147358
0.00825152
0.00150577
-0.00177567
0.00146171
-0.00766404
0.00136756
-0.0083028
0.00128837
-0.00453997
0.00126116
0.00102236
0.00127878
0.00428699
0.00132849
0.00393443
0.00138624
0.00174468
0.00141758
-0.00106409
-0.00141444
0.00147224
0.00819685
0.00150634
-0.00180977
0.00146451
-0.0076222
0.00137042
-0.00820871
0.00128956
-0.00445911
0.00126183
0.00105009
0.00128109
0.00426772
0.00133305
0.00388248
0.00139263
0.00168509
0.00142477
-0.00109622
-0.00142666
0.00147066
0.00814139
0.00150665
-0.00184577
0.00146715
-0.0075827
0.00137332
-0.00811488
0.00129096
-0.00437676
0.00126278
0.00107827
0.00128366
0.00424684
0.00133779
0.00382835
0.00139914
0.00162375
0.00143207
-0.00112915
-0.00143898
0.00146884
0.0080852
0.00150672
-0.00188364
0.00146963
-0.00754562
0.00137626
-0.00802151
0.00129258
-0.00429308
0.00126402
0.00110683
0.00128649
0.00422438
0.00134272
0.00377212
0.00140575
0.00156072
0.00143947
-0.00116287
-0.00145143
0.00146681
0.00802833
0.00150654
-0.00192337
0.00147195
-0.00751103
0.00137923
-0.00792878
0.00129441
-0.00420826
0.00126554
0.00113569
0.00128956
0.00420037
0.00134781
0.00371387
0.00141245
0.00149608
0.00144695
-0.00119738
-0.00146405
0.00146457
0.00797083
0.00150612
-0.00196492
0.00147411
-0.00747903
0.00138222
-0.00783689
0.00129644
-0.00412249
0.00126733
0.0011648
0.00129286
0.00417484
0.00135305
0.00365368
0.00141922
0.0014299
0.00145452
-0.00123267
-0.00147686
0.00146212
0.00791273
0.00150546
-0.00200825
0.00147609
-0.00744966
0.00138522
-0.00774603
0.00129867
-0.00403593
0.00126939
0.00119409
0.0012964
0.00414783
0.00135844
0.00359164
0.00142607
0.00136227
0.00146215
-0.00126875
-0.00148992
0.00145949
0.00785408
0.00150456
-0.00205333
0.00147789
-0.00742299
0.00138823
-0.00765636
0.00130109
-0.00394879
0.0012717
0.00122347
0.00130015
0.00411938
0.00136396
0.00352783
0.00143297
0.00129327
0.00146983
-0.00130561
-0.00150324
0.00145667
0.0077949
0.00150345
-0.0021001
0.00147951
-0.00739906
0.00139123
-0.00756808
0.00130368
-0.00386124
0.00127427
0.00125288
0.00130412
0.00408952
0.00136961
0.00346234
0.00143991
0.00122297
0.00147755
-0.00134325
-0.00151688
0.00145369
0.00773524
0.0015021
-0.00214851
0.00148095
-0.0073779
0.00139421
-0.00748134
0.00130644
-0.00377347
0.00127708
0.00128224
0.0013083
0.00405831
0.00137538
0.00339526
0.0014469
0.00115145
0.0014853
-0.00138166
-0.00153085
0.00145055
0.00767513
0.00150055
-0.00219851
0.0014822
-0.00735956
0.00139717
-0.00739631
0.00130937
-0.00368566
0.00128013
0.00131147
0.00131266
0.00402577
0.00138125
0.00332668
0.0014539
0.0010788
0.00149307
-0.00142083
-0.00154521
0.00144728
0.00761458
0.00149878
-0.00225001
0.00148326
-0.00734403
0.0014001
-0.00731316
0.00131244
-0.003598
0.0012834
0.00134051
0.00131722
0.00399196
0.00138722
0.00325668
0.00146093
0.00100509
0.00150085
-0.00146075
-0.00155998
0.00144387
0.00755363
0.00149681
-0.00230295
0.00148412
-0.00733134
0.00140298
-0.00723202
0.00131565
-0.00351067
0.00128689
0.00136926
0.00132194
0.00395691
0.00139327
0.00318535
0.00146796
0.000930398
0.00150863
-0.00150143
-0.00157519
0.00144035
0.0074923
0.00149464
-0.00235724
0.00148478
-0.00732148
0.00140581
-0.00715304
0.00131899
-0.00342385
0.00129059
0.00139766
0.00132684
0.00392067
0.0013994
0.00311279
0.00147499
0.000854811
0.0015164
-0.00154284
-0.00159089
0.00143672
0.00743062
0.00149228
-0.0024128
0.00148525
-0.00731445
0.00140858
-0.00707637
0.00132244
-0.00333772
0.00129449
0.00142562
0.00133189
0.00388326
0.0014056
0.00303907
0.00148201
0.000778403
0.00152415
-0.00158498
-0.0016071
0.00143302
0.00736861
0.00148974
-0.00246953
0.00148551
-0.00731022
0.00141127
-0.00700213
0.001326
-0.00325245
0.00129856
0.00145306
0.00133708
0.00384474
0.00141186
0.0029643
0.00148901
0.000701252
0.00153186
-0.00162784
-0.00162385
0.00142924
0.00730631
0.00148703
-0.00252731
0.00148557
-0.00730877
0.00141388
-0.00693044
0.00132965
-0.00316822
0.00130281
0.0014799
0.00134241
0.00380515
0.00141816
0.00288855
0.00149598
0.000623435
0.00153954
-0.0016714
-0.00164118
0.00142541
0.00724376
0.00148414
-0.00258604
0.00148543
-0.00731006
0.00141641
-0.00686142
0.00133339
-0.0030852
0.00130723
0.00150605
0.00134787
0.00376451
0.0014245
0.00281192
0.00150291
0.000545025
0.00154717
-0.00171566
-0.00165912
0.00142148
0.00148105
-0.00264561
0.00148508
-0.00731409
0.00141886
-0.00679519
0.00133721
-0.00300355
0.00131179
0.00153147
0.00135343
0.00372287
0.00143087
0.00273447
0.0015098
0.000466095
0.00155474
-0.00176059
-0.00167769
0.00227734
-0.0027796
0.00228336
-0.00732011
0.00215753
-0.00666937
0.00200213
-0.00284815
0.00194008
0.00159352
0.00199072
0.00367224
0.00209798
0.00262721
0.00220347
0.000360601
0.00225453
-0.00181165
-0.00168857
0.00233978
-0.00291868
0.00234995
-0.00733028
0.00222491
-0.00654433
0.00206717
-0.00269041
0.00200409
0.00165659
0.00205683
0.0036195
0.0021668
0.00251724
0.002274
0.000253399
0.00232579
-0.00186344
-0.00169933
0.00240429
-0.00306277
0.00241857
-0.00734456
0.00229468
-0.00642044
0.00213508
-0.0025308
0.00207123
0.00172044
0.00212602
0.0035647
0.00223845
0.00240482
0.00234707
0.000144779
0.00239944
-0.00191581
-0.00170993
0.00247095
-0.00321165
0.00248926
-0.00736288
0.00236692
-0.0062981
0.00220599
-0.00236987
0.00214166
0.00178477
0.00219842
0.00350794
0.00231303
0.00229022
0.00242273
3.50741e-05
0.00247552
-0.0019686
-0.00172033
0.00253988
-0.00336506
0.00256208
-0.00738507
0.00244167
-0.00617769
0.00228003
-0.00220823
0.00221551
0.00184929
0.00227417
0.00344928
0.00239064
0.00217375
0.00250106
-7.53507e-05
0.00255407
-0.00202161
-0.00173052
0.00261122
-0.00352266
0.00263709
-0.00741095
0.00251902
-0.00605962
0.0023573
-0.00204651
0.00229295
0.00191364
0.0023534
0.00338882
0.00247139
0.00205577
0.00258213
-0.000186092
0.00263514
-0.00207463
-0.00174043
0.0026851
-0.00368399
0.00271436
-0.0074402
0.002599
-0.00594426
0.0024379
-0.00188541
0.0023741
0.00197745
0.00243625
0.00332666
0.00255539
0.00193663
0.00266601
-0.000296712
0.00271877
-0.00212739
-0.00175002
0.00276168
-0.00384855
0.00279395
-0.00747247
0.00268168
-0.00583199
0.00252193
-0.00172566
0.00245909
0.00204028
0.00252285
0.0032629
0.00264272
0.00181676
0.00275275
-0.000406735
0.00280497
-0.00217961
-0.00175922
0.0028411
-0.00401573
0.00287594
-0.00750731
0.00276709
-0.00572315
0.00260947
-0.00156803
0.00254807
0.00210168
0.00261331
0.00319765
0.00273349
0.00169658
0.00284241
-0.000515656
0.0028938
-0.002231
-0.00176796
0.00292354
-0.00418482
0.00296039
-0.00754416
0.00285528
-0.00561804
0.00270059
-0.00141334
0.00264112
0.00216115
0.00270776
0.00313102
0.00282778
0.00157656
0.00293506
-0.000622937
0.00298527
-0.00228121
-0.00177614
0.00300914
-0.00435504
0.00304737
-0.00758239
0.00294628
-0.00551695
0.00279535
-0.00126241
0.00273836
0.00221815
0.00280627
0.00306311
0.00292566
0.00145717
0.00303073
-0.000728013
0.00307939
-0.00232986
-0.00178368
0.00309809
-0.00452551
0.00313697
-0.00762127
0.0030401
-0.00542008
0.00289381
-0.00111612
0.00283985
0.0022721
0.00290894
0.00299402
0.00302719
0.00133892
0.00312947
-0.000830298
0.00317619
-0.00237658
-0.00179044
0.00319055
-0.00469529
0.00322925
-0.00765997
0.00313677
-0.00532759
0.00299597
-0.000975319
0.00294566
0.00232241
0.00301583
0.00292386
0.00313242
0.00122233
0.00323131
-0.000929189
0.00327567
-0.00242095
-0.00179632
0.00328669
-0.00486334
0.0033243
-0.00769758
0.00323629
-0.00523958
0.00310186
-0.000840884
0.00305582
0.00236844
0.00312696
0.00285272
0.00324137
0.00110792
0.00333626
-0.00102407
0.00337783
-0.00246252
-0.00180117
0.00338666
-0.00502858
0.00342219
-0.00773311
0.00333867
-0.00515606
0.00321145
-0.000713662
0.00317033
0.00240956
0.00324236
0.00278068
0.00335407
0.000996216
0.00344433
-0.00111434
0.00348267
-0.00250085
-0.00180484
0.00349063
-0.00518985
0.003523
-0.00776547
0.0034439
-0.00507696
0.00332471
-0.000594477
0.00328916
0.00244511
0.003362
0.00270784
0.00347048
0.000887744
0.00355552
-0.00119938
0.00359016
-0.00253549
-0.00180717
0.00359874
-0.00534596
0.00362681
-0.00779354
0.00355197
-0.00500212
0.00344159
-0.000484102
0.00341225
0.00247445
0.00348583
0.00263426
0.00359056
0.000783012
0.00366979
-0.00127861
0.00370029
-0.00256599
-0.00180801
0.00371111
-0.00549567
0.0037337
-0.00781613
0.00366286
-0.00493128
0.003562
-0.000383249
0.00353951
0.00249695
0.00361376
0.00256001
0.00371426
0.000682511
0.00378712
-0.00135147
0.00381302
-0.00259189
-0.00180718
0.00382786
-0.00563773
0.00384373
-0.007832
0.00377654
-0.00486409
0.00368584
-0.000292547
0.00367078
0.00251201
0.00374565
0.00248515
0.00384146
0.000586697
0.00390743
-0.00141744
0.00392831
-0.00261278
-0.00180452
0.00394908
-0.00577085
0.003957
-0.00783993
0.003893
-0.00480009
0.00381298
-0.00021252
0.00380591
0.00251907
0.00388133
0.00240972
0.00397204
0.000495992
0.00403065
-0.00147606
0.00404612
-0.00262824
-0.00179986
0.00407483
-0.00589377
0.00407355
-0.00783865
0.00401221
-0.00473875
0.00394326
-0.000143575
0.00394467
0.00251766
0.00402061
0.00233379
0.00410584
0.000410764
0.00415669
-0.00152691
0.00416638
-0.00263793
-0.00179303
0.00420517
-0.00600519
0.00419347
-0.00782695
0.00413413
-0.00467941
0.00407654
-8.59786e-05
0.00408683
0.00250737
0.00416323
0.00225738
0.00424267
0.000331327
0.00428544
-0.00156968
0.00428903
-0.00264152
-0.00178389
0.0043401
-0.00610384
0.00431679
-0.00780364
0.00425874
-0.00462137
0.00421261
-3.98433e-05
0.00423209
0.0024879
0.00430892
0.00218055
0.00438231
0.00025793
0.00441676
-0.00160413
0.00441399
-0.00263875
-0.00177231
0.0044796
-0.00618844
0.00444356
-0.00776759
0.00438602
-0.00456383
0.00435129
-5.11484e-06
0.00438014
0.00245904
0.00445736
0.00210333
0.00452455
0.000190746
0.00455051
-0.00163009
0.00454119
-0.00262944
-0.00175817
0.00462363
-0.00625773
0.00457382
-0.00771778
0.00451593
-0.00450594
0.00449238
1.84374e-05
0.00453067
0.00242075
0.00460824
0.00202577
0.00466911
0.000129872
0.00468654
-0.00164752
0.00467056
-0.00261345
-0.00174137
0.00477209
-0.00631046
0.00470757
-0.00765326
0.00464846
-0.00444683
0.00463567
3.12247e-05
0.00468334
0.00237308
0.0047612
0.0019479
0.00481575
7.53239e-05
0.0048247
-0.00165647
0.004802
-0.00259076
-0.00172185
0.00492486
-0.0063454
0.00484483
-0.00757323
0.00478359
-0.00438559
0.00478098
3.38373e-05
0.00483779
0.00231628
0.0049159
0.00186979
0.00496419
2.70321e-05
0.00496482
-0.00165709
0.00493544
-0.00256138
-0.00169957
0.00508177
-0.00636137
0.00498556
-0.00747703
0.00492132
-0.00432135
0.00492812
2.70373e-05
0.0049937
0.0022507
0.00507199
0.0017915
0.00511418
-1.51543e-05
0.00510675
-0.00164966
0.00507081
-0.00252544
-0.00167453
0.00524259
-0.00635722
0.00512974
-0.00736417
0.00506164
-0.00425326
0.00507693
1.17443e-05
0.00515076
0.00217688
0.00522916
0.00171309
0.00526547
-5.14648e-05
0.00525034
-0.00163453
0.00520804
-0.00248315
-0.00164673
0.00540709
-0.00633192
0.00527728
-0.00723436
0.00520455
-0.00418052
0.00522728
-1.09851e-05
0.00530868
0.00209547
0.00538711
0.00163466
0.00541785
-8.22011e-05
0.00539547
-0.00161215
0.00534708
-0.00243476
-0.00161623
0.00557496
-0.00628454
0.00542811
-0.00708751
0.00535005
-0.00410246
0.00537905
-3.99837e-05
0.00546724
0.00200729
0.0055456
0.0015563
0.00557112
-0.000107727
0.00554203
-0.00158305
0.0054879
-0.00238063
-0.0015831
0.00574586
-0.00621434
0.00558213
-0.00692378
0.00549815
-0.00401848
0.00553217
-7.40056e-05
0.00562624
0.00191322
0.00570441
0.00147813
0.00572514
-0.000128459
0.00568993
-0.00154784
0.00563046
-0.00232117
-0.00154746
0.00591944
-0.00612085
0.00573921
-0.00674355
0.00564887
-0.00392815
0.00568663
-0.000111761
0.00578557
0.00181427
0.00586342
0.00140029
0.00587981
-0.000144849
0.00583913
-0.00150716
0.00577478
-0.00225682
-0.00150942
0.00609529
-0.00600388
0.00589921
-0.00654747
0.00580224
-0.00383117
0.00584243
-0.000151952
0.00594518
0.00171152
0.00602255
0.00132293
0.00603507
-0.000157371
0.00598961
-0.0014617
0.00592086
-0.00218807
-0.00146913
0.00627303
-0.00586368
0.00606201
-0.00633646
0.00595826
-0.00372742
0.00599962
-0.000193312
0.00610509
0.00160605
0.0061818
0.00124621
0.00619094
-0.000166507
0.00614139
-0.00141215
0.00606877
-0.00211546
-0.00142674
0.00645226
-0.0057009
0.00622747
-0.00611166
0.00611699
-0.00361693
0.00615831
-0.000234637
0.00626537
0.001499
0.00634124
0.00117034
0.00634747
-0.00017273
0.00629453
-0.00135922
0.00621856
-0.00203949
-0.00138242
0.00663264
-0.00551672
0.00639548
-0.0058745
0.00627846
-0.00349991
0.00631863
-0.000274816
0.00642619
0.00139144
0.00650102
0.00109551
0.00650478
-0.000176488
0.00644913
-0.00130357
0.00637034
-0.00196069
-0.00133633
0.00681386
-0.00531279
0.00656593
-0.00562656
0.00644272
-0.00337671
0.00648076
-0.000312853
0.00658776
0.00128443
0.00666133
0.00102195
0.00666304
-0.000178196
0.00660532
-0.00124585
0.0065242
-0.00187958
-0.00128864
0.00699571
-0.00509126
0.00673877
-0.00536962
0.00660985
-0.00324779
0.00664488
-0.000347888
0.00675035
0.00117897
0.00682243
0.000949867
0.00682246
-0.000178221
0.00676325
-0.00118664
0.0066803
-0.00179662
-0.00123951
0.00717805
-0.00485469
0.00691398
-0.00510554
0.00677992
-0.00311373
0.00681123
-0.0003792
0.00691427
0.00107593
0.00698463
0.000879504
0.00698329
-0.000176879
0.00692312
-0.00112647
0.00683877
-0.00171227
-0.00118909
0.00736089
-0.00460593
0.00709159
-0.00483624
0.00695302
-0.00297515
0.00698003
-0.000406209
0.00707984
0.000976117
0.00714826
0.000811085
0.00714581
-0.000174432
0.00708515
-0.00106581
0.0069998
-0.00162693
-0.00113751
0.00754434
-0.00434802
0.00727168
-0.00456359
0.00712925
-0.00283272
0.00715152
-0.000428474
0.00724742
0.000880218
0.00731367
0.00074483
0.00731032
-0.000171081
0.00724956
-0.00100505
0.00716357
-0.00154094
-0.0010849
0.00772863
-0.00408399
0.00745437
-0.00428933
0.00730874
-0.00268709
0.00732595
-0.000445678
0.00741736
0.000788801
0.00748125
0.000680943
0.00747715
-0.000166979
0.0074166
-0.000944499
0.00733026
-0.0014546
-0.00103135
0.0079141
-0.00381671
0.00763983
-0.00401506
0.00749161
-0.00253887
0.00750355
-0.000457615
0.00759003
0.000702322
0.00765136
0.00061961
0.0076466
-0.000162225
0.00758652
-0.00088441
0.00750008
-0.00136816
-0.00097696
0.00810117
-0.0035488
0.00782824
-0.00374214
0.00767798
-0.00238861
0.00768454
-0.000464176
0.00776574
0.000621122
0.00782436
0.000560992
0.00781902
-0.000156881
0.00775957
-0.000824963
0.00767322
-0.00128181
-0.000921788
0.00829031
-0.00328244
0.00801984
-0.00347166
0.007868
-0.00223677
0.00786915
-0.000465329
0.00794484
0.00054544
0.00800061
0.000505216
0.0079947
-0.000150971
0.00793602
-0.000766282
0.00784991
-0.0011957
-0.000865887
0.00848204
-0.00301938
0.00821484
-0.00320447
0.0080618
-0.00208373
0.00805758
-0.00046111
0.00812761
0.000475411
0.00818045
0.000452379
0.00817397
-0.000144495
0.00811612
-0.000708431
0.00803034
-0.00110992
-0.000809289
0.00867686
-0.0027609
0.0084135
-0.0029411
0.00825953
-0.00192976
0.00825002
-0.000451603
0.00831435
0.000411083
0.00836419
0.000402536
0.00835713
-0.000137434
0.00830013
-0.000651432
0.00821473
-0.00102451
-0.000752011
0.00887526
-0.00250779
0.00861603
-0.00268187
0.00846131
-0.00177504
0.00844664
-0.000436935
0.00850531
0.000352415
0.00855214
0.000355707
0.00854446
-0.00012976
0.0084883
-0.000595265
0.00840329
-0.000939501
-0.000694058
0.0090777
-0.00226047
0.00882266
-0.00242683
0.00866729
-0.00161967
0.00864762
-0.000417268
0.00870074
0.000299295
0.00874459
0.000311865
0.00873626
-0.000121438
0.00868088
-0.000539877
0.00859623
-0.000854856
-0.000635416
0.0092846
-0.00201897
0.00903362
-0.00217586
0.00887761
-0.00146365
0.00885313
-0.00039279
0.00890089
0.000251536
0.00894181
0.000270944
0.00893281
-0.000112438
0.00887812
-0.000485184
0.00879378
-0.000770516
-0.000576064
0.00949635
-0.00178303
0.00924912
-0.00192863
0.0090924
-0.00130693
0.00906332
-0.000363715
0.00910597
0.000208888
0.00914408
0.000232834
0.00913437
-0.000102731
0.00908027
-0.000431081
0.00899614
-0.000686389
-0.000515964
0.00971331
-0.00155219
0.00946935
-0.00168468
0.0093118
-0.00114937
0.00927836
-0.000330281
0.00931622
0.000171035
0.00935167
0.000197379
0.00934124
-9.22993e-05
0.0092876
-0.000377439
0.00920356
-0.000602354
-0.00045507
0.00993582
-0.00132573
0.00969453
-0.00144338
0.00953595
-0.000990798
0.00949842
-0.000292748
0.00953185
0.000137599
0.00956485
0.000164376
0.00955369
-8.11364e-05
0.00950036
-0.00032411
0.00941627
-0.000518258
-0.000393322
0.0101642
-0.00110281
0.00992484
-0.001204
0.00976499
-0.000830952
0.00972365
-0.000251404
0.00975311
0.000108138
0.00978391
0.000133574
0.00977202
-6.92472e-05
0.00971884
-0.000270928
0.0096345
-0.00043392
-0.000330648
0.0103988
-0.000882398
0.0101605
-0.000965635
0.00999907
-0.000669533
0.00995423
-0.000206563
0.00998022
8.21413e-05
0.0100091
0.000104671
0.00999653
-5.6651e-05
0.00994331
-0.000217709
0.00985852
-0.000349125
-0.000266966
0.01064
-0.000663323
0.0104017
-0.000727277
0.0102383
-0.000506177
0.0101903
-0.000158574
0.0102134
5.90242e-05
0.0102408
7.73069e-05
0.0102275
-4.33818e-05
0.0101741
-0.000164247
0.0100886
-0.000263626
-0.00020218
0.0108881
-0.000444238
0.0106486
-0.000487753
0.0104829
-0.000340458
0.0104321
-0.000107824
0.010453
3.81208e-05
0.0104793
5.10617e-05
0.0104654
-2.94888e-05
0.0104115
-0.000110315
0.010325
-0.000177142
-0.000136178
0.0111435
-0.000223613
0.0109015
-0.000245726
0.0107329
-0.000171885
0.0106798
-5.47503e-05
0.0106993
1.86712e-05
0.0107249
2.54481e-05
0.0107104
-1.5037e-05
0.0106558
-5.56589e-05
0.010568
-8.93482e-05
-6.88364e-05
0.0114062
0.0111605
0.0109886
0.0109339
0.0109525
0.010978
0.010963
0.0109073
0.0108179
-0.00107401
0.00143152
0.00912835
0.00142628
-0.00148511
0.00137094
-0.00896222
0.00132725
-0.0100883
0.00132242
-0.00564722
0.00132219
0.000642381
0.00130433
0.00427343
0.00129319
0.0044175
0.0012962
0.00250037
0.00131031
-0.000538316
-0.00109193
0.00143606
0.00143195
0.00137533
0.00132778
0.00131888
0.00131697
0.00130015
0.0012915
0.00129704
0.00131182
)
;

boundaryField
{
    inlet
    {
        type            calculated;
        value           nonuniform 0();
    }
    outlet
    {
        type            calculated;
        value           nonuniform List<scalar> 
103
(
0.00226542
0.00233655
0.00241004
0.00248593
0.00256426
0.00264506
0.00272836
0.00281418
0.00290254
0.00299345
0.00308692
0.00318296
0.00328155
0.00338268
0.00348634
0.0035925
0.00370113
0.00381219
0.00392565
0.00404145
0.00415955
0.00427989
0.00440241
0.00452705
0.00465376
0.00478248
0.00491316
0.00504576
0.00518024
0.00531658
0.00545477
0.00559482
0.00573674
0.00588057
0.00602638
0.00617424
0.00632425
0.00647651
0.00663117
0.00678835
0.00694823
0.00711096
0.00727671
0.00744568
0.00761805
0.00779401
0.00797374
0.00815745
0.00834533
0.00853759
0.00873442
0.00893604
0.00914267
0.00935452
0.00957183
0.00979483
0.0100238
0.010259
0.0105006
0.0107491
0.00133076
0.00133253
0.00133465
0.00133709
0.00133986
0.00134296
0.00134637
0.00135009
0.00135411
0.00135843
0.00136303
0.00136791
0.00137306
0.00137846
0.00138412
0.00139001
0.00139613
0.00140246
0.001409
0.00141574
0.00142266
0.00142974
0.00143699
0.00144439
0.00145192
0.00145957
0.00146733
0.0014752
0.00148315
0.00149118
0.00149928
0.00150743
0.00151562
0.00152385
0.0015321
0.00154036
0.00154862
0.00155687
0.00156511
0.00157331
0.0013275
0.00132824
0.00132933
)
;
    }
    cylinder
    {
        type            calculated;
        value           nonuniform 0();
    }
    top
    {
        type            symmetryPlane;
        value           uniform 0;
    }
    bottom
    {
        type            symmetryPlane;
        value           nonuniform 0();
    }
    defaultFaces
    {
        type            empty;
        value           nonuniform 0();
    }
    procBoundary31to14
    {
        type            processor;
        value           nonuniform List<scalar> 4(-0.00142168 -0.00142333 -0.00141798 -0.00141989);
    }
    procBoundary31to15
    {
        type            processor;
        value           nonuniform List<scalar> 
12
(
0.00105566
-0.00914189
0.00149036
0.00901756
0.010132
0.00565205
-0.000642148
-0.00425557
-0.00440635
-0.00250338
-0.00130915
0.000524204
)
;
    }
    procBoundary31to30
    {
        type            processor;
        value           nonuniform List<scalar> 
99
(
-0.00142483
-0.00142619
-0.00142739
-0.00142843
-0.0014293
-0.00143
-0.00143052
-0.00143085
-0.001431
-0.00143096
-0.00143072
-0.00143029
-0.00142966
-0.00142884
-0.00142781
-0.00142659
-0.00142517
-0.00142355
-0.00142175
-0.00141975
-0.00141756
-0.0014152
-0.00141266
-0.00140994
-0.00140706
-0.00140402
-0.00140083
-0.0013975
-0.00139403
-0.00139044
-0.00138673
-0.00138292
-0.00137902
-0.00137504
-0.00137101
-0.00136694
-0.00136286
-0.00135875
0.00718102
-0.00214335
-0.00220069
-0.0022602
-0.00232206
-0.00238647
-0.00245363
-0.00252377
-0.00259712
-0.00267393
-0.00275445
-0.00283892
-0.00292762
-0.00302077
-0.00311863
-0.00322143
-0.00332936
-0.00344263
-0.0035614
-0.0036858
-0.00381595
-0.00395191
-0.00409374
-0.00424145
-0.004395
-0.00455434
-0.00471937
-0.00488992
-0.0050658
-0.00524674
-0.00543239
-0.00562234
-0.00581606
-0.00601293
-0.00621225
-0.00641323
-0.00661504
-0.00681683
-0.00701779
-0.00721724
-0.00741463
-0.00760965
-0.00780225
-0.00799266
-0.00818137
-0.00836908
-0.00855667
-0.0087451
-0.00893535
-0.00912836
-0.00932502
-0.0095261
-0.00973228
-0.00994416
-0.0101623
-0.0103871
-0.0106193
-0.0108591
-0.0111072
-0.0113641
-0.0116298
)
;
    }
}


// ************************************************************************* //
