/*--------------------------------*- C++ -*----------------------------------*\
  =========                 |
  \\      /  F ield         | OpenFOAM: The Open Source CFD Toolbox
   \\    /   O peration     | Website:  https://openfoam.org
    \\  /    A nd           | Version:  7
     \\/     M anipulation  |
\*---------------------------------------------------------------------------*/
FoamFile
{
    version     2.0;
    format      ascii;
    class       volScalarField;
    location    "70";
    object      p;
}
// * * * * * * * * * * * * * * * * * * * * * * * * * * * * * * * * * * * * * //

dimensions      [0 2 -2 0 0 0 0];

internalField   nonuniform List<scalar> 
1063
(
-0.0453168
-0.0349838
-0.0241843
-0.0290484
-0.0349578
-0.0293099
-0.023976
-0.0312593
-0.0334216
-0.0263823
-0.0224291
-0.0452001
-0.0348779
-0.0240989
-0.02894
-0.0348865
-0.0293222
-0.0240647
-0.0313648
-0.0334698
-0.0263067
-0.0222187
-0.0450762
-0.0347668
-0.0240086
-0.0288194
-0.0348019
-0.0293264
-0.0241478
-0.0314599
-0.0335098
-0.0262243
-0.0220012
-0.0449458
-0.0346505
-0.0239133
-0.0286863
-0.0347035
-0.0293222
-0.0242257
-0.0315452
-0.0335418
-0.0261352
-0.0217764
-0.0448093
-0.0345294
-0.0238127
-0.0285406
-0.0345911
-0.0293098
-0.0242986
-0.0316211
-0.0335665
-0.0260397
-0.0215443
-0.0446672
-0.0344035
-0.0237067
-0.0283819
-0.0344643
-0.029289
-0.024367
-0.0316883
-0.0335843
-0.0259378
-0.0213046
-0.0445202
-0.034273
-0.0235952
-0.0282102
-0.0343227
-0.0292598
-0.0244312
-0.0317475
-0.0335957
-0.0258299
-0.0210574
-0.0443686
-0.0341382
-0.0234783
-0.0280255
-0.0341661
-0.0292223
-0.0244916
-0.0317991
-0.0336012
-0.0257161
-0.0208025
-0.0442129
-0.0339992
-0.0233557
-0.0278277
-0.0339942
-0.0291764
-0.0245485
-0.031844
-0.0336014
-0.0255966
-0.02054
-0.0440536
-0.0338562
-0.0232277
-0.0276171
-0.033807
-0.0291221
-0.0246023
-0.0318827
-0.0335966
-0.0254718
-0.0202699
-0.0438909
-0.0337095
-0.0230942
-0.0273936
-0.0336043
-0.0290595
-0.0246533
-0.0319159
-0.0335874
-0.0253418
-0.0199923
-0.0437254
-0.0335591
-0.0229554
-0.0271576
-0.033386
-0.0289886
-0.024702
-0.0319442
-0.0335743
-0.025207
-0.0197071
-0.0435572
-0.0334053
-0.0228113
-0.0269094
-0.033152
-0.0289094
-0.0247486
-0.0319683
-0.0335578
-0.0250676
-0.0194144
-0.0433868
-0.0332483
-0.0226621
-0.0266492
-0.0329024
-0.028822
-0.0247934
-0.0319888
-0.0335383
-0.024924
-0.0191144
-0.0432144
-0.0330881
-0.0225082
-0.0263776
-0.0326372
-0.0287263
-0.0248369
-0.0320064
-0.0335162
-0.0247764
-0.0188073
-0.0430403
-0.0329251
-0.0223496
-0.026095
-0.0323566
-0.0286224
-0.0248793
-0.0320218
-0.0334921
-0.0246252
-0.0184932
-0.0428647
-0.0327592
-0.0221867
-0.025802
-0.0320607
-0.0285103
-0.0249209
-0.0320355
-0.0334664
-0.0244706
-0.0181722
-0.0426879
-0.0325906
-0.0220197
-0.0254991
-0.0317498
-0.0283902
-0.024962
-0.0320481
-0.0334395
-0.0243131
-0.0178447
-0.0425099
-0.0324195
-0.0218491
-0.025187
-0.031424
-0.028262
-0.0250029
-0.0320602
-0.0334117
-0.024153
-0.0175108
-0.042331
-0.0322459
-0.0216751
-0.0248664
-0.0310837
-0.0281257
-0.0250438
-0.0320724
-0.0333836
-0.0239905
-0.0171709
-0.0421515
-0.0320699
-0.0214981
-0.024538
-0.0307292
-0.0279814
-0.0250849
-0.0320852
-0.0333554
-0.0238261
-0.0168252
-0.0419713
-0.0318915
-0.0213186
-0.0242027
-0.030361
-0.0278291
-0.0251264
-0.0320991
-0.0333274
-0.02366
-0.016474
-0.0417907
-0.0317108
-0.0211369
-0.0238613
-0.0299794
-0.0276689
-0.0251685
-0.0321145
-0.0333001
-0.0234926
-0.0161178
-0.0315278
-0.0209534
-0.0235145
-0.029585
-0.0275007
-0.0252113
-0.032132
-0.0332738
-0.0233242
-0.0157567
-0.0313425
-0.0207686
-0.0231632
-0.0291782
-0.0273246
-0.025255
-0.0321519
-0.0332486
-0.0231551
-0.0153913
-0.0311548
-0.020583
-0.0228085
-0.0287597
-0.0271406
-0.0252997
-0.0321746
-0.033225
-0.0229857
-0.0150219
-0.0309646
-0.0203969
-0.022451
-0.0283299
-0.0269486
-0.0253454
-0.0322005
-0.0332031
-0.0228162
-0.0146488
-0.030772
-0.0202108
-0.0220918
-0.0278896
-0.0267489
-0.0253922
-0.0322299
-0.0331832
-0.0226469
-0.0142726
-0.0305769
-0.0200251
-0.0217316
-0.0274394
-0.0265412
-0.0254401
-0.032263
-0.0331654
-0.0224781
-0.0138936
-0.0303789
-0.0198403
-0.0213714
-0.0269799
-0.0263256
-0.0254891
-0.0323001
-0.03315
-0.0223102
-0.0135123
-0.0301779
-0.0196571
-0.0210124
-0.026512
-0.0261022
-0.0255392
-0.0323414
-0.033137
-0.0221432
-0.0131292
-0.0299736
-0.0194755
-0.0206553
-0.0260366
-0.0258709
-0.0255903
-0.0323869
-0.0331265
-0.0219774
-0.0127447
-0.0297676
-0.0192936
-0.0202986
-0.0255537
-0.0256317
-0.0256424
-0.0324374
-0.0331196
-0.0218135
-0.0123584
-0.0295611
-0.0191103
-0.0199395
-0.025062
-0.0253842
-0.0256958
-0.0324943
-0.033118
-0.0216521
-0.0119705
-0.0293465
-0.0189388
-0.0195928
-0.0245662
-0.0251285
-0.0257499
-0.032555
-0.0331163
-0.0214916
-0.0115856
-0.0291004
-0.01881
-0.0193087
-0.0240967
-0.0248718
-0.0257978
-0.0325994
-0.0330917
-0.0213254
-0.0112154
-0.0288365
-0.0186875
-0.0190571
-0.0236575
-0.0246208
-0.0258359
-0.0326236
-0.033051
-0.0211557
-0.0108476
-0.0287268
-0.0183104
-0.0183995
-0.0229446
-0.0242885
-0.0259483
-0.0328393
-0.0332029
-0.0210379
-0.0103759
-0.02904
-0.0173199
-0.0164994
-0.0210639
-0.0234888
-0.0264028
-0.0338125
-0.0339917
-0.0210696
-0.00955642
-0.010652
-0.0287478
-0.016706
-0.0157229
-0.0203321
-0.0231108
-0.026512
-0.0340642
-0.0341408
-0.0208127
-0.00881045
-0.0096352
-0.0283856
-0.0161377
-0.0151471
-0.0199072
-0.0228741
-0.0265074
-0.0341244
-0.0341639
-0.020506
-0.00807371
-0.00868482
-0.0280279
-0.0155331
-0.0144806
-0.0193664
-0.0225863
-0.026541
-0.0342673
-0.034243
-0.0202022
-0.00729913
-0.0076688
-0.0276494
-0.0149089
-0.0137822
-0.0187563
-0.0222584
-0.026614
-0.0344715
-0.0343488
-0.0198902
-0.00649555
-0.00660798
-0.0272437
-0.0142707
-0.0130855
-0.018141
-0.0219223
-0.0267023
-0.0346979
-0.0344607
-0.0195653
-0.00566763
-0.00551905
-0.0268097
-0.0136184
-0.0123922
-0.0175307
-0.0215852
-0.0267986
-0.0349415
-0.0345785
-0.0192276
-0.00481561
-0.00440345
-0.0263457
-0.0129514
-0.0117009
-0.0169205
-0.0212444
-0.0269055
-0.0352079
-0.0347046
-0.0188771
-0.00393946
-0.00326055
-0.0258494
-0.0122695
-0.0110125
-0.0163085
-0.0208984
-0.0270256
-0.0355005
-0.0348396
-0.0185133
-0.00303956
-0.00209094
-0.0253187
-0.0115724
-0.0103284
-0.0156957
-0.0205475
-0.02716
-0.0358208
-0.0349833
-0.0181359
-0.00211646
-0.000895798
-0.024751
-0.0108595
-0.00964938
-0.0150828
-0.020192
-0.0273091
-0.03617
-0.0351358
-0.0177445
-0.00117082
0.000323562
-0.0241438
-0.0101302
-0.00897622
-0.0144702
-0.0198318
-0.0274731
-0.0365494
-0.0352968
-0.0173385
-0.000203423
0.0015657
-0.0234944
-0.00938377
-0.00830927
-0.0138579
-0.0194668
-0.0276522
-0.03696
-0.0354656
-0.0169175
0.00078479
0.002829
-0.0227997
-0.00861915
-0.00764854
-0.0132456
-0.0190965
-0.0278464
-0.0374024
-0.0356415
-0.0164808
0.00179273
0.00411161
-0.0220569
-0.0078351
-0.00699362
-0.0126323
-0.0187202
-0.0280552
-0.0378769
-0.0358232
-0.0160281
0.00281913
0.00541148
-0.0212626
-0.00703009
-0.00634359
-0.012017
-0.0183368
-0.0282775
-0.0383831
-0.036009
-0.0155585
0.00386254
0.00672627
-0.0204135
-0.00620225
-0.00569695
-0.0113978
-0.017945
-0.0285119
-0.03892
-0.0361967
-0.0150714
0.00492131
0.00805335
-0.019506
-0.00534941
-0.00505153
-0.0107723
-0.0175429
-0.0287561
-0.0394856
-0.0363834
-0.0145661
0.00599354
0.00938974
-0.0185366
-0.00446897
-0.00440435
-0.0101373
-0.0171282
-0.0290072
-0.040077
-0.0365657
-0.014042
0.00707709
0.010732
-0.0175014
-0.00355793
-0.00375159
-0.00948908
-0.0166978
-0.029261
-0.04069
-0.0367394
-0.0134982
0.00816951
0.0120763
-0.0163966
-0.00261279
-0.00308842
-0.00882277
-0.0162481
-0.0295127
-0.0413189
-0.0368995
-0.0129339
0.00926804
0.0134182
-0.0152183
-0.00162957
-0.00240893
-0.00813271
-0.0157746
-0.0297561
-0.0419567
-0.0370402
-0.0123485
0.0103695
0.0147526
-0.0139626
-0.000603765
-0.00170606
-0.00741223
-0.0152717
-0.0299837
-0.0425944
-0.0371546
-0.0117412
0.0114705
0.0160737
-0.0126256
0.000469694
-0.00097152
-0.0066536
-0.0147331
-0.0301867
-0.0432213
-0.0372353
-0.0111112
0.0125668
0.0173751
-0.0112036
0.00159639
-0.000195765
-0.00584807
-0.0141513
-0.030355
-0.0438248
-0.0372738
-0.010458
0.0136541
0.0186494
-0.00969299
0.00278242
0.00063197
-0.00498587
-0.0135177
-0.0304773
-0.0443901
-0.0372606
-0.00978082
0.0147273
0.0198886
-0.00809046
0.00403429
0.0015236
-0.00405632
-0.0128228
-0.0305409
-0.044901
-0.037186
-0.00907934
0.015781
0.021084
-0.00639306
0.00535885
0.00249203
-0.00304798
-0.012056
-0.0305324
-0.0453393
-0.0370394
-0.00835318
0.0168091
0.0222264
-0.00459834
0.00676308
0.00355091
-0.00194888
-0.011206
-0.0304377
-0.045686
-0.0368102
-0.00760215
0.0178051
0.0233054
-0.00270445
0.00825392
0.00471425
-0.000746851
-0.0102615
-0.0302426
-0.0459212
-0.0364877
-0.00682625
0.0187621
0.024311
-0.000710331
0.00983799
0.005996
0.000570108
-0.00921082
-0.0299333
-0.046025
-0.0360618
-0.00602569
0.0196728
0.0252332
0.00138411
0.0115213
0.00740943
0.00201332
-0.00804334
-0.0294972
-0.0459788
-0.035523
-0.00520091
0.02053
0.0260621
0.00357784
0.0133087
0.00896645
0.00359293
-0.0067497
-0.0289235
-0.0457653
-0.0348633
-0.00435264
0.0213262
0.0267887
0.00586842
0.0152037
0.0106769
0.00531735
-0.00532276
-0.0282038
-0.0453706
-0.034076
-0.00348189
0.0220541
0.0274049
0.00825185
0.0172079
0.0125478
0.00719272
-0.00375831
-0.027333
-0.044784
-0.0331569
-0.00259001
0.0227068
0.0279042
0.0107223
0.0193205
0.0145826
0.0092225
-0.00205572
-0.0263097
-0.0439995
-0.0321038
-0.00167875
0.0232782
0.0282821
0.0132719
0.0215381
0.0167809
0.0114072
-0.00021841
-0.0251369
-0.0430156
-0.030917
-0.000750273
0.0237626
0.0285362
0.0158906
0.0238541
0.0191384
0.0137442
0.00174606
-0.0238212
-0.0418356
-0.0295992
0.000192722
0.0241557
0.0286666
0.0185656
0.0262587
0.0216463
0.0162278
0.00382618
-0.0223734
-0.0404673
-0.0281556
0.00114691
0.0244545
0.028676
0.0212819
0.0287392
0.0242924
0.0188494
0.00600701
-0.0208076
-0.0389215
-0.0265934
0.00210825
0.0246573
0.0285695
0.0240216
0.0312793
0.0270619
0.0215978
0.00827097
-0.0191396
-0.0372115
-0.0249218
0.00307196
0.0247643
0.0283548
0.0267642
0.0338596
0.0299402
0.0244588
0.0105986
-0.0173864
-0.0353511
-0.0231514
0.0040324
0.0247776
0.0280412
0.029487
0.0364574
0.0329004
0.0274145
0.012969
-0.015564
-0.0333539
-0.0212941
0.00498316
0.0247017
0.0276398
0.032165
0.0390465
0.0359182
0.0304424
0.0153605
-0.0136859
-0.0312323
-0.0193634
0.00591718
0.0245432
0.0271628
0.0347717
0.0415973
0.0389613
0.0335134
0.0177501
-0.0117616
-0.0289969
-0.0173741
0.006827
0.0243108
0.0266229
0.0372801
0.0440757
0.0419878
0.03659
0.0201135
-0.0097961
-0.0266559
-0.015343
0.00770513
0.0240152
0.0260337
0.0396631
0.0464429
0.0449446
0.0396257
0.0224257
-0.00779013
-0.0242295
-0.013289
0.00854437
0.0236685
0.0254086
0.0418958
0.0486565
0.0477675
0.0425651
0.0246621
-0.00574175
-0.0217305
-0.0112335
0.00933811
0.0232838
0.0247615
0.0439563
0.0506724
0.0503854
0.0453475
0.0268001
-0.00364968
-0.0191802
-0.0092004
0.0100806
0.0228743
0.0241057
0.0458276
0.0524502
0.052729
0.0479126
0.0288219
-0.00151748
-0.0166082
-0.00721584
0.0107673
0.022453
0.0234542
0.0474983
0.0539586
0.0547429
0.0502091
0.0307151
0.000641461
-0.0140533
-0.00530779
0.0113943
0.0220319
0.0228194
0.0489635
0.0551812
0.0563963
0.0522028
0.0324719
0.00279932
-0.0115627
-0.00350491
0.0119592
0.0216218
0.0222124
0.0502236
0.0561209
0.0576889
0.0538809
0.0340845
0.00491179
-0.00919032
-0.00183512
0.0124603
0.0212324
0.0216433
0.0512836
0.056801
0.0586517
0.0552518
0.0355409
0.00692063
-0.00699182
-0.000323857
0.0128969
0.0208717
0.0211213
0.0521529
0.0572608
0.059337
0.0563396
0.0368238
0.00876133
-0.00501934
0.00100732
0.0132693
0.0205469
0.0206542
0.0528442
0.0575492
0.0598051
0.0571765
0.0379136
0.0103739
-0.00331635
0.00214164
0.0135782
0.0202642
0.0202491
0.0533722
0.0577156
0.0601126
0.0577972
0.0387947
0.0117114
-0.00191568
0.00306698
0.0138248
0.0200287
0.0199128
0.0537522
0.0578031
0.0603063
0.0582341
0.0394588
0.0127421
-0.000840451
0.00377437
0.0140101
0.0198455
0.0196515
0.0539985
0.0578444
0.0604187
0.0585129
0.0399045
0.0134469
-0.000107574
0.00425538
0.0141343
0.0197189
0.019471
0.0541207
0.0578622
0.0604677
0.0586479
0.0401311
0.0138133
0.000268772
0.00450035
0.0141959
0.019653
0.0193767
)
;

boundaryField
{
    inlet
    {
        type            zeroGradient;
    }
    outlet
    {
        type            fixedValue;
        value           nonuniform 0();
    }
    cylinder
    {
        type            zeroGradient;
    }
    top
    {
        type            symmetryPlane;
    }
    bottom
    {
        type            symmetryPlane;
    }
    defaultFaces
    {
        type            empty;
    }
    procBoundary30to14
    {
        type            processor;
        value           nonuniform List<scalar> 
11
(
-0.0454257
-0.0350843
-0.0242651
-0.0291451
-0.0350163
-0.0292894
-0.0238815
-0.0311429
-0.0333645
-0.026451
-0.0226325
)
;
    }
    procBoundary30to29
    {
        type            processor;
        value           nonuniform List<scalar> 
99
(
-0.038078
-0.0379523
-0.0378217
-0.0376872
-0.0375498
-0.0374105
-0.0372701
-0.0371297
-0.03699
-0.036852
-0.0367164
-0.0365841
-0.0364556
-0.0363317
-0.0362129
-0.0360998
-0.0359928
-0.0358924
-0.035799
-0.0357129
-0.0356342
-0.0355633
-0.0355003
-0.0416097
-0.0416097
-0.0414285
-0.0412471
-0.0410656
-0.040884
-0.0407023
-0.0405205
-0.0403382
-0.0401551
-0.0399743
-0.0398008
-0.0396183
-0.0393616
-0.0390549
-0.0392251
-0.0408118
-0.0409028
-0.040752
-0.0406953
-0.0406549
-0.0405926
-0.0405071
-0.0403985
-0.0402639
-0.0401
-0.0399035
-0.0396708
-0.0393982
-0.0390817
-0.0387172
-0.0383
-0.0378255
-0.0372886
-0.0366839
-0.0360058
-0.0352484
-0.0344056
-0.0334709
-0.0324381
-0.0313005
-0.0300517
-0.0286855
-0.027196
-0.0255778
-0.0238263
-0.0219379
-0.0199099
-0.0177413
-0.0154326
-0.0129861
-0.0104063
-0.00769971
-0.00487562
-0.0019458
0.00107515
0.00416977
0.00731767
0.0104956
0.0136778
0.0168361
0.0199403
0.0229592
0.0258613
0.0286159
0.0311948
0.0335729
0.0357304
0.037653
0.0393325
0.0407664
0.0419562
0.0429059
0.0436198
0.0440995
0.044341
)
;
    }
    procBoundary30to31
    {
        type            processor;
        value           nonuniform List<scalar> 
99
(
-0.0293883
-0.0291327
-0.0288648
-0.0285844
-0.0282913
-0.0279853
-0.0276662
-0.0273339
-0.0269882
-0.0266291
-0.0262567
-0.0258708
-0.0254715
-0.0250591
-0.0246335
-0.024195
-0.0237438
-0.02328
-0.0228042
-0.0223164
-0.0218171
-0.0213067
-0.0207856
-0.0202542
-0.019713
-0.0191626
-0.0186033
-0.0180358
-0.0174606
-0.0168783
-0.0162896
-0.0156949
-0.0150943
-0.0144874
-0.0138788
-0.0132843
-0.0126954
-0.0119633
-0.0119633
-0.0158393
-0.0151277
-0.014487
-0.0137932
-0.0130577
-0.0122988
-0.0115196
-0.0107191
-0.00989722
-0.00905469
-0.00819258
-0.00731198
-0.00641413
-0.00550043
-0.00457249
-0.00363212
-0.00268138
-0.00172256
-0.000758227
0.000208753
0.0011752
0.00213758
0.00309205
0.00403436
0.00495998
0.00586402
0.00674138
0.00758677
0.00839489
0.00916052
0.00987875
0.0105452
0.0111561
0.0117089
0.0122018
0.0126346
0.013008
0.0133242
0.013586
0.0137969
0.0139608
0.0140809
0.0141603
0.0142015
0.0142065
0.0141773
0.0141162
0.0140264
0.0139116
0.0137769
0.0136276
0.0134698
0.0133096
0.0131528
0.0130051
0.0128716
0.0127571
0.0126658
0.012602
0.0125688
)
;
    }
}


// ************************************************************************* //
