/*--------------------------------*- C++ -*----------------------------------*\
  =========                 |
  \\      /  F ield         | OpenFOAM: The Open Source CFD Toolbox
   \\    /   O peration     | Website:  https://openfoam.org
    \\  /    A nd           | Version:  7
     \\/     M anipulation  |
\*---------------------------------------------------------------------------*/
FoamFile
{
    version     2.0;
    format      ascii;
    class       volVectorField;
    location    "43";
    object      U;
}
// * * * * * * * * * * * * * * * * * * * * * * * * * * * * * * * * * * * * * //

dimensions      [0 1 -1 0 0 0 0];

internalField   nonuniform List<vector> 
1062
(
(0.95173 0.00068951 2.41221e-22)
(0.943855 0.000790359 -5.65656e-23)
(0.935302 0.000902945 3.869e-22)
(0.926034 0.00102914 5.50865e-22)
(0.916016 0.0011702 8.42672e-23)
(0.905201 0.00132856 4.31852e-22)
(0.893549 0.00150572 -1.10977e-22)
(0.97083 -0.0404996 -6.3709e-21)
(0.965671 -0.0467894 7.25642e-21)
(0.960219 -0.0537799 -3.4159e-21)
(0.954498 -0.0615495 -4.49109e-21)
(0.948581 -0.070171 -2.25315e-21)
(0.942504 -0.0797303 -1.89587e-21)
(0.936378 -0.0902967 -1.29619e-21)
(0.930251 -0.101961 1.61304e-20)
(0.924293 -0.114776 -7.4389e-21)
(0.918552 -0.128834 1.51081e-21)
(0.913296 -0.144144 7.78983e-22)
(0.965174 -0.0456667 3.77477e-21)
(0.959598 -0.052489 5.49945e-21)
(0.95373 -0.0600736 -1.59602e-20)
(0.947636 -0.0684923 9.16992e-21)
(0.941349 -0.0778315 -5.11285e-21)
(0.934973 -0.0881607 -2.2783e-21)
(0.928552 -0.0995738 5.88364e-21)
(0.922247 -0.112124 -1.02073e-20)
(0.916105 -0.125914 7.12526e-21)
(0.910379 -0.140951 2.52971e-20)
(0.964733 -0.0444823 -2.24633e-22)
(0.959048 -0.0511259 3.42254e-21)
(0.953048 -0.0585137 -6.82441e-21)
(0.946796 -0.0667161 4.69228e-21)
(0.940321 -0.0758203 -1.50286e-20)
(0.93372 -0.0858952 9.74292e-21)
(0.927035 -0.0970373 -1.37073e-20)
(0.920416 -0.109301 -4.96783e-21)
(0.91391 -0.122795 5.33661e-21)
(0.907756 -0.137531 8.17124e-21)
(0.964336 -0.0433364 6.60924e-21)
(0.958551 -0.0498093 5.94561e-21)
(0.952432 -0.057009 2.13029e-21)
(0.946036 -0.0650045 -7.64947e-22)
(0.939389 -0.0738832 7.38073e-22)
(0.932583 -0.0837131 -1.70246e-20)
(0.925655 -0.094593 1.11339e-20)
(0.918748 -0.106578 6.56165e-21)
(0.911903 -0.119781 -1.47715e-20)
(0.905352 -0.134216 -1.40285e-20)
(0.963974 -0.0421965 -4.55703e-22)
(0.958098 -0.0484998 5.60008e-21)
(0.951868 -0.0555123 6.7409e-21)
(0.945339 -0.0633019 -2.02572e-21)
(0.938534 -0.0719556 -9.71713e-22)
(0.931538 -0.0815409 5.56186e-21)
(0.924383 -0.0921579 6.31915e-21)
(0.917206 -0.103862 9.01908e-21)
(0.910042 -0.116771 -2.69106e-20)
(0.903113 -0.130901 2.63867e-20)
(0.963641 -0.0410486 -4.73647e-21)
(0.957679 -0.0471809 1.06406e-20)
(0.951348 -0.0540046 -8.75225e-21)
(0.944695 -0.0615862 -2.8268e-21)
(0.937741 -0.0700125 -7.74993e-21)
(0.930566 -0.0793502 4.82982e-21)
(0.923197 -0.0897008 -2.38436e-20)
(0.915764 -0.101119 2.17543e-20)
(0.908296 -0.113729 -1.22564e-20)
(0.901007 -0.127547 2.42467e-20)
(0.963332 -0.0398947 3.86616e-21)
(0.957291 -0.0458551 -8.03694e-21)
(0.950863 -0.052489 9.1695e-21)
(0.944094 -0.0598614 -1.14382e-20)
(0.936999 -0.0680587 -2.74209e-21)
(0.929655 -0.0771468 1.91206e-20)
(0.922082 -0.0872281 3.09388e-21)
(0.914406 -0.098358 -2.10746e-20)
(0.906646 -0.110663 2.04924e-20)
(0.899009 -0.124162 -3.16471e-20)
(0.963042 -0.0387371 1.06796e-21)
(0.956926 -0.0445251 8.93553e-21)
(0.950408 -0.0509685 9.97482e-22)
(0.943529 -0.0581308 1.99216e-22)
(0.936301 -0.0660981 -3.70031e-22)
(0.928795 -0.0749349 -8.19077e-21)
(0.921028 -0.0847447 7.41658e-21)
(0.913117 -0.0955825 -2.11258e-21)
(0.905077 -0.107578 7.15533e-21)
(0.897104 -0.120751 7.37085e-21)
(0.889183 -0.135284 -1.44651e-20)
(0.96277 -0.0375761 1.08227e-20)
(0.956584 -0.0431912 -5.68388e-21)
(0.949979 -0.0494435 2.87685e-22)
(0.942995 -0.0563951 -6.41765e-21)
(0.935639 -0.0641311 1.30927e-20)
(0.927979 -0.0727151 -1.15098e-20)
(0.920025 -0.0822511 -1.4842e-20)
(0.911889 -0.0927935 -1.5712e-21)
(0.903579 -0.104475 2.57534e-20)
(0.89528 -0.117316 -5.95659e-21)
(0.886972 -0.131504 5.70596e-21)
(0.962513 -0.0364118 -1.01049e-20)
(0.956259 -0.0418536 1.36261e-20)
(0.949572 -0.0479143 -1.36205e-21)
(0.942488 -0.0546542 1.30931e-21)
(0.93501 -0.0621579 -8.15612e-21)
(0.927202 -0.0704875 -2.42517e-20)
(0.919069 -0.0797472 8.58889e-21)
(0.910715 -0.089991 9.2518e-21)
(0.902143 -0.101353 -1.19658e-20)
(0.893529 -0.113856 -5.10028e-21)
(0.884846 -0.12769 4.00249e-20)
(0.96227 -0.0352445 1.17739e-21)
(0.955951 -0.0405126 -7.944e-21)
(0.949185 -0.046381 -1.63782e-21)
(0.942005 -0.0529084 -1.74931e-21)
(0.934411 -0.0601786 1.62909e-20)
(0.926459 -0.0682522 -9.26025e-22)
(0.918154 -0.0772334 -1.09641e-20)
(0.909589 -0.0871755 -1.26628e-21)
(0.900765 -0.098214 3.41808e-20)
(0.891845 -0.110372 -9.59831e-21)
(0.882799 -0.123844 -7.9655e-21)
(0.962038 -0.0340744 3.59444e-21)
(0.955658 -0.0391682 2.08219e-21)
(0.948817 -0.0448438 4.92928e-21)
(0.941544 -0.0511581 -1.06205e-20)
(0.933838 -0.0581937 8.50601e-23)
(0.925749 -0.0660098 -4.52587e-21)
(0.917277 -0.0747101 1.18316e-20)
(0.90851 -0.0843473 9.56985e-22)
(0.899442 -0.0950575 -5.8151e-21)
(0.890224 -0.106865 6.14246e-21)
(0.880826 -0.119965 3.01713e-21)
(0.961817 -0.0329016 8.33383e-21)
(0.955378 -0.0378208 -1.65249e-21)
(0.948465 -0.0433031 9.18481e-21)
(0.941104 -0.0494035 -7.13686e-21)
(0.93329 -0.0562033 1.6786e-20)
(0.925069 -0.0637604 -4.53922e-21)
(0.916436 -0.0721776 3.4467e-21)
(0.907473 -0.0815069 -1.86996e-21)
(0.898169 -0.0918842 -1.40264e-20)
(0.888664 -0.103336 6.18226e-21)
(0.878924 -0.116055 -1.22034e-20)
(0.961606 -0.0317263 5.49523e-21)
(0.955111 -0.0364706 5.76915e-22)
(0.948129 -0.0417589 -8.69649e-21)
(0.940683 -0.0476446 -8.74048e-22)
(0.932765 -0.0542077 6.43843e-21)
(0.924416 -0.0615043 -3.02213e-20)
(0.915629 -0.0696362 4.00338e-21)
(0.906477 -0.0786546 3.02342e-20)
(0.896945 -0.0886946 -2.69125e-20)
(0.887163 -0.0997839 8.68623e-21)
(0.877092 -0.112114 2.76322e-20)
(0.961405 -0.0305486 -3.0609e-21)
(0.954856 -0.0351175 1.0105e-21)
(0.947807 -0.0402114 -2.2947e-21)
(0.940279 -0.0458817 -4.4115e-22)
(0.932262 -0.052207 6.61968e-21)
(0.923791 -0.0592417 -5.10416e-21)
(0.914855 -0.0670861 -4.29932e-21)
(0.90552 -0.0757907 2.14682e-20)
(0.895769 -0.085489 -1.1938e-20)
(0.885718 -0.0962105 1.5777e-21)
(0.875328 -0.108144 1.43882e-21)
(0.961213 -0.0293686 -7.5108e-21)
(0.954612 -0.0337618 4.10479e-21)
(0.947499 -0.0386607 8.58412e-21)
(0.939893 -0.044115 -1.53089e-20)
(0.93178 -0.0502014 1.3505e-20)
(0.923191 -0.0569727 -1.03731e-20)
(0.914112 -0.0645276 -6.64134e-21)
(0.904602 -0.0729155 2.73911e-20)
(0.894639 -0.0822681 2.09396e-21)
(0.884329 -0.0926162 -4.22125e-20)
(0.87363 -0.104145 3.11192e-20)
(0.86273 -0.116833 6.63483e-21)
(0.96103 -0.0281865 -6.24878e-21)
(0.954378 -0.0324035 -1.27466e-21)
(0.947205 -0.0371069 2.25409e-21)
(0.939524 -0.0423445 -2.84019e-21)
(0.931319 -0.0481911 -1.36813e-21)
(0.922617 -0.0546976 4.95805e-21)
(0.9134 -0.0619609 -9.31286e-21)
(0.903722 -0.0700293 -6.62366e-21)
(0.893555 -0.0790321 2.0452e-20)
(0.882996 -0.0890016 -2.22205e-20)
(0.872 -0.100118 1.05594e-21)
(0.860736 -0.112368 -1.02778e-20)
(0.960855 -0.0270022 1.28067e-20)
(0.954156 -0.0310428 -4.19923e-21)
(0.946924 -0.0355503 -1.2477e-20)
(0.939171 -0.0405705 9.50674e-21)
(0.930878 -0.0461762 -1.5518e-21)
(0.922068 -0.0524166 1.77879e-22)
(0.912719 -0.0593862 1.02977e-20)
(0.902878 -0.0671326 -1.34228e-20)
(0.892516 -0.0757816 1.48747e-20)
(0.881717 -0.0853672 2.28937e-20)
(0.870435 -0.0960643 -2.97345e-20)
(0.858822 -0.107867 -1.81058e-20)
(0.960688 -0.0258161 9.93104e-22)
(0.953944 -0.0296798 8.4231e-21)
(0.946656 -0.0339908 -8.52301e-21)
(0.938834 -0.0387929 2.07073e-21)
(0.930456 -0.0441568 5.01572e-21)
(0.921542 -0.0501299 -8.31477e-21)
(0.912067 -0.0568039 -3.85953e-21)
(0.902071 -0.0642255 -2.83537e-21)
(0.891521 -0.0725171 -2.96008e-21)
(0.880493 -0.0817138 4.5519e-21)
(0.868936 -0.0919846 -7.97288e-21)
(0.856988 -0.10333 2.23109e-20)
(0.960529 -0.024628 -5.23713e-21)
(0.953741 -0.0283146 -5.50452e-21)
(0.946401 -0.0324286 -9.82664e-22)
(0.938513 -0.0370121 2.60923e-21)
(0.930055 -0.0421332 -4.85528e-21)
(0.921041 -0.0478376 -1.00584e-20)
(0.911446 -0.0542142 5.09665e-21)
(0.901301 -0.0613086 1.14221e-20)
(0.890572 -0.0692391 2.96068e-21)
(0.879323 -0.078042 -4.23077e-22)
(0.867503 -0.0878799 -1.78025e-20)
(0.855234 -0.0987595 8.87566e-21)
(0.960378 -0.0234382 8.15024e-21)
(0.953549 -0.0269473 1.06974e-20)
(0.946158 -0.0308639 -6.84214e-21)
(0.938207 -0.035228 6.26017e-21)
(0.929672 -0.0401055 4.22973e-22)
(0.920564 -0.04554 9.53201e-21)
(0.910853 -0.0516174 -2.01019e-20)
(0.900566 -0.058382 1.32942e-20)
(0.889666 -0.065948 2.32089e-21)
(0.878207 -0.0743525 -2.83734e-21)
(0.866136 -0.0837512 1.38008e-20)
(0.853559 -0.0941563 6.42355e-22)
(0.953367 -0.0255779 6.27234e-21)
(0.945927 -0.0292967 4.34096e-21)
(0.937917 -0.0334409 -7.52756e-21)
(0.929309 -0.0380738 1.47486e-20)
(0.920111 -0.0432372 -1.05105e-20)
(0.91029 -0.0490137 6.2231e-21)
(0.899868 -0.0554463 -4.11988e-21)
(0.888805 -0.0626445 -7.96594e-21)
(0.877146 -0.070646 1.91657e-21)
(0.864835 -0.0795995 1.56924e-20)
(0.851965 -0.0895219 -4.94931e-22)
(0.953194 -0.0242067 -7.58968e-21)
(0.945709 -0.0277271 -8.1926e-21)
(0.937642 -0.0316508 7.78349e-22)
(0.928965 -0.0360383 1.01364e-21)
(0.919681 -0.0409295 1.25825e-20)
(0.909757 -0.0464034 -1.09209e-20)
(0.899207 -0.0525017 -7.83561e-22)
(0.887989 -0.059329 -1.1427e-21)
(0.876139 -0.0669233 2.17271e-21)
(0.863601 -0.0754259 -1.27196e-20)
(0.850452 -0.0848576 1.50456e-20)
(0.953031 -0.0228336 7.98682e-21)
(0.945503 -0.0261553 -1.82494e-20)
(0.937382 -0.029858 2.75625e-21)
(0.92864 -0.0339993 4.21698e-21)
(0.919275 -0.0386172 1.07559e-20)
(0.909253 -0.0437869 1.83638e-21)
(0.898581 -0.0495487 1.3755e-21)
(0.887217 -0.0560021 -6.76417e-21)
(0.875187 -0.063185 -1.81631e-21)
(0.862433 -0.0712313 -4.4785e-22)
(0.84902 -0.0801648 -1.94567e-20)
(0.952878 -0.0214587 -5.13966e-21)
(0.945309 -0.0245813 -1.69797e-21)
(0.937138 -0.0280624 2.53371e-21)
(0.928334 -0.0319568 -1.43136e-21)
(0.918893 -0.0363003 1.47712e-20)
(0.908778 -0.0411644 -1.33275e-21)
(0.897992 -0.0465878 1.41411e-21)
(0.886489 -0.0526643 -3.06137e-21)
(0.87429 -0.059432 -9.59423e-21)
(0.861331 -0.0670168 9.98818e-21)
(0.847669 -0.0754451 -2.65977e-21)
(0.952734 -0.0200823 1.05119e-21)
(0.945127 -0.0230053 1.49196e-20)
(0.936909 -0.0262644 -9.67914e-21)
(0.928047 -0.0299111 2.9533e-21)
(0.918534 -0.0339793 9.32456e-22)
(0.908332 -0.0385363 1.41194e-22)
(0.897439 -0.0436192 -8.92787e-22)
(0.885806 -0.0493164 3.0556e-21)
(0.873447 -0.0556651 1.70181e-22)
(0.860297 -0.0627835 1.50783e-20)
(0.846401 -0.0706999 -3.21463e-21)
(0.831656 -0.0795813 -4.70932e-21)
(0.9526 -0.0187043 -5.94131e-21)
(0.944958 -0.0214275 -4.03e-21)
(0.936695 -0.024464 9.3967e-21)
(0.927779 -0.0278623 -1.17718e-20)
(0.918199 -0.0316542 -4.13202e-21)
(0.907916 -0.0359028 -5.13939e-21)
(0.896922 -0.0406434 1.41073e-20)
(0.885168 -0.0459587 -1.28305e-20)
(0.87266 -0.051885 7.3e-21)
(0.859331 -0.0585326 -1.92719e-20)
(0.845215 -0.0659307 -1.60571e-20)
(0.830209 -0.074235 4.23141e-22)
(0.952476 -0.0173249 3.92902e-21)
(0.9448 -0.0198478 -5.71641e-21)
(0.936496 -0.0226614 4.51749e-22)
(0.92753 -0.0258106 6.84216e-21)
(0.917888 -0.0293254 -2.60501e-21)
(0.907529 -0.0332644 1.21965e-21)
(0.896442 -0.0376609 2.55669e-21)
(0.884575 -0.042592 -1.73392e-21)
(0.871928 -0.0480926 9.6703e-21)
(0.858432 -0.0542651 2.61107e-21)
(0.844111 -0.0611391 8.23974e-21)
(0.828862 -0.0688588 -5.80053e-21)
(0.952361 -0.0159442 -5.89537e-21)
(0.944655 -0.0182665 1.30648e-20)
(0.936313 -0.0208567 -3.44106e-21)
(0.9273 -0.0237563 3.60398e-21)
(0.917601 -0.026993 -1.10688e-22)
(0.907172 -0.0306212 5.24156e-21)
(0.895998 -0.0346722 -2.89983e-21)
(0.884027 -0.0392169 4.43623e-21)
(0.871251 -0.0442888 -2.01218e-20)
(0.857601 -0.0499822 1.41556e-20)
(0.843091 -0.0563266 -4.21542e-21)
(0.827617 -0.0634547 -3.05713e-21)
(0.952256 -0.0145622 -1.19326e-21)
(0.944521 -0.0166837 -2.00778e-21)
(0.936144 -0.01905 -2.33083e-21)
(0.927089 -0.0216995 -5.74385e-22)
(0.917337 -0.0246574 2.93624e-21)
(0.906844 -0.0279738 2.75535e-21)
(0.895591 -0.0316776 -3.174e-21)
(0.883524 -0.0358339 6.18268e-21)
(0.87063 -0.0404743 -6.63202e-22)
(0.856838 -0.045685 -8.59597e-21)
(0.842155 -0.0514948 -1.49405e-20)
(0.826474 -0.0580249 2.98822e-20)
(0.95216 -0.0131792 8.20784e-21)
(0.9444 -0.0150995 -7.44672e-21)
(0.935992 -0.0172417 1.60318e-21)
(0.926898 -0.0196404 -1.14826e-21)
(0.917097 -0.0223189 -2.72522e-21)
(0.906546 -0.0253224 -2.42542e-21)
(0.89522 -0.0286777 -3.82014e-21)
(0.883066 -0.0324438 3.14227e-21)
(0.870065 -0.0366501 4.13991e-22)
(0.856144 -0.0413748 5.17694e-21)
(0.841302 -0.0466453 3.6145e-22)
(0.825433 -0.0525715 -9.46135e-21)
(0.952074 -0.0117951 -5.85046e-22)
(0.944291 -0.0135141 8.40221e-21)
(0.935854 -0.0154317 1.67493e-21)
(0.926725 -0.0175792 -5.38043e-21)
(0.916881 -0.0199776 3.87178e-21)
(0.906277 -0.0226674 -8.50201e-22)
(0.894887 -0.025673 4.42767e-22)
(0.882653 -0.0290472 -2.51283e-21)
(0.869556 -0.032817 -5.76603e-21)
(0.855518 -0.0370526 -1.16501e-21)
(0.840534 -0.0417797 9.24023e-21)
(0.824494 -0.0470967 -1.11142e-20)
(0.951998 -0.0104101 5.99589e-21)
(0.944194 -0.0119275 -4.03195e-21)
(0.935731 -0.0136202 6.11943e-22)
(0.926572 -0.0155162 2.4434e-21)
(0.916689 -0.0176338 5.57955e-22)
(0.906038 -0.0200092 2.09413e-21)
(0.89459 -0.0226638 -6.26597e-21)
(0.882287 -0.0256447 2.81389e-22)
(0.869102 -0.028976 1.21107e-20)
(0.854961 -0.0327198 1.90014e-21)
(0.83985 -0.0368997 -7.88106e-21)
(0.823659 -0.0416026 3.23768e-21)
(0.951931 -0.00902436 -1.61998e-21)
(0.944109 -0.0103399 -1.1275e-21)
(0.935624 -0.0118075 2.45743e-21)
(0.926437 -0.0134515 -4.03667e-21)
(0.916521 -0.0152879 -1.70868e-22)
(0.905829 -0.017348 2.1418e-21)
(0.89433 -0.0196508 -4.49232e-21)
(0.881965 -0.022237 -8.61946e-22)
(0.868706 -0.025128 2.61008e-21)
(0.854474 -0.0283775 4.31035e-22)
(0.839251 -0.0320069 -2.24995e-21)
(0.822927 -0.0360914 -3.51617e-21)
(0.951874 -0.0076379 -2.16875e-21)
(0.944037 -0.00875138 -4.4805e-22)
(0.935532 -0.00999373 -3.62379e-21)
(0.926322 -0.0113854 2.05292e-21)
(0.916377 -0.0129401 6.67585e-22)
(0.90565 -0.0146844 -8.77428e-22)
(0.894107 -0.0166345 -3.09086e-21)
(0.88169 -0.0188247 6.66475e-21)
(0.868365 -0.0212738 -1.97543e-21)
(0.854056 -0.024027 -2.9579e-21)
(0.838737 -0.027103 -3.78247e-21)
(0.822299 -0.0305655 5.67869e-21)
(0.951826 -0.00625084 2.61915e-21)
(0.943976 -0.00716216 -7.3633e-22)
(0.935456 -0.00817898 -3.45848e-23)
(0.926226 -0.00931807 3.87761e-21)
(0.916257 -0.0105907 -1.97741e-21)
(0.9055 -0.0120186 2.02777e-21)
(0.893921 -0.0136152 7.67382e-22)
(0.88146 -0.0154087 -5.36106e-22)
(0.868082 -0.0174144 3.95629e-21)
(0.853707 -0.0196696 -6.03993e-21)
(0.838308 -0.0221897 -1.41967e-21)
(0.821775 -0.025027 4.83703e-21)
(0.951788 -0.00486331 -9.11638e-22)
(0.943928 -0.00557233 -2.26985e-22)
(0.935395 -0.00636346 1.81278e-21)
(0.926149 -0.00724974 -2.39339e-21)
(0.916161 -0.00824 1.85565e-21)
(0.90538 -0.00935115 -4.48861e-21)
(0.893773 -0.0105937 3.83034e-21)
(0.881276 -0.0119895 -2.16443e-21)
(0.867855 -0.0135507 1.74066e-21)
(0.853428 -0.0153064 -2.39132e-21)
(0.837965 -0.0172687 4.65366e-21)
(0.821356 -0.0194782 5.08427e-22)
(0.951759 -0.0034754 -1.32531e-22)
(0.943891 -0.00398203 9.66441e-22)
(0.935349 -0.00454733 -9.64874e-22)
(0.926091 -0.00518064 2.4113e-21)
(0.916089 -0.00588826 -2.70153e-21)
(0.90529 -0.00668229 4.31671e-23)
(0.893661 -0.00757026 -1.50792e-21)
(0.881138 -0.00856785 9.64458e-23)
(0.867684 -0.00968377 3.11328e-21)
(0.853218 -0.0109387 9.988e-22)
(0.837707 -0.0123416 -5.15324e-21)
(0.821041 -0.0139214 2.23372e-21)
(0.95174 -0.00208722 -5.76334e-22)
(0.943867 -0.0023914 6.60513e-23)
(0.935318 -0.00273077 -8.84928e-22)
(0.926053 -0.00311097 8.04846e-22)
(0.91604 -0.00353578 -6.34255e-22)
(0.905231 -0.00401246 -1.55653e-21)
(0.893587 -0.00454555 8.42356e-22)
(0.881046 -0.00514444 2.79126e-22)
(0.86757 -0.00581441 4.26834e-22)
(0.853078 -0.00656788 -4.48345e-22)
(0.837536 -0.00741022 -1.01705e-21)
(0.820832 -0.00835886 -7.30887e-22)
(0.95173 -0.00069888 2.32387e-22)
(0.943855 -0.000800549 -1.2455e-22)
(0.935302 -0.000913955 -4.99399e-23)
(0.926034 -0.00104097 6.87376e-22)
(0.916016 -0.00118286 5.2084e-22)
(0.905201 -0.00134204 -7.32723e-23)
(0.893549 -0.00152004 1.82982e-22)
(0.881 -0.00171998 1.79076e-22)
(0.867513 -0.00194363 -7.21635e-22)
(0.853008 -0.00219512 -3.98674e-22)
(0.83745 -0.00247626 2.87873e-22)
(0.820726 -0.00279286 -7.62596e-22)
(1.02216 -0.00137183 0)
(1.02561 -0.00148259 0)
(1.02914 -0.00158855 0)
(1.03274 -0.00168944 0)
(1.03638 -0.00178487 0)
(1.04003 -0.00187476 0)
(1.04368 -0.0019588 0)
(1.04731 -0.00203717 0)
(1.05089 -0.00210958 0)
(1.05443 -0.00217654 0)
(1.02213 -0.00408316 0)
(1.02557 -0.00441324 0)
(1.02911 -0.00472912 0)
(1.03271 -0.00502993 0)
(1.03635 -0.00531453 0)
(1.04001 -0.00558265 0)
(1.04366 -0.0058334 0)
(1.04729 -0.00606725 0)
(1.05088 -0.00628336 0)
(1.05443 -0.00648321 0)
(1.02207 -0.00673005 0)
(1.02551 -0.00727548 0)
(1.02905 -0.00779765 0)
(1.03265 -0.00829514 0)
(1.0363 -0.00876603 0)
(1.03996 -0.00920981 0)
(1.04362 -0.009625 0)
(1.04726 -0.0100123 0)
(1.05086 -0.0103704 0)
(1.05442 -0.0107016 0)
(1.02198 -0.00931302 0)
(1.02542 -0.0100705 0)
(1.02896 -0.0107962 0)
(1.03256 -0.011488 0)
(1.03621 -0.0121432 0)
(1.03989 -0.0127611 0)
(1.04356 -0.0133394 0)
(1.04721 -0.0138792 0)
(1.05083 -0.0143784 0)
(1.0544 -0.0148404 0)
(1.02186 -0.0118326 0)
(1.0253 -0.0127995 0)
(1.02884 -0.0137267 0)
(1.03245 -0.0146112 0)
(1.0361 -0.0154496 0)
(1.03979 -0.0162408 0)
(1.04347 -0.0169818 0)
(1.04714 -0.0176739 0)
(1.05078 -0.0183143 0)
(1.05438 -0.0189073 0)
(1.02171 -0.014289 0)
(1.02514 -0.0154633 0)
(1.02868 -0.0165904 0)
(1.03229 -0.0176668 0)
(1.03596 -0.018688 0)
(1.03965 -0.0196524 0)
(1.04336 -0.0205565 0)
(1.04705 -0.0214016 0)
(1.05071 -0.0221841 0)
(1.05433 -0.0229091 0)
(1.02153 -0.0166823 0)
(1.02495 -0.0180625 0)
(1.02849 -0.0193886 0)
(1.03211 -0.0206565 0)
(1.03578 -0.0218606 0)
(1.03949 -0.0229991 0)
(1.04321 -0.0240673 0)
(1.04693 -0.0250666 0)
(1.05062 -0.0259928 0)
(1.05427 -0.0268515 0)
(1.02131 -0.0190125 0)
(1.02473 -0.0205972 0)
(1.02826 -0.0221219 0)
(1.03188 -0.0235815 0)
(1.03557 -0.0249694 0)
(1.03929 -0.0262831 0)
(1.04303 -0.0275171 0)
(1.04677 -0.0286728 0)
(1.05049 -0.0297448 0)
(1.05418 -0.0307396 0)
(1.02107 -0.0212792 0)
(1.02447 -0.0230675 0)
(1.028 -0.0247906 0)
(1.03162 -0.0264427 0)
(1.03531 -0.0280156 0)
(1.03905 -0.0295065 0)
(1.04281 -0.0309086 0)
(1.04658 -0.0322232 0)
(1.05033 -0.0334438 0)
(1.05406 -0.0345778 0)
(1.02078 -0.0234818 0)
(1.02417 -0.0254731 0)
(1.02769 -0.027395 0)
(1.03131 -0.0292404 0)
(1.03501 -0.0310002 0)
(1.03876 -0.0326705 0)
(1.04254 -0.0342435 0)
(1.04634 -0.0357202 0)
(1.05013 -0.0370929 0)
(1.0539 -0.0383696 0)
(1.02046 -0.0256198 0)
(1.02383 -0.0278136 0)
(1.02733 -0.0299346 0)
(1.03095 -0.0319748 0)
(1.03465 -0.0339235 0)
(1.03842 -0.035776 0)
(1.04223 -0.0375232 0)
(1.04605 -0.0391657 0)
(1.04988 -0.0406944 0)
(1.05369 -0.0421179 0)
(1.0201 -0.0276921 0)
(1.02344 -0.0300881 0)
(1.02693 -0.032409 0)
(1.03054 -0.0346455 0)
(1.03425 -0.0367855 0)
(1.03803 -0.0388235 0)
(1.04186 -0.0407484 0)
(1.04571 -0.0425609 0)
(1.04958 -0.0442501 0)
(1.05343 -0.0458251 0)
(1.01969 -0.0296979 0)
(1.02301 -0.0322957 0)
(1.02648 -0.0348172 0)
(1.03008 -0.037252 0)
(1.03379 -0.039586 0)
(1.03758 -0.0418128 0)
(1.04142 -0.0439197 0)
(1.04531 -0.0459067 0)
(1.04921 -0.0477613 0)
(1.05311 -0.049493 0)
(1.01925 -0.0316359 0)
(1.02253 -0.0344353 0)
(1.02598 -0.0371583 0)
(1.02956 -0.0397932 0)
(1.03326 -0.0423241 0)
(1.03706 -0.0447435 0)
(1.04093 -0.0470368 0)
(1.04484 -0.0492034 0)
(1.04878 -0.0512288 0)
(1.05273 -0.0531228 0)
(1.01876 -0.0335049 0)
(1.022 -0.0365055 0)
(1.02542 -0.0394309 0)
(1.02898 -0.0422679 0)
(1.03268 -0.0449988 0)
(1.03648 -0.0476148 0)
(1.04036 -0.0500993 0)
(1.0443 -0.0524508 0)
(1.04828 -0.0546528 0)
(1.05227 -0.0567152 0)
(1.01822 -0.0353034 0)
(1.02142 -0.0385049 0)
(1.0248 -0.0416335 0)
(1.02834 -0.0446747 0)
(1.03202 -0.0476088 0)
(1.03582 -0.0504255 0)
(1.03972 -0.0531061 0)
(1.04368 -0.0556483 0)
(1.0477 -0.0580331 0)
(1.05174 -0.0602706 0)
(1.01764 -0.0370302 0)
(1.02079 -0.040432 0)
(1.02412 -0.0437645 0)
(1.02763 -0.047012 0)
(1.0313 -0.0501524 0)
(1.03509 -0.0531741 0)
(1.039 -0.0560561 0)
(1.04298 -0.058795 0)
(1.04703 -0.0613691 0)
(1.05112 -0.0637887 0)
(1.01701 -0.0386837 0)
(1.0201 -0.042285 0)
(1.02339 -0.0458221 0)
(1.02686 -0.0492777 0)
(1.0305 -0.0526277 0)
(1.03428 -0.0558588 0)
(1.03819 -0.0589475 0)
(1.0422 -0.0618893 0)
(1.04628 -0.0646597 0)
(1.05041 -0.0672688 0)
(1.01634 -0.0402626 0)
(1.01936 -0.0440624 0)
(1.02259 -0.0478044 0)
(1.02602 -0.0514699 0)
(1.02963 -0.0550325 0)
(1.03339 -0.0584775 0)
(1.0373 -0.0617784 0)
(1.04132 -0.0649296 0)
(1.04543 -0.0679036 0)
(1.04961 -0.07071 0)
(1.01562 -0.0417653 0)
(1.01856 -0.0457622 0)
(1.02172 -0.0497093 0)
(1.0251 -0.0535864 0)
(1.02867 -0.0573647 0)
(1.03242 -0.0610278 0)
(1.03632 -0.0645465 0)
(1.04035 -0.0679138 0)
(1.04448 -0.0710987 0)
(1.0487 -0.0741108 0)
(1.01485 -0.0431905 0)
(1.01771 -0.047383 0)
(1.0208 -0.0515349 0)
(1.02412 -0.0556248 0)
(1.02764 -0.0596216 0)
(1.03136 -0.0635072 0)
(1.03524 -0.0672493 0)
(1.03928 -0.0708394 0)
(1.04343 -0.074243 0)
(1.04769 -0.0774692 0)
(1.01403 -0.0445369 0)
(1.0168 -0.0489228 0)
(1.01981 -0.0532792 0)
(1.02306 -0.0575829 0)
(1.02653 -0.0618008 0)
(1.0302 -0.0659129 0)
(1.03407 -0.0698839 0)
(1.0381 -0.0737037 0)
(1.04227 -0.0773339 0)
(1.04656 -0.0807831 0)
(1.01317 -0.0458032 0)
(1.01583 -0.0503802 0)
(1.01876 -0.0549399 0)
(1.02192 -0.0594582 0)
(1.02533 -0.0638995 0)
(1.02896 -0.068242 0)
(1.0328 -0.0724474 0)
(1.03682 -0.0765036 0)
(1.041 -0.0803686 0)
(1.04531 -0.0840498 0)
(1.01226 -0.0469883 0)
(1.01482 -0.0517535 0)
(1.01764 -0.0565152 0)
(1.02072 -0.0612483 0)
(1.02405 -0.0659148 0)
(1.02763 -0.0704914 0)
(1.03142 -0.0749364 0)
(1.03543 -0.0792359 0)
(1.03961 -0.0833437 0)
(1.04394 -0.0872663 0)
(1.01131 -0.0480913 0)
(1.01375 -0.0530413 0)
(1.01646 -0.0580032 0)
(1.01944 -0.0629508 0)
(1.02269 -0.0678441 0)
(1.0262 -0.072658 0)
(1.02995 -0.0773475 0)
(1.03392 -0.081897 0)
(1.0381 -0.0862558 0)
(1.04245 -0.0904294 0)
(1.01032 -0.0491113 0)
(1.01263 -0.0542422 0)
(1.01522 -0.0594018 0)
(1.01809 -0.0645632 0)
(1.02125 -0.0696843 0)
(1.02468 -0.0747384 0)
(1.02837 -0.0796772 0)
(1.03231 -0.0844833 0)
(1.03647 -0.0891012 0)
(1.04083 -0.0935353 0)
(1.00929 -0.0500475 0)
(1.01146 -0.055355 0)
(1.01392 -0.0607095 0)
(1.01667 -0.0660834 0)
(1.01972 -0.0714327 0)
(1.02306 -0.0767294 0)
(1.02669 -0.0819219 0)
(1.03058 -0.0869906 0)
(1.03471 -0.0918758 0)
(1.03908 -0.0965801 0)
(1.00822 -0.0508997 0)
(1.01024 -0.0563788 0)
(1.01256 -0.0619246 0)
(1.01519 -0.067509 0)
(1.01812 -0.0730866 0)
(1.02136 -0.0786277 0)
(1.0249 -0.0840776 0)
(1.02873 -0.0894151 0)
(1.03284 -0.0945752 0)
(1.03719 -0.0995595 0)
(1.00711 -0.0516673 0)
(1.00898 -0.0573128 0)
(1.01115 -0.0630457 0)
(1.01363 -0.0688381 0)
(1.01644 -0.0746431 0)
(1.01956 -0.0804299 0)
(1.02301 -0.0861407 0)
(1.02677 -0.0917523 0)
(1.03083 -0.097195 0)
(1.03516 -0.102469 0)
(1.00597 -0.0523505 0)
(1.00768 -0.0581562 0)
(1.00969 -0.0640716 0)
(1.01201 -0.0700688 0)
(1.01468 -0.0760997 0)
(1.01768 -0.0821327 0)
(1.02102 -0.0881071 0)
(1.0247 -0.0939979 0)
(1.0287 -0.0997306 0)
(1.03299 -0.105303 0)
(1.00481 -0.0529492 0)
(1.00634 -0.0589087 0)
(1.00817 -0.0650012 0)
(1.01034 -0.0711992 0)
(1.01284 -0.077454 0)
(1.01571 -0.0837331 0)
(1.01893 -0.0899732 0)
(1.02251 -0.0961475 0)
(1.02643 -0.102177 0)
(1.03069 -0.108058 0)
(1.00361 -0.0534639 0)
(1.00496 -0.0595701 0)
(1.00661 -0.0658338 0)
(1.0086 -0.072228 0)
(1.01094 -0.0787037 0)
(1.01365 -0.0852279 0)
(1.01674 -0.091735 0)
(1.02021 -0.0981966 0)
(1.02405 -0.104529 0)
(1.02824 -0.110727 0)
(1.00239 -0.0538952 0)
(1.00355 -0.0601405 0)
(1.00501 -0.0665687 0)
(1.00681 -0.0731537 0)
(1.00897 -0.0798467 0)
(1.01151 -0.0866141 0)
(1.01446 -0.0933888 0)
(1.01779 -0.100141 0)
(1.02153 -0.106782 0)
(1.02565 -0.113305 0)
(1.00115 -0.0542438 0)
(1.00211 -0.0606202 0)
(1.00337 -0.0672057 0)
(1.00497 -0.0739754 0)
(1.00694 -0.0808811 0)
(1.0093 -0.0878892 0)
(1.01208 -0.094931 0)
(1.01527 -0.101975 0)
(1.0189 -0.10893 0)
(1.02293 -0.115787 0)
(0.99989 -0.0545107 0)
(1.00064 -0.0610097 0)
(1.00169 -0.0677448 0)
(1.00308 -0.0746923 0)
(1.00485 -0.0818053 0)
(1.00702 -0.0890504 0)
(1.00961 -0.0963582 0)
(1.01265 -0.103696 0)
(1.01614 -0.110969 0)
(1.02006 -0.118165 0)
(0.998616 -0.0546973 0)
(0.999152 -0.06131 0)
(0.999985 -0.0681861 0)
(1.00115 -0.0753039 0)
(1.0027 -0.082618 0)
(1.00466 -0.0900956 0)
(1.00706 -0.0976671 0)
(1.00992 -0.105299 0)
(1.01326 -0.112893 0)
(1.01706 -0.120436 0)
(0.99733 -0.0548049 0)
(0.997646 -0.061522 0)
(0.998252 -0.0685303 0)
(0.999189 -0.0758101 0)
(1.00051 -0.0833182 0)
(1.00224 -0.0910228 0)
(1.00443 -0.0988546 0)
(1.0071 -0.10678 0)
(1.01026 -0.114697 0)
(1.01392 -0.122591 0)
(0.996036 -0.0548353 0)
(0.996126 -0.061647 0)
(0.996496 -0.068778 0)
(0.997191 -0.0762108 0)
(0.998269 -0.0839051 0)
(0.999764 -0.0918302 0)
(1.00173 -0.0999179 0)
(1.00418 -0.108134 0)
(1.00716 -0.116376 0)
(1.01065 -0.124626 0)
(0.994737 -0.0547903 0)
(0.994594 -0.0616866 0)
(0.994722 -0.0689303 0)
(0.995166 -0.0765066 0)
(0.99599 -0.0843783 0)
(0.997233 -0.0925164 0)
(0.998953 -0.100855 0)
(1.00117 -0.109358 0)
(1.00394 -0.117925 0)
(1.00726 -0.126535 0)
(0.993436 -0.0546719 0)
(0.993056 -0.0616426 0)
(0.992934 -0.0689887 0)
(0.993119 -0.0766981 0)
(0.993678 -0.0847378 0)
(0.994655 -0.0930803 0)
(0.996116 -0.101662 0)
(0.998087 -0.11045 0)
(1.00063 -0.119339 0)
(1.00374 -0.12831 0)
(0.992137 -0.0544824 0)
(0.991515 -0.0615171 0)
(0.991137 -0.0689547 0)
(0.991054 -0.0767866 0)
(0.991338 -0.0849838 0)
(0.992036 -0.0935214 0)
(0.993222 -0.10234 0)
(0.994925 -0.111404 0)
(0.99722 -0.120614 0)
(1.0001 -0.129947 0)
(0.990841 -0.0542242 0)
(0.989975 -0.0613121 0)
(0.989336 -0.0688303 0)
(0.988977 -0.0767732 0)
(0.988976 -0.0851171 0)
(0.989381 -0.0938394 0)
(0.990277 -0.102885 0)
(0.991694 -0.11222 0)
(0.99372 -0.121746 0)
(0.996352 -0.131439 0)
(0.989553 -0.0538998 0)
(0.988439 -0.0610303 0)
(0.987534 -0.0686175 0)
(0.986892 -0.0766598 0)
(0.986597 -0.0851385 0)
(0.986698 -0.0940343 0)
(0.987288 -0.103297 0)
(0.988402 -0.112894 0)
(0.990139 -0.122731 0)
(0.992497 -0.132782 0)
(0.988275 -0.0535119 0)
(0.98691 -0.0606741 0)
(0.985736 -0.0683187 0)
(0.984805 -0.0764483 0)
(0.984207 -0.0850496 0)
(0.983992 -0.0941067 0)
(0.984263 -0.103575 0)
(0.985056 -0.113425 0)
(0.986483 -0.123566 0)
(0.988544 -0.13397 0)
(0.987009 -0.0530632 0)
(0.985393 -0.0602463 0)
(0.983946 -0.0679366 0)
(0.98272 -0.076141 0)
(0.981812 -0.0848519 0)
(0.981271 -0.0940577 0)
(0.981209 -0.10372 0)
(0.981663 -0.113811 0)
(0.982761 -0.124247 0)
(0.984502 -0.134999 0)
(0.985759 -0.0525566 0)
(0.983891 -0.0597498 0)
(0.982168 -0.067474 0)
(0.980644 -0.0757406 0)
(0.979418 -0.0845477 0)
(0.978541 -0.0938885 0)
(0.978134 -0.103731 0)
(0.978233 -0.114051 0)
(0.978982 -0.124772 0)
(0.980378 -0.135865 0)
(0.984526 -0.051995 0)
(0.982405 -0.0591878 0)
(0.980406 -0.066934 0)
(0.97858 -0.0752498 0)
(0.97703 -0.0841395 0)
(0.97581 -0.0936011 0)
(0.975045 -0.10361 0)
(0.974775 -0.114146 0)
(0.975156 -0.12514 0)
(0.976185 -0.136564 0)
(0.983314 -0.0513815 0)
(0.980941 -0.0585634 0)
(0.978664 -0.0663198 0)
(0.976533 -0.0746718 0)
(0.974656 -0.0836299 0)
(0.973084 -0.0931977 0)
(0.971952 -0.103358 0)
(0.971298 -0.114096 0)
(0.971293 -0.12535 0)
(0.971932 -0.137093 0)
(0.982124 -0.0507193 0)
(0.979501 -0.05788 0)
(0.976946 -0.0656347 0)
(0.97451 -0.0740101 0)
(0.972302 -0.0830223 0)
(0.970372 -0.0926812 0)
(0.968863 -0.102977 0)
(0.967812 -0.113901 0)
(0.967404 -0.1254 0)
(0.967633 -0.13745 0)
(0.980959 -0.0500114 0)
(0.978087 -0.0571409 0)
(0.975256 -0.0648825 0)
(0.972514 -0.0732682 0)
(0.969973 -0.0823202 0)
(0.967681 -0.0920548 0)
(0.965787 -0.10247 0)
(0.964328 -0.113563 0)
(0.963503 -0.125291 0)
(0.963301 -0.137634 0)
(0.97982 -0.0492611 0)
(0.976704 -0.0563497 0)
(0.973599 -0.0640669 0)
(0.970552 -0.0724502 0)
(0.967676 -0.0815274 0)
(0.965019 -0.0913221 0)
(0.962735 -0.10184 0)
(0.960859 -0.113085 0)
(0.959601 -0.125024 0)
(0.958951 -0.137644 0)
(0.978712 -0.0484716 0)
(0.975354 -0.0555099 0)
(0.971978 -0.0631919 0)
(0.96863 -0.0715601 0)
(0.965419 -0.0806483 0)
(0.962396 -0.0904872 0)
(0.959717 -0.10109 0)
(0.957416 -0.112469 0)
(0.955714 -0.124601 0)
(0.954598 -0.137481 0)
(0.977636 -0.0476462 0)
(0.974042 -0.0546254 0)
(0.9704 -0.0622614 0)
(0.966752 -0.0706023 0)
(0.96321 -0.0796873 0)
(0.959821 -0.0895546 0)
(0.956743 -0.100224 0)
(0.954013 -0.111719 0)
(0.951855 -0.124025 0)
(0.950259 -0.137145 0)
(0.976595 -0.0467884 0)
(0.972772 -0.0536999 0)
(0.968868 -0.0612799 0)
(0.964927 -0.0695816 0)
(0.961056 -0.0786494 0)
(0.957304 -0.0885294 0)
(0.953826 -0.0992489 0)
(0.950662 -0.11084 0)
(0.94804 -0.123299 0)
(0.945951 -0.136639 0)
(0.975595 -0.0459018 0)
(0.971548 -0.0527378 0)
(0.967389 -0.0602521 0)
(0.963161 -0.0685031 0)
(0.958966 -0.0775404 0)
(0.954854 -0.0874175 0)
(0.950978 -0.0981689 0)
(0.947379 -0.109837 0)
(0.944284 -0.122427 0)
(0.941692 -0.135965 0)
(0.974638 -0.0449899 0)
(0.970376 -0.0517427 0)
(0.965971 -0.0591822 0)
(0.961462 -0.0673712 0)
(0.956951 -0.0763648 0)
(0.952484 -0.0862232 0)
(0.948212 -0.0969884 0)
(0.944177 -0.108713 0)
(0.940603 -0.121411 0)
(0.937497 -0.135123 0)
(0.97373 -0.0440531 0)
(0.969262 -0.0507152 0)
(0.964619 -0.0580704 0)
(0.959839 -0.0661861 0)
(0.955019 -0.075122 0)
(0.950205 -0.0849453 0)
(0.945539 -0.0957051 0)
(0.94107 -0.107464 0)
(0.937013 -0.120245 0)
(0.933383 -0.134103 0)
(0.972878 -0.043091 0)
(0.968213 -0.0496548 0)
(0.963343 -0.0569167 0)
(0.958302 -0.0649481 0)
(0.953182 -0.0738134 0)
(0.948027 -0.0835868 0)
(0.942974 -0.0943245 0)
(0.938072 -0.106099 0)
(0.933527 -0.118943 0)
(0.929364 -0.132925 0)
(0.972088 -0.0421252 0)
(0.967239 -0.0485884 0)
(0.962152 -0.0557541 0)
(0.956861 -0.0636977 0)
(0.95145 -0.0724888 0)
(0.945963 -0.0822078 0)
(0.940527 -0.0929187 0)
(0.935192 -0.104704 0)
(0.930154 -0.117607 0)
(0.925446 -0.131709 0)
(0.971368 -0.041227 0)
(0.966345 -0.0475999 0)
(0.961053 -0.0546792 0)
(0.955522 -0.0625435 0)
(0.94983 -0.0712664 0)
(0.944016 -0.0809333 0)
(0.9382 -0.0916145 0)
(0.932431 -0.103399 0)
(0.926891 -0.116341 0)
(0.921621 -0.13053 0)
)
;

boundaryField
{
    inlet
    {
        type            uniformFixedValue;
        uniformValue    constant (1 0 0);
        value           nonuniform 0();
    }
    outlet
    {
        type            pressureInletOutletVelocity;
        value           nonuniform 0();
    }
    cylinder
    {
        type            fixedValue;
        value           nonuniform 0();
    }
    top
    {
        type            symmetryPlane;
    }
    bottom
    {
        type            symmetryPlane;
    }
    defaultFaces
    {
        type            empty;
    }
    procBoundary1to0
    {
        type            processor;
        value           nonuniform List<vector> 
102
(
(0.975648 -0.034841 -2.48954e-21)
(0.970435 -0.0395287 9.22024e-21)
(0.970435 -0.0395287 9.22024e-21)
(0.970085 -0.0385056 -2.92483e-21)
(0.969771 -0.0375137 -9.49347e-22)
(0.969484 -0.0365268 -6.72554e-22)
(0.969221 -0.0355331 1.05168e-20)
(0.968977 -0.0345343 3.92949e-21)
(0.968749 -0.0335321 5.80435e-21)
(0.968536 -0.0325269 -3.56608e-21)
(0.968334 -0.0315189 3.70758e-21)
(0.968143 -0.0305082 4.42082e-22)
(0.967961 -0.029495 1.60815e-21)
(0.967788 -0.0284794 1.08485e-20)
(0.967624 -0.0274617 -4.99796e-21)
(0.967466 -0.0264419 -5.88531e-21)
(0.967316 -0.0254202 -1.54404e-20)
(0.967173 -0.0243965 1.15541e-21)
(0.967037 -0.0233711 -1.68399e-21)
(0.966907 -0.022344 -4.20103e-21)
(0.966783 -0.0213153 2.52611e-21)
(0.966665 -0.0202851 7.0956e-21)
(0.960235 -0.0222466 8.10227e-21)
(0.960235 -0.0222466 8.10227e-21)
(0.9601 -0.0210534 9.06147e-21)
(0.959972 -0.0198588 1.18597e-21)
(0.959852 -0.0186626 -1.1581e-20)
(0.95974 -0.0174652 1.34809e-20)
(0.959635 -0.0162664 -5.09217e-21)
(0.959537 -0.0150665 1.62429e-21)
(0.959448 -0.0138655 7.99051e-21)
(0.959365 -0.0126635 -4.77184e-21)
(0.959291 -0.0114606 3.82904e-21)
(0.959223 -0.0102569 6.42473e-21)
(0.959164 -0.00905242 -8.99977e-22)
(0.959111 -0.0078473 1.85684e-21)
(0.959067 -0.00664163 -2.86101e-21)
(0.959029 -0.00543548 1.25291e-21)
(0.958999 -0.00422895 1.23546e-22)
(0.958977 -0.00302212 1.74958e-23)
(0.958962 -0.00181507 1.05343e-21)
(0.958955 -0.000607885 -2.21754e-22)
(1.01883 -0.00125673 0)
(1.0188 -0.00374024 0)
(1.01874 -0.00616369 0)
(1.01866 -0.00852694 0)
(1.01854 -0.01083 0)
(1.0184 -0.0130726 0)
(1.01824 -0.0152546 0)
(1.01804 -0.0173754 0)
(1.01781 -0.0194345 0)
(1.01755 -0.0214313 0)
(1.01725 -0.0233648 0)
(1.01692 -0.0252342 0)
(1.01655 -0.0270384 0)
(1.01615 -0.0287762 0)
(1.01571 -0.0304467 0)
(1.01523 -0.0320484 0)
(1.01471 -0.0335802 0)
(1.01415 -0.0350409 0)
(1.01355 -0.0364294 0)
(1.01291 -0.0377444 0)
(1.01223 -0.038985 0)
(1.01151 -0.0401501 0)
(1.01076 -0.041239 0)
(1.00997 -0.042251 0)
(1.00914 -0.0431854 0)
(1.00828 -0.044042 0)
(1.00739 -0.0448204 0)
(1.00647 -0.0455207 0)
(1.00552 -0.046143 0)
(1.00455 -0.0466877 0)
(1.00356 -0.0471553 0)
(1.00254 -0.0475466 0)
(1.00151 -0.0478625 0)
(1.00046 -0.0481043 0)
(0.999398 -0.0482732 0)
(0.998329 -0.0483709 0)
(0.997252 -0.0483989 0)
(0.996172 -0.0483593 0)
(0.995091 -0.0482539 0)
(0.994011 -0.0480851 0)
(0.992934 -0.0478551 0)
(0.991865 -0.0475664 0)
(0.990803 -0.0472214 0)
(0.989753 -0.0468227 0)
(0.988716 -0.0463731 0)
(0.987693 -0.0458752 0)
(0.986687 -0.0453319 0)
(0.9857 -0.0447458 0)
(0.984733 -0.04412 0)
(0.983788 -0.0434571 0)
(0.982866 -0.04276 0)
(0.98197 -0.0420317 0)
(0.981102 -0.041275 0)
(0.980263 -0.0404928 0)
(0.979457 -0.0396884 0)
(0.978688 -0.0388645 0)
(0.977959 -0.0380219 0)
(0.977276 -0.0371602 0)
(0.976646 -0.0362967 0)
(0.976073 -0.0354903 0)
)
;
    }
    procBoundary1to2
    {
        type            processor;
        value           nonuniform List<vector> 
104
(
(0.908532 -0.160809 3.25208e-21)
(0.916909 -0.145974 0)
(0.905084 -0.157358 2.55214e-20)
(0.901971 -0.153644 -1.98624e-20)
(0.899105 -0.150031 -1.63446e-20)
(0.896425 -0.14641 8.90501e-21)
(0.893894 -0.14274 1.79618e-20)
(0.891486 -0.139029 -4.48182e-21)
(0.891486 -0.139029 -4.48182e-21)
(0.881648 -0.151097 2.07038e-20)
(0.878974 -0.146965 3.8528e-20)
(0.876397 -0.142788 5.00114e-21)
(0.873909 -0.138567 1.06822e-20)
(0.871509 -0.134303 1.11854e-20)
(0.869192 -0.129996 4.36544e-21)
(0.866957 -0.125648 3.13062e-20)
(0.864804 -0.12126 -1.06706e-20)
(0.864804 -0.12126 -1.06706e-20)
(0.851527 -0.130962 1.53908e-20)
(0.849106 -0.126022 -9.62464e-21)
(0.846781 -0.121034 -5.30549e-21)
(0.844551 -0.115998 -1.33234e-20)
(0.842417 -0.110917 -3.18342e-20)
(0.840379 -0.105793 1.4644e-20)
(0.838438 -0.100626 5.49418e-21)
(0.836594 -0.0954201 1.46945e-20)
(0.834849 -0.0901758 -1.61491e-20)
(0.833203 -0.0848955 4.35927e-21)
(0.833203 -0.0848955 4.35927e-21)
(0.816179 -0.0894156 -2.41233e-22)
(0.814413 -0.0834392 -5.82654e-21)
(0.81277 -0.0774226 -3.27981e-21)
(0.811249 -0.0713687 -1.60347e-21)
(0.809852 -0.0652802 1.27559e-20)
(0.80858 -0.0591602 -1.86982e-20)
(0.807433 -0.0530115 -2.11962e-21)
(0.806412 -0.046837 -6.89699e-21)
(0.805517 -0.0406397 -1.16499e-21)
(0.804749 -0.0344226 -6.7251e-21)
(0.804109 -0.0281887 -1.06175e-21)
(0.803596 -0.021941 2.03469e-21)
(0.803211 -0.0156826 4.42247e-21)
(0.802954 -0.00941653 1.89715e-21)
(0.802826 -0.00314584 2.59441e-22)
(1.0579 -0.00223758 0)
(1.0579 -0.00666546 0)
(1.05791 -0.0110037 0)
(1.05791 -0.0152619 0)
(1.05791 -0.0194486 0)
(1.0579 -0.0235713 0)
(1.05787 -0.0276363 0)
(1.05782 -0.0316495 0)
(1.05774 -0.0356158 0)
(1.05762 -0.0395392 0)
(1.05746 -0.0434234 0)
(1.05726 -0.0472711 0)
(1.05699 -0.0510847 0)
(1.05666 -0.054866 0)
(1.05626 -0.0586161 0)
(1.05579 -0.0623359 0)
(1.05523 -0.0660256 0)
(1.05457 -0.0696851 0)
(1.05382 -0.0733138 0)
(1.05297 -0.0769106 0)
(1.05201 -0.0804741 0)
(1.05093 -0.0840025 0)
(1.04973 -0.0874936 0)
(1.04841 -0.0909447 0)
(1.04695 -0.0943528 0)
(1.04536 -0.0977146 0)
(1.04363 -0.101026 0)
(1.04175 -0.104284 0)
(1.03973 -0.107482 0)
(1.03757 -0.110618 0)
(1.03525 -0.113684 0)
(1.03277 -0.116677 0)
(1.03015 -0.119589 0)
(1.02737 -0.122415 0)
(1.02443 -0.125149 0)
(1.02134 -0.127784 0)
(1.0181 -0.130314 0)
(1.0147 -0.132731 0)
(1.01116 -0.135028 0)
(1.00747 -0.137199 0)
(1.00365 -0.139236 0)
(0.999682 -0.141132 0)
(0.995588 -0.142881 0)
(0.99137 -0.144475 0)
(0.987037 -0.145909 0)
(0.982597 -0.147177 0)
(0.978062 -0.148272 0)
(0.973441 -0.149191 0)
(0.968749 -0.149928 0)
(0.964 -0.15048 0)
(0.959208 -0.150845 0)
(0.95439 -0.15102 0)
(0.949564 -0.151003 0)
(0.944747 -0.150796 0)
(0.939956 -0.150397 0)
(0.93521 -0.149804 0)
(0.930524 -0.149004 0)
(0.925913 -0.148025 0)
(0.921378 -0.147005 0)
(0.916909 -0.145974 0)
)
;
    }
    procBoundary1to16
    {
        type            processor;
        value           uniform (0.958955 0.000599333 -6.90394e-23);
    }
    procBoundary1to17
    {
        type            processor;
        value           nonuniform List<vector> 
13
(
(0.95174 0.00207784 -4.36201e-22)
(0.943867 0.0023812 -4.01366e-22)
(0.935318 0.00271976 -3.53775e-22)
(0.926053 0.00309913 -7.32404e-23)
(0.91604 0.00352312 -2.48718e-22)
(0.90523 0.00399897 1.97755e-21)
(0.881 0.00170482 6.27306e-22)
(0.893586 0.00453122 -1.21169e-21)
(0.881 0.00170482 6.27306e-22)
(0.867513 0.00192762 -2.67583e-22)
(0.853008 0.00217827 9.88107e-24)
(0.83745 0.00245854 -8.35139e-22)
(0.820726 0.00277427 -5.23789e-22)
)
;
    }
}


// ************************************************************************* //
