/*--------------------------------*- C++ -*----------------------------------*\
  =========                 |
  \\      /  F ield         | OpenFOAM: The Open Source CFD Toolbox
   \\    /   O peration     | Website:  https://openfoam.org
    \\  /    A nd           | Version:  7
     \\/     M anipulation  |
\*---------------------------------------------------------------------------*/
FoamFile
{
    version     2.0;
    format      ascii;
    class       surfaceScalarField;
    location    "70";
    object      phi;
}
// * * * * * * * * * * * * * * * * * * * * * * * * * * * * * * * * * * * * * //

dimensions      [0 3 -1 0 0 0 0];

internalField   nonuniform List<scalar> 
2813
(
0.00461773
4.36504e-06
0.00456744
0.000558858
0.00449073
0.00106842
0.0043935
0.00143868
0.0042872
0.00157896
0.00418644
0.00142843
0.00410853
0.000959327
0.00407116
0.00017735
0.00408757
-0.000817957
0.00416611
-0.00184659
0.00430981
-0.00270496
0.00450407
-0.00297672
0.00469298
-0.00205821
0.00479105
0.00013193
0.00474877
0.00289339
0.00458754
0.00534837
0.00435444
0.00698918
0.00409203
0.00779559
0.00384254
0.00782348
0.00359988
0.00717892
0.00337514
0.00598731
0.00322528
0.00404108
0.00307346
0.00154841
0.00282471
-0.0014004
0.00260303
-0.00598453
0.00263383
-0.0117054
0.00303225
-0.0140562
0.00362046
-0.00992337
0.00405501
-0.00239136
0.00419526
0.00412672
0.00412848
0.00796939
0.0039676
0.00916889
0.00374602
0.00900418
0.00353854
0.00832997
0.0034103
0.00639033
0.0032531
0.00307882
0.0029951
-0.000899037
0.00279657
-0.00543654
0.00285807
-0.0090871
0.00317561
-0.00911161
0.0035487
-0.00522547
0.00379924
-0.000159325
0.00388173
0.00370826
0.00382876
0.00587148
0.00371417
0.00661108
0.00361788
0.00563218
0.00355317
0.00297
0.0034921
-0.000338376
0.00345584
-0.00293264
0.00349251
-0.00404928
0.00359163
-0.00336331
0.00368975
-0.00142826
0.00373609
0.000906013
0.00372779
0.00258454
0.00369278
0.00316191
0.00365641
0.00236806
0.00362793
0.0009282
0.00361149
-0.000440934
0.00361105
-0.00110185
0.00362305
-0.000879279
0.00363515
-0.000215529
0.00364152
0.000519662
0.00363699
0.00106204
0.000867109
0.00453665
3.01404e-05
0.0044844
0.000611108
0.00440467
0.00114814
0.00430348
0.00153987
0.00419246
0.00168998
0.00408636
0.00153454
0.00400277
0.00104291
0.00395937
0.000220751
0.00396887
-0.000827457
0.00404002
-0.00191774
0.00417786
-0.0028428
0.00437163
-0.00317049
0.00456878
-0.00225537
0.0046806
2.0116e-05
0.00465073
0.00292325
0.00449735
0.00550176
0.00426711
0.00721942
0.0040061
0.00805661
0.00375712
0.00807246
0.00351184
0.00742421
0.00328928
0.00620987
0.00313835
0.00419201
0.00296441
0.00172236
0.00269031
-0.00112629
0.00245871
-0.00575294
0.00247782
-0.0117245
0.00285547
-0.0144338
0.00343989
-0.0105078
0.00389489
-0.00284636
0.00406263
0.00395898
0.00401944
0.00801259
0.00387166
0.00931667
0.00365551
0.00922033
0.0034559
0.00852958
0.00332991
0.00651632
0.00315922
0.00324951
0.00288366
-0.000623483
0.00267199
-0.00522487
0.00272117
-0.00913629
0.003032
-0.00942244
0.00341183
-0.00560531
0.00367802
-0.000425511
0.00377534
0.00361094
0.00373255
0.00591427
0.00362607
0.00671756
0.00353555
0.0057227
0.00346863
0.00303692
0.00339653
-0.000266272
0.00334757
-0.00288368
0.0033772
-0.00407891
0.00347715
-0.00346327
0.00358137
-0.00153248
0.00363542
0.00085196
0.00363416
0.0025858
0.00360425
0.00319181
0.0035694
0.00240291
0.00353886
0.000958743
0.00351861
-0.000420689
0.00351534
-0.00109858
0.00352691
-0.000890851
0.00354035
-0.000228963
0.00354906
0.000510943
0.00354654
0.00106456
0.000874603
0.0044545
5.72825e-05
0.00440021
0.000665401
0.0043175
0.00123085
0.00421239
0.00164497
0.00409665
0.00180572
0.00398508
0.00164611
0.00389549
0.00113251
0.00384535
0.00027089
0.00384661
-0.000828719
0.0039085
-0.00197963
0.00403878
-0.00297307
0.00423104
-0.00336275
0.00443639
-0.00246072
0.00456327
-0.000106764
0.00454815
0.00293837
0.0044048
0.00564511
0.00417906
0.00744516
0.00392069
0.00831498
0.00367263
0.00832052
0.00342536
0.00767147
0.00320592
0.00642931
0.00305264
0.0043453
0.00285622
0.00191877
0.00256072
-0.000830798
0.00232389
-0.0055161
0.00233399
-0.0117346
0.00269043
-0.0147902
0.0032669
-0.0110843
0.00373803
-0.00331748
0.00393133
0.00376567
0.00391132
0.0080326
0.00377659
0.0094514
0.00356655
0.00943036
0.0033753
0.00872083
0.00325076
0.00664086
0.00306672
0.00343355
0.00277617
-0.000332933
0.00255439
-0.00500309
0.00259256
-0.00917445
0.00289549
-0.00972537
0.00327967
-0.00598948
0.0035595
-0.000705335
0.00367055
0.00349988
0.00363772
0.0059471
0.00353956
0.00681572
0.0034547
0.00580756
0.00338514
0.00310647
0.00330201
-0.000183143
0.00324082
-0.00282249
0.00326374
-0.00410183
0.00336444
-0.00356397
0.00347451
-0.00164256
0.00353615
0.000790319
0.00354192
0.00258004
0.00351707
0.00321666
0.00348362
0.00243636
0.00345092
0.000991441
0.00342688
-0.000396656
0.00342089
-0.00109258
0.00343212
-0.000902081
0.00344694
-0.00024378
0.00345801
0.000499867
0.00345747
0.0010651
0.000881244
0.00437043
8.6005e-05
0.00431407
0.000721765
0.00422846
0.00131646
0.00411959
0.00175384
0.00399923
0.00192608
0.00388214
0.00176319
0.00378624
0.00122841
0.00372866
0.000328471
0.00372033
-0.000820391
0.00377117
-0.00203047
0.00389247
-0.00309438
0.00408252
-0.0035528
0.00429602
-0.00267422
0.00443907
-0.00024981
0.00444086
0.00293658
0.00430971
0.00577625
0.00409016
0.00766472
0.00383571
0.00856943
0.00358898
0.00856725
0.00334049
0.00791995
0.00312492
0.00664488
0.00296796
0.00450226
0.00274933
0.0021374
0.00243663
-0.000518095
0.00219873
-0.00527821
0.00220197
-0.0117378
0.00253693
-0.0151252
0.00310188
-0.0116492
0.00358502
-0.00380063
0.00380184
0.00354885
0.00380436
0.00803008
0.00368248
0.00957329
0.0034792
0.00963364
0.00329669
0.00890335
0.0031728
0.00676475
0.00297581
0.00363054
0.00267286
-2.99826e-05
0.00244382
-0.00477405
0.00247216
-0.0092028
0.00276621
-0.0100194
0.00315248
-0.00637576
0.00344391
-0.000996769
0.00356753
0.00337626
0.00354437
0.00597027
0.00345468
0.00690541
0.00337529
0.00588695
0.00330271
0.00317905
0.00320868
-8.91116e-05
0.00313584
-0.00274965
0.00315242
-0.0041184
0.00325375
-0.0036653
0.00336938
-0.00175819
0.00343842
0.000721282
0.00345115
0.0025673
0.00343127
0.00323654
0.00339907
0.00246856
0.00336415
0.00102637
0.00333638
-0.000368893
0.00332779
-0.00108398
0.00333877
-0.00091306
0.003355
-0.000260017
0.00336843
0.000486444
0.00336982
0.00106371
0.000887049
0.00428345
0.000116488
0.00422507
0.000780144
0.00413679
0.00140474
0.00402443
0.00186621
0.00389963
0.00205088
0.00377707
0.00188575
0.00367464
0.00133084
0.00360894
0.000394177
0.0035897
-0.000801156
0.00362787
-0.00206864
0.0037392
-0.00320571
0.0039267
-0.00374029
0.00414826
-0.00289578
0.00430826
-0.000409809
0.00432886
0.00291599
0.00421198
0.00589313
0.00400033
0.00787636
0.00375107
0.00881869
0.0035061
0.00881222
0.00325728
0.00816878
0.00304611
0.00685604
0.00288421
0.00466416
0.00264416
0.00237745
0.00231851
-0.000192448
0.00208324
-0.00504294
0.00208126
-0.0117359
0.00239461
-0.0154386
0.00294502
-0.0121996
0.00343634
-0.00429195
0.00367456
0.00331063
0.00369876
0.00800588
0.00358944
0.00968261
0.00339352
0.00982956
0.00321996
0.00907691
0.003096
0.00688871
0.00288668
0.00383986
0.00257392
0.000282778
0.00234022
-0.00454035
0.00235982
-0.0092224
0.00264413
-0.0103037
0.00303041
-0.00676205
0.00333145
-0.00129781
0.00346642
0.00324129
0.00345261
0.00598408
0.00337145
0.00698657
0.00329729
0.00596111
0.00322133
0.00325502
0.00311663
1.55801e-05
0.00303285
-0.00266587
0.0030435
-0.00412905
0.00314534
-0.00376715
0.00326618
-0.00187903
0.00334236
0.000645102
0.00336193
0.00254773
0.00334689
0.00325158
0.0033158
0.00249966
0.00327859
0.00106358
0.00324718
-0.000337489
0.00323614
-0.00107294
0.00324695
-0.000923873
0.00326463
-0.000277695
0.00328036
0.000470709
0.00328364
0.00106043
0.00089204
0.00419249
0.000148837
0.00413228
0.000840352
0.0040417
0.00149532
0.00392625
0.00198166
0.00379734
0.00217978
0.00366946
0.00201364
0.00356036
0.00143993
0.00348589
0.000468651
0.00345453
-0.000769796
0.00347876
-0.00209287
0.00357959
-0.00330654
0.00376456
-0.00392527
0.00399408
-0.0031253
0.00417143
-0.000587161
0.00421236
0.00287505
0.0041116
0.00599389
0.00390954
0.00807842
0.0036667
0.00906153
0.00342397
0.00905495
0.00317573
0.00841703
0.00296932
0.00706244
0.00280132
0.00483217
0.00254112
0.00263765
0.00220672
0.000141948
0.00197724
-0.00481345
0.00197129
-0.0117299
0.00226302
-0.0157303
0.00279642
-0.012733
0.00329239
-0.00478791
0.00354988
0.00305314
0.00359472
0.00796104
0.00349757
0.00977976
0.00330955
0.0100176
0.00314504
0.00924142
0.00302034
0.0070134
0.00279948
0.00406072
0.00247945
0.000602817
0.00224346
-0.00430437
0.00225529
-0.00923423
0.00252914
-0.0105776
0.00291356
-0.00714646
0.00322226
-0.0016065
0.00336734
0.00309621
0.00336252
0.00598889
0.0032899
0.00705919
0.00322068
0.00603033
0.00314102
0.00333468
0.00302601
0.000130585
0.00293205
-0.00257191
0.00293722
-0.00413422
0.00303943
-0.00386935
0.00316508
-0.00200468
0.0032481
0.000562086
0.00327433
0.0025215
0.00326396
0.00326196
0.0032338
0.00252981
0.00319428
0.0011031
0.00315936
-0.000302566
0.00314602
-0.0010596
0.00315676
-0.000934607
0.00317588
-0.000296821
0.00319388
0.000452711
0.00319896
0.00105535
0.000896241
0.00409646
0.000183032
0.00403476
0.000902043
0.00394242
0.00158766
0.00382446
0.00209962
0.00369192
0.00231233
0.00355897
0.00214659
0.00344317
0.00155573
0.00335934
0.000552474
0.00331482
-0.00072527
0.00332424
-0.00210229
0.00341459
-0.0033969
0.00359744
-0.00410812
0.00383473
-0.00336258
0.0040294
-0.000781836
0.00409174
0.00281271
0.00400869
0.00607695
0.00381781
0.0082693
0.00358256
0.00929678
0.00334256
0.00929495
0.00309586
0.00866373
0.00289439
0.00726392
0.00271928
0.00500727
0.00244058
0.00291636
0.00210146
0.000481071
0.00188044
-0.00459244
0.00187142
-0.0117209
0.00214164
-0.0160005
0.00265603
-0.0132474
0.00315345
-0.00528533
0.0034281
0.00277849
0.00349241
0.00789672
0.00340699
0.00986518
0.00322732
0.0101973
0.00307185
0.00939689
0.00294583
0.00713943
0.00271438
0.00429217
0.0023895
0.000927694
0.00215336
-0.00406824
0.00215826
-0.00923913
0.00242106
-0.0108404
0.00280192
-0.00752732
0.00311642
-0.001921
0.00327039
0.00294223
0.00327419
0.0059851
0.00321006
0.00712333
0.00314542
0.00609497
0.00306181
0.00341828
0.00293694
0.000255457
0.00283364
-0.00246861
0.00283378
-0.00413436
0.0029362
-0.00397178
0.00306625
-0.00213473
0.00315575
0.000472586
0.00318841
0.00248884
0.00318249
0.00326788
0.00315312
0.00255919
0.00311127
0.00114494
0.00307298
-0.000264276
0.00305753
-0.00104415
0.00306827
-0.000945342
0.00308883
-0.000317388
0.00310903
0.000432519
0.00311584
0.00104853
0.000899678
0.00399432
0.000218888
0.00393168
0.000964681
0.0038383
0.00168104
0.00371857
0.00221935
0.00358298
0.00244792
0.00344537
0.0022842
0.00332292
0.00167818
0.00322925
0.00064614
0.00317076
-0.00066678
0.00316504
-0.00209657
0.00324546
-0.00347731
0.00342686
-0.00428952
0.00367167
-0.00360739
0.00388321
-0.000993375
0.00396752
0.0027284
0.00390342
0.00614104
0.00372519
0.00844753
0.00349861
0.00952337
0.00326186
0.0095317
0.00301768
0.00890791
0.00282114
0.00746045
0.00263813
0.00519028
0.00234287
0.00321162
0.00200279
0.000821149
0.00179243
-0.00438208
0.001781
-0.0117095
0.00202993
-0.0162494
0.00252375
-0.0137412
0.00301976
-0.00578134
0.00330949
0.00248875
0.00339199
0.00781423
0.00331779
0.00993938
0.00314689
0.0103682
0.00300033
0.00954345
0.00287247
0.00726728
0.00263149
0.00453316
0.00230409
0.0012551
0.00206969
-0.00383384
0.00206839
-0.00923783
0.00231965
-0.0110916
0.00269543
-0.0079031
0.00301398
-0.00223955
0.00317567
0.00278055
0.00318769
0.00597307
0.00313192
0.0071791
0.00307149
0.00615539
0.00298373
0.00350604
0.00284952
0.000389668
0.00273776
-0.00235685
0.00273335
-0.00412995
0.00283582
-0.00407425
0.00296982
-0.00226873
0.00306541
0.000376996
0.00310422
0.00245002
0.00310251
0.00326959
0.00307376
0.00258794
0.00302961
0.00118908
0.00298813
-0.000222793
0.00297075
-0.00102677
0.00298156
-0.000956152
0.00300355
-0.000339374
0.00302585
0.000410215
0.00303431
0.00104007
0.000902381
0.00388516
0.000256011
0.00382231
0.00102753
0.0037288
0.00177455
0.00360819
0.00233996
0.00347029
0.00258582
0.00332853
0.00242596
0.00319959
0.00180712
0.0030957
0.000750028
0.00302276
-0.000593847
0.00300214
-0.00207595
0.00307362
-0.0035488
0.00325445
-0.00447035
0.00350644
-0.00385938
0.003734
-0.00122093
0.00384034
0.00262206
0.0037961
0.00618529
0.0036318
0.00861182
0.00341486
0.00974031
0.00318189
0.00976467
0.00294116
0.00914864
0.00274945
0.00765217
0.00255793
0.00538179
0.00224826
0.00352129
0.00191071
0.0011587
0.00171273
-0.0041841
0.00169937
-0.0116961
0.00192732
-0.0164774
0.00239941
-0.0142133
0.0028915
-0.00627342
0.00319428
0.00218598
0.00329358
0.00771493
0.00323006
0.0100029
0.00306825
0.01053
0.00293039
0.00968131
0.00280029
0.00739738
0.00255091
0.00478254
0.00222315
0.00158286
0.00199215
-0.00360285
0.00198529
-0.00923096
0.0022246
-0.0113309
0.00259399
-0.00827249
0.00291496
-0.00256052
0.00308323
0.00261228
0.00310307
0.00595323
0.00305549
0.00722668
0.00299888
0.00621201
0.00290682
0.0035981
0.00276387
0.000532613
0.00264457
-0.00223755
0.00263608
-0.00412145
0.00273843
-0.0041766
0.0028759
-0.0024062
0.00297716
0.000275737
0.00302181
0.00240536
0.00302405
0.00326736
0.00299574
0.00261625
0.00294934
0.00123549
0.00290486
-0.000178317
0.00288575
-0.00100766
0.0028967
-0.000967104
0.00292007
-0.000362743
0.00294439
0.000385898
0.0029544
0.00103006
0.000904379
0.00376828
0.000293779
0.00370615
0.00108966
0.00361358
0.00186712
0.00349311
0.00246042
0.00335374
0.00272519
0.00320845
0.00257126
0.00307328
0.0019423
0.00295892
0.00086438
0.00287144
-0.000506359
0.00283672
-0.00204123
0.00290064
-0.00361272
0.0030818
-0.00465151
0.00334059
-0.00411817
0.00358299
-0.00146333
0.00371092
0.00249412
0.00368705
0.00620916
0.00353778
0.00876109
0.00333131
0.00994678
0.00310268
0.0099933
0.0028663
0.00938501
0.00267918
0.0078393
0.00247876
0.00558221
0.00215699
0.00384306
0.00182511
0.00149059
0.00164082
-0.00399981
0.00162587
-0.0116811
0.00183327
-0.0166848
0.00228279
-0.0146628
0.00276878
-0.00675941
0.00308263
0.00187213
0.00319729
0.00760026
0.0031439
0.0100563
0.00299143
0.0106824
0.00286198
0.00981076
0.00272931
0.00753005
0.00247271
0.00503914
0.00214659
0.00190897
0.00192047
-0.00337672
0.00190858
-0.00921907
0.00213561
-0.011558
0.00249745
-0.00863432
0.00281936
-0.00288244
0.00299313
0.00243852
0.0030204
0.00592596
0.00298078
0.0072663
0.00292756
0.00626523
0.00283111
0.00369455
0.0026801
0.000683629
0.00255418
-0.00211163
0.00254206
-0.00410933
0.00264411
-0.00427865
0.00278458
-0.00254667
0.00289106
0.000169257
0.00294122
0.00235521
0.00294711
0.00326147
0.0029191
0.00264425
0.0028705
0.0012841
0.00282324
-0.000131065
0.0028026
-0.000987012
0.00281375
-0.000978257
0.00283846
-0.00038745
0.00286468
0.000359678
0.00287614
0.0010186
0.000905706
0.00364326
0.000331339
0.00358295
0.00114997
0.00349251
0.00195755
0.0033733
0.00257964
0.00323339
0.0028651
0.00308528
0.00271937
0.00294421
0.00208337
0.00281932
0.000989271
0.00271757
-0.000404609
0.00267011
-0.00199377
0.00272808
-0.00367069
0.00291043
-0.00483386
0.00317552
-0.00438326
0.00343138
-0.0017192
0.00358005
0.00234546
0.00357669
0.00621252
0.00344331
0.00889446
0.00324802
0.0101421
0.00302426
0.0102171
0.00279307
0.0096162
0.00261022
0.00802215
0.00240072
0.00579171
0.00206923
0.00417454
0.00174584
0.00181398
0.00157613
-0.0038301
0.00155985
-0.0116649
0.00174722
-0.0168722
0.00217361
-0.0150892
0.00265168
-0.00723748
0.00297468
0.00154913
0.00310323
0.00747171
0.00305938
0.0101001
0.00291644
0.0108254
0.00279504
0.00993216
0.00265956
0.00766553
0.00239696
0.00530174
0.00207431
0.00223162
0.00185429
-0.0031567
0.00183786
-0.00920264
0.00205237
-0.0117725
0.00240564
-0.00898759
0.00272714
-0.00320394
0.0029054
0.00226025
0.0029397
0.00589166
0.00290777
0.00729823
0.00285752
0.00631549
0.00275665
0.00379541
0.00259828
0.000842004
0.00246668
-0.00198003
0.00245138
-0.00409403
0.00255294
-0.00438021
0.00269594
-0.00268967
0.00280718
5.80182e-05
0.00286246
0.00229993
0.0028717
0.00325223
0.00284385
0.0026721
0.00279313
0.00133482
0.00274333
-8.1269e-05
0.00272135
-0.000965027
0.00273276
-0.000989664
0.00275874
-0.000413435
0.00278675
0.000331673
0.00279955
0.00100579
0.000906393
0.00351003
0.000367627
0.00345278
0.00120723
0.00336572
0.00204461
0.00324892
0.00269644
0.00310945
0.00300457
0.00295928
0.00286953
0.00281272
0.00222993
0.00267741
0.00112459
0.0025621
-0.000289304
0.00250368
-0.00193535
0.0025574
-0.0037244
0.00274162
-0.00501808
0.00301248
-0.00465412
0.00328031
-0.00198702
0.00344848
0.00217728
0.00346545
0.00619555
0.0033486
0.00901131
0.00316503
0.0103256
0.00294669
0.0104354
0.00272143
0.00984147
0.00254248
0.0082011
0.00232391
0.00601027
0.00198511
0.00451335
0.00167269
0.00212639
0.00151813
-0.00367554
0.00150069
-0.0116474
0.00166861
-0.0170401
0.00207158
-0.0154922
0.00254023
-0.00770614
0.00287054
0.00121882
0.00301146
0.00733079
0.00297658
0.010135
0.00284327
0.0109587
0.00272952
0.0100459
0.00259106
0.007804
0.00232368
0.00556912
0.00200615
0.00254915
0.0017933
-0.00294385
0.00177275
-0.00918208
0.00197453
-0.0119743
0.00231837
-0.00933143
0.00263825
-0.00352382
0.00282009
0.00207841
0.00286102
0.00585073
0.00283647
0.00732278
0.00278874
0.00636321
0.00268348
0.00390067
0.0025185
0.00100699
0.00238214
-0.00184367
0.00236408
-0.00407597
0.00246498
-0.00448111
0.00261003
-0.00283472
0.00272555
-5.75045e-05
0.00278556
0.00223992
0.00279784
0.00323995
0.00277001
0.00269993
0.00271727
0.00138756
0.00266518
-2.9176e-05
0.00264206
-0.000941904
0.00265376
-0.00100137
0.00268096
-0.000440629
0.00271061
0.000302014
0.00272466
0.000991744
0.000906471
0.00336892
0.000401421
0.003316
0.00126015
0.00323358
0.00212702
0.00312033
0.00280969
0.00298228
0.00314262
0.00283085
0.00302096
0.00267925
0.00238153
0.00253383
0.00127
0.00240607
-0.000161544
0.0023388
-0.00186807
0.00238992
-0.00377553
0.00257645
-0.0052046
0.00285251
-0.00493018
0.00313078
-0.00226529
0.00331699
0.00199108
0.00335377
0.00615877
0.00325386
0.00911122
0.00308244
0.0104971
0.00287002
0.0106478
0.00265135
0.0100601
0.00247589
0.00837656
0.00224845
0.00623772
0.0019047
0.00485709
0.00160542
0.00242568
0.00146625
-0.00353637
0.00144778
-0.011629
0.00159686
-0.0171892
0.00197635
-0.0158717
0.0024344
-0.00816419
0.00277024
0.000882977
0.00292203
0.007179
0.00289555
0.0101615
0.00277191
0.0110823
0.00266537
0.0101524
0.00252385
0.00794552
0.00225288
0.00584009
0.00194194
0.00286009
0.00173714
-0.00273905
0.00171285
-0.0091578
0.00190178
-0.0121632
0.00223544
-0.00966509
0.00255262
-0.003841
0.00273721
0.00189382
0.00278438
0.00580355
0.00276684
0.00734032
0.00272122
0.00640884
0.00261164
0.00401024
0.00244082
0.0011778
0.0023006
-0.00170345
0.00228019
-0.00405557
0.00238023
-0.00458115
0.00252686
-0.00298134
0.00264619
-0.000176833
0.00271053
0.00217558
0.00272553
0.00322494
0.0026976
0.00272786
0.00264297
0.00144219
0.00258883
2.49602e-05
0.00256477
-0.000917839
0.0025768
-0.0010134
0.00260512
-0.000468955
0.0026363
0.000270834
0.00265148
0.000976565
0.000905974
0.00322064
0.000431408
0.0031733
0.0013075
0.0030967
0.00220362
0.00298807
0.00291833
0.00285239
0.0032783
0.00270048
0.00317287
0.00254434
0.00253768
0.00238935
0.00142498
0.00225059
-2.27758e-05
0.00217673
-0.00179421
0.00222676
-0.00382556
0.00241574
-0.00539358
0.0026964
-0.00521085
0.00298371
-0.0025526
0.00318628
0.00178851
0.00324211
0.00610294
0.00315933
0.009194
0.00300031
0.0106561
0.00279432
0.0108538
0.00258279
0.0102717
0.00241041
0.00854894
0.00217443
0.0064737
0.00182805
0.00520346
0.00154374
0.00271
0.00141997
-0.0034126
0.00140052
-0.0116095
0.00153143
-0.0173201
0.00188759
-0.0162278
0.00233413
-0.00861073
0.00267384
0.000543268
0.00283499
0.00701785
0.00281634
0.0101801
0.00270235
0.0111963
0.00260256
0.0102522
0.00245795
0.00809013
0.00218457
0.00611347
0.00188151
0.00316315
0.00168546
-0.002543
0.00165779
-0.00913013
0.00183381
-0.0123392
0.00215665
-0.00998794
0.0024702
-0.00415454
0.00265676
0.00170726
0.00270979
0.00575052
0.00269888
0.00735123
0.00265494
0.00645277
0.00254117
0.00412402
0.0023653
0.00135367
0.00222209
-0.00156023
0.00219971
-0.00403319
0.00229871
-0.00468015
0.00244645
-0.00312909
0.00256911
-0.000299491
0.00263736
0.00210733
0.00265476
0.00320754
0.00262662
0.002756
0.00257024
0.00149857
0.00251432
8.08796e-05
0.0024895
-0.00089302
0.00250189
-0.00102579
0.00253126
-0.000498326
0.00256382
0.000238273
0.00258003
0.000960362
0.000904932
0.00306625
0.000456275
0.00302566
0.00134809
0.00295592
0.00227335
0.00285285
0.00302141
0.0027204
0.00341075
0.00256875
0.00332452
0.00240859
0.00269784
0.00224479
0.00158878
0.00209674
0.000125278
0.0020186
-0.00171607
0.00206882
-0.00387579
0.00226012
-0.00558488
0.00254476
-0.00549549
0.00283982
-0.00284766
0.003057
0.00157132
0.00313091
0.00602903
0.00306524
0.00925968
0.00291877
0.0108025
0.00271965
0.0110529
0.00251571
0.0104756
0.00234597
0.00871867
0.00210194
0.00671773
0.00175515
0.00555025
0.00148735
0.0029778
0.0013788
-0.00330406
0.00135836
-0.0115891
0.00147177
-0.0174335
0.00180495
-0.016561
0.00223931
-0.00904509
0.00258131
0.00020127
0.00275036
0.0068488
0.00273901
0.0101915
0.00263458
0.0113007
0.00254104
0.0103458
0.00239339
0.00823778
0.00211872
0.00638814
0.00182466
0.00345721
0.00163791
-0.00235625
0.0016072
-0.00909942
0.0017703
-0.0125023
0.0020818
-0.0102994
0.0023909
-0.00446364
0.00257876
0.00151941
0.00263726
0.00569202
0.00263256
0.00735593
0.00258991
0.00649543
0.0024721
0.00424183
0.00229198
0.00153379
0.00214661
-0.00141486
0.00212261
-0.00400918
0.00222037
-0.00477792
0.00236879
-0.00327751
0.00249431
-0.000425005
0.00256605
0.00203559
0.00258555
0.00318804
0.0025571
0.00278444
0.00249912
0.00155655
0.00244168
0.00013832
0.00241629
-0.000867632
0.00242905
-0.00103854
0.00245938
-0.000528652
0.00249318
0.000204474
0.0025103
0.000943239
0.000903376
0.00290716
0.0004748
0.00287428
0.00138097
0.00281225
0.00233538
0.00271551
0.00311815
0.00258703
0.00353923
0.0024363
0.00347525
0.00227267
0.00286147
0.00210101
0.00176044
0.00194558
0.0002807
0.00186535
-0.00163584
0.00191676
-0.0039272
0.00210999
-0.00577811
0.00239797
-0.00578347
0.00269972
-0.00314941
0.00292977
0.00134128
0.0030206
0.0059382
0.00297183
0.00930845
0.00283791
0.0109365
0.00264606
0.0112448
0.00245009
0.0106716
0.00228257
0.00888619
0.00203109
0.00696922
0.00168598
0.00589536
0.00143595
0.00322783
0.00134227
-0.00321038
0.00132077
-0.0115676
0.00141738
-0.0175301
0.00172808
-0.0168717
0.0021498
-0.00946681
0.00249263
-0.000141564
0.00266816
0.00667327
0.00266358
0.0101961
0.00256856
0.0113958
0.00248078
0.0104336
0.00233018
0.00838838
0.00205529
0.00666303
0.0017712
0.0037413
0.00159416
-0.00217921
0.00156072
-0.00906598
0.00171097
-0.0126526
0.00201068
-0.0105991
0.00231465
-0.00476761
0.00250319
0.00133086
0.00256679
0.00562842
0.00256786
0.00735487
0.0025261
0.00653719
0.00240446
0.00436347
0.00222088
0.00171737
0.00207416
-0.00126815
0.00204884
-0.00398386
0.00214519
-0.00487427
0.00229387
-0.00342618
0.00242177
-0.000552915
0.00249659
0.00196078
0.00251787
0.00316676
0.00248906
0.00281326
0.00242964
0.00161597
0.00237094
0.000197018
0.00234515
-0.000841847
0.00235829
-0.00105168
0.00238947
-0.000559836
0.00242437
0.00016958
0.00244231
0.000925302
0.000901337
0.00274498
0.000485938
0.00272056
0.0014054
0.00266682
0.00238912
0.00257697
0.00320801
0.00245307
0.00366312
0.00230384
0.00362448
0.00213729
0.00302802
0.00195889
0.00193884
0.0017981
0.000441485
0.00171772
-0.00155545
0.00177105
-0.00398053
0.00196563
-0.00597269
0.00225631
-0.00607415
0.0025639
-0.00345699
0.00280509
0.00110008
0.00291158
0.00583172
0.00287932
0.00934071
0.00275785
0.0110579
0.00257363
0.011429
0.00238588
0.0108593
0.00222019
0.00905188
0.00196193
0.00722747
0.00162046
0.00623683
0.00138919
0.00345911
0.00130992
-0.00313112
0.00128723
-0.0115449
0.00136779
-0.0176107
0.00165665
-0.0171606
0.00206539
-0.00987555
0.00240775
-0.000483924
0.00258838
0.00649264
0.00259008
0.0101944
0.00250427
0.0114816
0.00242175
0.0105161
0.00226833
0.00854179
0.00199424
0.00693713
0.00172093
0.0040146
0.00155389
-0.00201217
0.00151802
-0.00903011
0.00165554
-0.0127901
0.0019431
-0.0108867
0.00224135
-0.00506587
0.00243006
0.00114215
0.00249837
0.00556011
0.00250474
0.00734849
0.00246352
0.00657841
0.00233828
0.0044887
0.00215202
0.00190363
0.0020047
-0.00112083
0.00197836
-0.00395752
0.00207312
-0.00496902
0.00222163
-0.00357469
0.00235148
-0.00068277
0.00242896
0.00188329
0.00245173
0.00314399
0.00242249
0.00284251
0.0023618
0.00167665
0.0023021
0.000256715
0.00227609
-0.000815832
0.00228961
-0.0010652
0.00232155
-0.000591778
0.00235739
0.000133734
0.00237604
0.000906651
0.000898843
0.00258148
0.000488893
0.00256597
0.00142091
0.00252084
0.00243424
0.00243822
0.00329063
0.00231934
0.003782
0.00217207
0.00377175
0.00200318
0.00319692
0.00181929
0.00212273
0.00165515
0.000605624
0.00157627
-0.00147657
0.00163197
-0.00403622
0.00182721
-0.00616793
0.00211992
-0.00636687
0.00243268
-0.00376975
0.00268346
0.000849304
0.00280422
0.00571096
0.00278794
0.00935699
0.00267869
0.0111672
0.00250242
0.0116053
0.00232305
0.0110387
0.0021588
0.00921613
0.00189453
0.00749175
0.00155851
0.00657285
0.00134673
0.00367089
0.00128134
-0.00306572
0.00125729
-0.0115208
0.00132257
-0.0176759
0.00159032
-0.0174283
0.00198587
-0.0102711
0.00232661
-0.000824666
0.00251103
0.00630822
0.00251852
0.0101869
0.00244169
0.0115584
0.00236393
0.0105938
0.00220786
0.00869786
0.0019355
0.00720948
0.00167365
0.00427646
0.00151678
-0.0018553
0.00147876
-0.00899209
0.00160373
-0.0129151
0.00187887
-0.0111618
0.00217094
-0.00535794
0.00235935
0.000953741
0.002432
0.00548747
0.00244319
0.0073373
0.00240215
0.00661946
0.00227359
0.00461726
0.0020854
0.00209182
0.00193819
-0.000973614
0.00191109
-0.00393043
0.00200407
-0.005062
0.00215203
-0.00372265
0.0022834
-0.000814137
0.00236315
0.00180355
0.00238712
0.00312002
0.0023574
0.00287223
0.00229563
0.00173842
0.00223519
0.000317157
0.0022091
-0.00078974
0.00222299
-0.00107909
0.00225559
-0.000624375
0.00229224
9.70781e-05
0.00231151
0.000887383
0.000895921
0.00241844
0.000483159
0.00241201
0.00142734
0.00237556
0.00247069
0.00230028
0.00336591
0.00218668
0.0038956
0.00204172
0.00391671
0.00187106
0.00336757
0.00168303
0.00231077
0.00151745
0.000771201
0.00144137
-0.00140049
0.00149965
-0.00409451
0.00169481
-0.00636309
0.00198887
-0.00666092
0.00230633
-0.00408722
0.00256529
0.000590342
0.0026989
0.00557735
0.0026979
0.009358
0.00260057
0.0112645
0.00243248
0.0117734
0.00226158
0.0112096
0.00209841
0.0093793
0.00182892
0.00776124
0.00150002
0.00690174
0.00130824
0.00386267
0.0012561
-0.00301359
0.00123053
-0.0114953
0.00128135
-0.0177268
0.00152874
-0.0176757
0.00191095
-0.0106533
0.00224911
-0.00116283
0.00243611
0.00612122
0.00244892
0.0101741
0.00238078
0.0116265
0.00230727
0.0106673
0.00214874
0.0088564
0.00187901
0.00747921
0.00162917
0.0045263
0.00148253
-0.00170865
0.00144263
-0.00895219
0.00155529
-0.0130277
0.00181782
-0.0114244
0.00210332
-0.00564344
0.00229105
0.000766004
0.00236765
0.00541087
0.00238318
0.00732177
0.002342
0.00666064
0.00221039
0.00474887
0.00202101
0.0022812
0.00187457
-0.000827167
0.00184695
-0.00390281
0.00193798
-0.00515303
0.00208502
-0.0038697
0.00221748
-0.000946601
0.00229911
0.00172192
0.00232403
0.0030951
0.00229381
0.00290245
0.00223114
0.00180109
0.0021702
0.000378098
0.00214418
-0.000763714
0.00215843
-0.00109334
0.00219158
-0.000657525
0.0022289
5.97509e-05
0.0022487
0.000867591
0.000892598
0.00225762
0.000468527
0.00226018
0.00142477
0.00223221
0.00249866
0.00216417
0.00343395
0.00205592
0.00400385
0.0019135
0.00405913
0.00174166
0.00353942
0.00155085
0.00250158
0.00138558
0.000936466
0.00131323
-0.00132814
0.0013741
-0.00415538
0.0015685
-0.00655749
0.00186316
-0.00695558
0.00218498
-0.00440904
0.00245099
0.000324336
0.00259597
0.00543236
0.0026094
0.00934457
0.00252358
0.0113503
0.00236387
0.0119331
0.00220142
0.0113721
0.00203899
0.00954173
0.00176513
0.0080351
0.00144486
0.00722201
0.00127336
0.00403416
0.00123383
-0.00297406
0.00120655
-0.011468
0.00124375
-0.0177639
0.00147154
-0.0179035
0.00184036
-0.0110221
0.00217518
-0.00149765
0.00236361
0.00593279
0.0023813
0.0101564
0.0023215
0.0116863
0.00225176
0.0107371
0.00209097
0.00901719
0.00182468
0.0077455
0.0015873
0.00476368
0.00145088
-0.00157224
0.00140933
-0.00891064
0.00150999
-0.0131284
0.00175977
-0.0116742
0.0020384
-0.00592207
0.00222514
0.000579256
0.00230532
0.00533069
0.00232467
0.00730242
0.00228305
0.00670226
0.0021487
0.00488322
0.00195884
0.00247105
0.00181377
-0.000682094
0.00178584
-0.00387488
0.00187476
-0.00524196
0.00202053
-0.00401546
0.00215369
-0.00107977
0.00223682
0.00163879
0.00226244
0.00306948
0.00223171
0.00293318
0.00216833
0.00186447
0.00210713
0.000439298
0.0020813
-0.000737884
0.0020959
-0.00110794
0.0021295
-0.000691124
0.00216736
2.18875e-05
0.00218759
0.000847364
0.000888899
0.00210062
0.000445068
0.00211187
0.00141353
0.00209199
0.00251854
0.00203089
0.00349505
0.00192791
0.00410683
0.00178814
0.0041989
0.00161565
0.0037119
0.00142342
0.00269382
0.00125998
0.0010999
0.00119195
-0.0012601
0.00125525
-0.00421869
0.00144827
-0.00675051
0.00174278
-0.00725009
0.0020687
-0.00473497
0.00234092
5.21171e-05
0.00249582
0.00527746
0.00252267
0.00931772
0.00244785
0.0114251
0.00229664
0.0120843
0.00214254
0.0115262
0.00198053
0.00970374
0.00170314
0.00831249
0.00139287
0.00753228
0.00124177
0.00418526
0.00121415
-0.00294644
0.00118502
-0.0114388
0.00120944
-0.0177884
0.00141836
-0.0181124
0.0017738
-0.0113776
0.00210471
-0.00182857
0.00229355
0.00574396
0.00231567
0.0101343
0.00226384
0.0117382
0.00219735
0.0108036
0.00203451
0.00918002
0.00177241
0.0080076
0.00154783
0.00498826
0.00142157
-0.00144598
0.00137859
-0.00886766
0.00146758
-0.0132174
0.00170458
-0.0119111
0.00197608
-0.00619357
0.0021616
0.000393743
0.00224497
0.00524732
0.00226763
0.00727977
0.00222529
0.0067446
0.00208851
0.00502
0.00189886
0.0026607
0.00175572
-0.000538955
0.00172766
-0.00384682
0.00181432
-0.00532861
0.00195849
-0.00415963
0.00209198
-0.00121326
0.00217626
0.00155451
0.00220235
0.00304339
0.00217111
0.00296442
0.00210721
0.00192837
0.00204598
0.000500531
0.00202046
-0.00071237
0.00203538
-0.00112285
0.00206932
-0.00072507
0.00210759
-1.63822e-05
0.00212817
0.000826786
0.000884849
0.00194889
0.000413066
0.00196837
0.00139405
0.00195606
0.00253084
0.00190145
0.00354966
0.00180347
0.00420481
0.00166634
0.00433604
0.00149372
0.00388452
0.00130131
0.00288623
0.00114096
0.00126025
0.00107751
-0.00119666
0.00114296
-0.00428413
0.00133414
-0.00694169
0.00162769
-0.00754365
0.0019575
-0.00506477
0.00223548
-0.000225867
0.00239888
0.00511406
0.00243796
0.00927864
0.00237351
0.0114896
0.00223084
0.0122269
0.00208488
0.0116721
0.00192294
0.00986567
0.00164289
0.00859255
0.00134387
0.0078313
0.00121311
0.00431603
0.00119671
-0.00293004
0.00116563
-0.0114078
0.0011781
-0.0178008
0.00136885
-0.0183032
0.00171099
-0.0117197
0.00203763
-0.0021552
0.00222597
0.00555562
0.00225205
0.0101082
0.00220774
0.0117825
0.00214398
0.0108673
0.00197929
0.00934471
0.00172209
0.0082648
0.00151059
0.00519976
0.00139435
-0.00132974
0.00135014
-0.00882344
0.00142787
-0.0132951
0.00165209
-0.0121354
0.00191628
-0.00645776
0.00210039
0.0021866
0.00221204
0.00216872
0.00202984
0.00184104
0.00170034
0.00167232
0.00175656
0.00189882
0.00203228
0.00211738
0.00214373
0.002112
0.00204776
0.00198671
0.00196162
0.00197683
0.00201102
0.00204957
0.00207042
0.00180365
0.00183088
0.00182558
0.0017769
0.0016835
0.00154883
0.00137649
0.001185
0.0010287
0.000969861
0.00103705
0.00122605
0.00151784
0.00185129
0.00213506
0.00230573
0.00235563
0.00230073
0.00216651
0.00202834
0.00186609
0.00158424
0.00129766
0.00118707
0.00118118
0.0011481
0.00114941
0.00132269
0.00165167
0.00197382
0.00216095
0.00219051
0.0021532
0.00209159
0.00192522
0.00167357
0.00147539
0.00136903
0.00132375
0.00139064
0.00160215
)
;

boundaryField
{
    inlet
    {
        type            calculated;
        value           nonuniform 0();
    }
    outlet
    {
        type            calculated;
        value           nonuniform List<scalar> 
22
(
0.00362863
0.00353905
0.00345083
0.00336401
0.00327865
0.00319476
0.00311241
0.00303161
0.0029524
0.00287481
0.00279887
0.00272458
0.00265198
0.00258107
0.00251185
0.00244434
0.00237854
0.00231443
0.00225202
0.00219129
0.00213222
0.0020748
)
;
    }
    cylinder
    {
        type            calculated;
        value           nonuniform 0();
    }
    top
    {
        type            symmetryPlane;
        value           nonuniform 0();
    }
    bottom
    {
        type            symmetryPlane;
        value           nonuniform 0();
    }
    defaultFaces
    {
        type            empty;
        value           nonuniform 0();
    }
    procBoundary5to2
    {
        type            processor;
        value           nonuniform List<scalar> 3(-0.00464236 -0.00456242 -0.00448165);
    }
    procBoundary5to3
    {
        type            processor;
        value           nonuniform List<scalar> 
64
(
2.02582e-05
-0.000508567
-0.000991703
-0.00134144
-0.00147267
-0.00132767
-0.000881416
-0.000139983
0.000801551
0.00176806
0.00256125
0.00278247
0.0018693
-0.000230004
-0.0028511
-0.00518714
-0.00675608
-0.00753319
-0.00757399
-0.00693627
-0.00576257
-0.00389123
-0.00139659
0.00164915
0.00620621
0.0116746
0.0136578
0.00933516
0.0019568
-0.00426697
-0.00790261
-0.00900801
-0.0087826
-0.00812249
-0.00626208
-0.00292163
0.00115704
0.00563507
0.00902561
0.00879407
0.00485239
-9.12127e-05
-0.00379075
-0.00581851
-0.00649649
-0.00553589
-0.00290529
0.00039945
0.00296889
0.00401262
0.00326419
0.00133014
-0.000952354
-0.00257623
-0.0031269
-0.00233169
-0.000899717
0.000457368
0.0011023
0.000867276
0.000203429
-0.000526031
-0.00105751
-0.000858749
)
;
    }
    procBoundary5to4
    {
        type            processor;
        value           nonuniform List<scalar> 
20
(
-0.00439916
-0.00431393
-0.00422483
-0.00413065
-0.00403017
-0.00392228
-0.00380605
-0.00368082
-0.00354632
-0.00340272
-0.00325063
-0.00309112
-0.00292569
-0.00275612
-0.00258443
-0.00241271
-0.00224299
-0.00207716
-0.00191689
-0.00176353
)
;
    }
    procBoundary5to7
    {
        type            processor;
        value           nonuniform List<scalar> 
65
(
0.00020964
0.0051611
0.00725433
0.00678792
0.00515888
0.0028495
-0.000398261
-0.0038188
-0.00541286
-0.00430189
-0.00134672
0.00146941
0.00301705
0.00299615
0.0019926
0.000561583
-0.00068728
-0.00113805
-0.000759263
-5.49334e-05
0.000805934
0.00088047
0.000372941
0.00136683
0.00253614
0.00359835
0.00429821
0.00447071
0.00405685
0.00307772
0.00141655
-0.00113782
-0.00435132
-0.00713069
-0.00783545
-0.00539822
-0.00050963
0.00494339
0.00922874
0.0115445
0.0123612
0.0118103
0.0100279
0.0088744
0.00811788
0.00442662
-0.00292415
-0.0113747
-0.0178021
-0.0184765
-0.0120487
-0.00247735
0.00536849
0.0100786
0.0118198
0.0109289
0.00951108
0.00851645
0.00539795
-0.00122338
-0.00877817
-0.013362
-0.0123469
0.0018589
-0.00671451
)
;
    }
}


// ************************************************************************* //
