/*--------------------------------*- C++ -*----------------------------------*\
  =========                 |
  \\      /  F ield         | OpenFOAM: The Open Source CFD Toolbox
   \\    /   O peration     | Website:  https://openfoam.org
    \\  /    A nd           | Version:  7
     \\/     M anipulation  |
\*---------------------------------------------------------------------------*/
FoamFile
{
    version     2.0;
    format      ascii;
    class       volScalarField;
    location    "80";
    object      p;
}
// * * * * * * * * * * * * * * * * * * * * * * * * * * * * * * * * * * * * * //

dimensions      [0 2 -2 0 0 0 0];

internalField   nonuniform List<scalar> 
8500
(
-0.370988
-0.372447
-0.373261
-0.373931
-0.37449
-0.374953
-0.375349
-0.375699
-0.376016
-0.376308
-0.376578
-0.376826
-0.37705
-0.377249
-0.377423
-0.37757
-0.3777
-0.377838
-0.377896
-0.37787
-0.373091
-0.374584
-0.375424
-0.376126
-0.376725
-0.377236
-0.377693
-0.378117
-0.378521
-0.378914
-0.379298
-0.379675
-0.380042
-0.380398
-0.380743
-0.381075
-0.381402
-0.381752
-0.382033
-0.38225
-0.375273
-0.376792
-0.377655
-0.378386
-0.379022
-0.379581
-0.380097
-0.380594
-0.381084
-0.381577
-0.382077
-0.382582
-0.383093
-0.383605
-0.38412
-0.384637
-0.385164
-0.385726
-0.386236
-0.386695
-0.377532
-0.37907
-0.379952
-0.380708
-0.381379
-0.381984
-0.382559
-0.383127
-0.383703
-0.384296
-0.384909
-0.385543
-0.386195
-0.386864
-0.387549
-0.38825
-0.388975
-0.389751
-0.390489
-0.391191
-0.379869
-0.381416
-0.382313
-0.383091
-0.383794
-0.384442
-0.385073
-0.385711
-0.386372
-0.387063
-0.387789
-0.38855
-0.389343
-0.390166
-0.391018
-0.391901
-0.392823
-0.393812
-0.394779
-0.395719
-0.38228
-0.383828
-0.384734
-0.385531
-0.386262
-0.386952
-0.387637
-0.388344
-0.389087
-0.389875
-0.390712
-0.391598
-0.392529
-0.393503
-0.39452
-0.395581
-0.396696
-0.397894
-0.399086
-0.400259
-0.384764
-0.386302
-0.387213
-0.388023
-0.388781
-0.389508
-0.390246
-0.391018
-0.391842
-0.392725
-0.393671
-0.394678
-0.395744
-0.396866
-0.398043
-0.399277
-0.400578
-0.401981
-0.403392
-0.404787
-0.387315
-0.388835
-0.389744
-0.390565
-0.391344
-0.392107
-0.392893
-0.393729
-0.394631
-0.395606
-0.396658
-0.397783
-0.39898
-0.400245
-0.401576
-0.402975
-0.404454
-0.406053
-0.407675
-0.409278
-0.389931
-0.391421
-0.392324
-0.39315
-0.393947
-0.394741
-0.395574
-0.396471
-0.397447
-0.398511
-0.399664
-0.400905
-0.402227
-0.403628
-0.405105
-0.406661
-0.408307
-0.410091
-0.411912
-0.413705
-0.392606
-0.394057
-0.394948
-0.395774
-0.396584
-0.397406
-0.398281
-0.399235
-0.400283
-0.401432
-0.402683
-0.404032
-0.405475
-0.407004
-0.408619
-0.41032
-0.41212
-0.414075
-0.416079
-0.418038
-0.395334
-0.396735
-0.397608
-0.398429
-0.399248
-0.400094
-0.401008
-0.402015
-0.40313
-0.40436
-0.405703
-0.407157
-0.408712
-0.410362
-0.412103
-0.413937
-0.415876
-0.417985
-0.420152
-0.422249
-0.398109
-0.399449
-0.400299
-0.40111
-0.401934
-0.402799
-0.403747
-0.404802
-0.40598
-0.407286
-0.408717
-0.410267
-0.411927
-0.413689
-0.415545
-0.417496
-0.419557
-0.421798
-0.424109
-0.426306
-0.400923
-0.402194
-0.403013
-0.40381
-0.404633
-0.405512
-0.40649
-0.407589
-0.408825
-0.410201
-0.411713
-0.413354
-0.415111
-0.416973
-0.418931
-0.420984
-0.423145
-0.425496
-0.427925
-0.43018
-0.403769
-0.404961
-0.405745
-0.406521
-0.407338
-0.408227
-0.409229
-0.410367
-0.411655
-0.413095
-0.414682
-0.416405
-0.41825
-0.420201
-0.422248
-0.424385
-0.426625
-0.429059
-0.431581
-0.433841
-0.40664
-0.407743
-0.408486
-0.409236
-0.410042
-0.410935
-0.411956
-0.413127
-0.414461
-0.415959
-0.417613
-0.41941
-0.421333
-0.423363
-0.425484
-0.427687
-0.429981
-0.43247
-0.435058
-0.437264
-0.409525
-0.410532
-0.411228
-0.411947
-0.412736
-0.413628
-0.414662
-0.41586
-0.417233
-0.418781
-0.420496
-0.422359
-0.42435
-0.426446
-0.428626
-0.430876
-0.433201
-0.435711
-0.438344
-0.440427
-0.412418
-0.413321
-0.413965
-0.414647
-0.415413
-0.416298
-0.417338
-0.418556
-0.419962
-0.421553
-0.423319
-0.42524
-0.427289
-0.429439
-0.431663
-0.433941
-0.43627
-0.438769
-0.441428
-0.4433
-0.415309
-0.416101
-0.416688
-0.417328
-0.418066
-0.418936
-0.419976
-0.421207
-0.422637
-0.424264
-0.426073
-0.428042
-0.430139
-0.432331
-0.434585
-0.436872
-0.43918
-0.441631
-0.444303
-0.445804
-0.418188
-0.418865
-0.41939
-0.419983
-0.420686
-0.421535
-0.422568
-0.423803
-0.42525
-0.426904
-0.428747
-0.430754
-0.432889
-0.435111
-0.43738
-0.439658
-0.44192
-0.444288
-0.446964
-0.447958
-0.421049
-0.421604
-0.422064
-0.422604
-0.423266
-0.424088
-0.425105
-0.426337
-0.427792
-0.429462
-0.43133
-0.433365
-0.435527
-0.437769
-0.440039
-0.442291
-0.444484
-0.446723
-0.449277
-0.450037
-0.423882
-0.424313
-0.424703
-0.425185
-0.4258
-0.426587
-0.42758
-0.428799
-0.430252
-0.43193
-0.433812
-0.435865
-0.438044
-0.440293
-0.442552
-0.444763
-0.44687
-0.448969
-0.451256
-0.451802
-0.426679
-0.426985
-0.427301
-0.42772
-0.428282
-0.429025
-0.429986
-0.431183
-0.432624
-0.434298
-0.436184
-0.438244
-0.440428
-0.442673
-0.44491
-0.447065
-0.449067
-0.450999
-0.453016
-0.453182
-0.429434
-0.429613
-0.429853
-0.430204
-0.430705
-0.431398
-0.432316
-0.433481
-0.434899
-0.436559
-0.438436
-0.440491
-0.442669
-0.4449
-0.447102
-0.449189
-0.451069
-0.452807
-0.454556
-0.45421
-0.43214
-0.432193
-0.432354
-0.432632
-0.433067
-0.4337
-0.434567
-0.435688
-0.437071
-0.438704
-0.440561
-0.442599
-0.444759
-0.446963
-0.449119
-0.451127
-0.452872
-0.45439
-0.455864
-0.454896
-0.434791
-0.434721
-0.434801
-0.435002
-0.435363
-0.435928
-0.436732
-0.437799
-0.439134
-0.440727
-0.442551
-0.444559
-0.446687
-0.448852
-0.450951
-0.452868
-0.454467
-0.455744
-0.456934
-0.455237
-0.437385
-0.437193
-0.437191
-0.437311
-0.437591
-0.438079
-0.438811
-0.439811
-0.441085
-0.442625
-0.4444
-0.446364
-0.448447
-0.450561
-0.45259
-0.454406
-0.455847
-0.456864
-0.457767
-0.455233
-0.439916
-0.439609
-0.439523
-0.439557
-0.43975
-0.440152
-0.440801
-0.441721
-0.442922
-0.444393
-0.446106
-0.44801
-0.450034
-0.452081
-0.454028
-0.455731
-0.457005
-0.457744
-0.45836
-0.454883
-0.442386
-0.441968
-0.441797
-0.441742
-0.441841
-0.442148
-0.442702
-0.44353
-0.444643
-0.446031
-0.447665
-0.449495
-0.451444
-0.45341
-0.45526
-0.456836
-0.457934
-0.458375
-0.45871
-0.454189
-0.444793
-0.44427
-0.444014
-0.443866
-0.443866
-0.444069
-0.444517
-0.44524
-0.44625
-0.44754
-0.44908
-0.450819
-0.452676
-0.454545
-0.456283
-0.457718
-0.458628
-0.458753
-0.458815
-0.453155
-0.447139
-0.446519
-0.446178
-0.445933
-0.445826
-0.445917
-0.446248
-0.446853
-0.447747
-0.448924
-0.450354
-0.451985
-0.453734
-0.455489
-0.457099
-0.458377
-0.459085
-0.458873
-0.45867
-0.451789
-0.449428
-0.448718
-0.448293
-0.447948
-0.447729
-0.447697
-0.447901
-0.448376
-0.44914
-0.450188
-0.451493
-0.453
-0.454624
-0.456248
-0.457711
-0.458815
-0.459308
-0.458738
-0.458272
-0.450106
-0.451666
-0.450873
-0.450363
-0.449916
-0.449578
-0.449417
-0.449483
-0.449816
-0.450436
-0.451342
-0.452506
-0.453873
-0.455356
-0.456832
-0.458132
-0.459043
-0.459303
-0.458354
-0.457622
-0.44813
-0.45386
-0.452992
-0.452397
-0.451844
-0.451383
-0.451084
-0.451003
-0.451183
-0.451647
-0.452396
-0.453405
-0.454617
-0.455943
-0.457254
-0.458373
-0.459075
-0.459085
-0.457741
-0.456722
-0.445896
-0.456019
-0.455081
-0.454403
-0.453741
-0.453151
-0.452708
-0.452471
-0.452487
-0.452783
-0.453364
-0.454205
-0.455248
-0.456402
-0.457533
-0.458456
-0.458932
-0.458673
-0.456927
-0.455584
-0.443459
-0.458154
-0.457153
-0.456389
-0.455616
-0.454893
-0.454299
-0.453898
-0.453741
-0.45386
-0.454262
-0.454922
-0.455783
-0.456752
-0.457689
-0.458401
-0.458638
-0.458093
-0.455953
-0.454234
-0.440914
-0.460276
-0.459216
-0.458368
-0.457481
-0.45662
-0.455869
-0.455297
-0.45496
-0.454893
-0.455106
-0.455575
-0.456243
-0.457015
-0.457746
-0.458233
-0.458222
-0.457374
-0.454866
-0.452708
-0.43839
-0.4624
-0.461284
-0.46035
-0.459347
-0.458344
-0.457432
-0.456683
-0.456159
-0.455899
-0.455914
-0.456183
-0.456649
-0.457213
-0.457726
-0.45798
-0.457715
-0.456552
-0.453723
-0.451
-0.435874
-0.464541
-0.463371
-0.462349
-0.461226
-0.460078
-0.459
-0.45807
-0.457354
-0.456895
-0.456706
-0.456768
-0.457023
-0.457368
-0.457654
-0.457667
-0.457151
-0.455679
-0.452627
-0.449071
-0.432941
-0.466715
-0.465488
-0.464377
-0.463132
-0.461835
-0.460588
-0.459474
-0.458562
-0.457899
-0.457501
-0.45735
-0.457385
-0.457503
-0.457552
-0.457318
-0.456561
-0.45483
-0.451783
-0.44719
-0.429839
-0.468937
-0.467652
-0.466448
-0.465078
-0.46363
-0.462211
-0.460909
-0.459799
-0.458929
-0.458318
-0.457947
-0.457755
-0.457637
-0.457437
-0.456948
-0.455955
-0.454031
-0.451287
-0.446249
-0.431854
-0.471226
-0.469877
-0.468576
-0.467077
-0.465476
-0.463883
-0.462393
-0.461082
-0.460003
-0.459175
-0.45858
-0.458153
-0.457786
-0.457324
-0.456565
-0.455324
-0.453215
-0.450764
-0.446285
-0.448006
-0.473598
-0.472177
-0.470775
-0.469145
-0.467386
-0.465619
-0.463938
-0.462426
-0.461137
-0.460089
-0.459263
-0.458592
-0.457964
-0.457222
-0.456168
-0.454647
-0.45231
-0.449959
-0.445595
-0.449726
-0.47607
-0.474567
-0.473059
-0.471292
-0.469375
-0.467431
-0.465561
-0.463847
-0.462346
-0.461075
-0.460013
-0.459087
-0.458181
-0.457136
-0.455756
-0.453905
-0.451261
-0.448711
-0.443975
-0.44744
-0.478658
-0.477061
-0.47544
-0.473534
-0.471455
-0.469334
-0.467273
-0.465358
-0.463643
-0.462147
-0.46084
-0.459647
-0.458444
-0.457069
-0.455326
-0.453087
-0.450046
-0.447061
-0.441753
-0.443755
-0.481378
-0.479673
-0.477932
-0.475881
-0.473639
-0.47134
-0.469088
-0.466971
-0.465041
-0.463314
-0.461754
-0.460279
-0.458757
-0.457021
-0.454872
-0.452184
-0.448663
-0.445076
-0.43909
-0.43927
-0.484243
-0.482414
-0.480546
-0.478345
-0.475937
-0.473459
-0.471017
-0.468697
-0.46655
-0.464585
-0.462761
-0.460986
-0.45912
-0.456988
-0.45439
-0.451194
-0.447118
-0.442818
-0.436099
-0.434414
-0.485296
-0.483293
-0.480937
-0.47836
-0.475701
-0.473068
-0.470544
-0.468176
-0.465966
-0.463864
-0.461769
-0.45953
-0.456965
-0.453872
-0.450116
-0.445423
-0.440344
-0.43288
-0.429444
-0.486182
-0.483666
-0.480916
-0.478076
-0.475251
-0.47252
-0.469926
-0.467461
-0.465065
-0.462625
-0.459982
-0.456946
-0.453314
-0.448949
-0.443594
-0.437705
-0.42951
-0.424504
-0.486541
-0.483615
-0.480591
-0.477571
-0.47463
-0.471803
-0.46907
-0.466362
-0.463551
-0.46047
-0.456923
-0.45271
-0.447696
-0.441646
-0.434943
-0.426045
-0.419666
-0.489568
-0.486462
-0.483251
-0.480034
-0.476878
-0.473808
-0.470793
-0.46775
-0.464539
-0.460983
-0.456887
-0.452055
-0.446359
-0.439595
-0.432091
-0.42253
-0.414967
-0.489463
-0.486062
-0.482643
-0.479266
-0.475941
-0.472627
-0.469223
-0.46558
-0.461513
-0.456829
-0.451343
-0.444941
-0.437454
-0.429175
-0.418992
-0.410415
-0.489028
-0.485402
-0.481794
-0.478201
-0.474565
-0.470772
-0.466663
-0.462048
-0.456739
-0.450569
-0.443444
-0.435235
-0.426213
-0.415452
-0.406009
-0.488311
-0.48446
-0.480582
-0.476601
-0.472389
-0.467776
-0.462575
-0.456607
-0.449729
-0.441871
-0.432947
-0.423219
-0.41192
-0.401737
-0.487263
-0.48308
-0.478726
-0.47406
-0.468906
-0.46308
-0.456423
-0.448816
-0.440222
-0.430597
-0.420201
-0.408404
-0.397583
-0.485686
-0.480929
-0.475772
-0.470038
-0.463552
-0.456176
-0.447826
-0.438498
-0.42819
-0.417163
-0.404904
-0.393532
-0.483197
-0.477511
-0.471156
-0.463975
-0.455857
-0.446754
-0.436698
-0.425729
-0.414108
-0.401419
-0.389565
-0.479259
-0.472245
-0.464337
-0.455457
-0.445596
-0.434823
-0.423214
-0.411035
-0.397945
-0.385664
-0.473288
-0.464623
-0.454964
-0.444345
-0.43287
-0.420647
-0.40794
-0.394476
-0.381813
-0.454371
-0.442998
-0.430836
-0.418023
-0.404821
-0.391004
-0.377996
-0.441547
-0.428719
-0.415341
-0.40167
-0.387523
-0.374197
-0.426513
-0.412596
-0.398482
-0.384023
-0.370403
-0.395249
-0.380495
-0.366598
-0.376929
-0.362772
-0.382381
-0.374217
-0.381999
-0.383617
-0.406598
-0.434261
-0.464027
-0.46024
-0.413808
-0.33783
-0.265389
-0.213728
-0.185324
-0.180312
-0.19923
-0.219879
-0.217354
-0.187038
-0.147741
-0.115799
-0.0979627
-0.0902443
-0.0930565
-0.110685
-0.128858
-0.129696
-0.110869
-0.0877139
-0.0725846
-0.0626323
-0.0590113
-0.064569
-0.0699715
-0.06679
-0.0578491
-0.0510517
-0.0454193
-0.0398781
-0.0366287
-0.0317015
-0.0303298
-0.0335404
-0.0357836
-0.0349009
-0.0302927
-0.0233263
-0.0263875
-0.0322293
-0.0363715
-0.0303038
-0.0276982
-0.0233767
-0.0296813
-0.0315399
-0.0299438
-0.0184429
-0.0223791
-0.0223939
-0.0192221
0.00148508
-0.387186
-0.378693
-0.385145
-0.383888
-0.40249
-0.425548
-0.451787
-0.447119
-0.40241
-0.329944
-0.261094
-0.212616
-0.186706
-0.184304
-0.205489
-0.227298
-0.223668
-0.191354
-0.150265
-0.116819
-0.0976696
-0.0890143
-0.0908346
-0.107517
-0.125103
-0.126164
-0.108194
-0.0862097
-0.0721594
-0.0629572
-0.0600376
-0.0663462
-0.0723248
-0.0691001
-0.0594811
-0.0519182
-0.045745
-0.0397288
-0.036029
-0.030722
-0.029331
-0.0327065
-0.0351938
-0.0346279
-0.0303153
-0.023649
-0.0268168
-0.0327529
-0.0367774
-0.0304464
-0.0276296
-0.0230932
-0.0293745
-0.0312725
-0.0298925
-0.0186222
-0.0226608
-0.0228182
-0.019468
0.00146392
-0.392156
-0.383293
-0.388417
-0.384182
-0.39822
-0.416467
-0.43903
-0.433458
-0.390533
-0.321667
-0.256477
-0.211234
-0.187873
-0.188144
-0.211646
-0.234597
-0.229834
-0.19553
-0.152672
-0.117766
-0.0973348
-0.0877612
-0.0886027
-0.10433
-0.121318
-0.122588
-0.10548
-0.0846767
-0.0717103
-0.0632693
-0.061065
-0.0681353
-0.0746954
-0.0714214
-0.0611142
-0.0527777
-0.0460667
-0.0395869
-0.0354514
-0.0297705
-0.0283473
-0.0318742
-0.0346002
-0.0343536
-0.0303425
-0.0239768
-0.0272462
-0.0332763
-0.0371793
-0.0305875
-0.0275595
-0.0228113
-0.0290658
-0.0310043
-0.0298377
-0.0188011
-0.022942
-0.0232439
-0.0197136
0.00144221
-0.397281
-0.388009
-0.391822
-0.384525
-0.393836
-0.407082
-0.425829
-0.419284
-0.378204
-0.313008
-0.251526
-0.209561
-0.188802
-0.191804
-0.217675
-0.241748
-0.235839
-0.199564
-0.154965
-0.118642
-0.0969633
-0.0864904
-0.0863682
-0.101131
-0.117512
-0.118972
-0.10273
-0.0831147
-0.0712357
-0.0635665
-0.0620902
-0.0699323
-0.0770785
-0.073751
-0.0627476
-0.0536299
-0.0463846
-0.0394524
-0.0348962
-0.0288478
-0.0273793
-0.0310442
-0.0340028
-0.0340778
-0.0303743
-0.0243095
-0.0276756
-0.0337995
-0.0375772
-0.030727
-0.0274881
-0.0225311
-0.0287553
-0.0307353
-0.0297795
-0.0189793
-0.0232227
-0.023671
-0.0199587
0.00142002
-0.402544
-0.392833
-0.395362
-0.38494
-0.389391
-0.397459
-0.412248
-0.404715
-0.365449
-0.303972
-0.246231
-0.207572
-0.189468
-0.195257
-0.223549
-0.248724
-0.241671
-0.203453
-0.157145
-0.119452
-0.0965602
-0.0852068
-0.084138
-0.097928
-0.113693
-0.115323
-0.0999464
-0.0815241
-0.0707345
-0.0638469
-0.0631099
-0.0717327
-0.0794694
-0.0760877
-0.0643802
-0.054475
-0.0466991
-0.0393258
-0.0343638
-0.0279543
-0.0264277
-0.0302171
-0.033402
-0.0338008
-0.0304106
-0.0246469
-0.0281047
-0.0343223
-0.0379709
-0.030865
-0.0274155
-0.0222525
-0.0284431
-0.0304654
-0.0297177
-0.0191568
-0.0235029
-0.0240997
-0.0202036
0.00139745
-0.407925
-0.397751
-0.399037
-0.385448
-0.384932
-0.387664
-0.398357
-0.38967
-0.352297
-0.29457
-0.240582
-0.205247
-0.189849
-0.198477
-0.229241
-0.255496
-0.247316
-0.207192
-0.159214
-0.120198
-0.0961303
-0.0839156
-0.081919
-0.0947289
-0.10987
-0.111647
-0.0971331
-0.0799051
-0.0702053
-0.0641083
-0.0641209
-0.0735322
-0.0818635
-0.0784276
-0.0660114
-0.0553129
-0.0470102
-0.0392072
-0.0338542
-0.0270904
-0.0254932
-0.0293936
-0.0327978
-0.0335224
-0.0304513
-0.0249889
-0.0285333
-0.0348445
-0.0383606
-0.0310016
-0.027342
-0.0219757
-0.0281292
-0.0301949
-0.0296521
-0.0193336
-0.0237824
-0.0245298
-0.0204482
0.00137457
-0.413402
-0.402749
-0.402841
-0.386065
-0.380507
-0.377765
-0.38423
-0.374267
-0.338779
-0.284812
-0.234571
-0.202566
-0.189921
-0.201438
-0.234722
-0.26204
-0.25276
-0.210779
-0.161174
-0.120884
-0.0956784
-0.0826217
-0.079718
-0.0915418
-0.106052
-0.107954
-0.0942928
-0.0782582
-0.069647
-0.0643486
-0.0651196
-0.0753261
-0.0842558
-0.0807651
-0.0676401
-0.0561438
-0.0473184
-0.0390967
-0.0333677
-0.0262567
-0.0245763
-0.0285742
-0.0321905
-0.0332425
-0.0304963
-0.0253351
-0.0289611
-0.035366
-0.038746
-0.0311368
-0.0272676
-0.0217006
-0.0278136
-0.0299236
-0.0295827
-0.0195097
-0.0240611
-0.0249614
-0.0206926
0.00135146
-0.418946
-0.407804
-0.406766
-0.386802
-0.376158
-0.36783
-0.369943
-0.358587
-0.324927
-0.274709
-0.228191
-0.199509
-0.189664
-0.204115
-0.239964
-0.268327
-0.257992
-0.214211
-0.163027
-0.121514
-0.0952094
-0.0813297
-0.0775413
-0.0883747
-0.102249
-0.104248
-0.091429
-0.076584
-0.0690587
-0.0645658
-0.0661027
-0.07711
-0.0866415
-0.0830983
-0.0692655
-0.0569676
-0.0476237
-0.0389945
-0.0329042
-0.0254534
-0.0236777
-0.0277598
-0.0315804
-0.0329613
-0.0305454
-0.0256855
-0.0293878
-0.0358867
-0.0391273
-0.0312706
-0.0271925
-0.0214274
-0.0274962
-0.0296516
-0.0295093
-0.0196849
-0.024339
-0.0253943
-0.0209368
0.00132821
-0.424524
-0.412892
-0.410796
-0.387669
-0.371925
-0.357925
-0.355567
-0.342719
-0.310743
-0.264272
-0.221436
-0.19606
-0.189057
-0.206487
-0.244939
-0.274335
-0.263
-0.217487
-0.164776
-0.122091
-0.0947278
-0.0800442
-0.0753948
-0.0852356
-0.0984698
-0.100527
-0.0885452
-0.0748834
-0.0684395
-0.0647578
-0.0670665
-0.0788792
-0.0890158
-0.0854244
-0.0708868
-0.0577845
-0.0479265
-0.0389005
-0.0324638
-0.0246808
-0.022798
-0.0269509
-0.0309677
-0.0326786
-0.0305987
-0.0260397
-0.0298133
-0.0364063
-0.0395044
-0.0314031
-0.0271168
-0.021156
-0.0271772
-0.029379
-0.0294318
-0.0198592
-0.0246159
-0.0258287
-0.0211809
0.0013049
-0.430101
-0.417987
-0.414912
-0.388665
-0.367843
-0.348113
-0.341175
-0.326724
-0.296273
-0.253515
-0.214301
-0.192204
-0.188081
-0.208532
-0.249621
-0.28004
-0.26777
-0.220604
-0.166425
-0.122619
-0.094238
-0.0787697
-0.0732843
-0.0821322
-0.0947225
-0.0968079
-0.0856456
-0.0731573
-0.0677886
-0.0649225
-0.0680076
-0.0806293
-0.0913739
-0.0877403
-0.072503
-0.0585947
-0.048227
-0.0388148
-0.0320463
-0.0239393
-0.0219379
-0.0261484
-0.0303526
-0.0323944
-0.0306559
-0.0263976
-0.0302373
-0.0369248
-0.0398771
-0.0315343
-0.0270408
-0.0208866
-0.0268566
-0.0291058
-0.0293502
-0.0200325
-0.0248918
-0.0262644
-0.0214248
0.00128162
-0.435637
-0.423055
-0.419091
-0.38979
-0.36394
-0.338455
-0.326837
-0.310634
-0.281591
-0.24245
-0.206786
-0.187928
-0.186718
-0.21023
-0.253983
-0.285421
-0.272292
-0.223559
-0.167975
-0.123101
-0.0937443
-0.0775103
-0.0712149
-0.0790721
-0.0910163
-0.0930989
-0.0827342
-0.071407
-0.0671052
-0.0650579
-0.0689224
-0.0823555
-0.0937111
-0.090043
-0.0741134
-0.0593982
-0.0485254
-0.0387375
-0.0316515
-0.0232289
-0.021098
-0.0253529
-0.0297354
-0.0321087
-0.0307169
-0.026759
-0.0306594
-0.0374419
-0.0402456
-0.0316643
-0.0269645
-0.0206192
-0.0265344
-0.0288319
-0.0292643
-0.0202047
-0.0251664
-0.0267015
-0.0216687
0.00125844
-0.441093
-0.428063
-0.423303
-0.391034
-0.360241
-0.32901
-0.312624
-0.294511
-0.266733
-0.231092
-0.198889
-0.183221
-0.184955
-0.211565
-0.258001
-0.290457
-0.276556
-0.226353
-0.169431
-0.123542
-0.0932509
-0.07627
-0.0691913
-0.0760627
-0.0873598
-0.0894094
-0.0798156
-0.0696338
-0.0663891
-0.0651621
-0.0698075
-0.0840536
-0.0960228
-0.0923294
-0.0757169
-0.0601954
-0.0488218
-0.0386683
-0.0312792
-0.0225498
-0.0202789
-0.0245652
-0.0291164
-0.0318213
-0.0307816
-0.0271237
-0.0310795
-0.0379575
-0.0406096
-0.0317929
-0.026888
-0.0203538
-0.0262107
-0.0285576
-0.029174
-0.0203759
-0.0254399
-0.0271399
-0.0219126
0.00123546
-0.446424
-0.432975
-0.427516
-0.392385
-0.356764
-0.31983
-0.298604
-0.278425
-0.251728
-0.219455
-0.190613
-0.178076
-0.182778
-0.21252
-0.261654
-0.295131
-0.280553
-0.228983
-0.170794
-0.123943
-0.0927615
-0.0750526
-0.067218
-0.0731108
-0.0837611
-0.0857491
-0.0768944
-0.0678394
-0.0656397
-0.0652331
-0.0706595
-0.0857191
-0.0983044
-0.0945965
-0.0773127
-0.0609865
-0.0491164
-0.0386073
-0.0309291
-0.0219021
-0.019481
-0.0237861
-0.0284958
-0.0315322
-0.0308498
-0.0274913
-0.0314973
-0.0384715
-0.0409692
-0.0319203
-0.0268116
-0.0200905
-0.0258854
-0.0282828
-0.0290792
-0.0205458
-0.0257119
-0.0275795
-0.0221564
0.00121275
-0.451589
-0.437752
-0.431695
-0.393825
-0.35352
-0.310964
-0.284845
-0.262445
-0.236615
-0.207556
-0.181962
-0.172489
-0.180176
-0.213084
-0.264921
-0.299429
-0.284275
-0.231448
-0.172069
-0.12431
-0.0922798
-0.0738617
-0.0652988
-0.0702231
-0.0802279
-0.0821273
-0.0739756
-0.0660257
-0.0648568
-0.0652691
-0.0714749
-0.0873477
-0.100552
-0.0968413
-0.0788999
-0.0617716
-0.0494095
-0.0385543
-0.0306007
-0.0212858
-0.018705
-0.0230163
-0.0278739
-0.0312414
-0.0309213
-0.0278619
-0.0319124
-0.0389835
-0.0413242
-0.0320465
-0.0267354
-0.0198293
-0.0255588
-0.0280075
-0.0289799
-0.0207145
-0.0259825
-0.0280204
-0.0224003
0.00119041
-0.456544
-0.442354
-0.435802
-0.395333
-0.350519
-0.302457
-0.271411
-0.246639
-0.221441
-0.195416
-0.172945
-0.166459
-0.177143
-0.213244
-0.267784
-0.303335
-0.287713
-0.233748
-0.173259
-0.124644
-0.0918092
-0.0727005
-0.063437
-0.0674056
-0.0767676
-0.0785528
-0.0710643
-0.0641946
-0.0640405
-0.0652682
-0.0722506
-0.0889353
-0.10276
-0.0990609
-0.0804774
-0.062551
-0.0497013
-0.0385092
-0.0302936
-0.0207009
-0.0179514
-0.0222566
-0.027251
-0.0309488
-0.030996
-0.028235
-0.0323246
-0.0394935
-0.0416747
-0.0321715
-0.0266595
-0.0195704
-0.0252308
-0.0277319
-0.0288759
-0.0208818
-0.0262514
-0.0284624
-0.0226442
0.00116852
-0.461247
-0.446745
-0.439797
-0.396884
-0.34776
-0.294346
-0.258365
-0.231072
-0.206264
-0.183056
-0.163572
-0.159988
-0.173675
-0.212992
-0.270229
-0.306839
-0.290863
-0.235883
-0.174366
-0.12495
-0.0913528
-0.0715723
-0.0616356
-0.0646638
-0.0733871
-0.075034
-0.0681662
-0.0623484
-0.0631908
-0.065229
-0.0729834
-0.090478
-0.104926
-0.101252
-0.0820444
-0.063325
-0.0499918
-0.0384719
-0.0300074
-0.0201471
-0.0172206
-0.0215078
-0.0266273
-0.0306543
-0.0310738
-0.0286105
-0.0327336
-0.0400012
-0.0420204
-0.0322952
-0.0265841
-0.0193138
-0.0249014
-0.0274559
-0.0287671
-0.0210477
-0.0265187
-0.0289056
-0.0228881
0.00114716
-0.465659
-0.450889
-0.443641
-0.398452
-0.345243
-0.286664
-0.245768
-0.215813
-0.191141
-0.170501
-0.153859
-0.153082
-0.169769
-0.212324
-0.272244
-0.309933
-0.293719
-0.237852
-0.175395
-0.12523
-0.0909135
-0.0704798
-0.059897
-0.0620027
-0.0700925
-0.0715792
-0.0652868
-0.0604896
-0.0623081
-0.0651496
-0.0736703
-0.0919719
-0.107045
-0.103413
-0.0835998
-0.0640939
-0.0502813
-0.0384422
-0.0297414
-0.0196244
-0.0165132
-0.0207705
-0.0260032
-0.0303577
-0.0311543
-0.0289881
-0.0331391
-0.0405063
-0.0423614
-0.0324178
-0.0265093
-0.0190596
-0.0245708
-0.0271797
-0.0286534
-0.0212121
-0.0267842
-0.0293499
-0.0231321
0.00112642
-0.469762
-0.454747
-0.447292
-0.400009
-0.342961
-0.279439
-0.233678
-0.200927
-0.176073
-0.157779
-0.143826
-0.145754
-0.165429
-0.211233
-0.273818
-0.312609
-0.296277
-0.239655
-0.176347
-0.125488
-0.0904939
-0.0694258
-0.0582233
-0.0594266
-0.0668896
-0.0681969
-0.0624322
-0.0586209
-0.0613927
-0.0650288
-0.0743084
-0.0934136
-0.109113
-0.10554
-0.0851426
-0.0648579
-0.0505699
-0.0384199
-0.0294951
-0.0191325
-0.0158294
-0.0200457
-0.0253789
-0.030059
-0.0312375
-0.0293677
-0.0335409
-0.0410088
-0.0426975
-0.032539
-0.0264352
-0.0188078
-0.0242391
-0.0269033
-0.0285348
-0.0213749
-0.0270477
-0.0297952
-0.0233762
0.00110639
-0.473543
-0.458262
-0.450711
-0.401528
-0.340906
-0.272694
-0.22215
-0.186472
-0.161155
-0.144926
-0.133496
-0.138018
-0.16066
-0.209721
-0.274945
-0.314863
-0.298535
-0.241294
-0.177227
-0.125725
-0.0900962
-0.0684127
-0.0566161
-0.056939
-0.0637833
-0.0648951
-0.0596084
-0.0567451
-0.0604453
-0.0648652
-0.0748949
-0.0947996
-0.111128
-0.10763
-0.0866716
-0.0656174
-0.0508578
-0.0384049
-0.0292677
-0.0186711
-0.0151696
-0.0193339
-0.0247547
-0.0297581
-0.0313232
-0.0297491
-0.0339386
-0.0415083
-0.0430285
-0.032659
-0.026362
-0.0185584
-0.0239063
-0.0266268
-0.0284112
-0.0215359
-0.0273091
-0.0302414
-0.0236203
0.00108715
-0.47693
-0.461414
-0.453863
-0.402981
-0.339067
-0.266446
-0.211234
-0.172511
-0.146254
-0.131987
-0.122899
-0.129893
-0.155472
-0.207786
-0.275621
-0.316693
-0.300491
-0.242767
-0.178038
-0.125946
-0.0897226
-0.0674428
-0.0550767
-0.054543
-0.0607782
-0.0616816
-0.0568219
-0.0548653
-0.0594668
-0.0646575
-0.0754273
-0.0961268
-0.113085
-0.109682
-0.0881858
-0.0663725
-0.0511451
-0.0383969
-0.0290585
-0.0182398
-0.0145342
-0.0186359
-0.024131
-0.0294548
-0.0314112
-0.0301319
-0.0343319
-0.0420045
-0.0433545
-0.0327777
-0.0262898
-0.0183117
-0.0235725
-0.0263502
-0.0282825
-0.0216952
-0.0275683
-0.0306885
-0.0238645
0.00106878
-0.47987
-0.464257
-0.456725
-0.404343
-0.337432
-0.260708
-0.200977
-0.159122
-0.13139
-0.11902
-0.112068
-0.121405
-0.149877
-0.205434
-0.275844
-0.318097
-0.302144
-0.244077
-0.178781
-0.126153
-0.0893746
-0.0665181
-0.053606
-0.0522408
-0.0578778
-0.0585635
-0.0540791
-0.0529847
-0.058458
-0.0644046
-0.0759032
-0.0973924
-0.114983
-0.111693
-0.0896841
-0.0671237
-0.051432
-0.0383958
-0.0288669
-0.0178383
-0.0139235
-0.0179525
-0.0235079
-0.0291491
-0.0315012
-0.030516
-0.0347206
-0.0424973
-0.0436752
-0.0328951
-0.0262188
-0.0180676
-0.0232378
-0.0260737
-0.0281486
-0.0218526
-0.0278252
-0.0311364
-0.0241087
0.00105137
-0.482489
-0.466712
-0.459255
-0.405583
-0.335988
-0.255488
-0.191419
-0.146377
-0.117122
-0.106044
-0.101046
-0.112584
-0.143892
-0.202668
-0.275614
-0.319078
-0.303493
-0.245223
-0.179461
-0.126347
-0.0890539
-0.0656405
-0.0522045
-0.0500338
-0.055085
-0.0555471
-0.0513865
-0.0511069
-0.0574202
-0.0641057
-0.0763203
-0.0985938
-0.116817
-0.113659
-0.0911651
-0.067871
-0.0517187
-0.0384014
-0.028692
-0.017466
-0.0133376
-0.0172841
-0.0228857
-0.0288408
-0.031593
-0.0309012
-0.0351044
-0.0429863
-0.0439906
-0.0330112
-0.0261491
-0.0178263
-0.0229023
-0.0257973
-0.0280095
-0.0220081
-0.0280797
-0.031585
-0.0243529
0.00103501
-0.484752
-0.468754
-0.461422
-0.40669
-0.334733
-0.250792
-0.182597
-0.134334
-0.103854
-0.0927701
-0.0898769
-0.103464
-0.137538
-0.199497
-0.274935
-0.319637
-0.304541
-0.246208
-0.180079
-0.126533
-0.0887615
-0.0648116
-0.0508725
-0.0479231
-0.0524023
-0.0526381
-0.0487504
-0.0492352
-0.0563547
-0.06376
-0.0766767
-0.0997285
-0.118587
-0.11558
-0.0926277
-0.0686149
-0.0520053
-0.0384136
-0.028533
-0.0171224
-0.0127768
-0.0166316
-0.0222648
-0.0285298
-0.0316865
-0.0312872
-0.0354829
-0.0434713
-0.0443005
-0.0331258
-0.0260807
-0.0175877
-0.0225661
-0.0255211
-0.027865
-0.0221615
-0.0283315
-0.0320342
-0.0245972
0.00101977
-0.486633
-0.470386
-0.46321
-0.407646
-0.333657
-0.246623
-0.17454
-0.123039
-0.0910438
-0.0797715
-0.0786164
-0.0940871
-0.130837
-0.195931
-0.273811
-0.319778
-0.305287
-0.247031
-0.180639
-0.126711
-0.0884984
-0.0640329
-0.0496101
-0.0459088
-0.0498309
-0.0498412
-0.0461773
-0.0473736
-0.0552629
-0.0633669
-0.0769704
-0.100794
-0.120289
-0.117453
-0.0940705
-0.0693554
-0.052292
-0.0384321
-0.0283892
-0.0168068
-0.0122411
-0.0159955
-0.0216453
-0.0282159
-0.0317815
-0.0316738
-0.0358559
-0.0439519
-0.0446047
-0.033239
-0.0260139
-0.017352
-0.0222293
-0.0252452
-0.0277152
-0.0223127
-0.0285806
-0.0324839
-0.0248413
0.00100574
-0.488136
-0.471613
-0.464621
-0.408473
-0.332684
-0.242998
-0.167268
-0.11254
-0.0787187
-0.067131
-0.0673231
-0.0844984
-0.123816
-0.191981
-0.27225
-0.319508
-0.305736
-0.247694
-0.181141
-0.126884
-0.0882655
-0.0633056
-0.0484171
-0.0439907
-0.0473716
-0.0471605
-0.0436732
-0.0455257
-0.0541467
-0.0629259
-0.0771997
-0.10179
-0.121921
-0.119276
-0.0954924
-0.0700929
-0.052579
-0.0384567
-0.0282596
-0.0165187
-0.0117307
-0.0153764
-0.0210275
-0.027899
-0.0318776
-0.0320608
-0.0362231
-0.0444279
-0.0449031
-0.0333507
-0.0259487
-0.0171192
-0.0218921
-0.0249697
-0.0275599
-0.0224617
-0.0288268
-0.032934
-0.0250855
0.000993013
-0.489268
-0.472442
-0.465636
-0.40912
-0.331842
-0.239905
-0.160807
-0.102881
-0.0669353
-0.054915
-0.0560643
-0.0747487
-0.116505
-0.18766
-0.270261
-0.318834
-0.305889
-0.248199
-0.18159
-0.127055
-0.088063
-0.0626307
-0.047293
-0.0421678
-0.0450244
-0.0445989
-0.0412441
-0.0436956
-0.0530078
-0.0624368
-0.0773633
-0.102713
-0.123482
-0.121047
-0.0968918
-0.0708274
-0.0528664
-0.0384873
-0.0281434
-0.0162571
-0.0112456
-0.0147748
-0.0204118
-0.027579
-0.0319748
-0.032448
-0.0365842
-0.0448989
-0.0451955
-0.0334608
-0.0258852
-0.0168893
-0.0215545
-0.0246947
-0.027399
-0.0226083
-0.0290699
-0.0333843
-0.0253294
0.000981656
-0.490034
-0.472881
-0.466245
-0.409581
-0.331154
-0.237282
-0.155185
-0.0941027
-0.0557639
-0.0431872
-0.0449126
-0.0648929
-0.108938
-0.182984
-0.267854
-0.317763
-0.30575
-0.248547
-0.181985
-0.127224
-0.0878915
-0.0620092
-0.0462375
-0.0404389
-0.0427885
-0.0421584
-0.0388953
-0.0418872
-0.0518482
-0.0618994
-0.0774597
-0.103562
-0.12497
-0.122764
-0.0982674
-0.0715591
-0.0531544
-0.0385238
-0.0280399
-0.0160215
-0.0107858
-0.0141912
-0.0197982
-0.0272556
-0.0320728
-0.0328352
-0.036939
-0.0453645
-0.0454819
-0.0335693
-0.0258237
-0.0166626
-0.0212168
-0.0244202
-0.0272327
-0.0227525
-0.0293098
-0.0338347
-0.0255732
0.000971756
-0.490433
-0.472945
-0.466445
-0.409854
-0.330591
-0.235159
-0.150372
-0.0862436
-0.045564
-0.0317785
-0.0339428
-0.0549896
-0.101148
-0.17797
-0.265041
-0.316303
-0.305322
-0.248739
-0.18233
-0.127394
-0.0877509
-0.0614417
-0.0452497
-0.0388023
-0.0406624
-0.0398403
-0.0366318
-0.0401046
-0.0506702
-0.0613139
-0.0774878
-0.104337
-0.126385
-0.124427
-0.0996177
-0.0722881
-0.0534432
-0.0385659
-0.0279482
-0.0158109
-0.0103512
-0.0136261
-0.019187
-0.0269288
-0.0321713
-0.033222
-0.037287
-0.0458245
-0.0457619
-0.033676
-0.0257641
-0.0164389
-0.020879
-0.0241465
-0.0270607
-0.0228942
-0.0295464
-0.0342851
-0.0258167
0.000963391
-0.490462
-0.47265
-0.466235
-0.409937
-0.330148
-0.233576
-0.146296
-0.0793174
-0.0362611
-0.0209281
-0.0232302
-0.0451002
-0.0931733
-0.172635
-0.261836
-0.314465
-0.30461
-0.248776
-0.182625
-0.127567
-0.0876414
-0.0609286
-0.0443289
-0.0372561
-0.0386439
-0.0376447
-0.0344582
-0.0383519
-0.0494759
-0.0606806
-0.0774467
-0.105037
-0.127725
-0.126034
-0.100941
-0.0730143
-0.053733
-0.0386136
-0.0278674
-0.0156245
-0.00994186
-0.0130799
-0.0185785
-0.0265983
-0.0322701
-0.0336084
-0.0376282
-0.0462785
-0.0460356
-0.033781
-0.0257066
-0.0162185
-0.0205414
-0.0238735
-0.026883
-0.0230332
-0.0297794
-0.0347354
-0.0260599
0.00095664
-0.490106
-0.472016
-0.465621
-0.409829
-0.329824
-0.232458
-0.143068
-0.0732646
-0.0278718
-0.0107304
-0.0128516
-0.0352884
-0.085053
-0.167001
-0.258252
-0.31226
-0.303617
-0.24866
-0.182872
-0.127744
-0.0875626
-0.0604699
-0.0434743
-0.0357981
-0.03673
-0.035571
-0.0323785
-0.036633
-0.048268
-0.0599998
-0.0773357
-0.10566
-0.128989
-0.127585
-0.102236
-0.0737379
-0.0540241
-0.0386666
-0.0277968
-0.0154612
-0.00955757
-0.012553
-0.0179727
-0.026264
-0.032369
-0.033994
-0.0379622
-0.046726
-0.0463026
-0.033884
-0.0256514
-0.0160013
-0.020204
-0.0236014
-0.0266997
-0.0231694
-0.0300088
-0.0351853
-0.0263026
0.000951582
-0.489344
-0.471064
-0.46461
-0.40953
-0.329609
-0.231792
-0.140684
-0.0681597
-0.0203633
-0.0012412
-0.00288541
-0.0256192
-0.0768276
-0.161088
-0.254305
-0.309696
-0.302349
-0.248391
-0.18307
-0.127925
-0.087514
-0.0600655
-0.0426848
-0.0344259
-0.0349173
-0.0336175
-0.0303961
-0.0349522
-0.047049
-0.0592723
-0.077154
-0.106206
-0.130177
-0.129079
-0.103501
-0.0744586
-0.0543166
-0.038725
-0.0277356
-0.0153201
-0.00919816
-0.0120456
-0.0173699
-0.0259257
-0.0324677
-0.0343787
-0.0382887
-0.0471667
-0.0465629
-0.0339851
-0.0255984
-0.0157874
-0.0198671
-0.0233303
-0.0265106
-0.0233028
-0.0302343
-0.0356347
-0.0265449
0.000948292
-0.488145
-0.469813
-0.463213
-0.409043
-0.329496
-0.231561
-0.139047
-0.0640935
-0.0137474
0.00747831
0.00659234
-0.0161575
-0.0685387
-0.154917
-0.250012
-0.306784
-0.30081
-0.247972
-0.183222
-0.128112
-0.087496
-0.0597155
-0.04196
-0.0331375
-0.0332021
-0.0317822
-0.0285082
-0.0333131
-0.0458216
-0.0584988
-0.0769012
-0.106676
-0.131288
-0.130519
-0.104735
-0.0751764
-0.0546108
-0.0387885
-0.027683
-0.0152002
-0.00886349
-0.0115582
-0.0167702
-0.0255833
-0.032566
-0.0347622
-0.0386074
-0.0476002
-0.0468161
-0.034084
-0.0255479
-0.0155769
-0.019531
-0.0230604
-0.0263157
-0.0234332
-0.0304557
-0.0360834
-0.0267865
0.000946843
-0.48647
-0.46828
-0.461447
-0.40837
-0.329476
-0.231743
-0.138129
-0.0609692
-0.00811848
0.0154716
0.01551
-0.00696739
-0.0602286
-0.148512
-0.245387
-0.303535
-0.299002
-0.247403
-0.183329
-0.12831
-0.0875106
-0.0594215
-0.0413003
-0.0319315
-0.0315806
-0.030063
-0.026715
-0.0317196
-0.0445887
-0.0576803
-0.076577
-0.107068
-0.132322
-0.131956
-0.105934
-0.0758911
-0.0549071
-0.0388573
-0.0276385
-0.0151008
-0.00855365
-0.0110912
-0.0161738
-0.0252364
-0.0326637
-0.0351442
-0.0389181
-0.0480258
-0.047062
-0.0341807
-0.0255001
-0.0153702
-0.0191958
-0.0227917
-0.0261149
-0.0235605
-0.030673
-0.0365313
-0.0270274
0.000947307
-0.484272
-0.466481
-0.459329
-0.407519
-0.329547
-0.23232
-0.137909
-0.0587607
-0.00346122
0.0226414
0.0237903
0.00188857
-0.0519395
-0.141896
-0.240448
-0.299957
-0.296925
-0.246685
-0.183392
-0.128519
-0.087557
-0.0591822
-0.0407045
-0.0308049
-0.0300476
-0.0284568
-0.0251503
-0.0301759
-0.0433537
-0.0568183
-0.0761812
-0.107383
-0.133278
-0.133289
-0.107097
-0.0766025
-0.0552058
-0.0389311
-0.0276013
-0.0150207
-0.00826836
-0.010645
-0.0155808
-0.0248851
-0.0327604
-0.0355244
-0.0392202
-0.0484428
-0.0473004
-0.034275
-0.0254548
-0.015167
-0.0188618
-0.0225246
-0.0259084
-0.0236847
-0.0308858
-0.036978
-0.0272675
0.000949767
-0.481501
-0.46442
-0.456876
-0.406488
-0.329688
-0.23325
-0.138331
-0.0574276
0.00024704
0.0242541
0.0313689
0.0103503
-0.0437144
-0.135094
-0.235208
-0.296058
-0.294588
-0.245815
-0.183399
-0.128723
-0.0876202
-0.0589847
-0.0401629
-0.0297491
-0.0285924
-0.0269535
-0.0235415
-0.0286848
-0.0421195
-0.0559141
-0.0757139
-0.10762
-0.134157
-0.134458
-0.108225
-0.07731
-0.0555057
-0.0390091
-0.0275697
-0.014956
-0.0080047
-0.0102184
-0.0149908
-0.0245288
-0.032856
-0.0359028
-0.0395142
-0.0488512
-0.0475328
-0.0343674
-0.0254116
-0.0149663
-0.0185288
-0.0222587
-0.025696
-0.0238057
-0.0310941
-0.0374236
-0.027507
0.000954339
-0.478108
-0.462104
-0.454112
-0.405263
-0.329841
-0.234434
-0.139279
-0.0568664
0.00311121
0.0304499
0.0382429
0.0183632
-0.035599
-0.128134
-0.229699
-0.291873
-0.292022
-0.244801
-0.183333
-0.128904
-0.0876832
-0.0588138
-0.0396649
-0.0287579
-0.0272056
-0.0255384
-0.022028
-0.0272438
-0.0408858
-0.0549679
-0.0751752
-0.107782
-0.134963
-0.135559
-0.109322
-0.0780118
-0.0558052
-0.0390907
-0.0275426
-0.0149029
-0.00775829
-0.00980698
-0.014402
-0.024167
-0.0329504
-0.0362802
-0.0398011
-0.0492518
-0.0477604
-0.034458
-0.0253704
-0.0147673
-0.0181959
-0.0219934
-0.0254775
-0.0239234
-0.031298
-0.0378683
-0.0277457
0.000961094
-0.474071
-0.459559
-0.451097
-0.403887
-0.330036
-0.235881
-0.140744
-0.0570599
0.00511531
0.0355788
0.0443584
0.0258821
-0.0276307
-0.121042
-0.223939
-0.287423
-0.289223
-0.243659
-0.183248
-0.12913
-0.087812
-0.0587234
-0.0392527
-0.0278646
-0.0259139
-0.0242317
-0.0206231
-0.0258563
-0.0396546
-0.0539801
-0.0745648
-0.107868
-0.135694
-0.136615
-0.110371
-0.0787069
-0.0561109
-0.0391804
-0.027525
-0.0148741
-0.00754265
-0.00941745
-0.0138167
-0.0237996
-0.033043
-0.0366545
-0.0400772
-0.0496449
-0.0479739
-0.0345433
-0.0253353
-0.014578
-0.0178668
-0.0217305
-0.025253
-0.0240376
-0.0314967
-0.0383105
-0.027982
0.000969756
-0.469383
-0.456777
-0.447912
-0.402575
-0.330639
-0.23806
-0.143208
-0.0584392
0.00589195
0.0392809
0.0495659
0.0328258
-0.0198003
-0.113728
-0.217729
-0.282424
-0.285951
-0.242377
-0.1833
-0.129602
-0.0881818
-0.058862
-0.0390402
-0.027138
-0.0247802
-0.02313
-0.0194169
-0.0245941
-0.038477
-0.0529743
-0.0738838
-0.107857
-0.136278
-0.137517
-0.111308
-0.0794037
-0.0564457
-0.0392887
-0.0275283
-0.0149091
-0.00741079
-0.00910286
-0.0132608
-0.0234341
-0.0331291
-0.0370098
-0.0403207
-0.0500008
-0.0481462
-0.0346165
-0.0253151
-0.0144197
-0.0175567
-0.0214835
-0.0250253
-0.0241455
-0.0316864
-0.0387441
-0.0282117
0.000979708
-0.463781
-0.453524
-0.444344
-0.401166
-0.33156
-0.240946
-0.146677
-0.0610201
0.00538689
0.0415164
0.0537479
0.0390003
-0.0122169
-0.106111
-0.210815
-0.276522
-0.282019
-0.240826
-0.183335
-0.130141
-0.0886126
-0.0590804
-0.0389007
-0.0264437
-0.0236783
-0.0221765
-0.0184551
-0.0235384
-0.0374327
-0.0520045
-0.0731396
-0.107705
-0.136646
-0.138144
-0.112158
-0.0801167
-0.0568001
-0.039401
-0.0275339
-0.0149748
-0.00733713
-0.00888903
-0.0127444
-0.0230753
-0.0332049
-0.0373392
-0.04053
-0.0502856
-0.0482982
-0.0346879
-0.0252991
-0.0142704
-0.0172603
-0.0212561
-0.024797
-0.024245
-0.0318654
-0.0391709
-0.0284386
0.00099238
-0.456667
-0.449706
-0.439868
-0.397989
-0.32994
-0.240896
-0.147297
-0.0611873
0.00659284
0.0444482
0.0581129
0.0445242
-0.00582753
-0.0998972
-0.205608
-0.272204
-0.278934
-0.2389
-0.182222
-0.129384
-0.0878848
-0.0583188
-0.0379859
-0.0251789
-0.0220175
-0.0205801
-0.0169842
-0.0221007
-0.0360312
-0.0507666
-0.072315
-0.107741
-0.137604
-0.139474
-0.113414
-0.0808041
-0.0570021
-0.0394237
-0.0274341
-0.0147393
-0.00686675
-0.00831577
-0.0119728
-0.0226212
-0.0333257
-0.0378291
-0.0409325
-0.0507382
-0.0486734
-0.0348254
-0.0252076
-0.0139298
-0.0168334
-0.020912
-0.0245296
-0.0243704
-0.0320775
-0.0396522
-0.0286992
0.00101581
-0.446964
-0.446146
-0.435193
-0.392829
-0.324421
-0.235594
-0.142181
-0.0556795
0.0131036
0.0529483
0.0669185
0.0535016
0.00151168
-0.0966818
-0.206687
-0.274926
-0.279527
-0.237486
-0.179776
-0.126846
-0.0855145
-0.0559418
-0.0356999
-0.0230151
-0.0192385
-0.0169167
-0.012694
-0.0177515
-0.0317199
-0.0471976
-0.0709487
-0.109652
-0.142084
-0.144675
-0.116312
-0.0816472
-0.0569826
-0.0393859
-0.0271989
-0.0137642
-0.00515806
-0.00573622
-0.00994665
-0.021625
-0.0336982
-0.0391114
-0.0421296
-0.0525301
-0.0497501
-0.0351596
-0.0249442
-0.013057
-0.0159079
-0.0200123
-0.0240252
-0.0246586
-0.0324852
-0.0404109
-0.0291081
0.00106031
-0.435846
-0.437431
-0.424416
-0.38198
-0.314701
-0.228053
-0.136803
-0.0517717
0.0163157
0.0562826
0.0706864
0.0577507
0.00583871
-0.0924072
-0.201744
-0.268239
-0.272362
-0.231015
-0.174802
-0.123334
-0.0830234
-0.0541037
-0.0340909
-0.0213363
-0.017301
-0.014985
-0.0109472
-0.0160647
-0.0299149
-0.0456865
-0.0703248
-0.110174
-0.14353
-0.146098
-0.117341
-0.0817873
-0.0567026
-0.0390273
-0.0268277
-0.0133331
-0.00466573
-0.00530326
-0.00917316
-0.021159
-0.0339786
-0.0398777
-0.0427286
-0.0527119
-0.0501957
-0.0351653
-0.0247165
-0.0126233
-0.015482
-0.0194593
-0.0237692
-0.0248464
-0.0327852
-0.0410116
-0.0294815
0.00108602
-0.4263
-0.427191
-0.412188
-0.369941
-0.304176
-0.220118
-0.131476
-0.0484172
0.0184767
0.0583045
0.0722968
0.0592303
0.00745096
-0.0894293
-0.196118
-0.260467
-0.263895
-0.223737
-0.169418
-0.11962
-0.0804468
-0.0522542
-0.032529
-0.0197706
-0.0155627
-0.0133674
-0.00962167
-0.0150636
-0.0290717
-0.0451567
-0.0702067
-0.110263
-0.143926
-0.14694
-0.117929
-0.081732
-0.0563162
-0.0385883
-0.0264247
-0.0129668
-0.00437582
-0.00492673
-0.00882091
-0.0209351
-0.0342418
-0.0404549
-0.0431452
-0.0531305
-0.0505166
-0.0351174
-0.0244889
-0.0122612
-0.0151619
-0.019033
-0.0236057
-0.0249795
-0.0330371
-0.0415566
-0.0298436
0.00110801
-0.417567
-0.416196
-0.39961
-0.357855
-0.293817
-0.212517
-0.126651
-0.0457584
0.0198017
0.0593272
0.0729266
0.0597487
0.00821055
-0.0870515
-0.190826
-0.252726
-0.255296
-0.216283
-0.163885
-0.115807
-0.0777969
-0.0503333
-0.0309201
-0.0182063
-0.0138216
-0.0116853
-0.00815145
-0.0138548
-0.0280149
-0.0444529
-0.0700233
-0.110423
-0.144508
-0.147949
-0.118513
-0.0816314
-0.0558815
-0.0381256
-0.0260049
-0.0125679
-0.00401366
-0.00441859
-0.00837135
-0.0206834
-0.0345489
-0.0411132
-0.043625
-0.0535772
-0.0508547
-0.0350684
-0.0242478
-0.0118693
-0.0148
-0.0185719
-0.0234141
-0.0251123
-0.0332987
-0.0421197
-0.0302081
0.00112953
-0.408762
-0.404543
-0.386734
-0.345753
-0.283667
-0.205321
-0.122433
-0.0439467
0.0200772
0.0590725
0.0723987
0.0593004
0.00838626
-0.084844
-0.185412
-0.244475
-0.246296
-0.208524
-0.158175
-0.111905
-0.0751011
-0.0483851
-0.0293139
-0.0166796
-0.0121313
-0.0100401
-0.00668899
-0.0125544
-0.0267622
-0.0434956
-0.0696743
-0.110614
-0.145184
-0.148815
-0.118988
-0.0814505
-0.0553918
-0.0376295
-0.0255651
-0.0121629
-0.00364333
-0.00389026
-0.00785373
-0.0204016
-0.0349025
-0.041849
-0.0441424
-0.0539906
-0.051178
-0.0350028
-0.0239942
-0.0114703
-0.0144245
-0.0180847
-0.0231954
-0.0252472
-0.0335669
-0.0426883
-0.0305697
0.00114939
-0.39959
-0.392377
-0.373625
-0.333664
-0.273731
-0.19851
-0.118786
-0.0429409
0.0193173
0.0576051
0.0706411
0.0577402
0.00786049
-0.0827316
-0.179593
-0.235653
-0.23682
-0.20046
-0.152304
-0.107927
-0.07237
-0.0464197
-0.0277208
-0.0151996
-0.0105103
-0.0084694
-0.00530345
-0.0112861
-0.0254873
-0.0424523
-0.0692181
-0.110709
-0.145713
-0.149471
-0.1193
-0.0811711
-0.0548404
-0.0370941
-0.0251033
-0.0117604
-0.00329742
-0.00339446
-0.00735011
-0.0201315
-0.0352924
-0.0426216
-0.0446593
-0.0543748
-0.0514699
-0.0349152
-0.0237286
-0.0110746
-0.0140535
-0.0175941
-0.0229693
-0.0253749
-0.0338308
-0.0432503
-0.0309262
0.00116709
-0.389971
-0.37988
-0.360431
-0.321687
-0.264061
-0.192084
-0.115664
-0.0426545
0.0176353
0.0550673
0.0677731
0.0551444
0.00665162
-0.0807021
-0.173359
-0.226321
-0.226923
-0.192146
-0.146305
-0.103888
-0.0696117
-0.0444399
-0.026141
-0.0137645
-0.00895673
-0.00696626
-0.00398517
-0.0100597
-0.0242348
-0.0413896
-0.0686831
-0.110651
-0.146024
-0.149914
-0.119435
-0.0807868
-0.0542241
-0.0365177
-0.0246182
-0.0113598
-0.00297774
-0.00293609
-0.00688095
-0.0198867
-0.0357152
-0.0434211
-0.0451698
-0.0547292
-0.0517273
-0.0348041
-0.0234503
-0.0106831
-0.0136876
-0.0171046
-0.0227413
-0.0254908
-0.0340866
-0.0438029
-0.0312758
0.0011825
-0.379857
-0.36722
-0.347291
-0.309913
-0.254703
-0.186041
-0.113021
-0.0429956
0.0151561
0.0516005
0.0639626
0.0516824
0.00488256
-0.0787135
-0.166747
-0.216526
-0.216675
-0.183639
-0.14021
-0.0998037
-0.0668352
-0.0424501
-0.0245756
-0.0123724
-0.00746801
-0.00552189
-0.00272088
-0.00885802
-0.0229893
-0.0402975
-0.0680612
-0.110433
-0.146121
-0.150129
-0.119381
-0.0802909
-0.0535401
-0.0358986
-0.0241081
-0.0109604
-0.00268398
-0.00251373
-0.00644296
-0.0196663
-0.0361729
-0.0442523
-0.0456765
-0.0550528
-0.0519469
-0.0346676
-0.0231587
-0.0102961
-0.0133261
-0.0166151
-0.0225097
-0.0255935
-0.0343332
-0.0443443
-0.0316167
0.00119556
-0.369247
-0.354539
-0.334319
-0.298411
-0.245683
-0.180367
-0.110801
-0.043867
0.0120096
0.0473546
0.0593772
0.0475289
0.00269329
-0.0767059
-0.15978
-0.206325
-0.206154
-0.174999
-0.134054
-0.0956914
-0.0640494
-0.0404549
-0.0230263
-0.0110218
-0.00604258
-0.00413026
-0.00150357
-0.00767073
-0.0217359
-0.0391574
-0.0673382
-0.11005
-0.145999
-0.150098
-0.119122
-0.0796758
-0.0527853
-0.0352349
-0.0235714
-0.0105615
-0.00241775
-0.00212976
-0.00603519
-0.0194694
-0.0366685
-0.0451188
-0.0461798
-0.0553425
-0.0521244
-0.0345032
-0.0228528
-0.00991443
-0.0129695
-0.0161252
-0.0222726
-0.025682
-0.0345691
-0.0448719
-0.0319468
0.00120615
-0.358242
-0.341949
-0.321601
-0.287231
-0.237017
-0.175038
-0.108944
-0.0451686
0.00833004
0.0424861
0.0541826
0.0428519
0.000217754
-0.0746211
-0.152482
-0.195792
-0.195446
-0.16629
-0.127871
-0.0915672
-0.061263
-0.0384594
-0.0214945
-0.0097108
-0.0046786
-0.00278601
-0.000327007
-0.00649217
-0.0204684
-0.0379604
-0.066504
-0.109492
-0.145639
-0.149798
-0.118644
-0.0789343
-0.0519568
-0.0345249
-0.0230062
-0.0101625
-0.00218108
-0.00178826
-0.00566089
-0.0192978
-0.0372038
-0.0460217
-0.0466784
-0.0555936
-0.0522549
-0.0343086
-0.0225319
-0.00953926
-0.0126187
-0.0156355
-0.0220294
-0.0257546
-0.0347921
-0.0453824
-0.0322637
0.0012142
-0.346925
-0.329537
-0.309201
-0.276403
-0.228708
-0.170029
-0.10739
-0.0468017
0.00424973
0.0371501
0.0485413
0.0378139
-0.00241654
-0.0724122
-0.144891
-0.185017
-0.184646
-0.157577
-0.121697
-0.0874477
-0.0584845
-0.0364685
-0.0199814
-0.00843746
-0.00337372
-0.00148383
0.00081544
-0.0053176
-0.0191833
-0.0367026
-0.0655497
-0.108743
-0.145023
-0.149211
-0.117934
-0.0780593
-0.0510519
-0.0337666
-0.0224106
-0.00976259
-0.00197582
-0.00149338
-0.00532422
-0.0191534
-0.0377797
-0.0469609
-0.0471703
-0.0558017
-0.0523333
-0.034081
-0.022195
-0.00917164
-0.0122745
-0.0151464
-0.0217795
-0.025809
-0.0349995
-0.0458722
-0.032565
0.00121963
-0.335396
-0.317364
-0.297164
-0.265946
-0.220751
-0.16531
-0.10608
-0.0486737
-0.000107651
0.0314927
0.0426065
0.0325665
-0.00509371
-0.0700517
-0.137072
-0.174109
-0.173856
-0.148927
-0.115567
-0.0833487
-0.055722
-0.0344873
-0.0184879
-0.00719954
-0.00212507
-0.000218739
0.00193016
-0.00414264
-0.0178764
-0.0353793
-0.0644657
-0.107786
-0.144134
-0.148318
-0.116978
-0.0770439
-0.0500681
-0.0329584
-0.0217828
-0.0093608
-0.00180365
-0.00124909
-0.00502902
-0.0190378
-0.0383964
-0.0479361
-0.0476536
-0.0559618
-0.0523543
-0.0338175
-0.0218413
-0.00881262
-0.0119375
-0.0146584
-0.0215221
-0.0258431
-0.0351887
-0.0463377
-0.0328479
0.00122238
-0.323752
-0.305472
-0.285515
-0.255869
-0.213136
-0.160851
-0.104962
-0.0507008
-0.00468141
0.0256464
0.0365152
0.0272428
-0.00771876
-0.0675374
-0.12911
-0.163194
-0.163179
-0.140401
-0.109514
-0.0792855
-0.0529831
-0.0325207
-0.0170149
-0.00599474
-0.000929182
0.00101386
0.0030231
-0.00296364
-0.0165431
-0.0339842
-0.0632412
-0.106605
-0.142955
-0.1471
-0.115762
-0.0758815
-0.0490027
-0.0320985
-0.0211206
-0.00895597
-0.00166604
-0.00105931
-0.00477884
-0.0189523
-0.0390535
-0.0489466
-0.0481259
-0.0560686
-0.0523121
-0.0335149
-0.0214696
-0.00846321
-0.0116082
-0.0141715
-0.021256
-0.0258543
-0.0353567
-0.0467747
-0.0331095
0.00122243
-0.312079
-0.293885
-0.274269
-0.24617
-0.205848
-0.156623
-0.103986
-0.052809
-0.0092654
0.0197299
0.0303845
0.0219519
-0.0102247
-0.0648953
-0.121115
-0.152402
-0.152715
-0.13206
-0.103568
-0.0752725
-0.0502749
-0.0305737
-0.0155629
-0.00482071
0.000218017
0.00221814
0.00409985
-0.00177789
-0.0151791
-0.0325097
-0.0618645
-0.105187
-0.14147
-0.145541
-0.114275
-0.074566
-0.0478538
-0.0311853
-0.020422
-0.00854668
-0.00156424
-0.000927999
-0.00457713
-0.0188976
-0.0397499
-0.0499905
-0.0485844
-0.0561167
-0.0522005
-0.03317
-0.0210789
-0.00812437
-0.0112871
-0.0136857
-0.0209798
-0.0258399
-0.0355004
-0.0471788
-0.0333465
0.00121978
-0.300452
-0.282617
-0.263429
-0.236842
-0.198871
-0.1526
-0.103112
-0.0549376
-0.0138256
0.013842
0.0243103
0.016777
-0.0125747
-0.0621765
-0.113208
-0.141866
-0.142557
-0.123954
-0.0977568
-0.0713231
-0.0476037
-0.028651
-0.0141327
-0.00367512
0.00132119
0.00339802
0.00516576
-0.000583502
-0.0137803
-0.0309475
-0.0603237
-0.103515
-0.139663
-0.143625
-0.112506
-0.0730918
-0.0466194
-0.0302175
-0.0196848
-0.0081313
-0.00149921
-0.000859068
-0.00442717
-0.018874
-0.0404829
-0.0510651
-0.0490254
-0.0561
-0.0520132
-0.032779
-0.0206679
-0.00779697
-0.0109744
-0.0132009
-0.0206918
-0.025797
-0.0356162
-0.0475454
-0.0335556
0.00121448
-0.288934
-0.271675
-0.25299
-0.227876
-0.192184
-0.148757
-0.102304
-0.0570368
-0.0182933
0.00806329
0.0183675
0.0117767
-0.0147583
-0.0594488
-0.105516
-0.131708
-0.132785
-0.116127
-0.0921044
-0.0674496
-0.0449754
-0.0267571
-0.0127246
-0.0025557
0.00238558
0.00455724
0.00622607
0.000620714
-0.012343
-0.0292885
-0.058606
-0.101576
-0.137522
-0.141336
-0.110445
-0.0714541
-0.045298
-0.0291935
-0.0189069
-0.00770791
-0.00147155
-0.000856336
-0.00433201
-0.0188812
-0.0412487
-0.052166
-0.0494449
-0.0560124
-0.0517435
-0.032338
-0.0202354
-0.00748176
-0.0106702
-0.0127164
-0.0203898
-0.0257227
-0.0357005
-0.0478694
-0.0337331
0.00120659
-0.277576
-0.261057
-0.242945
-0.219257
-0.185771
-0.145072
-0.101533
-0.0590665
-0.0226142
0.00245665
0.0126132
0.0069886
-0.0167849
-0.056785
-0.0981514
-0.12203
-0.123463
-0.108614
-0.0866304
-0.0636628
-0.0423953
-0.024896
-0.0113393
-0.00146029
0.00341688
0.00569955
0.00728618
0.00183551
-0.0108633
-0.0275228
-0.0566978
-0.0993555
-0.135031
-0.138663
-0.108083
-0.0696489
-0.0438882
-0.0281124
-0.018086
-0.00727426
-0.00148144
-0.000923436
-0.0042943
-0.0189179
-0.0420415
-0.0532872
-0.0498379
-0.0558472
-0.0513844
-0.0318429
-0.0197799
-0.00717936
-0.0103744
-0.0122316
-0.0200716
-0.0256134
-0.0357495
-0.0481455
-0.033875
0.00119625
-0.266421
-0.25076
-0.233281
-0.210972
-0.179613
-0.141525
-0.100776
-0.0609955
-0.0267476
-0.00292998
0.00708866
0.00243437
-0.0186741
-0.0542514
-0.0912078
-0.112909
-0.114636
-0.101441
-0.0813504
-0.0599725
-0.0398681
-0.0230715
-0.00997722
-0.000386825
0.00442118
0.00682889
0.00835177
0.00306153
-0.00933683
-0.0256395
-0.0545846
-0.0968416
-0.132179
-0.135593
-0.105415
-0.0676731
-0.0423895
-0.0269729
-0.0172197
-0.00682774
-0.00152856
-0.00106367
-0.00431621
-0.0189818
-0.0428537
-0.0544208
-0.0501986
-0.0555975
-0.0509288
-0.0312893
-0.0193
-0.00689016
-0.0100867
-0.0117454
-0.0197342
-0.0254657
-0.035759
-0.0483681
-0.0339773
0.00118363
-0.2555
-0.24078
-0.223985
-0.203005
-0.173693
-0.138101
-0.100013
-0.0628003
-0.0306635
-0.00806161
0.00182325
-0.00187545
-0.0204482
-0.0518999
-0.0847513
-0.104396
-0.106335
-0.0946249
-0.0762763
-0.056387
-0.0373981
-0.0212868
-0.0086392
0.000666595
0.00540473
0.00794947
0.00942898
0.00429976
-0.00775823
-0.0236268
-0.0522508
-0.0940219
-0.128954
-0.132119
-0.102435
-0.0655249
-0.0408012
-0.0257744
-0.0163057
-0.00636536
-0.00161197
-0.00127981
-0.00439922
-0.0190693
-0.0436749
-0.0555563
-0.0505203
-0.0552561
-0.0503692
-0.0306723
-0.0187938
-0.00661437
-0.00980655
-0.0112562
-0.0193742
-0.0252758
-0.0357246
-0.0485314
-0.0340356
0.00116897
-0.244839
-0.231115
-0.215042
-0.195343
-0.167994
-0.134783
-0.0992283
-0.0644635
-0.0343412
-0.0129138
-0.00316333
-0.00593716
-0.0221262
-0.0497641
-0.0788179
-0.0965149
-0.0985721
-0.0881739
-0.0714163
-0.0529135
-0.034989
-0.0195448
-0.00732613
0.00170174
0.00637382
0.00906589
0.0105245
0.00555229
-0.00612026
-0.0214715
-0.0496795
-0.090886
-0.125348
-0.128233
-0.0991424
-0.0632038
-0.0391237
-0.024516
-0.0153416
-0.00588368
-0.00172999
-0.00157386
-0.00454391
-0.019175
-0.0444923
-0.0566807
-0.0507951
-0.0548158
-0.0496983
-0.0299872
-0.0182596
-0.00635189
-0.00953287
-0.0107622
-0.0189879
-0.0250396
-0.0356417
-0.0486292
-0.0340451
0.00115259
-0.234458
-0.221749
-0.206438
-0.187972
-0.1625
-0.131558
-0.0984113
-0.0659728
-0.0377669
-0.0174704
-0.00785861
-0.00975087
-0.0237217
-0.0478593
-0.0734179
-0.0892681
-0.0913471
-0.0820907
-0.0667755
-0.0495581
-0.0326442
-0.0178477
-0.00603911
0.00272021
0.00733454
0.0101832
0.0116458
0.00682326
-0.00441279
-0.0191584
-0.0468524
-0.087425
-0.121352
-0.123932
-0.0955385
-0.0607106
-0.0373575
-0.0231975
-0.0143251
-0.00537874
-0.00187997
-0.00194668
-0.00474967
-0.0192916
-0.0452899
-0.0577778
-0.051014
-0.054269
-0.0489086
-0.0292286
-0.0176953
-0.0061023
-0.00926446
-0.010261
-0.0185709
-0.024753
-0.0355057
-0.0486552
-0.0340011
0.00113487
-0.224371
-0.21268
-0.198158
-0.180877
-0.157199
-0.128416
-0.0975522
-0.0673197
-0.0409324
-0.0217219
-0.0122555
-0.0133185
-0.0252416
-0.046185
-0.0685406
-0.0826395
-0.0846493
-0.0763725
-0.0623564
-0.0463256
-0.0303668
-0.0161974
-0.00477943
0.00372345
0.00829261
0.0113066
0.0128013
0.00812013
-0.00262138
-0.0166696
-0.04375
-0.0836319
-0.116959
-0.119218
-0.091628
-0.058048
-0.0355037
-0.0218186
-0.0132536
-0.00484601
-0.00205807
-0.00239764
-0.00501432
-0.0194093
-0.0460479
-0.0588282
-0.0511666
-0.053608
-0.0479927
-0.028391
-0.0170987
-0.00586482
-0.00899964
-0.00974969
-0.0181182
-0.0244115
-0.0353116
-0.048603
-0.0338985
0.00111628
-0.214588
-0.203902
-0.190189
-0.174046
-0.152077
-0.125344
-0.096644
-0.0684989
-0.0438339
-0.0256639
-0.0163511
-0.0166431
-0.0266878
-0.0447297
-0.0641602
-0.0766013
-0.0784601
-0.0710124
-0.0581592
-0.0432198
-0.0281594
-0.0145953
-0.00354856
0.0047127
0.00925313
0.0124418
0.0140005
0.00945308
-0.000725542
-0.0139841
-0.0403519
-0.0795028
-0.112167
-0.114097
-0.0874198
-0.0552203
-0.0335641
-0.0203793
-0.0121249
-0.00428035
-0.00225896
-0.00292413
-0.00533368
-0.0195157
-0.0467433
-0.0598087
-0.0512413
-0.0528252
-0.0469435
-0.0274689
-0.0164673
-0.00563822
-0.00873634
-0.00922484
-0.0176241
-0.0240105
-0.0350545
-0.0484657
-0.033732
0.0010974
-0.205115
-0.195411
-0.182516
-0.167467
-0.147123
-0.122336
-0.0956811
-0.0695078
-0.0464709
-0.0292956
-0.0201454
-0.0197278
-0.0280584
-0.0434743
-0.0602421
-0.0711179
-0.072756
-0.0660005
-0.0541824
-0.0402436
-0.0260245
-0.0130425
-0.00234806
0.00568894
0.0102204
0.0135945
0.0152543
0.0108444
0.00130304
-0.0110766
-0.0366377
-0.0750367
-0.106975
-0.108578
-0.0829269
-0.0522339
-0.0315409
-0.0188799
-0.0109367
-0.00367592
-0.00247553
-0.00352104
-0.00570109
-0.0195952
-0.0473487
-0.0606924
-0.0512246
-0.051913
-0.0457542
-0.0264565
-0.0157983
-0.00542076
-0.00847201
-0.0086824
-0.0170827
-0.0235454
-0.0347293
-0.0482369
-0.0334962
0.0010789
-0.195958
-0.1872
-0.175129
-0.161129
-0.142326
-0.119382
-0.0946595
-0.0703458
-0.0488456
-0.0326196
-0.0236411
-0.0225766
-0.0293497
-0.0423957
-0.0567467
-0.0661497
-0.0675107
-0.0613248
-0.050423
-0.0373987
-0.0239643
-0.0115396
-0.00117949
0.00665288
0.0111979
0.0147699
0.0165744
0.012319
0.00350181
-0.00791783
-0.0325881
-0.0702368
-0.101385
-0.10268
-0.0781673
-0.0490972
-0.0294372
-0.0173209
-0.00968674
-0.00302611
-0.00269849
-0.00418022
-0.00610683
-0.019629
-0.0478328
-0.0614486
-0.051102
-0.0508641
-0.0444184
-0.0253479
-0.0150887
-0.00521016
-0.0082036
-0.00811768
-0.016487
-0.0230113
-0.034331
-0.0479096
-0.0331855
0.00106158
-0.187117
-0.179267
-0.168029
-0.155023
-0.137678
-0.116477
-0.0935765
-0.0710137
-0.0509621
-0.0356406
-0.0268428
-0.0251938
-0.0305572
-0.0414701
-0.0536329
-0.0616558
-0.0626962
-0.0569719
-0.0468769
-0.034686
-0.0219807
-0.0100873
-4.43461e-05
0.00760484
0.0121878
0.0159729
0.0179735
0.0139106
0.00591792
-0.00447433
-0.0281874
-0.0651109
-0.0954065
-0.0964261
-0.0731636
-0.045821
-0.0272564
-0.0157028
-0.00837309
-0.00232353
-0.00291612
-0.00488988
-0.0065376
-0.0195945
-0.0481601
-0.0620426
-0.0508572
-0.0496715
-0.0429304
-0.0241371
-0.0143349
-0.00500347
-0.00792755
-0.00752527
-0.0158297
-0.0224037
-0.0338547
-0.0474775
-0.0327943
0.00104634
-0.178594
-0.171606
-0.161182
-0.149138
-0.133169
-0.113614
-0.0924307
-0.0715138
-0.0528256
-0.0383651
-0.0297567
-0.0275844
-0.0316768
-0.0406743
-0.0508608
-0.057596
-0.0582841
-0.0529276
-0.0435394
-0.0321055
-0.0200754
-0.00868587
0.00105605
0.0085447
0.0131912
0.0172074
0.0194637
0.0156606
0.00860714
-0.000710194
-0.0234268
-0.0596725
-0.0890528
-0.0898478
-0.0679438
-0.0424182
-0.0250027
-0.0140268
-0.00699395
-0.00155995
-0.00311386
-0.00563402
-0.00697591
-0.0194652
-0.0482915
-0.0624364
-0.0504726
-0.0483288
-0.0412856
-0.0228184
-0.0135331
-0.00479704
-0.0076397
-0.00689901
-0.0151029
-0.0217178
-0.0332958
-0.046934
-0.0323169
0.00103426
-0.170388
-0.164214
-0.154591
-0.143466
-0.128794
-0.11079
-0.0912216
-0.0718479
-0.0544433
-0.0408015
-0.0323905
-0.0297542
-0.0327046
-0.039987
-0.0483932
-0.0539315
-0.0542466
-0.0491771
-0.0404048
-0.0296566
-0.0182498
-0.00733562
0.00212063
0.00947178
0.014208
0.0184755
0.0210554
0.0176159
0.0116302
0.00340977
-0.0183089
-0.0539415
-0.0823464
-0.0829849
-0.0625409
-0.0389039
-0.0226809
-0.012294
-0.00554783
-0.000726361
-0.00327409
-0.00639183
-0.00739956
-0.0192111
-0.0481844
-0.0625889
-0.049929
-0.0468301
-0.0394802
-0.0213863
-0.0126791
-0.00458638
-0.00733526
-0.00623196
-0.014298
-0.0209494
-0.0326497
-0.0462731
-0.0317476
0.00102653
-0.162496
-0.157087
-0.148247
-0.137998
-0.124545
-0.108
-0.08995
-0.0720217
-0.0558234
-0.0429594
-0.0347531
-0.0317096
-0.033638
-0.0393927
-0.0461953
-0.0506261
-0.0505566
-0.0457054
-0.0374669
-0.0273377
-0.0165049
-0.00603683
0.00314855
0.0103849
0.0152366
0.0197773
0.0227548
0.0198233
0.0150457
0.00791445
-0.0128533
-0.0479454
-0.0753182
-0.075885
-0.0569929
-0.0352955
-0.0202963
-0.0105058
-0.00403367
0.000186963
-0.00337586
-0.00713714
-0.00778117
-0.0187984
-0.0477937
-0.0624567
-0.0492068
-0.0451707
-0.0375117
-0.0198353
-0.011768
-0.00436611
-0.0070088
-0.0055163
-0.0134061
-0.0200943
-0.0319124
-0.0454891
-0.0310807
0.00102452
-0.154916
-0.150221
-0.142141
-0.132729
-0.120419
-0.105243
-0.0886173
-0.0720432
-0.0569755
-0.0448496
-0.0368544
-0.0334579
-0.0344757
-0.0388677
-0.0442353
-0.0476456
-0.0471883
-0.0424973
-0.0347193
-0.0251469
-0.0148414
-0.00478985
0.00413923
0.0112822
0.016274
0.02111
0.0245617
0.0223221
0.0188993
0.0128179
-0.00710204
-0.0417199
-0.0680101
-0.0686037
-0.0513423
-0.0316127
-0.0178552
-0.00866381
-0.00245089
0.00119034
-0.00339485
-0.00783802
-0.0080878
-0.0181898
-0.0470731
-0.0619955
-0.0482856
-0.0433467
-0.0353793
-0.0181608
-0.0107946
-0.00412977
-0.00665417
-0.00474334
-0.0124178
-0.0191492
-0.0310805
-0.0445768
-0.0303107
0.00102975
-0.147644
-0.143613
-0.136265
-0.127649
-0.116411
-0.102518
-0.0872259
-0.0719183
-0.0579099
-0.0464839
-0.0387054
-0.0350069
-0.0352174
-0.0383992
-0.0424844
-0.0449588
-0.0441169
-0.0395379
-0.0321552
-0.0230817
-0.0132596
-0.00359514
0.00509228
0.0121613
0.0173157
0.0224673
0.0264679
0.025136
0.0232085
0.0181077
-0.00112558
-0.0353096
-0.0604748
-0.0612041
-0.045635
-0.0278767
-0.0153643
-0.0067701
-0.000799542
0.00229447
-0.00330341
-0.00845642
-0.00828081
-0.017346
-0.0459762
-0.0611615
-0.0471451
-0.0413558
-0.0330838
-0.0163587
-0.00975285
-0.00386977
-0.00626441
-0.00390349
-0.0113236
-0.0181112
-0.0301511
-0.0435319
-0.0294325
0.00104392
-0.140675
-0.137259
-0.130615
-0.122753
-0.112519
-0.0998232
-0.0857788
-0.0716544
-0.0586378
-0.0478749
-0.0403178
-0.0363653
-0.0358642
-0.0379747
-0.0409167
-0.0425367
-0.0413191
-0.0368123
-0.0297672
-0.0211392
-0.0117594
-0.00245328
0.00600738
0.0130195
0.0183557
0.0238389
0.0284542
0.0282699
0.0279454
0.0237308
0.00497521
-0.0287673
-0.0527761
-0.0537553
-0.0399199
-0.0241105
-0.012831
-0.00482698
0.000919525
0.00351009
-0.00307077
-0.00894808
-0.00831585
-0.0162256
-0.0444589
-0.0599128
-0.0457656
-0.0391972
-0.0306281
-0.0144257
-0.00863635
-0.00357726
-0.00583177
-0.00298627
-0.0101139
-0.0169785
-0.0291219
-0.0423506
-0.028441
0.0010689
-0.134005
-0.131155
-0.125182
-0.118036
-0.108737
-0.0971594
-0.0842797
-0.0712596
-0.0591709
-0.0490359
-0.0417039
-0.0375423
-0.0364176
-0.0375832
-0.0395093
-0.0403529
-0.038773
-0.0343059
-0.0275479
-0.0193162
-0.0103403
-0.00136498
0.00688417
0.0138536
0.0193861
0.02521
0.0304888
0.0317597
0.0330182
0.0295793
0.0110713
-0.0221531
-0.0449886
-0.0463308
-0.034247
-0.0203383
-0.0102636
-0.00283717
0.00270453
0.00484752
-0.00266345
-0.00926269
-0.00814333
-0.0147873
-0.0424814
-0.0582121
-0.0441294
-0.036872
-0.0280172
-0.0123597
-0.00743794
-0.003242
-0.00534759
-0.00198041
-0.0087789
-0.0157504
-0.0279919
-0.0410304
-0.0273318
0.00110674
-0.127628
-0.125297
-0.119963
-0.113491
-0.105063
-0.0945275
-0.0827345
-0.0707429
-0.0595215
-0.0499807
-0.0428767
-0.0385475
-0.03688
-0.0372156
-0.038242
-0.0383833
-0.0364577
-0.0320045
-0.0254898
-0.0176093
-0.00900129
-0.000330996
0.00772214
0.0146599
0.0203975
0.026562
0.0325251
0.0353439
0.0382553
0.0354808
0.0170154
-0.0155318
-0.0371959
-0.0390068
-0.0286665
-0.0165846
-0.00767086
-0.000803935
0.00455261
0.00631611
-0.00204597
-0.0093444
-0.00770911
-0.0129915
-0.0400106
-0.0560289
-0.042221
-0.0343833
-0.0252583
-0.0101599
-0.00614984
-0.00285217
-0.00480227
-0.000874001
-0.00730957
-0.0144272
-0.0267606
-0.0395695
-0.026101
0.00115966
-0.121537
-0.119682
-0.114951
-0.109116
-0.101497
-0.0919292
-0.0811479
-0.0701138
-0.0597022
-0.0507234
-0.0438494
-0.0393909
-0.0372546
-0.0368643
-0.0370968
-0.0366057
-0.034354
-0.0298946
-0.0235851
-0.0160149
-0.00774125
0.000647953
0.00852047
0.0154348
0.0213792
0.0278736
0.03451
0.0389355
0.0434128
0.0412028
0.0226594
-0.00897075
-0.0294897
-0.0318597
-0.0232262
-0.0128741
-0.00506242
0.0012688
0.00645966
0.00792347
-0.001182
-0.00913282
-0.00695583
-0.0108023
-0.0370234
-0.0533418
-0.0400289
-0.0317364
-0.0223613
-0.00782735
-0.00476367
-0.00239433
-0.00418523
0.000345235
-0.00569738
-0.0130111
-0.025429
-0.0379675
-0.0247454
0.00123005
-0.115728
-0.114305
-0.110142
-0.104905
-0.0980373
-0.0893669
-0.079526
-0.0693822
-0.0597262
-0.0512786
-0.0446355
-0.0400826
-0.0375451
-0.0365232
-0.0360578
-0.0350003
-0.0324437
-0.0279627
-0.0218259
-0.0145292
-0.00655869
0.00157133
0.00927803
0.0161744
0.0223194
0.0291218
0.0363858
0.0423525
0.0482011
0.0464784
0.0278757
-0.00254236
-0.0219684
-0.0249632
-0.0179707
-0.00923049
-0.00244845
0.00337627
0.00842023
0.00967461
-3.57752e-05
-0.00856469
-0.0058247
-0.00819065
-0.0335093
-0.0501414
-0.0375464
-0.0289391
-0.0193383
-0.00536459
-0.00327044
-0.00185328
-0.0034848
0.00168956
-0.00393499
-0.0115056
-0.0239988
-0.0362255
-0.0232626
0.00132042
-0.110193
-0.109163
-0.105531
-0.100855
-0.0946838
-0.0868433
-0.0778751
-0.0685582
-0.0596066
-0.0516611
-0.0452487
-0.0406324
-0.0377556
-0.0361872
-0.0351113
-0.0335488
-0.0307098
-0.0261963
-0.0202043
-0.0131483
-0.00545197
0.00243885
0.00999331
0.0168745
0.0232059
0.0302834
0.0380972
0.0454079
0.0523406
0.0510533
0.0325717
0.00367105
-0.0147344
-0.0183855
-0.0129386
-0.00567596
0.000160264
0.0055127
0.0104274
0.0115709
0.00142593
-0.00757628
-0.00425805
-0.005137
-0.0294736
-0.0464329
-0.0347729
-0.0260015
-0.0162041
-0.00277654
-0.0016607
-0.00121204
-0.00268828
0.00317067
-0.00201669
-0.0099159
-0.0224731
-0.0343458
-0.0216515
0.0014334
-0.104926
-0.104251
-0.101116
-0.0969641
-0.0914362
-0.084362
-0.0762018
-0.0676521
-0.0593567
-0.0518855
-0.045703
-0.0410497
-0.0378904
-0.0358525
-0.0342449
-0.0322348
-0.0291368
-0.0245834
-0.0187125
-0.0118682
-0.0044193
0.00325054
0.0106646
0.0175311
0.0240272
0.0313362
0.0395961
0.0479496
0.0556251
0.0547395
0.036691
0.00957174
-0.00788912
-0.0121855
-0.00816172
-0.00223045
0.00275244
0.00767112
0.0124729
0.0136087
0.00323121
-0.0061067
-0.00220265
-0.00163476
-0.0249399
-0.0422378
-0.0317147
-0.0229364
-0.0129756
-7.04481e-05
7.53137e-05
-0.000451885
-0.00178187
0.00479894
6.101e-05
-0.0082487
-0.0208561
-0.0323327
-0.019912
0.00157167
-0.0999203
-0.0995651
-0.096892
-0.093229
-0.0882949
-0.0819266
-0.0745133
-0.0666745
-0.0589898
-0.0519665
-0.0460121
-0.0413479
-0.0379546
-0.0355163
-0.0334483
-0.0310437
-0.0277101
-0.0231123
-0.0173429
-0.0106848
-0.0034588
0.00400672
0.0112901
0.01814
0.0247733
0.0322607
0.0408442
0.0498817
0.0579622
0.0574497
0.0402023
0.0150501
-0.00152461
-0.00640979
-0.0036634
0.00108899
0.00531641
0.00984326
0.0145469
0.0157789
0.00539975
-0.00410247
0.000386163
0.0023064
-0.019952
-0.0375957
-0.0283863
-0.0197591
-0.00967188
0.00274382
0.00194742
0.000447487
-0.00075071
0.00658261
0.00229875
-0.00651211
-0.0191532
-0.0301918
-0.0180458
0.00173792
-0.0951701
-0.0951017
-0.0928565
-0.0896479
-0.0852606
-0.0795413
-0.0728171
-0.0656359
-0.058519
-0.0519194
-0.0461878
-0.0415356
-0.0379534
-0.0351765
-0.0327123
-0.0299622
-0.0264164
-0.0217724
-0.0160878
-0.0095937
-0.0025685
0.00470799
0.0118684
0.0186973
0.025436
0.0330429
0.041817
0.0511851
0.0593775
0.0592002
0.0430892
0.0200009
0.00428724
-0.00108866
0.000541835
0.00426857
0.00784023
0.0120195
0.016638
0.0180654
0.00793908
-0.00152225
0.00353936
0.00665748
-0.0145755
-0.0325647
-0.0248104
-0.016487
-0.00631376
0.00565359
0.00396515
0.00150759
0.000421037
0.00852678
0.00469369
-0.00471515
-0.0173704
-0.027931
-0.0160562
0.00193471
-0.0906689
-0.0908569
-0.0890066
-0.0862192
-0.0823344
-0.0772105
-0.0711205
-0.0645469
-0.0579574
-0.0517598
-0.0462427
-0.0416227
-0.0378922
-0.034832
-0.0320292
-0.0289786
-0.0252433
-0.0205533
-0.0149401
-0.0085907
-0.00174631
0.00535512
0.0123981
0.0191994
0.0260093
0.033675
0.0425077
0.0519062
0.0599811
0.0600876
0.0453524
0.024346
0.00950348
0.0037645
0.00444785
0.00729781
0.0103118
0.0141888
0.0187337
0.0204448
0.0108407
0.00165739
0.00726828
0.0113676
-0.00889736
-0.0272207
-0.0210184
-0.0131403
-0.0029235
0.00864329
0.00613718
0.00275061
0.00175002
0.0106324
0.00723897
-0.0028673
-0.015515
-0.0255601
-0.0139486
0.00216439
-0.0864109
-0.0868269
-0.0853398
-0.0829417
-0.0795177
-0.0749388
-0.0694314
-0.0634179
-0.0573171
-0.0515032
-0.046192
-0.0416197
-0.0377768
-0.0344823
-0.0313924
-0.0280824
-0.0241796
-0.0194456
-0.0138926
-0.00767136
-0.00099005
0.00594909
0.0128786
0.0196438
0.0264901
0.034155
0.0429261
0.0521312
0.0599233
0.0602547
0.0470179
0.0280518
0.014114
0.00815208
0.00805565
0.0101694
0.0127193
0.016339
0.0208199
0.0228865
0.0140767
0.00543468
0.0115578
0.0163622
-0.00302474
-0.0216545
-0.0170495
-0.00974051
0.000475696
0.0116944
0.00847068
0.00419859
0.00325339
0.0128954
0.00992316
-0.000977772
-0.0135949
-0.0230911
-0.011731
0.00242889
-0.0823903
-0.0830082
-0.081854
-0.0798146
-0.0768122
-0.0727311
-0.0677576
-0.0622593
-0.056609
-0.0511663
-0.0460464
-0.041537
-0.0376129
-0.0341276
-0.0307965
-0.0272644
-0.0232153
-0.0184403
-0.0129387
-0.0068313
-0.000297421
0.00649104
0.0133097
0.0200286
0.0268781
0.0344864
0.0430952
0.0519597
0.05936
0.0598595
0.0481407
0.0311319
0.0181371
0.0120891
0.0113717
0.012879
0.015051
0.0184571
0.0228814
0.0253526
0.0175958
0.00977517
0.0163592
0.0215429
0.0029188
-0.0159683
-0.0129495
-0.00631129
0.00386011
0.0147854
0.0109702
0.00587222
0.00494831
0.0153059
0.0127301
0.000945256
-0.0116186
-0.0205384
-0.00941371
0.00272957
-0.0786016
-0.0793977
-0.0785473
-0.0768375
-0.07422
-0.0705923
-0.0661072
-0.061082
-0.0558422
-0.0506332
-0.0458146
-0.0413846
-0.0374067
-0.0337684
-0.0302369
-0.0265167
-0.0223409
-0.0175291
-0.012072
-0.00606617
0.000334027
0.00698226
0.0136918
0.0203534
0.0271754
0.0346785
0.0430227
0.0514853
0.0584314
0.0590525
0.0487975
0.0336357
0.0216113
0.0155992
0.0144061
0.0154243
0.0172959
0.0205292
0.024902
0.0278007
0.0213195
0.0146032
0.0215821
0.0267884
0.00879962
-0.0102689
-0.00876944
-0.00287747
0.00720594
0.0178922
0.0136366
0.00778911
0.00685111
0.0178482
0.0156388
0.00289541
-0.00959542
-0.0179187
-0.0070101
0.00306689
-0.0750399
-0.0759923
-0.0754184
-0.0740103
-0.0717432
-0.0685278
-0.0644881
-0.0598971
-0.0550419
-0.0501595
-0.0455198
-0.0411732
-0.0371641
-0.0334062
-0.0297103
-0.0258321
-0.0215483
-0.0167043
-0.0112863
-0.00537168
0.000906873
0.0074243
0.0140258
0.0206191
0.0273862
0.0347461
0.0427905
0.0507901
0.0572552
0.0579638
0.0490743
0.0356319
0.0245866
0.0187115
0.0171714
0.0178052
0.0194442
0.0225416
0.0268646
0.0301855
0.0251444
0.0197932
0.027088
0.0319577
0.0144832
-0.00465973
-0.00456335
0.000535016
0.0104897
0.0209881
0.0164651
0.00996155
0.00897592
0.0205004
0.0186238
0.00486867
-0.00753526
-0.0152513
-0.00453635
0.00344018
-0.0717006
-0.0727894
-0.0724661
-0.0713334
-0.0693845
-0.0665427
-0.0629084
-0.0587152
-0.0542165
-0.0496303
-0.0451711
-0.0409125
-0.0368915
-0.0330426
-0.0292138
-0.0252048
-0.0208301
-0.015959
-0.010576
-0.0047436
0.00142383
0.0078189
0.0143131
0.0208278
0.0275161
0.034704
0.0424196
0.049942
0.0559257
0.0566989
0.0490544
0.0371942
0.0271167
0.0214576
0.0196811
0.0200227
0.0214869
0.0244805
0.0287523
0.0324624
0.0289463
0.0251646
0.0326866
0.0368962
0.0198449
0.000767289
-0.000385388
0.00389957
0.0136885
0.0240445
0.019444
0.0123938
0.0113327
0.0232355
0.0216556
0.00686358
-0.00544919
-0.0125575
-0.00201167
0.00384728
-0.0685796
-0.0697868
-0.0696897
-0.0688075
-0.0671467
-0.0646426
-0.0613761
-0.0575462
-0.0533757
-0.0490607
-0.0447791
-0.0406121
-0.036595
-0.0326796
-0.0287453
-0.0246297
-0.0201797
-0.0152867
-0.00993572
-0.00417786
0.00188771
0.00816807
0.014556
0.020983
0.0275728
0.0345679
0.0419423
0.0489958
0.054516
0.0553399
0.0488123
0.038394
0.0292544
0.0238688
0.0219492
0.0220787
0.0234167
0.0263329
0.0305495
0.0345913
0.0325896
0.0304864
0.038143
0.0414469
0.0247831
0.00593913
0.00371188
0.00718921
0.0167802
0.0270316
0.0225525
0.015079
0.0139245
0.0260221
0.0247014
0.00888078
-0.00334945
-0.00986139
0.000541114
0.00428501
-0.0656735
-0.0669828
-0.067089
-0.0664338
-0.0650329
-0.0628329
-0.059899
-0.0563997
-0.0525299
-0.0484642
-0.044354
-0.040281
-0.0362809
-0.0323198
-0.0283037
-0.0241024
-0.0195913
-0.0146816
-0.00936038
-0.00367049
0.00230144
0.0084741
0.014757
0.0210887
0.0275651
0.0343545
0.0413881
0.0479946
0.0530824
0.0539489
0.0484116
0.0392954
0.0310491
0.0259758
0.0239898
0.0239756
0.0252275
0.0280867
0.032242
0.0365417
0.0359465
0.0354996
0.0432017
0.0454688
0.0292297
0.0108033
0.00767777
0.0103767
0.0197438
0.029919
0.025759
0.0179949
0.016744
0.0288258
0.027726
0.0109216
-0.00125016
-0.00718875
0.0030954
0.00474922
-0.0629795
-0.064376
-0.0646641
-0.0642138
-0.0630465
-0.0611194
-0.0584849
-0.0552853
-0.0516899
-0.0478531
-0.0439063
-0.0399281
-0.0359551
-0.0319657
-0.0278882
-0.0236196
-0.0190601
-0.0141386
-0.00884538
-0.00321769
0.00266801
0.00873953
0.0149192
0.0211502
0.0275025
0.0340805
0.040783
0.046973
0.0516673
0.0525721
0.0479041
0.0399543
0.032546
0.0278083
0.025817
0.0257161
0.0269145
0.0297312
0.0338177
0.0382944
0.0389186
0.0399703
0.0476316
0.0488631
0.0331545
0.0153226
0.0114636
0.0134348
0.0225593
0.0326771
0.0290196
0.0211022
0.0197695
0.03161
0.0306921
0.0129858
0.000832578
-0.00456747
0.00562105
0.00523479
-0.0604952
-0.061966
-0.0624158
-0.0621495
-0.0611912
-0.0595079
-0.0571418
-0.0542124
-0.0508661
-0.0472389
-0.0434463
-0.0395622
-0.0356241
-0.0316206
-0.0274987
-0.0231785
-0.0185818
-0.0136529
-0.00838642
-0.00281582
0.00299042
0.00896713
0.0150462
0.0211733
0.027395
0.0337621
0.0401501
0.0459587
0.0503023
0.0512435
0.0473324
0.0404187
0.0337861
0.0293934
0.027444
0.0273032
0.0284737
0.0312569
0.0352666
0.0398397
0.0414504
0.0437425
0.0512773
0.0515952
0.0365599
0.0194673
0.0150227
0.0163369
0.025208
0.0352777
0.0322777
0.0243441
0.0229616
0.0343371
0.0335613
0.0150681
0.00288075
-0.00202693
0.00808495
0.00573556
-0.0582195
-0.0597526
-0.0603455
-0.0602434
-0.0594712
-0.0580044
-0.0558775
-0.0531902
-0.0500689
-0.0466327
-0.0429839
-0.0391916
-0.0352938
-0.0312875
-0.0271354
-0.0227771
-0.0181527
-0.0132205
-0.00797964
-0.00246144
0.00327172
0.00915988
0.0151417
0.021164
0.0272527
0.0334145
0.0395093
0.0449742
0.0490111
0.0499876
0.0467303
0.0407299
0.0348057
0.0307564
0.0288837
0.0287396
0.0299022
0.0326566
0.0365811
0.0411766
0.0435282
0.046744
0.0540919
0.0536989
0.0394682
0.0232094
0.0183122
0.0190573
0.0276726
0.0376959
0.0354639
0.0276451
0.026262
0.036969
0.036294
0.0171556
0.00487375
0.000402631
0.010452
0.00624444
-0.0561517
-0.0577368
-0.0584551
-0.0584987
-0.0578911
-0.0566152
-0.0546998
-0.0522282
-0.0493084
-0.0460449
-0.0425289
-0.0388247
-0.0349704
-0.03097
-0.0267991
-0.0224139
-0.01777
-0.0128379
-0.00762153
-0.00215132
0.00351491
0.00932088
0.01521
0.0211289
0.0270861
0.0330524
0.0388783
0.0440377
0.0478108
0.0488221
0.0461253
0.0409225
0.035637
0.0319206
0.0301483
0.0300283
0.0311976
0.0339249
0.037757
0.0423116
0.0451777
0.0490129
0.0561341
0.055257
0.04191
0.0265227
0.0212961
0.0215725
0.0299377
0.0399101
0.0385011
0.0309127
0.0295917
0.0394669
0.0388501
0.0192253
0.0067885
0.00269094
0.0126864
0.00675332
-0.0542924
-0.0559202
-0.0567476
-0.0569192
-0.0564558
-0.0553468
-0.0536169
-0.0513353
-0.0485945
-0.0454857
-0.0420908
-0.0384695
-0.03466
-0.0306718
-0.0264912
-0.022088
-0.0174313
-0.0125022
-0.007309
-0.00188248
0.0037229
0.00945332
0.0152553
0.0210746
0.0269048
0.0326891
0.0382726
0.0431644
0.0467141
0.0477594
0.0455391
0.0410255
0.0363086
0.032907
0.031249
0.031172
0.0323583
0.0350584
0.0387927
0.0432578
0.0464511
0.0506617
0.0575291
0.0563716
0.0439194
0.0293901
0.0239491
0.0238623
0.03199
0.0419028
0.0413102
0.0340438
0.0328533
0.0417909
0.0411892
0.0212446
0.00859977
0.00480874
0.0147532
0.00725322
-0.0526432
-0.0543056
-0.0552267
-0.0555093
-0.055171
-0.0542063
-0.052637
-0.0505209
-0.047937
-0.0449649
-0.0416786
-0.0381339
-0.0343685
-0.0303966
-0.0262131
-0.0217991
-0.017135
-0.0122108
-0.00703939
-0.00165222
0.00389849
0.0095604
0.015282
0.0210076
0.0267188
0.0323371
0.0377059
0.042367
0.0457308
0.0468088
0.0449891
0.0410641
0.0368451
0.0337338
0.0321956
0.0321732
0.0333826
0.0360552
0.0396894
0.0440319
0.0474117
0.0518272
0.0584235
0.0571419
0.0455352
0.031811
0.0262587
0.0259097
0.0338185
0.0436618
0.0438173
0.0369327
0.0359386
0.0439008
0.0432728
0.0231733
0.0102805
0.00672886
0.0166198
0.00773435
-0.0512069
-0.0528968
-0.053897
-0.0542747
-0.0540429
-0.0532009
-0.0517684
-0.0497941
-0.0473456
-0.044492
-0.0413013
-0.0378255
-0.034102
-0.0301485
-0.0259669
-0.0215474
-0.0168798
-0.0119619
-0.00681048
-0.00145817
0.00404427
0.00964525
0.0152944
0.0209342
0.026537
0.0320079
0.0371906
0.0416564
0.0448683
0.045977
0.0444895
0.0410589
0.0372679
0.0344169
0.0329968
0.0330339
0.0342692
0.0369146
0.0404505
0.0446522
0.0481215
0.0526355
0.0589545
0.0576538
0.0468026
0.0338026
0.0282231
0.0277008
0.0354141
0.04518
0.0459643
0.0394818
0.0387406
0.0457584
0.0450673
0.0249667
0.0118025
0.00842698
0.0182579
0.00818601
-0.0499877
-0.051699
-0.0527646
-0.0532216
-0.0530787
-0.0523386
-0.0510199
-0.0491641
-0.0468299
-0.0440762
-0.0409673
-0.0375517
-0.0338663
-0.0299314
-0.0257546
-0.0213334
-0.0166653
-0.0117541
-0.00662054
-0.00129832
0.00416258
0.00971083
0.0152967
0.0208607
0.026368
0.031712
0.0367378
0.0410423
0.0441329
0.0452695
0.0440518
0.0410272
0.0375947
0.03497
0.0336596
0.0337556
0.0350168
0.0376361
0.0410802
0.0451379
0.0486356
0.0531863
0.0592364
0.0579783
0.0477711
0.0353955
0.0298481
0.029224
0.0367683
0.0464534
0.04772
0.0416165
0.0411652
0.0473317
0.0465492
0.0265778
0.0131377
0.009882
0.0196449
0.00859648
-0.0489918
-0.050719
-0.0518367
-0.0523577
-0.0522863
-0.051628
-0.0504006
-0.0486402
-0.0463994
-0.0437263
-0.040685
-0.0373197
-0.033667
-0.0297495
-0.0255789
-0.0211584
-0.0164913
-0.0115867
-0.00646836
-0.00117112
0.00425541
0.00975986
0.0152927
0.0207928
0.0262199
0.0314591
0.0363576
0.0405337
0.0435305
0.0446912
0.0436857
0.0409833
0.0378404
0.0354035
0.0341891
0.0343388
0.0356236
0.0382195
0.0415825
0.0455064
0.0489982
0.0535532
0.0593592
0.0581722
0.0484876
0.0366251
0.0311429
0.0304686
0.0378734
0.0474797
0.0490788
0.0432985
0.0431453
0.0486005
0.0477091
0.0279589
0.0142578
0.0110762
0.020765
0.00895309
-0.0482265
-0.0499653
-0.0511222
-0.0516919
-0.0516749
-0.0510784
-0.0499201
-0.0482314
-0.0460553
-0.0434508
-0.0404622
-0.0371363
-0.0335099
-0.029607
-0.0254425
-0.0210236
-0.0163585
-0.0114596
-0.00635332
-0.00107554
0.00432432
0.00979464
0.0152859
0.0207357
0.0260999
0.0312581
0.0360594
0.040139
0.0430672
0.0442473
0.0433999
0.040939
0.0380162
0.0357254
0.0345884
0.0347824
0.0360868
0.0386634
0.0419603
0.0457722
0.0492433
0.0537885
0.0593914
0.0582799
0.0489922
0.0375245
0.0321158
0.0314233
0.0387208
0.0482578
0.0500571
0.0445251
0.0446455
0.0495562
0.0485534
0.029062
0.0151346
0.0119943
0.0216094
0.00924251
-0.0477029
-0.0494487
-0.0506321
-0.0512349
-0.0512549
-0.0507002
-0.0495886
-0.0479491
-0.0458221
-0.0432593
-0.0403066
-0.0370081
-0.0334002
-0.0295079
-0.0253482
-0.0209313
-0.0162679
-0.0113733
-0.0062755
-0.00101117
0.00437027
0.00981698
0.0152794
0.0206942
0.0260146
0.031117
0.035852
0.0398667
0.0427497
0.0439437
0.0432022
0.0409038
0.0381301
0.0359402
0.034858
0.0350841
0.0364024
0.038965
0.0422152
0.0459454
0.049395
0.0539276
0.0593827
0.0583345
0.0493153
0.038118
0.0327706
0.0320758
0.0392983
0.0487855
0.0506861
0.0453224
0.0456543
0.0501974
0.0490993
0.0298419
0.0157436
0.0126214
0.0221728
0.00945157
-0.047432
-0.0491821
-0.0503789
-0.0509988
-0.0510378
-0.0505047
-0.0494171
-0.0478027
-0.0457006
-0.0431597
-0.0402256
-0.0369412
-0.033343
-0.0294564
-0.0252994
-0.0208836
-0.0162213
-0.0113291
-0.0062357
-0.00097838
0.00439357
0.00982804
0.0152755
0.020672
0.0259696
0.0310432
0.0357438
0.0397255
0.0425854
0.0437874
0.0430999
0.0408849
0.0381872
0.0360495
0.0349959
0.0352387
0.036565
0.0391189
0.0423462
0.0460312
0.04947
0.0539913
0.0593647
0.0583572
0.0494769
0.0384194
0.0331036
0.0324144
0.0395904
0.0490536
0.0509995
0.0457151
0.0461693
0.05052
0.0493646
0.0302549
0.0160657
0.0129431
0.0224486
0.00956714
-0.345522
-0.349423
-0.353285
-0.357114
-0.360922
-0.364716
-0.368506
-0.372305
-0.376123
-0.379974
-0.383874
-0.387842
-0.391899
-0.396073
-0.400397
-0.40491
-0.409661
-0.414715
-0.420161
-0.426139
-0.432893
-0.440964
-0.451162
-0.467841
-0.334868
-0.338793
-0.342685
-0.34655
-0.350399
-0.354243
-0.358093
-0.361962
-0.365865
-0.369819
-0.373846
-0.377971
-0.382224
-0.386644
-0.391279
-0.396189
-0.401454
-0.407179
-0.413505
-0.420628
-0.428771
-0.438329
-0.448616
-0.464324
-0.324448
-0.328401
-0.332327
-0.336233
-0.340131
-0.344032
-0.347947
-0.35189
-0.355876
-0.359923
-0.364051
-0.368285
-0.372652
-0.377184
-0.381922
-0.386912
-0.392208
-0.397874
-0.403975
-0.410587
-0.417715
-0.425673
-0.433466
-0.446783
-0.314214
-0.318174
-0.32211
-0.326031
-0.329946
-0.333866
-0.3378
-0.341761
-0.345761
-0.349816
-0.353941
-0.358155
-0.362479
-0.366935
-0.37155
-0.376354
-0.381378
-0.386659
-0.392237
-0.398189
-0.404539
-0.411757
-0.418847
-0.430789
-0.304095
-0.308034
-0.311952
-0.315857
-0.319757
-0.32366
-0.327574
-0.331511
-0.335481
-0.339497
-0.34357
-0.347717
-0.351953
-0.356299
-0.360775
-0.365409
-0.37023
-0.375281
-0.380608
-0.3863
-0.392352
-0.399159
-0.405641
-0.415919
-0.294114
-0.298012
-0.301892
-0.305759
-0.309621
-0.313485
-0.31736
-0.321252
-0.325173
-0.329133
-0.333142
-0.337214
-0.341364
-0.345607
-0.349965
-0.35446
-0.359117
-0.363969
-0.369042
-0.37439
-0.379962
-0.386078
-0.391817
-0.400586
-0.284298
-0.28814
-0.291965
-0.295779
-0.299587
-0.303396
-0.307214
-0.311047
-0.314903
-0.318792
-0.322723
-0.326706
-0.330754
-0.334879
-0.339096
-0.34342
-0.347868
-0.352457
-0.357202
-0.362144
-0.36724
-0.37277
-0.378009
-0.385584
-0.274659
-0.278432
-0.282189
-0.285935
-0.289675
-0.293415
-0.297161
-0.300919
-0.304696
-0.308499
-0.312336
-0.316214
-0.320143
-0.324133
-0.328193
-0.332335
-0.33657
-0.340915
-0.345381
-0.350005
-0.354752
-0.359834
-0.364687
-0.371253
-0.268898
-0.272575
-0.276242
-0.279903
-0.283562
-0.287225
-0.290896
-0.294582
-0.298288
-0.30202
-0.305786
-0.309592
-0.313445
-0.317355
-0.32133
-0.32538
-0.329517
-0.333749
-0.338102
-0.342542
-0.347222
-0.351736
-0.357477
-0.259548
-0.263137
-0.266716
-0.270288
-0.273857
-0.277428
-0.281004
-0.284592
-0.288195
-0.291818
-0.295468
-0.29915
-0.30287
-0.306635
-0.310452
-0.314327
-0.318269
-0.322282
-0.326384
-0.330552
-0.334895
-0.339136
-0.344235
-0.250389
-0.253884
-0.257367
-0.260844
-0.264316
-0.267789
-0.271265
-0.274748
-0.278244
-0.281755
-0.285287
-0.288844
-0.29243
-0.296053
-0.299715
-0.303423
-0.307182
-0.310998
-0.314882
-0.31882
-0.322885
-0.326898
-0.331494
-0.241428
-0.244822
-0.248205
-0.251581
-0.254952
-0.258321
-0.261692
-0.265068
-0.268453
-0.271849
-0.275261
-0.278693
-0.282148
-0.285631
-0.289145
-0.292696
-0.296289
-0.299926
-0.303617
-0.307353
-0.31118
-0.314988
-0.319187
-0.232668
-0.235957
-0.239236
-0.242508
-0.245773
-0.249036
-0.252299
-0.255565
-0.258836
-0.262116
-0.265408
-0.268716
-0.272041
-0.275389
-0.278762
-0.282165
-0.2856
-0.289072
-0.292585
-0.296137
-0.299755
-0.303379
-0.307259
-0.224113
-0.227295
-0.230467
-0.233631
-0.236788
-0.239942
-0.243095
-0.246249
-0.249406
-0.252569
-0.255742
-0.258925
-0.262124
-0.26534
-0.268576
-0.271836
-0.275122
-0.278437
-0.281787
-0.285169
-0.288601
-0.292053
-0.295672
-0.215767
-0.218839
-0.221902
-0.224956
-0.228004
-0.231047
-0.234088
-0.237129
-0.240171
-0.243217
-0.24627
-0.249332
-0.252405
-0.255492
-0.258595
-0.261716
-0.26486
-0.268028
-0.271223
-0.274447
-0.277709
-0.280998
-0.284396
-0.207631
-0.210593
-0.213545
-0.216488
-0.219425
-0.222356
-0.225285
-0.228212
-0.231139
-0.234069
-0.237003
-0.239943
-0.242893
-0.245852
-0.248825
-0.251814
-0.25482
-0.257846
-0.260895
-0.263968
-0.267071
-0.270204
-0.273409
-0.199707
-0.202558
-0.205398
-0.208231
-0.211056
-0.213875
-0.216691
-0.219504
-0.222316
-0.22513
-0.227946
-0.230766
-0.233593
-0.236429
-0.239274
-0.242132
-0.245005
-0.247894
-0.250802
-0.253731
-0.256684
-0.259666
-0.262698
-0.191997
-0.194736
-0.197466
-0.200186
-0.2029
-0.205608
-0.208311
-0.21101
-0.213708
-0.216406
-0.219105
-0.221807
-0.224514
-0.227226
-0.229947
-0.232678
-0.23542
-0.238176
-0.240948
-0.243737
-0.246546
-0.249383
-0.252256
-0.184501
-0.187129
-0.189748
-0.192358
-0.19496
-0.197557
-0.200148
-0.202735
-0.205319
-0.207903
-0.210486
-0.213071
-0.215658
-0.21825
-0.220848
-0.223454
-0.226069
-0.228695
-0.231334
-0.233988
-0.236659
-0.239354
-0.242076
-0.177219
-0.179737
-0.182246
-0.184746
-0.187239
-0.189725
-0.192205
-0.194681
-0.197153
-0.199623
-0.202092
-0.204561
-0.207032
-0.209505
-0.211983
-0.214466
-0.216957
-0.219456
-0.221966
-0.224488
-0.227024
-0.229581
-0.232159
-0.17015
-0.17256
-0.174961
-0.177353
-0.179737
-0.182114
-0.184485
-0.186851
-0.189213
-0.191571
-0.193928
-0.196283
-0.198639
-0.200996
-0.203356
-0.205719
-0.208088
-0.210463
-0.212847
-0.21524
-0.217645
-0.220067
-0.222507
-0.163294
-0.165598
-0.167892
-0.170178
-0.172455
-0.174725
-0.176989
-0.179247
-0.1815
-0.183749
-0.185995
-0.188239
-0.190483
-0.192726
-0.19497
-0.197216
-0.199466
-0.201721
-0.203981
-0.20625
-0.208526
-0.210817
-0.213122
-0.15665
-0.158849
-0.161039
-0.16322
-0.165393
-0.167559
-0.169717
-0.17187
-0.174017
-0.176159
-0.178297
-0.180432
-0.182565
-0.184697
-0.186829
-0.188961
-0.191096
-0.193233
-0.195374
-0.19752
-0.199673
-0.201836
-0.204011
-0.150215
-0.152313
-0.154401
-0.156481
-0.158552
-0.160615
-0.162671
-0.16472
-0.166763
-0.168801
-0.170834
-0.172864
-0.17489
-0.176914
-0.178936
-0.180957
-0.182979
-0.185002
-0.187027
-0.189056
-0.191088
-0.193129
-0.195178
-0.143988
-0.145987
-0.147977
-0.149957
-0.151929
-0.153893
-0.155849
-0.157798
-0.15974
-0.161677
-0.163608
-0.165534
-0.167457
-0.169376
-0.171292
-0.173206
-0.175119
-0.177032
-0.178945
-0.18086
-0.182777
-0.184699
-0.186626
-0.137968
-0.139871
-0.141765
-0.143649
-0.145525
-0.147392
-0.149251
-0.151103
-0.152948
-0.154786
-0.156618
-0.158445
-0.160267
-0.162084
-0.163898
-0.165709
-0.167517
-0.169323
-0.171129
-0.172934
-0.17474
-0.176549
-0.178359
-0.132151
-0.133962
-0.135762
-0.137554
-0.139336
-0.14111
-0.142876
-0.144634
-0.146384
-0.148128
-0.149864
-0.151595
-0.15332
-0.15504
-0.156755
-0.158466
-0.160173
-0.161878
-0.16358
-0.16528
-0.166979
-0.16868
-0.170378
-0.126536
-0.128257
-0.129968
-0.13167
-0.133362
-0.135046
-0.136722
-0.138389
-0.140049
-0.141701
-0.143345
-0.144983
-0.146615
-0.148241
-0.149861
-0.151477
-0.153087
-0.154694
-0.156297
-0.157897
-0.159495
-0.161092
-0.162684
-0.12112
-0.122754
-0.124379
-0.125995
-0.127601
-0.129198
-0.130787
-0.132367
-0.133939
-0.135503
-0.13706
-0.138609
-0.140151
-0.141687
-0.143217
-0.14474
-0.146259
-0.147772
-0.149281
-0.150785
-0.152286
-0.153785
-0.155276
-0.1159
-0.117451
-0.118993
-0.120526
-0.122049
-0.123563
-0.125069
-0.126565
-0.128053
-0.129533
-0.131005
-0.132469
-0.133926
-0.135376
-0.136819
-0.138255
-0.139685
-0.141109
-0.142528
-0.143942
-0.145351
-0.146756
-0.148152
-0.110873
-0.112345
-0.113808
-0.115261
-0.116705
-0.118139
-0.119565
-0.120981
-0.122389
-0.123788
-0.12518
-0.126563
-0.127938
-0.129305
-0.130665
-0.132018
-0.133364
-0.134704
-0.136037
-0.137365
-0.138686
-0.140004
-0.141309
-0.106036
-0.107433
-0.108819
-0.110196
-0.111564
-0.112923
-0.114272
-0.115612
-0.116943
-0.118266
-0.11958
-0.120885
-0.122183
-0.123472
-0.124753
-0.126027
-0.127294
-0.128553
-0.129805
-0.131051
-0.13229
-0.133524
-0.134745
-0.101387
-0.102711
-0.104025
-0.10533
-0.106625
-0.107911
-0.109187
-0.110455
-0.111713
-0.112962
-0.114203
-0.115435
-0.116658
-0.117873
-0.11908
-0.120278
-0.121469
-0.122652
-0.123828
-0.124997
-0.126158
-0.127313
-0.128454
-0.0969221
-0.0981769
-0.0994221
-0.100658
-0.101884
-0.103101
-0.104308
-0.105506
-0.106695
-0.107875
-0.109046
-0.110208
-0.111361
-0.112505
-0.113641
-0.114769
-0.115888
-0.116999
-0.118103
-0.119198
-0.120286
-0.121367
-0.122433
-0.0926384
-0.0938275
-0.0950072
-0.0961772
-0.0973378
-0.098489
-0.0996307
-0.100763
-0.101886
-0.103
-0.104105
-0.1052
-0.106287
-0.107365
-0.108434
-0.109494
-0.110546
-0.111589
-0.112624
-0.113651
-0.11467
-0.115681
-0.116677
-0.0885329
-0.0896597
-0.0907771
-0.0918849
-0.0929833
-0.0940722
-0.0951516
-0.0962217
-0.0972823
-0.0983337
-0.0993758
-0.100409
-0.101433
-0.102447
-0.103453
-0.10445
-0.105438
-0.106417
-0.107388
-0.108351
-0.109304
-0.110251
-0.11118
-0.0846025
-0.0856703
-0.0867287
-0.0877776
-0.088817
-0.089847
-0.0908676
-0.0918787
-0.0928804
-0.0938727
-0.0948558
-0.0958295
-0.096794
-0.0977493
-0.0986955
-0.0996326
-0.100561
-0.10148
-0.10239
-0.103292
-0.104185
-0.10507
-0.105938
-0.0808444
-0.0818564
-0.082859
-0.0838521
-0.0848359
-0.0858102
-0.0867751
-0.0877306
-0.0886767
-0.0896133
-0.0905406
-0.0914586
-0.0923672
-0.0932666
-0.0941567
-0.0950377
-0.0959095
-0.0967723
-0.0976261
-0.098471
-0.099307
-0.100135
-0.100945
-0.0772557
-0.0782149
-0.0791648
-0.0801054
-0.0810366
-0.0819585
-0.0828709
-0.0837739
-0.0846676
-0.0855518
-0.0864266
-0.0872921
-0.0881482
-0.088995
-0.0898326
-0.0906608
-0.0914798
-0.0922897
-0.0930905
-0.0938822
-0.0946648
-0.0954389
-0.0961963
-0.0738335
-0.074743
-0.0756433
-0.0765343
-0.0774161
-0.0782885
-0.0791516
-0.0800053
-0.0808496
-0.0816846
-0.0825101
-0.0833263
-0.0841332
-0.0849307
-0.0857188
-0.0864977
-0.0872673
-0.0880276
-0.0887788
-0.0895208
-0.0902536
-0.0909777
-0.0916855
-0.0705751
-0.0714379
-0.0722915
-0.073136
-0.0739712
-0.0747972
-0.0756139
-0.0764213
-0.0772194
-0.0780081
-0.0787874
-0.0795575
-0.0803181
-0.0810694
-0.0818114
-0.0825441
-0.0832675
-0.0839816
-0.0846865
-0.0853821
-0.0860686
-0.0867462
-0.0874078
-0.067478
-0.0682969
-0.0691068
-0.0699075
-0.0706992
-0.0714816
-0.0722548
-0.0730188
-0.0737735
-0.074519
-0.0752551
-0.0759819
-0.0766994
-0.0774076
-0.0781065
-0.078796
-0.0794763
-0.0801473
-0.080809
-0.0814616
-0.0821048
-0.0827392
-0.0833581
-0.0645399
-0.0653177
-0.0660865
-0.0668464
-0.0675972
-0.0683389
-0.0690714
-0.0697948
-0.070509
-0.071214
-0.0719098
-0.0725963
-0.0732735
-0.0739414
-0.0746001
-0.0752495
-0.0758897
-0.0765205
-0.0771422
-0.0777547
-0.0783579
-0.0789521
-0.0795314
-0.0617587
-0.062498
-0.0632285
-0.0639501
-0.0646627
-0.0653664
-0.066061
-0.0667465
-0.0674229
-0.0680902
-0.0687483
-0.0693973
-0.070037
-0.0706675
-0.0712888
-0.0719009
-0.0725038
-0.0730975
-0.0736819
-0.0742572
-0.0748233
-0.0753805
-0.0759232
-0.0591323
-0.0598357
-0.0605305
-0.0612164
-0.0618935
-0.0625617
-0.063221
-0.0638713
-0.0645126
-0.0651448
-0.065768
-0.066382
-0.0669869
-0.0675827
-0.0681693
-0.0687468
-0.0693152
-0.0698744
-0.0704244
-0.0709654
-0.0714972
-0.0720201
-0.0725291
-0.0566591
-0.0573292
-0.0579907
-0.0586435
-0.0592876
-0.0599229
-0.0605494
-0.061167
-0.0617756
-0.0623754
-0.0629661
-0.0635478
-0.0641205
-0.0646841
-0.0652387
-0.0657842
-0.0663206
-0.066848
-0.0673663
-0.0678756
-0.0683758
-0.0688671
-0.0693452
-0.0543377
-0.0549769
-0.0556076
-0.0562297
-0.0568433
-0.0574481
-0.0580442
-0.0586315
-0.05921
-0.0597797
-0.0603405
-0.0608923
-0.0614353
-0.0619693
-0.0624943
-0.0630103
-0.0635174
-0.0640155
-0.0645046
-0.0649847
-0.0654559
-0.0659182
-0.0663679
-0.0521672
-0.0527778
-0.0533801
-0.0539739
-0.0545592
-0.0551359
-0.055704
-0.0562634
-0.0568142
-0.0573562
-0.0578894
-0.0584138
-0.0589293
-0.0594361
-0.0599339
-0.0604229
-0.060903
-0.0613743
-0.0618366
-0.0622901
-0.0627347
-0.0631705
-0.0635944
-0.0507312
-0.0513073
-0.0518751
-0.0524344
-0.0529853
-0.0535277
-0.0540616
-0.0545868
-0.0551034
-0.0556114
-0.0561106
-0.0566012
-0.0570829
-0.057556
-0.0580203
-0.0584758
-0.0589225
-0.0593604
-0.0597896
-0.06021
-0.0606217
-0.061022
-0.0488369
-0.049389
-0.0499329
-0.0504686
-0.0509959
-0.0515148
-0.0520253
-0.0525273
-0.0530208
-0.0535057
-0.053982
-0.0544498
-0.0549089
-0.0553593
-0.0558011
-0.0562343
-0.0566587
-0.0570746
-0.0574817
-0.0578802
-0.0582701
-0.0586491
-0.047095
-0.0476254
-0.0481476
-0.0486617
-0.0491676
-0.0496652
-0.0501545
-0.0506354
-0.0511079
-0.051572
-0.0520276
-0.0524747
-0.0529133
-0.0533434
-0.0537649
-0.0541779
-0.0545823
-0.0549782
-0.0553655
-0.0557443
-0.0561146
-0.0564745
-0.0455065
-0.0460173
-0.04652
-0.0470147
-0.0475012
-0.0479796
-0.0484498
-0.0489118
-0.0493655
-0.0498108
-0.0502478
-0.0506765
-0.0510967
-0.0515085
-0.0519119
-0.0523068
-0.0526933
-0.0530714
-0.053441
-0.0538022
-0.054155
-0.054498
-0.0440728
-0.044566
-0.0450513
-0.0455286
-0.045998
-0.0464593
-0.0469125
-0.0473576
-0.0477945
-0.0482232
-0.0486437
-0.049056
-0.0494599
-0.0498556
-0.0502429
-0.0506219
-0.0509926
-0.051355
-0.051709
-0.0520547
-0.0523921
-0.0527201
-0.0427964
-0.043274
-0.0437439
-0.044206
-0.0446602
-0.0451064
-0.0455447
-0.045975
-0.0463973
-0.0468114
-0.0472174
-0.0476153
-0.048005
-0.0483866
-0.0487599
-0.049125
-0.049482
-0.0498307
-0.0501711
-0.0505034
-0.0508275
-0.0511426
-0.0416799
-0.0421441
-0.0426007
-0.0430496
-0.0434907
-0.043924
-0.0443495
-0.044767
-0.0451767
-0.0455783
-0.045972
-0.0463576
-0.0467351
-0.0471046
-0.047466
-0.0478194
-0.0481646
-0.0485017
-0.0488306
-0.0491515
-0.0494643
-0.0497684
-0.040728
-0.0411808
-0.0416261
-0.0420638
-0.0424938
-0.0429162
-0.0433308
-0.0437376
-0.0441366
-0.0445278
-0.0449111
-0.0452865
-0.0456539
-0.0460134
-0.0463649
-0.0467084
-0.0470439
-0.0473714
-0.047691
-0.0480025
-0.048306
-0.0486012
-0.0399456
-0.0403893
-0.0408255
-0.0412542
-0.0416754
-0.042089
-0.042495
-0.0428933
-0.0432839
-0.0436668
-0.0440418
-0.0444091
-0.0447686
-0.0451201
-0.0454638
-0.0457996
-0.0461276
-0.0464476
-0.0467596
-0.0470638
-0.04736
-0.0476481
-0.0393384
-0.0397747
-0.0402038
-0.0406254
-0.0410397
-0.0414465
-0.0418458
-0.0422376
-0.0426217
-0.0429983
-0.0433672
-0.0437284
-0.0440819
-0.0444277
-0.0447658
-0.045096
-0.0454185
-0.0457332
-0.0460401
-0.0463392
-0.0466304
-0.0469138
-0.0389199
-0.0393515
-0.039776
-0.0401931
-0.040603
-0.0410055
-0.0414005
-0.0417881
-0.0421682
-0.0425408
-0.0429058
-0.0432632
-0.043613
-0.0439551
-0.0442895
-0.0446162
-0.0449352
-0.0452464
-0.0455499
-0.0458457
-0.0461336
-0.0464138
-0.0386836
-0.0391123
-0.0395339
-0.0399484
-0.0403558
-0.040756
-0.0411489
-0.0415346
-0.0419129
-0.0422839
-0.0426475
-0.0430036
-0.0433523
-0.0436935
-0.0440271
-0.0443532
-0.0446717
-0.0449826
-0.0452859
-0.0455815
-0.0458695
-0.0461498
-0.0277652
-0.0236618
-0.0299864
-0.0318065
-0.0299919
-0.018263
-0.0220972
-0.0219712
-0.0189757
0.0015056
)
;

boundaryField
{
    inlet
    {
        type            zeroGradient;
    }
    outlet
    {
        type            fixedValue;
        value           uniform 0;
    }
    cylinder
    {
        type            zeroGradient;
    }
    top
    {
        type            symmetryPlane;
    }
    bottom
    {
        type            symmetryPlane;
    }
    defaultFaces
    {
        type            empty;
    }
    procBoundary3to1
    {
        type            processor;
        value           nonuniform List<scalar> 
81
(
-0.368965
-0.370383
-0.371167
-0.371803
-0.372321
-0.372733
-0.373067
-0.373343
-0.373573
-0.373764
-0.373919
-0.374038
-0.37412
-0.374163
-0.374167
-0.374131
-0.374064
-0.373996
-0.373834
-0.373567
-0.377749
-0.369866
-0.378971
-0.383344
-0.410493
-0.442541
-0.475692
-0.472786
-0.424701
-0.345322
-0.269373
-0.214595
-0.183752
-0.176196
-0.192893
-0.212368
-0.210906
-0.182587
-0.1451
-0.114703
-0.0982091
-0.0914459
-0.095261
-0.113825
-0.132575
-0.133177
-0.113504
-0.0891893
-0.0729871
-0.0622966
-0.0579889
-0.062808
-0.0676399
-0.064494
-0.0562193
-0.0501782
-0.0450893
-0.0400343
-0.03725
-0.0327086
-0.0313431
-0.0343756
-0.0363692
-0.0351726
-0.0302749
-0.0230089
-0.0259586
-0.0317058
-0.0359615
-0.0301596
-0.0278304
-0.0239484
-0.0302897
-0.0320723
-0.0300368
-0.0180827
-0.021815
-0.0215499
-0.0187288
0.0015254
-0.0301596
)
;
    }
    procBoundary3to2
    {
        type            processor;
        value           nonuniform List<scalar> 
100
(
-0.487266
-0.487266
-0.488329
-0.488329
-0.489223
-0.489223
-0.492422
-0.492754
-0.492754
-0.492623
-0.492623
-0.492151
-0.492151
-0.49137
-0.49137
-0.490199
-0.490199
-0.488392
-0.488392
-0.485516
-0.485516
-0.481
-0.481
-0.474267
-0.464819
-0.464819
-0.453668
-0.453668
-0.439989
-0.439989
-0.424216
-0.409782
-0.409782
-0.391964
-0.391964
-0.373315
-0.358911
-0.358911
-0.341571
-0.330898
-0.320459
-0.310224
-0.300129
-0.290191
-0.280433
-0.270866
-0.265205
-0.265205
-0.255944
-0.246881
-0.23802
-0.229365
-0.220918
-0.212682
-0.204657
-0.196846
-0.189247
-0.181862
-0.17469
-0.16773
-0.16098
-0.15444
-0.148107
-0.141979
-0.136055
-0.130331
-0.124806
-0.119476
-0.114338
-0.109391
-0.10463
-0.100053
-0.0956576
-0.0914396
-0.0873965
-0.0835253
-0.0798231
-0.0762872
-0.0729147
-0.0697032
-0.0666502
-0.0637533
-0.0610106
-0.0584201
-0.0559804
-0.0536901
-0.0515482
-0.0501469
-0.0501469
-0.0482766
-0.0465566
-0.0449879
-0.0435719
-0.042311
-0.0412081
-0.0402677
-0.0394947
-0.0388949
-0.0384811
-0.038248
)
;
    }
}


// ************************************************************************* //
