/*--------------------------------*- C++ -*----------------------------------*\
  =========                 |
  \\      /  F ield         | OpenFOAM: The Open Source CFD Toolbox
   \\    /   O peration     | Website:  https://openfoam.org
    \\  /    A nd           | Version:  7
     \\/     M anipulation  |
\*---------------------------------------------------------------------------*/
FoamFile
{
    version     2.0;
    format      ascii;
    class       volScalarField;
    location    "4";
    object      p;
}
// * * * * * * * * * * * * * * * * * * * * * * * * * * * * * * * * * * * * * //

dimensions      [0 2 -2 0 0 0 0];

internalField   nonuniform List<scalar> 
1062
(
0.636753
0.649626
0.635501
0.647077
0.633
0.64326
0.629255
0.638183
0.624272
0.631855
0.618063
0.624289
0.610639
0.603768
0.6155
0.602014
0.59538
0.605506
0.592206
0.585841
0.594325
0.581235
0.575169
0.581981
0.569122
0.563385
0.568498
0.55589
0.550511
0.553903
0.541567
0.536573
0.538224
0.526181
0.521598
0.521494
0.509762
0.505615
0.503745
0.492343
0.488655
0.486757
0.485012
0.473959
0.470752
0.469548
0.465334
0.454646
0.45194
0.451459
0.44475
0.434444
0.432257
0.432526
0.4233
0.413393
0.411741
0.412785
0.401029
0.391534
0.390433
0.392274
0.395006
0.37798
0.368913
0.368374
0.371032
0.374761
0.354201
0.345574
0.345609
0.3491
0.35385
0.329739
0.321564
0.322183
0.326521
0.33231
0.337857
0.304644
0.296933
0.298142
0.303337
0.310184
0.316891
0.278966
0.27173
0.273534
0.279595
0.287511
0.295398
0.252758
0.246007
0.248408
0.255339
0.264336
0.273417
0.226073
0.219815
0.222815
0.230618
0.240701
0.250988
0.260048
0.198965
0.193208
0.196805
0.205479
0.216651
0.228152
0.238469
0.171489
0.16624
0.170432
0.179972
0.192233
0.20495
0.216534
0.143702
0.138967
0.143747
0.154147
0.167491
0.181427
0.194282
0.205211
0.11566
0.111444
0.116805
0.128053
0.142473
0.157624
0.171752
0.183951
0.0874213
0.0837269
0.0896612
0.101743
0.117227
0.133586
0.148985
0.162456
0.173653
0.0590424
0.0558736
0.0623692
0.075269
0.0918011
0.109357
0.126021
0.140761
0.153194
0.0305821
0.0279407
0.0349847
0.0486823
0.0662432
0.0849808
0.102901
0.118907
0.132573
0.143874
0.00209862
-1.44679e-05
0.00756317
0.0220357
0.0406025
0.0605034
0.079666
0.0969291
0.111824
0.124301
-0.0263496
-0.0279347
-0.0198396
-0.00461798
0.014928
0.0359695
0.056358
0.0748665
0.0909817
0.104631
-0.0547044
-0.0557629
-0.0471682
-0.031226
-0.0107312
0.0114244
0.0330182
0.0527569
0.0700819
0.0848954
0.0973349
-0.0829073
-0.0834423
-0.074367
-0.0577356
-0.036326
-0.0130867
0.0096879
0.0306384
0.0491593
0.0651258
0.0786631
0.0899967
-0.1109
-0.110917
-0.101381
-0.0840944
-0.0618073
-0.0375185
-0.0135914
0.00854878
0.0282484
0.0453546
0.0599788
0.0723418
-0.138625
-0.13813
-0.128155
-0.11025
-0.0871262
-0.0618261
-0.0367785
-0.0134742
0.00738396
0.0256135
0.0413111
0.0546924
0.066004
-0.165029
-0.154635
-0.136151
-0.112235
-0.085965
-0.0598325
-0.0353933
-0.0133999
0.00593395
0.0226893
0.0370756
0.0493383
-0.191561
-0.180768
-0.161746
-0.137085
-0.109891
-0.0827129
-0.0571712
-0.0340691
-0.0136528
0.00414183
0.0195174
0.0327183
0.0439869
-0.206503
-0.186985
-0.161629
-0.13356
-0.10538
-0.0787716
-0.0545904
-0.0331162
-0.0143031
0.00204397
0.0161676
0.0283108
-0.21182
-0.185821
-0.156929
-0.127794
-0.100158
-0.0749309
-0.0524261
-0.0326179
-0.0153196
-0.000290846
0.0127118
0.02392
-0.209615
-0.179956
-0.149916
-0.121296
-0.0950581
-0.071553
-0.0507754
-0.0325484
-0.0166345
-0.00278984
0.00921832
0.0196047
-0.232966
-0.2026
-0.171708
-0.14215
-0.114941
-0.090468
-0.0687493
-0.0496184
-0.0328412
-0.0181744
-0.00538414
0.00574862
0.0153623
-0.224819
-0.193133
-0.162687
-0.134547
-0.109143
-0.0865138
-0.0665058
-0.0488895
-0.0334222
-0.0198698
-0.0080101
0.00230104
-0.214155
-0.182873
-0.153848
-0.12755
-0.104044
-0.0831877
-0.0647583
-0.0485141
-0.0342211
-0.0216551
-0.0106665
-0.00115329
-0.202677
-0.172815
-0.145663
-0.121315
-0.0996418
-0.0804272
-0.0634313
-0.0484207
-0.0351701
-0.0235246
-0.0133887
-0.00386747
-0.222067
-0.191417
-0.163456
-0.138303
-0.115846
-0.0958761
-0.0781554
-0.0624516
-0.048539
-0.0362575
-0.0255163
-0.0154541
-0.00609324
-0.209629
-0.180904
-0.154986
-0.131781
-0.111086
-0.0926684
-0.076297
-0.0617458
-0.04885
-0.0375217
-0.0269357
-0.0170463
-0.197984
-0.171342
-0.147424
-0.126038
-0.106953
-0.0899407
-0.0747753
-0.0612873
-0.0493909
-0.0382987
-0.0278995
-0.18735
-0.162758
-0.140714
-0.120993
-0.103367
-0.0876126
-0.0735553
-0.0611105
-0.0495298
-0.0386394
-0.177764
-0.155098
-0.134772
-0.116562
-0.100244
-0.0856407
-0.0726679
-0.060617
-0.0492537
-0.169173
-0.148275
-0.12951
-0.112655
-0.0975307
-0.0840514
-0.0715488
-0.0597315
-0.161489
-0.142199
-0.124835
-0.109214
-0.0952496
-0.0823147
-0.0700625
-0.136771
-0.120678
-0.106252
-0.0929049
-0.0802374
-0.131915
-0.11705
-0.10331
-0.0902475
-0.127635
-0.113523
-0.100085
-0.123534
-0.109741
-0.00989646
-0.0105715
-0.0112449
-0.0119166
-0.0125864
-0.0132543
-0.0139201
-0.0145836
-0.0152448
-0.0159035
-0.0165596
-0.00992202
-0.0105975
-0.0112718
-0.0119446
-0.0126158
-0.0132853
-0.013953
-0.0146187
-0.0152824
-0.0159438
-0.0166028
-0.0100207
-0.010701
-0.0113801
-0.012058
-0.0127344
-0.0134094
-0.0140826
-0.014754
-0.0154234
-0.0160907
-0.0167557
-0.0101679
-0.010855
-0.0115412
-0.0122262
-0.01291
-0.0135925
-0.0142733
-0.0149525
-0.0156299
-0.0163053
-0.0169786
-0.0103678
-0.0110646
-0.0117606
-0.0124556
-0.0131496
-0.0138423
-0.0145336
-0.0152233
-0.0159113
-0.0165974
-0.0172815
-0.0106134
-0.0113223
-0.0120305
-0.0127379
-0.0134443
-0.0141496
-0.0148537
-0.0155562
-0.0162572
-0.0169564
-0.0176536
-0.0109022
-0.0116257
-0.0123487
-0.0130709
-0.0137923
-0.0145127
-0.0152319
-0.0159498
-0.0166661
-0.0173807
-0.0180935
-0.0119709
-0.012711
-0.0134505
-0.0141893
-0.0149271
-0.0156639
-0.0163993
-0.0171334
-0.0178658
-0.0185964
-0.0123546
-0.0131143
-0.0138736
-0.0146321
-0.0153898
-0.0161465
-0.016902
-0.0176561
-0.0184086
-0.0191594
-0.0127736
-0.0135554
-0.0143367
-0.0151175
-0.0158975
-0.0166765
-0.0174544
-0.018231
-0.019006
-0.0197794
-0.0132247
-0.0140311
-0.0148371
-0.0156425
-0.0164473
-0.0172511
-0.0180538
-0.0188553
-0.0196552
-0.0204535
-0.0137049
-0.0145384
-0.0153716
-0.0162043
-0.0170363
-0.0178674
-0.0186974
-0.0195262
-0.0203535
-0.0211792
-0.0142112
-0.0150745
-0.0159374
-0.0167999
-0.0176617
-0.0185227
-0.0193826
-0.0202413
-0.0210985
-0.0219541
-0.0147408
-0.0156364
-0.0165319
-0.0174268
-0.0183211
-0.0192146
-0.020107
-0.0209981
-0.0218878
-0.0227758
-0.0152906
-0.0162215
-0.0171522
-0.0180823
-0.0190119
-0.0199405
-0.0208681
-0.0217944
-0.0227192
-0.0236424
-0.0245637
-0.0158578
-0.0168269
-0.0177957
-0.0187639
-0.0197315
-0.0206982
-0.0216637
-0.022628
-0.0235908
-0.0245518
-0.025511
-0.0164397
-0.0174499
-0.0184598
-0.0194691
-0.0204777
-0.0214853
-0.0224918
-0.0234969
-0.0245004
-0.0255022
-0.026502
-0.0170333
-0.0180878
-0.0191419
-0.0201954
-0.021248
-0.0222997
-0.0233501
-0.024399
-0.0254463
-0.0264918
-0.0275352
-0.0176358
-0.0187379
-0.0198395
-0.0209404
-0.0220403
-0.0231391
-0.0242366
-0.0253325
-0.0264267
-0.0275189
-0.0286089
-0.0182445
-0.0193976
-0.0205501
-0.0217017
-0.0228523
-0.0240016
-0.0251494
-0.0262956
-0.0274398
-0.0285819
-0.0297218
-0.0188564
-0.0200642
-0.0212712
-0.0224771
-0.0236818
-0.024885
-0.0260867
-0.0272864
-0.0284841
-0.0296795
-0.0308725
-0.0194688
-0.020735
-0.0220002
-0.0232642
-0.0245267
-0.0257875
-0.0270465
-0.0283034
-0.0295581
-0.0308102
-0.0320597
-0.0200787
-0.0214074
-0.0227348
-0.0240606
-0.0253848
-0.026707
-0.0280271
-0.0293449
-0.0306602
-0.0319728
-0.0332824
-0.0206834
-0.0220788
-0.0234725
-0.0248643
-0.0262541
-0.0276417
-0.0290269
-0.0304095
-0.0317892
-0.0331659
-0.0345394
-0.02128
-0.0227464
-0.0242108
-0.0256729
-0.0271327
-0.0285898
-0.0300442
-0.0314956
-0.0329438
-0.0343887
-0.03583
-0.0218656
-0.0234077
-0.0249474
-0.0264843
-0.0280184
-0.0295495
-0.0310774
-0.0326019
-0.0341228
-0.0356399
-0.0371531
-0.0224373
-0.0240601
-0.0256798
-0.0272963
-0.0289095
-0.0305191
-0.0321251
-0.0337271
-0.0353251
-0.0369188
-0.0385082
-0.0229922
-0.0247008
-0.0264057
-0.0281068
-0.029804
-0.031497
-0.0331858
-0.0348701
-0.0365498
-0.0382246
-0.0398946
-0.0235273
-0.0253272
-0.0271227
-0.0289137
-0.0307001
-0.0324816
-0.0342582
-0.0360297
-0.0377959
-0.0395567
-0.0413119
-0.0240396
-0.0259366
-0.0278284
-0.0297149
-0.0315959
-0.0334714
-0.0353411
-0.037205
-0.0390628
-0.0409145
-0.0427599
-0.0245261
-0.0265263
-0.0285205
-0.0305083
-0.0324898
-0.0344648
-0.0364333
-0.0383949
-0.0403498
-0.0422976
-0.0442383
-0.0249836
-0.0270936
-0.0291964
-0.0312919
-0.03338
-0.0354606
-0.0375336
-0.0395988
-0.0416562
-0.0437057
-0.0457472
-0.025409
-0.0276357
-0.0298539
-0.0320636
-0.0342648
-0.0364572
-0.0386409
-0.0408158
-0.0429818
-0.0451387
-0.0472866
-0.025799
-0.0281496
-0.0304905
-0.0328214
-0.0351424
-0.0374534
-0.0397545
-0.0420453
-0.0443261
-0.0465966
-0.0488567
-0.0261502
-0.0286326
-0.0311036
-0.0335631
-0.0360113
-0.038448
-0.0408732
-0.0432868
-0.0456889
-0.0480793
-0.0504581
-0.0264592
-0.0290814
-0.0316907
-0.0342867
-0.0368697
-0.0394395
-0.0419962
-0.0445398
-0.0470701
-0.0495873
-0.0520913
-0.0267221
-0.0294931
-0.0322491
-0.03499
-0.0377159
-0.0404268
-0.0431228
-0.0458038
-0.0484698
-0.0511209
-0.0537571
-0.0269353
-0.0298643
-0.0327761
-0.0356707
-0.0385482
-0.0414087
-0.0442521
-0.0470785
-0.049888
-0.0526806
-0.0554563
-0.0270946
-0.0301915
-0.0332689
-0.0363266
-0.0393649
-0.0423838
-0.0453834
-0.0483638
-0.0513249
-0.054267
-0.05719
-0.0304711
-0.0337242
-0.0369551
-0.0401639
-0.0433508
-0.0465159
-0.0496591
-0.0527807
-0.0558807
-0.0589593
-0.0306992
-0.034139
-0.0375537
-0.0409434
-0.0443084
-0.0476487
-0.0509645
-0.0542558
-0.0575227
-0.0607655
-0.0308716
-0.0345097
-0.0381195
-0.0417012
-0.0452551
-0.0487812
-0.0522796
-0.0557505
-0.0591939
-0.0626102
-0.0309839
-0.0348327
-0.0386496
-0.0424351
-0.0461893
-0.0499122
-0.0536042
-0.0572651
-0.0608953
-0.0644949
-0.0310313
-0.0351038
-0.0391408
-0.0431425
-0.0471092
-0.051041
-0.0549379
-0.0588002
-0.0626279
-0.0664213
-0.0310085
-0.0353188
-0.0395894
-0.0438208
-0.048013
-0.0521662
-0.0562805
-0.0603559
-0.0643927
-0.0683912
-0.0309101
-0.0354729
-0.0399917
-0.0444668
-0.0488985
-0.0532866
-0.0576313
-0.0619327
-0.0661909
-0.0704062
-0.0307298
-0.0355609
-0.0403434
-0.0450774
-0.0497632
-0.0544007
-0.0589898
-0.0635307
-0.0680235
-0.0724684
-0.0304613
-0.0355774
-0.0406398
-0.0456488
-0.0506045
-0.0555066
-0.0603552
-0.0651501
-0.0698915
-0.0745796
-0.0300973
-0.035516
-0.0408758
-0.0461769
-0.0514192
-0.0566024
-0.0617263
-0.0667908
-0.0717959
-0.0767417
-0.0296303
-0.0353702
-0.0410458
-0.0466571
-0.0522039
-0.0576855
-0.0631018
-0.0684524
-0.0737374
-0.0789565
-0.0290517
-0.0351325
-0.0411435
-0.0470843
-0.0529544
-0.0587531
-0.06448
-0.0701345
-0.0757164
-0.0812255
-0.0283527
-0.0347952
-0.041162
-0.0474527
-0.0536663
-0.0598019
-0.0658587
-0.071836
-0.0777334
-0.0835504
-0.0275234
-0.0343492
-0.0410937
-0.0477559
-0.0543344
-0.0608279
-0.0672353
-0.0735557
-0.0797883
-0.0859323
-0.0265532
-0.0337852
-0.0409302
-0.0479868
-0.0549529
-0.0618267
-0.0686067
-0.0752918
-0.0818806
-0.0883721
-0.0254306
-0.0330927
-0.0406624
-0.0481374
-0.055515
-0.0627929
-0.0699691
-0.0770418
-0.0840095
-0.0908706
-0.0976238
-0.024142
-0.0322591
-0.0402788
-0.0481977
-0.0560123
-0.0637196
-0.071317
-0.0788021
-0.0861728
-0.093427
-0.100563
-0.0226775
-0.0312759
-0.0397724
-0.0481624
-0.0564412
-0.0646053
-0.0726509
-0.0805751
-0.0883748
-0.0960477
-0.103592
-0.0210389
-0.0301438
-0.0391431
-0.0480305
-0.0568007
-0.0654487
-0.07397
-0.0823603
-0.0906161
-0.0987341
-0.106711
-0.0190239
-0.0286717
-0.0382104
-0.0476324
-0.0569312
-0.0661005
-0.0751344
-0.0840278
-0.0927758
-0.101374
-0.109819
-0.0172671
-0.0274698
-0.0375619
-0.0475339
-0.0573769
-0.067083
-0.0766445
-0.0860548
-0.0953073
-0.104397
-0.113317
)
;

boundaryField
{
    inlet
    {
        type            zeroGradient;
    }
    outlet
    {
        type            fixedValue;
        value           nonuniform 0();
    }
    cylinder
    {
        type            zeroGradient;
    }
    top
    {
        type            symmetryPlane;
    }
    bottom
    {
        type            symmetryPlane;
    }
    defaultFaces
    {
        type            empty;
    }
    procBoundary4to3
    {
        type            processor;
        value           nonuniform List<scalar> 
130
(
0.627942
0.625511
0.621869
0.617025
0.610987
0.610987
0.597292
0.589245
0.580091
0.569849
0.558538
0.546178
0.532794
0.518411
0.503055
0.503055
0.484955
0.468583
0.451369
0.433346
0.414547
0.414547
0.397214
0.378055
0.358258
0.358258
0.342041
0.322265
0.301983
0.281231
0.281231
0.267212
0.246878
0.226199
0.226199
0.213946
0.193915
0.193915
0.182595
0.163316
0.163316
0.152979
0.134522
0.115965
0.115965
0.10763
0.10763
0.0993742
0.0826909
0.0826909
0.0754864
0.0597193
0.0597193
0.0535495
0.0387031
0.0387031
0.0335416
0.0335416
0.0285013
0.0285013
0.0235811
0.011175
0.011175
0.00780927
0.00780927
0.00494445
0.00494445
-0.00696477
-0.00922001
-0.00924532
-0.00933947
-0.00948005
-0.00967044
-0.00990404
-0.0101784
-0.0112303
-0.0112303
-0.0115945
-0.0119915
-0.0124181
-0.0128713
-0.0133479
-0.013845
-0.0143596
-0.0148887
-0.0154294
-0.0159786
-0.0165335
-0.017091
-0.0176481
-0.0182018
-0.018749
-0.0192868
-0.019812
-0.0203214
-0.0208119
-0.0212804
-0.0217235
-0.0221378
-0.0225201
-0.0228668
-0.0231744
-0.0234391
-0.0236571
-0.0238243
-0.0239367
-0.0239898
-0.0239789
-0.0271958
-0.0271958
-0.0272343
-0.0272052
-0.0271034
-0.0269232
-0.0266587
-0.0263033
-0.0258501
-0.0252917
-0.02462
-0.0238263
-0.0229014
-0.0218351
-0.020617
-0.0192353
-0.0176778
-0.0159301
-0.0139814
-0.0118343
-0.00927485
-0.00696477
)
;
    }
    procBoundary4to5
    {
        type            processor;
        value           nonuniform List<scalar> 
100
(
-0.217672
-0.217672
-0.231788
-0.231788
-0.236201
-0.236201
-0.260082
-0.255831
-0.255831
-0.246575
-0.246575
-0.234739
-0.234739
-0.254851
-0.241013
-0.241013
-0.227425
-0.227425
-0.214671
-0.214671
-0.20299
-0.20299
-0.192424
-0.192424
-0.182924
-0.182924
-0.174399
-0.154616
-0.154616
-0.148452
-0.148452
-0.142913
-0.142913
-0.137997
-0.137997
-0.133339
-0.119211
-0.119211
-0.0172129
-0.0172594
-0.0174184
-0.0176495
-0.0179635
-0.0183488
-0.0188042
-0.019325
-0.0199083
-0.0205508
-0.0212499
-0.022003
-0.0228078
-0.023662
-0.023662
-0.0254829
-0.026468
-0.0274996
-0.0285763
-0.0296965
-0.0308591
-0.0320627
-0.0333063
-0.0345889
-0.0359096
-0.0372675
-0.0386621
-0.0400929
-0.0415594
-0.0430614
-0.0445988
-0.0461718
-0.0477805
-0.0494253
-0.0511066
-0.0528252
-0.0545821
-0.0563783
-0.0582152
-0.060094
-0.0620164
-0.0639842
-0.0659994
-0.0680641
-0.0701807
-0.0723514
-0.0745787
-0.0768655
-0.0792144
-0.0816282
-0.0841097
-0.0866616
-0.0892866
-0.0919871
-0.0947655
-0.0947655
-0.104268
-0.10758
-0.111004
-0.114546
-0.118108
-0.122065
)
;
    }
    procBoundary4to19
    {
        type            processor;
        value           uniform 0.629159;
    }
    procBoundary4to20
    {
        type            processor;
        value           nonuniform List<scalar> 3(0.636753 0.650901 0.650901);
    }
    procBoundary4to21
    {
        type            processor;
        value           nonuniform List<scalar> 3(-0.166027 -0.166027 -0.193047);
    }
}


// ************************************************************************* //
