/*--------------------------------*- C++ -*----------------------------------*\
  =========                 |
  \\      /  F ield         | OpenFOAM: The Open Source CFD Toolbox
   \\    /   O peration     | Website:  https://openfoam.org
    \\  /    A nd           | Version:  7
     \\/     M anipulation  |
\*---------------------------------------------------------------------------*/
FoamFile
{
    version     2.0;
    format      ascii;
    class       surfaceScalarField;
    location    "37";
    object      phi;
}
// * * * * * * * * * * * * * * * * * * * * * * * * * * * * * * * * * * * * * //

dimensions      [0 3 -1 0 0 0 0];

internalField   nonuniform List<scalar> 
1995
(
-8.80029e-05
8.92901e-05
-0.000142041
0.00010811
-0.00020221
0.000120371
-0.000266223
0.000128056
-0.000332657
0.000132894
-0.000400739
0.000136188
-0.000470124
0.000138796
-0.000540717
0.00014121
0.000143673
-8.7825e-05
0.000133837
-0.000141779
0.000162064
-0.000201868
0.000180459
-0.000265806
0.000191995
-0.00033217
0.000199258
-0.000400185
0.000204203
-0.000469505
0.000208117
-0.000540033
0.000211737
0.000215432
-8.75582e-05
0.000178262
-0.000141386
0.000215891
-0.000201355
0.000240428
-0.000265181
0.000255821
-0.000331439
0.000265516
-0.000399353
0.000272117
-0.000468576
0.000277339
-0.000539007
0.000282168
0.000287095
-8.72026e-05
0.000222525
-0.000140863
0.000269552
-0.000200671
0.000300236
-0.000264347
0.000319498
-0.000330465
0.000331635
-0.000398245
0.000339897
-0.000467338
0.000346431
-0.000537639
0.00035247
0.000358628
-8.67584e-05
-0.000140209
0.000323002
-0.000199816
0.000359843
-0.000263305
0.000382987
-0.000329248
0.000397577
-0.000396861
0.00040751
-0.00046579
0.000415361
-0.00053593
0.00042261
0.00043
-0.000139424
0.000376201
-0.00019879
0.000419208
-0.000262054
0.000446251
-0.000327787
0.00046331
-0.000395199
0.000474922
-0.000463933
0.000484094
-0.000533879
0.000492557
0.000501178
-0.000138509
0.000429105
-0.000197594
0.000478293
-0.000260596
0.000509253
-0.000326082
0.000528796
-0.000393261
0.000542101
-0.000461766
0.0005526
-0.000531487
0.000562278
0.000572131
-0.000137465
0.000481674
-0.000196227
0.000537055
-0.000258929
0.000571955
-0.000324135
0.000594003
-0.000391046
0.000609011
-0.000459291
0.000620845
-0.000528754
0.000631742
-0.00059945
0.000642826
0.000654587
-0.00013629
0.000533865
-0.00019469
0.000595456
-0.000257055
0.000634319
-0.000321945
0.000658893
-0.000388555
0.000675621
-0.000456507
0.000688798
-0.000525681
0.000700916
-0.000596087
0.000713232
0.000726295
-0.000134986
0.000585637
-0.000192983
0.000653453
-0.000254972
0.000696308
-0.000319512
0.000723432
-0.000385787
0.000741897
-0.000453415
0.000756425
-0.000522267
0.000769768
-0.000592352
0.000783316
0.000797679
-0.000133552
0.000636946
-0.000191107
0.000711008
-0.000252682
0.000757884
-0.000316836
0.000787585
-0.000382744
0.000807805
-0.000450014
0.000823696
-0.000518514
0.000838268
-0.000588246
0.000853048
0.00086871
-0.00013199
0.000687751
-0.000189061
0.000768079
-0.000250185
0.000819008
-0.000313917
0.000851317
-0.000379425
0.000873312
-0.000446306
0.000890577
-0.000514421
0.000906383
-0.000583769
0.000922397
0.000939355
-0.0001303
0.00073801
-0.000186846
0.000824625
-0.000247481
0.000879644
-0.000310756
0.000914592
-0.00037583
0.000938386
-0.000442289
0.000957037
-0.000509988
0.000974082
-0.000578921
0.00099133
0.00100958
-0.000128481
-0.000184462
0.000880606
-0.00024457
0.000939752
-0.000307353
0.000977375
-0.000371959
0.00100299
-0.000437966
0.00102304
-0.000505218
0.00104133
-0.000573704
0.00105982
0.00107936
-0.000181909
0.00093598
-0.000241452
0.000999295
-0.000303708
0.00103963
-0.000367814
0.0010671
-0.000433335
0.00108856
-0.000500109
0.00110811
-0.000568118
0.00112783
-0.000637419
0.00114866
0.00117099
-0.000179189
0.000990707
-0.000238128
0.00105823
-0.000299821
0.00110132
-0.000363393
0.00113067
-0.000428398
0.00115357
-0.000494662
0.00117437
-0.000562164
0.00119533
-0.000630955
0.00121746
0.00124115
-0.0001763
0.00104475
-0.000234598
0.00111653
-0.000295693
0.00116242
-0.000358698
0.00119368
-0.000423154
0.00121803
-0.000488878
0.00124009
-0.000555841
0.00126229
-0.000624093
0.00128571
0.00131077
-0.000173245
0.00109805
-0.000230862
0.00117415
-0.000291323
0.00122288
-0.000353728
0.00125608
-0.000417604
0.0012819
-0.000482757
0.00130525
-0.000549152
0.00132869
-0.000616834
0.00135339
0.00137982
-0.000170023
-0.00022692
0.00123105
-0.000286712
0.00128267
-0.000348484
0.00131785
-0.000411748
0.00134517
-0.0004763
0.0013698
-0.000542096
0.00139448
-0.000609178
0.00142047
0.00144826
-0.000222774
0.00128718
-0.00028186
0.00134176
-0.000342965
0.00137896
-0.000405587
0.00140779
-0.000469507
0.00143372
-0.000534675
0.00145965
-0.000601127
0.00148692
-0.000668938
0.00151608
0.0015473
-0.000218422
0.00134253
-0.000276767
0.0014001
-0.000337173
0.00143936
-0.000399121
0.00146974
-0.000462378
0.00149698
-0.000526889
0.00152416
-0.000592682
0.00155272
-0.000659831
0.00158322
0.00161589
-0.000213867
-0.000271434
0.00145767
-0.000331107
0.00149904
-0.000392349
0.00153098
-0.000454915
0.00155954
-0.000518738
0.00158798
-0.000583844
0.00161782
-0.000650301
0.00164968
0.00168378
-0.000265861
0.00151442
-0.000324768
0.00155795
-0.000385273
0.00159148
-0.000447117
0.00162139
-0.000510223
0.00165109
-0.000574613
0.00168221
-0.00064035
0.00171542
0.00175095
-0.000260048
0.00157032
-0.000318155
0.00161605
-0.000377893
0.00165122
-0.000438985
0.00168248
-0.000501346
0.00171345
-0.00056499
0.00174586
-0.000629979
0.00178041
-0.000696395
0.00181737
0.00185684
-0.000253995
0.00162534
-0.000311269
0.00167333
-0.000370208
0.00171016
-0.00043052
0.00174279
-0.000492106
0.00177504
-0.000554976
0.00180873
-0.000619189
0.00184462
-0.000684825
0.001883
0.00192398
-0.000247704
-0.000304111
0.00172973
-0.00036222
0.00176827
-0.000421721
0.00180229
-0.000482505
0.00183582
-0.000544573
0.00187079
-0.000607982
0.00190803
-0.000672809
0.00194783
0.00199031
-0.00029668
0.00178524
-0.000353928
0.00182552
-0.000412589
0.00186095
-0.000472542
0.00189577
-0.00053378
0.00193203
-0.000596357
0.00197061
-0.000660349
0.00201182
-0.000725838
0.0020558
0.00210258
-0.000288977
0.00183981
-0.000345333
0.00188187
-0.000403125
0.00191875
-0.000462218
0.00195487
-0.0005226
0.00199242
-0.000584317
0.00203232
-0.000647445
0.00207495
-0.000712067
0.00212042
0.00216878
-0.000281003
-0.000336435
0.0019373
-0.000393328
0.00197564
-0.000451534
0.00201307
-0.000511031
0.00205191
-0.000571862
0.00209316
-0.0006341
0.00213719
-0.000697827
0.00218415
0.00223408
-0.000327234
0.00199178
-0.0003832
0.00203161
-0.000440491
0.00207036
-0.000499075
0.0021105
-0.000558993
0.00215307
-0.000620314
0.00219851
-0.00068312
0.00224695
-0.000747497
0.00229846
0.00235304
-0.000317731
-0.000372741
0.00208661
-0.000429088
0.00212671
-0.000486733
0.00216814
-0.00054571
0.00221205
-0.000606087
0.00225889
-0.000667945
0.00230881
-0.000731372
0.00236189
0.00241813
-0.000361951
0.00214064
-0.000417328
0.00218209
-0.000474006
0.00222482
-0.000532015
0.00227006
-0.00059142
0.00231829
-0.000652303
0.0023697
-0.000714753
0.00242434
0.00248223
-0.000350831
-0.000405209
0.00223647
-0.000460894
0.0022805
-0.000517908
0.00232707
-0.000576315
0.0023767
-0.000636195
0.00242958
-0.000697639
0.00248578
-0.00076074
0.00254533
0.00260826
-0.000392734
0.00228982
-0.000447399
0.00233517
-0.000503391
0.00238307
-0.000560771
0.00243408
-0.000619621
0.00248843
-0.000680031
0.00254619
-0.0007421
0.0026074
0.00267209
-0.000379903
0.00234212
-0.000433521
0.00238879
-0.000488464
0.00243801
-0.000544791
0.0024904
-0.00060258
0.00254621
-0.000661927
0.00260554
-0.000722933
0.00266841
-0.000785698
0.00273485
0.0028052
-0.000366717
-0.000419261
0.00244133
-0.00047313
0.00249188
-0.000528375
0.00254565
-0.000585075
0.00260291
-0.000643326
0.00266379
-0.000703238
0.00272832
-0.000764899
0.00279652
0.00286886
-0.000404623
-0.00045739
0.00254464
-0.000511526
0.00259979
-0.000567107
0.0026585
-0.000624229
0.00272091
-0.000683013
0.0027871
-0.000743523
0.00285703
-0.000805982
0.00293131
0.00301044
-0.000441247
0.00259628
-0.000494247
0.00265279
-0.000548679
0.00271293
-0.000604636
0.00277687
-0.000662257
0.00284472
-0.000721582
0.00291635
-0.000782597
0.00299233
0.00307543
-0.000424703
-0.000476541
0.00270463
-0.000529796
0.00276618
-0.00058455
0.00283162
-0.000640955
0.00290113
-0.000699116
0.00297451
-0.000758242
0.00305146
0.00314009
-0.000458419
0.00275528
-0.00051047
0.00281823
-0.000563994
0.00288515
-0.000619116
0.00295625
-0.000676183
0.00303158
-0.000736023
0.0031113
0.00320217
-0.000798103
-0.000439876
-0.000490702
0.00286906
-0.000542986
0.00293743
-0.000596848
0.00301011
-0.000652663
0.00308739
-0.000711188
0.00316982
0.00326356
-0.000772579
-0.000470511
0.00291864
-0.000521551
0.00298847
-0.000574186
0.00306275
-0.000628804
0.00314201
-0.000686212
0.00322723
0.00332321
-0.000745865
-0.000449905
-0.000499699
0.00303827
-0.000551123
0.00311417
-0.000604553
0.00319544
-0.000660612
0.00328329
0.00338113
-0.000718533
-0.000477432
-0.000527635
0.00316437
-0.000579842
0.00324765
-0.000634468
0.00333791
0.00343733
-0.000690666
-0.000503705
-0.000554638
0.00329858
-0.000607781
0.00339106
0.00349186
-0.000662312
-0.000528926
0.00334818
-0.000580541
0.00344267
0.00354473
-0.000633409
-0.000502702
-0.000552756
0.00349273
0.00359593
-0.000603958
-0.000524437
0.00364548
-0.000573988
-0.000543515
-2.61386e-05
0.0109918
-5.17358e-05
0.0107373
-7.6904e-05
0.0104895
-0.000101695
0.0102479
-0.000126183
0.0100124
-0.000150424
0.00978283
-0.000174472
0.00955884
-0.000198374
0.00934024
-0.000222176
0.00912684
-0.000245917
0.00891843
-0.000269633
0.00871482
-0.000293358
0.00851584
-0.000317124
0.0083213
-0.00034096
0.00813107
-0.000364893
0.00794497
-0.000388947
0.00776287
-0.000413148
0.00758463
-0.000437517
0.00741012
-0.000462077
0.00723923
-0.000486847
0.00707183
-0.000511847
0.00690782
-0.000537097
0.0067471
-0.000562614
0.00658956
-0.000588416
0.00643512
-0.00061452
0.00628369
-0.000640942
0.00613518
-0.000667699
0.00598952
-0.000694805
0.00584662
-0.000722274
0.00570641
-0.000750121
0.00556882
-0.000778359
0.00543378
-0.000806998
0.00530123
-0.000836049
0.0051711
-0.000865522
0.00504332
-0.000895424
0.00491784
-0.000925761
0.00479459
-0.000956536
0.00467353
-0.000987751
0.00455458
-0.0010194
0.00443769
-0.00105149
0.00432282
-0.00108401
0.00420991
-0.00111694
0.00409892
-0.00115028
0.0039898
-0.00118401
0.00388251
-0.00121809
0.00377702
-0.00125252
0.0036733
-0.00128724
0.0035713
-0.00132223
0.003471
-0.00135741
0.00337236
-0.00139274
0.00327534
-0.00142814
0.00317991
-0.00146354
0.003086
-0.00149885
0.00299357
-0.00153403
0.00290256
-0.00156908
0.00281296
-0.00160413
0.00272476
-0.00163923
0.00263781
-0.0016739
0.00255183
-0.00170788
0.0024672
0.00238647
0.0109551
3.67559e-05
0.0109191
3.59111e-05
0.0108841
3.5012e-05
0.01085
3.4095e-05
0.0108169
3.31603e-05
0.0107847
3.22081e-05
0.0107534
3.12389e-05
0.0107232
3.02527e-05
2.92501e-05
0.0107013
7.27627e-05
0.0106662
7.10823e-05
0.0106319
6.92975e-05
0.0105985
6.74767e-05
0.010566
6.56208e-05
0.0105345
6.37305e-05
0.0105039
6.18064e-05
0.0104743
5.98488e-05
5.78589e-05
0.0104542
0.000108005
0.0104198
0.000105501
0.0103863
0.000102843
0.0103536
0.000100131
0.0103219
9.73683e-05
0.010291
9.45544e-05
0.0102611
9.16905e-05
0.0102322
8.87776e-05
8.58169e-05
0.0102134
0.000142485
0.0101798
0.000139169
0.010147
0.000135651
0.010115
0.000132063
0.010084
0.000128406
0.0100539
0.000124683
0.0100246
0.000120895
0.00999638
0.000117043
0.000113127
0.00997873
0.000176202
0.00994581
0.000172087
0.00991374
0.000167721
0.00988254
0.00016327
0.00985221
0.000158734
0.00982277
0.000154117
0.00979425
0.000149419
0.00976665
0.000144642
0.000139788
0.00974988
0.000209158
0.00971771
0.000204256
0.00968637
0.000199056
0.00965589
0.000193755
0.00962627
0.000188354
0.00959753
0.000182857
0.00956969
0.000177265
0.00954275
0.000171579
0.000165803
0.00952664
0.000241353
0.00949522
0.000235676
0.00946462
0.000229656
0.00943486
0.000223519
0.00940595
0.000217267
0.0093779
0.000210904
0.00935073
0.000204432
0.00932446
0.000197854
0.000191171
0.00930881
0.00027279
0.00927813
0.000266352
0.00924826
0.000259524
0.00921922
0.000252564
0.00919101
0.000245475
0.00916365
0.000238262
0.00913716
0.000230925
0.00911155
0.000223469
0.00908682
0.000215895
0.000208206
0.00909616
0.000303469
0.00906623
0.000296284
0.00903709
0.000288661
0.00900876
0.000280893
0.00898126
0.000272981
0.00895459
0.000264931
0.00892877
0.000256745
0.00890381
0.000248426
0.00887973
0.000239977
0.000231401
0.0088885
0.000333394
0.00885931
0.000325474
0.00883091
0.000317071
0.00880329
0.000308507
0.00877649
0.000299787
0.0087505
0.000290914
0.00872535
0.000281894
0.00870105
0.000272728
0.00867761
0.000263419
0.000253971
0.00868565
0.000362565
0.0086572
0.000353924
0.00862952
0.000344754
0.00860261
0.000335409
0.00857651
0.000325894
0.00855121
0.000316213
0.00852673
0.000306373
0.00850308
0.000296375
0.00848028
0.000286223
0.000275919
0.00848742
0.000390983
0.00845971
0.000381635
0.00843275
0.000371712
0.00840656
0.0003616
0.00838115
0.000351304
0.00835653
0.00034083
0.00833272
0.000330185
0.00830972
0.00031937
0.00828756
0.000308389
0.000297246
0.00829364
0.000418651
0.00826666
0.00040861
0.00824043
0.000397947
0.00821495
0.000387081
0.00819023
0.000376018
0.0081663
0.000364766
0.00814315
0.00035333
0.00812081
0.000341714
0.00809927
0.000329921
0.000317954
0.00810415
0.000445567
0.00807791
0.000434848
0.0080524
0.000423459
0.00802763
0.000411854
0.00800361
0.000400039
0.00798035
0.000388023
0.00795787
0.000375812
0.00793617
0.000363409
0.00791528
0.000350819
0.000338044
0.0079188
0.000471733
0.0078933
0.000460349
0.00786851
0.000448249
0.00784445
0.000435919
0.00782112
0.000423366
0.00779854
0.0004106
0.00777672
0.000397628
0.00775568
0.000384455
0.00773541
0.000371083
0.000357517
0.00773745
0.000497148
0.00771269
0.000485115
0.00768862
0.000472317
0.00766526
0.000459277
0.00764263
0.000445999
0.00762073
0.000432499
0.00759958
0.000418782
0.00757918
0.000404853
0.00755955
0.000390715
0.000376373
0.00755996
0.000521811
0.00753594
0.000509143
0.00751259
0.000495662
0.00748994
0.000481926
0.007468
0.00046794
0.00744678
0.000453719
0.00742629
0.000439273
0.00740654
0.000424603
0.00738754
0.000409715
0.000394613
0.00738621
0.000545721
0.00736292
0.000532434
0.0073403
0.000518285
0.00731836
0.000503867
0.00729711
0.000489187
0.00727657
0.000474261
0.00725674
0.000459099
0.00723764
0.000443705
0.00721927
0.000428083
0.000412237
0.00721607
0.000568876
0.00719352
0.000554985
0.00717162
0.000540183
0.00715039
0.000525099
0.00712984
0.000509739
0.00710998
0.000494123
0.00709081
0.000478262
0.00707236
0.00046216
0.00705462
0.000445819
0.000429244
0.00704943
0.000591275
0.00702762
0.000576795
0.00700645
0.000561355
0.00698593
0.00054562
0.00696607
0.000529595
0.00694689
0.000513305
0.00692839
0.000496761
0.00691059
0.000479965
0.00689348
0.000462921
0.000445635
0.00688618
0.000612914
0.00686512
0.000597861
0.00684467
0.000581799
0.00682486
0.000565427
0.00680571
0.000548754
0.00678721
0.000531805
0.00676937
0.000514592
0.00675222
0.000497119
0.00673575
0.00047939
0.000461409
0.00672622
0.00063379
0.0067059
0.000618181
0.00668619
0.000601511
0.0066671
0.000584521
0.00664864
0.000567214
0.00663082
0.000549622
0.00661366
0.000531757
0.00659715
0.000513623
0.00658132
0.000495223
0.000476563
0.00656945
0.000653901
0.00654988
0.00063775
0.0065309
0.000620491
0.00651253
0.000602896
0.00649477
0.000584972
0.00647764
0.000566752
0.00646115
0.000548251
0.0064453
0.000529472
0.0064301
0.000510419
0.000491097
0.00641578
0.000673241
0.00639697
0.000656566
0.00637873
0.000638733
0.00636107
0.00062055
0.00634402
0.000602025
0.00632758
0.000583193
0.00631176
0.000564073
0.00629656
0.000544667
0.006282
0.000524977
0.000505009
0.00626513
0.000691806
0.00624707
0.000674623
0.00622957
0.000656233
0.00621264
0.00063748
0.00619629
0.000618369
0.00618054
0.000598943
0.0061654
0.00057922
0.00615086
0.000559202
0.00613694
0.000538893
0.000518297
0.0061174
0.000709591
0.0061001
0.000691918
0.00608335
0.000672988
0.00606715
0.000653682
0.00605151
0.000634002
0.00603646
0.000613998
0.00602199
0.000593689
0.00600811
0.000573077
0.00599484
0.000552165
0.000530958
0.00597252
0.000726591
0.00595599
0.000708445
0.00593998
0.000688993
0.00592452
0.00066915
0.0059096
0.000648919
0.00589524
0.000628354
0.00588146
0.000607476
0.00586825
0.000586287
0.00585562
0.00056479
0.000542989
0.00583041
0.0007428
0.00581465
0.000724197
0.00579941
0.000704242
0.00578467
0.000683881
0.00577048
0.000663116
0.00575683
0.000642006
0.00574372
0.000620577
0.00573118
0.000598829
0.00571921
0.000576764
0.000554388
0.005691
0.000758211
0.00567602
0.000739169
0.00566154
0.000718729
0.00564755
0.000697868
0.00563408
0.000676586
0.00562113
0.00065495
0.00560872
0.000632988
0.00559685
0.000610699
0.00558553
0.000588084
0.00056515
0.00555421
0.000772818
0.00554003
0.000753354
0.00552631
0.000732449
0.00551307
0.000711107
0.00550033
0.000689326
0.0054881
0.000667182
0.00547638
0.000644704
0.00546519
0.000621892
0.00545453
0.000598745
0.000575271
0.00541999
0.000786612
0.0054066
0.000766744
0.00539365
0.000745393
0.00538117
0.000723589
0.00536917
0.000701328
0.00535765
0.000678694
0.00534664
0.000655719
0.00533613
0.000632403
0.00532613
0.000608743
0.000584748
0.00528826
0.000799587
0.00527567
0.000779333
0.0052635
0.000757556
0.00525178
0.00073531
0.00524053
0.000712587
0.00522974
0.000689481
0.00521943
0.000666028
0.00520961
0.000642226
0.00520028
0.000618073
0.000593575
0.00515895
0.000811733
0.00514717
0.00079111
0.0051358
0.000768928
0.00512485
0.00074626
0.00511434
0.000723095
0.00510429
0.000699536
0.00509469
0.000675625
0.00508556
0.000651356
0.00507691
0.000626728
0.000601747
0.00503201
0.000823042
0.00502105
0.000802068
0.00501048
0.000779503
0.00500031
0.000756433
0.00499056
0.000732844
0.00498124
0.000708853
0.00497236
0.000684502
0.00496393
0.000659786
0.00495596
0.000634703
0.000609258
0.00490738
0.000833504
0.00489725
0.000812197
0.00488748
0.00078927
0.0048781
0.00076582
0.00486911
0.000741828
0.00486054
0.000717423
0.00485239
0.000692652
0.00484467
0.00066751
0.00483738
0.000641991
0.000616102
0.00478499
0.000843109
0.0047757
0.000821487
0.00476675
0.00079822
0.00475816
0.000774411
0.00474995
0.000750037
0.00474213
0.000725238
0.00473472
0.000700068
0.00472771
0.00067452
0.00472111
0.000648585
0.000622272
0.00466479
0.000851848
0.00465635
0.000829927
0.00464822
0.000806344
0.00464044
0.000782199
0.00463301
0.000757462
0.00462596
0.00073229
0.00461928
0.000706742
0.004613
0.000680807
0.00460711
0.000654477
0.000627761
0.00454671
0.000859709
0.00453913
0.000837508
0.00453185
0.000813631
0.00452487
0.000789172
0.00451824
0.000764093
0.00451196
0.000738569
0.00450604
0.000712664
0.00450048
0.000686364
0.0044953
0.00065966
0.000632561
0.00443072
0.000866683
0.00442401
0.000844217
0.00441757
0.000820071
0.00441142
0.000795321
0.00440559
0.000769922
0.00440009
0.000744066
0.00439493
0.000717825
0.00439012
0.000691181
0.00438565
0.000664125
0.000636663
0.00431675
0.000872759
0.00431092
0.000850045
0.00430534
0.000825653
0.00430002
0.000800636
0.00429501
0.000774937
0.0042903
0.000748772
0.00428591
0.000722216
0.00428184
0.00069525
0.0042781
0.000667862
0.00427471
0.00064006
0.000611858
0.00420475
0.000877926
0.00419981
0.00085498
0.0041951
0.000830368
0.00419063
0.000805105
0.00418643
0.000779129
0.00418253
0.000752675
0.00417892
0.000725826
0.00417561
0.00069856
0.00417261
0.000670862
0.00416993
0.000642741
0.000614213
0.00409467
0.000882175
0.00409064
0.000859013
0.0040868
0.000834204
0.00408319
0.00080872
0.00407983
0.000782487
0.00407674
0.000755766
0.00407392
0.000728647
0.00407138
0.000701102
0.00406912
0.000673116
0.00406717
0.000644698
0.000615864
0.00398648
0.000885496
0.00398336
0.000862132
0.00398041
0.000837151
0.00397766
0.00081147
0.00397515
0.000785002
0.00397288
0.000758035
0.00397086
0.000730667
0.0039691
0.000702866
0.0039676
0.000674613
0.00396638
0.00064592
0.000616802
0.00388013
0.000887883
0.00387793
0.000864329
0.00387588
0.000839201
0.00387401
0.000813345
0.00387234
0.000786663
0.00387091
0.000759472
0.0038697
0.000731877
0.00386872
0.000703842
0.00386799
0.000675345
0.00386751
0.000646398
0.000617018
0.00377558
0.000889327
0.00377431
0.000865596
0.00377317
0.000840345
0.00377218
0.000814336
0.00377138
0.000787462
0.00377078
0.000760068
0.00377039
0.000732267
0.00377021
0.000704019
0.00377026
0.0006753
0.00377054
0.000646121
0.000616502
0.0036728
0.000889824
0.00367247
0.000865927
0.00367224
0.000840576
0.00367214
0.000814437
0.00367221
0.000787389
0.00367246
0.000759813
0.0036729
0.000731829
0.00367353
0.00070339
0.00367436
0.000674468
0.00367541
0.000645079
0.000615242
0.00357175
0.000889369
0.00357236
0.000865315
0.00357305
0.000839887
0.00357385
0.000813639
0.0035748
0.000786437
0.00357592
0.000758699
0.00357719
0.000730552
0.00357864
0.000701943
0.00358027
0.000672841
0.00358208
0.000643263
0.00061323
0.00347241
0.00088796
0.00347396
0.000863757
0.00347558
0.000838274
0.00347728
0.000811937
0.00347912
0.000784599
0.0034811
0.000756719
0.00348322
0.000728429
0.00348549
0.00069967
0.00348793
0.000670408
0.00349053
0.000640663
0.000610454
0.00337472
0.000885592
0.00337723
0.000861249
0.00337977
0.000835733
0.00338239
0.000809324
0.00338512
0.000781869
0.00338797
0.000753864
0.00339095
0.000725452
0.00339406
0.000696562
0.0033973
0.000667161
0.0034007
0.000637268
0.000606904
0.00327867
0.000882265
0.00328213
0.000857788
0.0032856
0.000832259
0.00328913
0.000805797
0.00329276
0.000778239
0.0032965
0.000750129
0.00330034
0.000721613
0.00330429
0.000692612
0.00330836
0.000663089
0.00331256
0.000633068
0.00060257
0.0031842
0.000877974
0.00318861
0.000853373
0.00319302
0.000827851
0.00319747
0.000801349
0.003202
0.000773704
0.00320663
0.000745506
0.00321134
0.000716905
0.00321614
0.000687809
0.00322104
0.000658184
0.00322606
0.000628053
0.000597441
0.00309126
0.000872715
0.00309663
0.000848003
0.00310197
0.000822506
0.00310735
0.000795977
0.00311279
0.000768258
0.00311831
0.000739989
0.0031239
0.000711319
0.00312956
0.000682146
0.00313531
0.000652435
0.00314115
0.000622213
0.000591505
0.0029998
0.000866481
0.00300612
0.000841677
0.00301241
0.000816223
0.00301871
0.000789674
0.00302507
0.000761894
0.00303149
0.000733572
0.00303796
0.00070485
0.00304449
0.000675614
0.00305109
0.000645832
0.00305777
0.000615537
0.000584751
0.00290977
0.000859271
0.00291704
0.000834404
0.00292426
0.000809006
0.00293149
0.000782437
0.00293878
0.000754605
0.00294611
0.000726249
0.00295347
0.000697491
0.00296088
0.000668204
0.00296834
0.000638366
0.00297587
0.000608013
0.000577165
0.00282113
0.000851097
0.00282932
0.000826212
0.00283746
0.000800865
0.00284564
0.000774262
0.00285385
0.000746389
0.00286209
0.000718017
0.00287034
0.000689233
0.00287864
0.000659907
0.00288698
0.000630026
0.00289536
0.000599629
0.000568736
0.00273386
0.000841989
0.00274293
0.000817149
0.00275197
0.000791824
0.00276108
0.000765153
0.00277022
0.000737248
0.00277936
0.000708875
0.00278852
0.000680073
0.00279772
0.000650712
0.00280694
0.000620798
0.0028162
0.00059037
0.000559443
0.00264788
0.000831917
0.0026578
0.000807231
0.00266773
0.000781891
0.00267777
0.000755113
0.00268783
0.00072719
0.00269788
0.000698829
0.00270795
0.000670002
0.00271805
0.000640606
0.00272819
0.000610664
0.00273835
0.000580212
0.000549258
0.00256306
0.000820695
0.00257385
0.000796439
0.00258471
0.000771025
0.00259572
0.000744108
0.0026067
0.000716209
0.00261766
0.000687865
0.00262867
0.000658998
0.00263972
0.000629557
0.0026508
0.000599582
0.00266191
0.0005691
0.000538118
0.00247951
0.000808389
0.00249108
0.000784864
0.00250305
0.000759058
0.00251517
0.000731984
0.00252722
0.000704159
0.00253926
0.000675827
0.00255134
0.000646919
0.00256346
0.000617442
0.0025756
0.000587439
0.00258777
0.000556931
0.000525928
0.00239676
0.00240904
0.00242223
0.00243569
0.00244918
0.00246269
0.0024762
0.00248969
0.00250314
0.00251656
)
;

boundaryField
{
    inlet
    {
        type            calculated;
        value           nonuniform 0();
    }
    outlet
    {
        type            calculated;
        value           nonuniform 0();
    }
    cylinder
    {
        type            calculated;
        value           nonuniform 0();
    }
    top
    {
        type            symmetryPlane;
        value           nonuniform 0();
    }
    bottom
    {
        type            symmetryPlane;
        value           uniform 0;
    }
    defaultFaces
    {
        type            empty;
        value           nonuniform 0();
    }
    procBoundary3to2
    {
        type            processor;
        value           nonuniform List<scalar> 
109
(
-0.000612541
-0.000611792
-0.000610669
-0.000609173
-0.000607302
-0.000605057
-0.00060244
-0.000582589
-0.000671448
-0.000667794
-0.000663737
-0.000659276
-0.000654414
-0.000649149
-0.000643484
-0.00110031
-0.000708096
-0.000701119
-0.000693714
-0.000685881
-0.000677622
-0.00147804
-0.000738195
-0.000728421
-0.000718195
-0.000707519
-0.00178891
-0.000764326
-0.000751969
-0.000739139
-0.00203551
-0.000792911
-0.000778268
-0.000763129
-0.00228701
-0.000813531
-0.000796454
-0.000778857
-0.00254341
-0.000825592
-0.000805926
-0.00274048
-0.000850426
-0.000828551
-0.00294496
-0.000871461
-0.000847584
-0.000822901
-0.00174631
-0.0109657
-0.0107117
-0.0104643
-0.0102231
-0.00998796
-0.00975859
-0.00953479
-0.00931634
-0.00910304
-0.00889469
-0.0086911
-0.00849211
-0.00829754
-0.00810723
-0.00792103
-0.00773881
-0.00756043
-0.00738575
-0.00721467
-0.00704706
-0.00688282
-0.00672185
-0.00656405
-0.00640932
-0.00625759
-0.00610876
-0.00596276
-0.00581951
-0.00567894
-0.00554097
-0.00540554
-0.00527259
-0.00514205
-0.00501385
-0.00488794
-0.00476426
-0.00464275
-0.00452336
-0.00440604
-0.00429073
-0.0041774
-0.00406599
-0.00395646
-0.00384879
-0.00374294
-0.00363887
-0.00353657
-0.00343601
-0.00333717
-0.00324001
-0.00314451
-0.0030506
-0.00295825
-0.00286738
-0.00277791
-0.00268971
-0.00260272
-0.00251716
-0.00243322
-0.00234804
)
;
    }
    procBoundary3to4
    {
        type            processor;
        value           nonuniform List<scalar> 
130
(
4.33748e-05
4.32781e-05
4.3133e-05
4.29397e-05
4.26983e-05
0.000266585
8.62256e-05
8.56046e-05
8.48956e-05
8.40987e-05
8.32145e-05
8.22431e-05
8.11851e-05
8.00408e-05
7.88106e-05
0.00078768
0.000126535
0.000124462
0.000122262
0.000119937
0.000117486
0.00115059
0.000166635
0.000163081
0.000159363
0.00139703
0.000209108
0.000204145
0.00019898
0.000193613
0.00167943
0.000241174
0.000234405
0.0002274
0.00189342
0.000272757
0.00026424
0.00204527
0.000307927
0.000297821
0.00219365
0.000339381
0.000327603
0.000315497
0.00239334
0.000353178
0.00249278
0.000389607
0.000374216
0.00264677
0.000407768
0.000390436
0.00280472
0.000420926
0.000401575
0.00296697
0.000428894
0.0030868
0.000454749
0.00321333
0.000479323
0.000454481
0.0033964
0.000475967
0.0035412
0.000495601
0.0036934
0.000512549
0.0106939
0.0104457
0.0102043
0.00996907
0.00973999
0.00951673
0.00929909
-0.000184385
0.009063
0.00885653
0.00865504
0.00845833
0.00826623
0.00807857
0.00789519
0.00771594
0.00754069
0.0073693
0.00720165
0.00703762
0.00687709
0.00671998
0.00656617
0.00641557
0.00626809
0.00612366
0.00598218
0.00584359
0.00570781
0.00557477
0.00544441
0.00531665
0.00519145
0.00506873
0.00494845
0.00483054
0.00471494
0.00460162
0.0044905
0.00438155
-0.000608811
0.00427166
0.00416757
0.00406552
0.00396544
0.0038673
0.00377105
0.00367666
0.00358409
0.0034933
0.00340425
0.00331689
0.00323119
0.00314708
0.00306452
0.00298345
0.00290379
0.0028255
0.00274853
0.00267305
0.00259996
0.00252994
)
;
    }
    procBoundary3to19
    {
        type            processor;
        value           nonuniform List<scalar> 9(-4.4662e-05 -5.4072e-05 -6.02013e-05 -6.40427e-05 -6.64606e-05 -6.81068e-05 -6.94104e-05 -7.0617e-05 -7.18488e-05);
    }
}


// ************************************************************************* //
