/*--------------------------------*- C++ -*----------------------------------*\
  =========                 |
  \\      /  F ield         | OpenFOAM: The Open Source CFD Toolbox
   \\    /   O peration     | Website:  https://openfoam.org
    \\  /    A nd           | Version:  7
     \\/     M anipulation  |
\*---------------------------------------------------------------------------*/
FoamFile
{
    version     2.0;
    format      ascii;
    class       surfaceScalarField;
    location    "29";
    object      phi;
}
// * * * * * * * * * * * * * * * * * * * * * * * * * * * * * * * * * * * * * //

dimensions      [0 3 -1 0 0 0 0];

internalField   nonuniform List<scalar> 
2015
(
6.13962e-06
-5.34225e-05
2.48531e-05
-0.000199146
5.6747e-05
-0.00038851
-0.000620269
6.43787e-06
-5.98604e-05
2.58767e-05
-0.000218585
5.87408e-05
-0.000421374
0.000104854
-0.000666382
0.000163122
-0.000948431
0.000231354
-0.00125879
-0.0015857
6.72889e-06
-6.65892e-05
2.68573e-05
-0.000238714
6.06106e-05
-0.000455128
0.000107553
-0.000713324
0.000166278
-0.00100716
0.000234276
-0.00132679
0.000308067
-0.0016595
0.000383617
-0.00199123
0.000456937
-0.00230874
0.000524693
-0.00260162
-0.00286361
7.0107e-06
-7.35999e-05
2.77875e-05
-0.000259491
6.23414e-05
-0.000489681
0.000109963
-0.000760946
0.000168933
-0.00106613
0.000236436
-0.00139429
0.000308769
-0.00173183
0.000381824
-0.00206428
0.000451715
-0.00237863
0.000515359
-0.00266526
0.000570841
-0.00291909
0.000617488
-0.00313964
0.000655692
-0.00333018
0.000686578
-0.00349639
0.000711631
-0.00364495
-0.00378238
7.28132e-06
-8.08813e-05
2.86605e-05
-0.00028087
6.39194e-05
-0.00052494
0.000112066
-0.000809093
0.000171067
-0.00112513
0.00023782
-0.00146105
0.000308438
-0.00180245
0.000378782
-0.00213463
0.00044511
-0.00244496
0.000504615
-0.00272477
0.000555718
-0.0029702
0.00059806
-0.00318199
0.000632271
-0.00336439
0.000659607
-0.00352373
0.000681587
-0.00366693
0.000699693
-0.00380049
0.000715185
-0.00392978
0.000729016
-0.0040588
0.000741837
-0.00419017
-0.00432545
0.000754007
7.53884e-06
-8.84201e-05
2.94694e-05
-0.0003028
6.53318e-05
-0.000560803
0.000113843
-0.000857605
0.000172662
-0.00118394
0.000238423
-0.00152681
0.000307088
-0.00187111
0.000374535
-0.00220208
0.000437202
-0.00250763
0.000492574
-0.00278014
0.000539399
-0.00301702
0.000577611
-0.0032202
0.000608042
-0.00339482
0.000632046
-0.00354773
0.000651147
-0.00368603
0.000666766
-0.0038161
0.000680068
-0.00394308
0.000691906
-0.00407064
0.000702842
-0.00420111
-0.00433578
0.000713169
7.78135e-06
-9.62015e-05
3.0208e-05
-0.000325227
6.6567e-05
-0.000597162
0.000115281
-0.000906318
0.000173708
-0.00124237
0.000238243
-0.00159134
0.000304742
-0.00193761
0.000369139
-0.00226647
0.000428079
-0.00256657
0.00047935
-0.00283141
0.000522018
-0.00305969
0.000556279
-0.00325446
0.000583134
-0.00342168
0.000604008
-0.0035686
0.000620403
-0.00370242
0.000633671
-0.00382937
0.000644881
-0.00395429
0.000654789
-0.00408055
0.000663876
-0.00421019
-0.00434428
0.000672378
8.00705e-06
-0.000104209
3.08704e-05
-0.00034809
6.76149e-05
-0.000633906
0.000116366
-0.00095507
0.000174196
-0.0013002
0.00023729
-0.00165444
0.000301432
-0.00200175
0.000362651
-0.00232769
0.000417828
-0.00262174
0.000465055
-0.00287864
0.000503698
-0.00309833
0.000534188
-0.00328495
0.000557665
-0.00344516
0.000575592
-0.00358653
0.000589438
-0.00371627
0.000600473
-0.00384041
0.000609671
-0.00396349
0.000617698
-0.00408857
0.000624965
-0.00421746
-0.00435097
0.000631656
8.21422e-06
-0.000112423
3.14512e-05
-0.000371327
6.84668e-05
-0.000670922
0.000117092
-0.00100369
0.000174125
-0.00135723
0.000235575
-0.00171589
0.000297193
-0.00206337
0.000355139
-0.00238564
0.000406542
-0.00267315
0.0004498
-0.0029219
0.000484559
-0.00313309
0.000511457
-0.00331185
0.00053174
-0.00346544
0.000546889
-0.00360168
0.000558322
-0.0037277
0.000567225
-0.00384931
0.000574477
-0.00397074
0.000580665
-0.00409476
0.000586133
-0.00422293
-0.00435586
0.000591023
8.40216e-06
-0.000120825
3.19477e-05
-0.000394873
6.91185e-05
-0.000708093
0.000117455
-0.00105203
0.000173503
-0.00141328
0.000233125
-0.00177551
0.000292076
-0.00212232
0.000346676
-0.00244024
0.000394319
-0.00272079
0.000433698
-0.00296127
0.00046472
-0.00316411
0.000488198
-0.00333532
0.000505461
-0.0034827
0.000517984
-0.0036142
0.000527124
-0.00373684
0.000533979
-0.00385616
0.000539342
-0.0039761
0.000543723
-0.00409914
0.00054741
-0.00422661
-0.00435896
0.000550507
8.56771e-06
-0.000129393
3.23522e-05
-0.000418657
6.95588e-05
-0.000745299
0.000117445
-0.00109992
0.000172327
-0.00146817
0.000229951
-0.00183313
0.000286115
-0.00217849
0.00033732
-0.00249144
0.000381234
-0.0027647
0.000416836
-0.00299688
0.000444268
-0.00319154
0.000464494
-0.00335555
0.000478897
-0.00349711
0.00048893
-0.00362424
0.000495882
-0.0037438
0.000500763
-0.00386105
0.000504282
-0.00397962
0.000506882
-0.00410174
0.000508801
-0.00422853
-0.00436027
0.000510111
8.7104e-06
-0.000138103
3.2663e-05
-0.00044261
6.97867e-05
-0.000782423
0.000117067
-0.0011472
0.000170613
-0.00152171
0.000226089
-0.00188861
0.000279366
-0.00223176
0.00032715
-0.00253923
0.000367383
-0.00280494
0.000399317
-0.00302881
0.000423308
-0.00321554
0.00044044
-0.00337268
0.00045213
-0.00350879
0.000459795
-0.0036319
0.000464649
-0.00374865
0.000467617
-0.00386401
0.00046933
-0.00398134
0.000470169
-0.00410258
0.00047033
-0.00422869
-0.0043598
0.00046986
8.82906e-06
-0.000146932
3.28773e-05
-0.000466658
6.97997e-05
-0.000819345
0.000116323
-0.00119372
0.000168374
-0.00157376
0.000221569
-0.0019418
0.000271881
-0.00228207
0.000316236
-0.00258358
0.00035285
-0.00284155
0.000381233
-0.00305719
0.000401927
-0.00323623
0.000416115
-0.00338687
0.000425226
-0.00351791
0.000430631
-0.00363731
0.000433467
-0.00375149
0.000434573
-0.00386512
0.000434509
-0.00398127
0.000433603
-0.00410167
0.000432015
-0.00422711
-0.00435755
0.000429769
8.92265e-06
-0.000155855
3.29931e-05
-0.000490729
6.95973e-05
-0.000855949
0.000115218
-0.00123934
0.000165628
-0.00162417
0.000216427
-0.0019926
0.000263714
-0.00232936
0.00030465
-0.00262452
0.000337718
-0.00287462
0.000362668
-0.00308214
0.000380206
-0.00325377
0.00039159
-0.00339826
0.000398245
-0.00352456
0.000401485
-0.00364055
0.000402368
-0.00375237
0.000401655
-0.00386441
0.000399839
-0.00397946
0.000397202
-0.00409904
0.000393872
-0.00422378
-0.00435353
0.000389854
8.99036e-06
-0.000164845
3.30091e-05
-0.000514747
6.918e-05
-0.00089212
0.000113761
-0.00128392
0.000162396
-0.00167281
0.000210699
-0.00204091
0.000254921
-0.00237358
0.00029246
-0.00266206
0.000322064
-0.00290422
0.000343701
-0.00310378
0.000358218
-0.00326828
0.000366928
-0.00340696
0.000371236
-0.00352887
0.000372396
-0.00364171
0.000371385
-0.00375136
0.000368888
-0.00386191
0.000365341
-0.00397591
0.000360982
-0.00409468
0.000355915
-0.00421871
-0.00434775
0.000350131
9.03153e-06
-0.000173877
3.29244e-05
-0.00053864
6.85502e-05
-0.000927746
0.00011196
-0.00132733
0.000158701
-0.00171955
0.000204425
-0.00208663
0.000245555
-0.00241471
0.000279734
-0.00269624
0.000305961
-0.00293045
0.000324404
-0.00312222
0.00033603
-0.00327991
0.000342185
-0.00341312
0.000344247
-0.00353093
0.0003434
-0.00364086
0.000340544
-0.0037485
0.000336293
-0.00385766
0.00033103
-0.00397064
0.000324958
0.000318158
0.000310614
9.04566e-06
-0.000182922
3.27393e-05
-0.000562334
6.77115e-05
-0.000962718
0.000109829
-0.00136945
0.000154566
-0.00176429
0.000197644
-0.00212971
0.000235671
-0.00245274
0.000266536
-0.0027271
0.000289478
-0.00295339
0.000304844
-0.00313759
0.000313701
-0.00328877
0.000317412
-0.00341683
0.000317316
-0.00353083
0.000314527
-0.00363807
0.000309867
0.000303888
9.03245e-06
-0.000191955
3.24542e-05
-0.000585756
6.66684e-05
-0.000996933
0.000107379
-0.00141016
0.000150018
-0.00180692
0.000190397
-0.00217009
0.000225321
-0.00248766
0.000252928
-0.00275471
0.000272678
-0.00297314
0.000285083
-0.00314999
0.000291286
-0.00329497
0.000292654
0.000290479
8.99179e-06
-0.000200946
3.20705e-05
-0.000608834
6.54271e-05
-0.00103029
0.000104627
-0.00144936
0.000145083
-0.00184738
0.000182722
-0.00220773
0.000214558
-0.0025195
0.000238967
-0.00277912
0.000255622
0.000265176
8.9237e-06
-0.00020987
3.15899e-05
-0.000631501
6.39943e-05
-0.00106269
0.000101587
-0.00148695
0.000139789
-0.00188558
0.000174662
0.000203431
8.82837e-06
-0.000218699
3.10147e-05
-0.000653687
6.23776e-05
-0.00109406
9.82764e-05
8.70616e-06
-0.000227405
3.03477e-05
0.000227404
0.000218698
0.00020987
0.000200946
0.00290016
0.000579778
-0.00288892
0.00291136
0.000620463
0.0029225
0.000661235
0.00293359
0.000702075
0.000742963
0.00295755
0.000568287
-0.00294606
0.00296902
0.000608989
0.00298048
0.000649777
0.00299192
0.000690631
0.000731532
0.00301558
0.00055658
-0.00300387
0.00302731
0.000597254
0.00303907
0.000638013
0.00305087
0.000678839
0.000719713
0.00307464
0.000544751
-0.00306281
0.00308655
0.000585342
0.00309854
0.000626021
0.00311062
0.000666767
0.000707562
0.00313517
0.000532909
-0.00312332
0.00314715
0.000573363
0.00315926
0.000613904
0.00317151
0.000654515
0.000695177
0.0031975
0.000521142
-0.00318573
0.00320945
0.00056141
0.00322159
0.000601763
0.00323392
0.000642186
0.000682662
0.00326185
0.000509499
-0.00325021
0.00327372
0.000549543
0.00328581
0.00058967
0.00329814
0.000629862
0.000670105
0.0033283
0.000497997
-0.0033168
0.00334005
0.000537789
0.00335207
0.000577658
0.00336434
0.000617588
0.000657565
0.00339683
0.000486629
-0.00338547
0.00340848
0.000526147
0.0034204
0.000565736
0.00343261
0.00060538
0.000645065
0.00346741
0.000475379
-0.00345616
0.00347895
0.000514605
0.00349079
0.000553894
0.00350294
0.000593233
0.000632607
0.00353997
0.000464233
-0.00352883
0.00355143
0.000503147
0.00356321
0.000542119
0.0035753
0.000581136
0.000620181
0.00361451
0.00045318
-0.00360345
0.00362589
0.000491763
0.00363761
0.0005304
0.00364967
0.000569076
0.000607777
0.00369099
0.000442213
-0.00368003
0.00370231
0.000480446
0.00371398
0.000518728
0.00372601
0.000557046
0.000595384
0.00376945
0.00043133
-0.00375857
0.00378071
0.000469192
0.00379234
0.0005071
0.00380434
0.00054504
0.000582997
0.0038499
0.000420529
-0.0038391
0.00386109
0.000458
0.00387268
0.000495514
0.00388466
0.000533057
0.000570614
0.00393235
0.00040981
-0.00392163
0.00394348
0.00044687
0.00395503
0.00048397
0.00396699
0.000521096
0.000558235
0.00401685
0.000399173
-0.00400621
0.00402791
0.000435802
0.00403942
0.000472468
0.00405135
0.000509158
0.000545859
0.0041034
0.000388617
-0.00409285
0.00411441
0.000424795
0.00412587
0.000461008
0.00413779
0.000497244
0.000533487
0.00419206
0.000378143
-0.00418159
0.00420301
0.000413851
0.00421442
0.000449592
0.00422631
0.000485353
0.000521121
0.00428285
0.00036775
-0.00427246
0.00429373
0.000402968
0.00430511
0.000438218
0.00431697
0.000473486
0.00050876
0.0043758
0.000357438
-0.00436549
0.00438662
0.000392148
0.00439795
0.000426888
0.00440979
0.000461645
0.000496405
0.00447096
0.000347207
-0.00446072
0.00448171
0.00038139
0.004493
0.000415601
0.00450482
0.000449827
0.000484057
0.00456835
0.000337056
-0.00455819
0.00457904
0.000370693
0.00459029
0.000404357
0.00460208
0.000438035
0.000471715
0.00466802
0.000326985
-0.00465795
0.00467865
0.000360058
0.00468985
0.000393157
0.00470162
0.000426268
0.00045938
0.00477
0.000316991
-0.00476001
0.00478058
0.000349483
0.00479174
0.000381998
0.00480348
0.000414525
0.000447051
0.00487437
0.000307078
-0.00486445
0.00488488
0.000338969
0.004896
0.000370882
0.00490771
0.000402806
0.000434729
0.00498114
0.000297242
-0.0049713
0.00499159
0.000328514
0.00500266
0.000359808
0.00501436
0.000391112
0.000422414
0.00509037
0.000287484
-0.00508061
0.00510076
0.00031812
0.00511179
0.000348776
0.00512347
0.000379442
0.000410105
0.00520211
0.000277802
-0.00519243
0.00521245
0.000307784
0.00522344
0.000337785
0.00523508
0.000367794
0.0003978
0.00531641
0.000268196
-0.00530681
0.00532669
0.000297506
0.00533764
0.000326833
0.00534927
0.000356169
0.000385501
0.00543333
0.000258664
-0.0054238
0.00544356
0.000287283
0.00545447
0.00031592
0.00546607
0.000344564
0.000373204
0.00555293
0.000249206
-0.00554347
0.0055631
0.000277117
0.00557397
0.000305045
0.00558556
0.000332979
0.000360909
0.00567525
0.000239816
-0.00566586
0.00568537
0.000267002
0.00569621
0.000294203
0.00570778
0.00032141
0.000348613
0.00580038
0.000230497
-0.00579106
0.00581044
0.000256939
0.00582125
0.000283396
0.0058328
0.000309858
0.000336316
0.00592837
0.000221246
-0.00591912
0.00593838
0.000246926
0.00594916
0.00027262
0.0059607
0.000298319
0.000324014
0.00605929
0.00021206
-0.00605011
0.00606926
0.00023696
0.00608
0.000261874
0.00609153
0.000286792
0.000311706
0.00619322
0.000202939
-0.0061841
0.00620314
0.00022704
0.00621386
0.000251155
0.00622538
0.000275274
0.000299388
0.00633023
0.000193878
-0.00632117
0.00634011
0.000217163
0.00635081
0.00024046
0.00636232
0.000263762
0.000287059
0.00647041
0.000184876
-0.00646141
0.00648025
0.000207325
0.00649093
0.000229787
0.00650244
0.000252252
0.000274713
0.00661385
0.000175929
-0.0066049
0.00662365
0.000197524
0.00663431
0.000219131
0.00664582
0.000240742
0.000262349
0.00676063
0.000167035
-0.00675174
0.0067704
0.000187756
0.00678104
0.00020849
0.00679256
0.000229227
0.00024996
0.00691086
0.000158189
-0.00690201
0.0069206
0.000178018
0.00693123
0.000197858
0.00694275
0.000217703
0.000237543
0.00706464
0.000149386
-0.00705583
0.00707435
0.000168303
0.00708498
0.000187232
0.00709651
0.000206164
0.000225093
0.00722207
0.000140623
-0.00721331
0.00723177
0.000158609
0.00724239
0.000176605
0.00725395
0.000194606
0.000212603
0.0073833
0.000131896
-0.00737457
0.00739297
0.00014893
0.00740361
0.000165974
0.00741519
0.000183023
0.000200068
0.00754842
0.000123199
-0.00753973
0.00755809
0.000139261
0.00756874
0.000155332
0.00758035
0.000171408
0.000187481
0.0077176
0.000114526
-0.00770892
0.00772726
0.000129595
0.00773792
0.000144673
0.00774957
0.000159755
0.000174836
0.00789095
0.000105872
-0.0078823
0.00790062
0.000119926
0.00791131
0.000133989
0.007923
0.000148057
0.000162123
0.00806865
9.7228e-05
-0.00806001
0.00807833
0.000110246
0.00808904
0.000123273
0.0081008
0.000136304
0.000149334
0.00825085
8.85877e-05
-0.00824221
0.00826055
0.000100547
0.0082713
0.000112515
0.00828312
0.000124488
0.00013646
0.00843772
7.99424e-05
-0.00842908
0.00844745
9.08206e-05
0.00845826
0.000101707
0.00847015
0.000112598
0.000123488
0.00862947
7.12828e-05
-0.00862081
0.00863923
8.10562e-05
0.0086501
9.08373e-05
0.00866208
0.000100623
0.000110408
0.00882627
6.25985e-05
-0.00881759
0.00883609
7.12431e-05
0.00884703
7.9895e-05
0.0088591
8.85508e-05
9.72075e-05
0.00902836
5.38785e-05
-0.00901964
0.00903823
6.13694e-05
0.00904926
6.88671e-05
0.00906144
7.63685e-05
8.38708e-05
0.00923595
4.51099e-05
-0.00922718
0.00924589
5.14215e-05
0.00925702
5.77393e-05
0.00926933
6.40604e-05
7.03829e-05
0.00944929
3.62791e-05
-0.00944045
0.00945932
4.13853e-05
0.00947056
4.64964e-05
0.00948301
5.16109e-05
5.67265e-05
0.00966864
2.73699e-05
-0.00965973
0.00967878
3.12431e-05
0.00969015
3.51204e-05
0.00970277
3.90004e-05
4.28816e-05
0.00989427
1.83674e-05
-0.00988527
0.00990453
2.09795e-05
0.00991606
2.35944e-05
0.00992885
2.62113e-05
2.88291e-05
0.0101265
9.24799e-06
-0.0101174
0.0101369
1.05694e-05
0.0101486
1.18925e-05
0.0101616
1.32168e-05
1.45416e-05
0.0103655
-0.0103562
0.0103761
0.010388
0.0104012
0.00282016
0.000298906
0.00283179
0.000338499
0.00284335
0.000378295
0.00285484
0.00041828
0.00286626
0.000458438
0.00287762
0.000498752
0.000539207
0.00287661
0.00028723
0.00288826
0.000326856
0.00289987
0.000366683
0.00291145
0.000406696
0.00292301
0.00044688
0.00293455
0.000487219
0.000527696
0.00293418
0.000275701
0.00294573
0.000315304
0.00295731
0.000355107
0.00296891
0.000395095
0.00298053
0.000435253
0.00299219
0.000475566
0.000516016
0.00299357
0.00026444
0.00300491
0.000303966
0.00301632
0.00034369
0.00302782
0.000383597
0.0030394
0.000423673
0.00305106
0.000463903
0.00050427
0.0030551
0.000253518
0.00306615
0.000292922
0.00307732
0.000332519
0.00308862
0.000372297
0.00310005
0.00041224
0.00311162
0.000452335
0.000492565
0.00311886
0.000242952
0.00312958
0.000282199
0.00314047
0.000321634
0.00315152
0.000361244
0.00316275
0.000401015
0.00317415
0.000440932
0.000480982
0.00318477
0.000232724
0.00319518
0.000271787
0.00320578
0.000311033
0.00321658
0.000350446
0.00322758
0.000390014
0.00323879
0.000429723
0.000469558
0.00325272
0.0002228
0.00326284
0.00026166
0.00327318
0.000300693
0.00328374
0.000339888
0.00329452
0.000379231
0.00330554
0.000418707
0.000458302
0.00332264
0.000213163
0.0033325
0.000251796
0.0033426
0.000290596
0.00335294
0.00032955
0.00336352
0.000368645
0.00337436
0.000407867
0.000447201
0.00339447
0.000203795
0.00340409
0.000242176
0.00341397
0.000280719
0.0034241
0.000319411
0.00343451
0.000358237
0.00344519
0.000397184
0.000436238
0.00346819
0.000194681
0.00347758
0.000232787
0.00348725
0.00027105
0.0034972
0.000309456
0.00350745
0.000347993
0.00351799
0.000386645
0.000425398
0.00354382
0.000185814
0.00355298
0.000223621
0.00356245
0.00026158
0.00357223
0.000299679
0.00358232
0.000337903
0.00359272
0.000376239
0.000414671
0.00362134
0.000177176
0.0036303
0.000214665
0.00363958
0.000252301
0.00364919
0.000290071
0.00365913
0.000327962
0.00366941
0.00036596
0.00040405
0.00370085
0.000168781
0.00370959
0.000205927
0.00371867
0.000243216
0.00372811
0.000280635
0.0037379
0.00031817
0.00374805
0.000355807
0.000393534
0.00378232
0.000160621
0.00379084
0.000197401
0.00379974
0.00023432
0.00380901
0.000271365
0.00381866
0.000308523
0.00382868
0.000345779
0.000383121
0.00386579
0.000152693
0.0038741
0.000189085
0.00388281
0.000225612
0.00389192
0.000262261
0.00390142
0.00029902
0.00391132
0.000335874
0.000372811
0.00395129
0.000144994
0.0039594
0.000180976
0.00396792
0.000217089
0.00397686
0.000253322
0.00398622
0.00028966
0.003996
0.000326092
0.000362602
0.00403882
0.00013751
0.00404673
0.000173064
0.00405508
0.000208745
0.00406386
0.000244541
0.00407308
0.000280441
0.00408274
0.000316429
0.000352495
0.00412846
0.000130247
0.00413618
0.000165352
0.00414434
0.000200581
0.00415296
0.000235922
0.00416204
0.000271362
0.00417158
0.000306888
0.000342488
0.00422024
0.000123205
0.00422775
0.000157841
0.00423573
0.000192597
0.00424419
0.000227462
0.00425313
0.000262423
0.00426255
0.000297467
0.000332582
0.00431416
0.000116382
0.00432148
0.000150529
0.00432928
0.000184792
0.00433758
0.000219161
0.00434638
0.000253622
0.00435568
0.000288165
0.000322776
0.00441029
0.000109775
0.0044174
0.000143413
0.00442503
0.000177164
0.00443317
0.000211017
0.00444184
0.00024496
0.00445102
0.000278982
0.00031307
0.00450864
0.000103387
0.00451556
0.000136494
0.00452301
0.000169712
0.004531
0.000203029
0.00453952
0.000236435
0.00454859
0.000269917
0.000303463
0.00460927
9.72108e-05
0.004616
0.00012977
0.00462327
0.000162436
0.0046311
0.000195198
0.00463949
0.000228047
0.00464844
0.00026097
0.000293955
0.00471215
9.12289e-05
0.0047187
0.000123221
0.00472581
0.000155319
0.0047335
0.000187511
0.00474176
0.000219787
0.0047506
0.000252134
0.000284541
0.00481747
8.54562e-05
0.00482382
0.000116866
0.00483076
0.000148377
0.0048383
0.00017998
0.00484642
0.000211663
0.00485514
0.000243416
0.000275226
0.00492517
7.98942e-05
0.00493134
0.000110701
0.00493811
0.000141606
0.00494549
0.0001726
0.00495348
0.000203673
0.00496208
0.000234812
0.000266007
0.00503533
7.45386e-05
0.00504131
0.000104724
0.00504791
0.000135004
0.00505514
0.000165371
0.005063
0.000195814
0.00507149
0.000226322
0.000256883
0.00514799
6.93874e-05
0.00515378
9.89326e-05
0.00516022
0.00012857
0.0051673
0.000158292
0.00517502
0.000188087
0.0051834
0.000217945
0.000247855
0.0052632
6.44394e-05
0.00526881
9.33261e-05
0.00527508
0.000122303
0.00528201
0.00015136
0.00528961
0.000180489
0.00529787
0.000209679
0.00023892
0.00538103
5.96981e-05
0.00538645
8.79059e-05
0.00539255
0.000116201
0.00539934
0.000144576
0.0054068
0.000173021
0.00541496
0.000201524
0.000230077
0.00550153
5.51574e-05
0.00550676
8.26675e-05
0.0055127
0.000110265
0.00551934
0.000137939
0.00552668
0.00016568
0.00553472
0.000193479
0.000221326
0.00562468
5.08017e-05
0.00562975
7.76003e-05
0.00563553
0.000104481
0.00564203
0.000131438
0.00564925
0.000158459
0.0056572
0.000185537
0.00021266
0.00575069
4.66422e-05
0.00575558
7.27114e-05
0.0057612
9.88597e-05
0.00576756
0.00012508
0.00577465
0.000151364
0.00578249
0.000177702
0.000204084
0.00587954
4.26835e-05
0.00588425
6.80028e-05
0.00588971
9.33989e-05
0.00589592
0.000118865
0.0059029
0.000144392
0.00591063
0.000169971
0.000195594
0.00601131
3.89198e-05
0.00601584
6.34705e-05
0.00602114
8.80956e-05
0.00602722
0.000112788
0.00603407
0.000137541
0.0060417
0.000162343
0.000187187
0.00614607
3.53487e-05
0.00615043
5.91123e-05
0.00615557
8.29479e-05
0.00616151
0.000106849
0.00616825
0.000130808
0.00617577
0.000154815
0.000178863
0.0062839
3.19684e-05
0.00628809
5.49263e-05
0.00629308
7.79542e-05
0.00629888
0.000101045
0.0063055
0.000124192
0.00631293
0.000147386
0.000170619
0.00642488
2.8777e-05
0.0064289
5.0911e-05
0.00643374
7.31122e-05
0.00643941
9.53744e-05
0.00644591
0.00011769
0.00645325
0.000140052
0.000162451
0.0065691
2.57729e-05
0.00657295
4.70641e-05
0.00657764
6.84197e-05
0.00658318
8.98344e-05
0.00658957
0.000111301
0.00659681
0.000132811
0.000154358
0.00671665
2.29551e-05
0.00672033
4.33843e-05
0.00672487
6.38751e-05
0.00673028
8.44228e-05
0.00673656
0.00010502
0.00674371
0.000125661
0.000146335
0.00686762
2.03227e-05
0.00687114
3.98692e-05
0.00687554
5.94756e-05
0.00688082
7.91371e-05
0.006887
9.88466e-05
0.00689406
0.000118597
0.000138381
0.00702211
1.78666e-05
0.00702547
3.65133e-05
0.00702972
5.52165e-05
0.00703489
7.39726e-05
0.00704096
9.27746e-05
0.00704794
0.000111616
0.00013049
0.00718024
1.55866e-05
0.00718344
3.33142e-05
0.00718756
5.10951e-05
0.0071926
6.8926e-05
0.00719858
8.68012e-05
0.00720548
0.000104714
0.000122658
0.00734213
1.34845e-05
0.00734517
3.02717e-05
0.00734916
4.71098e-05
0.00735409
6.39958e-05
0.00735997
8.09239e-05
0.00736679
9.78879e-05
0.000114882
0.0075079
1.15559e-05
0.00751079
2.73824e-05
0.00751464
4.32575e-05
0.00751946
5.91777e-05
0.00752525
7.51382e-05
0.007532
9.11329e-05
0.000107156
0.00767768
9.79662e-06
0.00768042
2.46423e-05
0.00768414
3.95333e-05
0.00768885
5.44674e-05
0.00769455
6.94393e-05
0.00770124
8.4444e-05
9.94756e-05
0.00785161
8.20321e-06
0.0078542
2.20469e-05
0.0078578
3.5933e-05
0.00786241
4.98598e-05
0.00786803
6.38223e-05
0.00787466
7.78157e-05
9.18346e-05
0.00802984
6.77135e-06
0.00803229
1.95921e-05
0.00803577
3.24519e-05
0.00804028
4.53499e-05
0.00804582
5.82813e-05
0.0080524
7.12418e-05
8.42262e-05
0.00821252
5.49713e-06
0.00821484
1.7273e-05
0.00821821
2.90846e-05
0.00822263
4.09318e-05
0.0082281
5.28102e-05
0.00823462
6.47156e-05
7.66436e-05
0.00839984
4.37539e-06
0.00840203
1.50841e-05
0.00840529
2.58254e-05
0.00840962
3.65993e-05
0.00841503
4.74021e-05
0.00842151
5.82298e-05
6.90786e-05
0.00859197
3.40069e-06
0.00859403
1.30197e-05
0.00859719
2.26677e-05
0.00860145
3.23454e-05
0.0086068
4.20495e-05
0.00861325
5.17764e-05
6.15226e-05
0.0087891
2.56693e-06
0.00879105
1.10731e-05
0.00879411
1.96043e-05
0.0087983
2.81624e-05
0.0088036
3.6744e-05
0.00881003
4.53463e-05
5.39661e-05
0.00899145
1.86782e-06
0.00899329
9.23674e-06
0.00899626
1.66275e-05
0.00900038
2.40414e-05
0.00900565
3.14764e-05
0.00901207
3.89297e-05
4.63984e-05
0.00919923
1.29476e-06
0.00920096
7.50268e-06
0.00920386
1.37277e-05
0.00920793
1.99731e-05
0.00921317
2.62362e-05
0.00921959
3.25152e-05
3.88075e-05
0.00941268
8.40691e-07
0.00941432
5.86157e-06
0.00941715
1.08959e-05
0.00942118
1.59467e-05
0.0094264
2.10125e-05
0.00943283
2.60911e-05
3.11809e-05
0.00963205
4.931e-07
0.00963361
4.30196e-06
0.00963638
8.11926e-06
0.00964038
1.19494e-05
0.0096456
1.5791e-05
0.00965205
1.96426e-05
2.3503e-05
0.00985761
2.47625e-07
0.0098591
2.81488e-06
0.00986183
5.38822e-06
0.00986581
7.97009e-06
0.00987104
1.056e-05
0.00987752
1.31568e-05
1.57598e-05
0.0100896
7.71383e-08
0.0100911
1.38135e-06
0.0100938
2.68284e-06
0.0100978
3.98869e-06
0.010103
5.29863e-06
0.0101096
6.61214e-06
7.92882e-06
0.0103284
0.0103297
0.0103324
0.0103364
0.0103417
0.0103483
)
;

boundaryField
{
    inlet
    {
        type            calculated;
        value           nonuniform 0();
    }
    outlet
    {
        type            calculated;
        value           nonuniform 0();
    }
    cylinder
    {
        type            calculated;
        value           uniform 0;
    }
    top
    {
        type            symmetryPlane;
        value           uniform 0;
    }
    bottom
    {
        type            symmetryPlane;
        value           nonuniform 0();
    }
    defaultFaces
    {
        type            empty;
        value           nonuniform 0();
    }
    procBoundary22to5
    {
        type            processor;
        value           nonuniform List<scalar> 2(-0.000235962 8.55758e-06);
    }
    procBoundary22to6
    {
        type            processor;
        value           nonuniform List<scalar> 7(8.7062e-06 8.82841e-06 8.92373e-06 8.99183e-06 0.000191954 -5.34215e-05 6.13963e-06);
    }
    procBoundary22to7
    {
        type            processor;
        value           uniform 4.72819e-05;
    }
    procBoundary22to21
    {
        type            processor;
        value           nonuniform List<scalar> 
87
(
-0.00408861
-0.00421191
-0.0043402
-0.00374384
-0.00385168
0.000296922
-0.00396368
-0.0034182
-0.00352866
0.000285804
-0.00363339
-0.0029898
-0.00315955
0.000268832
-0.00329863
-0.0022426
-0.00254827
0.000224709
-0.00280039
-0.00152285
0.000134165
-0.00192147
-0.000675328
6.05857e-05
-0.00112429
8.55754e-06
-0.000235962
-0.00280845
-0.00286494
-0.00292265
-0.00298231
-0.00304418
-0.00310829
-0.00317454
-0.00324279
-0.003313
-0.0033851
-0.00345908
-0.00353495
-0.00361271
-0.00369245
-0.00377416
-0.00385786
-0.00394359
-0.00403134
-0.0041212
-0.00421319
-0.00430734
-0.00440368
-0.00450225
-0.0046031
-0.00470616
-0.00481169
-0.00491961
-0.00502997
-0.00514284
-0.00525826
-0.00537629
-0.00549699
-0.00562032
-0.00574653
-0.00587558
-0.00600754
-0.0061425
-0.00628052
-0.00642169
-0.0065661
-0.00671383
-0.00686499
-0.00701965
-0.00717796
-0.00734003
-0.00750597
-0.00767592
-0.00785001
-0.0080284
-0.00821125
-0.00839872
-0.00859099
-0.00878827
-0.00899075
-0.00919866
-0.00941223
-0.0096317
-0.00985736
-0.0100895
-0.0103283
)
;
    }
    procBoundary22to23
    {
        type            processor;
        value           nonuniform List<scalar> 
84
(
4.72829e-05
0.000180433
0.000356616
0.000575125
0.000101891
0.000890163
0.00119056
0.00151073
0.000306325
0.00191568
0.00223542
0.00253386
0.00280367
0.000584634
0.003093
0.00329198
0.0034655
0.00361989
0.00376163
0.000732381
0.00391429
0.00404497
0.00417735
0.00431328
0.00294464
0.00300335
0.00306269
0.00312277
0.0031839
0.00324644
0.00331069
0.00337688
0.00344511
0.0035154
0.00358773
0.00366207
0.00373841
0.00381673
0.00389704
0.00397937
0.00406373
0.00415016
0.00423868
0.00432933
0.00442215
0.00451717
0.00461442
0.00471396
0.00481581
0.00492004
0.00502667
0.00513577
0.00524739
0.00536157
0.00547837
0.00559785
0.00572007
0.0058451
0.005973
0.00610384
0.00623769
0.00637465
0.00651478
0.00665818
0.00680495
0.00695517
0.00710897
0.00726644
0.00742772
0.00759294
0.00776222
0.00793572
0.00811359
0.008296
0.00848312
0.00867516
0.0088723
0.00907478
0.00928282
0.00949667
0.00971661
0.0099429
0.0101759
0.0104157
)
;
    }
}


// ************************************************************************* //
