/*--------------------------------*- C++ -*----------------------------------*\
  =========                 |
  \\      /  F ield         | OpenFOAM: The Open Source CFD Toolbox
   \\    /   O peration     | Website:  https://openfoam.org
    \\  /    A nd           | Version:  7
     \\/     M anipulation  |
\*---------------------------------------------------------------------------*/
FoamFile
{
    version     2.0;
    format      ascii;
    class       surfaceScalarField;
    location    "61";
    object      phi;
}
// * * * * * * * * * * * * * * * * * * * * * * * * * * * * * * * * * * * * * //

dimensions      [0 3 -1 0 0 0 0];

internalField   nonuniform List<scalar> 
2012
(
0.00121864
0.00515378
-0.00514111
0.00122408
0.0035674
-0.00357284
0.00124086
0.000924667
-0.000941455
0.00125966
-0.00114526
0.00112647
0.00127735
-0.00190627
0.00188858
0.00129906
-0.00153679
0.00151508
0.00132199
-0.000631318
0.000608386
0.0013469
0.000101651
-0.000126561
0.00136898
0.000499204
-0.000521279
0.00139157
0.000471141
-0.000493737
0.000131852
-0.000150852
0.00121606
0.00516308
0.00122509
0.00355838
0.00124395
0.0009058
0.00126293
-0.00116423
0.00127955
-0.0019229
0.0012999
-0.00155714
0.00132189
-0.000653311
0.00134648
7.70592e-05
0.00136871
0.000476975
0.00139167
0.000448183
0.00011267
0.00121389
0.00516895
0.0012265
0.00354577
0.00124743
0.000884871
0.00126658
-0.00118339
0.00128215
-0.00193846
0.00130112
-0.0015761
0.00132216
-0.000674352
0.00134642
5.28017e-05
0.00136879
0.000454606
0.00139209
0.000424876
9.33148e-05
0.00121212
0.00517134
0.00122831
0.00352958
0.00125128
0.000861901
0.00127062
-0.00120272
0.00128513
-0.00195298
0.00130272
-0.0015937
0.0013228
-0.000694431
0.00134671
2.88961e-05
0.0013692
0.000432114
0.00139284
0.000401238
7.37972e-05
0.00121075
0.00517021
0.0012305
0.00350983
0.00125549
0.000836915
0.00127501
-0.00122224
0.00128849
-0.00196646
0.00130471
-0.00160992
0.00132382
-0.000713542
0.00134736
5.35864e-06
0.00136996
0.000409514
0.00139391
0.000377287
5.41278e-05
0.00120979
0.00516555
0.00123307
0.00348655
0.00126004
0.000809942
0.00127974
-0.00124194
0.00129221
-0.00197893
0.00130707
-0.00162478
0.0013252
-0.00073168
0.00134836
-1.77956e-05
0.00137105
0.000386823
0.0013953
0.00035304
3.43172e-05
0.00120923
0.00515734
0.001236
0.00345979
0.00126492
0.000781016
0.00128481
-0.00126182
0.00129628
-0.0019904
0.00130979
-0.00163829
0.00132695
-0.000748844
0.00134971
-4.05526e-05
0.00137248
0.000364057
0.001397
0.000328515
1.43758e-05
0.00120907
0.00514559
0.00123927
0.00342959
0.00127011
0.000750176
0.00129018
-0.0012819
0.00130069
-0.00200091
0.00131287
-0.00165047
0.00132906
-0.000765035
0.00135141
-6.28997e-05
0.00137424
0.000341232
0.00139902
0.00030373
-5.68609e-06
0.0012093
0.00513032
0.00124287
0.00339602
0.00127558
0.000717463
0.00129586
-0.00130217
0.00130543
-0.00201048
0.0013163
-0.00166135
0.00133153
-0.00078026
0.00135345
-8.48257e-05
0.00137632
0.000318364
0.00140135
0.000278705
-2.58584e-05
0.00120991
0.00511155
0.00124679
0.00335914
0.00128133
0.000682922
0.0013018
-0.00132264
0.00131048
-0.00201915
0.00132007
-0.00167094
0.00133434
-0.000794525
0.00135583
-0.000106321
0.00137873
0.000295468
0.00140398
0.000253457
-4.61316e-05
0.0012109
0.00508934
0.001251
0.00331904
0.00128732
0.000646602
0.00130801
-0.00134333
0.00131582
-0.00202697
0.00132417
-0.00167929
0.00133748
-0.000807842
0.00135854
-0.000127378
0.00138145
0.00027256
0.0014069
0.000228005
-6.64966e-05
0.00121225
0.00506372
0.00125549
0.0032758
0.00129354
0.000608554
0.00131444
-0.00136423
0.00132144
-0.00203396
0.00132857
-0.00168643
0.00134096
-0.000820227
0.00136157
-0.00014799
0.00138448
0.000249653
0.00141012
0.000202367
-8.69449e-05
0.00121396
0.00503477
0.00126024
0.00322951
0.00129996
0.000568834
0.00132109
-0.00138536
0.00132732
-0.00204018
0.00133328
-0.00169239
0.00134475
-0.000831698
0.00136491
-0.000168153
0.00138781
0.000226762
0.00141361
0.000176559
-0.000107469
0.00121601
0.00500257
0.00126523
0.00318028
0.00130657
0.000527499
0.00132794
-0.00140673
0.00133344
-0.00204568
0.00133827
-0.00169723
0.00134885
-0.000842276
0.00136856
-0.000187866
0.00139143
0.000203898
0.00141739
0.000150599
-0.000128061
0.00121838
0.00496719
0.00127044
0.00312822
0.00131333
0.000484609
0.00133495
-0.00142835
0.00133978
-0.00205051
0.00134353
-0.00170098
0.00135324
-0.000851985
0.0013725
-0.000207128
0.00139533
0.000181073
0.00142143
0.000124502
-0.000148716
0.00122107
0.00492873
0.00127585
0.00307345
0.00132023
0.000440227
0.00134211
-0.00145023
0.00134632
-0.00205472
0.00134905
-0.00170371
0.00135791
-0.000860855
0.00137673
-0.000225941
0.0013995
0.000158297
0.00142572
9.82842e-05
-0.000169429
0.00122406
0.00488731
0.00128143
0.00301607
0.00132724
0.000394418
0.00134939
-0.00147238
0.00135304
-0.00205836
0.00135479
-0.00170547
0.00136285
-0.000868915
0.00138122
-0.000244309
0.00140394
0.00013558
0.00143027
7.1959e-05
-0.000190194
0.00122733
0.00484302
0.00128718
0.00295623
0.00133435
0.000347249
0.00135678
-0.00149481
0.00135992
-0.0020615
0.00136076
-0.00170632
0.00136805
-0.000876201
0.00138598
-0.000262241
0.00140863
0.000112929
0.00143505
4.55398e-05
-0.00021101
0.00123087
0.00479599
0.00129305
0.00289405
0.00134151
0.000298788
0.00136424
-0.00151753
0.00136693
-0.0020642
0.00136693
-0.00170631
0.00137347
-0.000882749
0.00139098
-0.000279744
0.00141356
9.03499e-05
0.00144006
1.90387e-05
-0.000231874
0.00123466
0.00474634
0.00129904
0.00282966
0.00134873
0.000249107
0.00137175
-0.00154055
0.00137407
-0.00206651
0.00137327
-0.00170552
0.00137912
-0.000888599
0.00139621
-0.00029683
0.00141871
6.78477e-05
0.00144528
-7.5338e-06
-0.000252786
0.00123867
0.00469422
0.00130513
0.0027632
0.00135596
0.000198277
0.0013793
-0.0015639
0.00138129
-0.0020685
0.00137978
-0.001704
0.00138497
-0.000893795
0.00140166
-0.000313512
0.00142408
4.54252e-05
0.00145071
-3.41681e-05
-0.000273745
0.00124291
0.00463974
0.00131129
0.00269482
0.00136319
0.000146371
0.00138686
-0.00158756
0.00138859
-0.00207023
0.00138643
-0.00170184
0.00139101
-0.000898382
0.00140731
-0.000329807
0.00142965
2.30839e-05
0.00145634
-6.08563e-05
-0.000294754
0.00124733
0.00458306
0.0013175
0.00262466
0.0013704
9.34637e-05
0.0013944
-0.00161156
0.00139594
-0.00207177
0.0013932
-0.00169909
0.00139723
-0.000902408
0.00141315
-0.000345733
0.00143541
8.23452e-07
0.00146215
-8.75917e-05
-0.000315815
0.00125193
0.00452432
0.00132374
0.00255285
0.00137757
3.96311e-05
0.00140192
-0.00163591
0.00140333
-0.00207318
0.00140007
-0.00169584
0.00140359
-0.000905924
0.00141917
-0.00036131
0.00144135
-2.13582e-05
0.00146813
-0.000114369
-0.000336934
0.0012567
0.00446366
0.00132999
0.00247955
0.00138468
-1.50506e-05
0.00140937
-0.0016606
0.00141071
-0.00207453
0.00140703
-0.00169215
0.00141009
-0.000908981
0.00142534
-0.000376562
0.00144745
-4.34651e-05
0.00147426
-0.000141186
-0.000358114
0.0012616
0.00440124
0.00133624
0.00240491
0.0013917
-7.0505e-05
0.00141675
-0.00168566
0.00141809
-0.00207586
0.00141405
-0.00168811
0.0014167
-0.000911634
0.00143165
-0.000391513
0.00145369
-6.55027e-05
0.00148054
-0.000168039
-0.000379364
0.00126662
0.0043372
0.00134247
0.00232907
0.00139862
-0.000126655
0.00142404
-0.00171108
0.00142543
-0.00207726
0.00142111
-0.00168379
0.00142342
-0.000913939
0.00143809
-0.00040619
0.00146007
-8.74788e-05
0.00148696
-0.000194929
-0.000400692
0.00127175
0.0042717
0.00134865
0.00225217
0.00140542
-0.000183422
0.0014312
-0.00173686
0.00143272
-0.00207878
0.0014282
-0.00167926
0.00143021
-0.000915954
0.00144464
-0.000420623
0.00146657
-0.000109402
0.0014935
-0.000221857
-0.000422107
0.00127697
0.00420489
0.00135477
0.00217437
0.00141208
-0.00024073
0.00143824
-0.00176303
0.00143994
-0.00208048
0.00143529
-0.0016746
0.00143707
-0.000917738
0.00145129
-0.000434843
0.00147317
-0.000131285
0.00150014
-0.000248826
-0.000443619
0.00128225
0.00413692
0.00136082
0.00209581
0.00141859
-0.000298501
0.00144513
-0.00178956
0.00144707
-0.00208243
0.00144236
-0.0016699
0.00144397
-0.00091935
0.00145801
-0.000448882
0.00147987
-0.000153139
0.00150688
-0.00027584
-0.000465241
0.00128759
0.00406793
0.00136677
0.00201662
0.00142493
-0.000356659
0.00145184
-0.00181648
0.00145408
-0.00208467
0.0014494
-0.00166521
0.0014509
-0.000920852
0.0014648
-0.000462774
0.00148664
-0.00017498
0.0015137
-0.000302906
-0.000486986
0.00129296
0.00399807
0.00137262
0.00193696
0.00143109
-0.000415126
0.00145838
-0.00184377
0.00146097
-0.00208726
0.00145639
-0.00166063
0.00145784
-0.000922305
0.00147163
-0.000476557
0.00149347
-0.000196823
0.0015206
-0.000330033
-0.000508868
0.00129834
0.00392748
0.00137834
0.00185696
0.00143705
-0.000473828
0.00146471
-0.00187144
0.00146772
-0.00209027
0.00146331
-0.00165622
0.00146478
-0.000923772
0.00147849
-0.000490267
0.00150035
-0.000218688
0.00152755
-0.000357228
-0.000530903
0.00130373
0.00385632
0.00138393
0.00177676
0.0014428
-0.00053269
0.00147084
-0.00189948
0.0014743
-0.00209373
0.00147015
-0.00165206
0.00147169
-0.000925314
0.00148536
-0.000503943
0.00150727
-0.000240593
0.00153455
-0.000384504
-0.000553106
0.00130911
0.0037847
0.00138938
0.00169649
0.00144832
-0.000591639
0.00147674
-0.0019279
0.00148072
-0.00209771
0.00147688
-0.00164823
0.00147856
-0.000926994
0.00149224
-0.000517626
0.00151421
-0.000262559
0.00154158
-0.000411873
-0.000575497
0.00131445
0.00371276
0.00139466
0.00161629
0.00145362
-0.000650602
0.0014824
-0.00195668
0.00148694
-0.00210225
0.00148349
-0.00164478
0.00148537
-0.000928874
0.0014991
-0.000531356
0.00152115
-0.000284611
0.00154863
-0.000439349
-0.000598092
0.00131975
0.00364063
0.00139976
0.00153627
0.00145867
-0.000709511
0.00148782
-0.00198582
0.00149296
-0.00210739
0.00148997
-0.00164179
0.00149211
-0.000931016
0.00150593
-0.000545176
0.00152809
-0.000306771
0.00155569
-0.000466946
-0.000620911
0.00132498
0.00356843
0.00140469
0.00145656
0.00146347
-0.000768297
0.00149298
-0.00201533
0.00149877
-0.00211318
0.00149631
-0.00163933
0.00149877
-0.000933481
0.00151272
-0.000559127
0.00153502
-0.000329066
0.00156275
-0.000494682
-0.000643974
0.00133014
0.00349628
0.00140942
0.00137729
0.00146801
-0.000826893
0.00149787
-0.00204518
0.00150435
-0.00211965
0.00150248
-0.00163746
0.00150533
-0.000936329
0.00151945
-0.000573254
0.00154191
-0.000351521
0.0015698
-0.000522575
-0.000667302
0.00133519
0.00141393
0.00129856
0.00147228
-0.000885246
0.00150249
-0.00207539
0.00150969
-0.00212686
0.00150848
-0.00163625
0.00151177
-0.00093962
0.00152611
-0.000587597
0.00154876
-0.000374167
0.00157682
-0.000550639
-0.000690918
0.00215217
0.00117458
0.00223738
-0.000970454
0.00227154
-0.00210955
0.0022666
-0.00212193
0.00224785
-0.0016175
0.00223642
-0.000928185
0.00224185
-0.000593025
0.00225962
-0.000391941
0.00228469
-0.00057571
-0.000708933
0.00222749
0.00104983
0.00231272
-0.00105568
0.00234672
-0.00214355
0.00234154
-0.00211674
0.00232218
-0.00159815
0.00230992
-0.000915926
0.00231439
-0.000597497
0.00233135
-0.000408894
0.00235562
-0.000599986
-0.000726238
0.00230578
0.000924746
0.00239067
-0.00114057
0.00242433
-0.00217721
0.00241889
-0.0021113
0.002399
-0.00157826
0.00238598
-0.0009029
0.00238949
-0.000601008
0.00240555
-0.000424961
0.00242895
-0.00062338
-0.000742759
0.00238709
0.000799804
0.00247126
-0.00122474
0.00250439
-0.00221034
0.00249867
-0.00210559
0.00247833
-0.00155792
0.00246461
-0.000889174
0.00246716
-0.000603554
0.00248228
-0.000440083
0.00250469
-0.000645796
-0.000758426
0.00247152
0.000675518
0.00255455
-0.00130776
0.00258691
-0.00224271
0.0025809
-0.00209958
0.00256019
-0.00153721
0.00254584
-0.000874824
0.00254743
-0.000605141
0.00256155
-0.000454205
0.00258289
-0.000667138
-0.000773171
0.00255912
0.000552428
0.00264056
-0.00138921
0.00267192
-0.00227407
0.00266558
-0.00209324
0.00264458
-0.00151622
0.00262969
-0.00085993
0.00263033
-0.000605778
0.0026434
-0.000467275
0.00266357
-0.000687314
-0.000786924
0.00264995
0.000431105
0.00272933
-0.00146859
0.00275942
-0.00230417
0.0027527
-0.00208652
0.0027315
-0.00149501
0.00271615
-0.00084458
0.00271586
-0.000605485
0.00272783
-0.000479248
0.00274675
-0.000706232
-0.000799619
0.00274406
0.000312136
0.00282088
-0.00154541
0.00284942
-0.0023327
0.00284227
-0.00207936
0.00282094
-0.00147368
0.00280522
-0.000828866
0.00280403
-0.000604287
0.00281486
-0.000490085
0.00283244
-0.000723805
-0.000811193
0.00284148
0.00019613
0.00291524
-0.00161917
0.00294191
-0.00235938
0.00293425
-0.0020717
0.00291287
-0.0014523
0.00289689
-0.000812885
0.00289482
-0.000602219
0.00290449
-0.000499753
0.00292063
-0.000739951
-0.000821586
0.00294224
8.37e-05
0.0030124
-0.00168933
0.00303689
-0.00238387
0.00302863
-0.00206344
0.00300727
-0.00143094
0.00299112
-0.000796736
0.00298822
-0.000599321
0.0029967
-0.000508225
0.00301134
-0.000754592
-0.000830741
0.00304632
-2.45358e-05
0.00311236
-0.00175536
0.00313435
-0.00240586
0.00312539
-0.00205449
0.00310411
-0.00140966
0.00308789
-0.000780516
0.00308421
-0.000595641
0.00309147
-0.000515485
0.00310453
-0.000767658
-0.000838607
0.00315372
-0.000127969
0.0032151
-0.00181674
0.00323425
-0.00242501
0.00322449
-0.00204472
0.00320334
-0.0013885
0.00318715
-0.000764326
0.00318274
-0.000591234
0.00318878
-0.000521523
0.00320021
-0.000779086
-0.000845137
0.0032644
-0.000226011
0.00332061
-0.00187294
0.00333658
-0.00244098
0.00332588
-0.00203403
0.00330491
-0.00136753
0.00328884
-0.000748262
0.00328377
-0.00058616
0.00328858
-0.000526339
0.00329832
-0.000788824
-0.000850291
0.00337828
-0.000318099
0.00342883
-0.00192349
0.00344129
-0.00245344
0.00342954
-0.00202228
0.00340876
-0.00134675
0.00339292
-0.000732416
0.00338724
-0.000580484
0.00339084
-0.000529942
0.00339885
-0.000796828
-0.000854037
0.00349528
-0.000403714
0.00353971
-0.00196793
0.00354835
-0.00246208
0.00353539
-0.00200932
0.00351485
-0.00132621
0.0034993
-0.000716876
0.00349309
-0.000574274
0.0034955
-0.00053235
0.00350174
-0.000803066
-0.000856349
0.00361529
-0.000482388
0.00365318
-0.00200582
0.0036577
-0.0024666
0.0036434
-0.00199502
0.00362309
-0.00130589
0.00360793
-0.00070172
0.00360126
-0.000567601
0.0036025
-0.00053359
0.00360695
-0.000807517
-0.000857209
0.00373817
-0.000553718
0.00376917
-0.00203682
0.00376929
-0.00246672
0.00375351
-0.00197924
0.00373342
-0.0012858
0.00371872
-0.000687018
0.00371165
-0.000560539
0.00371176
-0.000533697
0.00371442
-0.000810171
-0.000856608
0.00386375
-0.000617375
0.00388756
-0.00206063
0.00388305
-0.00246222
0.00386565
-0.00196183
0.00384577
-0.00126592
0.00383158
-0.00067283
0.0038242
-0.00055316
0.00382322
-0.000532716
0.00382408
-0.000811034
-0.000854545
0.00399186
-0.000673118
0.00400825
-0.00207701
0.00399893
-0.0024529
0.00397977
-0.00194268
0.00396007
-0.00124622
0.00394645
-0.000659204
0.00393882
-0.000545534
0.0039368
-0.000530697
0.00393589
-0.000810122
-0.00085103
0.0041223
-0.000720796
0.00413113
-0.00208584
0.00411684
-0.00243861
0.00409581
-0.00192165
0.00407626
-0.00122666
0.00406323
-0.000646174
0.00405542
-0.00053773
0.00405242
-0.0005277
0.00404977
-0.000807465
-0.000846079
0.00425485
-0.00076036
0.00425606
-0.00208705
0.00423672
-0.00241927
0.00421372
-0.00189866
0.00419426
-0.0012072
0.00418184
-0.000633761
0.00417392
-0.00052981
0.00417001
-0.000523786
0.00416565
-0.000803105
-0.000839718
0.00438928
-0.000791867
0.00438291
-0.00208068
0.00435849
-0.00239485
0.00433344
-0.00187361
0.00431401
-0.00118777
0.00430222
-0.000621972
0.00429424
-0.000521831
0.00428948
-0.000519023
0.00428347
-0.000797095
-0.000831984
0.00452538
-0.000815477
0.00451156
-0.00206687
0.00448208
-0.00236537
0.00445492
-0.00184645
0.00443546
-0.00116831
0.00442429
-0.0006108
0.0044163
-0.000513844
0.00441076
-0.000513482
0.00440317
-0.000789502
-0.000822917
0.00466292
-0.000831454
0.00464188
-0.00204584
0.00460743
-0.00233092
0.00457812
-0.00181714
0.00455857
-0.00114876
0.004548
-0.000600223
0.00454004
-0.000505888
0.00453379
-0.000507234
0.00452469
-0.000780398
-0.00081257
0.00480169
-0.000840162
0.00477375
-0.00201789
0.00473448
-0.00229165
0.00470302
-0.00178567
0.00468331
-0.00112905
0.00467329
-0.000590205
0.0046654
-0.000497997
0.00465851
-0.000500349
0.00464798
-0.000769869
-0.000801
0.00494151
-0.000842051
0.00490705
-0.00198344
0.00486318
-0.00224778
0.00482958
-0.00175206
0.00480963
-0.00110911
0.00480013
-0.000580699
0.00479232
-0.00049019
0.00478487
-0.000492897
0.004773
-0.000758003
-0.000788268
0.00508221
-0.000837653
0.00504171
-0.00194294
0.00499349
-0.00219957
0.00495779
-0.00171636
0.00493755
-0.00108887
0.0049285
-0.000571643
0.00492078
-0.000482478
0.00491283
-0.000484943
0.00489972
-0.000744896
-0.000774442
0.00522366
-0.000827561
0.00517764
-0.00189692
0.0051254
-0.00214733
0.00508767
-0.00167864
0.00506706
-0.00106826
0.00505838
-0.000562964
0.00505077
-0.00047486
0.00504237
-0.000476547
0.00502812
-0.000730647
-0.000759592
0.00536576
-0.000812416
0.00531482
-0.00184598
0.00525888
-0.00209139
0.00521922
-0.00163898
0.00519818
-0.00104722
0.0051898
-0.000554583
0.00518227
-0.000467323
0.00517348
-0.000467764
0.00515819
-0.000715355
-0.000743791
0.00550848
-0.000792888
0.00545321
-0.00179071
0.00539397
-0.00203215
0.00535249
-0.00159749
0.00533096
-0.00102569
0.00532278
-0.000546408
0.0053153
-0.000459845
0.00530618
-0.00045864
0.00528994
-0.000699119
-0.000727113
0.00565179
-0.000769657
0.00559284
-0.00173176
0.00553069
-0.00197
0.00548751
-0.00155431
0.00546543
-0.00100361
0.00545737
-0.000538344
0.00544991
-0.000452391
0.00544049
-0.000449215
0.0054234
-0.000682036
-0.000709628
0.00579575
-0.000743396
0.00573375
-0.00166976
0.00566909
-0.00190534
0.00562435
-0.00150958
0.00560167
-0.000980931
0.00559362
-0.000530289
0.00558614
-0.000444917
0.00557645
-0.000439518
0.00555861
-0.000664198
-0.000691407
0.00594043
-0.000714751
0.005876
-0.00160533
0.00580925
-0.00183859
0.0057631
-0.00146342
0.00573977
-0.000957605
0.00573162
-0.000522139
0.00572408
-0.000437372
0.00571413
-0.000429569
0.00569562
-0.000645692
-0.000672518
0.00608597
-0.000684331
0.0060197
-0.00153906
0.00595125
-0.00177014
0.00590384
-0.00141601
0.00587982
-0.000933591
0.00587147
-0.000513788
0.0058638
-0.000429695
0.00585361
-0.000419381
0.00583451
-0.000626597
-0.000653022
0.00623252
-0.00065269
0.00616498
-0.00147152
0.00609521
-0.00170037
0.00604668
-0.00136748
0.00602194
-0.000908849
0.00601328
-0.000505131
0.00600541
-0.000421821
0.00599498
-0.000408955
0.00597537
-0.000606984
-0.000632976
0.00638028
-0.000620322
0.00631198
-0.00140322
0.00624125
-0.00162965
0.00619175
-0.00131798
0.00616625
-0.000883347
0.00615718
-0.000496063
0.00614904
-0.000413679
0.00613837
-0.000398285
0.0061183
-0.000586916
-0.000612431
0.00652948
-0.000587654
0.00646088
-0.00133462
0.00638951
-0.00155828
0.00633917
-0.00126763
0.00631288
-0.000857053
0.0063033
-0.000486484
0.00629482
-0.000405197
0.00628389
-0.000387358
0.00626342
-0.000566443
-0.000591432
0.00668036
-0.000555042
0.00661185
-0.00126611
0.00654014
-0.00148657
0.00648909
-0.00121658
0.00646198
-0.000829941
0.00645179
-0.000476299
0.00644289
-0.000396299
0.00643169
-0.000376151
0.00641085
-0.00054561
-0.000570016
0.00683317
-0.000522774
0.0067651
-0.00119804
0.0066933
-0.00141477
0.00664165
-0.00116493
0.00661369
-0.000801989
0.00660281
-0.000465418
0.00659342
-0.000386913
0.00658191
-0.000364639
0.00656075
-0.00052445
-0.000548213
0.00698818
-0.000491073
0.00692083
-0.00113069
0.00684915
-0.0013431
0.006797
-0.00111277
0.00676818
-0.000773174
0.00675652
-0.000453757
0.00674657
-0.000376965
0.00673472
-0.000352789
0.00671326
-0.000502986
-0.000526046
0.00714566
-0.0004601
0.00707924
-0.00106427
0.00700787
-0.00127173
0.0069553
-0.0010602
0.00692561
-0.00074348
0.00691309
-0.000441241
0.00690251
-0.000366387
0.00689029
-0.000340569
0.00686854
-0.000481235
-0.000503532
0.00730586
-0.000429965
0.00724056
-0.000998966
0.00716963
-0.00120081
0.00711671
-0.00100728
0.00708612
-0.000712891
0.00707269
-0.000427805
0.00706142
-0.000355114
0.00704879
-0.00032794
0.00702676
-0.000459205
-0.000480681
0.00746905
-0.000400729
0.00740498
-0.00093489
0.0073346
-0.00113043
0.0072814
-0.000954075
0.0072499
-0.000681396
0.00723548
-0.000413388
0.00722346
-0.000343089
0.00721039
-0.000314866
0.00718808
-0.000436897
-0.000457498
0.00763548
-0.00037242
0.00757271
-0.000872119
0.00750297
-0.00106069
0.00744951
-0.00090062
0.0074171
-0.000648984
0.00740165
-0.000397942
0.00738882
-0.000330259
0.00737527
-0.000301311
0.00735268
-0.000414306
-0.000433982
0.0078054
-0.00034503
0.00774397
-0.000810693
0.0076749
-0.00099162
0.00762123
-0.000846946
0.00758789
-0.000615647
0.00757137
-0.000381425
0.00755769
-0.000316578
0.00754362
-0.000287238
0.00752074
-0.000391424
-0.000410128
0.00797903
-0.000318531
0.00791895
-0.000750616
0.00785058
-0.000923245
0.0077967
-0.000793071
0.00776243
-0.000581377
0.00774481
-0.000363805
0.00773024
-0.000302009
0.00771562
-0.000272614
0.00769243
-0.000368237
-0.000385927
0.00815661
-0.000292875
0.00809786
-0.000691865
0.00803018
-0.00085556
0.0079761
-0.000739001
0.0079409
-0.000546171
0.00792215
-0.000345059
0.00790666
-0.00028652
0.00789146
-0.00025741
0.00786795
-0.000344731
-0.000361368
0.00833837
-0.000268003
0.0082809
-0.000634391
0.00821388
-0.00078854
0.00815961
-0.000684729
0.00812346
-0.000510023
0.00810357
-0.000325168
0.00808714
-0.000270088
0.00807132
-0.000241597
0.00804748
-0.000320885
-0.000336435
0.00852454
-0.000243843
0.00846827
-0.000578124
0.00840187
-0.000722137
0.00834738
-0.000630238
0.00831028
-0.000472928
0.00828924
-0.000304125
0.00827185
-0.000252698
0.00825541
-0.000225152
0.0082312
-0.000296681
-0.000311111
0.00871534
-0.000220319
0.00866019
-0.000522975
0.00859434
-0.000656289
0.0085396
-0.000575502
0.00850156
-0.000434883
0.00847936
-0.000281925
0.008461
-0.00023434
0.0084439
-0.000208057
0.00841932
-0.000272097
-0.000285377
0.008911
-0.00019735
0.00885686
-0.000468836
0.00879148
-0.00059091
0.00873646
-0.000520481
0.00869746
-0.000395883
0.00867411
-0.000258574
0.00865478
-0.000215011
0.00863702
-0.000190295
0.00861203
-0.000247111
-0.000259213
0.00911176
-0.000174848
0.00905851
-0.000415581
0.0089935
-0.0005259
0.00893814
-0.000465126
0.00889818
-0.000355921
0.00887369
-0.000234079
0.00885339
-0.000194715
0.00883495
-0.000171856
0.00880954
-0.0002217
-0.000232595
0.00931789
-0.000152724
0.00926537
-0.000363068
0.00920061
-0.000461138
0.00914486
-0.000409375
0.00910393
-0.000314988
0.0090783
-0.000208456
0.00905705
-0.000173463
0.00903793
-0.000152732
0.00901207
-0.000195838
-0.0002055
0.00952962
-0.000130887
0.00947769
-0.000311135
0.00941304
-0.000396484
0.00935682
-0.000353155
0.0093149
-0.000273074
0.00928817
-0.000181725
0.00926598
-0.00015127
0.00924617
-0.00013292
0.00921983
-0.000169503
-0.000177902
0.00974726
-0.000109239
0.00969572
-0.000259603
0.00963102
-0.000331777
0.00957424
-0.000296377
0.00953133
-0.000230166
0.00950352
-0.000153912
0.0094804
-0.000128158
0.00945991
-0.000112422
0.00943307
-0.000142667
-0.000149773
0.00997108
-8.76787e-05
0.00991974
-0.000208269
0.0098548
-0.00026683
0.00979736
-0.000238939
0.00975344
-0.000186246
0.00972458
-0.00012505
0.00970057
-0.000104154
0.0096794
-9.12439e-05
0.00965203
-0.000115303
-0.000121083
0.0102014
-6.61002e-05
0.01015
-0.000156906
0.0100846
-0.000201434
0.0100264
-0.000180722
0.00998148
-0.000141296
0.00995161
-9.51757e-05
0.00992675
-7.92928e-05
0.0099049
-6.93961e-05
0.00987698
-8.73823e-05
-9.18011e-05
0.0104386
-4.43884e-05
0.0103869
-0.000105263
0.0103208
-0.00013535
0.0102617
-0.000121591
0.0102157
-9.52907e-05
0.0101849
-6.43358e-05
0.0101592
-5.36148e-05
0.0101367
-4.68945e-05
0.0101082
-5.88741e-05
-6.18911e-05
0.0106829
-2.24195e-05
0.0106307
-5.30526e-05
0.0105637
-6.8304e-05
0.0105035
-6.13892e-05
0.0104564
-4.82038e-05
0.0104246
-3.2584e-05
0.0103982
-2.7168e-05
0.0103751
-2.37604e-05
0.0103459
-2.97448e-05
-3.13157e-05
0.0109348
0.0108817
0.0108134
0.010752
0.0107038
0.0106713
0.0106441
0.0106203
0.0105906
0.000188263
0.00122497
0.00512513
0.00122329
0.00357471
0.00123589
0.000956153
0.00125431
-0.00110786
0.00127413
-0.00186982
0.00129856
-0.001492
0.00132332
-0.000584531
0.00134881
0.000151768
0.00137053
0.000543183
0.00139235
0.000515953
0.000169658
0.00122161
0.00122348
0.00123817
0.00125678
0.00127554
0.00129862
0.00132247
0.00134768
0.00136958
0.0013918
)
;

boundaryField
{
    inlet
    {
        type            calculated;
        value           nonuniform 0();
    }
    outlet
    {
        type            calculated;
        value           nonuniform List<scalar> 
103
(
0.00230271
0.00237293
0.00244547
0.00252036
0.00259764
0.00267733
0.00275945
0.00284401
0.00293103
0.00302049
0.0031124
0.00320674
0.00330348
0.00340259
0.00350405
0.00360781
0.00371382
0.00382202
0.00393237
0.00404482
0.00415929
0.00427574
0.0043941
0.00451434
0.00463641
0.00476027
0.0048859
0.00501327
0.00514239
0.00527326
0.00540592
0.00554039
0.00567673
0.00581502
0.00595532
0.00609775
0.00624242
0.00638944
0.00653895
0.00669109
0.00684603
0.00700391
0.00716489
0.00732916
0.00749688
0.00766823
0.00784339
0.00802254
0.00820588
0.00839359
0.00858587
0.00878292
0.00898497
0.00919223
0.00940494
0.00962334
0.0098477
0.0100783
0.0103154
0.0105593
0.00141057
0.00141085
0.00141145
0.00141236
0.00141358
0.00141511
0.00141694
0.00141908
0.00142152
0.00142425
0.00142727
0.00143056
0.00143414
0.00143798
0.00144208
0.00144643
0.00145103
0.00145586
0.00146092
0.00146619
0.00147167
0.00147735
0.00148321
0.00148924
0.00149544
0.00150179
0.00150829
0.00151491
0.00152165
0.0015285
0.00153545
0.00154248
0.00154958
0.00155675
0.00156397
0.00157122
0.00157851
0.00158582
0.00159313
0.00160044
0.00141162
0.00141096
0.00141061
)
;
    }
    cylinder
    {
        type            calculated;
        value           nonuniform 0();
    }
    top
    {
        type            symmetryPlane;
        value           uniform 0;
    }
    bottom
    {
        type            symmetryPlane;
        value           nonuniform 0();
    }
    defaultFaces
    {
        type            empty;
        value           nonuniform 0();
    }
    procBoundary31to14
    {
        type            processor;
        value           nonuniform List<scalar> 4(-0.00123131 -0.00122537 -0.00124416 -0.00123758);
    }
    procBoundary31to15
    {
        type            processor;
        value           nonuniform List<scalar> 
12
(
-0.000206656
-0.00510595
-0.00357303
-0.000968756
0.00108945
0.00184999
0.00146758
0.00055977
-0.000177256
-0.000564905
-0.00139323
-0.000537777
)
;
    }
    procBoundary31to30
    {
        type            processor;
        value           nonuniform List<scalar> 
99
(
-0.00121976
-0.00121451
-0.00120963
-0.00120513
-0.00120102
-0.00119732
-0.00119402
-0.00119114
-0.00118868
-0.00118663
-0.00118501
-0.0011838
-0.001183
-0.00118262
-0.00118263
-0.00118304
-0.00118384
-0.00118501
-0.00118655
-0.00118843
-0.00119065
-0.00119319
-0.00119604
-0.00119918
-0.00120259
-0.00120625
-0.00121016
-0.00121428
-0.0012186
-0.0012231
-0.00122776
-0.00123256
-0.00123749
-0.00124251
-0.00124762
-0.00125278
-0.00125799
-0.00126321
0.0034243
-0.00202819
-0.00210274
-0.00218069
-0.00226215
-0.00234723
-0.00243603
-0.00252862
-0.00262509
-0.00272548
-0.00282981
-0.00293809
-0.00305029
-0.00316636
-0.00328619
-0.00340967
-0.00353661
-0.00366684
-0.00380009
-0.00393612
-0.00407462
-0.00421528
-0.00435777
-0.00450177
-0.00464694
-0.00479298
-0.00493962
-0.0050866
-0.00523375
-0.00538091
-0.00552801
-0.00567502
-0.00582201
-0.00596908
-0.00611639
-0.00626416
-0.00641265
-0.00656215
-0.00671297
-0.00686544
-0.00701988
-0.00717663
-0.007336
-0.00749829
-0.00766379
-0.00783279
-0.00800553
-0.00818227
-0.00836325
-0.0085487
-0.00873886
-0.00893397
-0.00913427
-0.00934001
-0.00955146
-0.0097689
-0.00999264
-0.010223
-0.0104603
-0.0107049
-0.0109572
)
;
    }
}


// ************************************************************************* //
