/*--------------------------------*- C++ -*----------------------------------*\
  =========                 |
  \\      /  F ield         | OpenFOAM: The Open Source CFD Toolbox
   \\    /   O peration     | Website:  https://openfoam.org
    \\  /    A nd           | Version:  7
     \\/     M anipulation  |
\*---------------------------------------------------------------------------*/
FoamFile
{
    version     2.0;
    format      ascii;
    class       volVectorField;
    location    "11";
    object      U;
}
// * * * * * * * * * * * * * * * * * * * * * * * * * * * * * * * * * * * * * //

dimensions      [0 1 -1 0 0 0 0];

internalField   nonuniform List<vector> 
1062
(
(-0.593691 -0.0009467 5.05416e-22)
(-0.545069 -0.0036306 2.0906e-22)
(-0.400298 -0.00569593 2.64602e-22)
(-0.235713 -0.0063468 -2.24945e-24)
(-0.0466448 -0.00616877 -3.33512e-23)
(0.118498 -0.00534002 -4.15435e-24)
(0.268068 -0.00444821 4.90867e-24)
(0.388615 -0.0035634 1.54177e-23)
(0.489732 -0.00284099 6.54629e-23)
(1.1537 0.00107341 0)
(1.1471 0.00140665 0)
(1.13863 0.00167716 0)
(1.12865 0.0018648 0)
(1.11759 0.00198043 0)
(1.10575 0.00203492 0)
(1.09348 0.00201343 0)
(1.08132 0.0019069 0)
(1.0698 0.00174725 0)
(1.05912 0.00158425 0)
(1.15411 0.00320115 0)
(1.14746 0.00419521 0)
(1.13894 0.00500223 0)
(1.12891 0.00556173 0)
(1.11779 0.00590576 0)
(1.10589 0.00606701 0)
(1.09357 0.00600172 0)
(1.08137 0.00568308 0)
(1.06982 0.00520601 0)
(1.05913 0.00471889 0)
(1.1549 0.00529857 0)
(1.14817 0.00694354 0)
(1.13954 0.00827892 0)
(1.12939 0.00920336 0)
(1.11815 0.00976906 0)
(1.10615 0.0100311 0)
(1.09374 0.00991873 0)
(1.08147 0.0093883 0)
(1.06987 0.00859614 0)
(1.05914 0.00778722 0)
(1.15605 0.00738044 0)
(1.14919 0.00966888 0)
(1.14041 0.0115262 0)
(1.13009 0.0128089 0)
(1.11869 0.0135878 0)
(1.10653 0.0139418 0)
(1.09399 0.0137763 0)
(1.08162 0.0130316 0)
(1.06994 0.0119238 0)
(1.05916 0.0107927 0)
(1.15754 0.00945823 0)
(1.15051 0.0123854 0)
(1.14154 0.0147601 0)
(1.131 0.0163949 0)
(1.11937 0.0173776 0)
(1.10701 0.0178128 0)
(1.0943 0.0175855 0)
(1.0818 0.0166216 0)
(1.07002 0.0151951 0)
(1.05918 0.0137389 0)
(1.15933 0.0115421 0)
(1.15211 0.0151058 0)
(1.1429 0.017995 0)
(1.13209 0.0199762 0)
(1.12018 0.0211524 0)
(1.10758 0.021656 0)
(1.09467 0.0213563 0)
(1.082 0.0201661 0)
(1.07011 0.0184155 0)
(1.0592 0.0166293 0)
(1.16142 0.0136412 0)
(1.15397 0.0178414 0)
(1.14447 0.0212437 0)
(1.13334 0.0235661 0)
(1.12112 0.0249245 0)
(1.10824 0.0254821 0)
(1.09509 0.0250971 0)
(1.08223 0.0236714 0)
(1.0702 0.0215895 0)
(1.05922 0.0194667 0)
(1.16379 0.0157637 0)
(1.15607 0.0206025 0)
(1.14625 0.0245177 0)
(1.13475 0.0271765 0)
(1.12217 0.028705 0)
(1.10896 0.0293004 0)
(1.09554 0.0288154 0)
(1.08247 0.0271431 0)
(1.07029 0.0247209 0)
(1.05922 0.0222532 0)
(1.16642 0.0179169 0)
(1.1584 0.0233983 0)
(1.14821 0.0278275 0)
(1.13631 0.0308178 0)
(1.12331 0.0325036 0)
(1.10974 0.0331192 0)
(1.09602 0.0325175 0)
(1.08272 0.0305857 0)
(1.07037 0.0278128 0)
(1.05921 0.0249908 0)
(1.16929 0.0201073 0)
(1.16093 0.0262372 0)
(1.15034 0.0311823 0)
(1.13798 0.0344996 0)
(1.12453 0.0363291 0)
(1.11056 0.0369455 0)
(1.09652 0.0362086 0)
(1.08296 0.0340029 0)
(1.07044 0.0308675 0)
(1.05918 0.0276808 0)
(1.17239 0.0223408 0)
(1.16367 0.029127 0)
(1.15262 0.0345908 0)
(1.13977 0.0382303 0)
(1.12583 0.040189 0)
(1.11141 0.0407855 0)
(1.09702 0.0398932 0)
(1.0832 0.0373976 0)
(1.0705 0.0338869 0)
(1.05913 0.0303243 0)
(1.17571 0.0246228 0)
(1.16658 0.0320748 0)
(1.15505 0.0380606 0)
(1.14165 0.0420176 0)
(1.12718 0.0440901 0)
(1.11229 0.0446446 0)
(1.09752 0.043575 0)
(1.08342 0.040772 0)
(1.07052 0.0368721 0)
(1.05906 0.0329219 0)
(1.17924 0.0269578 0)
(1.16967 0.0350868 0)
(1.15761 0.0415988 0)
(1.14363 0.0458684 0)
(1.12857 0.0480384 0)
(1.11318 0.0485273 0)
(1.09801 0.0472568 0)
(1.08361 0.0441277 0)
(1.07052 0.0398239 0)
(1.05896 0.0354739 0)
(1.18296 0.0293503 0)
(1.17292 0.0381692 0)
(1.16028 0.0452119 0)
(1.14567 0.0497888 0)
(1.13 0.0520391 0)
(1.11407 0.0524373 0)
(1.09847 0.0509409 0)
(1.08377 0.0474656 0)
(1.07048 0.0427425 0)
(1.05882 0.0379805 0)
(1.18686 0.0318038 0)
(1.17632 0.0413275 0)
(1.16307 0.0489059 0)
(1.14778 0.0537845 0)
(1.13145 0.0560967 0)
(1.11495 0.0563778 0)
(1.09891 0.0546287 0)
(1.0839 0.0507861 0)
(1.07041 0.0456277 0)
(1.05865 0.0404413 0)
(1.19093 0.0343219 0)
(1.17986 0.0445668 0)
(1.16594 0.0526864 0)
(1.14994 0.0578604 0)
(1.1329 0.060215 0)
(1.11581 0.0603513 0)
(1.09931 0.0583215 0)
(1.08397 0.0540891 0)
(1.07029 0.0484791 0)
(1.05844 0.0428561 0)
(1.19517 0.0369074 0)
(1.18352 0.0478919 0)
(1.1689 0.0565586 0)
(1.15213 0.0620211 0)
(1.13436 0.0643974 0)
(1.11664 0.0643597 0)
(1.09966 0.0620196 0)
(1.084 0.0573743 0)
(1.07012 0.0512959 0)
(1.05819 0.045224 0)
(1.19956 0.0395629 0)
(1.18731 0.0513074 0)
(1.17194 0.0605272 0)
(1.15436 0.0662707 0)
(1.13581 0.0686465 0)
(1.11743 0.0684043 0)
(1.09996 0.065723 0)
(1.08397 0.0606407 0)
(1.0699 0.0540768 0)
(1.05789 0.0475443 0)
(1.2041 0.0422907 0)
(1.1912 0.0548174 0)
(1.17504 0.0645968 0)
(1.1566 0.0706129 0)
(1.13723 0.0729646 0)
(1.11817 0.072486 0)
(1.1002 0.0694314 0)
(1.08387 0.0638872 0)
(1.06962 0.0568205 0)
(1.05755 0.0498161 0)
(1.20878 0.0450927 0)
(1.1952 0.0584261 0)
(1.17819 0.0687717 0)
(1.15884 0.0750508 0)
(1.13862 0.0773534 0)
(1.11885 0.0766051 0)
(1.10036 0.0731439 0)
(1.08371 0.0671122 0)
(1.06928 0.0595256 0)
(1.05715 0.0520382 0)
(1.21359 0.0479707 0)
(1.1993 0.0621371 0)
(1.18139 0.0730557 0)
(1.16109 0.0795876 0)
(1.13998 0.0818143 0)
(1.11947 0.0807616 0)
(1.10045 0.0768593 0)
(1.08347 0.0703139 0)
(1.06888 0.0621901 0)
(1.05671 0.0542097 0)
(1.04667 0.0472326 0)
(1.21853 0.0509259 0)
(1.20348 0.0659542 0)
(1.18463 0.0774528 0)
(1.16332 0.0842257 0)
(1.14128 0.0863479 0)
(1.12002 0.084955 0)
(1.10046 0.080576 0)
(1.08316 0.0734904 0)
(1.06841 0.0648124 0)
(1.05621 0.0563292 0)
(1.04624 0.0489361 0)
(1.22359 0.0539596 0)
(1.20775 0.0698808 0)
(1.18789 0.0819665 0)
(1.16553 0.0889676 0)
(1.14252 0.0909549 0)
(1.12048 0.0891843 0)
(1.10038 0.0842922 0)
(1.08277 0.0766394 0)
(1.06787 0.0673904 0)
(1.05566 0.0583955 0)
(1.04576 0.0505818 0)
(1.22877 0.0570728 0)
(1.2121 0.0739203 0)
(1.19118 0.0866 0)
(1.16771 0.0938152 0)
(1.14369 0.0956352 0)
(1.12085 0.0934483 0)
(1.10021 0.0880056 0)
(1.08229 0.0797586 0)
(1.06726 0.0699221 0)
(1.05505 0.0604073 0)
(1.04525 0.0521695 0)
(1.23406 0.0602662 0)
(1.21651 0.0780759 0)
(1.19448 0.0913568 0)
(1.16985 0.0987703 0)
(1.14478 0.100389 0)
(1.12113 0.0977454 0)
(1.09994 0.091714 0)
(1.08172 0.0828454 0)
(1.06659 0.0724054 0)
(1.05439 0.0623635 0)
(1.04469 0.0536987 0)
(1.23946 0.0635404 0)
(1.22099 0.0823506 0)
(1.19779 0.0962398 0)
(1.17194 0.103834 0)
(1.14579 0.105215 0)
(1.12131 0.102074 0)
(1.09957 0.0954146 0)
(1.08106 0.0858973 0)
(1.06583 0.0748382 0)
(1.05368 0.0642629 0)
(1.04409 0.055169 0)
(1.24497 0.066896 0)
(1.22554 0.0867476 0)
(1.20109 0.101252 0)
(1.17398 0.109009 0)
(1.1467 0.110112 0)
(1.12138 0.106431 0)
(1.0991 0.0991046 0)
(1.08031 0.0889116 0)
(1.06501 0.0772184 0)
(1.0529 0.0661041 0)
(1.04345 0.0565802 0)
(1.25058 0.0703333 0)
(1.23014 0.0912699 0)
(1.2044 0.106396 0)
(1.17595 0.114295 0)
(1.14752 0.115079 0)
(1.12133 0.110814 0)
(1.09851 0.102781 0)
(1.07947 0.0918854 0)
(1.06411 0.079544 0)
(1.05208 0.0678863 0)
(1.04277 0.0579321 0)
(1.2563 0.0738525 0)
(1.2348 0.0959203 0)
(1.20769 0.111675 0)
(1.17785 0.119693 0)
(1.14823 0.120116 0)
(1.12117 0.115221 0)
(1.09781 0.106441 0)
(1.07853 0.0948161 0)
(1.06313 0.0818129 0)
(1.05119 0.0696083 0)
(1.04205 0.0592245 0)
(1.26212 0.0774539 0)
(1.23952 0.100702 0)
(1.21096 0.117091 0)
(1.17968 0.125203 0)
(1.14883 0.125219 0)
(1.12089 0.119649 0)
(1.097 0.11008 0)
(1.07749 0.0977008 0)
(1.06209 0.0840232 0)
(1.05026 0.0712692 0)
(1.0413 0.0604573 0)
(1.26804 0.0811378 0)
(1.24428 0.105618 0)
(1.21421 0.122647 0)
(1.18143 0.130827 0)
(1.14931 0.130387 0)
(1.12048 0.124095 0)
(1.09607 0.113696 0)
(1.07636 0.100537 0)
(1.06096 0.086173 0)
(1.04927 0.0728683 0)
(1.0405 0.0616307 0)
(1.27408 0.0849044 0)
(1.2491 0.110671 0)
(1.21744 0.128345 0)
(1.18309 0.136564 0)
(1.14967 0.135618 0)
(1.11994 0.128554 0)
(1.09502 0.117286 0)
(1.07514 0.103321 0)
(1.05977 0.0882606 0)
(1.04823 0.0744048 0)
(1.03967 0.0627448 0)
(1.28022 0.0887541 0)
(1.25397 0.115864 0)
(1.22064 0.134187 0)
(1.18465 0.142415 0)
(1.1499 0.140909 0)
(1.11927 0.133025 0)
(1.09386 0.120845 0)
(1.07382 0.106052 0)
(1.05851 0.0902845 0)
(1.04714 0.0758781 0)
(1.03881 0.0637998 0)
(1.28647 0.0926875 0)
(1.25889 0.121201 0)
(1.2238 0.140177 0)
(1.18612 0.148379 0)
(1.15 0.146258 0)
(1.11847 0.137502 0)
(1.09258 0.12437 0)
(1.07241 0.108725 0)
(1.05718 0.092243 0)
(1.046 0.0772878 0)
(1.03791 0.0647961 0)
(1.29283 0.0967051 0)
(1.26385 0.126684 0)
(1.22692 0.146316 0)
(1.18747 0.154456 0)
(1.14996 0.151661 0)
(1.11753 0.141982 0)
(1.09118 0.127858 0)
(1.0709 0.11134 0)
(1.05578 0.0941348 0)
(1.04482 0.0786336 0)
(1.03698 0.0657341 0)
(1.29927 0.100807 0)
(1.26882 0.132317 0)
(1.22997 0.152605 0)
(1.18871 0.160644 0)
(1.14977 0.157116 0)
(1.11644 0.146462 0)
(1.08965 0.131305 0)
(1.0693 0.113892 0)
(1.05431 0.0959587 0)
(1.04359 0.0799152 0)
(1.03601 0.0666145 0)
(1.30575 0.104994 0)
(1.27378 0.1381 0)
(1.23293 0.159045 0)
(1.1898 0.166941 0)
(1.14942 0.162617 0)
(1.11521 0.150936 0)
(1.088 0.134707 0)
(1.06761 0.11638 0)
(1.05278 0.0977135 0)
(1.04231 0.0811326 0)
(1.03502 0.0674378 0)
(1.3122 0.109264 0)
(1.27868 0.144034 0)
(1.23576 0.165634 0)
(1.19071 0.173344 0)
(1.14889 0.16816 0)
(1.11381 0.1554 0)
(1.08622 0.13806 0)
(1.06581 0.118802 0)
(1.05117 0.099398 0)
(1.04099 0.0822857 0)
(1.03399 0.0682047 0)
(1.31852 0.113614 0)
(1.28341 0.150115 0)
(1.2384 0.172369 0)
(1.19142 0.179848 0)
(1.14815 0.173739 0)
(1.11223 0.159847 0)
(1.0843 0.141361 0)
(1.06392 0.121154 0)
(1.0495 0.101011 0)
(1.03961 0.0833746 0)
(1.03292 0.068916 0)
(1.32454 0.118036 0)
(1.28786 0.156335 0)
(1.24075 0.17924 0)
(1.19184 0.186442 0)
(1.14716 0.179344 0)
(1.11045 0.164271 0)
(1.08222 0.144603 0)
(1.06191 0.123434 0)
(1.04775 0.102552 0)
(1.03818 0.0843992 0)
(1.03182 0.0695723 0)
(1.33001 0.122516 0)
(1.29185 0.16268 0)
(1.24269 0.186234 0)
(1.19192 0.193115 0)
(1.14587 0.184967 0)
(1.10844 0.168663 0)
(1.07996 0.147782 0)
(1.05978 0.125638 0)
(1.04591 0.10402 0)
(1.03669 0.0853595 0)
(1.03067 0.0701744 0)
(1.33462 0.127032 0)
(1.29514 0.169126 0)
(1.24406 0.19333 0)
(1.19153 0.199849 0)
(1.14422 0.190591 0)
(1.10615 0.173014 0)
(1.07751 0.150891 0)
(1.05751 0.127763 0)
(1.04397 0.105412 0)
(1.03513 0.0862555 0)
(1.02946 0.0707228 0)
(1.33796 0.131551 0)
(1.29744 0.175637 0)
(1.24466 0.200498 0)
(1.19056 0.206621 0)
(1.14213 0.196201 0)
(1.10355 0.177311 0)
(1.07483 0.153923 0)
(1.05508 0.129806 0)
(1.04192 0.106727 0)
(1.03349 0.0870867 0)
(1.0282 0.0712181 0)
(1.33955 0.136026 0)
(1.29839 0.182165 0)
(1.24425 0.207696 0)
(1.18884 0.213398 0)
(1.1395 0.201774 0)
(1.10055 0.181539 0)
(1.07187 0.156868 0)
(1.05246 0.13176 0)
(1.03973 0.107964 0)
(1.03175 0.0878527 0)
(1.02685 0.0716606 0)
(1.33884 0.140395 0)
(1.29758 0.188647 0)
(1.24255 0.214873 0)
(1.1862 0.220142 0)
(1.13621 0.207283 0)
(1.0971 0.185681 0)
(1.0686 0.159716 0)
(1.04962 0.133621 0)
(1.03739 0.109119 0)
(1.02989 0.0885526 0)
(1.02542 0.0720502 0)
(1.33522 0.144582 0)
(1.29459 0.195005 0)
(1.23928 0.221965 0)
(1.18245 0.226807 0)
(1.13214 0.212697 0)
(1.09311 0.189717 0)
(1.06495 0.162456 0)
(1.04652 0.135381 0)
(1.03485 0.11019 0)
(1.02788 0.0891852 0)
(1.02387 0.0723869 0)
(1.3281 0.148494 0)
(1.28896 0.201148 0)
(1.2341 0.228896 0)
(1.17738 0.233338 0)
(1.12716 0.217979 0)
(1.0885 0.193623 0)
(1.06087 0.165073 0)
(1.04312 0.137035 0)
(1.0321 0.111174 0)
(1.02572 0.0897489 0)
(1.02219 0.0726701 0)
(1.31695 0.15203 0)
(1.28028 0.206974 0)
(1.22673 0.235585 0)
(1.17078 0.239673 0)
(1.12112 0.223089 0)
(1.08316 0.197373 0)
(1.0563 0.167552 0)
(1.03937 0.138572 0)
(1.0291 0.112065 0)
(1.02335 0.0902417 0)
(1.02035 0.0728989 0)
(1.30131 0.155084 0)
(1.26816 0.212376 0)
(1.21686 0.241941 0)
(1.16244 0.245747 0)
(1.11389 0.227982 0)
(1.07702 0.20094 0)
(1.05116 0.169877 0)
(1.03522 0.139984 0)
(1.0258 0.112859 0)
(1.02077 0.0906611 0)
(1.01834 0.073072 0)
(1.28089 0.157554 0)
(1.25232 0.217249 0)
(1.20427 0.247873 0)
(1.15219 0.25149 0)
(1.10534 0.232611 0)
(1.06996 0.204294 0)
(1.0454 0.172031 0)
(1.03062 0.141261 0)
(1.02217 0.113551 0)
(1.01793 0.091004 0)
(1.01613 0.0731878 0)
(1.25559 0.159349 0)
(1.23261 0.221495 0)
(1.18878 0.253294 0)
(1.13988 0.256835 0)
(1.09535 0.23693 0)
(1.06191 0.207404 0)
(1.03894 0.173994 0)
(1.02553 0.142394 0)
(1.01817 0.114135 0)
(1.01481 0.091267 0)
(1.01371 0.073244 0)
(1.22554 0.160399 0)
(1.20898 0.225032 0)
(1.17028 0.258124 0)
(1.12539 0.261716 0)
(1.08383 0.240892 0)
(1.0528 0.21024 0)
(1.03173 0.17575 0)
(1.01991 0.14337 0)
(1.01378 0.114604 0)
(1.01139 0.091446 0)
(1.01105 0.0732383 0)
(1.19105 0.160664 0)
(1.18155 0.227802 0)
(1.14877 0.262298 0)
(1.10868 0.266074 0)
(1.07071 0.244455 0)
(1.04256 0.212773 0)
(1.02372 0.177278 0)
(1.01371 0.144178 0)
(1.00896 0.114953 0)
(1.00766 0.0915368 0)
(1.00815 0.0731682 0)
(1.15266 0.160133 0)
(1.15057 0.229771 0)
(1.12432 0.265765 0)
(1.08973 0.26986 0)
(1.05596 0.247577 0)
(1.03116 0.214974 0)
(1.01489 0.178563 0)
(1.00692 0.144809 0)
(1.00372 0.115174 0)
(1.00361 0.0915353 0)
(1.00502 0.0730313 0)
(1.11105 0.158831 0)
(1.11642 0.230936 0)
(1.09711 0.268497 0)
(1.0686 0.273036 0)
(1.03958 0.250228 0)
(1.0186 0.21682 0)
(1.00524 0.179587 0)
(0.999548 0.145251 0)
(0.998058 0.11526 0)
(0.999249 0.0914373 0)
(1.00164 0.0728255 0)
(1.06705 0.156828 0)
(1.07962 0.231335 0)
(1.0674 0.270491 0)
(1.04542 0.275579 0)
(1.02166 0.252381 0)
(1.00491 0.218288 0)
(0.994791 0.180334 0)
(0.991626 0.145492 0)
(0.99201 0.115204 0)
(0.994611 0.0912372 0)
(0.998056 0.0725473 0)
(1.02157 0.154231 0)
(1.04083 0.231046 0)
(1.03561 0.271775 0)
(1.02045 0.277482 0)
(1.00233 0.254015 0)
(0.99022 0.219355 0)
(0.983652 0.180783 0)
(0.983235 0.145518 0)
(0.985636 0.114995 0)
(0.989734 0.0909294 0)
(0.994276 0.0721943 0)
(0.975633 0.151 0)
(1.0009 0.23003 0)
(1.00234 0.272301 0)
(0.994069 0.278687 0)
(0.981902 0.255079 0)
(0.974747 0.219988 0)
(0.972001 0.180924 0)
(0.974513 0.145333 0)
(0.979032 0.114648 0)
(0.984678 0.0905314 0)
(0.990334 0.071784 0)
(0.930387 0.146699 0)
(0.961009 0.227887 0)
(0.968557 0.271795 0)
(0.967027 0.279073 0)
(0.960918 0.255573 0)
(0.958913 0.220259 0)
(0.960142 0.180856 0)
(0.965664 0.145038 0)
(0.972324 0.11425 0)
(0.979511 0.0901131 0)
(0.986261 0.0713704 0)
(0.887227 0.142035 0)
(0.922948 0.225497 0)
(0.935983 0.271139 0)
(0.940705 0.279418 0)
(0.940403 0.256095 0)
(0.943429 0.220541 0)
(0.948539 0.180761 0)
(0.956969 0.144679 0)
(0.965665 0.113774 0)
(0.974305 0.089614 0)
(0.982083 0.0708851 0)
(0.854168 0.144101 -1.84207e-20)
(0.894554 0.230072 -3.47998e-21)
(0.911737 0.275693 7.23997e-21)
(0.920924 0.282469 -1.55016e-21)
(0.924792 0.257331 1.32948e-21)
(0.931521 0.220401 5.49629e-22)
(0.939493 0.179803 8.18934e-24)
(0.950068 0.143388 2.51856e-22)
(0.960255 0.112474 -8.80439e-22)
(0.969972 0.0884481 8.21731e-22)
(0.823398 0.145632 -3.0984e-21)
(0.868429 0.231575 4.67925e-21)
(0.889667 0.275962 -4.67321e-21)
(0.903001 0.281431 -3.4966e-21)
(0.910629 0.255401 2.81122e-21)
(0.920669 0.218143 -3.90907e-23)
(0.931191 0.177565 6.03141e-23)
(0.943683 0.141409 -6.66218e-22)
(0.95521 0.110846 7.3925e-22)
(0.965902 0.0871667 2.65523e-23)
(0.791512 0.146657 -4.44548e-22)
(0.841152 0.232335 7.97826e-21)
(0.866654 0.27543 -1.78639e-21)
(0.884352 0.27971 4.22068e-21)
(0.8959 0.253017 -3.10839e-21)
(0.909364 0.215639 3.56269e-22)
(0.922508 0.175233 2.59804e-22)
(0.936967 0.139422 3.1255e-22)
(0.94987 0.109254 -1.33839e-21)
(0.961568 0.0859335 -1.41586e-22)
(0.758622 0.14734 -1.47219e-20)
(0.812764 0.233057 4.00063e-21)
(0.8427 0.275103 -1.72206e-21)
(0.864959 0.278275 -2.92874e-22)
(0.880577 0.25089 1.23912e-21)
(0.897575 0.213321 -4.17712e-22)
(0.913417 0.173024 2.15447e-22)
(0.929894 0.137511 1.67461e-22)
(0.944214 0.107703 -6.41301e-22)
(0.95695 0.0847178 9.83982e-22)
(0.724819 0.147708 5.67653e-21)
(0.7833 0.23348 -1.13716e-20)
(0.817804 0.274557 7.77159e-21)
(0.844806 0.276694 -1.2126e-21)
(0.864638 0.24866 -2.99673e-21)
(0.885281 0.210925 1.16917e-21)
(0.903893 0.170756 6.05678e-22)
(0.922443 0.135555 -8.29233e-22)
(0.93822 0.106118 -1.23641e-22)
(0.952028 0.0834736 -8.34946e-23)
(0.690168 0.147765 -3.65407e-21)
(0.752784 0.233478 -9.02837e-21)
(0.791965 0.273584 6.07481e-21)
(0.823884 0.274753 -3.8324e-21)
(0.848069 0.24616 -2.03295e-21)
(0.872462 0.208341 -2.08379e-22)
(0.893918 0.168364 1.91773e-22)
(0.914594 0.13352 -9.47155e-22)
(0.93187 0.104483 3.32856e-22)
(0.946784 0.082196 1.39374e-22)
(0.654726 0.147522 -2.40415e-21)
(0.721248 0.233069 2.01389e-21)
(0.765188 0.272212 4.19004e-21)
(0.802185 0.272478 -3.40265e-21)
(0.830856 0.243412 1.79784e-22)
(0.859101 0.205584 1.56876e-22)
(0.883471 0.16586 -6.07008e-22)
(0.906326 0.131416 7.98562e-22)
(0.925144 0.102804 1.19166e-21)
(0.9412 0.080888 -2.6394e-22)
(0.618536 0.146997 -5.49752e-21)
(0.688723 0.232268 -4.00261e-21)
(0.737481 0.270462 -1.78888e-21)
(0.779705 0.269895 4.26632e-21)
(0.812987 0.240436 -1.89982e-21)
(0.845182 0.202669 -5.2568e-23)
(0.872534 0.163253 -5.86288e-22)
(0.897619 0.129244 2.86218e-22)
(0.918021 0.10108 -3.92601e-22)
(0.935256 0.0795484 -3.77164e-22)
(0.581632 0.146203 4.45549e-21)
(0.655244 0.231071 -1.81839e-20)
(0.708857 0.268325 9.73125e-21)
(0.75644 0.266994 3.08322e-21)
(0.794451 0.237226 -1.73493e-21)
(0.83069 0.199588 -2.54905e-22)
(0.861087 0.160535 2.10074e-22)
(0.888454 0.127001 -1.20324e-22)
(0.910483 0.0993082 1.1232e-21)
(0.928934 0.078174 -6.02932e-22)
(0.544038 0.145153 1.29483e-20)
(0.620845 0.229476 -5.14589e-21)
(0.679333 0.265786 -2.96672e-21)
(0.732395 0.26376 -2.60403e-21)
(0.775241 0.233768 1.34141e-21)
(0.815608 0.196333 -6.9963e-23)
(0.849113 0.157701 -6.74296e-22)
(0.878812 0.12468 3.00606e-23)
(0.90251 0.097484 6.73985e-22)
(0.922216 0.0767617 -5.91223e-22)
(0.505767 0.143855 8.55593e-21)
(0.585564 0.22748 -5.49395e-21)
(0.648931 0.262837 -7.54777e-21)
(0.707573 0.260184 2.47145e-21)
(0.755351 0.230054 7.8105e-22)
(0.799927 0.192898 -8.23372e-23)
(0.836595 0.154745 -4.94226e-22)
(0.868674 0.122278 -3.39416e-22)
(0.894084 0.0956042 -3.01932e-23)
(0.915085 0.0753088 -1.68168e-22)
(0.466831 0.142318 1.67668e-20)
(0.549436 0.225084 -2.95629e-21)
(0.617675 0.259475 1.95345e-21)
(0.681987 0.25626 1.26974e-21)
(0.73478 0.22608 -7.03564e-23)
(0.783635 0.189276 -4.8242e-22)
(0.823519 0.151665 9.46756e-22)
(0.858024 0.119792 5.53579e-23)
(0.88519 0.0936655 -1.90479e-22)
(0.907526 0.0738123 4.24078e-22)
(0.427235 0.140546 1.24072e-20)
(0.5125 0.222287 -1.87318e-20)
(0.585597 0.255691 7.91218e-21)
(0.655649 0.251979 1.3606e-21)
(0.713529 0.221838 3.76815e-22)
(0.766726 0.185464 -6.94777e-22)
(0.809873 0.148454 9.42657e-22)
(0.846848 0.117217 -1.07112e-22)
(0.875813 0.0916641 -4.20424e-22)
(0.899525 0.0722691 5.37993e-22)
(0.386985 0.138542 4.17608e-21)
(0.474796 0.219088 2.84335e-21)
(0.55273 0.251483 -3.78927e-21)
(0.62858 0.247337 -4.33515e-21)
(0.691604 0.217323 1.4605e-21)
(0.749195 0.181455 1.99744e-22)
(0.795646 0.14511 -1.38391e-22)
(0.835133 0.114549 1.96177e-22)
(0.865939 0.0895967 -1.79989e-22)
(0.891072 0.0706761 -4.62454e-22)
(0.34609 0.136305 -1.25886e-20)
(0.436367 0.215487 2.6495e-21)
(0.519113 0.246847 2.38122e-22)
(0.600802 0.242327 -6.11493e-21)
(0.669014 0.21253 1.43317e-21)
(0.731041 0.177246 -1.9614e-22)
(0.780831 0.141627 -7.37789e-22)
(0.82287 0.111785 -1.06128e-22)
(0.85556 0.0874593 8.03485e-23)
(0.882159 0.0690298 1.35918e-21)
(0.304562 0.133833 1.63179e-20)
(0.397262 0.211482 -1.03795e-20)
(0.484792 0.241779 -3.09043e-22)
(0.572344 0.236945 3.97878e-21)
(0.645772 0.207454 -5.63938e-22)
(0.712267 0.172832 7.63876e-23)
(0.765426 0.138003 -6.89961e-22)
(0.810054 0.10892 1.69264e-22)
(0.844672 0.0852483 2.62136e-22)
(0.872782 0.0673267 1.35098e-21)
(0.262424 0.131122 -2.26423e-21)
(0.357531 0.207072 -8.57757e-21)
(0.449815 0.236278 5.82047e-21)
(0.543242 0.231189 2.1736e-21)
(0.621899 0.202092 -2.71034e-22)
(0.69288 0.16821 -6.47776e-22)
(0.749431 0.134232 7.41291e-23)
(0.796683 0.105951 3.59757e-22)
(0.833272 0.0829597 9.10844e-22)
(0.862942 0.0655632 -3.0258e-22)
(0.219705 0.128168 -6.56106e-22)
(0.317235 0.202257 -1.02491e-20)
(0.414238 0.230343 2.12608e-21)
(0.513535 0.225055 1.5118e-21)
(0.597417 0.196442 1.76127e-22)
(0.672894 0.163376 -3.99911e-22)
(0.732855 0.130312 1.21771e-21)
(0.782763 0.102873 -4.54359e-22)
(0.821367 0.0805896 -5.74662e-22)
(0.852646 0.0637355 1.3296e-21)
(0.17645 0.124964 -5.19741e-22)
(0.276439 0.197035 1.19837e-20)
(0.378124 0.223974 -6.95228e-21)
(0.483271 0.218544 -1.14313e-21)
(0.572359 0.190501 9.90202e-22)
(0.652328 0.158328 4.83903e-22)
(0.715708 0.12624 2.01907e-22)
(0.768305 0.0996829 -1.11949e-21)
(0.808969 0.0781338 2.43308e-22)
(0.841909 0.0618396 -5.30864e-22)
(0.132716 0.121506 -9.0209e-21)
(0.235219 0.191406 -6.82117e-21)
(0.341544 0.217173 2.2808e-21)
(0.452504 0.211654 -1.18824e-21)
(0.546762 0.184269 6.14482e-22)
(0.631207 0.153063 -1.23404e-21)
(0.698015 0.122012 1.03776e-21)
(0.753329 0.0963763 -9.49141e-22)
(0.796098 0.0755881 4.71584e-22)
(0.830751 0.0598713 -1.41204e-22)
(0.088578 0.11779 -1.28581e-20)
(0.193661 0.18537 7.45814e-21)
(0.304577 0.209942 -1.86576e-21)
(0.421295 0.204387 1.11967e-22)
(0.520673 0.177746 3.77566e-22)
(0.609568 0.14758 -2.29504e-22)
(0.679803 0.117625 -1.47328e-22)
(0.737864 0.0929494 -3.29301e-22)
(0.782782 0.0729484 6.47038e-22)
(0.819202 0.0578267 -3.48483e-22)
(0.0441309 0.113809 1.58098e-21)
(0.151866 0.178933 5.51178e-21)
(0.26731 0.202285 4.30732e-22)
(0.389718 0.196746 -4.07961e-22)
(0.494147 0.170932 -3.67605e-22)
(0.587456 0.141878 -1.14483e-22)
(0.661116 0.113076 5.51802e-22)
(0.72195 0.0893981 -4.3803e-22)
(0.769064 0.0702103 -6.61044e-22)
(0.807303 0.0557013 3.02024e-22)
(-0.000509283 0.109531 7.96715e-21)
(0.109947 0.172114 7.66558e-21)
(0.229845 0.194208 -4.00174e-21)
(0.357854 0.188734 2.01796e-21)
(0.467254 0.16383 -3.116e-22)
(0.564931 0.135955 4.06617e-22)
(0.642009 0.108362 -1.96295e-22)
(0.70564 0.0857186 -3.45456e-22)
(0.754993 0.0673695 9.73688e-22)
(0.795104 0.0534912 4.11151e-23)
(-0.0451985 0.104973 -6.07763e-21)
(0.0680404 0.164896 -4.70813e-21)
(0.192295 0.185719 -7.64573e-22)
(0.325801 0.180357 2.21825e-22)
(0.440074 0.156441 -5.90008e-23)
(0.542064 0.129812 2.71295e-22)
(0.62255 0.103482 -6.86458e-23)
(0.689002 0.081907 9.13619e-23)
(0.740636 0.0644219 -1.51168e-21)
(0.782667 0.0511921 -1.81509e-22)
(-0.0897744 0.100166 -1.08521e-21)
(0.0262894 0.15725 -3.38932e-21)
(0.154792 0.17683 2.3625e-21)
(0.293669 0.171621 5.53662e-23)
(0.412709 0.14877 3.42794e-22)
(0.518948 0.123448 -3.50181e-23)
(0.602827 0.0984319 -6.98495e-22)
(0.672117 0.0779597 1.45837e-21)
(0.72607 0.0613635 6.86576e-22)
(0.770065 0.0488003 9.37969e-22)
(-0.134046 0.0951032 -3.64699e-21)
(-0.0151359 0.149183 1.67011e-23)
(0.117486 0.167564 2.75557e-21)
(0.26159 0.162533 -9.03021e-22)
(0.385275 0.140819 4.22899e-22)
(0.495693 0.116863 -9.30773e-22)
(0.582945 0.0932105 7.5187e-22)
(0.655087 0.0738733 -1.41304e-21)
(0.711389 0.0581906 2.44967e-22)
(0.757384 0.0463124 3.12922e-22)
(-0.177793 0.0897809 -5.67745e-21)
(-0.0560335 0.14073 5.44159e-21)
(0.0805556 0.157917 -2.42744e-21)
(0.229717 0.153102 -6.89351e-22)
(0.357917 0.132595 -1.48122e-23)
(0.472432 0.110059 7.9308e-22)
(0.56303 0.0878159 2.49798e-22)
(0.638027 0.069645 2.78438e-22)
(0.6967 0.0549002 -4.47266e-22)
(0.74472 0.0437255 4.52816e-22)
(-0.277903 0.0247066 6.01054e-21)
(-0.220758 0.0842055 -6.55164e-21)
(-0.09618 0.131927 2.45321e-21)
(0.0441952 0.147883 -1.33879e-21)
(0.198231 0.143339 8.94834e-22)
(0.330801 0.124102 -4.51802e-22)
(0.449324 0.103038 2.13852e-22)
(0.54323 0.082247 -1.1447e-21)
(0.621075 0.0652726 -2.20372e-22)
(0.682124 0.0514899 8.84063e-23)
(0.732181 0.0410375 2.45302e-22)
(-0.319136 0.0227226 -7.16759e-21)
(-0.262652 0.0783879 6.93525e-23)
(-0.135321 0.12278 -2.37816e-21)
(0.00863227 0.137486 2.26785e-21)
(0.167341 0.133255 8.93901e-22)
(0.304126 0.115348 4.44044e-22)
(0.42655 0.0958003 -1.05483e-21)
(0.523714 0.0765037 1.13377e-21)
(0.60438 0.0607549 5.23899e-22)
(0.667798 0.0479583 2.55624e-22)
(0.719885 0.038247 -1.9101e-22)
(-0.358916 0.0207053 -7.98635e-22)
(-0.303152 0.0723421 8.39757e-21)
(-0.173168 0.113301 -7.62226e-21)
(-0.0258707 0.126752 7.52384e-22)
(0.13729 0.122862 2.10657e-22)
(0.278117 0.106339 1.17989e-22)
(0.404321 0.0883509 8.72838e-22)
(0.504672 0.0705869 -1.45609e-21)
(0.588113 0.0560918 -4.47865e-22)
(0.653867 0.0443051 -2.00581e-22)
(0.707958 0.0353539 4.7122e-22)
(-0.39688 0.0186675 -4.53804e-22)
(-0.341901 0.0660844 -1.06095e-21)
(-0.209401 0.103507 1.5126e-21)
(-0.0590154 0.1157 8.83296e-22)
(0.108355 0.112177 1.28251e-22)
(0.253032 0.0970851 7.37436e-23)
(0.38287 0.0806943 1.64307e-22)
(0.486311 0.0644991 -4.54461e-22)
(0.572454 0.0512848 -6.47971e-23)
(0.640488 0.0405315 2.04241e-22)
(0.696532 0.0323595 5.06034e-22)
(-0.432645 0.016622 -1.62326e-22)
(-0.378509 0.0596333 5.98022e-22)
(-0.243665 0.0934221 -6.3767e-22)
(-0.0904672 0.104355 6.44931e-22)
(0.0808427 0.101214 -2.08681e-22)
(0.229155 0.087596 8.49307e-23)
(0.36245 0.0728371 3.67129e-23)
(0.468855 0.0582446 5.11565e-22)
(0.557595 0.0463373 7.10518e-22)
(0.627821 0.0366403 -1.96115e-22)
(0.685742 0.0292662 -3.00371e-22)
(-0.465812 0.0145808 7.59177e-22)
(-0.412564 0.0530093 -2.99132e-21)
(-0.275578 0.083072 9.96096e-22)
(-0.119861 0.0927447 -1.11697e-21)
(0.0550904 0.0899876 6.43698e-22)
(0.206791 0.0778847 8.39496e-23)
(0.343334 0.0647884 -2.20909e-22)
(0.452538 0.0518301 -1.49465e-22)
(0.543732 0.0412547 -4.5029e-23)
(0.616032 0.0326362 -6.70632e-22)
(0.675724 0.0260783 4.37913e-22)
(-0.495978 0.0125544 -6.14734e-22)
(-0.443638 0.0462339 -8.31539e-23)
(-0.304739 0.0724843 -6.76295e-22)
(-0.146806 0.080892 1.09864e-21)
(0.031455 0.0785204 -4.89332e-22)
(0.186263 0.0679665 3.16835e-22)
(0.325799 0.0565599 -1.32618e-22)
(0.437596 0.0452648 -9.52021e-23)
(0.531065 0.0360448 -4.02462e-22)
(0.605284 0.028526 2.77751e-22)
(0.666611 0.0228016 1.81089e-22)
(-0.522743 0.0105508 3.65924e-21)
(-0.471297 0.0393293 3.19763e-22)
(-0.330735 0.0616884 -1.0521e-21)
(-0.170899 0.0688243 -7.93362e-22)
(0.0103035 0.0668358 2.45507e-22)
(0.167896 0.0578593 5.02345e-23)
(0.310125 0.0481662 -2.83942e-22)
(0.424263 0.0385605 -2.38387e-22)
(0.519783 0.0307177 1.71754e-22)
(0.595732 0.0243182 4.22361e-22)
(0.658531 0.0194436 -6.99389e-22)
(-0.545728 0.00857503 -1.78039e-21)
(-0.495121 0.0323174 -3.08371e-21)
(-0.353161 0.0507149 3.91812e-21)
(-0.191739 0.0565709 -3.90948e-22)
(-0.00800198 0.0549602 6.10072e-24)
(0.152006 0.0475845 9.7717e-23)
(0.296579 0.0396253 -9.9535e-23)
(0.412761 0.0317322 -1.44071e-23)
(0.510069 0.0252862 5.09448e-22)
(0.587523 0.0200237 -1.33274e-22)
(0.651599 0.0160135 1.14671e-22)
(-0.564584 0.00662859 3.14146e-21)
(-0.514719 0.0252198 -1.55472e-21)
(-0.371636 0.0395955 2.5938e-22)
(-0.208946 0.0441628 -5.69674e-22)
(-0.0231207 0.0429224 4.4991e-24)
(0.13889 0.0371667 -9.31493e-23)
(0.28541 0.0309584 1.70017e-22)
(0.40329 0.0247977 -1.00089e-22)
(0.502083 0.0197653 2.76679e-23)
(0.580787 0.0156551 -1.87868e-22)
(0.64592 0.012522 -2.00685e-22)
(-0.579011 0.00470956 -1.31297e-21)
(-0.529747 0.018057 7.71858e-22)
(-0.385819 0.0283622 -4.96604e-22)
(-0.22218 0.0316327 -4.39835e-23)
(-0.0347514 0.0307547 2.38967e-22)
(0.128805 0.0266337 2.1113e-23)
(0.27683 0.0221896 2.166e-23)
(0.396025 0.0177773 -7.85118e-23)
(0.495965 0.0141723 2.17097e-23)
(0.575632 0.011227 -1.30651e-22)
(0.64158 0.00898106 2.82377e-22)
(-0.588769 0.00281279 -1.21817e-22)
(-0.539928 0.0108487 -7.0371e-22)
(-0.395438 0.0170475 3.90511e-22)
(-0.231168 0.0190144 -5.51061e-22)
(-0.04265 0.018492 2.51636e-23)
(0.121959 0.0160161 1.18199e-23)
(0.27101 0.013346 5.07791e-23)
(0.391101 0.0106938 -1.01279e-22)
(0.491823 0.00852642 -3.9721e-23)
(0.572146 0.00675507 1.27621e-22)
(0.638648 0.00540406 -8.96053e-23)
(-0.593691 0.000930536 2.92827e-22)
(-0.545069 0.00361349 2.90887e-22)
(-0.400298 0.00568393 2.65898e-22)
(-0.235712 0.00634271 2.62596e-23)
(-0.0466441 0.00617135 2.09061e-23)
(0.118498 0.00534672 -2.27289e-24)
(0.268069 0.00445661 -4.22551e-24)
(0.388615 0.00357172 4.1341e-23)
(0.489733 0.00284816 1.33591e-23)
(0.570388 0.0022565 -3.25478e-23)
(0.63717 0.00180502 3.63027e-23)
)
;

boundaryField
{
    inlet
    {
        type            uniformFixedValue;
        uniformValue    constant (1 0 0);
        value           nonuniform 0();
    }
    outlet
    {
        type            pressureInletOutletVelocity;
        value           nonuniform 0();
    }
    cylinder
    {
        type            fixedValue;
        value           nonuniform 0();
    }
    top
    {
        type            symmetryPlane;
    }
    bottom
    {
        type            symmetryPlane;
    }
    defaultFaces
    {
        type            empty;
    }
    procBoundary11to10
    {
        type            processor;
        value           nonuniform List<vector> 
100
(
(1.1583 0.000707137 0)
(1.15874 0.00210869 0)
(1.1596 0.00349061 0)
(1.16084 0.00486456 0)
(1.16245 0.0062385 0)
(1.1644 0.00761963 0)
(1.16667 0.00901415 0)
(1.16924 0.0104275 0)
(1.1721 0.0118645 0)
(1.17522 0.0133291 0)
(1.1786 0.0148248 0)
(1.18221 0.0163547 0)
(1.18605 0.017921 0)
(1.19011 0.0195259 0)
(1.19437 0.0211708 0)
(1.19882 0.0228569 0)
(1.20345 0.024585 0)
(1.20826 0.0263556 0)
(1.21323 0.0281685 0)
(1.21836 0.0300237 0)
(1.22363 0.0319204 0)
(1.22905 0.0338579 0)
(1.23461 0.0358348 0)
(1.2403 0.0378497 0)
(1.24611 0.0399008 0)
(1.25205 0.041986 0)
(1.25811 0.0441031 0)
(1.26428 0.0462494 0)
(1.27057 0.0484221 0)
(1.27697 0.0506182 0)
(1.28348 0.0528344 0)
(1.29012 0.0550674 0)
(1.29687 0.0573138 0)
(1.30375 0.0595704 0)
(1.31073 0.0618342 0)
(1.31782 0.0641023 0)
(1.32495 0.0663721 0)
(1.33206 0.068641 0)
(1.33901 0.0709058 0)
(1.34562 0.0731617 0)
(1.3516 0.0754009 0)
(1.35655 0.0776108 0)
(1.36 0.0797713 0)
(1.36133 0.0818529 0)
(1.35985 0.0838139 0)
(1.35485 0.0855991 0)
(1.34557 0.0871401 0)
(1.33138 0.0883566 0)
(1.31176 0.0891614 0)
(1.28645 0.0894662 0)
(1.25542 0.0891899 0)
(1.21896 0.0882675 0)
(1.17765 0.0866573 0)
(1.13229 0.0843456 0)
(1.08385 0.0813507 0)
(1.03338 0.0777304 0)
(0.981967 0.0735715 0)
(0.930608 0.0688608 0)
(0.880224 0.063294 0)
(0.831647 0.0571712 0)
(0.793349 0.0556857 -1.27909e-20)
(0.757895 0.0560144 -8.54718e-21)
(0.722122 0.0561198 8.75991e-21)
(0.686156 0.0557318 2.42945e-21)
(0.650067 0.0551222 4.41004e-21)
(0.613883 0.0543889 1.10555e-20)
(0.577599 0.053542 -1.54916e-20)
(0.541179 0.0526015 3.08168e-21)
(0.504568 0.0515936 -2.14777e-20)
(0.467693 0.0505382 -7.33923e-22)
(0.430476 0.049449 8.49605e-22)
(0.392835 0.0483345 -4.28485e-21)
(0.354693 0.047199 1.32812e-20)
(0.31598 0.0460432 -1.02244e-20)
(0.276641 0.0448645 -1.83978e-21)
(0.236637 0.0436578 3.63187e-21)
(0.195947 0.0424163 5.93273e-21)
(0.154574 0.0411322 -1.32572e-20)
(0.112543 0.0397976 -7.73865e-21)
(0.0699051 0.0384032 -1.45567e-20)
(0.0267371 0.036936 8.21768e-21)
(-0.0168562 0.035391 5.85689e-21)
(-0.0607412 0.0337783 6.27802e-21)
(-0.104759 0.0320995 -7.32318e-21)
(-0.148718 0.0303494 -6.77787e-21)
(-0.1924 0.0285294 -2.86177e-21)
(-0.235555 0.0266457 -9.30057e-21)
(-0.235555 0.0266457 -9.30057e-21)
(-0.300229 -0.0215889 -4.65437e-21)
(-0.339357 -0.0206686 -4.6025e-21)
(-0.37698 -0.0195977 -1.77804e-22)
(-0.412755 -0.0183723 -3.84423e-21)
(-0.446324 -0.0169904 6.4304e-21)
(-0.477329 -0.0154526 -7.16147e-22)
(-0.505414 -0.0137628 3.50112e-22)
(-0.530238 -0.0119287 1.18299e-21)
(-0.55148 -0.00996217 2.11968e-21)
(-0.568852 -0.00787962 1.33366e-21)
(-0.58211 -0.00570161 -1.24691e-21)
(-0.591059 -0.00345245 9.0814e-22)
)
;
    }
    procBoundary11to12
    {
        type            processor;
        value           nonuniform List<vector> 
102
(
(1.0492 0.00143582 0)
(1.0492 0.00427531 0)
(1.04921 0.00705091 0)
(1.04921 0.00976394 0)
(1.04921 0.0124161 0)
(1.04921 0.015009 0)
(1.04919 0.017544 0)
(1.04917 0.0200221 0)
(1.04913 0.0224443 0)
(1.04908 0.0248111 0)
(1.049 0.0271232 0)
(1.04891 0.0293807 0)
(1.04879 0.0315839 0)
(1.04864 0.0337328 0)
(1.04846 0.0358272 0)
(1.04825 0.0378669 0)
(1.04801 0.0398516 0)
(1.04773 0.041781 0)
(1.04742 0.0436546 0)
(1.04706 0.045472 0)
(1.04706 0.045472 0)
(1.03836 0.0407763 0)
(1.03806 0.0421458 0)
(1.03772 0.0434576 0)
(1.03736 0.0447119 0)
(1.03696 0.0459088 0)
(1.03653 0.0470486 0)
(1.03608 0.0481316 0)
(1.0356 0.0491582 0)
(1.03509 0.0501288 0)
(1.03455 0.051044 0)
(1.03398 0.0519044 0)
(1.03339 0.0527107 0)
(1.03278 0.0534637 0)
(1.03214 0.0541642 0)
(1.03148 0.0548131 0)
(1.0308 0.0554114 0)
(1.03009 0.0559601 0)
(1.02936 0.0564603 0)
(1.0286 0.056913 0)
(1.02782 0.0573195 0)
(1.02699 0.0576806 0)
(1.02613 0.0579974 0)
(1.02521 0.0582709 0)
(1.02423 0.0585017 0)
(1.02317 0.0586904 0)
(1.02203 0.0588375 0)
(1.02077 0.058943 0)
(1.01939 0.0590066 0)
(1.01786 0.059028 0)
(1.01617 0.0590063 0)
(1.01431 0.0589404 0)
(1.01226 0.0588292 0)
(1.01003 0.0586714 0)
(1.0076 0.0584661 0)
(1.00497 0.0582126 0)
(1.00217 0.0579094 0)
(0.999191 0.0575559 0)
(0.996047 0.0571681 0)
(0.992746 0.0567884 0)
(0.989289 0.0563504 0)
(0.97852 0.0698862 -3.18942e-22)
(0.97852 0.0698862 -3.18942e-22)
(0.975151 0.06888 3.23292e-22)
(0.97154 0.0679206 -3.73942e-22)
(0.96767 0.0669665 1.98194e-22)
(0.963522 0.0659895 -5.57533e-22)
(0.95908 0.0649897 2.34874e-22)
(0.954326 0.0639688 -1.47765e-22)
(0.949242 0.0629252 -3.96239e-22)
(0.943811 0.0618564 1.7079e-22)
(0.938019 0.06076 -4.36235e-22)
(0.931848 0.0596338 -1.30731e-22)
(0.925287 0.0584752 -3.72485e-23)
(0.918324 0.0572816 -4.56963e-23)
(0.910951 0.0560501 1.14359e-21)
(0.903163 0.0547776 1.20075e-21)
(0.894958 0.0534609 3.38266e-22)
(0.88634 0.0520966 8.65356e-23)
(0.877319 0.0506811 9.44528e-22)
(0.867911 0.0492106 -5.66578e-22)
(0.858138 0.0476813 2.34532e-22)
(0.848032 0.0460892 -1.84659e-22)
(0.837631 0.0444304 -1.03499e-22)
(0.826986 0.0427008 6.25994e-22)
(0.816153 0.0408968 -1.72379e-22)
(0.8052 0.0390148 -9.90858e-23)
(0.794204 0.0370519 7.78495e-24)
(0.783252 0.0350054 2.95874e-22)
(0.772438 0.0328735 9.00471e-22)
(0.761862 0.0306553 -3.89804e-22)
(0.751633 0.0283507 3.12752e-22)
(0.74186 0.025961 3.88398e-22)
(0.732656 0.0234885 -4.4574e-22)
(0.724132 0.0209368 8.1857e-23)
(0.716397 0.0183112 4.48356e-23)
(0.709552 0.015618 -4.1115e-22)
(0.703692 0.012865 1.72784e-22)
(0.698898 0.0100613 -1.32379e-22)
(0.695239 0.00721678 2.80847e-23)
(0.692769 0.00434254 -4.51075e-23)
(0.691525 0.00145016 2.27291e-23)
)
;
    }
    procBoundary11to26
    {
        type            processor;
        value           nonuniform List<vector> 2((-0.595568 0.00114862 3.51703e-23) (-0.595568 -0.00115935 6.21193e-23));
    }
    procBoundary11to27
    {
        type            processor;
        value           nonuniform List<vector> 
12
(
(-0.588768 -0.00282897 1.09593e-21)
(-0.539928 -0.0108658 -3.14831e-22)
(-0.395439 -0.0170595 1.38444e-22)
(-0.231169 -0.0190184 2.14478e-23)
(-0.042652 -0.0184894 -1.38134e-22)
(0.121957 -0.0160094 -1.97711e-23)
(0.271008 -0.0133376 1.59036e-23)
(0.3911 -0.0106855 1.09019e-22)
(0.570388 -0.00225105 1.20715e-24)
(0.491822 -0.00851927 9.76252e-23)
(0.570388 -0.00225105 1.20715e-24)
(0.63717 -0.00180142 1.78439e-24)
)
;
    }
}


// ************************************************************************* //
