/*--------------------------------*- C++ -*----------------------------------*\
  =========                 |
  \\      /  F ield         | OpenFOAM: The Open Source CFD Toolbox
   \\    /   O peration     | Website:  https://openfoam.org
    \\  /    A nd           | Version:  7
     \\/     M anipulation  |
\*---------------------------------------------------------------------------*/
FoamFile
{
    version     2.0;
    format      ascii;
    class       volVectorField;
    location    "26";
    object      U;
}
// * * * * * * * * * * * * * * * * * * * * * * * * * * * * * * * * * * * * * //

dimensions      [0 1 -1 0 0 0 0];

internalField   nonuniform List<vector> 
1063
(
(1.13485 0.379189 -1.22429e-20)
(1.13063 0.365087 -3.00095e-20)
(1.12935 0.397804 9.07084e-21)
(1.12587 0.381718 1.61516e-21)
(1.12204 0.36734 1.40537e-20)
(1.12337 0.417811 -4.30295e-20)
(1.11974 0.400416 -8.02586e-21)
(1.1167 0.384028 4.63385e-20)
(1.11327 0.369385 3.28369e-20)
(1.12243 0.458722 -7.14456e-20)
(1.11724 0.439163 -2.67202e-20)
(1.11307 0.420549 8.08756e-20)
(1.10991 0.402785 -3.15903e-21)
(1.10733 0.386107 -1.16616e-20)
(1.10434 0.371212 -1.87068e-20)
(1.11656 0.482987 -8.50232e-20)
(1.11093 0.462044 -1.98939e-20)
(1.10623 0.442035 1.16482e-20)
(1.10254 0.42302 -6.39664e-20)
(1.09987 0.404901 1.0437e-20)
(1.09778 0.387944 -2.5147e-20)
(1.09524 0.372813 1.07192e-20)
(1.11006 0.508768 7.71529e-20)
(1.10427 0.486486 9.07049e-20)
(1.09917 0.465056 -1.20278e-20)
(1.09498 0.444615 3.93928e-20)
(1.09178 0.425212 3.39864e-20)
(1.08962 0.406751 6.32906e-22)
(1.08805 0.38953 -1.73563e-20)
(1.086 0.374176 1.1802e-20)
(1.10246 0.535907 -5.71921e-20)
(1.09693 0.512455 -6.37288e-20)
(1.0917 0.489638 -3.9446e-20)
(1.08716 0.467743 -2.17952e-21)
(1.0835 0.446888 -3.84991e-20)
(1.08082 0.427115 -4.42268e-20)
(1.07919 0.408324 1.82931e-20)
(1.07814 0.390853 -5.43388e-21)
(1.0766 0.375292 3.2583e-21)
(1.093 0.563989 6.29493e-20)
(1.08845 0.539809 1.70916e-21)
(1.08349 0.515751 3.42785e-20)
(1.07887 0.492427 3.36514e-20)
(1.07492 0.470091 3.41532e-21)
(1.07181 0.448844 2.28608e-20)
(1.06966 0.428715 1.75402e-20)
(1.06856 0.409611 9.70981e-21)
(1.06806 0.391903 1.42073e-20)
(1.06706 0.37615 4.59013e-21)
(1.08042 0.592112 -6.23443e-20)
(1.07811 0.568156 -1.26287e-19)
(1.0741 0.543267 4.08442e-20)
(1.06978 0.518641 -4.89362e-20)
(1.0658 0.49484 -4.49617e-20)
(1.06246 0.472088 -1.28863e-20)
(1.05992 0.45047 -2.4593e-20)
(1.05832 0.430005 -8.76032e-22)
(1.05776 0.410601 -6.25912e-21)
(1.05781 0.39267 -1.39239e-20)
(1.05739 0.376742 -7.82556e-21)
(1.06271 0.618586 7.93966e-20)
(1.06473 0.596632 8.19135e-20)
(1.06285 0.57182 1.39949e-20)
(1.05945 0.546268 -3.81656e-20)
(1.0558 0.521109 2.53673e-20)
(1.0525 0.496862 2.86567e-20)
(1.0498 0.473721 -2.27528e-20)
(1.04785 0.451755 2.35034e-20)
(1.04679 0.430972 -6.81642e-21)
(1.04678 0.411285 -4.22589e-21)
(1.0474 0.393143 8.17645e-21)
(1.04758 0.377056 -2.86009e-21)
(1.03675 0.640553 1.15209e-19)
(1.04638 0.623586 -4.70815e-21)
(1.04862 0.600579 -1.6402e-20)
(1.04725 0.574965 -4.89555e-21)
(1.04452 0.548795 -1.50736e-21)
(1.04158 0.523141 -5.2837e-20)
(1.03898 0.49848 -5.88197e-21)
(1.03695 0.474979 3.13897e-21)
(1.03561 0.452689 -6.16214e-21)
(1.03511 0.431609 -2.11644e-21)
(1.03565 0.411656 1.86201e-21)
(1.03683 0.393315 1.00542e-21)
(1.03765 0.377082 -1.25724e-20)
(1.02007 0.646189 -9.24716e-21)
(1.02957 0.627933 4.40822e-20)
(1.03212 0.603936 1.19082e-20)
(1.03134 0.577576 -3.10313e-22)
(1.02932 0.550834 1.81746e-20)
(1.02713 0.524724 3.57589e-20)
(1.02527 0.499681 -1.9586e-21)
(1.02392 0.475849 1.38268e-20)
(1.02321 0.453262 1.68286e-22)
(1.02328 0.431907 3.48647e-21)
(1.02437 0.411705 8.40263e-22)
(1.02612 0.393175 -8.91384e-21)
(0.981498 0.660064 -1.95308e-20)
(1.00282 0.651089 1.4672e-20)
(1.01231 0.631613 -7.25461e-20)
(1.01527 0.60669 -3.78711e-20)
(1.01514 0.579638 5.6193e-20)
(1.01388 0.55237 -4.92087e-22)
(1.01248 0.525843 -1.05375e-20)
(1.01137 0.500453 7.19563e-21)
(1.01074 0.476321 4.86167e-21)
(1.01068 0.453464 -1.9692e-21)
(1.01132 0.431857 -4.97511e-22)
(1.01295 0.411427 5.64098e-21)
(0.925031 0.659054 4.97405e-21)
(0.964227 0.66567 1.93722e-20)
(0.985065 0.655236 -8.32567e-21)
(0.994649 0.634608 6.47047e-20)
(0.998097 0.608825 -4.27685e-20)
(0.998671 0.581138 -3.13812e-20)
(0.998212 0.553392 -2.45602e-21)
(0.997633 0.526487 6.2552e-21)
(0.99732 0.500784 -3.01638e-21)
(0.997425 0.476382 -2.22119e-21)
(0.998022 0.453285 2.61799e-21)
(0.999259 0.431452 -4.77589e-21)
(0.843984 0.635302 1.28257e-19)
(0.908275 0.665456 -7.93207e-20)
(0.94636 0.670439 1.69693e-21)
(0.966833 0.658614 6.80599e-21)
(0.976617 0.636907 7.64473e-21)
(0.980628 0.610328 4.2644e-20)
(0.981965 0.582063 1.33911e-21)
(0.982349 0.553885 1.32199e-20)
(0.982618 0.526643 -2.43798e-21)
(0.983122 0.500663 3.45414e-21)
(0.983985 0.476024 2.20442e-21)
(0.985268 0.452715 -7.38103e-21)
(0.731318 0.57976 7.72139e-21)
(0.828403 0.642432 -6.57581e-20)
(0.890843 0.670954 2.37078e-20)
(0.927946 0.674356 1.31996e-20)
(0.948173 0.661209 -2.87745e-21)
(0.95825 0.638495 -4.01977e-20)
(0.962897 0.611188 -6.22616e-21)
(0.965046 0.582401 -9.16958e-22)
(0.966308 0.55384 -6.15959e-21)
(0.967454 0.526301 5.56551e-22)
(0.968797 0.500079 3.44028e-21)
(0.970442 0.475236 2.69822e-21)
(0.972431 0.451747 -4.12027e-21)
(0.717654 0.58728 9.61819e-21)
(0.812082 0.648626 6.82226e-20)
(0.872787 0.67553 -2.58609e-20)
(0.909033 0.677405 1.25546e-20)
(0.929127 0.663008 1.49365e-21)
(0.939587 0.639361 3.72574e-21)
(0.944933 0.611392 -4.57692e-21)
(0.947941 0.582141 -2.46334e-21)
(0.950114 0.553244 5.66996e-21)
(0.952161 0.525449 -9.49941e-22)
(0.954365 0.499022 -2.65713e-20)
(0.956811 0.474008 1.80858e-20)
(0.569651 0.4903 1.14364e-19)
(0.703232 0.593887 -4.48661e-20)
(0.795078 0.653862 -8.23643e-21)
(0.854161 0.679167 1.22802e-20)
(0.889672 0.679573 9.54769e-21)
(0.909739 0.664001 -4.34219e-21)
(0.920663 0.639495 -2.81378e-20)
(0.926768 0.61093 -1.92065e-21)
(0.930676 0.581272 -4.35672e-21)
(0.933789 0.552088 -5.27099e-21)
(0.93676 0.524079 -2.49854e-20)
(0.939842 0.497484 -1.45067e-21)
(0.379562 0.342617 3.27706e-20)
(0.557994 0.496681 -2.29174e-20)
(0.688104 0.599555 -1.8142e-20)
(0.777444 0.658119 7.99524e-20)
(0.835021 0.68185 -5.48301e-20)
(0.869912 0.680848 6.23934e-21)
(0.890049 0.664176 1.83202e-21)
(0.901515 0.638886 1.61062e-20)
(0.908433 0.609794 2.27312e-21)
(0.913278 0.579786 2.56723e-20)
(0.917357 0.550364 2.16893e-20)
(0.921271 0.522183 2.88882e-20)
(0.925249 0.495456 2.90734e-21)
(0.371616 0.347723 -4.48781e-20)
(0.545677 0.502229 -1.85555e-20)
(0.672324 0.604263 9.36056e-20)
(0.759239 0.661381 3.37246e-21)
(0.815418 0.683565 3.1683e-20)
(0.8498 0.68122 1.81707e-21)
(0.870102 0.663525 2.60572e-21)
(0.882179 0.637527 1.20931e-20)
(0.889959 0.607975 -8.89869e-21)
(0.895774 0.577675 -3.4459e-20)
(0.900841 0.548063 -4.8391e-20)
(0.905715 0.519752 -3.79159e-21)
(0.142136 0.138855 -4.78176e-21)
(0.36316 0.352206 3.26083e-21)
(0.53275 0.506919 -5.89176e-20)
(0.655948 0.60799 -1.27425e-20)
(0.740518 0.663632 -1.05311e-20)
(0.795408 0.684303 6.41861e-21)
(0.829386 0.680681 -4.40614e-21)
(0.849939 0.662041 -5.68063e-21)
(0.862692 0.635411 -8.71778e-21)
(0.871378 0.605466 -2.32895e-20)
(0.878191 0.574931 -1.74901e-20)
(0.884267 0.54518 -1.0085e-20)
(0.890113 0.516783 -4.33261e-21)
(0.138884 0.140895 -8.91801e-21)
(0.35423 0.356052 -4.56732e-21)
(0.519262 0.510731 5.44514e-20)
(0.639031 0.610718 -2.82442e-20)
(0.721339 0.664859 -5.59885e-21)
(0.775045 0.684053 -9.71617e-21)
(0.808718 0.679223 2.96983e-21)
(0.829603 0.659717 -5.13114e-21)
(0.843089 0.632531 1.62203e-20)
(0.85272 0.602261 2.46588e-20)
(0.860559 0.571551 8.0771e-20)
(0.867659 0.541709 -4.34148e-22)
(0.13542 0.142668 -1.55957e-20)
(0.344862 0.359243 1.45804e-20)
(0.505263 0.513645 -6.72436e-21)
(0.621629 0.612434 1.76243e-20)
(0.701759 0.665052 1.60603e-21)
(0.754382 0.682809 -2.17134e-21)
(0.787844 0.676841 -1.05912e-21)
(0.809136 0.65655 1.59806e-20)
(0.823408 0.628885 1.44958e-20)
(0.834019 0.598357 2.09037e-20)
(0.842903 0.567528 5.51864e-20)
(0.13176 0.144163 5.93091e-21)
(0.335092 0.361763 -7.74965e-21)
(0.4908 0.515647 -5.25639e-21)
(0.603799 0.613125 -2.27638e-21)
(0.681835 0.664203 4.90205e-21)
(0.733472 0.680566 -3.52486e-21)
(0.766812 0.673532 3.38754e-20)
(0.788578 0.652537 -2.46618e-20)
(0.803684 0.624469 3.07932e-20)
(0.815305 0.59375 5.30861e-20)
(0.825253 0.562861 -1.16108e-19)
(0.127919 0.145373 -8.8931e-21)
(0.324958 0.363596 -9.53603e-21)
(0.475926 0.516721 3.18904e-23)
(0.585597 0.61278 2.99546e-21)
(0.661622 0.662305 -1.51565e-20)
(0.712368 0.677319 1.8814e-20)
(0.745668 0.669295 -1.46594e-20)
(0.767972 0.647676 -1.21351e-19)
(0.783954 0.61928 -2.36863e-20)
(0.79661 0.588439 -3.32962e-20)
(0.123911 0.14629 8.0489e-21)
(0.314496 0.364729 -6.72509e-21)
(0.460691 0.516857 -1.77701e-20)
(0.567079 0.611393 -7.70763e-21)
(0.641179 0.659355 4.96989e-20)
(0.691123 0.673069 -5.69861e-21)
(0.724461 0.664129 2.05222e-20)
(0.747359 0.641967 1.80118e-19)
(0.764253 0.61332 8.23079e-20)
(0.777965 0.582422 -2.57673e-20)
(0.119754 0.146907 -4.71606e-20)
(0.303745 0.365152 3.91545e-20)
(0.445145 0.516047 2.29642e-20)
(0.548303 0.608958 2.38759e-20)
(0.62056 0.655351 -3.13042e-20)
(0.669789 0.667816 -2.30283e-20)
(0.703236 0.658037 -1.04757e-20)
(0.726779 0.635412 -1.11561e-19)
(0.744618 0.60659 -3.56283e-20)
(0.759404 0.5757 -2.46138e-20)
(0.115464 0.147219 2.61877e-20)
(0.292745 0.364856 -2.22811e-20)
(0.429341 0.514284 1.46232e-20)
(0.529324 0.605473 2.6127e-20)
(0.599821 0.650296 -6.0071e-20)
(0.648417 0.661563 1.87891e-20)
(0.682039 0.65102 -7.68183e-20)
(0.706272 0.628014 -5.23093e-21)
(0.725082 0.599091 2.2423e-20)
(0.111057 0.14722 -2.94874e-20)
(0.281534 0.363836 4.33977e-21)
(0.413331 0.511565 -2.94599e-21)
(0.510199 0.600938 -1.00591e-19)
(0.579018 0.64419 8.60395e-20)
(0.627058 0.654315 1.21537e-19)
(0.660915 0.643086 -4.12285e-20)
(0.685879 0.619778 -6.74491e-22)
(0.705683 0.590827 -3.52477e-20)
(0.106551 0.146908 1.34131e-19)
(0.270151 0.362086 -5.79204e-20)
(0.397165 0.507888 -8.3384e-20)
(0.490983 0.595357 3.54047e-20)
(0.558204 0.637041 -3.88748e-20)
(0.605762 0.646079 7.19262e-21)
(0.63991 0.634239 -1.22434e-21)
(0.665639 0.61071 1.0116e-19)
(0.101963 0.146279 -6.60184e-20)
(0.258636 0.359604 8.67688e-20)
(0.380894 0.503255 7.58335e-20)
(0.471732 0.588733 -3.08581e-20)
(0.537434 0.628856 -1.16428e-21)
(0.584579 0.636862 -8.42392e-20)
(0.619066 0.62449 1.18921e-20)
(0.64559 0.600817 4.30429e-21)
(0.0973092 0.145331 -7.44292e-20)
(0.247028 0.356392 -2.78195e-20)
(0.364571 0.497669 2.53197e-20)
(0.4525 0.581073 8.77323e-20)
(0.51676 0.619644 2.48543e-20)
(0.563556 0.626676 -4.01875e-20)
(0.598428 0.613847 -3.6657e-20)
(0.0926077 0.144065 7.48234e-20)
(0.235366 0.352449 -5.16837e-20)
(0.348244 0.491136 -4.06656e-20)
(0.43334 0.572389 7.52671e-20)
(0.496234 0.609416 7.25755e-21)
(0.542741 0.615532 2.3827e-20)
(0.578037 0.602323 7.58634e-20)
(0.0878758 0.14248 6.85541e-20)
(0.22369 0.34778 -6.91303e-20)
(0.331964 0.483665 -1.13184e-19)
(0.414306 0.562691 -1.58768e-19)
(0.475908 0.598187 -7.12528e-20)
(0.522182 0.603445 5.75561e-21)
(0.557936 0.58993 -2.36254e-20)
(0.0831306 0.140577 -2.75004e-20)
(0.212039 0.342392 2.62455e-19)
(0.31578 0.475266 2.20259e-19)
(0.395449 0.551993 -2.63376e-20)
(0.45583 0.585973 8.87626e-20)
(0.501923 0.590431 -1.24267e-20)
(0.0783893 0.138359 -4.97921e-20)
(0.200449 0.336291 -1.95035e-19)
(0.29974 0.465952 -2.6782e-20)
(0.37682 0.540313 1.01766e-19)
(0.43605 0.57279 -4.89173e-20)
(0.482009 0.576506 1.83758e-19)
(0.073669 0.135828 -4.90728e-20)
(0.18896 0.329488 -1.01831e-20)
(0.283891 0.455739 -5.54377e-20)
(0.358469 0.527667 8.37292e-20)
(0.416616 0.558659 5.03388e-20)
(0.462483 0.561691 -4.40012e-20)
(0.0689866 0.132989 -7.42047e-21)
(0.177607 0.321993 5.46994e-20)
(0.26828 0.444642 -4.18669e-20)
(0.340444 0.514076 -9.35782e-20)
(0.397572 0.543601 -6.50196e-20)
(0.0643585 0.129846 2.09867e-19)
(0.166428 0.313821 1.03552e-19)
(0.252952 0.432682 2.2632e-20)
(0.322793 0.499564 -6.14301e-20)
(0.378966 0.527639 4.19733e-20)
(0.0598011 0.126406 3.78325e-20)
(0.155457 0.304986 -2.62404e-19)
(0.237952 0.419879 -7.30362e-20)
(0.30556 0.484154 -2.2161e-20)
(0.360839 0.510799 -1.06144e-19)
(0.0553304 0.122674 -1.07705e-19)
(0.14473 0.295504 1.17132e-19)
(0.223321 0.406257 1.50424e-19)
(0.288791 0.467872 -1.78787e-19)
(0.343235 0.493106 1.08052e-19)
(0.0509618 0.118659 5.57515e-20)
(0.134279 0.285395 9.1692e-20)
(0.209101 0.391841 -6.85572e-20)
(0.272529 0.450746 1.12293e-19)
(0.0467104 0.114369 6.54431e-20)
(0.124137 0.274679 -2.91548e-20)
(0.195333 0.376658 -1.02946e-19)
(0.256813 0.432807 -8.06502e-20)
(0.0425909 0.109812 -3.17796e-20)
(0.114335 0.263376 -2.04908e-20)
(0.182054 0.360735 6.39691e-20)
(0.241685 0.414085 1.34337e-19)
(0.0386174 0.104999 -2.61864e-20)
(0.104903 0.25151 6.43128e-20)
(0.169301 0.344104 -1.31763e-19)
(0.227181 0.394614 -8.31305e-20)
(0.0348034 0.0999405 1.05343e-19)
(0.0958706 0.239105 -2.27648e-19)
(0.157109 0.326795 -5.71837e-21)
(0.213338 0.374428 1.54344e-19)
(0.0311618 0.0946472 -7.38498e-20)
(0.0872644 0.226187 2.495e-20)
(0.145513 0.308843 2.09898e-19)
(0.0277049 0.0891311 -1.34993e-19)
(0.0791105 0.212784 1.11463e-20)
(0.134542 0.290282 -1.25741e-19)
(0.0244444 0.083405 2.32111e-19)
(0.0714335 0.198922 -6.6746e-20)
(0.124228 0.271148 -4.09908e-20)
(0.0213913 0.0774819 -7.3357e-20)
(0.0642563 0.184631 9.89086e-20)
(0.114598 0.251479 7.24557e-20)
(0.0185556 0.0713755 -3.38328e-20)
(0.0576003 0.169943 5.56782e-20)
(0.105677 0.231312 1.40935e-19)
(0.0159469 0.0651 -1.39498e-21)
(0.0514853 0.154887 -8.38711e-20)
(0.0974904 0.210688 -7.74651e-20)
(0.0135738 0.0586701 5.25382e-20)
(0.0459293 0.139497 -1.11103e-19)
(0.0900593 0.189647 -3.60239e-20)
(0.0114442 0.0521009 -9.00574e-20)
(0.0409487 0.123805 9.16363e-20)
(0.0834034 0.16823 -5.17417e-20)
(0.00956524 0.0454077 1.0377e-19)
(0.0365583 0.107846 -1.29696e-20)
(0.0775406 0.14648 4.06419e-20)
(0.00794303 0.0386066 -4.09045e-20)
(0.032771 0.0916524 4.4264e-20)
(0.00658294 0.0317134 4.21138e-20)
(0.0295978 0.0752607 -9.31805e-20)
(0.00548947 0.0247448 -1.87771e-20)
(0.0270481 0.058706 5.64988e-20)
(0.0046662 0.0177171 -2.36147e-20)
(0.0251292 0.042024 -2.21785e-20)
(0.00411586 0.0106472 1.88712e-20)
(0.0238468 0.0252509 -5.66846e-21)
(0.00384023 0.00355187 -1.50568e-21)
(0.0232047 0.00842303 7.68904e-23)
(0.00384023 -0.00355189 -2.2073e-21)
(1.05137 0.35853 4.55603e-22)
(1.06049 0.358363 -2.44672e-21)
(1.0695 0.357961 -2.10992e-22)
(1.07841 0.357329 -4.41957e-21)
(1.0872 0.356475 1.76937e-20)
(1.09587 0.355407 2.12181e-21)
(1.10441 0.35413 1.47464e-20)
(1.11281 0.352655 9.93009e-21)
(1.12108 0.350988 2.64588e-20)
(1.1292 0.349138 5.70597e-21)
(1.13717 0.347115 -1.72615e-20)
(1.05462 0.3479 -8.2294e-22)
(1.06318 0.347607 7.45342e-22)
(1.07167 0.347114 -2.29185e-21)
(1.08005 0.346427 9.14423e-21)
(1.08834 0.34555 -5.65988e-21)
(1.09653 0.344489 -3.68087e-21)
(1.1046 0.34325 -1.48174e-20)
(1.11256 0.341839 -1.81987e-20)
(1.1204 0.340263 -1.16203e-20)
(1.12811 0.338528 6.33839e-21)
(1.1357 0.336643 9.21246e-21)
(1.05869 0.33836 1.62047e-21)
(1.06674 0.337928 3.50071e-21)
(1.0747 0.337323 6.58514e-21)
(1.08258 0.336549 -4.2991e-21)
(1.09037 0.335611 5.00497e-21)
(1.09806 0.334514 -1.24345e-20)
(1.10565 0.333262 1.15428e-20)
(1.11313 0.331861 1.18428e-20)
(1.12051 0.330318 2.56636e-20)
(1.12778 0.328637 -1.40756e-20)
(1.13493 0.326823 2.70175e-20)
(1.06299 0.329086 8.00863e-22)
(1.07057 0.328557 3.76258e-21)
(1.07807 0.327873 -3.80914e-21)
(1.08549 0.32704 -3.04277e-21)
(1.09281 0.326061 -1.47685e-21)
(1.10004 0.324941 1.10196e-20)
(1.10718 0.323686 -2.71052e-20)
(1.11422 0.3223 -2.70636e-20)
(1.12116 0.320788 -2.44861e-20)
(1.128 0.319156 2.92717e-20)
(1.13473 0.317408 -2.57915e-20)
(1.06707 0.320109 9.4208e-22)
(1.07423 0.31951 -3.37965e-21)
(1.08131 0.318773 -5.22787e-22)
(1.08831 0.317902 1.22794e-20)
(1.09523 0.316902 4.82317e-22)
(1.10205 0.315777 6.01463e-21)
(1.10879 0.314531 4.4194e-21)
(1.11543 0.313169 2.13419e-20)
(1.12197 0.311696 -3.97996e-21)
(1.12843 0.310116 -2.30225e-20)
(1.13478 0.308434 3.84641e-21)
(1.07088 0.311317 -6.24246e-21)
(1.07765 0.310669 -5.44522e-22)
(1.08435 0.309898 9.62663e-22)
(1.09097 0.309008 -1.02432e-20)
(1.0975 0.308003 -3.62682e-21)
(1.10396 0.306887 -1.80227e-20)
(1.11032 0.305664 1.5919e-20)
(1.1166 0.304338 1.2071e-20)
(1.1228 0.302913 3.90256e-21)
(1.1289 0.301394 -1.46411e-21)
(1.13491 0.299784 4.23907e-21)
(1.07443 0.302693 8.49548e-22)
(1.08083 0.302011 -3.41218e-21)
(1.08717 0.301219 3.4417e-23)
(1.09343 0.300322 1.04133e-20)
(1.09962 0.299324 7.82566e-21)
(1.10572 0.298227 7.92951e-21)
(1.11175 0.297035 -6.55436e-21)
(1.1177 0.295752 -2.34059e-20)
(1.12356 0.294381 9.85349e-21)
(1.12934 0.292927 1.0284e-21)
(1.13504 0.291393 -1.66867e-20)
(1.07773 0.294242 3.82051e-22)
(1.08379 0.293536 -2.33013e-21)
(1.08979 0.292734 1.84379e-21)
(1.09571 0.291838 -1.26023e-20)
(1.10157 0.290853 -3.39492e-21)
(1.10735 0.289781 -7.39056e-21)
(1.11306 0.288625 -9.77729e-21)
(1.1187 0.287389 1.25883e-20)
(1.12426 0.286075 -7.80065e-21)
(1.12974 0.284688 -1.07883e-20)
(1.13514 0.283231 1.24883e-20)
(1.0808 0.285966 6.79442e-22)
(1.08654 0.285245 5.81549e-21)
(1.09222 0.28444 -7.87402e-21)
(1.09783 0.283552 1.01612e-20)
(1.10337 0.282586 -3.99269e-22)
(1.10885 0.281542 8.80039e-21)
(1.11427 0.280425 1.02522e-20)
(1.11961 0.279238 2.3859e-21)
(1.12488 0.277983 1.34215e-20)
(1.13009 0.276663 7.59357e-21)
(1.13522 0.275281 -4.35248e-21)
(1.08367 0.277865 -1.08823e-21)
(1.0891 0.277137 -3.16503e-21)
(1.09447 0.276335 1.14132e-20)
(1.09979 0.275461 -1.17345e-20)
(1.10504 0.274517 4.18176e-21)
(1.11024 0.273506 -3.23039e-21)
(1.11537 0.27243 -3.83831e-21)
(1.12044 0.271292 -2.06458e-20)
(1.12544 0.270094 -1.29579e-20)
(1.13038 0.26884 -6.6984e-21)
(1.13526 0.267531 5.22066e-21)
(1.08634 0.269939 4.64171e-22)
(1.09149 0.269211 -2.99393e-21)
(1.09657 0.268418 -1.34345e-20)
(1.10161 0.267561 1.01563e-20)
(1.10659 0.266642 -9.77893e-21)
(1.11151 0.265665 -1.02585e-20)
(1.11638 0.264631 -5.48856e-21)
(1.12119 0.263543 1.65394e-20)
(1.12594 0.262402 -8.86862e-21)
(1.13064 0.261212 4.39405e-21)
(1.13528 0.259974 4.3203e-21)
(1.08883 0.262187 -7.01763e-22)
(1.0937 0.261463 1.20197e-20)
(1.09852 0.260683 1.0462e-20)
(1.1033 0.259846 -3.89478e-21)
(1.10802 0.258956 -4.77329e-21)
(1.11269 0.258014 1.49277e-20)
(1.1173 0.257022 1.61185e-20)
(1.12187 0.255983 -6.63263e-21)
(1.12639 0.254899 1.59743e-20)
(1.13085 0.25377 4.69183e-21)
(1.13526 0.252601 -4.66751e-21)
(1.09115 0.254604 2.62875e-21)
(1.09576 0.25389 -8.55591e-22)
(1.10033 0.253125 -4.64971e-21)
(1.10485 0.252311 7.4433e-21)
(1.10933 0.251451 2.38438e-21)
(1.11376 0.250545 -7.32928e-21)
(1.11815 0.249596 -9.63364e-21)
(1.12248 0.248606 -3.88809e-21)
(1.12678 0.247575 -2.01698e-23)
(1.13102 0.246507 2.24526e-21)
(1.13522 0.245403 -3.82168e-21)
(1.09331 0.247187 -9.01252e-22)
(1.09767 0.246485 -1.04438e-20)
(1.102 0.245739 5.77878e-21)
(1.10629 0.24495 -8.79995e-21)
(1.11054 0.24412 6.21079e-21)
(1.11474 0.243251 1.43839e-23)
(1.11891 0.242345 9.13848e-22)
(1.12303 0.241401 -3.19417e-21)
(1.12711 0.240424 3.74543e-21)
(1.13115 0.239413 1.84847e-22)
(1.13515 0.23837 -3.12506e-21)
(1.0953 0.23993 -1.42783e-21)
(1.09944 0.239244 2.53598e-21)
(1.10354 0.238518 -4.61885e-21)
(1.10761 0.237756 3.39283e-21)
(1.11164 0.236958 -3.24966e-22)
(1.11563 0.236125 4.81548e-21)
(1.11959 0.23526 6.93871e-21)
(1.12351 0.234363 7.13697e-21)
(1.12739 0.233436 -3.34204e-21)
(1.13123 0.23248 -8.26207e-21)
(1.13504 0.231497 -1.00324e-22)
(1.09714 0.23283 -4.3751e-22)
(1.10106 0.23216 4.84177e-21)
(1.10495 0.231457 4.04381e-21)
(1.10881 0.230722 -6.78234e-21)
(1.11264 0.229955 3.36422e-21)
(1.11643 0.229159 4.45393e-21)
(1.12019 0.228335 4.20189e-21)
(1.12392 0.227483 1.46487e-20)
(1.12761 0.226604 -5.70018e-21)
(1.13128 0.225701 2.0207e-21)
(1.09883 0.225879 1.72981e-21)
(1.10255 0.225228 -2.41407e-22)
(1.10624 0.224549 -1.7535e-22)
(1.1099 0.223841 1.31641e-20)
(1.11353 0.223107 -3.5684e-21)
(1.11714 0.222346 -9.52089e-21)
(1.12072 0.221562 -7.1528e-21)
(1.12426 0.220753 -1.71611e-20)
(1.12778 0.219922 3.03412e-21)
(1.13127 0.219069 -4.34106e-21)
(1.10037 0.219073 1.59251e-21)
(1.1039 0.218442 -2.164e-21)
(1.1074 0.217787 -2.24359e-21)
(1.11088 0.217107 -9.78109e-21)
(1.11433 0.216405 5.72604e-21)
(1.11776 0.21568 -2.68071e-22)
(1.12116 0.214934 4.2736e-21)
(1.12454 0.214167 4.10088e-21)
(1.12789 0.213381 3.71701e-21)
(1.13122 0.212576 -1.29886e-21)
(1.10178 0.212406 5.98124e-21)
(1.10512 0.211797 8.9473e-22)
(1.10845 0.211166 -2.19407e-21)
(1.11175 0.210515 -6.6973e-21)
(1.11504 0.209843 -1.25013e-20)
(1.1183 0.209153 1.60841e-20)
(1.12154 0.208444 -7.62106e-21)
(1.12476 0.207717 5.90331e-21)
(1.12795 0.206974 -4.20357e-21)
(1.13113 0.206215 5.50338e-21)
(1.10304 0.205873 -7.10879e-22)
(1.10622 0.205286 -3.69673e-21)
(1.10938 0.20468 1.96189e-21)
(1.11253 0.204056 7.21967e-21)
(1.11565 0.203416 8.60505e-21)
(1.11875 0.202759 -1.0788e-20)
(1.12184 0.202086 2.29753e-21)
(1.1249 0.201398 -6.95725e-22)
(1.12795 0.200696 7.09674e-21)
(1.13098 0.19998 -2.6767e-21)
(1.10418 0.199468 -4.06029e-21)
(1.1072 0.198904 1.62119e-21)
(1.11021 0.198323 -6.94284e-22)
(1.1132 0.197727 -5.45683e-21)
(1.11617 0.197117 -1.09267e-20)
(1.11912 0.196492 -4.13538e-21)
(1.12206 0.195854 -2.27297e-22)
(1.12499 0.195203 -5.45048e-21)
(1.1279 0.19454 -4.59515e-21)
(1.13079 0.193865 4.74655e-21)
(1.1052 0.193188 2.30585e-21)
(1.10807 0.192646 7.03919e-22)
(1.11092 0.19209 -9.4627e-23)
(1.11377 0.191521 1.01988e-20)
(1.1166 0.19094 2.91141e-21)
(1.11942 0.190347 1.28473e-21)
(1.12222 0.189742 -3.66618e-22)
(1.12501 0.189127 2.08221e-21)
(1.12779 0.188501 -1.13081e-21)
(1.13055 0.187865 -3.69588e-21)
(1.10609 0.187026 -2.07768e-21)
(1.10882 0.186506 2.31608e-21)
(1.11154 0.185975 1.65237e-21)
(1.11425 0.185433 -5.3214e-21)
(1.11694 0.18488 5.87795e-21)
(1.11963 0.184317 -2.67182e-22)
(1.1223 0.183745 -4.92126e-22)
(1.12497 0.183163 -2.50747e-21)
(1.12762 0.182573 5.65649e-21)
(1.13026 0.181974 -2.90602e-21)
(1.10687 0.180978 -2.26451e-21)
(1.10947 0.180481 -3.65296e-22)
(1.11206 0.179974 9.39945e-22)
(1.11464 0.179458 6.25029e-21)
(1.11721 0.178933 1.18912e-21)
(1.11977 0.178399 4.96918e-21)
(1.12232 0.177857 -1.37173e-21)
(1.12487 0.177308 -2.216e-21)
(1.1274 0.176751 -1.68388e-21)
(1.12993 0.176187 3.95337e-21)
(1.10754 0.175039 -2.85919e-21)
(1.11001 0.174564 -2.3946e-21)
(1.11248 0.174081 -5.08637e-22)
(1.11494 0.17359 -1.8862e-21)
(1.11739 0.173092 -1.74471e-21)
(1.11984 0.172586 -3.12494e-21)
(1.12228 0.172074 1.67988e-21)
(1.12471 0.171555 5.02538e-21)
(1.12713 0.17103 -5.29585e-22)
(1.12955 0.170499 -3.08523e-21)
(1.1081 0.169205 3.91444e-21)
(1.11045 0.168752 -7.09054e-22)
(1.11281 0.168292 1.88101e-21)
(1.11515 0.167825 -4.46366e-21)
(1.11749 0.167352 -1.86243e-21)
(1.11983 0.166874 6.04183e-21)
(1.12216 0.166389 4.58257e-21)
(1.12449 0.1659 -2.393e-21)
(1.12681 0.165405 6.11722e-22)
(1.12913 0.164906 2.74639e-21)
(1.10855 0.163471 6.09162e-23)
(1.1108 0.163039 6.12685e-21)
(1.11305 0.162602 -3.34798e-21)
(1.11529 0.162159 1.73328e-21)
(1.11753 0.161711 1.32487e-21)
(1.11976 0.161258 -4.33828e-21)
(1.12199 0.1608 -7.08434e-21)
(1.12422 0.160338 -1.29809e-22)
(1.12644 0.159872 3.31668e-21)
(1.12866 0.159403 -2.66051e-21)
(1.10891 0.157832 -5.09659e-21)
(1.11106 0.157421 -5.64626e-21)
(1.1132 0.157006 -1.44136e-21)
(1.11534 0.156586 -3.15114e-21)
(1.11748 0.156161 3.00231e-21)
(1.11962 0.155733 1.25161e-21)
(1.12176 0.155301 6.9022e-21)
(1.12389 0.154866 -6.0544e-21)
(1.12602 0.154427 -7.85602e-21)
(1.12815 0.153985 1.53213e-21)
(1.10918 0.152285 3.48217e-22)
(1.11123 0.151894 -1.1717e-21)
(1.11328 0.1515 3.12655e-21)
(1.11532 0.151102 5.54433e-21)
(1.11737 0.1507 -2.83643e-21)
(1.11942 0.150296 1.35167e-21)
(1.12146 0.149888 -2.48138e-21)
(1.12351 0.149478 1.57854e-21)
(1.12555 0.149065 5.90294e-21)
(1.12759 0.148649 -1.87018e-21)
(1.10935 0.146825 2.56701e-21)
(1.11131 0.146454 -5.72272e-22)
(1.11327 0.14608 -2.41325e-22)
(1.11523 0.145703 -3.7354e-22)
(1.11719 0.145323 -1.21701e-21)
(1.11915 0.144941 -4.84504e-21)
(1.12112 0.144557 -4.54753e-21)
(1.12308 0.14417 8.51755e-22)
(1.12504 0.143782 3.25813e-21)
(1.127 0.143392 7.08607e-21)
(1.10944 0.141447 3.40945e-21)
(1.11132 0.141096 1.0632e-21)
(1.11319 0.140741 -2.09807e-21)
(1.11507 0.140385 -4.61656e-21)
(1.11695 0.140026 9.97093e-22)
(1.11883 0.139666 1.3592e-21)
(1.12071 0.139303 6.88107e-22)
(1.12259 0.13894 6.61052e-22)
(1.12448 0.138574 -8.06006e-21)
(1.12636 0.138208 -3.59408e-21)
(1.10766 0.13648 -1.78776e-21)
(1.10945 0.136149 -4.47561e-21)
(1.11125 0.135816 8.18037e-22)
(1.11304 0.13548 1.05787e-21)
(1.11484 0.135143 3.0852e-21)
(1.11665 0.134805 1.40029e-21)
(1.11845 0.134465 -1.05954e-21)
(1.12026 0.134124 5.23933e-21)
(1.12207 0.133782 -5.93664e-22)
(1.12388 0.133438 3.04172e-21)
(1.12569 0.133094 1.85865e-21)
(1.10766 0.131239 8.42288e-23)
(1.10938 0.130925 5.45826e-21)
(1.1111 0.13061 -9.65202e-22)
(1.11283 0.130293 3.49643e-21)
(1.11455 0.129975 -9.28357e-22)
(1.11628 0.129655 -2.14886e-21)
(1.11802 0.129335 4.31281e-21)
(1.11975 0.129014 -4.08896e-21)
(1.12149 0.128692 1.1964e-21)
(1.12323 0.12837 -1.99496e-21)
(1.12498 0.128047 -2.25092e-21)
(1.10759 0.126069 6.70325e-22)
(1.10924 0.125772 5.6168e-22)
(1.11089 0.125474 -1.2764e-21)
(1.11254 0.125175 -8.51421e-22)
(1.1142 0.124875 1.4254e-21)
(1.11587 0.124574 -3.78944e-23)
(1.11753 0.124272 7.37785e-23)
(1.1192 0.12397 4.45415e-21)
(1.12087 0.123668 9.27803e-22)
(1.12255 0.123365 -1.2419e-21)
(1.12423 0.123062 1.63471e-21)
(1.10744 0.120967 1.07901e-21)
(1.10902 0.120686 6.79787e-22)
(1.11061 0.120405 7.9182e-22)
(1.1122 0.120123 -1.8613e-21)
(1.1138 0.11984 -7.13445e-22)
(1.1154 0.119556 3.36504e-21)
(1.117 0.119273 -3.94842e-21)
(1.11861 0.118989 -5.00794e-21)
(1.12022 0.118705 -3.46663e-21)
(1.12183 0.118421 3.20019e-21)
(1.12345 0.118136 -1.66333e-21)
(1.10722 0.115928 1.2324e-21)
(1.10874 0.115663 4.83282e-22)
(1.11027 0.115398 -4.51664e-22)
(1.1118 0.115132 -1.01648e-21)
(1.11334 0.114866 2.75594e-21)
(1.11488 0.114599 -3.18371e-21)
(1.11642 0.114333 -4.23906e-22)
(1.11797 0.114066 2.69378e-21)
(1.11952 0.113799 3.58795e-21)
(1.12108 0.113533 -3.15461e-21)
(1.12264 0.113267 -6.17515e-22)
(1.10694 0.110949 -2.70844e-21)
(1.1084 0.1107 -4.70859e-21)
(1.10987 0.11045 7.57558e-22)
(1.11135 0.1102 -2.36794e-21)
(1.11283 0.109949 -7.28491e-22)
(1.11431 0.109699 3.50606e-22)
(1.1158 0.109449 -1.27364e-22)
(1.11729 0.109198 3.7917e-21)
(1.11879 0.108948 -6.90011e-22)
(1.12029 0.108699 2.47048e-21)
(1.1218 0.10845 4.86261e-21)
(1.10659 0.106026 -8.87802e-22)
(1.10801 0.105792 4.18561e-21)
(1.10942 0.105557 7.85499e-22)
(1.11084 0.105322 -9.37842e-23)
(1.11227 0.105087 -9.76644e-22)
(1.1137 0.104852 2.83116e-21)
(1.11514 0.104617 -2.6944e-21)
(1.11658 0.104382 -3.14294e-22)
(1.11803 0.104148 -1.24318e-21)
(1.11948 0.103915 -8.16096e-23)
(1.12093 0.103681 -3.16538e-21)
(1.10619 0.101156 2.41179e-21)
(1.10756 0.100935 -3.7044e-21)
(1.10892 0.100715 7.8438e-22)
(1.1103 0.100494 5.81857e-22)
(1.11167 0.100274 1.15184e-22)
(1.11306 0.100054 -3.15968e-22)
(1.11445 0.0998336 3.81989e-21)
(1.11584 0.0996141 4.28947e-21)
(1.11724 0.0993951 -1.64272e-21)
(1.11864 0.0991766 -2.82734e-22)
(1.12005 0.0989588 -1.52496e-22)
(1.10574 0.0963336 1.21397e-21)
(1.10706 0.0961268 -5.94292e-22)
(1.10838 0.0959201 3.57443e-21)
(1.10971 0.0957135 6.42583e-22)
(1.11104 0.0955071 -1.8437e-21)
(1.11238 0.095301 -3.72965e-21)
(1.11372 0.0950954 -1.58131e-21)
(1.11507 0.0948901 -1.21773e-21)
(1.11642 0.0946855 -1.72084e-21)
(1.11778 0.0944815 -7.91454e-22)
(1.11914 0.0942782 -3.04402e-21)
(1.10525 0.0915559 7.44761e-22)
(1.10652 0.0913624 9.48763e-23)
(1.1078 0.091169 -3.04678e-21)
(1.10908 0.0909758 4.28455e-21)
(1.11037 0.0907829 -1.55019e-22)
(1.11167 0.0905904 1.61704e-21)
(1.11297 0.0903983 -2.24555e-21)
(1.11428 0.0902067 1.49247e-21)
(1.11559 0.0900158 2.90693e-21)
(1.1169 0.0898256 3.2114e-21)
(1.11822 0.0896361 7.3899e-21)
(1.10471 0.0868188 -2.19646e-21)
(1.10595 0.086638 -1.67449e-21)
(1.10719 0.0864575 4.53729e-22)
(1.10843 0.0862772 -2.51006e-21)
(1.10968 0.0860972 1.94624e-21)
(1.11094 0.0859176 3.44082e-21)
(1.1122 0.0857386 2.42506e-21)
(1.11346 0.0855601 -1.53301e-21)
(1.11474 0.0853823 -6.56149e-23)
(1.11601 0.0852052 -6.98811e-23)
(1.11729 0.0850289 -4.18592e-21)
(1.10414 0.0821181 2.31675e-21)
(1.10534 0.0819497 1.43981e-21)
(1.10654 0.0817814 -1.54156e-21)
(1.10775 0.0816135 -1.988e-21)
(1.10896 0.081446 -2.03593e-22)
(1.11018 0.0812789 -3.75828e-21)
(1.11141 0.0811123 5.15816e-22)
(1.11264 0.0809463 5.21932e-22)
(1.11387 0.080781 2.42707e-21)
(1.11511 0.0806165 -7.9069e-22)
(1.11635 0.0804528 -2.40499e-21)
(1.10354 0.0774496 6.42286e-22)
(1.10471 0.0772931 -2.65306e-21)
(1.10588 0.0771367 3.86592e-21)
(1.10705 0.0769807 -1.43496e-21)
(1.10823 0.0768251 -6.634e-22)
(1.10942 0.07667 3.43707e-21)
(1.11061 0.0765153 -1.60495e-21)
(1.1118 0.0763613 -8.73508e-22)
(1.113 0.076208 -2.44672e-21)
(1.11421 0.0760554 -6.32415e-22)
(1.11542 0.0759037 9.06436e-22)
(1.10292 0.0728089 -1.71089e-21)
(1.10406 0.0726639 1.79519e-21)
(1.10519 0.072519 2.00972e-21)
(1.10634 0.0723745 -1.28863e-21)
(1.10749 0.0722304 -1.27658e-21)
(1.10864 0.0720867 -7.39882e-22)
(1.1098 0.0719436 5.67238e-22)
(1.11096 0.071801 3.02829e-21)
(1.11213 0.0716591 5.79152e-22)
(1.1133 0.071518 1.03847e-21)
(1.11448 0.0713777 2.14738e-22)
(1.10229 0.0681916 1.30373e-21)
(1.10339 0.0680576 -3.70217e-21)
(1.1045 0.0679238 -3.21186e-22)
(1.10562 0.0677904 5.06835e-22)
(1.10673 0.0676573 2.44797e-21)
(1.10786 0.0675247 -1.25818e-21)
(1.10899 0.0673926 -7.0504e-23)
(1.11012 0.067261 -9.06474e-22)
(1.11126 0.0671302 -2.21721e-21)
(1.1124 0.067 -8.99281e-22)
(1.11355 0.0668706 5.23723e-22)
(1.10164 0.0635927 -3.25727e-21)
(1.10272 0.0634694 4.43303e-21)
(1.1038 0.0633464 -6.68982e-22)
(1.10489 0.0632236 -7.15926e-22)
(1.10598 0.0631012 -4.99454e-22)
(1.10708 0.0629792 -7.28512e-22)
(1.10818 0.0628577 -7.14997e-22)
(1.10929 0.0627368 2.73202e-21)
(1.1104 0.0626165 8.41799e-22)
(1.11152 0.0624969 2.96445e-22)
(1.11264 0.0623781 -1.31606e-22)
(1.101 0.0590072 2.37718e-21)
(1.10205 0.0588943 -3.98276e-21)
(1.10311 0.0587816 1.63288e-22)
(1.10417 0.0586692 -4.04693e-22)
(1.10524 0.0585571 -1.98082e-21)
(1.10631 0.0584454 9.40381e-22)
(1.10739 0.0583342 -4.70573e-22)
(1.10847 0.0582235 2.51551e-21)
(1.10956 0.0581133 -2.62038e-22)
(1.11065 0.0580039 -2.0423e-21)
(1.11174 0.0578952 -6.43477e-22)
(1.10035 0.0544298 8.14975e-22)
(1.10139 0.0543269 1.14626e-22)
(1.10242 0.0542242 1.55417e-22)
(1.10346 0.0541218 1.02794e-21)
(1.10451 0.0540197 -1.00511e-21)
(1.10556 0.0539179 5.35221e-22)
(1.10662 0.0538166 -1.5332e-21)
(1.10768 0.0537158 5.12653e-22)
(1.10874 0.0536155 1.79708e-21)
(1.1098 0.0535159 3.05892e-21)
(1.11088 0.0534169 -1.28913e-21)
(1.09972 0.0498545 -4.05889e-22)
(1.10074 0.0497614 -8.6647e-22)
(1.10175 0.0496684 -1.0599e-21)
(1.10278 0.0495757 -7.80287e-22)
(1.1038 0.0494832 9.15334e-23)
(1.10483 0.0493911 -5.3784e-22)
(1.10587 0.0492994 2.94051e-21)
(1.1069 0.0492081 -1.09804e-21)
(1.10795 0.0491174 -1.50815e-21)
(1.10899 0.0490272 -1.06226e-21)
(1.11004 0.0489377 6.46049e-22)
(1.09911 0.0452752 8.2512e-22)
(1.10011 0.0451916 -1.40504e-21)
(1.10111 0.0451081 7.74296e-23)
(1.10211 0.0450248 8.66823e-22)
(1.10312 0.0449417 4.03102e-22)
(1.10413 0.044859 2.68193e-22)
(1.10515 0.0447766 -3.90797e-22)
(1.10617 0.0446946 -1.20955e-23)
(1.10719 0.0446131 -1.43718e-21)
(1.10822 0.0445321 1.21673e-21)
(1.10924 0.0444517 -2.23264e-21)
(1.09853 0.0406851 -8.16045e-22)
(1.09951 0.0406107 9.18815e-22)
(1.1005 0.0405364 2.35042e-22)
(1.10148 0.0404623 6.56557e-22)
(1.10248 0.0403884 5.20497e-23)
(1.10347 0.0403148 -1.90533e-22)
(1.10447 0.0402415 1.62832e-22)
(1.10547 0.0401685 -9.19374e-22)
(1.10648 0.040096 1.81038e-21)
(1.10748 0.040024 -1.05002e-21)
(1.1085 0.0399525 -9.92063e-22)
(1.09799 0.0360769 -2.2116e-21)
(1.09895 0.0360116 -3.64915e-22)
(1.09992 0.0359463 6.69826e-22)
(1.1009 0.0358812 -1.26922e-21)
(1.10187 0.0358162 1.20443e-21)
(1.10285 0.0357515 1.66027e-21)
(1.10384 0.035687 -8.45498e-22)
(1.10482 0.0356229 1.48712e-21)
(1.10581 0.0355592 4.57846e-22)
(1.10681 0.0354959 -1.9568e-21)
(1.1078 0.0354331 7.24245e-22)
(1.09748 0.0314425 1.23259e-21)
(1.09844 0.031386 2.58595e-21)
(1.0994 0.0313295 -2.33909e-21)
(1.10036 0.0312732 1.43344e-21)
(1.10132 0.031217 1.1334e-21)
(1.10229 0.031161 -2.03056e-21)
(1.10326 0.0311053 -9.94951e-22)
(1.10423 0.0310498 2.04161e-21)
(1.10521 0.0309947 -6.34259e-22)
(1.10619 0.03094 -1.68837e-21)
(1.10717 0.0308856 4.85459e-22)
(1.09703 0.0267733 4.56938e-22)
(1.09798 0.0267255 4.89071e-22)
(1.09893 0.0266778 3.74314e-22)
(1.09988 0.0266302 -3.61747e-21)
(1.10083 0.0265826 2.41517e-23)
(1.10179 0.0265353 3.02474e-21)
(1.10275 0.0264882 -1.2986e-22)
(1.10371 0.0264413 9.59419e-23)
(1.10467 0.0263947 -1.49733e-22)
(1.10564 0.0263484 -3.66218e-21)
(1.09664 0.0220589 -2.8854e-21)
(1.09758 0.0220198 9.17945e-22)
(1.09852 0.0219806 -3.28919e-22)
(1.09946 0.0219415 1.02915e-21)
(1.10041 0.0219024 3.16228e-21)
(1.10136 0.0218636 2.21822e-22)
(1.10231 0.0218248 -8.60892e-23)
(1.10326 0.0217863 -1.37307e-21)
(1.10421 0.021748 -3.31448e-21)
(1.10517 0.02171 4.30345e-21)
(1.09632 0.0172905 2.34719e-21)
(1.09725 0.0172599 -2.07659e-21)
(1.09819 0.0172294 2.65743e-21)
(1.09912 0.017199 -1.2795e-21)
(1.10006 0.0171686 -2.77471e-21)
(1.101 0.0171384 1.98935e-21)
(1.10194 0.0171083 -1.29917e-21)
(1.10289 0.0170783 2.57375e-21)
(1.10383 0.0170486 6.48592e-22)
(1.10478 0.0170191 6.38702e-22)
(1.09608 0.0124517 -2.39842e-21)
(1.09701 0.0124294 2.22384e-21)
(1.09794 0.012407 1.3904e-21)
(1.09887 0.0123848 -3.53114e-21)
(1.0998 0.0123625 1.64783e-21)
(1.10074 0.0123404 5.01981e-22)
(1.10167 0.0123184 1.17988e-22)
(1.10261 0.0122965 -2.68731e-21)
(1.10355 0.0122747 1.79145e-21)
(1.10449 0.0122532 -1.70586e-21)
(1.09592 0.00753988 1.98973e-21)
(1.09684 0.00752689 -2.67472e-22)
(1.09777 0.00751394 -7.81238e-22)
(1.0987 0.00750102 3.95303e-24)
(1.09963 0.00748816 2.55082e-22)
(1.10056 0.00747536 -1.02207e-21)
(1.10149 0.00746263 2.92317e-21)
(1.10243 0.00744998 -2.84649e-21)
(1.10336 0.00743742 1.25819e-21)
(1.1043 0.00742496 1.30648e-23)
(1.09587 0.00251347 -2.62439e-21)
(1.09679 0.0025072 5.43937e-22)
(1.09772 0.00250102 -1.54957e-22)
(1.09865 0.00249493 2.25054e-21)
(1.09957 0.00248897 -7.29306e-22)
(1.1005 0.00248314 2.36638e-22)
(1.10143 0.00247747 -5.21658e-22)
(1.10237 0.00247197 1.89156e-21)
(1.1033 0.00246666 -4.17567e-21)
(1.10423 0.00246153 3.5294e-21)
)
;

boundaryField
{
    inlet
    {
        type            uniformFixedValue;
        uniformValue    constant (1 0 0);
        value           nonuniform 0();
    }
    outlet
    {
        type            pressureInletOutletVelocity;
        value           nonuniform 0();
    }
    cylinder
    {
        type            fixedValue;
        value           uniform (0 0 0);
    }
    top
    {
        type            symmetryPlane;
    }
    bottom
    {
        type            symmetryPlane;
    }
    defaultFaces
    {
        type            empty;
    }
    procBoundary20to4
    {
        type            processor;
        value           nonuniform List<vector> 3((0.0232047 -0.00842305 -3.15945e-22) (0.0232047 -0.00842305 -3.15945e-22) (0.00411586 -0.0106472 -6.0116e-21));
    }
    procBoundary20to19
    {
        type            processor;
        value           nonuniform List<vector> 
130
(
(1.02759 0.376809 1.32273e-20)
(1.04215 0.358457 -5.11456e-22)
(1.02759 0.376809 1.32273e-20)
(1.01526 0.392717 -4.0444e-21)
(1.01526 0.392717 -4.0444e-21)
(1.00142 0.410815 -5.92158e-21)
(1.00142 0.410815 -5.92158e-21)
(0.987106 0.430685 -1.04829e-20)
(0.987106 0.430685 -1.04829e-20)
(0.974886 0.429547 2.37397e-20)
(0.95953 0.450369 -1.10779e-20)
(0.95953 0.450369 -1.10779e-20)
(0.94311 0.472332 1.00951e-20)
(0.94311 0.472332 1.00951e-20)
(0.929354 0.470199 -9.99166e-21)
(0.910602 0.492931 4.01994e-20)
(0.910602 0.492931 4.01994e-20)
(0.89592 0.489905 -5.56328e-20)
(0.874489 0.513269 3.68586e-20)
(0.874489 0.513269 3.68586e-20)
(0.851041 0.537647 3.25582e-20)
(0.851041 0.537647 3.25582e-20)
(0.834439 0.53299 -5.69725e-20)
(0.807636 0.557547 -9.60148e-21)
(0.807636 0.557547 -9.60148e-21)
(0.790081 0.551584 -5.89266e-20)
(0.772617 0.544975 -3.1927e-22)
(0.740956 0.568275 -2.70829e-20)
(0.740956 0.568275 -2.70829e-20)
(0.722653 0.560151 9.12453e-20)
(0.686454 0.581804 1.30305e-19)
(0.686454 0.581804 1.30305e-19)
(0.667429 0.572029 -8.41743e-20)
(0.625771 0.590109 1.0366e-20)
(0.625771 0.590109 1.0366e-20)
(0.606219 0.578596 -6.12691e-20)
(0.586972 0.566289 -2.98567e-20)
(0.538164 0.576684 8.21939e-20)
(0.538164 0.576684 8.21939e-20)
(0.518762 0.562601 -7.41586e-20)
(0.499768 0.547699 1.17661e-19)
(0.443388 0.546006 2.37392e-19)
(0.443388 0.546006 2.37392e-19)
(0.424765 0.529474 -1.72688e-19)
(0.406652 0.512118 -1.89191e-19)
(0.389089 0.493964 1.48755e-19)
(0.326193 0.47459 2.1193e-19)
(0.326193 0.47459 2.1193e-19)
(0.309753 0.45528 -9.17281e-20)
(0.293952 0.435208 -1.30314e-19)
(0.278826 0.414406 -7.89311e-20)
(0.264408 0.392908 -7.49708e-20)
(0.20019 0.353562 1.52176e-19)
(0.20019 0.353562 1.52176e-19)
(0.187769 0.332055 -1.3822e-19)
(0.176106 0.309945 -6.67955e-20)
(0.165229 0.287271 1.36281e-19)
(0.155164 0.264075 -9.52633e-21)
(0.145936 0.240399 3.86162e-20)
(0.137566 0.216285 1.44485e-20)
(0.130076 0.191777 -4.59852e-20)
(0.123482 0.166919 1.0898e-20)
(0.0724863 0.12444 -1.62893e-20)
(0.0724863 0.12444 -1.62893e-20)
(0.0682539 0.102153 -5.05718e-21)
(0.0648545 0.0796629 1.98102e-20)
(0.0622971 0.0570152 -2.68922e-20)
(0.0605884 0.0342544 -6.09628e-21)
(0.059733 0.0114257 4.08273e-21)
(1.04215 0.358457 -5.11456e-22)
(1.04597 0.347989 3.72493e-23)
(1.05056 0.338615 -6.34112e-22)
(1.05533 0.329457 -5.43327e-23)
(1.05983 0.320566 8.96137e-22)
(1.06403 0.311838 -1.85997e-21)
(1.06795 0.303264 1.73394e-21)
(1.0716 0.294849 -2.7792e-21)
(1.075 0.286598 3.65743e-21)
(1.07818 0.278515 -1.5679e-21)
(1.08114 0.270599 -4.80597e-22)
(1.08391 0.26285 -3.54305e-22)
(1.08649 0.255266 -9.34222e-22)
(1.0889 0.247843 5.04952e-21)
(1.09112 0.240577 -1.36736e-21)
(1.09318 0.233464 -5.66883e-22)
(1.09508 0.226499 -4.96729e-21)
(1.09682 0.219677 7.29329e-21)
(1.0984 0.212992 -3.43197e-21)
(1.09985 0.20644 -4.17579e-21)
(1.10115 0.200017 7.58477e-21)
(1.10231 0.193716 2.1689e-21)
(1.10335 0.187534 -8.5819e-22)
(1.10426 0.181465 -5.38268e-21)
(1.10506 0.175506 3.92222e-21)
(1.10573 0.169651 -5.7966e-21)
(1.1063 0.163897 3.6211e-21)
(1.10677 0.158239 -2.62546e-22)
(1.10713 0.152672 9.46692e-22)
(1.1074 0.147193 -2.18528e-22)
(1.10757 0.141797 1.8592e-21)
(1.10757 0.141797 1.8592e-21)
(1.10587 0.136809 -2.02952e-22)
(1.10595 0.131551 -6.35181e-22)
(1.10595 0.126365 9.31554e-23)
(1.10586 0.121246 9.04229e-22)
(1.10571 0.116192 -1.94662e-21)
(1.10548 0.111198 1.05927e-21)
(1.10519 0.106261 1.86336e-21)
(1.10484 0.101376 -4.76344e-21)
(1.10443 0.0965403 2.24365e-21)
(1.10398 0.0917495 -2.35184e-22)
(1.10349 0.0869996 1.24404e-21)
(1.10295 0.0822866 1.33759e-21)
(1.10239 0.0776063 -3.03953e-22)
(1.1018 0.0729541 1.95982e-21)
(1.10119 0.0683257 -2.89162e-21)
(1.10057 0.0637161 1.26284e-21)
(1.09995 0.0591203 -3.31557e-21)
(1.09933 0.0545327 7.60987e-22)
(1.09872 0.0499477 -1.12862e-21)
(1.09812 0.0453589 6.48793e-22)
(1.09756 0.0407595 4.57836e-22)
(1.09702 0.0361423 -2.04701e-22)
(1.09653 0.031499 -1.13803e-21)
(1.09609 0.026821 5.98842e-22)
(1.09571 0.0220981 1.37041e-21)
(1.09539 0.017321 -2.04208e-22)
(1.09516 0.012474 1.15435e-21)
(1.095 0.00755289 8.86428e-22)
(1.09494 0.00251979 8.13396e-23)
)
;
    }
    procBoundary20to21
    {
        type            processor;
        value           nonuniform List<vector> 
103
(
(1.14363 0.376451 2.45445e-20)
(1.13905 0.362636 -3.97406e-20)
(1.13905 0.362636 -3.97406e-20)
(1.13875 0.394962 5.7418e-20)
(1.13875 0.394962 5.7418e-20)
(1.13345 0.414819 -7.62648e-21)
(1.13345 0.414819 -7.62648e-21)
(1.13367 0.455102 8.03731e-20)
(1.12801 0.43601 -3.56422e-20)
(1.12801 0.43601 -3.56422e-20)
(1.12856 0.479155 -4.41608e-21)
(1.12856 0.479155 -4.41608e-21)
(1.12289 0.504705 9.40944e-20)
(1.12289 0.504705 9.40944e-20)
(1.11613 0.531579 -1.59176e-20)
(1.11613 0.531579 -1.59176e-20)
(1.1075 0.559335 7.72462e-20)
(1.1075 0.559335 7.72462e-20)
(1.09567 0.587035 -9.77898e-20)
(1.09567 0.587035 -9.77898e-20)
(1.07853 0.61295 -9.57379e-21)
(1.07853 0.61295 -9.57379e-21)
(1.05284 0.634198 7.71299e-20)
(1.05284 0.634198 7.71299e-20)
(1.01405 0.646418 3.22337e-20)
(0.998123 0.653641 -1.33718e-19)
(0.998123 0.653641 -1.33718e-19)
(0.941056 0.65177 -1.04052e-19)
(0.941056 0.65177 -1.04052e-19)
(0.858775 0.627258 9.09915e-20)
(0.858775 0.627258 9.09915e-20)
(0.74418 0.571357 1.24436e-19)
(0.74418 0.571357 1.24436e-19)
(0.590814 0.475158 1.42512e-20)
(0.580604 0.483118 3.3213e-20)
(0.580604 0.483118 3.3213e-20)
(0.386963 0.336902 -4.41914e-20)
(0.386963 0.336902 -4.41914e-20)
(0.147967 0.134023 1.9156e-20)
(0.145166 0.13656 -3.09412e-20)
(0.145166 0.13656 -3.09412e-20)
(1.14498 0.34493 -2.24419e-20)
(1.14315 0.334612 -6.98811e-21)
(1.14197 0.324882 3.66383e-21)
(1.14136 0.31555 1.0078e-20)
(1.14103 0.306655 -5.64138e-21)
(1.14082 0.298087 -1.53806e-20)
(1.14065 0.289783 1.28203e-21)
(1.14047 0.281708 3.82765e-21)
(1.14028 0.27384 7.02255e-21)
(1.14008 0.266171 -8.03461e-22)
(1.13985 0.258691 3.17274e-21)
(1.13962 0.251392 -6.38734e-21)
(1.13937 0.244264 6.95707e-21)
(1.1391 0.237298 -3.83541e-21)
(1.13881 0.230487 -7.27833e-22)
(1.13491 0.224774 -1.1135e-20)
(1.13491 0.224774 -1.1135e-20)
(1.13473 0.218196 5.54599e-21)
(1.13452 0.211753 -3.29395e-22)
(1.13428 0.205441 3.71846e-21)
(1.13399 0.199251 -2.6175e-21)
(1.13367 0.193179 -6.71557e-22)
(1.1333 0.18722 -6.84291e-21)
(1.1329 0.181367 2.66129e-21)
(1.13245 0.175617 1.8543e-21)
(1.13197 0.169964 3.61402e-21)
(1.13144 0.164402 -3.09538e-21)
(1.13088 0.158929 3.00116e-21)
(1.13028 0.153541 1.81166e-21)
(1.12964 0.148232 -2.53379e-21)
(1.12896 0.143 4.81632e-22)
(1.12825 0.13784 1.85102e-21)
(1.1275 0.132749 -5.60216e-21)
(1.12672 0.127724 3.47747e-21)
(1.12591 0.122759 1.69057e-21)
(1.12507 0.117853 2.46757e-21)
(1.1242 0.113001 -2.47605e-21)
(1.12331 0.108201 -1.75903e-21)
(1.12239 0.103449 -4.84408e-21)
(1.12146 0.0987417 4.23222e-21)
(1.12051 0.0940758 -2.17492e-21)
(1.11955 0.0894476 2.10856e-21)
(1.11858 0.0848536 1.0138e-21)
(1.1176 0.08029 -2.28011e-21)
(1.11663 0.0757528 9.65685e-22)
(1.11566 0.0712382 -7.0128e-23)
(1.1147 0.0667421 1.57668e-22)
(1.11376 0.06226 4.75947e-22)
(1.11284 0.0577872 -1.50789e-21)
(1.11195 0.0533186 -5.41476e-22)
(1.11109 0.0488488 6.68804e-22)
(1.11028 0.0443719 -1.1055e-21)
(1.10951 0.0398815 -8.80802e-23)
(1.1088 0.0353708 -1.10382e-21)
(1.10815 0.0308317 -4.57105e-22)
(1.10661 0.0263025 -3.87939e-22)
(1.10661 0.0263025 -3.87939e-22)
(1.10613 0.0216723 3.04198e-21)
(1.10573 0.0169898 -4.49907e-22)
(1.10544 0.0122318 -2.53452e-21)
(1.10524 0.0074126 -1.23529e-22)
(1.10517 0.00245661 3.7993e-21)
)
;
    }
}


// ************************************************************************* //
