/*--------------------------------*- C++ -*----------------------------------*\
  =========                 |
  \\      /  F ield         | OpenFOAM: The Open Source CFD Toolbox
   \\    /   O peration     | Website:  https://openfoam.org
    \\  /    A nd           | Version:  7
     \\/     M anipulation  |
\*---------------------------------------------------------------------------*/
FoamFile
{
    version     2.0;
    format      ascii;
    class       volVectorField;
    location    "33";
    object      U;
}
// * * * * * * * * * * * * * * * * * * * * * * * * * * * * * * * * * * * * * //

dimensions      [0 1 -1 0 0 0 0];

internalField   nonuniform List<vector> 
1062
(
(0.999987 1.86781e-05 1.37027e-22)
(0.999252 5.6244e-05 -1.73385e-22)
(0.997809 9.43879e-05 3.51531e-22)
(0.995762 0.000134032 -3.94093e-22)
(0.999986 -0.00147618 8.07047e-22)
(0.999317 -0.0044032 7.31997e-22)
(0.998031 -0.00736593 3.4096e-22)
(0.99621 -0.0104287 -7.64607e-22)
(0.993886 -0.0136744 -1.58632e-21)
(0.991091 -0.017165 -1.22668e-21)
(0.987851 -0.0209643 2.17057e-21)
(0.984183 -0.0251332 -2.65883e-21)
(0.980112 -0.0297342 6.8621e-22)
(0.975653 -0.0348311 -2.47175e-21)
(0.999985 -0.00144012 -2.05073e-22)
(0.99931 -0.00429638 4.18585e-22)
(0.99801 -0.00718814 4.36595e-22)
(0.996171 -0.0101784 2.41709e-21)
(0.993822 -0.0133474 -5.10302e-22)
(0.990996 -0.0167553 -2.39701e-21)
(0.987717 -0.0204641 4.32179e-21)
(0.984002 -0.0245332 -2.36872e-21)
(0.979873 -0.0290234 -7.15433e-22)
(0.975343 -0.0339973 -1.57235e-21)
(0.970441 -0.0395179 9.15501e-21)
(0.999984 -0.00140334 1.22291e-21)
(0.999304 -0.00418596 -5.15897e-22)
(0.997993 -0.00700466 1.18915e-21)
(0.996138 -0.00991896 -1.16216e-21)
(0.993767 -0.0130071 -2.71568e-21)
(0.990913 -0.0163275 3.46961e-21)
(0.9876 -0.0199405 6.85314e-22)
(0.983842 -0.0239037 -5.76719e-22)
(0.979662 -0.0282764 -3.24261e-21)
(0.975069 -0.0331197 -1.71527e-21)
(0.970091 -0.038495 -2.90465e-21)
(0.999983 -0.00136666 -1.2599e-21)
(0.999299 -0.0040736 1.23776e-21)
(0.997978 -0.00682278 3.21578e-21)
(0.996108 -0.00966256 -1.99447e-22)
(0.993718 -0.0126718 4.11234e-21)
(0.990839 -0.0159073 -1.74428e-22)
(0.987495 -0.0194276 -1.87733e-21)
(0.983699 -0.0232888 3.73171e-21)
(0.979472 -0.0275487 -9.73761e-22)
(0.974823 -0.0322669 1.75108e-21)
(0.969777 -0.0375033 -9.42683e-22)
(0.999983 -0.00132987 -1.65267e-21)
(0.999294 -0.00396447 -2.02993e-21)
(0.997964 -0.00664109 -9.40092e-21)
(0.996082 -0.00940645 -4.87129e-21)
(0.993674 -0.0123371 -3.25687e-21)
(0.990773 -0.0154881 -1.26529e-21)
(0.987401 -0.0189163 -1.78433e-21)
(0.98357 -0.0226762 -4.87983e-22)
(0.9793 -0.0268241 -1.44593e-21)
(0.974599 -0.0314181 3.93852e-21)
(0.96949 -0.0365166 -6.67197e-22)
(0.999982 -0.00129292 3.33444e-21)
(0.99929 -0.00385823 1.94412e-21)
(0.997952 -0.0064577 3.59497e-21)
(0.996058 -0.00914903 5.4105e-21)
(0.993634 -0.0120006 6.24989e-22)
(0.990712 -0.0150666 8.26286e-21)
(0.987314 -0.018402 -5.539e-21)
(0.983452 -0.0220598 4.7872e-21)
(0.979142 -0.0260948 -4.85073e-21)
(0.974394 -0.0305637 1.3221e-21)
(0.969227 -0.0355231 1.0443e-20)
(0.999981 -0.00125589 -9.6294e-22)
(0.999287 -0.00374905 2.53329e-21)
(0.997941 -0.00627129 2.8929e-21)
(0.996036 -0.00889065 7.74915e-22)
(0.993598 -0.0116625 6.97069e-21)
(0.990656 -0.014643 -6.96506e-21)
(0.987234 -0.0178851 -1.16295e-21)
(0.983342 -0.0214402 4.69103e-21)
(0.978997 -0.0253617 2.28902e-21)
(0.974204 -0.0297048 1.15172e-21)
(0.968983 -0.0345244 3.90258e-21)
(0.999981 -0.00121876 2.68384e-21)
(0.999284 -0.00363872 -5.49766e-21)
(0.997931 -0.0060878 -3.306e-21)
(0.996016 -0.00863193 -1.65328e-21)
(0.993563 -0.0113232 -4.45598e-21)
(0.990605 -0.0142178 -2.0041e-21)
(0.98716 -0.0173662 6.04538e-21)
(0.983241 -0.0208183 -6.13642e-21)
(0.978861 -0.0246259 -5.042e-22)
(0.974027 -0.0288429 -1.21223e-20)
(0.968755 -0.0335224 5.76365e-21)
(0.999981 -0.00118153 -4.8741e-21)
(0.999281 -0.00352823 5.92229e-21)
(0.997921 -0.00590715 -7.41961e-23)
(0.995997 -0.00836902 6.21949e-21)
(0.993532 -0.0109826 1.43175e-21)
(0.990556 -0.0137912 8.41278e-21)
(0.987091 -0.0168457 -1.21813e-20)
(0.983145 -0.0201945 -4.99473e-22)
(0.978734 -0.0238878 7.27976e-21)
(0.973861 -0.0279783 2.32779e-21)
(0.968542 -0.0325174 -3.54087e-21)
(0.99998 -0.00114422 4.53549e-21)
(0.999278 -0.00341769 2.58234e-21)
(0.997912 -0.00572381 3.55118e-21)
(0.995979 -0.00809271 -1.86991e-21)
(0.993502 -0.0106404 -8.14231e-21)
(0.990511 -0.0133633 -2.52612e-21)
(0.987026 -0.0163236 4.06778e-21)
(0.983056 -0.0195687 -3.92767e-21)
(0.978614 -0.0231476 2.05532e-21)
(0.973704 -0.0271113 8.20724e-23)
(0.96834 -0.0315096 3.68251e-21)
(0.99998 -0.00110685 3.06068e-22)
(0.999275 -0.00330697 -1.20394e-20)
(0.997906 -0.00553887 8.7636e-22)
(0.995963 -0.00783145 -7.15745e-21)
(0.993472 -0.0102977 -1.39353e-21)
(0.990468 -0.0129341 -5.68788e-21)
(0.986965 -0.0157999 7.46347e-21)
(0.982972 -0.0189411 1.49914e-21)
(0.978501 -0.0224052 1.72281e-22)
(0.973556 -0.0262418 2.60795e-21)
(0.968149 -0.030499 4.39346e-22)
(0.99998 -0.00106941 -9.16748e-21)
(0.999273 -0.00319609 5.44715e-21)
(0.997898 -0.00535351 -7.3178e-21)
(0.995947 -0.00758544 1.12462e-20)
(0.993445 -0.00995357 6.47297e-21)
(0.990427 -0.0125037 5.87525e-21)
(0.986906 -0.0152749 -1.34175e-21)
(0.982892 -0.0183119 -4.10083e-21)
(0.978394 -0.021661 1.21434e-21)
(0.973416 -0.0253702 -5.03276e-21)
(0.967967 -0.029486 1.59693e-21)
(0.99998 -0.00103192 3.22158e-21)
(0.999271 -0.00308505 -3.57936e-21)
(0.997891 -0.0051681 4.37117e-21)
(0.995932 -0.00732626 -7.21348e-21)
(0.99342 -0.00960492 3.59109e-21)
(0.990388 -0.012072 -3.77525e-21)
(0.986851 -0.0147486 1.67932e-21)
(0.982816 -0.0176812 -1.81731e-21)
(0.978292 -0.020915 -9.97047e-21)
(0.973282 -0.0244966 9.39779e-21)
(0.967794 -0.0284707 1.07743e-20)
(0.99998 -0.00099439 -5.51147e-23)
(0.999269 -0.00297386 -5.27401e-21)
(0.997884 -0.00498233 7.05524e-21)
(0.995919 -0.00706316 2.04991e-22)
(0.993396 -0.00925193 6.02255e-22)
(0.990351 -0.0116389 1.56396e-21)
(0.986799 -0.014221 4.01702e-21)
(0.982743 -0.017049 7.04541e-21)
(0.978195 -0.0201673 7.64544e-21)
(0.973155 -0.023621 -5.63069e-22)
(0.967629 -0.0274531 -4.96255e-21)
(0.99998 -0.000956827 1.52483e-22)
(0.999267 -0.00286252 3.34166e-21)
(0.997877 -0.00479621 -6.8519e-21)
(0.995907 -0.00679981 1.54886e-21)
(0.993374 -0.00890935 -2.6967e-21)
(0.990315 -0.011205 -3.03304e-21)
(0.986749 -0.0136922 4.30348e-21)
(0.982674 -0.0164154 -1.81662e-21)
(0.978103 -0.019418 -4.31976e-21)
(0.973033 -0.0227436 1.07044e-21)
(0.967472 -0.0264335 -5.84508e-21)
(0.99998 -0.000919238 5.07717e-21)
(0.999265 -0.00275105 6.75893e-21)
(0.997871 -0.00460986 8.15778e-23)
(0.995895 -0.00653627 -1.26415e-20)
(0.993352 -0.00857353 5.06895e-21)
(0.990282 -0.0107701 -2.179e-22)
(0.986701 -0.0131624 -3.706e-21)
(0.982609 -0.0157806 -1.41593e-21)
(0.978015 -0.0186672 -6.99739e-21)
(0.972917 -0.0218645 9.72279e-21)
(0.967322 -0.0254119 -1.53354e-20)
(0.99998 -0.00088163 -2.82688e-21)
(0.999263 -0.00263945 -1.56406e-21)
(0.997865 -0.00442328 -4.92708e-21)
(0.995883 -0.00627233 9.70532e-21)
(0.993332 -0.00823034 -4.67329e-21)
(0.99025 -0.0103313 -2.41309e-21)
(0.986656 -0.0126314 -2.75507e-21)
(0.982547 -0.0151445 -7.0215e-21)
(0.977931 -0.0179149 6.21627e-21)
(0.972807 -0.0209837 -5.60024e-22)
(0.967179 -0.0243885 1.14717e-21)
(0.999981 -0.00084401 8.76463e-21)
(0.999262 -0.00252775 -1.20779e-20)
(0.99786 -0.00423649 1.56273e-20)
(0.995872 -0.00600791 -1.16651e-20)
(0.993314 -0.00788454 6.02852e-21)
(0.990221 -0.00988247 -3.89662e-22)
(0.986612 -0.0120988 -5.11976e-21)
(0.982487 -0.0145073 5.01458e-21)
(0.977851 -0.0171614 -1.44772e-21)
(0.972702 -0.0201014 5.81409e-21)
(0.967043 -0.0233632 -1.67222e-21)
(0.999981 -0.000806382 -1.06618e-20)
(0.999261 -0.00241594 7.60635e-21)
(0.997855 -0.00404947 -1.52015e-20)
(0.995862 -0.0057431 4.86447e-21)
(0.993298 -0.00753783 -8.48911e-21)
(0.990193 -0.00944427 9.037e-21)
(0.986569 -0.0115656 4.89279e-21)
(0.982431 -0.013869 -3.91093e-21)
(0.977775 -0.0164066 3.59278e-21)
(0.972602 -0.0192176 3.69234e-21)
(0.966913 -0.0223363 -4.1715e-21)
(0.999981 -0.000768753 -1.50898e-22)
(0.99926 -0.00230404 3.11997e-21)
(0.99785 -0.00386225 1.28253e-20)
(0.995852 -0.005478 -3.78206e-21)
(0.993282 -0.00719046 4.06368e-21)
(0.990166 -0.00902086 -4.03841e-21)
(0.98653 -0.0110316 3.18761e-21)
(0.982377 -0.0132297 -1.44547e-21)
(0.977703 -0.0156506 -1.38251e-21)
(0.972506 -0.0183325 -1.0286e-20)
(0.966789 -0.0213078 2.5092e-21)
(0.999982 -0.000731125 5.72033e-21)
(0.999259 -0.00219206 -1.65169e-21)
(0.997846 -0.00367484 -9.93535e-21)
(0.995842 -0.00521263 8.53318e-21)
(0.993266 -0.0068426 -6.88177e-22)
(0.990142 -0.00859057 6.80457e-21)
(0.986493 -0.0104962 -7.02967e-21)
(0.982327 -0.0125894 -4.13793e-21)
(0.977635 -0.0148934 5.82507e-21)
(0.972416 -0.017446 4.0577e-21)
(0.966671 -0.0202778 7.04754e-21)
(0.999982 -0.000693504 3.54306e-21)
(0.999258 -0.00208 8.53129e-21)
(0.997842 -0.00348727 4.43591e-21)
(0.995834 -0.00494698 3.51636e-22)
(0.993251 -0.00649416 -3.51199e-21)
(0.990118 -0.00815537 -8.68491e-21)
(0.986459 -0.00995949 5.74086e-21)
(0.982278 -0.0119483 9.05058e-21)
(0.97757 -0.0141353 -5.17377e-21)
(0.97233 -0.0165583 5.93769e-21)
(0.96656 -0.0192463 8.58262e-22)
(0.960242 -0.0222387 8.04968e-21)
(0.999982 -0.000655892 -5.91914e-21)
(0.999257 -0.00196788 -9.75172e-21)
(0.997838 -0.00329953 3.00602e-21)
(0.995826 -0.00468106 5.82928e-21)
(0.993237 -0.00614519 4.17342e-21)
(0.990097 -0.00771863 -4.6073e-22)
(0.986427 -0.00942066 -3.11161e-21)
(0.982233 -0.0113062 -9.52077e-21)
(0.977509 -0.0133761 -5.50668e-21)
(0.97225 -0.0156694 6.93551e-21)
(0.966455 -0.0182134 -1.53848e-20)
(0.960107 -0.0210457 9.00189e-21)
(0.999983 -0.000618291 8.06356e-21)
(0.999256 -0.00185569 7.67364e-22)
(0.997834 -0.00311165 -1.53583e-20)
(0.995818 -0.00441488 -4.09397e-21)
(0.993224 -0.00579582 -8.11886e-21)
(0.990077 -0.00728111 -5.66184e-21)
(0.986396 -0.00887574 2.89272e-21)
(0.98219 -0.0106631 5.40895e-21)
(0.977451 -0.012616 7.25449e-21)
(0.972173 -0.0147795 -9.78281e-21)
(0.966355 -0.0171793 8.05742e-23)
(0.959979 -0.0198512 1.17814e-21)
(0.999983 -0.000580703 -3.17206e-21)
(0.999255 -0.00174345 -3.49781e-21)
(0.997831 -0.00292364 1.24827e-20)
(0.995811 -0.00414846 -1.72581e-21)
(0.993211 -0.00544613 2.68357e-21)
(0.990059 -0.00684277 1.21286e-20)
(0.986368 -0.00833333 6.04544e-21)
(0.982148 -0.0100193 -8.05253e-21)
(0.977397 -0.0118551 8.75457e-21)
(0.972102 -0.0138885 2.31561e-21)
(0.966262 -0.016144 -7.42278e-22)
(0.959859 -0.0186553 -1.15058e-20)
(0.999984 -0.000543132 -8.33955e-21)
(0.999255 -0.00163116 3.51921e-21)
(0.997828 -0.00273552 1.56612e-22)
(0.995805 -0.00388181 -2.03722e-21)
(0.9932 -0.00509618 3.79082e-21)
(0.990043 -0.0064036 -5.01315e-21)
(0.986342 -0.00780458 -4.78985e-21)
(0.98211 -0.00937527 2.03924e-21)
(0.977347 -0.0110935 -1.13441e-20)
(0.972035 -0.0129966 -2.74471e-21)
(0.966175 -0.0151076 2.39043e-23)
(0.959747 -0.017458 1.33939e-20)
(0.999984 -0.000505576 1.50588e-21)
(0.999254 -0.00151883 1.5775e-21)
(0.997826 -0.00254728 1.32864e-21)
(0.995799 -0.00361495 -7.90311e-22)
(0.993189 -0.00474598 2.57092e-21)
(0.990027 -0.00596392 3.23547e-21)
(0.986318 -0.0072773 -1.61348e-21)
(0.982075 -0.00873058 6.28331e-21)
(0.977299 -0.0103312 -2.58988e-21)
(0.971972 -0.0121039 -2.1106e-21)
(0.966093 -0.0140701 3.5737e-22)
(0.959642 -0.0162595 -5.05949e-21)
(0.999984 -0.000468038 4.72773e-21)
(0.999254 -0.00140646 2.65321e-21)
(0.997823 -0.00235895 -6.60821e-21)
(0.995793 -0.0033479 6.01909e-21)
(0.993179 -0.00439553 1.16897e-21)
(0.990012 -0.0055238 -1.0341e-22)
(0.986296 -0.00674318 4.41105e-21)
(0.982043 -0.00808513 -2.92406e-21)
(0.977256 -0.00956829 6.10499e-21)
(0.971915 -0.0112103 -5.22076e-21)
(0.966018 -0.0130316 2.14734e-21)
(0.959545 -0.0150597 1.61405e-21)
(0.999985 -0.000430517 -1.85133e-21)
(0.999253 -0.00129405 -4.40955e-21)
(0.997821 -0.00217054 -1.31965e-21)
(0.995788 -0.00308067 1.96006e-21)
(0.99317 -0.00404484 4.27964e-21)
(0.989998 -0.00508319 -8.47559e-21)
(0.986275 -0.00620694 -2.11596e-21)
(0.982013 -0.0074392 1.91422e-21)
(0.977215 -0.00880478 -7.95666e-22)
(0.971861 -0.010316 5.69059e-21)
(0.965948 -0.0119923 1.75831e-21)
(0.959455 -0.0138589 7.93902e-21)
(0.999985 -0.000393013 1.49241e-21)
(0.999253 -0.00118161 5.04005e-22)
(0.997819 -0.00198204 1.3733e-21)
(0.995784 -0.00281329 -1.0468e-20)
(0.993162 -0.00369392 -9.81394e-21)
(0.989985 -0.00464218 7.32917e-21)
(0.986257 -0.00566973 -4.07051e-22)
(0.981987 -0.00679284 -1.50826e-21)
(0.977178 -0.00804073 6.42343e-21)
(0.971812 -0.00942106 -8.66419e-21)
(0.965884 -0.0109521 -5.40104e-21)
(0.959373 -0.0126571 -4.74135e-21)
(0.999986 -0.000355526 -3.64567e-21)
(0.999253 -0.00106915 2.04504e-21)
(0.997817 -0.00179348 3.55076e-21)
(0.99578 -0.00254576 7.91949e-21)
(0.993155 -0.00334278 -2.74318e-21)
(0.989974 -0.00420086 -6.44275e-21)
(0.98624 -0.00513167 2.76395e-21)
(0.981963 -0.00614607 -2.87886e-22)
(0.977145 -0.0072762 -4.15748e-21)
(0.971768 -0.0085255 3.41684e-21)
(0.965826 -0.00991124 -4.14702e-21)
(0.959298 -0.0114544 3.80429e-21)
(0.999986 -0.000318056 1.36856e-21)
(0.999252 -0.000956667 2.22612e-21)
(0.997815 -0.00160486 -3.30198e-21)
(0.995776 -0.00227812 -7.36702e-21)
(0.993148 -0.00299144 6.4213e-21)
(0.989963 -0.00375928 3.22298e-21)
(0.986225 -0.00459293 2.81945e-22)
(0.981941 -0.00549898 -1.40213e-22)
(0.977115 -0.00651126 7.06473e-22)
(0.971728 -0.00762942 -1.18362e-21)
(0.965774 -0.00886969 1.86591e-21)
(0.959231 -0.0102509 6.38341e-21)
(0.999986 -0.0002806 -7.50906e-22)
(0.999252 -0.000844164 -3.66616e-21)
(0.997814 -0.00141618 2.84974e-21)
(0.995773 -0.00201036 4.657e-21)
(0.993142 -0.00263993 -1.3638e-21)
(0.989954 -0.00331747 -3.84941e-21)
(0.986212 -0.00405364 -1.63422e-21)
(0.981922 -0.00485166 1.82437e-21)
(0.977088 -0.00574595 2.19313e-21)
(0.971693 -0.00673287 4.85067e-22)
(0.965728 -0.00782754 -1.08768e-21)
(0.959171 -0.00904658 -8.94108e-22)
(0.999986 -0.000243159 -1.33613e-21)
(0.999252 -0.000731644 4.90349e-22)
(0.997813 -0.00122745 -2.92011e-21)
(0.99577 -0.0017425 4.51201e-22)
(0.993137 -0.00228826 3.36468e-21)
(0.989946 -0.00287547 3.40473e-21)
(0.986201 -0.00351393 2.55557e-21)
(0.981905 -0.0042042 -2.01469e-21)
(0.977064 -0.00498035 -3.55982e-21)
(0.971662 -0.00583591 1.17062e-21)
(0.965687 -0.00678488 -1.83405e-21)
(0.959119 -0.00784165 1.84486e-21)
(0.999987 -0.000205731 3.51695e-21)
(0.999252 -0.000619111 -6.2686e-22)
(0.997812 -0.00103869 5.20349e-23)
(0.995767 -0.00147457 -1.59654e-21)
(0.993133 -0.00193646 -1.65559e-21)
(0.989939 -0.00243332 -3.88693e-21)
(0.986191 -0.00297387 2.66512e-21)
(0.981891 -0.00355672 -1.7412e-22)
(0.977044 -0.00421449 -2.65739e-22)
(0.971635 -0.00493862 1.03758e-21)
(0.965652 -0.00574178 3.24306e-21)
(0.959074 -0.00663617 -2.84269e-21)
(0.999987 -0.000168313 -1.96962e-21)
(0.999252 -0.000506567 -2.79454e-22)
(0.997811 -0.000849889 -6.19319e-22)
(0.995766 -0.00120656 -8.26396e-22)
(0.993129 -0.00158454 -1.48296e-21)
(0.989933 -0.00199105 2.27122e-21)
(0.986183 -0.00243352 -4.36231e-21)
(0.981879 -0.00290933 1.9034e-21)
(0.977027 -0.00344844 5.19326e-23)
(0.971613 -0.00404104 -1.28701e-21)
(0.965623 -0.0046983 -2.30611e-21)
(0.959037 -0.00543021 1.24474e-21)
(0.999987 -0.000130904 -7.14224e-22)
(0.999252 -0.000394014 -5.85577e-22)
(0.99781 -0.000661064 2.22762e-21)
(0.995764 -0.000938503 2.31313e-21)
(0.993126 -0.00123253 1.77401e-21)
(0.989929 -0.00154868 2.03941e-21)
(0.986177 -0.00189296 1.17709e-21)
(0.98187 -0.00226215 -6.59891e-22)
(0.977013 -0.00268224 -2.06232e-21)
(0.971595 -0.00314324 -5.62553e-22)
(0.9656 -0.00365452 9.52836e-22)
(0.959007 -0.00422386 1.22626e-22)
(0.999987 -9.35029e-05 9.29704e-22)
(0.999252 -0.000281455 9.20093e-22)
(0.99781 -0.000472217 1.65349e-22)
(0.995763 -0.000670402 -7.60057e-22)
(0.993124 -0.00088044 -1.47585e-21)
(0.989925 -0.00110625 -2.2537e-21)
(0.986172 -0.00135223 5.60378e-22)
(0.981863 -0.00161532 1.02265e-21)
(0.977003 -0.00191593 1.31585e-21)
(0.971582 -0.00224526 5.27239e-22)
(0.965583 -0.0026105 -1.00469e-21)
(0.958984 -0.00301722 1.74238e-23)
(0.999987 -5.61068e-05 9.40621e-23)
(0.999252 -0.000168891 -3.24599e-22)
(0.997809 -0.000283356 -4.61198e-24)
(0.995762 -0.000402271 1.25134e-21)
(0.993123 -0.000528298 5.54794e-22)
(0.989923 -0.000663773 8.68821e-22)
(0.986169 -0.000811382 -5.25164e-22)
(0.981858 -0.000968906 -5.18314e-23)
(0.976996 -0.00114956 3.16547e-22)
(0.971573 -0.00134717 -3.21744e-22)
(0.965571 -0.00156632 -5.35673e-22)
(0.958969 -0.00181036 1.0467e-21)
(0.999987 -1.87138e-05 1.34657e-22)
(0.999252 -5.63237e-05 -1.59955e-22)
(0.997809 -9.44853e-05 3.38998e-22)
(0.995762 -0.000134122 -3.99895e-22)
(0.993122 -0.000176125 4.08393e-23)
(0.989922 -0.00022127 -1.43251e-22)
(0.986168 -0.000270464 -1.58546e-22)
(0.981856 -0.00032289 -5.48773e-22)
(0.976993 -0.000383151 -3.25924e-26)
(0.971569 -0.000449006 2.43777e-22)
(0.965566 -0.000522042 5.56681e-22)
(0.958962 -0.000603372 -2.20325e-22)
(1.00001 -7.37305e-05 0)
(1.00059 -0.000218878 0)
(1.00166 -0.000359423 0)
(1.00318 -0.000496172 0)
(1.00508 -0.000629825 0)
(1.00732 -0.000760814 0)
(1.00986 -0.000889185 0)
(1.01264 -0.00101478 0)
(1.01564 -0.00113725 0)
(1.01882 -0.00125624 0)
(1.00001 -0.000219541 0)
(1.00059 -0.000651349 0)
(1.00166 -0.00106929 0)
(1.00317 -0.00147609 0)
(1.00507 -0.00187379 0)
(1.00731 -0.00226362 0)
(1.00984 -0.00264572 0)
(1.01262 -0.00301963 0)
(1.01561 -0.00338435 0)
(1.01879 -0.00373877 0)
(1.00001 -0.000361688 0)
(1.00058 -0.00107258 0)
(1.00165 -0.00176046 0)
(1.00316 -0.00243029 0)
(1.00505 -0.00308544 0)
(1.00728 -0.00372786 0)
(1.0098 -0.00435775 0)
(1.01257 -0.00497442 0)
(1.01556 -0.00557619 0)
(1.01873 -0.00616127 0)
(1.00001 -0.000499694 0)
(1.00058 -0.00148159 0)
(1.00164 -0.00243175 0)
(1.00314 -0.0033574 0)
(1.00502 -0.00426328 0)
(1.00723 -0.00515201 0)
(1.00974 -0.00602392 0)
(1.0125 -0.00687805 0)
(1.01548 -0.00771212 0)
(1.01865 -0.00852362 0)
(1.00001 -0.000633362 0)
(1.00057 -0.00187786 0)
(1.00162 -0.00308238 0)
(1.00311 -0.00425644 0)
(1.00497 -0.00540617 0)
(1.00717 -0.00653494 0)
(1.00967 -0.00764319 0)
(1.01241 -0.00872973 0)
(1.01538 -0.00979166 0)
(1.01854 -0.0108258 0)
(1.00001 -0.00076254 0)
(1.00057 -0.00226093 0)
(1.00161 -0.00371163 0)
(1.00307 -0.0051265 0)
(1.00492 -0.00651312 0)
(1.0071 -0.00787562 0)
(1.00957 -0.00921459 0)
(1.0123 -0.0105287 0)
(1.01526 -0.0118143 0)
(1.0184 -0.0130676 0)
(1.00001 -0.000887088 0)
(1.00056 -0.00263039 0)
(1.00158 -0.00431886 0)
(1.00303 -0.00596676 0)
(1.00486 -0.00758317 0)
(1.00702 -0.00917307 0)
(1.00946 -0.0107372 0)
(1.01217 -0.012274 0)
(1.0151 -0.0137794 0)
(1.01823 -0.0152487 0)
(1.00001 -0.00100688 0)
(1.00055 -0.00298586 0)
(1.00156 -0.00490348 0)
(1.00299 -0.00677647 0)
(1.00479 -0.00861548 0)
(1.00692 -0.0104264 0)
(1.00934 -0.0122101 0)
(1.01202 -0.013965 0)
(1.01493 -0.0156863 0)
(1.01803 -0.0173688 0)
(1.00001 -0.00112181 0)
(1.00054 -0.00332703 0)
(1.00153 -0.00546499 0)
(1.00293 -0.00755497 0)
(1.0047 -0.00960925 0)
(1.0068 -0.0116346 0)
(1.00919 -0.0136324 0)
(1.01184 -0.0156007 0)
(1.01472 -0.0175343 0)
(1.0178 -0.0194272 0)
(1.00001 -0.00123178 0)
(1.00053 -0.00365361 0)
(1.0015 -0.00600292 0)
(1.00287 -0.00830164 0)
(1.00461 -0.0105638 0)
(1.00667 -0.0127971 0)
(1.00902 -0.0150032 0)
(1.01164 -0.0171804 0)
(1.01449 -0.0193226 0)
(1.01754 -0.0214232 0)
(1.00001 -0.0013367 0)
(1.00051 -0.00396534 0)
(1.00146 -0.00651687 0)
(1.00281 -0.00901594 0)
(1.00451 -0.0114783 0)
(1.00653 -0.0139129 0)
(1.00884 -0.0163218 0)
(1.01141 -0.018703 0)
(1.01422 -0.0210503 0)
(1.01725 -0.0233561 0)
(1.00001 -0.0014365 0)
(1.0005 -0.00426203 0)
(1.00142 -0.00700649 0)
(1.00273 -0.00969738 0)
(1.00439 -0.0123523 0)
(1.00637 -0.0149814 0)
(1.00863 -0.0175871 0)
(1.01116 -0.0201677 0)
(1.01393 -0.0227163 0)
(1.01692 -0.0252249 0)
(1.00001 -0.00153113 0)
(1.00048 -0.00454349 0)
(1.00138 -0.00747149 0)
(1.00265 -0.0103455 0)
(1.00427 -0.0131852 0)
(1.00619 -0.0160019 0)
(1.00841 -0.0187985 0)
(1.01089 -0.0215736 0)
(1.01361 -0.0243198 0)
(1.01655 -0.0270285 0)
(1.00001 -0.00162053 0)
(1.00047 -0.00480957 0)
(1.00133 -0.0079116 0)
(1.00256 -0.01096 0)
(1.00413 -0.0139765 0)
(1.006 -0.0169736 0)
(1.00816 -0.0199552 0)
(1.01058 -0.0229197 0)
(1.01325 -0.0258598 0)
(1.01615 -0.0287659 0)
(1.00001 -0.00170469 0)
(1.00045 -0.00506019 0)
(1.00128 -0.00832666 0)
(1.00247 -0.0115406 0)
(1.00398 -0.0147257 0)
(1.0058 -0.0178962 0)
(1.0079 -0.0210564 0)
(1.01026 -0.0242053 0)
(1.01287 -0.027335 0)
(1.0157 -0.0304358 0)
(1.00001 -0.00178357 0)
(1.00043 -0.00529526 0)
(1.00123 -0.00871651 0)
(1.00237 -0.012087 0)
(1.00383 -0.0154326 0)
(1.00558 -0.018769 0)
(1.00761 -0.0221014 0)
(1.0099 -0.0254293 0)
(1.01245 -0.0287446 0)
(1.01522 -0.0320371 0)
(1.00001 -0.00185717 0)
(1.00041 -0.00551476 0)
(1.00117 -0.0090811 0)
(1.00226 -0.0125991 0)
(1.00366 -0.0160968 0)
(1.00534 -0.0195916 0)
(1.0073 -0.0230897 0)
(1.00952 -0.0265911 0)
(1.01199 -0.0300876 0)
(1.0147 -0.0335685 0)
(1.00001 -0.0019255 0)
(1.00039 -0.0057187 0)
(1.00111 -0.0094204 0)
(1.00215 -0.0130768 0)
(1.00348 -0.0167182 0)
(1.00509 -0.0203638 0)
(1.00697 -0.0240208 0)
(1.00912 -0.0276898 0)
(1.01151 -0.0313628 0)
(1.01414 -0.0350289 0)
(1.00001 -0.00198857 0)
(1.00037 -0.00590712 0)
(1.00105 -0.00973447 0)
(1.00203 -0.0135201 0)
(1.00329 -0.0172967 0)
(1.00483 -0.0210853 0)
(1.00663 -0.0248942 0)
(1.00868 -0.0287249 0)
(1.01099 -0.0325696 0)
(1.01354 -0.036417 0)
(1.00001 -0.00204643 0)
(1.00034 -0.00608013 0)
(1.00098 -0.0100234 0)
(1.00191 -0.0139291 0)
(1.0031 -0.0178324 0)
(1.00455 -0.021756 0)
(1.00626 -0.0257097 0)
(1.00822 -0.0296959 0)
(1.01044 -0.0337069 0)
(1.01291 -0.0377317 0)
(1.00001 -0.00209912 0)
(1.00032 -0.00623784 0)
(1.00091 -0.0102874 0)
(1.00178 -0.014304 0)
(1.00289 -0.0183252 0)
(1.00426 -0.0223758 0)
(1.00587 -0.026467 0)
(1.00774 -0.0306022 0)
(1.00986 -0.0347741 0)
(1.01223 -0.038972 0)
(1.00001 -0.00214671 0)
(1.00029 -0.00638043 0)
(1.00084 -0.0105267 0)
(1.00164 -0.014645 0)
(1.00268 -0.0187755 0)
(1.00395 -0.022945 0)
(1.00547 -0.0271661 0)
(1.00723 -0.0314435 0)
(1.00925 -0.0357707 0)
(1.01151 -0.040137 0)
(1.00001 -0.00218926 0)
(1.00027 -0.0065081 0)
(1.00077 -0.0107416 0)
(1.0015 -0.0149525 0)
(1.00245 -0.0191836 0)
(1.00363 -0.0234636 0)
(1.00505 -0.027807 0)
(1.0067 -0.0322198 0)
(1.0086 -0.036696 0)
(1.01076 -0.0412257 0)
(1 -0.00222686 0)
(1.00024 -0.0066211 0)
(1.00069 -0.0109325 0)
(1.00135 -0.015227 0)
(1.00222 -0.0195499 0)
(1.00331 -0.0239322 0)
(1.00461 -0.0283901 0)
(1.00615 -0.0329309 0)
(1.00793 -0.0375499 0)
(1.00997 -0.0422374 0)
(1 -0.00225962 0)
(1.00021 -0.0067197 0)
(1.00061 -0.0110997 0)
(1.0012 -0.0154689 0)
(1.00198 -0.0198749 0)
(1.00297 -0.0243511 0)
(1.00416 -0.0289155 0)
(1.00558 -0.0335771 0)
(1.00723 -0.038332 0)
(1.00914 -0.0431718 0)
(1 -0.00228765 0)
(1.00018 -0.00680422 0)
(1.00053 -0.0112439 0)
(1.00105 -0.0156788 0)
(1.00174 -0.0201593 0)
(1.00262 -0.024721 0)
(1.00369 -0.0293838 0)
(1.00498 -0.0341585 0)
(1.00651 -0.0390424 0)
(1.00828 -0.0440282 0)
(1 -0.00231105 0)
(1.00016 -0.00687501 0)
(1.00045 -0.0113654 0)
(1.00089 -0.0158574 0)
(1.00149 -0.0204039 0)
(1.00226 -0.0250426 0)
(1.00321 -0.0297956 0)
(1.00437 -0.0346756 0)
(1.00576 -0.0396813 0)
(1.00739 -0.0448065 0)
(1 -0.00232998 0)
(1.00013 -0.00693243 0)
(1.00037 -0.0114649 0)
(1.00073 -0.0160054 0)
(1.00124 -0.0206093 0)
(1.00189 -0.0253167 0)
(1.00272 -0.0301517 0)
(1.00374 -0.035129 0)
(1.00499 -0.040249 0)
(1.00647 -0.0455068 0)
(1 -0.00234455 0)
(1.0001 -0.0069769 0)
(1.00028 -0.011543 0)
(1.00057 -0.0161237 0)
(1.00098 -0.0207766 0)
(1.00152 -0.0255443 0)
(1.00222 -0.0304531 0)
(1.0031 -0.0355195 0)
(1.00419 -0.0407459 0)
(1.00552 -0.046129 0)
(1 -0.00235493 0)
(1.00007 -0.00700883 0)
(1.0002 -0.0116004 0)
(1.00041 -0.016213 0)
(1.00071 -0.0209068 0)
(1.00114 -0.0257264 0)
(1.00171 -0.0307006 0)
(1.00244 -0.0358479 0)
(1.00338 -0.0411728 0)
(1.00455 -0.0466737 0)
(1 -0.00236126 0)
(1.00004 -0.00702868 0)
(1.00011 -0.0116378 0)
(1.00024 -0.0162744 0)
(1.00045 -0.0210009 0)
(1.00075 -0.0258643 0)
(1.00119 -0.0308955 0)
(1.00178 -0.0361154 0)
(1.00256 -0.0415306 0)
(1.00356 -0.0471413 0)
(1 -0.00236371 0)
(1.00001 -0.00703691 0)
(1.00003 -0.011656 0)
(1.00007 -0.0163088 0)
(1.00018 -0.0210601 0)
(1.00036 -0.0259591 0)
(1.00066 -0.0310392 0)
(1.0011 -0.0363232 0)
(1.00171 -0.0418203 0)
(1.00254 -0.0475326 0)
(1 -0.00236244 0)
(0.999976 -0.007034 0)
(0.999938 -0.0116556 0)
(0.999907 -0.0163172 0)
(0.99991 -0.0210857 0)
(0.999973 -0.0260122 0)
(1.00013 -0.0311329 0)
(1.00041 -0.0364726 0)
(1.00086 -0.0420431 0)
(1.00151 -0.0478486 0)
(0.999999 -0.00235761 0)
(0.999946 -0.00702045 0)
(0.999851 -0.0116376 0)
(0.99974 -0.0163007 0)
(0.999639 -0.0210787 0)
(0.99958 -0.0260251 0)
(0.999595 -0.0311782 0)
(0.999721 -0.0365652 0)
(0.999997 -0.0422004 0)
(1.00046 -0.0480904 0)
(0.999999 -0.0023494 0)
(0.999916 -0.00699676 0)
(0.999765 -0.0116027 0)
(0.999572 -0.0162603 0)
(0.999369 -0.0210407 0)
(0.999186 -0.0259993 0)
(0.999059 -0.0311767 0)
(0.999025 -0.0366025 0)
(0.999125 -0.0422937 0)
(0.999399 -0.0482594 0)
(0.999998 -0.00233798 0)
(0.999886 -0.00696344 0)
(0.999678 -0.0115517 0)
(0.999405 -0.0161972 0)
(0.999099 -0.0209729 0)
(0.998792 -0.0259362 0)
(0.998522 -0.0311301 0)
(0.998326 -0.0365864 0)
(0.998249 -0.0423248 0)
(0.99833 -0.0483571 0)
(0.999997 -0.00232353 0)
(0.999856 -0.006921 0)
(0.999592 -0.0114855 0)
(0.999239 -0.0161124 0)
(0.99883 -0.0208768 0)
(0.998399 -0.0258375 0)
(0.997985 -0.0310401 0)
(0.997627 -0.0365186 0)
(0.997369 -0.0422955 0)
(0.997254 -0.0483853 0)
(0.999997 -0.00230622 0)
(0.999827 -0.00686997 0)
(0.999507 -0.0114049 0)
(0.999074 -0.0160072 0)
(0.998563 -0.0207536 0)
(0.998008 -0.0257049 0)
(0.99745 -0.0309086 0)
(0.996928 -0.036401 0)
(0.996488 -0.0422077 0)
(0.996174 -0.0483457 0)
(0.999996 -0.00228622 0)
(0.999798 -0.00681086 0)
(0.999423 -0.0113108 0)
(0.998911 -0.0158827 0)
(0.998298 -0.020605 0)
(0.99762 -0.02554 0)
(0.996918 -0.0307374 0)
(0.996232 -0.0362358 0)
(0.995608 -0.0420636 0)
(0.995093 -0.0482405 0)
(0.999996 -0.0022637 0)
(0.999769 -0.00674418 0)
(0.99934 -0.0112039 0)
(0.99875 -0.01574 0)
(0.998037 -0.0204322 0)
(0.997236 -0.0253445 0)
(0.996391 -0.0305284 0)
(0.99554 -0.036025 0)
(0.994732 -0.0418652 0)
(0.994013 -0.0480718 0)
(0.999995 -0.00223883 0)
(0.999741 -0.00667044 0)
(0.999258 -0.0110852 0)
(0.998591 -0.0155802 0)
(0.997779 -0.0202368 0)
(0.996857 -0.0251201 0)
(0.995868 -0.0302837 0)
(0.994853 -0.0357706 0)
(0.993861 -0.0416149 0)
(0.992937 -0.047842 0)
(0.999995 -0.00221179 0)
(0.999713 -0.00659014 0)
(0.999178 -0.0109554 0)
(0.998435 -0.0154046 0)
(0.997524 -0.0200201 0)
(0.996482 -0.0248685 0)
(0.995352 -0.0300052 0)
(0.994174 -0.035475 0)
(0.992997 -0.041315 0)
(0.991867 -0.0475534 0)
(0.999994 -0.00218272 0)
(0.999686 -0.00650376 0)
(0.999099 -0.0108153 0)
(0.998281 -0.0152141 0)
(0.997274 -0.0197837 0)
(0.996114 -0.0245915 0)
(0.994844 -0.0296947 0)
(0.993503 -0.0351404 0)
(0.992142 -0.0409679 0)
(0.990806 -0.0472085 0)
(0.999994 -0.0021518 0)
(0.99966 -0.00641179 0)
(0.999022 -0.0106658 0)
(0.998131 -0.0150099 0)
(0.997029 -0.0195288 0)
(0.995752 -0.0242907 0)
(0.994343 -0.0293545 0)
(0.992841 -0.0347689 0)
(0.991298 -0.0405761 0)
(0.989756 -0.04681 0)
(0.999993 -0.00211918 0)
(0.999634 -0.00631469 0)
(0.998946 -0.0105075 0)
(0.997984 -0.0147931 0)
(0.996789 -0.0192568 0)
(0.995397 -0.0239678 0)
(0.993852 -0.0289863 0)
(0.992191 -0.0343628 0)
(0.990466 -0.040142 0)
(0.988719 -0.0463605 0)
(0.999993 -0.00208501 0)
(0.999608 -0.00621291 0)
(0.998873 -0.0103414 0)
(0.99784 -0.0145647 0)
(0.996554 -0.0189692 0)
(0.995049 -0.0236246 0)
(0.99337 -0.0285922 0)
(0.991552 -0.0339244 0)
(0.989647 -0.0396681 0)
(0.987696 -0.0458628 0)
(0.999993 -0.00204942 0)
(0.999584 -0.0061069 0)
(0.998801 -0.0101679 0)
(0.9977 -0.0143258 0)
(0.996325 -0.0186672 0)
(0.99471 -0.0232625 0)
(0.992899 -0.028174 0)
(0.990926 -0.0334558 0)
(0.988844 -0.039157 0)
(0.986691 -0.0453196 0)
(0.999992 -0.00201257 0)
(0.99956 -0.00599708 0)
(0.998731 -0.00998802 0)
(0.997564 -0.0140773 0)
(0.996102 -0.0183522 0)
(0.994379 -0.0228832 0)
(0.992439 -0.0277338 0)
(0.990314 -0.0329594 0)
(0.988057 -0.0386111 0)
(0.985703 -0.0447338 0)
(0.999992 -0.00197459 0)
(0.999537 -0.00588384 0)
(0.998663 -0.00980224 0)
(0.997432 -0.0138201 0)
(0.995885 -0.0180253 0)
(0.994056 -0.0224882 0)
(0.99199 -0.0272733 0)
(0.989717 -0.0324373 0)
(0.987287 -0.0380331 0)
(0.984737 -0.0441081 0)
(0.999991 -0.00193561 0)
(0.999514 -0.00576759 0)
(0.998597 -0.00961127 0)
(0.997303 -0.0135553 0)
(0.995674 -0.0176877 0)
(0.993743 -0.022079 0)
(0.991553 -0.0267943 0)
(0.989135 -0.0318916 0)
(0.986536 -0.0374253 0)
(0.983791 -0.0434454 0)
(0.999991 -0.00189574 0)
(0.999493 -0.0056487 0)
(0.998533 -0.00941571 0)
(0.997178 -0.0132836 0)
(0.995469 -0.0173407 0)
(0.993439 -0.0216572 0)
(0.991129 -0.0262988 0)
(0.988569 -0.0313245 0)
(0.985805 -0.0367904 0)
(0.98287 -0.0427485 0)
(0.999991 -0.00185511 0)
(0.999472 -0.00552751 0)
(0.998471 -0.00921617 0)
(0.997058 -0.013006 0)
(0.995271 -0.0169853 0)
(0.993145 -0.0212241 0)
(0.990718 -0.0257884 0)
(0.98802 -0.0307381 0)
(0.985095 -0.0361307 0)
(0.981974 -0.0420204 0)
(0.99999 -0.00181382 0)
(0.999451 -0.00540436 0)
(0.998412 -0.00901321 0)
(0.996942 -0.0127232 0)
(0.99508 -0.0166227 0)
(0.99286 -0.0207811 0)
(0.990321 -0.0252648 0)
(0.987489 -0.0301345 0)
(0.984407 -0.0354488 0)
(0.981106 -0.0412638 0)
(0.99999 -0.00177199 0)
(0.999432 -0.00527957 0)
(0.998354 -0.00880737 0)
(0.996829 -0.0124361 0)
(0.994896 -0.0162538 0)
(0.992586 -0.0203296 0)
(0.989938 -0.0247298 0)
(0.986977 -0.0295158 0)
(0.983744 -0.0347471 0)
(0.980267 -0.0404818 0)
(0.99999 -0.00172971 0)
(0.999413 -0.00515345 0)
(0.998299 -0.00859918 0)
(0.996722 -0.0121454 0)
(0.994718 -0.0158799 0)
(0.992323 -0.019871 0)
(0.98957 -0.0241852 0)
(0.986485 -0.0288841 0)
(0.983107 -0.0340284 0)
(0.979462 -0.0396776 0)
(0.99999 -0.00168705 0)
(0.999395 -0.00502624 0)
(0.998245 -0.00838911 0)
(0.996618 -0.0118518 0)
(0.994549 -0.0155018 0)
(0.992072 -0.0194066 0)
(0.98922 -0.0236325 0)
(0.986017 -0.0282416 0)
(0.9825 -0.0332951 0)
(0.978692 -0.0388539 0)
(0.999989 -0.00164407 0)
(0.999377 -0.00489814 0)
(0.998194 -0.00817744 0)
(0.99652 -0.0115558 0)
(0.994389 -0.0151201 0)
(0.991834 -0.0189369 0)
(0.988888 -0.0230725 0)
(0.985574 -0.0275888 0)
(0.981925 -0.0325478 0)
(0.977964 -0.0380115 0)
(0.999989 -0.00160094 0)
(0.99936 -0.00476962 0)
(0.998146 -0.00796485 0)
(0.996427 -0.011258 0)
(0.994238 -0.0147354 0)
(0.991611 -0.0184625 0)
(0.988578 -0.0225053 0)
(0.985159 -0.0269258 0)
(0.981387 -0.0317863 0)
(0.977281 -0.0371499 0)
(0.999988 -0.00155808 0)
(0.999344 -0.0046421 0)
(0.998101 -0.0077539 0)
(0.996342 -0.0109622 0)
(0.9941 -0.0143528 0)
(0.991407 -0.0179901 0)
(0.988294 -0.0219397 0)
(0.984778 -0.0262635 0)
(0.980891 -0.0310245 0)
(0.97665 -0.0362866 0)
(0.999987 -0.00151558 0)
(0.999329 -0.0045165 0)
(0.998061 -0.00754786 0)
(0.996266 -0.0106756 0)
(0.993976 -0.013985 0)
(0.991224 -0.017539 0)
(0.988038 -0.0214031 0)
(0.984436 -0.0256389 0)
(0.980443 -0.0303098 0)
(0.976078 -0.0354803 0)
)
;

boundaryField
{
    inlet
    {
        type            uniformFixedValue;
        uniformValue    constant (1 0 0);
        value           uniform (1 0 0);
    }
    outlet
    {
        type            pressureInletOutletVelocity;
        value           nonuniform 0();
    }
    cylinder
    {
        type            fixedValue;
        value           nonuniform 0();
    }
    top
    {
        type            symmetryPlane;
    }
    bottom
    {
        type            symmetryPlane;
    }
    defaultFaces
    {
        type            empty;
    }
    procBoundary0to1
    {
        type            processor;
        value           nonuniform List<vector> 
102
(
(0.970835 -0.0404886 -6.3253e-21)
(0.970835 -0.0404886 -6.3253e-21)
(0.965181 -0.0456547 3.74832e-21)
(0.96474 -0.0444706 -2.22207e-22)
(0.964343 -0.0433249 6.56448e-21)
(0.963981 -0.0421852 -4.53151e-22)
(0.963648 -0.0410375 -4.70506e-21)
(0.963338 -0.0398838 3.83911e-21)
(0.963049 -0.0387264 1.06068e-21)
(0.962777 -0.0375656 1.07502e-20)
(0.96252 -0.0364015 -1.00387e-20)
(0.962277 -0.0352344 1.16904e-21)
(0.962045 -0.0340645 3.57101e-21)
(0.961824 -0.0328919 8.27835e-21)
(0.961613 -0.0317168 5.4586e-21)
(0.961412 -0.0305393 -3.04004e-21)
(0.96122 -0.0293595 -7.46083e-21)
(0.961037 -0.0281775 -6.208e-21)
(0.960862 -0.0269935 1.27235e-20)
(0.960695 -0.0258076 9.85751e-22)
(0.960536 -0.0246197 -5.20285e-21)
(0.960385 -0.02343 8.09736e-21)
(0.960385 -0.02343 8.09736e-21)
(0.953375 -0.0255692 6.2332e-21)
(0.953202 -0.0241982 -7.54199e-21)
(0.953039 -0.0228253 7.93762e-21)
(0.952886 -0.0214507 -5.10815e-21)
(0.952742 -0.0200744 1.04377e-21)
(0.952608 -0.0186967 -5.90438e-21)
(0.952484 -0.0173175 3.90413e-21)
(0.952369 -0.0159369 -5.85939e-21)
(0.952264 -0.0145552 -1.18616e-21)
(0.952169 -0.0131724 8.15729e-21)
(0.952083 -0.0117885 -5.81743e-22)
(0.952006 -0.0104037 5.95919e-21)
(0.951939 -0.00901817 -1.60977e-21)
(0.951882 -0.00763191 -2.15543e-21)
(0.951834 -0.00624506 2.60324e-21)
(0.951796 -0.00485773 -9.0595e-22)
(0.951767 -0.00347003 -1.31866e-22)
(0.951748 -0.00208205 -5.72837e-22)
(0.951739 -0.000693922 2.30964e-22)
(1.02215 -0.00137127 0)
(1.02212 -0.00408151 0)
(1.02206 -0.00672735 0)
(1.02197 -0.00930929 0)
(1.02185 -0.0118278 0)
(1.0217 -0.0142833 0)
(1.02152 -0.0166757 0)
(1.02131 -0.0190051 0)
(1.02106 -0.0212709 0)
(1.02078 -0.0234728 0)
(1.02045 -0.0256101 0)
(1.02009 -0.0276817 0)
(1.01969 -0.0296869 0)
(1.01924 -0.0316243 0)
(1.01875 -0.0334927 0)
(1.01822 -0.0352908 0)
(1.01764 -0.0370171 0)
(1.01701 -0.0386702 0)
(1.01633 -0.0402487 0)
(1.01561 -0.0417511 0)
(1.01484 -0.043176 0)
(1.01403 -0.0445221 0)
(1.01317 -0.0457882 0)
(1.01226 -0.0469731 0)
(1.01131 -0.0480759 0)
(1.01032 -0.0490958 0)
(1.00929 -0.050032 0)
(1.00822 -0.050884 0)
(1.00711 -0.0516516 0)
(1.00597 -0.0523348 0)
(1.00481 -0.0529335 0)
(1.00361 -0.0534483 0)
(1.00239 -0.0538795 0)
(1.00115 -0.0542282 0)
(0.999892 -0.0544952 0)
(0.998618 -0.0546819 0)
(0.997332 -0.0547896 0)
(0.996039 -0.0548201 0)
(0.99474 -0.0547752 0)
(0.993439 -0.054657 0)
(0.99214 -0.0544677 0)
(0.990844 -0.0542097 0)
(0.989556 -0.0538854 0)
(0.988278 -0.0534977 0)
(0.987013 -0.0530491 0)
(0.985763 -0.0525427 0)
(0.984531 -0.0519813 0)
(0.983318 -0.0513681 0)
(0.982128 -0.050706 0)
(0.980963 -0.0499983 0)
(0.979825 -0.0492482 0)
(0.978717 -0.0484589 0)
(0.977641 -0.0476337 0)
(0.976601 -0.0467761 0)
(0.9756 -0.0458897 0)
(0.974643 -0.044978 0)
(0.973736 -0.0440414 0)
(0.972883 -0.0430795 0)
(0.972094 -0.0421139 0)
(0.971374 -0.0412159 0)
)
;
    }
    procBoundary0to16
    {
        type            processor;
        value           nonuniform List<vector> 
13
(
(0.999987 5.6071e-05 3.18725e-22)
(0.999252 0.000168811 -6.50566e-22)
(0.997809 0.000283258 7.14201e-22)
(0.993122 0.000176058 1.40664e-23)
(0.995762 0.000402181 5.66286e-22)
(0.993122 0.000176058 1.40664e-23)
(0.989922 0.000221241 -1.05759e-22)
(0.986168 0.000270477 -2.94389e-22)
(0.981856 0.000322957 -4.81366e-22)
(0.976993 0.000383268 -8.35948e-23)
(0.971569 0.00044918 3.24882e-22)
(0.965566 0.000522271 5.3105e-22)
(0.958962 0.000603658 -6.85678e-23)
)
;
    }
}


// ************************************************************************* //
