/*--------------------------------*- C++ -*----------------------------------*\
  =========                 |
  \\      /  F ield         | OpenFOAM: The Open Source CFD Toolbox
   \\    /   O peration     | Website:  https://openfoam.org
    \\  /    A nd           | Version:  7
     \\/     M anipulation  |
\*---------------------------------------------------------------------------*/
FoamFile
{
    version     2.0;
    format      ascii;
    class       volVectorField;
    location    "46";
    object      U;
}
// * * * * * * * * * * * * * * * * * * * * * * * * * * * * * * * * * * * * * //

dimensions      [0 1 -1 0 0 0 0];

internalField   nonuniform List<vector> 
1063
(
(1.02745 0.376894 1.36937e-20)
(1.01511 0.392792 -4.6968e-21)
(1.01728 0.376307 -6.82206e-21)
(1.00128 0.410882 -6.11815e-21)
(1.00412 0.392004 -6.84769e-21)
(1.007 0.375397 -2.18939e-20)
(0.98696 0.430742 -1.10397e-20)
(0.989649 0.409929 2.87542e-20)
(0.993005 0.390884 1.28889e-20)
(0.996608 0.374149 -1.76066e-20)
(0.974744 0.429602 2.45747e-20)
(0.977949 0.408635 -5.19261e-20)
(0.981777 0.389424 -2.59307e-20)
(0.986117 0.372544 3.2575e-20)
(0.959387 0.450415 -1.14815e-20)
(0.962485 0.428085 -2.95893e-20)
(0.966199 0.406995 -1.06773e-22)
(0.970453 0.387615 4.41868e-20)
(0.97553 0.370553 -6.92801e-20)
(0.942968 0.472369 1.04969e-20)
(0.946443 0.448618 -2.82749e-20)
(0.950205 0.426182 -1.0686e-20)
(0.954426 0.405005 7.4435e-20)
(0.95905 0.385446 2.77995e-20)
(0.964862 0.368137 1.54389e-20)
(0.929216 0.470234 -1.02069e-20)
(0.933467 0.446394 1.92022e-20)
(0.937923 0.423884 2.97784e-20)
(0.942649 0.40266 -7.28368e-21)
(0.947605 0.382909 -7.15024e-20)
(0.954229 0.365267 9.61512e-20)
(0.910465 0.492958 4.10004e-20)
(0.915425 0.467635 -1.93048e-21)
(0.920473 0.443735 1.48514e-20)
(0.925646 0.421181 9.25417e-21)
(0.930883 0.399944 -8.10509e-21)
(0.936221 0.37998 -1.06463e-20)
(0.943852 0.361955 -6.77074e-20)
(0.895788 0.48993 -5.67365e-20)
(0.90161 0.464568 -1.00865e-20)
(0.90747 0.440636 7.11295e-21)
(0.913372 0.418065 1.99914e-20)
(0.91915 0.396834 -1.10866e-19)
(0.92507 0.376591 2.45851e-20)
(0.933725 0.358151 -5.25496e-20)
(0.874359 0.513286 3.75034e-20)
(0.881096 0.486396 9.3707e-20)
(0.887788 0.461029 -7.68112e-20)
(0.894463 0.437096 9.6839e-20)
(0.901096 0.414537 -1.05172e-19)
(0.907491 0.393332 1.21709e-19)
(0.914326 0.372742 -3.31287e-20)
(0.923149 0.352707 1.76652e-19)
(0.850913 0.537655 3.29886e-20)
(0.858738 0.509223 -3.20475e-21)
(0.866409 0.482355 -5.64438e-20)
(0.873975 0.457018 1.72891e-20)
(0.881464 0.433119 -1.38804e-20)
(0.888832 0.410598 7.73548e-20)
(0.895936 0.389437 -3.47987e-20)
(0.903712 0.368869 7.24545e-20)
(0.912735 0.348802 -3.43343e-20)
(0.834316 0.532997 -5.78384e-20)
(0.84314 0.50461 -9.31729e-20)
(0.851749 0.477803 5.31153e-21)
(0.860191 0.452534 -3.57188e-20)
(0.868491 0.428705 6.48265e-21)
(0.876595 0.406255 -8.38305e-20)
(0.884406 0.385151 9.63266e-20)
(0.892893 0.364604 -1.66768e-20)
(0.902041 0.344512 -1.62619e-19)
(0.807517 0.557546 -9.7841e-21)
(0.81776 0.527743 -8.35956e-20)
(0.827588 0.499445 1.02113e-19)
(0.837138 0.47274 -5.79432e-20)
(0.846456 0.447578 1.11092e-19)
(0.855567 0.423855 -7.05797e-20)
(0.864413 0.401512 6.92018e-20)
(0.872931 0.380498 2.49453e-20)
(0.882055 0.360038 4.69694e-20)
(0.789966 0.551584 -5.96051e-20)
(0.801272 0.521892 -4.27506e-20)
(0.812106 0.493728 2.01283e-20)
(0.822597 0.467167 -9.26813e-22)
(0.83279 0.442149 -5.09009e-20)
(0.842711 0.41857 -7.70104e-21)
(0.852301 0.396368 1.19385e-19)
(0.86152 0.375481 -2.27487e-19)
(0.871256 0.355161 -8.64286e-20)
(0.772507 0.544974 -2.95749e-22)
(0.784876 0.515443 1.81802e-19)
(0.796717 0.487459 -5.42699e-21)
(0.808148 0.461082 3.71899e-20)
(0.819216 0.436248 7.39064e-20)
(0.829944 0.41285 2.46361e-20)
(0.840278 0.390826 -8.22165e-20)
(0.850195 0.370102 1.08895e-19)
(0.740849 0.568267 -2.73527e-20)
(0.755165 0.537719 2.35984e-21)
(0.7686 0.508398 2.5651e-20)
(0.781446 0.48064 -1.199e-19)
(0.793815 0.454489 -7.26786e-20)
(0.805754 0.429876 -1.41589e-20)
(0.817287 0.406697 6.56012e-20)
(0.828365 0.384885 7.31702e-20)
(0.838975 0.364362 -1.59314e-19)
(0.722551 0.560144 9.2034e-20)
(0.737971 0.529821 4.32274e-21)
(0.752469 0.50076 -1.43157e-19)
(0.766316 0.473271 9.32372e-20)
(0.779619 0.447387 -3.46128e-20)
(0.792425 0.423036 2.08052e-20)
(0.80476 0.400111 -5.07263e-20)
(0.816579 0.378547 -3.26787e-20)
(0.686356 0.581789 1.31363e-19)
(0.704429 0.551325 -7.1516e-20)
(0.720953 0.521283 3.43028e-20)
(0.736509 0.492532 -4.37339e-20)
(0.751351 0.465358 5.81353e-21)
(0.765582 0.439782 4.05748e-20)
(0.779249 0.415729 -2.03831e-20)
(0.792382 0.393095 -3.15754e-20)
(0.804939 0.371812 1.73364e-20)
(0.667336 0.572015 -8.48334e-20)
(0.686513 0.541817 5.58404e-20)
(0.704137 0.51211 -2.67414e-19)
(0.720745 0.483718 1.38765e-19)
(0.736576 0.456902 6.55475e-20)
(0.751727 0.431675 -2.38128e-20)
(0.766249 0.40796 -1.21989e-19)
(0.780174 0.385651 1.01767e-19)
(0.793464 0.364683 -7.59784e-20)
(0.625683 0.590087 1.04358e-20)
(0.648554 0.561497 -2.53211e-21)
(0.668836 0.531627 8.17535e-20)
(0.687552 0.50231 2.57422e-19)
(0.705204 0.474325 1.31769e-19)
(0.722013 0.44791 -1.52989e-19)
(0.738075 0.423072 -2.59166e-20)
(0.753444 0.399731 9.85132e-20)
(0.768152 0.377783 -2.05763e-20)
(0.606136 0.578575 -6.16704e-20)
(0.630045 0.550243 -4.43793e-21)
(0.651425 0.520762 -2.33723e-19)
(0.671226 0.491888 -2.34795e-20)
(0.689909 0.464357 -1.15933e-19)
(0.707685 0.438388 2.72468e-19)
(0.724648 0.413979 -1.65142e-20)
(0.740853 0.391048 -1.44689e-20)
(0.756337 0.369494 -1.62487e-19)
(0.586892 0.566271 -3.00363e-20)
(0.61184 0.538265 2.84097e-20)
(0.634312 0.509233 3.39199e-19)
(0.655185 0.480854 -2.27895e-19)
(0.674887 0.453824 1.9912e-20)
(0.693617 0.428342 -7.54484e-20)
(0.711468 0.4044 1.43303e-20)
(0.728497 0.381916 7.36856e-20)
(0.744747 0.36079 2.16625e-19)
(0.53809 0.576658 8.2684e-20)
(0.567988 0.553188 1.43421e-20)
(0.593972 0.525574 6.36227e-20)
(0.617525 0.497049 -1.5546e-19)
(0.639455 0.469217 9.26855e-20)
(0.660161 0.442734 4.62062e-20)
(0.679829 0.417781 -5.30947e-20)
(0.698554 0.394344 5.11062e-20)
(0.716395 0.372342 -1.39713e-19)
(0.518692 0.562578 -7.45504e-20)
(0.54946 0.53934 8.88505e-20)
(0.576473 0.512184 1.15082e-20)
(0.601094 0.484223 3.0658e-20)
(0.624064 0.456988 2.57282e-19)
(0.645755 0.431096 -1.52055e-19)
(0.666345 0.406713 6.52276e-21)
(0.685927 0.383819 -1.47156e-19)
(0.704565 0.362333 -1.47368e-20)
(0.499702 0.547679 1.18259e-19)
(0.531341 0.524743 2.4297e-20)
(0.559374 0.498109 1.03613e-21)
(0.585044 0.470768 -6.20671e-20)
(0.609036 0.444179 -4.82538e-19)
(0.631692 0.418922 2.17188e-20)
(0.653185 0.395149 -7.10083e-20)
(0.673607 0.372834 6.83407e-20)
(0.693026 0.351897 -3.38685e-20)
(0.443329 0.545979 2.38523e-19)
(0.481157 0.53198 1.92922e-20)
(0.513666 0.509415 -1.32126e-19)
(0.542704 0.483365 -2.75546e-20)
(0.569405 0.456698 1.638e-19)
(0.594396 0.430803 3.0292e-19)
(0.617997 0.406224 3.45626e-19)
(0.640371 0.383098 1.56523e-19)
(0.661614 0.361399 1.27332e-19)
(0.424709 0.52945 -1.73498e-19)
(0.463095 0.515502 -2.1263e-19)
(0.496467 0.493376 1.52846e-19)
(0.526493 0.467969 -5.58466e-20)
(0.554203 0.442028 -1.68983e-19)
(0.580169 0.416873 5.83487e-20)
(0.60469 0.393013 -7.2403e-20)
(0.627924 0.370574 -2.93562e-19)
(0.649966 0.349524 2.48697e-20)
(0.4066 0.512097 -1.89994e-19)
(0.445551 0.498267 1.95814e-19)
(0.479775 0.476644 -1.95825e-19)
(0.510769 0.451938 9.06945e-20)
(0.539463 0.426775 8.47015e-20)
(0.566378 0.402405 5.88341e-20)
(0.591794 0.379305 -1.19416e-19)
(0.615864 0.357588 8.55917e-20)
(0.638683 0.337222 -1.45493e-19)
(0.389039 0.493947 1.4938e-19)
(0.428558 0.480299 -9.04678e-20)
(0.463621 0.459242 1.02787e-19)
(0.495561 0.435294 -5.01524e-20)
(0.52521 0.410957 -8.91064e-20)
(0.553047 0.387415 -2.42752e-20)
(0.57933 0.365114 -5.25867e-20)
(0.604209 0.344155 1.88753e-19)
(0.627781 0.324505 4.35555e-22)
(0.326151 0.474568 2.12753e-19)
(0.372065 0.475026 -2.21909e-20)
(0.41215 0.461623 -1.24853e-19)
(0.448036 0.441192 6.31042e-20)
(0.480894 0.418055 -7.51513e-20)
(0.51147 0.394592 5.432e-21)
(0.540197 0.37192 -1.78547e-19)
(0.567319 0.350456 1.03238e-19)
(0.592979 0.330289 -1.28359e-19)
(0.309714 0.455262 -9.20952e-20)
(0.355713 0.455362 -1.68516e-19)
(0.396359 0.442264 6.82213e-20)
(0.433046 0.422518 -5.16278e-21)
(0.466794 0.400244 2.12515e-20)
(0.498265 0.377701 -1.61458e-19)
(0.52785 0.355939 1.40827e-20)
(0.555779 0.335347 1.15867e-19)
(0.582192 0.316006 -6.56803e-21)
(0.293915 0.435193 -1.30793e-19)
(0.340015 0.434986 1.68259e-19)
(0.381215 0.422251 -1.332e-19)
(0.418679 0.403244 -1.07536e-19)
(0.453286 0.381883 6.7181e-21)
(0.485617 0.360303 3.68774e-20)
(0.516027 0.339489 1.31158e-19)
(0.544731 0.319805 -9.09083e-20)
(0.571866 0.301321 -1.03728e-19)
(0.278791 0.414395 -7.92048e-20)
(0.325006 0.413927 9.19328e-20)
(0.366747 0.401611 1.49678e-19)
(0.404962 0.383397 2.9409e-20)
(0.440394 0.362997 1.19855e-20)
(0.473548 0.34242 4.81312e-20)
(0.504747 0.322592 1.23392e-19)
(0.534191 0.303848 -3.24869e-20)
(0.562017 0.286252 1.31377e-19)
(0.264376 0.392901 -7.522e-20)
(0.310715 0.392219 -1.73005e-20)
(0.352982 0.380374 -3.05488e-22)
(0.391919 0.363004 -1.36912e-19)
(0.428139 0.343608 2.90044e-20)
(0.46208 0.324076 1.58701e-19)
(0.494029 0.305269 -2.0906e-19)
(0.524178 0.287497 1.51271e-19)
(0.200166 0.353553 1.52665e-19)
(0.250702 0.370748 1.55785e-19)
(0.297173 0.369895 1.00336e-19)
(0.339948 0.358571 1.13678e-19)
(0.379574 0.342093 2.56752e-19)
(0.416544 0.323744 -1.33731e-19)
(0.45123 0.305293 -1.47894e-19)
(0.483892 0.287539 5.26876e-20)
(0.514708 0.270769 -2.38156e-19)
(0.187747 0.33205 -1.38661e-19)
(0.237798 0.347971 7.14129e-20)
(0.284405 0.346989 -5.45362e-20)
(0.327668 0.336234 -5.30037e-20)
(0.367949 0.320692 -1.52688e-19)
(0.405628 0.303431 -1.60783e-19)
(0.441018 0.286096 1.87939e-20)
(0.474351 0.269427 -5.33031e-20)
(0.505797 0.253688 1.84182e-19)
(0.176085 0.309944 -6.7e-20)
(0.225695 0.324608 -1.37096e-19)
(0.27244 0.323536 -1.44661e-20)
(0.316166 0.313395 -1.89822e-19)
(0.357064 0.298831 1.95803e-20)
(0.39541 0.282696 2.04317e-19)
(0.431461 0.266509 1.67283e-19)
(0.465423 0.250955 1.29417e-19)
(0.497459 0.236273 -1.05128e-19)
(0.165209 0.287275 1.36685e-19)
(0.214418 0.300699 -1.48161e-20)
(0.2613 0.299574 -1.36955e-19)
(0.305464 0.290088 1.70887e-19)
(0.346941 0.276542 5.48112e-20)
(0.385909 0.261566 -8.71005e-20)
(0.422575 0.24656 -1.28283e-19)
(0.457123 0.232148 -1.30225e-20)
(0.489708 0.218546 -1.29518e-19)
(0.155146 0.264083 -9.55769e-21)
(0.203993 0.276284 1.44679e-19)
(0.251008 0.275139 5.85185e-20)
(0.295582 0.266347 3.1811e-20)
(0.337596 0.253855 1.28889e-20)
(0.37714 0.240072 1.23352e-19)
(0.414375 0.226274 -3.21032e-20)
(0.449465 0.213028 -4.07767e-20)
(0.482557 0.200532 2.71757e-20)
(0.145918 0.240411 3.87248e-20)
(0.194441 0.251403 -7.823e-20)
(0.241585 0.25027 1.96145e-20)
(0.286538 0.242207 -3.12386e-20)
(0.329046 0.230802 8.54343e-20)
(0.369119 0.218242 -1.29306e-19)
(0.406876 0.205678 5.55027e-20)
(0.442461 0.193623 -7.61797e-20)
(0.476017 0.182251 1.37703e-19)
(0.137549 0.216301 1.44868e-20)
(0.185785 0.226098 -1.44446e-19)
(0.23305 0.225006 9.6586e-20)
(0.278349 0.217704 4.07176e-20)
(0.321307 0.207417 -8.85186e-20)
(0.36186 0.196106 5.62345e-20)
(0.400089 0.1848 -1.23661e-20)
(0.436124 0.173956 6.52771e-20)
(0.4701 0.16373 -6.20228e-20)
(0.130059 0.191797 -4.61137e-20)
(0.178043 0.200412 1.05267e-19)
(0.22542 0.199386 -6.87099e-20)
(0.271032 0.192874 -2.16802e-20)
(0.314393 0.183733 -1.0233e-19)
(0.355376 0.173695 1.7412e-20)
(0.394028 0.163668 5.44121e-21)
(0.430464 0.154055 2.2768e-20)
(0.123466 0.166944 1.09284e-20)
(0.171231 0.174387 3.95787e-20)
(0.218709 0.173452 -6.92211e-20)
(0.264598 0.167755 7.57871e-20)
(0.308315 0.159784 1.37596e-19)
(0.349677 0.15104 -1.05347e-19)
(0.388701 0.142312 -5.45778e-20)
(0.42549 0.133946 -8.74393e-20)
(0.0724771 0.124462 -1.63326e-20)
(0.117785 0.141787 -1.06531e-20)
(0.165364 0.148068 -1.74736e-20)
(0.212933 0.147243 -5.20633e-20)
(0.259061 0.142385 -1.7589e-22)
(0.303086 0.135603 -4.06055e-20)
(0.344773 0.128173 8.53939e-20)
(0.384117 0.120759 1.02863e-19)
(0.421211 0.113655 3.92522e-20)
(0.0682447 0.102179 -5.07045e-21)
(0.11303 0.116371 -9.97343e-21)
(0.160456 0.1215 1.89893e-20)
(0.208101 0.120801 7.33685e-20)
(0.254431 0.1168 -1.47803e-20)
(0.298713 0.111227 4.01574e-20)
(0.340674 0.105126 -5.46622e-20)
(0.380286 0.0990405 2.14234e-21)
(0.417634 0.0932107 2.17545e-20)
(0.0648451 0.0796936 1.98621e-20)
(0.109212 0.0907434 1.4923e-20)
(0.156516 0.0947257 1.10025e-20)
(0.204224 0.0941678 -9.21849e-20)
(0.250716 0.0910398 1.71113e-20)
(0.295206 0.0866898 -1.54703e-20)
(0.337386 0.0819303 -8.15484e-21)
(0.377213 0.0771852 1.77457e-20)
(0.414764 0.0726399 3.17954e-20)
(0.0622874 0.05705 -2.69624e-20)
(0.10634 0.0649501 -5.01318e-21)
(0.153554 0.0677918 -7.91882e-22)
(0.201309 0.0673858 5.99316e-20)
(0.247924 0.0651427 -4.80998e-20)
(0.292569 0.062027 3.95065e-21)
(0.334914 0.0586197 2.71985e-20)
(0.374903 0.0552235 2.62199e-20)
(0.412608 0.0519706 2.41722e-21)
(0.0605781 0.0342933 -6.1121e-21)
(0.104421 0.0390385 -5.35713e-21)
(0.151575 0.0407435 9.66933e-21)
(0.199362 0.0404972 -3.93025e-20)
(0.246059 0.0391477 1.48428e-20)
(0.290808 0.0372745 -3.37949e-22)
(0.333264 0.0352266 -4.13407e-20)
(0.373361 0.0331855 2.46536e-20)
(0.411168 0.0312308 -1.6347e-20)
(0.059722 0.0114686 4.0933e-21)
(0.10346 0.0130558 5.90343e-21)
(0.150584 0.0136264 -9.95828e-21)
(0.198387 0.0135446 1.21908e-20)
(0.245125 0.0130938 -4.72071e-21)
(0.289927 0.0124681 1.44451e-20)
(0.332437 0.0117838 1.30005e-20)
(0.372588 0.0111018 -1.59079e-20)
(0.410447 0.0104486 -5.7601e-21)
(0.0597211 -0.0113788 5.79291e-21)
(0.103459 -0.0129507 6.88267e-21)
(0.150583 -0.0135136 -9.1455e-21)
(0.198386 -0.0134295 1.15281e-20)
(0.245124 -0.0129796 -6.26484e-21)
(0.289925 -0.0123564 1.59412e-20)
(0.332436 -0.0116755 9.58095e-21)
(0.372587 -0.0109972 -1.26045e-20)
(0.410446 -0.0103477 -4.52836e-21)
(0.946603 0.346223 -1.92701e-20)
(0.956441 0.347622 2.98472e-20)
(0.965967 0.349458 -1.76289e-20)
(0.975469 0.351281 -7.90996e-21)
(0.985126 0.352958 -2.56615e-22)
(0.994773 0.354468 3.48943e-20)
(1.00435 0.35577 -9.43681e-21)
(1.01387 0.356837 -9.93823e-21)
(1.02333 0.357657 1.57375e-21)
(1.03272 0.358229 -2.49269e-22)
(1.04202 0.358552 -5.77178e-22)
(0.955591 0.338721 2.79543e-20)
(0.965561 0.339934 -2.745e-20)
(0.974933 0.34146 1.23799e-20)
(0.983775 0.342948 5.4011e-21)
(0.992725 0.344256 -1.31864e-21)
(1.00172 0.345392 -8.82894e-21)
(1.01064 0.346346 5.69815e-21)
(1.01951 0.347098 8.93441e-21)
(1.02835 0.347639 -4.8875e-21)
(1.03712 0.347969 -2.16203e-21)
(1.04584 0.34809 1.57769e-22)
(0.964832 0.331207 -1.25348e-20)
(0.974474 0.332619 3.07536e-20)
(0.983603 0.334027 -6.27231e-21)
(0.991963 0.335303 -2.66318e-21)
(1.00037 0.336361 -6.88124e-22)
(1.00886 0.337217 -3.02124e-21)
(1.0173 0.337892 6.08971e-21)
(1.02566 0.338381 -8.38281e-21)
(1.03398 0.338679 5.35288e-21)
(1.04224 0.338791 -1.41969e-21)
(1.05043 0.338721 -1.03279e-21)
(0.973868 0.324017 -7.86328e-21)
(0.983099 0.325307 1.31333e-20)
(0.991915 0.326466 1.1375e-20)
(0.999882 0.327479 -7.69209e-21)
(1.00783 0.328298 2.10606e-20)
(1.01589 0.32893 -1.02725e-21)
(1.02389 0.329393 -1.08781e-20)
(1.03181 0.32969 8.47471e-21)
(1.03967 0.329816 1.77208e-22)
(1.04747 0.329774 -3.84522e-21)
(1.0552 0.329568 2.44816e-22)
(0.982473 0.316875 4.36119e-21)
(0.991269 0.317953 -3.6984e-20)
(0.999723 0.318871 -1.51329e-20)
(1.00731 0.319651 1.58421e-20)
(1.01483 0.320269 6.00181e-21)
(1.02247 0.32072 -7.76887e-21)
(1.03007 0.321016 -3.05132e-22)
(1.03758 0.321161 6.44749e-22)
(1.04501 0.321152 1.62073e-21)
(1.05239 0.320991 3.29511e-21)
(1.0597 0.320683 4.33582e-22)
(0.990649 0.309616 -8.96938e-21)
(0.999006 0.310501 2.29058e-20)
(1.00707 0.311218 9.25814e-21)
(1.01429 0.311806 -2.9883e-21)
(1.02142 0.312253 -1.24177e-20)
(1.02865 0.312551 2.95834e-21)
(1.03585 0.312706 -1.3402e-21)
(1.04297 0.312724 -3.82825e-21)
(1.05001 0.312604 -8.09659e-22)
(1.05699 0.312348 -1.941e-21)
(1.06391 0.311959 -1.27419e-21)
(0.998399 0.302293 4.24327e-22)
(1.00632 0.303007 9.93179e-22)
(1.01399 0.303554 -1.80744e-20)
(1.02085 0.303978 5.79098e-21)
(1.02759 0.304277 8.03944e-21)
(1.03444 0.304442 -5.91722e-21)
(1.04127 0.304477 -9.33649e-22)
(1.048 0.304387 1.1049e-21)
(1.05467 0.304175 4.26771e-22)
(1.06128 0.303842 6.131e-22)
(1.06782 0.30339 1.32623e-21)
(1.00573 0.29496 -1.15162e-20)
(1.01323 0.295516 -1.95873e-21)
(1.0205 0.295913 1.90631e-20)
(1.02701 0.296193 -1.352e-20)
(1.0334 0.296362 -1.27583e-20)
(1.03987 0.296412 7.27932e-21)
(1.04634 0.296344 1.18806e-21)
(1.05272 0.296165 1.27979e-22)
(1.05903 0.295877 -2.69513e-21)
(1.06528 0.295481 1.81123e-23)
(1.07147 0.29498 -2.31367e-21)
(1.01265 0.287638 2.07156e-20)
(1.01975 0.288049 6.82045e-21)
(1.02663 0.288312 4.84661e-21)
(1.0328 0.288467 -2.42749e-21)
(1.03885 0.288524 8.67421e-21)
(1.04497 0.288475 -2.27764e-21)
(1.05109 0.288322 1.532e-21)
(1.05713 0.288069 3.88113e-22)
(1.0631 0.287718 1.41011e-21)
(1.06902 0.287272 -1.58271e-22)
(1.07488 0.286734 3.10314e-21)
(1.01918 0.28034 -1.9567e-20)
(1.02589 0.280621 -1.15924e-21)
(1.03239 0.280767 -2.01864e-20)
(1.03824 0.280815 9.51159e-21)
(1.04397 0.280777 -3.57305e-21)
(1.04976 0.280645 -4.0413e-21)
(1.05555 0.28042 -3.89995e-21)
(1.06127 0.280106 -1.19263e-21)
(1.06692 0.279705 -3.53746e-22)
(1.07251 0.279221 -1.62443e-22)
(1.07806 0.278654 -1.35527e-21)
(1.02534 0.273081 9.3769e-21)
(1.03168 0.273248 -5.67777e-23)
(1.03782 0.273293 3.49847e-21)
(1.04336 0.27325 1.45243e-21)
(1.04878 0.273131 3.85383e-21)
(1.05426 0.272929 2.53453e-21)
(1.05973 0.272645 1.06151e-21)
(1.06514 0.272282 7.19402e-22)
(1.07049 0.271842 1.82576e-22)
(1.07578 0.271329 -1.59379e-21)
(1.08103 0.270743 -4.28328e-22)
(1.03114 0.265873 2.56643e-21)
(1.03714 0.265942 -7.19244e-22)
(1.04293 0.2659 -2.0583e-21)
(1.04817 0.265781 -1.84744e-21)
(1.0533 0.265594 -3.63264e-21)
(1.05848 0.265334 -1.23232e-21)
(1.06365 0.265002 3.56908e-22)
(1.06877 0.2646 -3.99689e-22)
(1.07383 0.264131 2.9383e-23)
(1.07884 0.263597 -1.60634e-22)
(1.0838 0.262999 -3.3347e-22)
(1.03661 0.258729 -1.95968e-21)
(1.04227 0.258713 -1.37295e-20)
(1.04773 0.258599 8.32423e-21)
(1.05269 0.258415 3.93333e-21)
(1.05753 0.258171 2.89109e-21)
(1.06243 0.257865 1.168e-21)
(1.06733 0.257494 1.91497e-21)
(1.07216 0.257062 -2.98365e-22)
(1.07695 0.256571 -2.54782e-22)
(1.08169 0.256023 6.97541e-22)
(1.08639 0.255419 -8.61554e-22)
(1.04174 0.251658 1.09627e-21)
(1.04708 0.25157 1.06869e-20)
(1.05224 0.251394 -3.60449e-21)
(1.05692 0.251157 -5.37572e-21)
(1.0615 0.250868 -6.66985e-22)
(1.06613 0.250523 -1.01167e-22)
(1.07076 0.250122 -3.11514e-22)
(1.07533 0.249668 3.80154e-22)
(1.07986 0.249161 5.50257e-23)
(1.08434 0.248605 2.14122e-21)
(1.08879 0.248 4.61743e-21)
(1.04656 0.244666 -6.0838e-21)
(1.0516 0.244517 -1.49103e-21)
(1.05645 0.24429 3.50861e-21)
(1.06088 0.244009 -1.51633e-21)
(1.06521 0.243684 8.86587e-22)
(1.06959 0.243309 7.81363e-22)
(1.07396 0.242886 -2.04277e-22)
(1.07829 0.242415 -1.31678e-21)
(1.08257 0.2419 -1.78867e-22)
(1.08681 0.24134 7.04528e-22)
(1.09102 0.240738 -1.24497e-21)
(1.05108 0.237759 6.13031e-21)
(1.05582 0.237559 -5.41009e-21)
(1.0604 0.237291 -3.78092e-21)
(1.06458 0.236975 -3.87144e-22)
(1.06867 0.236621 -8.38088e-22)
(1.07281 0.236224 1.86839e-22)
(1.07694 0.235784 4.41848e-22)
(1.08103 0.235303 -9.21832e-22)
(1.08508 0.234783 2.53637e-21)
(1.0891 0.234224 8.37951e-22)
(1.09309 0.233629 -5.19004e-22)
(1.05529 0.230941 1.59817e-21)
(1.05976 0.2307 5.59324e-21)
(1.06407 0.230398 3.27978e-22)
(1.06802 0.230055 3.33162e-21)
(1.07189 0.229678 2.36726e-22)
(1.0758 0.229265 -2.20537e-22)
(1.0797 0.228814 2.99487e-22)
(1.08357 0.228327 3.00189e-21)
(1.08741 0.227807 -1.76433e-21)
(1.09121 0.227253 -1.24095e-21)
(1.09499 0.226667 -4.62164e-21)
(1.05922 0.224214 -6.92822e-21)
(1.06343 0.22394 -3.30739e-21)
(1.06749 0.223612 3.0147e-22)
(1.07122 0.223248 -1.05965e-21)
(1.07488 0.222855 4.94363e-22)
(1.07857 0.22243 9.85319e-22)
(1.08226 0.221973 2.67784e-22)
(1.08592 0.221486 -2.47668e-21)
(1.08955 0.220968 1.19481e-21)
(1.09315 0.220422 -4.67705e-21)
(1.09673 0.219848 6.7923e-21)
(1.06287 0.217582 9.72633e-22)
(1.06684 0.217281 -1.39621e-21)
(1.07066 0.216933 1.80949e-21)
(1.07418 0.216554 4.4699e-22)
(1.07764 0.21615 -3.15545e-22)
(1.08113 0.215719 -1.18674e-21)
(1.08462 0.21526 -2.77279e-21)
(1.08809 0.214774 -8.8082e-22)
(1.09152 0.214263 -3.48266e-21)
(1.09493 0.213727 -1.59237e-21)
(1.09833 0.213167 -3.20772e-21)
(1.06625 0.211044 6.95322e-22)
(1.06999 0.210723 1.82204e-21)
(1.07359 0.21036 -1.43197e-22)
(1.07692 0.209972 -2.95436e-22)
(1.08019 0.209561 4.33668e-22)
(1.08349 0.209128 1.41726e-21)
(1.08679 0.20867 4.21754e-21)
(1.09007 0.208189 1.91979e-21)
(1.09332 0.207687 4.95895e-21)
(1.09656 0.207163 3.44739e-21)
(1.09977 0.206618 -3.92483e-21)
(1.06937 0.204602 2.32154e-21)
(1.0729 0.204266 -1.48808e-22)
(1.07629 0.203894 7.47959e-23)
(1.07943 0.2035 -2.21164e-22)
(1.08253 0.203087 2.31211e-22)
(1.08565 0.202654 1.24481e-21)
(1.08877 0.202201 -3.20577e-21)
(1.09188 0.201727 2.36754e-21)
(1.09496 0.201235 1.55865e-21)
(1.09803 0.200725 -4.36805e-21)
(1.10108 0.200197 7.12541e-21)
(1.07225 0.198256 -4.63951e-22)
(1.07557 0.19791 -6.72789e-23)
(1.07877 0.197533 -5.30602e-23)
(1.08174 0.197136 2.3656e-22)
(1.08467 0.196724 1.83257e-22)
(1.08762 0.196295 -1.32627e-21)
(1.09058 0.195848 8.84107e-22)
(1.09352 0.195385 -1.43962e-21)
(1.09645 0.194905 -7.41786e-21)
(1.09935 0.19441 1.4368e-21)
(1.10225 0.193899 2.04932e-21)
(1.07489 0.192006 -2.31358e-22)
(1.07802 0.191654 1.21428e-22)
(1.08103 0.191275 6.27979e-22)
(1.08385 0.190879 9.3935e-22)
(1.08662 0.190471 -1.02933e-21)
(1.08942 0.190048 -9.69218e-23)
(1.09222 0.18961 3.65733e-22)
(1.09501 0.189157 -2.29188e-21)
(1.09778 0.188691 3.88834e-21)
(1.10054 0.188212 2.75976e-21)
(1.10329 0.18772 -8.04891e-22)
(1.0773 0.185851 -5.15522e-23)
(1.08026 0.185496 -3.76926e-23)
(1.0831 0.185119 -8.50393e-22)
(1.08576 0.184727 8.27578e-22)
(1.08839 0.184324 1.63085e-21)
(1.09104 0.183909 -3.38953e-21)
(1.0937 0.183481 -1.89886e-21)
(1.09634 0.183041 4.12984e-21)
(1.09897 0.18259 8.34733e-22)
(1.1016 0.182127 -1.85974e-21)
(1.10421 0.181653 -5.09227e-21)
(1.0795 0.179789 9.62992e-23)
(1.08229 0.179435 -1.95073e-22)
(1.08498 0.179061 2.59764e-22)
(1.0875 0.178675 -2.29442e-21)
(1.08999 0.17828 -2.60547e-21)
(1.0925 0.177875 5.41559e-21)
(1.09502 0.177459 -7.4306e-22)
(1.09753 0.177033 -2.9945e-21)
(1.10003 0.176596 -4.8082e-21)
(1.10252 0.176151 2.25034e-21)
(1.10501 0.175696 3.71601e-21)
(1.0815 0.17382 -6.01945e-22)
(1.08413 0.173469 2.63183e-22)
(1.08667 0.173101 -1.28137e-21)
(1.08906 0.172723 -4.48118e-22)
(1.09142 0.172337 3.4614e-21)
(1.0938 0.171943 9.32146e-23)
(1.09619 0.17154 3.0119e-21)
(1.09858 0.171128 3.5361e-22)
(1.10096 0.170707 -5.13686e-22)
(1.10333 0.170279 -2.33346e-21)
(1.10569 0.169844 -5.50548e-21)
(1.0833 0.167941 2.54503e-22)
(1.08579 0.167596 -5.89773e-22)
(1.08819 0.167235 1.23385e-21)
(1.09045 0.166867 5.16135e-22)
(1.09269 0.166491 -3.53417e-21)
(1.09496 0.166109 -5.54921e-21)
(1.09723 0.165719 1.04763e-21)
(1.0995 0.165322 -9.85808e-22)
(1.10176 0.164918 6.77947e-21)
(1.10401 0.164508 -1.6848e-22)
(1.10627 0.164091 3.43687e-21)
(1.08491 0.162151 1.38549e-21)
(1.08727 0.161813 -3.59363e-22)
(1.08954 0.161461 -2.2014e-21)
(1.09169 0.161103 1.56532e-21)
(1.09382 0.160739 1.01232e-21)
(1.09597 0.16037 6.24176e-21)
(1.09813 0.159994 -4.53074e-21)
(1.10029 0.159612 3.01729e-21)
(1.10244 0.159225 -4.45326e-21)
(1.10459 0.158832 4.3791e-21)
(1.10674 0.158434 -2.5312e-22)
(1.08635 0.156447 -1.62723e-21)
(1.08858 0.156117 6.69705e-22)
(1.09073 0.155776 4.50606e-21)
(1.09277 0.155429 -3.00488e-21)
(1.0948 0.155078 2.25469e-21)
(1.09685 0.154722 -4.8766e-21)
(1.0989 0.154361 6.2167e-21)
(1.10096 0.153994 -3.50555e-21)
(1.10301 0.153623 5.44196e-21)
(1.10506 0.153248 -7.04464e-21)
(1.10711 0.152868 9.00513e-22)
(1.08763 0.150826 -1.63544e-21)
(1.08974 0.150506 1.63127e-21)
(1.09177 0.150176 -3.84177e-21)
(1.09372 0.149841 3.46961e-21)
(1.09565 0.149503 -2.27446e-21)
(1.09759 0.149161 5.75101e-21)
(1.09955 0.148814 -6.76312e-21)
(1.10151 0.148464 3.26397e-21)
(1.10347 0.148109 -4.78979e-21)
(1.10542 0.147751 5.88494e-21)
(1.10738 0.14739 -2.09515e-22)
(1.08874 0.145286 2.53769e-21)
(1.09074 0.144977 -1.36025e-21)
(1.09267 0.144659 8.60524e-23)
(1.09452 0.144336 -2.74127e-21)
(1.09636 0.144012 6.55663e-22)
(1.09822 0.143684 -1.1592e-21)
(1.10009 0.143352 2.73481e-21)
(1.10195 0.143017 6.24048e-22)
(1.10382 0.142679 -3.55623e-22)
(1.10569 0.142338 -4.28493e-21)
(1.10756 0.141995 1.7744e-21)
(1.0897 0.139824 -2.34049e-21)
(1.0916 0.139526 4.42214e-22)
(1.09344 0.13922 2.77399e-22)
(1.0952 0.138911 1.51005e-21)
(1.09696 0.1386 -1.60643e-22)
(1.09873 0.138287 -4.24728e-21)
(1.10051 0.13797 -1.02929e-21)
(1.10229 0.137651 -4.92145e-21)
(1.10408 0.137329 1.13423e-21)
(1.10587 0.137005 -1.92564e-22)
(1.09052 0.134437 2.79984e-22)
(1.09232 0.134151 -1.05995e-21)
(1.09407 0.133858 -1.8131e-22)
(1.09576 0.133562 5.24398e-22)
(1.09743 0.133265 3.12913e-21)
(1.09912 0.132966 2.65094e-21)
(1.10083 0.132664 1.22183e-21)
(1.10253 0.13236 1.49978e-21)
(1.10424 0.132054 2.2089e-21)
(1.10595 0.131746 -6.06378e-22)
(1.0912 0.129122 -1.06501e-21)
(1.09292 0.128848 1.18746e-21)
(1.09459 0.128568 -1.35181e-21)
(1.0962 0.128286 -2.58593e-22)
(1.0978 0.128002 -7.55548e-21)
(1.09942 0.127717 -1.32167e-21)
(1.10105 0.12743 -1.98957e-21)
(1.10268 0.127142 8.17076e-22)
(1.10432 0.126852 5.63184e-22)
(1.10596 0.12656 8.97697e-23)
(1.09176 0.123876 1.85801e-21)
(1.0934 0.123613 3.44033e-22)
(1.09499 0.123347 5.63924e-21)
(1.09653 0.123078 3.94624e-22)
(1.09806 0.122809 2.75252e-21)
(1.09961 0.122538 2.18685e-21)
(1.10117 0.122266 3.28877e-21)
(1.10274 0.121992 -2.79772e-21)
(1.10431 0.121717 1.98501e-21)
(1.10588 0.121441 8.65538e-22)
(1.0922 0.118694 -9.84375e-22)
(1.09376 0.118445 4.63147e-23)
(1.09528 0.118191 -1.29969e-21)
(1.09675 0.117936 -1.15573e-21)
(1.09823 0.11768 1.81369e-21)
(1.09971 0.117423 -2.40308e-21)
(1.10121 0.117165 -2.86768e-21)
(1.10271 0.116906 -2.5384e-22)
(1.10422 0.116646 -1.57719e-21)
(1.10573 0.116386 -1.86238e-21)
(1.09252 0.113575 7.85281e-22)
(1.09402 0.113338 -4.17499e-22)
(1.09547 0.113097 -1.23703e-21)
(1.09688 0.112856 5.84435e-22)
(1.0983 0.112613 7.71276e-22)
(1.09973 0.11237 7.38736e-22)
(1.10116 0.112127 1.51951e-21)
(1.10261 0.111882 3.84595e-23)
(1.10406 0.111636 2.53399e-21)
(1.10551 0.11139 1.01447e-21)
(1.09274 0.108513 1.86691e-21)
(1.09417 0.108289 1.26621e-22)
(1.09557 0.108062 -4.52854e-22)
(1.09693 0.107833 -4.53972e-22)
(1.09829 0.107604 -2.59839e-21)
(1.09966 0.107375 1.06709e-21)
(1.10104 0.107145 2.89599e-21)
(1.10243 0.106914 -4.08645e-22)
(1.10383 0.106683 -2.6884e-22)
(1.10523 0.106451 1.78758e-21)
(1.09287 0.103507 -2.42737e-21)
(1.09424 0.103295 5.62453e-22)
(1.09558 0.103081 1.531e-21)
(1.09688 0.102865 1.1468e-21)
(1.09819 0.10265 1.91806e-21)
(1.09952 0.102434 -9.67759e-22)
(1.10085 0.102217 -2.50091e-21)
(1.10219 0.102 1.22019e-21)
(1.10353 0.101782 1.1249e-21)
(1.10489 0.101564 -4.57068e-21)
(1.0929 0.0985516 1.07579e-21)
(1.09421 0.0983521 -3.21748e-21)
(1.0955 0.0981503 -1.72595e-21)
(1.09676 0.0979478 -2.82047e-21)
(1.09803 0.0977451 -9.28296e-22)
(1.09931 0.097542 2.07233e-21)
(1.10059 0.0973385 -1.40346e-21)
(1.10188 0.0971346 -8.60161e-23)
(1.10318 0.0969304 -1.61741e-21)
(1.10449 0.0967261 2.15354e-21)
(1.09285 0.0936436 1.74078e-22)
(1.09411 0.0934564 3.16296e-21)
(1.09536 0.093267 4.13019e-23)
(1.09658 0.0930771 1.87209e-21)
(1.0978 0.0928869 8.28175e-22)
(1.09903 0.0926965 -1.84406e-21)
(1.10027 0.0925058 -2.78808e-22)
(1.10152 0.0923147 1.25207e-21)
(1.10278 0.0921235 3.40232e-22)
(1.10404 0.0919322 -2.26082e-22)
(1.09272 0.088779 -1.07314e-21)
(1.09394 0.0886038 -6.15291e-22)
(1.09514 0.0884266 1.55288e-21)
(1.09632 0.0882489 -1.51712e-21)
(1.09751 0.0880711 -1.05816e-21)
(1.0987 0.0878931 2.60027e-22)
(1.0999 0.0877147 -6.55476e-22)
(1.10111 0.0875362 -2.9563e-22)
(1.10233 0.0873575 1.90773e-21)
(1.10355 0.0871788 1.19527e-21)
(1.09253 0.0839539 -4.94644e-22)
(1.09371 0.0837903 -2.23446e-21)
(1.09487 0.0836251 7.19306e-22)
(1.09601 0.0834594 -5.15562e-22)
(1.09716 0.0832936 9.53113e-22)
(1.09832 0.0831275 2.42344e-21)
(1.09949 0.0829612 -4.976e-22)
(1.10066 0.0827948 -1.28281e-21)
(1.10184 0.0826282 -4.24433e-22)
(1.10303 0.0824617 1.28665e-21)
(1.09228 0.0791638 1.19645e-21)
(1.09342 0.0790118 2.66325e-21)
(1.09454 0.0788582 -2.05587e-21)
(1.09566 0.0787041 2.50112e-22)
(1.09677 0.07855 1.60291e-21)
(1.0979 0.0783956 -3.29163e-22)
(1.09903 0.078241 -4.74088e-22)
(1.10017 0.0780863 -5.82566e-22)
(1.10132 0.0779315 -1.75129e-21)
(1.10247 0.0777768 -2.92125e-22)
(1.09198 0.0744046 -5.05591e-22)
(1.09308 0.0742637 -3.6352e-22)
(1.09417 0.0741214 1.11737e-21)
(1.09526 0.0739787 -6.02968e-22)
(1.09634 0.0738359 -1.05269e-21)
(1.09744 0.0736928 -2.72036e-21)
(1.09854 0.0735496 -3.85514e-22)
(1.09965 0.0734062 1.26524e-22)
(1.10077 0.0732628 3.55401e-22)
(1.10189 0.0731195 1.88826e-21)
(1.09163 0.0696714 2.13279e-21)
(1.0927 0.0695414 3.57823e-22)
(1.09377 0.0694102 -1.81903e-21)
(1.09482 0.0692785 1.74293e-21)
(1.09588 0.0691466 -8.88771e-22)
(1.09695 0.0690146 6.21307e-22)
(1.09802 0.0688823 2.76973e-22)
(1.09911 0.06875 2.1935e-21)
(1.10019 0.0686176 9.42545e-22)
(1.10129 0.0684852 -2.78682e-21)
(1.09125 0.0649594 -2.94565e-21)
(1.09229 0.0648401 -1.57945e-21)
(1.09333 0.0647195 9.4144e-22)
(1.09436 0.0645985 -8.9221e-22)
(1.09539 0.0644773 1.67775e-21)
(1.09644 0.0643559 -3.29316e-22)
(1.09749 0.0642343 1.21378e-21)
(1.09855 0.0641126 -3.26725e-21)
(1.09961 0.0639909 -5.06852e-22)
(1.10068 0.0638692 1.21768e-21)
(1.09084 0.0602634 1.94757e-21)
(1.09186 0.0601544 -1.55899e-22)
(1.09287 0.0600442 1.4266e-21)
(1.09388 0.0599336 1.0357e-21)
(1.09489 0.0598227 2.83082e-22)
(1.09591 0.0597117 9.86978e-22)
(1.09694 0.0596005 7.99383e-22)
(1.09797 0.0594891 -3.55388e-22)
(1.09901 0.0593777 -1.37401e-21)
(1.10006 0.0592663 -3.19886e-21)
(1.09041 0.0555779 -9.17935e-22)
(1.0914 0.0554788 1.19857e-21)
(1.0924 0.0553787 -3.05029e-21)
(1.09339 0.0552782 1.4454e-21)
(1.09438 0.0551774 5.45415e-22)
(1.09538 0.0550764 7.93947e-23)
(1.09639 0.0549752 2.22202e-21)
(1.0974 0.0548739 -2.51698e-22)
(1.09842 0.0547724 2.3384e-21)
(1.09945 0.054671 7.34721e-22)
(1.08997 0.0508968 3.10921e-22)
(1.09094 0.0508074 -1.26159e-21)
(1.09192 0.0507171 1.84389e-21)
(1.09289 0.0506264 -2.49011e-21)
(1.09387 0.0505354 -1.44657e-21)
(1.09485 0.0504441 -4.92312e-22)
(1.09584 0.0503526 -1.16728e-21)
(1.09684 0.050261 -6.35348e-22)
(1.09784 0.0501693 2.20569e-21)
(1.09884 0.0500776 -1.08921e-21)
(1.08952 0.0462137 1.61433e-22)
(1.09048 0.0461338 7.54276e-22)
(1.09144 0.046053 2.67848e-22)
(1.0924 0.0459717 5.62455e-22)
(1.09336 0.0458902 1.1652e-21)
(1.09433 0.0458084 -2.82084e-22)
(1.0953 0.0457264 -1.27401e-21)
(1.09628 0.0456442 -1.31262e-22)
(1.09727 0.0455619 -9.08934e-22)
(1.09825 0.0454796 6.2694e-22)
(1.08909 0.0415217 5.16431e-24)
(1.09003 0.041451 -1.20735e-22)
(1.09098 0.0413794 5.00437e-22)
(1.09192 0.0413073 -7.17038e-22)
(1.09287 0.041235 -1.21159e-21)
(1.09383 0.0411625 1.16659e-22)
(1.09479 0.0410897 1.04776e-21)
(1.09575 0.0410167 -1.55599e-21)
(1.09672 0.0409436 8.80018e-22)
(1.09769 0.0408704 4.42754e-22)
(1.08867 0.0368132 1.68643e-22)
(1.0896 0.0367514 -1.58257e-22)
(1.09053 0.0366888 -7.52433e-22)
(1.09147 0.0366257 4.54161e-22)
(1.0924 0.0365624 1.36617e-21)
(1.09335 0.0364988 5.2714e-22)
(1.0943 0.036435 -4.93102e-22)
(1.09525 0.0363709 1.88774e-22)
(1.09621 0.0363068 6.83512e-22)
(1.09717 0.0362426 -1.97918e-22)
(1.08827 0.0320799 2.16051e-22)
(1.08919 0.0320267 -4.19835e-22)
(1.09012 0.0319729 7.6115e-22)
(1.09104 0.0319186 -1.01009e-21)
(1.09197 0.031864 9.20269e-22)
(1.0929 0.0318092 -3.74486e-22)
(1.09384 0.0317541 -4.5479e-22)
(1.09478 0.0316989 -6.80376e-22)
(1.09573 0.0316435 3.0814e-22)
(1.09668 0.031588 -1.10014e-21)
(1.0879 0.0273127 -6.61855e-22)
(1.08882 0.027268 -5.83325e-23)
(1.08974 0.0272227 -6.43776e-22)
(1.09065 0.027177 1.486e-21)
(1.09158 0.027131 -1.17762e-21)
(1.0925 0.0270848 4.84001e-22)
(1.09343 0.0270383 1.02615e-21)
(1.09437 0.0269917 -1.07744e-21)
(1.0953 0.0269449 1.78941e-22)
(1.09624 0.0268981 5.78791e-22)
(1.08758 0.0225016 3.21967e-22)
(1.08849 0.0224652 1.86286e-22)
(1.0894 0.0224282 -1.72995e-22)
(1.09031 0.0223909 -1.16207e-21)
(1.09123 0.0223533 6.80922e-22)
(1.09215 0.0223155 1.05082e-21)
(1.09307 0.0222775 -1.03786e-21)
(1.094 0.0222393 -9.53661e-23)
(1.09493 0.022201 -1.18146e-21)
(1.09587 0.0221626 1.32507e-21)
(1.08731 0.0176358 -7.06943e-23)
(1.08821 0.0176075 3.22352e-22)
(1.08912 0.0175788 1.19217e-22)
(1.09003 0.0175497 2.34637e-22)
(1.09094 0.0175205 3.91747e-22)
(1.09186 0.0174911 -4.71405e-22)
(1.09278 0.0174615 -2.73811e-22)
(1.0937 0.0174318 -2.48296e-22)
(1.09463 0.017402 4.74211e-22)
(1.09555 0.0173721 -1.97148e-22)
(1.08709 0.0127027 3.74222e-22)
(1.08799 0.0126823 1.91922e-23)
(1.0889 0.0126615 1.06035e-22)
(1.08981 0.0126405 -9.38408e-22)
(1.09072 0.0126193 3.74778e-22)
(1.09163 0.0125979 1.58055e-21)
(1.09255 0.0125764 -2.20331e-22)
(1.09347 0.0125547 6.301e-22)
(1.09439 0.0125329 -1.5654e-21)
(1.09532 0.0125111 1.11643e-21)
(1.08694 0.00768939 2.18288e-23)
(1.08784 0.00767703 -2.06184e-22)
(1.08875 0.00766452 2.52862e-22)
(1.08966 0.00765191 5.28364e-22)
(1.09057 0.00763926 -6.82297e-23)
(1.09148 0.00762656 -3.00646e-22)
(1.0924 0.00761382 -5.49096e-23)
(1.09332 0.00760107 -1.74141e-21)
(1.09424 0.0075883 1.24314e-21)
(1.09516 0.00757554 8.58171e-22)
(1.08686 0.00258 -1.71819e-22)
(1.08777 0.00257502 5.85323e-23)
(1.08868 0.00256968 2.42302e-22)
(1.08959 0.00256406 -7.94728e-22)
(1.09051 0.00255823 4.66959e-23)
(1.09142 0.00255222 9.86164e-22)
(1.09234 0.00254609 -7.14588e-22)
(1.09326 0.00253988 -9.26015e-22)
(1.09419 0.00253363 1.7948e-22)
(1.09511 0.00252738 7.79023e-23)
(0.930981 0.344583 0)
(0.941449 0.336893 0)
(0.951687 0.328376 0)
(0.9615 0.32118 0)
(0.970747 0.314415 0)
(0.979449 0.307558 0)
(0.98766 0.300595 0)
(0.995419 0.293595 0)
(1.00275 0.286581 0)
(1.00967 0.279563 0)
(1.01622 0.27255 0)
(1.0224 0.265558 0)
(1.02823 0.258601 0)
(1.03373 0.251689 0)
(1.03891 0.244834 0)
(1.04376 0.238042 0)
(1.04832 0.23132 0)
(1.05257 0.224672 0)
(1.05653 0.218103 0)
(1.06021 0.211615 0)
(1.06362 0.205211 0)
(1.06678 0.198893 0)
(1.06968 0.192662 0)
(1.07234 0.186518 0)
)
;

boundaryField
{
    inlet
    {
        type            uniformFixedValue;
        uniformValue    constant (1 0 0);
        value           nonuniform 0();
    }
    outlet
    {
        type            pressureInletOutletVelocity;
        value           nonuniform 0();
    }
    cylinder
    {
        type            fixedValue;
        value           nonuniform 0();
    }
    top
    {
        type            symmetryPlane;
    }
    bottom
    {
        type            symmetryPlane;
    }
    defaultFaces
    {
        type            empty;
    }
    procBoundary19to2
    {
        type            processor;
        value           nonuniform List<vector> 2((0.446131 0.00983298 -8.42321e-21) (0.446129 -0.00973571 3.66079e-21));
    }
    procBoundary19to3
    {
        type            processor;
        value           nonuniform List<vector> 9((0.0605755 -0.0342035 -3.609e-21) (0.104418 -0.0389334 -3.85009e-21) (0.151572 -0.0406308 -9.30801e-21) (0.199358 -0.0403822 -2.15748e-20) (0.246055 -0.0390335 2.36182e-20) (0.290805 -0.0371629 1.66259e-20) (0.33326 -0.0351183 4.99954e-21) (0.373357 -0.0330809 -2.55065e-20) (0.411165 -0.0311299 -2.04955e-20));
    }
    procBoundary19to4
    {
        type            processor;
        value           uniform (0.0231997 -0.00838932 -3.16683e-22);
    }
    procBoundary19to18
    {
        type            processor;
        value           nonuniform List<vector> 
110
(
(0.920838 0.341845 1.67995e-20)
(0.910308 0.33791 -2.38077e-21)
(0.891454 0.340099 -2.1184e-19)
(0.90008 0.333155 6.17425e-21)
(0.891454 0.340099 -2.1184e-19)
(0.880993 0.335463 1.41193e-19)
(0.860535 0.349971 -1.23469e-20)
(0.860535 0.349971 -1.23469e-20)
(0.849921 0.344461 -8.07064e-20)
(0.827881 0.358259 -2.02241e-20)
(0.827881 0.358259 -2.02241e-20)
(0.816932 0.351793 -2.90077e-20)
(0.806143 0.344965 3.65892e-20)
(0.782171 0.357162 -1.52425e-20)
(0.782171 0.357162 -1.52425e-20)
(0.771077 0.349251 -6.7332e-20)
(0.760198 0.340955 -3.36051e-20)
(0.733398 0.351676 1.31483e-19)
(0.733398 0.351676 1.31483e-19)
(0.722308 0.342159 -2.38366e-19)
(0.711493 0.332246 9.11844e-20)
(0.681795 0.341044 -5.90404e-20)
(0.681795 0.341044 -5.90404e-20)
(0.670891 0.329784 2.19475e-19)
(0.66033 0.318127 -2.03054e-19)
(0.650128 0.306085 7.05321e-20)
(0.617279 0.311386 1.91424e-20)
(0.617279 0.311386 1.91424e-20)
(0.607192 0.29788 -1.17071e-19)
(0.597538 0.284002 2.76872e-20)
(0.58833 0.269768 3.95876e-20)
(0.552661 0.270817 1.94711e-19)
(0.552661 0.270817 1.94711e-19)
(0.543813 0.255034 -7.00353e-20)
(0.535488 0.238921 -2.44023e-20)
(0.5277 0.2225 -4.04708e-20)
(0.52046 0.205791 1.21567e-20)
(0.513781 0.188813 -8.25773e-20)
(0.507674 0.17159 1.47127e-19)
(0.502149 0.154143 -3.36171e-20)
(0.464816 0.14499 -9.03101e-20)
(0.464816 0.14499 -9.03101e-20)
(0.460173 0.126058 8.52469e-20)
(0.456178 0.106958 -1.40313e-20)
(0.452839 0.0877157 2.15394e-20)
(0.450161 0.0683559 -2.44377e-20)
(0.448148 0.0489049 -1.18955e-20)
(0.446804 0.0293886 1.88544e-20)
(1.07478 0.180461 0)
(1.077 0.17449 0)
(1.07901 0.168605 0)
(1.08083 0.162805 0)
(1.08246 0.157087 0)
(1.0839 0.15145 0)
(1.08518 0.145892 0)
(1.0863 0.14041 0)
(1.08727 0.135001 0)
(1.08809 0.129663 0)
(1.08877 0.124393 0)
(1.08933 0.119188 0)
(1.08976 0.114044 0)
(1.09009 0.108958 0)
(1.0903 0.103927 0)
(1.09043 0.0989472 0)
(1.09046 0.0940151 0)
(1.09041 0.0891267 0)
(1.09028 0.0842781 0)
(1.0901 0.0794651 0)
(1.08985 0.0746834 0)
(1.08956 0.0699284 0)
(1.08922 0.0651951 0)
(1.08885 0.0604783 0)
(1.08846 0.0557727 0)
(1.08806 0.051072 0)
(1.08765 0.04637 0)
(1.08724 0.0416597 0)
(1.08684 0.0369333 0)
(1.08647 0.0321828 0)
(1.08612 0.0273989 0)
(1.08581 0.0225716 0)
(1.08555 0.0176899 0)
(1.08534 0.0127415 0)
(1.08519 0.00771283 0)
(1.08512 0.00258874 0)
(0.923619 0.312157 0)
(0.920838 0.341845 1.67995e-20)
(0.935074 0.307199 0)
(0.945319 0.301106 0)
(0.95479 0.295665 0)
(0.963716 0.2904 0)
(0.972158 0.284957 0)
(0.98015 0.279339 0)
(0.987728 0.27361 0)
(0.994928 0.267804 0)
(1.00177 0.261935 0)
(1.00828 0.25602 0)
(1.01447 0.250073 0)
(1.02034 0.244107 0)
(1.0259 0.238135 0)
(1.03116 0.232166 0)
(1.03611 0.226208 0)
(1.04077 0.22027 0)
(1.04515 0.214358 0)
(1.04924 0.208478 0)
(1.05307 0.202636 0)
(1.05662 0.196836 0)
(1.05993 0.191082 0)
(1.06299 0.185379 0)
(1.06581 0.179728 0)
(1.07478 0.180461 0)
)
;
    }
    procBoundary19to20
    {
        type            processor;
        value           nonuniform List<vector> 
130
(
(1.0375 0.37717 -1.47332e-20)
(1.0375 0.37717 -1.47332e-20)
(1.02597 0.393254 -9.46614e-21)
(1.02597 0.393254 -9.46614e-21)
(1.0128 0.411496 6.13394e-21)
(1.0128 0.411496 6.13394e-21)
(0.999109 0.431512 -5.06345e-21)
(0.999109 0.431512 -5.06345e-21)
(0.985117 0.452766 -7.90764e-21)
(0.972285 0.451795 -4.19397e-21)
(0.972285 0.451795 -4.19397e-21)
(0.956665 0.474047 1.87115e-20)
(0.956665 0.474047 1.87115e-20)
(0.939697 0.497514 -1.36936e-21)
(0.925108 0.495484 3.03231e-21)
(0.925108 0.495484 3.03231e-21)
(0.905576 0.519771 -3.9554e-21)
(0.889979 0.516801 -4.48054e-21)
(0.889979 0.516801 -4.48054e-21)
(0.867527 0.541718 -3.26466e-22)
(0.867527 0.541718 -3.26466e-22)
(0.842774 0.567528 5.59998e-20)
(0.825129 0.562861 -1.17958e-19)
(0.825129 0.562861 -1.17958e-19)
(0.79649 0.588429 -3.383e-20)
(0.77785 0.582412 -2.61112e-20)
(0.759293 0.575691 -2.48657e-20)
(0.759293 0.575691 -2.48657e-20)
(0.724976 0.599073 2.25916e-20)
(0.705581 0.590811 -3.56241e-20)
(0.705581 0.590811 -3.56241e-20)
(0.665542 0.610684 1.02046e-19)
(0.645498 0.600793 4.33318e-21)
(0.645498 0.600793 4.33318e-21)
(0.598341 0.613813 -3.69053e-20)
(0.577955 0.602292 7.63937e-20)
(0.557858 0.589902 -2.37924e-20)
(0.557858 0.589902 -2.37924e-20)
(0.501852 0.590393 -1.24524e-20)
(0.481942 0.576472 1.84782e-19)
(0.46242 0.56166 -4.42484e-20)
(0.46242 0.56166 -4.42484e-20)
(0.397517 0.543563 -6.53428e-20)
(0.378914 0.527605 4.21631e-20)
(0.360791 0.510769 -1.06609e-19)
(0.34319 0.49308 1.08501e-19)
(0.34319 0.49308 1.08501e-19)
(0.272493 0.450716 1.12759e-19)
(0.25678 0.432781 -8.09425e-20)
(0.241655 0.414063 1.34831e-19)
(0.227153 0.394596 -8.34146e-20)
(0.213312 0.374414 1.54862e-19)
(0.213312 0.374414 1.54862e-19)
(0.145495 0.308829 2.10573e-19)
(0.134527 0.290272 -1.26138e-19)
(0.124214 0.271142 -4.11127e-20)
(0.114585 0.251477 7.26721e-20)
(0.105665 0.231314 1.41337e-19)
(0.0974796 0.210694 -7.7688e-20)
(0.0900491 0.189657 -3.61245e-20)
(0.0833938 0.168245 -5.18805e-20)
(0.0775313 0.146499 4.07531e-20)
(0.0775313 0.146499 4.07531e-20)
(0.0327678 0.0916668 4.43804e-20)
(0.0295947 0.0752784 -9.34226e-20)
(0.0270448 0.0587268 5.66451e-20)
(0.0251257 0.0420481 -2.22361e-20)
(0.023843 0.0252782 -5.68286e-21)
(0.0232004 0.00845356 7.70636e-23)
(1.05123 0.358629 2.87787e-22)
(1.05448 0.348004 -4.37904e-22)
(1.05855 0.33847 1.23058e-21)
(1.06286 0.3292 7.20792e-22)
(1.06694 0.320229 8.64525e-22)
(1.07075 0.311441 -5.39986e-21)
(1.0743 0.302823 7.07736e-22)
(1.0776 0.294376 3.26226e-22)
(1.08068 0.286104 6.03141e-22)
(1.08355 0.278008 -1.00518e-21)
(1.08623 0.270087 4.16542e-22)
(1.08872 0.262339 -6.50711e-22)
(1.09105 0.25476 2.43588e-21)
(1.0932 0.247347 -8.35686e-22)
(1.0952 0.240095 -1.33622e-21)
(1.09704 0.232997 -4.16219e-22)
(1.09874 0.22605 1.62119e-21)
(1.10029 0.219247 1.49828e-21)
(1.1017 0.212584 5.64889e-21)
(1.10297 0.206054 -6.61661e-22)
(1.10412 0.199652 -3.84027e-21)
(1.10514 0.193374 2.18747e-21)
(1.10603 0.187215 -1.97102e-21)
(1.10682 0.181169 -2.15302e-21)
(1.10749 0.175233 -2.72486e-21)
(1.10806 0.1694 3.72881e-21)
(1.10852 0.163668 5.83934e-23)
(1.10889 0.158031 -4.86918e-21)
(1.10916 0.152484 3.28952e-22)
(1.10934 0.147025 2.45407e-21)
(1.10944 0.141648 3.26526e-21)
(1.10766 0.136678 -1.71057e-21)
(1.10766 0.136678 -1.71057e-21)
(1.10767 0.131437 8.01913e-23)
(1.1076 0.126267 6.40373e-22)
(1.10746 0.121164 1.03529e-21)
(1.10725 0.116124 1.18227e-21)
(1.10697 0.111144 -2.60051e-21)
(1.10664 0.106219 -8.54501e-22)
(1.10624 0.101347 2.31806e-21)
(1.1058 0.0965217 1.16852e-21)
(1.10531 0.0917409 7.15938e-22)
(1.10478 0.0870002 -2.11619e-21)
(1.10422 0.0822953 2.23236e-21)
(1.10363 0.0776221 6.19731e-22)
(1.10302 0.0729762 -1.65013e-21)
(1.10239 0.068353 1.25854e-21)
(1.10175 0.0637476 -3.14454e-21)
(1.10111 0.059155 2.29623e-21)
(1.10047 0.0545697 7.87335e-22)
(1.09985 0.0499859 -3.91902e-22)
(1.09925 0.0453974 7.97336e-22)
(1.09867 0.0407973 -7.89958e-22)
(1.09813 0.0361784 -2.13939e-21)
(1.09763 0.0315326 1.19253e-21)
(1.09719 0.0268513 4.42386e-22)
(1.0968 0.0221241 -2.79377e-21)
(1.09649 0.0173422 2.27245e-21)
(1.09625 0.0124893 -2.32298e-21)
(1.09609 0.00756279 1.92667e-21)
(1.09604 0.00252114 -2.54183e-21)
)
;
    }
}


// ************************************************************************* //
