/*--------------------------------*- C++ -*----------------------------------*\
  =========                 |
  \\      /  F ield         | OpenFOAM: The Open Source CFD Toolbox
   \\    /   O peration     | Website:  https://openfoam.org
    \\  /    A nd           | Version:  7
     \\/     M anipulation  |
\*---------------------------------------------------------------------------*/
FoamFile
{
    version     2.0;
    format      ascii;
    class       volVectorField;
    location    "64";
    object      U;
}
// * * * * * * * * * * * * * * * * * * * * * * * * * * * * * * * * * * * * * //

dimensions      [0 1 -1 0 0 0 0];

internalField   nonuniform List<vector> 
1062
(
(1.12812 -0.0043128 0)
(1.16384 -0.00309464 0)
(1.18423 -0.00101964 0)
(1.18354 0.000951425 0)
(1.16704 0.00219652 0)
(1.142 0.00274635 0)
(1.11356 0.00277284 0)
(1.08666 0.00176838 0)
(1.07778 -0.000490707 0)
(1.09611 -0.00267966 0)
(1.13336 -0.00323641 0)
(1.12848 -0.0129179 0)
(1.16477 -0.00926368 0)
(1.18531 -0.00304254 0)
(1.18441 0.00285645 0)
(1.16758 0.00656993 0)
(1.14226 0.00820753 0)
(1.11351 0.00829395 0)
(1.08617 0.00530092 0)
(1.07707 -0.00145782 0)
(1.09576 -0.00801757 0)
(1.13364 -0.00968508 0)
(1.12919 -0.0215499 0)
(1.16659 -0.0154158 0)
(1.1874 -0.005017 0)
(1.18609 0.004796 0)
(1.16861 0.010933 0)
(1.14278 0.0136311 0)
(1.11342 0.0137987 0)
(1.08521 0.00885083 0)
(1.07569 -0.00240988 0)
(1.09506 -0.0133597 0)
(1.13417 -0.0161257 0)
(1.13022 -0.0303386 0)
(1.16927 -0.0216039 0)
(1.19047 -0.00692692 0)
(1.18854 0.00682186 0)
(1.17012 0.0153391 0)
(1.14352 0.0190659 0)
(1.11328 0.0193503 0)
(1.08381 0.0124701 0)
(1.07365 -0.00336685 0)
(1.09402 -0.0187913 0)
(1.13494 -0.0226353 0)
(1.13158 -0.0394021 0)
(1.17277 -0.0278836 0)
(1.19446 -0.00876557 0)
(1.19171 0.00897745 0)
(1.17204 0.0198344 0)
(1.14447 0.0245543 0)
(1.1131 0.0250043 0)
(1.08197 0.0162083 0)
(1.07096 -0.0043389 0)
(1.09265 -0.0243829 0)
(1.13595 -0.0292834 0)
(1.13325 -0.0488532 0)
(1.17711 -0.0343065 0)
(1.19937 -0.0105212 0)
(1.19557 0.0113045 0)
(1.17437 0.0244594 0)
(1.14563 0.0301324 0)
(1.11289 0.0308109 0)
(1.07971 0.0201132 0)
(1.06762 -0.00533288 0)
(1.09094 -0.0301991 0)
(1.13719 -0.036135 0)
(1.13525 -0.0587995 0)
(1.18228 -0.0409162 0)
(1.20516 -0.0121802 0)
(1.20007 0.0138426 0)
(1.17705 0.0292501 0)
(1.14697 0.0358299 0)
(1.11265 0.0368151 0)
(1.07702 0.0242296 0)
(1.06362 -0.0063549 0)
(1.08889 -0.0363004 0)
(1.13865 -0.0432495 0)
(1.13758 -0.0693445 0)
(1.18829 -0.0477506 0)
(1.21183 -0.0137281 0)
(1.20519 0.016629 0)
(1.18005 0.0342373 0)
(1.14848 0.0416709 0)
(1.11239 0.0430571 0)
(1.07391 0.0286004 0)
(1.05895 -0.00740968 0)
(1.08648 -0.0427427 0)
(1.14032 -0.0506811 0)
(1.14025 -0.0805895 0)
(1.19517 -0.0548435 0)
(1.21937 -0.0151424 0)
(1.2109 0.0197016 0)
(1.18335 0.0394478 0)
(1.15014 0.0476736 0)
(1.11212 0.0495725 0)
(1.07038 0.0332663 0)
(1.0536 -0.00849991 0)
(1.08368 -0.0495768 0)
(1.14217 -0.0584794 0)
(1.14327 -0.0926351 0)
(1.20293 -0.0622232 0)
(1.22777 -0.0164033 0)
(1.21716 0.0230955 0)
(1.18691 0.0449045 0)
(1.15196 0.0538517 0)
(1.11182 0.0563929 0)
(1.06644 0.0382664 0)
(1.04756 -0.00962514 0)
(1.08046 -0.0568469 0)
(1.14413 -0.0666899 0)
(1.14663 -0.105581 0)
(1.21157 -0.0699149 0)
(1.237 -0.0174847 0)
(1.22393 0.026846 0)
(1.1907 0.0506261 0)
(1.15391 0.0602142 0)
(1.11152 0.0635451 0)
(1.0621 0.043637 0)
(1.04084 -0.0107794 0)
(1.07672 -0.0645867 0)
(1.14608 -0.0753532 0)
(1.15027 -0.119528 0)
(1.2211 -0.0779416 0)
(1.24706 -0.0183603 0)
(1.23117 0.0309859 0)
(1.19468 0.0566277 0)
(1.15599 0.0667671 0)
(1.11119 0.0710502 0)
(1.05742 0.0494097 0)
(1.03349 -0.0119472 0)
(1.07232 -0.0728114 0)
(1.14776 -0.0845047 0)
(1.154 -0.134579 0)
(1.23141 -0.0863298 0)
(1.25789 -0.0190023 0)
(1.23884 0.0355458 0)
(1.19882 0.0629203 0)
(1.15817 0.0735138 0)
(1.11081 0.0789226 0)
(1.05244 0.0556071 0)
(1.02558 -0.0130974 0)
(1.06703 -0.081507 0)
(1.14876 -0.0941726 0)
(1.15741 -0.150834 0)
(1.24229 -0.0951207 0)
(1.26936 -0.0193987 0)
(1.24685 0.040548 0)
(1.2031 0.0695099 0)
(1.16043 0.0804568 0)
(1.11036 0.0871679 0)
(1.04727 0.062239 0)
(1.01726 -0.0141757 0)
(1.06051 -0.0906157 0)
(1.14845 -0.104375 0)
(1.15969 -0.168396 0)
(1.25323 -0.104389 0)
(1.28127 -0.0195505 0)
(1.2551 0.0460035 0)
(1.20747 0.0763965 0)
(1.16276 0.0875993 0)
(1.10977 0.0957799 0)
(1.04206 0.0692988 0)
(1.00872 -0.0150968 0)
(1.05234 -0.10002 0)
(1.146 -0.115115 0)
(1.15947 -0.187361 0)
(1.26338 -0.114267 0)
(1.29321 -0.0195007 0)
(1.26342 0.051902 0)
(1.21191 0.0835718 0)
(1.16511 0.0949454 0)
(1.10899 0.104739 0)
(1.03696 0.076759 0)
(1.00023 -0.0157407 0)
(1.04212 -0.109533 0)
(1.14044 -0.126372 0)
(1.1549 -0.2078 0)
(1.27147 -0.124968 0)
(1.30459 -0.0193661 0)
(1.27158 0.0581984 0)
(1.21634 0.0910159 0)
(1.16742 0.102501 0)
(1.10793 0.114009 0)
(1.03218 0.0845696 0)
(0.992058 -0.0159565 0)
(1.02949 -0.118892 0)
(1.13081 -0.138097 0)
(1.14389 -0.229726 0)
(1.27586 -0.136794 0)
(1.3146 -0.0193375 0)
(1.27924 0.0648039 0)
(1.2207 0.0986939 0)
(1.16963 0.110272 0)
(1.10652 0.123542 0)
(1.02788 0.0926599 0)
(0.984444 -0.0155742 0)
(1.01433 -0.127778 0)
(1.11633 -0.150198 0)
(1.12472 -0.253041 0)
(1.2748 -0.15011 0)
(1.32226 -0.019699 0)
(1.286 0.0715746 0)
(1.22488 0.106552 0)
(1.17164 0.118261 0)
(1.10473 0.133273 0)
(1.0242 0.100944 0)
(0.977562 -0.0144249 0)
(0.996789 -0.135841 0)
(1.09662 -0.162539 0)
(1.09669 -0.277486 0)
(1.26685 -0.165274 0)
(1.32655 -0.0207938 0)
(1.2914 0.0783139 0)
(1.22875 0.114517 0)
(1.17335 0.126465 0)
(1.10253 0.143129 0)
(1.02122 0.109333 0)
(0.971463 -0.0123635 0)
(0.977322 -0.14274 0)
(1.07181 -0.174941 0)
(1.06058 -0.302625 0)
(1.25122 -0.182549 0)
(1.32659 -0.022989 0)
(1.295 0.0847825 0)
(1.23213 0.122494 0)
(1.17462 0.134873 0)
(1.09993 0.15303 0)
(1.01894 0.117739 0)
(0.966076 -0.0092877 0)
(0.956587 -0.148186 0)
(1.04256 -0.187189 0)
(1.01851 -0.327868 0)
(1.22797 -0.202026 0)
(1.3218 -0.0266274 0)
(1.29638 0.0907184 0)
(1.23486 0.130377 0)
(1.17535 0.143458 0)
(1.09697 0.162896 0)
(1.01731 0.126094 0)
(0.961226 -0.00514899 0)
(0.935333 -0.151975 0)
(1.00994 -0.199057 0)
(0.973457 -0.352548 0)
(1.19795 -0.223578 0)
(1.31192 -0.0319689 0)
(1.29525 0.0958626 0)
(1.23674 0.138049 0)
(1.1754 0.152184 0)
(1.09372 0.17265 0)
(1.01621 0.134346 0)
(0.956679 4.63627e-05 0)
(0.914263 -0.154005 0)
(0.975282 -0.210322 0)
(0.928408 -0.37601 0)
(1.16254 -0.246874 0)
(1.29706 -0.0391471 0)
(1.29144 0.0999859 0)
(1.23764 0.145394 0)
(1.17469 0.160998 0)
(1.09026 0.18222 0)
(1.01549 0.142466 0)
(0.952199 0.00624801 0)
(0.89395 -0.154274 0)
(0.939971 -0.220787 0)
(0.88581 -0.397697 0)
(1.12328 -0.271427 0)
(1.27758 -0.0482083 0)
(1.28495 0.102899 0)
(1.2374 0.152306 0)
(1.17314 0.169838 0)
(1.08668 0.191545 0)
(1.01498 0.150445 0)
(0.947584 0.0133717 0)
(0.874794 -0.152871 0)
(0.905271 -0.2303 0)
(0.847298 -0.417196 0)
(1.0817 -0.296677 0)
(1.25405 -0.0590854 0)
(1.27586 0.104466 0)
(1.23593 0.158693 0)
(1.17071 0.178636 0)
(1.08304 0.200573 0)
(1.01451 0.158292 0)
(0.942692 0.0213086 0)
(0.85703 -0.149948 0)
(0.872219 -0.238758 0)
(0.813727 -0.434258 0)
(1.03914 -0.322058 0)
(1.22711 -0.0716175 0)
(1.26438 0.104609 0)
(1.23317 0.16448 0)
(1.1674 0.187317 0)
(1.07941 0.209264 0)
(1.01395 0.166022 0)
(0.937447 0.0299397 0)
(0.840766 -0.145702 0)
(0.841563 -0.246112 0)
(0.785349 -0.448782 0)
(0.996739 -0.347045 0)
(1.19747 -0.0856199 0)
(1.25078 0.103295 0)
(1.22909 0.169613 0)
(1.16323 0.195809 0)
(1.07583 0.217589 0)
(1.01317 0.173657 0)
(0.931835 0.039143 0)
(0.826019 -0.140349 0)
(0.813769 -0.25236 0)
(0.761997 -0.460795 0)
(0.955473 -0.371186 0)
(1.16585 -0.100872 0)
(1.23537 0.100538 0)
(1.22373 0.174056 0)
(1.15824 0.204041 0)
(1.07231 0.225528 0)
(1.01209 0.181217 0)
(0.925886 0.0487985 0)
(0.812755 -0.134107 0)
(0.789054 -0.257538 0)
(0.743233 -0.470421 0)
(0.916161 -0.394123 0)
(1.13298 -0.117133 0)
(1.2185 0.0963937 0)
(1.21711 0.177796 0)
(1.15251 0.211949 0)
(1.06886 0.23307 0)
(1.01064 0.188723 0)
(0.919664 0.0587922 0)
(0.800916 -0.127185 0)
(0.767441 -0.261713 0)
(0.728458 -0.477857 0)
(0.879477 -0.415596 0)
(1.09956 -0.134159 0)
(1.20052 0.0909488 0)
(1.20933 0.180832 0)
(1.14612 0.219478 0)
(1.06547 0.240212 0)
(1.00879 0.196187 0)
(0.913246 0.0690179 0)
(0.790434 -0.11977 0)
(0.748818 -0.264967 0)
(0.717008 -0.483342 0)
(0.845931 -0.43544 0)
(1.06628 -0.151705 0)
(1.18178 0.0843185 0)
(1.20048 0.183182 0)
(1.13916 0.226581 0)
(1.06213 0.246957 0)
(1.00653 0.203617 0)
(0.906717 0.0793779 0)
(0.781239 -0.112029 0)
(0.732992 -0.267395 0)
(0.70824 -0.487136 0)
(0.815849 -0.453578 0)
(1.03375 -0.169539 0)
(1.16258 0.076639 0)
(1.19066 0.184873 0)
(1.13173 0.233222 0)
(1.05882 0.253313 0)
(1.00386 0.211018 0)
(0.90016 0.0897839 0)
(0.773263 -0.104103 0)
(0.719733 -0.269091 0)
(0.701586 -0.489496 0)
(0.789363 -0.470004 0)
(1.00251 -0.187443 0)
(1.14323 0.0680614 0)
(1.18001 0.185944 0)
(1.12393 0.239374 0)
(1.0555 0.259294 0)
(1.00079 0.218387 0)
(0.89365 0.100157 0)
(0.766437 -0.0961111 0)
(0.708802 -0.270146 0)
(0.696596 -0.490663 0)
(0.766419 -0.484771 0)
(0.972962 -0.205224 0)
(1.12397 0.0587445 0)
(1.16865 0.186439 0)
(1.11583 0.245019 0)
(1.05217 0.264914 0)
(0.997361 0.225718 0)
(0.887252 0.110427 0)
(0.760691 -0.0881514 0)
(0.699968 -0.270645 0)
(0.692935 -0.490854 0)
(0.746815 -0.497967 0)
(0.945423 -0.222718 0)
(1.10499 0.0488482 0)
(1.15672 0.186408 0)
(1.10754 0.25015 0)
(1.0488 0.270192 0)
(0.993596 0.233002 0)
(0.881022 0.120533 0)
(0.755951 -0.0803038 0)
(0.693013 -0.270664 0)
(0.690379 -0.490252 0)
(0.73024 -0.509703 0)
(0.920058 -0.239793 0)
(1.08645 0.0385271 0)
(1.14432 0.185902 0)
(1.09912 0.254767 0)
(1.04537 0.275147 0)
(0.989531 0.240229 0)
(0.875001 0.130423 0)
(0.75214 -0.0726325 0)
(0.687736 -0.270271 0)
(0.688781 -0.489008 0)
(0.716331 -0.520099 0)
(0.896915 -0.256347 0)
(1.06845 0.0279251 0)
(1.13159 0.18497 0)
(1.09064 0.258876 0)
(1.04187 0.279799 0)
(0.985205 0.247385 0)
(0.869224 0.140053 0)
(0.749179 -0.0651879 0)
(0.68395 -0.269523 0)
(0.688046 -0.487247 0)
(0.704719 -0.529273 0)
(0.875936 -0.272304 0)
(1.05105 0.0171715 0)
(1.11861 0.183659 0)
(1.08217 0.262489 0)
(1.0383 0.284169 0)
(0.980654 0.254456 0)
(0.863716 0.149389 0)
(0.746985 -0.0580086 0)
(0.681476 -0.268476 0)
(0.688108 -0.485067 0)
(0.69506 -0.537337 0)
(0.856981 -0.287613 0)
(1.03427 0.0063781 0)
(1.10549 0.182015 0)
(1.07375 0.265621 0)
(1.03464 0.288277 0)
(0.975915 0.261431 0)
(0.858494 0.158402 0)
(0.745477 -0.0511231 0)
(0.680147 -0.267174 0)
(0.688905 -0.482546 0)
(0.687058 -0.544389 0)
(0.839859 -0.302243 0)
(1.01808 -0.00436197 0)
(1.09231 0.180076 0)
(1.06544 0.268293 0)
(1.0309 0.292144 0)
(0.971022 0.268294 0)
(0.853566 0.16707 0)
(0.744577 -0.0445512 0)
(0.679806 -0.265659 0)
(0.69037 -0.479751 0)
(0.680468 -0.550518 0)
(0.824349 -0.316175 0)
(1.00247 -0.0149738 0)
(1.07913 0.177877 0)
(1.05726 0.270527 0)
(1.02709 0.295787 0)
(0.966008 0.275034 0)
(0.848938 0.175378 0)
(0.744208 -0.0383049 0)
(0.680304 -0.26397 0)
(0.692423 -0.476733 0)
(0.675093 -0.555799 0)
(0.81023 -0.329398 0)
(0.987389 -0.0253997 0)
(1.06603 0.175447 0)
(1.04924 0.272346 0)
(1.02319 0.299226 0)
(0.960904 0.28164 0)
(0.84461 0.183317 0)
(0.744301 -0.0323901 0)
(0.681506 -0.262139 0)
(0.694974 -0.473537 0)
(0.670775 -0.5603 0)
(0.797295 -0.341912 0)
(0.972781 -0.0355968 0)
(1.05306 0.17281 0)
(1.04141 0.273776 0)
(1.01922 0.302478 0)
(0.955736 0.2881 0)
(0.840579 0.19088 0)
(0.744793 -0.0268071 0)
(0.68329 -0.260197 0)
(0.697927 -0.470201 0)
(0.667394 -0.564081 0)
(0.785369 -0.353719 0)
(0.958603 -0.0455348 0)
(1.04025 0.169987 0)
(1.03379 0.274841 0)
(1.01518 0.305558 0)
(0.950531 0.294406 0)
(0.836839 0.198066 0)
(0.745629 -0.0215522 0)
(0.685545 -0.25817 0)
(0.701182 -0.466758 0)
(0.664857 -0.567195 0)
(0.774312 -0.364825 0)
(0.944815 -0.0551935 0)
(1.02767 0.166995 0)
(1.02639 0.275568 0)
(1.01107 0.308482 0)
(0.94531 0.300548 0)
(0.833382 0.204878 0)
(0.74676 -0.0166182 0)
(0.688176 -0.256082 0)
(0.704651 -0.463235 0)
(0.663092 -0.569695 0)
(0.764024 -0.375238 0)
(0.931386 -0.06456 0)
(1.01533 0.163849 0)
(1.01922 0.275981 0)
(1.00692 0.311263 0)
(0.940093 0.306521 0)
(0.830201 0.211318 0)
(0.748147 -0.0119951 0)
(0.691099 -0.253952 0)
(0.708256 -0.459658 0)
(0.662041 -0.571628 0)
(0.754435 -0.384969 0)
(0.918301 -0.0736268 0)
(1.00327 0.160561 0)
(1.01228 0.276107 0)
(1.00272 0.313915 0)
(0.934898 0.312318 0)
(0.827284 0.217394 0)
(0.74976 -0.00767111 0)
(0.694243 -0.251799 0)
(0.711935 -0.456047 0)
(0.661651 -0.57304 0)
(0.745503 -0.394031 0)
(0.905556 -0.0823902 0)
(0.991535 0.157143 0)
(1.00558 0.275969 0)
(0.998483 0.316448 0)
(0.92974 0.317936 0)
(0.824623 0.223112 0)
(0.751573 -0.00363297 0)
(0.697548 -0.249635 0)
(0.715644 -0.452423 0)
(0.661866 -0.573978 0)
(0.737198 -0.402437 0)
(0.893161 -0.090849 0)
(0.980135 0.153605 0)
(0.999131 0.275592 0)
(0.994218 0.318873 0)
(0.924632 0.32337 0)
(0.822206 0.228483 0)
(0.753567 0.000133408 0)
(0.700966 -0.247472 0)
(0.719355 -0.448801 0)
(0.66262 -0.574483 0)
(0.729493 -0.410205 0)
(0.881136 -0.0990042 0)
(0.969102 0.149959 0)
(0.992921 0.275 0)
(0.989931 0.3212 0)
(0.919583 0.328618 0)
(0.820024 0.233514 0)
(0.755731 0.00364242 0)
(0.704462 -0.245321 0)
(0.723054 -0.445194 0)
(0.663837 -0.574596 0)
(0.722363 -0.417356 0)
(0.869512 -0.106858 0)
(0.95846 0.146215 0)
(0.986955 0.274215 0)
(0.985633 0.323438 0)
(0.914604 0.333678 0)
(0.818066 0.238215 0)
(0.758053 0.00690855 0)
(0.708006 -0.243187 0)
(0.726733 -0.441611 0)
(0.665435 -0.574354 0)
(0.715785 -0.423918 0)
(0.858328 -0.114417 0)
(0.948233 0.142386 0)
(0.981231 0.273259 0)
(0.981329 0.325595 0)
(0.909701 0.33855 0)
(0.81632 0.242598 0)
(0.760525 0.00994628 0)
(0.711583 -0.241075 0)
(0.73039 -0.438062 0)
(0.667331 -0.57379 0)
(0.709743 -0.429916 0)
(0.847631 -0.121688 0)
(0.938448 0.138483 0)
(0.975748 0.272153 0)
(0.977027 0.327679 0)
(0.90488 0.343234 0)
(0.814776 0.246673 0)
(0.76314 0.0127698 0)
(0.715179 -0.238987 0)
(0.734026 -0.434568 0)
(0.669447 -0.572939 0)
(0.704237 -0.435368 0)
(0.83747 -0.128677 0)
(0.929133 0.134519 0)
(0.970506 0.270917 0)
(0.972735 0.329696 0)
(0.900145 0.347731 0)
(0.813421 0.25045 0)
(0.765891 0.0153924 0)
(0.718791 -0.236931 0)
(0.737636 -0.431157 0)
(0.671717 -0.571836 0)
(0.699281 -0.440284 0)
(0.827884 -0.135362 0)
(0.920326 0.130516 0)
(0.965506 0.269574 0)
(0.968458 0.331653 0)
(0.895497 0.352042 0)
(0.81224 0.253936 0)
(0.768769 0.0178229 0)
(0.722417 -0.234919 0)
(0.741218 -0.427796 0)
(0.674091 -0.570508 0)
(0.694906 -0.444735 0)
(0.818898 -0.141739 0)
(0.912076 0.12651 0)
(0.960757 0.268156 0)
(0.9642 0.333561 0)
(0.890933 0.356167 0)
(0.811215 0.25713 0)
(0.771765 0.0200526 0)
(0.726057 -0.232948 0)
(0.744764 -0.424275 0)
(0.67653 -0.568953 0)
(0.691137 -0.448934 0)
(0.810508 -0.147999 0)
(0.904454 0.122447 0)
(0.95628 0.266661 0)
(0.959959 0.33542 0)
(0.886438 0.360111 0)
(0.810316 0.260067 0)
(0.774868 0.0221 0)
(0.729715 -0.230918 0)
(0.748256 -0.420408 0)
(0.678993 -0.567187 0)
(0.687981 -0.453066 0)
(0.802685 -0.154535 0)
(0.897574 0.118 0)
(0.952131 0.264925 0)
(0.955721 0.337158 0)
(0.881967 0.363923 0)
(0.809495 0.262968 0)
(0.778072 0.0242793 0)
(0.733392 -0.228667 0)
(0.751669 -0.417115 0)
(0.681452 -0.565424 0)
(0.685413 -0.456479 0)
(0.795371 -0.160644 0)
(0.891606 0.113393 0)
(0.94845 0.262991 0)
(0.951441 0.338781 0)
(0.877399 0.367684 0)
(0.808673 0.265868 0)
(0.781374 0.0266557 0)
(0.737082 -0.226598 0)
(0.754426 -0.41738 1.40017e-21)
(0.683523 -0.564342 -9.46223e-22)
(0.683782 -0.45686 7.21211e-22)
(0.789662 -0.161797 -2.12238e-21)
(0.887508 0.11297 1.12947e-21)
(0.945964 0.263606 7.6471e-22)
(0.947644 0.341303 -1.67212e-22)
(0.873096 0.370265 4.6714e-22)
(0.80784 0.265788 -3.77419e-22)
(0.784201 0.0255722 -3.94603e-23)
(0.74016 -0.226696 -5.56807e-23)
(0.756067 -0.420291 -1.46726e-21)
(0.684872 -0.563492 7.11444e-22)
(0.683145 -0.45443 8.61232e-22)
(0.785553 -0.159731 -1.52795e-21)
(0.884216 0.114154 -3.19211e-22)
(0.943909 0.264532 1.0827e-21)
(0.944491 0.343327 6.88415e-23)
(0.869596 0.371904 7.59088e-22)
(0.807305 0.264693 -7.61711e-23)
(0.786612 0.0231425 2.24716e-22)
(0.74259 -0.228048 -7.77057e-22)
(0.757338 -0.422984 7.07804e-22)
(0.686063 -0.56256 -1.58339e-21)
(0.682914 -0.451999 1.33846e-21)
(0.782032 -0.1575 -3.3118e-21)
(0.881051 0.115491 1.57099e-21)
(0.941837 0.265529 -7.74547e-22)
(0.941288 0.345328 1.23149e-21)
(0.8661 0.373337 -6.92476e-22)
(0.806921 0.263281 -3.29173e-22)
(0.789071 0.0205708 6.03195e-22)
(0.74493 -0.229417 1.41185e-22)
(0.758471 -0.425274 -8.1845e-22)
(0.687243 -0.56152 -8.69139e-22)
(0.682873 -0.449767 2.96039e-21)
(0.778928 -0.155661 -1.06759e-21)
(0.878012 0.116524 2.48309e-21)
(0.939755 0.266446 -6.07257e-22)
(0.938034 0.347361 8.1561e-22)
(0.862612 0.374771 5.36279e-22)
(0.806691 0.261903 -3.81253e-22)
(0.791554 0.0182002 -4.66463e-23)
(0.747227 -0.230585 -9.62989e-22)
(0.759566 -0.427353 1.32719e-21)
(0.688463 -0.560393 -2.70103e-21)
(0.682935 -0.447572 1.39302e-21)
(0.776131 -0.153992 -1.24599e-21)
(0.875097 0.11736 -1.29397e-22)
(0.937666 0.2673 -1.80536e-21)
(0.934732 0.349422 -3.86506e-22)
(0.859136 0.3762 -8.18369e-22)
(0.806615 0.260528 3.4557e-22)
(0.794045 0.0159179 -1.98982e-22)
(0.749513 -0.231639 8.11044e-22)
(0.760667 -0.429257 2.31577e-21)
(0.689742 -0.559188 -2.09257e-21)
(0.683068 -0.445395 3.76331e-21)
(0.77357 -0.152412 -3.8129e-22)
(0.872302 0.118081 1.81092e-21)
(0.935571 0.268119 -5.6058e-22)
(0.931383 0.351503 3.79304e-22)
(0.855674 0.377588 -3.49145e-22)
(0.806687 0.2591 5.78957e-23)
(0.796532 0.0136715 -1.84322e-22)
(0.751809 -0.232607 -5.86938e-22)
(0.761794 -0.43098 8.09869e-22)
(0.691088 -0.557909 -1.64917e-21)
(0.683261 -0.443248 1.6617e-21)
(0.771198 -0.150933 1.92701e-21)
(0.869621 0.11869 -3.60017e-21)
(0.933473 0.268909 -7.40314e-22)
(0.927986 0.353601 8.84696e-22)
(0.852233 0.378924 7.6458e-22)
(0.806898 0.257612 -5.44921e-22)
(0.799008 0.011468 -1.43745e-22)
(0.754128 -0.233486 6.26428e-22)
(0.762956 -0.432527 1.937e-21)
(0.692504 -0.55656 1.82365e-21)
(0.683514 -0.441138 -8.97027e-22)
(0.768987 -0.149566 -4.76073e-21)
(0.867053 0.119181 1.49435e-21)
(0.931372 0.269669 1.164e-21)
(0.924541 0.355717 -1.53037e-21)
(0.848817 0.380208 -6.20514e-22)
(0.807236 0.256073 -2.74973e-22)
(0.801466 0.00931894 7.71496e-22)
(0.756477 -0.234273 -1.42572e-22)
(0.764159 -0.433903 7.28285e-23)
(0.693993 -0.555144 -1.2263e-21)
(0.68383 -0.439066 -1.41652e-22)
(0.766916 -0.148313 2.39993e-21)
(0.864594 0.119555 1.20033e-21)
(0.929268 0.270403 -1.74155e-22)
(0.921046 0.35785 1.91366e-21)
(0.845435 0.381438 -9.75959e-23)
(0.807685 0.254486 1.88465e-22)
(0.8039 0.00722939 -7.95228e-22)
(0.758862 -0.234969 -6.40613e-22)
(0.765408 -0.435115 1.1213e-21)
(0.695554 -0.553666 7.33145e-22)
(0.684215 -0.437036 -2.11797e-22)
(0.764976 -0.147174 -1.17283e-21)
(0.862244 0.119815 -1.46279e-21)
(0.927164 0.271112 -7.64873e-22)
(0.9175 0.359998 -3.93714e-22)
(0.842094 0.382613 -5.75014e-22)
(0.808228 0.252855 7.82955e-22)
(0.806304 0.00519947 -4.09015e-23)
(0.761284 -0.235574 8.75197e-22)
(0.766706 -0.436168 1.22274e-21)
(0.697188 -0.55213 -2.27418e-22)
(0.684675 -0.435049 -1.41858e-21)
(0.763159 -0.146149 5.55235e-22)
(0.86 0.119964 -3.09449e-22)
(0.92506 0.271801 2.1061e-22)
(0.913903 0.36216 6.89862e-22)
(0.838804 0.383729 -2.96152e-22)
(0.808846 0.251179 -7.49298e-22)
(0.808674 0.00322908 -3.45067e-22)
(0.763744 -0.23609 -2.46916e-22)
(0.768057 -0.437067 1.7878e-21)
(0.698895 -0.55054 1.89362e-22)
(0.685219 -0.433108 3.7565e-22)
(0.761465 -0.145238 -1.03805e-21)
(0.857863 0.120006 1.56917e-21)
(0.922955 0.272471 -3.52434e-22)
(0.910252 0.364334 -7.88998e-22)
(0.835574 0.384784 1.03593e-22)
(0.80952 0.249463 4.583e-22)
(0.811004 0.00131063 -1.02353e-21)
(0.766243 -0.236518 -9.01707e-23)
(0.769466 -0.437818 -4.13982e-22)
(0.700674 -0.5489 -6.17721e-23)
(0.685852 -0.431213 5.79338e-22)
(0.759893 -0.144442 1.66925e-21)
(0.855832 0.119941 -1.04877e-21)
(0.920852 0.273126 1.6864e-22)
(0.906547 0.36652 8.56723e-22)
(0.832413 0.385777 -1.71531e-22)
(0.81023 0.247708 -5.11958e-23)
(0.813286 -0.000548969 2.59916e-21)
(0.76878 -0.23686 -4.55622e-22)
(0.770936 -0.438426 -1.15481e-21)
(0.702523 -0.547213 -1.593e-21)
(0.686583 -0.429368 3.38287e-22)
(0.758446 -0.14376 2.19962e-22)
(0.853908 0.119774 5.97631e-22)
(0.918749 0.273769 6.73463e-22)
(0.902787 0.368714 1.3928e-22)
(0.829331 0.386705 3.62903e-22)
(0.810958 0.24592 -6.92485e-22)
(0.815514 -0.00233848 -2.42337e-21)
(0.771355 -0.237116 1.84986e-22)
(0.772471 -0.438896 -2.55336e-22)
(0.704442 -0.545483 1.29831e-21)
(0.687419 -0.427574 -2.1122e-21)
(0.757129 -0.143192 -2.2686e-21)
(0.852091 0.119507 1.41663e-22)
(0.916647 0.274401 -1.04844e-21)
(0.898971 0.370914 1.36261e-21)
(0.826336 0.387569 6.82845e-22)
(0.811686 0.2441 3.39035e-22)
(0.817683 -0.00406266 2.2509e-21)
(0.773966 -0.237289 -1.03061e-21)
(0.774076 -0.439232 7.75997e-22)
(0.706429 -0.543714 6.9538e-22)
(0.688365 -0.425832 8.14601e-22)
(0.755946 -0.142737 9.02002e-22)
(0.850384 0.119142 2.19961e-22)
(0.914544 0.275027 -9.39337e-22)
(0.895099 0.373119 -2.46557e-22)
(0.823434 0.388366 -5.26466e-22)
(0.812398 0.242253 1.81007e-23)
(0.819783 -0.00572338 -5.91023e-22)
(0.775755 -0.43944 4.93238e-22)
(0.708481 -0.541909 -8.17449e-22)
(0.689428 -0.424145 -5.08859e-22)
(0.754905 -0.142395 1.25645e-21)
(0.848786 0.118683 8.65713e-22)
(0.912441 0.275647 -1.00639e-21)
(0.891173 0.375326 -2.5568e-21)
(0.820631 0.389099 9.03813e-22)
(0.813078 0.240383 -4.20023e-22)
(0.82181 -0.00732145 -4.59612e-22)
(0.777513 -0.439523 -1.23615e-21)
(0.710596 -0.540072 3.37567e-22)
(0.690614 -0.422514 1.71665e-23)
(0.75401 -0.142165 1.00432e-21)
(0.8473 0.118133 7.56397e-22)
(0.910334 0.276266 1.58075e-21)
(0.887195 0.377532 1.60366e-21)
(0.817931 0.389765 -3.76123e-22)
(0.813712 0.238494 -3.03986e-22)
(0.823757 -0.00885792 2.23218e-21)
(0.779355 -0.439487 2.6217e-21)
(0.712773 -0.538206 2.85921e-22)
(0.691926 -0.420941 4.48985e-22)
(0.75327 -0.142045 -5.52984e-22)
(0.845928 0.117496 -8.74839e-22)
(0.908222 0.276885 -6.76498e-22)
(0.883167 0.379734 -3.61379e-22)
(0.815334 0.390366 -1.51221e-21)
(0.814287 0.236591 6.45156e-22)
(0.825616 -0.0103341 -5.90444e-22)
(0.781285 -0.439335 -1.98284e-21)
(0.715008 -0.536314 6.03188e-22)
(0.693369 -0.419429 -1.0122e-21)
(0.75269 -0.142035 -3.13975e-22)
(0.84467 0.116774 -1.32922e-21)
(0.906103 0.277507 -6.47833e-22)
(0.879095 0.38193 -1.11058e-21)
(0.812842 0.390903 5.55245e-22)
(0.814789 0.234678 7.3247e-23)
(0.827382 -0.0117517 -2.60605e-22)
(0.783309 -0.439072 -7.92734e-22)
(0.717299 -0.534401 9.76453e-22)
(0.694945 -0.417979 9.38223e-22)
(0.752278 -0.142132 -2.85974e-22)
(0.84353 0.115972 5.58079e-22)
(0.903974 0.278135 -5.62274e-22)
(0.874983 0.384117 6.39732e-22)
(0.810451 0.391377 -8.45226e-22)
(0.815209 0.232761 2.74253e-23)
(0.82905 -0.0131126 -2.60163e-22)
(0.785432 -0.438701 2.10959e-21)
(0.719644 -0.532467 -2.91778e-22)
(0.696657 -0.416593 1.16331e-21)
(0.75204 -0.142336 -3.66093e-22)
(0.842506 0.115094 1.04722e-21)
(0.901831 0.278769 9.77015e-22)
(0.870838 0.386292 -2.88154e-22)
(0.808158 0.39179 2.48396e-22)
(0.815535 0.230843 2.74713e-24)
(0.830615 -0.0144189 -3.92694e-22)
(0.787657 -0.438226 -7.52622e-22)
(0.722039 -0.530517 -1.46239e-21)
(0.698504 -0.415274 -2.15634e-21)
(0.751981 -0.142645 -6.00537e-22)
(0.841602 0.114144 1.16796e-21)
(0.899671 0.279413 6.60341e-22)
(0.866667 0.388453 5.88963e-22)
(0.805958 0.392144 7.48203e-22)
(0.815758 0.22893 -1.09694e-21)
(0.832072 -0.015673 5.90625e-22)
(0.78999 -0.437652 1.13376e-21)
(0.724484 -0.528552 2.75819e-21)
(0.700486 -0.414024 1.48379e-21)
(0.752108 -0.143057 -7.17901e-22)
(0.840816 0.113126 -1.49621e-21)
(0.897491 0.280067 -1.41044e-21)
(0.86248 0.390596 5.19517e-22)
(0.803844 0.392441 2.74442e-22)
(0.815869 0.227026 8.45288e-22)
(0.833417 -0.0168774 -4.25301e-22)
(0.792435 -0.436982 -6.86643e-22)
(0.726975 -0.526575 -2.38137e-21)
(0.702601 -0.412846 -8.81804e-22)
(0.752424 -0.14357 1.62684e-22)
(0.840149 0.112045 -3.92127e-22)
(0.895287 0.280734 -7.38988e-23)
(0.858284 0.392719 -1.01654e-21)
(0.801809 0.392685 -1.45222e-22)
(0.815861 0.225136 -2.12312e-22)
(0.834646 -0.018035 -6.9456e-22)
(0.794995 -0.436219 8.82059e-22)
(0.729511 -0.524588 2.33831e-21)
(0.704847 -0.411741 3.41233e-23)
(0.752934 -0.144183 2.85822e-22)
(0.8396 0.110904 9.04064e-22)
(0.893055 0.281415 9.2304e-22)
(0.85409 0.39482 -8.16626e-23)
(0.799844 0.392878 1.60241e-22)
(0.815727 0.223265 -8.34821e-23)
(0.835758 -0.0191486 1.5603e-21)
(0.797673 -0.435367 -1.27588e-21)
(0.73209 -0.522592 -1.34025e-21)
(0.707218 -0.410712 -6.61125e-22)
(0.753639 -0.144894 6.23808e-22)
(0.839167 0.109709 7.35681e-22)
(0.890793 0.28211 3.15387e-22)
(0.849909 0.396897 1.4477e-22)
(0.79794 0.393024 -5.81524e-22)
(0.815462 0.221416 -1.7957e-22)
(0.83675 -0.0202213 -4.1127e-23)
(0.800473 -0.434429 -7.61762e-22)
(0.734713 -0.520589 -7.6435e-22)
(0.709709 -0.409762 -5.05385e-22)
(0.75454 -0.145702 -5.47968e-22)
(0.838847 0.108465 -5.32375e-22)
(0.888497 0.282821 -2.35736e-23)
(0.84575 0.398946 3.7531e-22)
(0.796089 0.393128 7.52108e-22)
(0.815062 0.219595 -1.80138e-22)
(0.837621 -0.0212561 -1.21575e-21)
(0.803397 -0.433409 3.02172e-22)
(0.737377 -0.51858 1.77978e-21)
(0.712313 -0.408893 1.61867e-21)
(0.755638 -0.146605 7.10868e-23)
(0.838637 0.107175 -6.26235e-22)
(0.886164 0.283547 -1.08881e-21)
(0.841623 0.400966 -1.29098e-21)
(0.794281 0.393193 -6.87028e-22)
(0.814524 0.217805 6.28037e-22)
(0.838371 -0.0222563 1.39777e-21)
(0.806444 -0.432311 -7.20845e-22)
(0.740084 -0.516565 -8.71997e-22)
(0.715021 -0.408106 -1.944e-22)
(0.75693 -0.147601 3.31249e-22)
(0.838533 0.105846 2.52978e-24)
(0.883794 0.28429 2.17071e-21)
(0.837538 0.402956 1.44851e-21)
(0.792509 0.393225 3.52122e-23)
(0.813846 0.21605 4.29179e-22)
(0.838999 -0.0232251 -1.6159e-21)
(0.809617 -0.431137 6.93412e-22)
(0.742834 -0.514544 -3.9246e-22)
(0.717825 -0.407404 -2.41786e-22)
(0.758412 -0.148688 8.6143e-23)
(0.838528 0.10448 -6.44074e-22)
(0.881385 0.285047 -1.68729e-21)
(0.833505 0.404912 -9.7644e-22)
(0.790762 0.393227 1.04233e-21)
(0.813028 0.214334 -8.17642e-22)
(0.839507 -0.0241656 1.54272e-21)
(0.812913 -0.429891 5.31548e-22)
(0.74563 -0.512519 2.39973e-22)
(0.720714 -0.406789 -7.93949e-22)
(0.760079 -0.149866 2.1115e-23)
(0.838616 0.103083 -1.5219e-22)
(0.878936 0.285819 1.21893e-21)
(0.829533 0.406835 -7.01799e-22)
(0.789033 0.393206 -2.19035e-22)
(0.812071 0.212661 6.10686e-22)
(0.839897 -0.0250811 -8.4979e-22)
(0.816331 -0.428578 -3.90832e-22)
(0.748472 -0.510487 -6.05001e-23)
(0.723676 -0.406262 4.09062e-22)
(0.761924 -0.151133 2.52968e-22)
(0.838791 0.101659 -3.08596e-22)
(0.876449 0.286605 -1.66185e-22)
(0.82563 0.408721 2.07536e-22)
(0.787314 0.393166 -1.47165e-22)
(0.810977 0.211032 7.30641e-23)
(0.840171 -0.0259746 9.16264e-23)
(0.819868 -0.4272 2.59888e-22)
(0.751364 -0.50845 -2.08901e-22)
(0.726699 -0.405824 2.6701e-23)
(0.763936 -0.152488 3.29192e-23)
(0.839043 0.100212 1.21946e-22)
(0.873924 0.287403 2.06037e-22)
(0.821804 0.410571 2.95784e-22)
(0.785599 0.393113 -2.27616e-22)
(0.80975 0.209453 -6.25205e-22)
(0.840333 -0.0268491 1.58165e-22)
(0.823519 -0.425762 2.58794e-22)
(0.75431 -0.506404 -1.99126e-22)
(0.729771 -0.405475 -5.03256e-22)
(0.766106 -0.153929 1.49806e-22)
(0.839365 0.0987452 -5.91734e-22)
(0.871363 0.288212 5.81613e-22)
(0.818059 0.412384 -5.25362e-22)
(0.783879 0.393052 2.44471e-22)
(0.808395 0.207925 1.67198e-22)
(0.840386 -0.0277074 -4.34197e-22)
(0.82728 -0.424267 -1.72559e-23)
(0.757313 -0.50435 3.88928e-22)
(0.732879 -0.405217 -1.77624e-22)
(0.76842 -0.155457 -5.40727e-22)
(0.839746 0.0972621 1.12809e-22)
(0.86877 0.289029 1.26717e-22)
(0.814403 0.414157 1.8215e-22)
(0.782151 0.392989 -3.21951e-22)
(0.806917 0.20645 1.90946e-22)
(0.840335 -0.0285521 -1.03601e-22)
(0.831144 -0.422719 -2.43e-23)
(0.76038 -0.502285 -2.72569e-22)
(0.73601 -0.405049 5.45042e-22)
(0.770863 -0.157068 4.72241e-23)
(0.840178 0.0957656 2.42818e-22)
(0.866147 0.289853 -3.44214e-23)
(0.810839 0.415892 -7.2348e-23)
(0.780407 0.392929 6.83366e-23)
(0.805323 0.205032 -2.75188e-22)
(0.840186 -0.0293859 2.69648e-22)
(0.835102 -0.421122 1.00615e-23)
(0.763515 -0.500208 1.96794e-22)
(0.739149 -0.40497 1.64844e-23)
(0.77342 -0.158764 -1.3341e-22)
(0.840649 0.094258 2.07042e-22)
(0.863499 0.29068 2.08377e-22)
(0.807372 0.417588 -5.90389e-24)
(0.778644 0.392877 1.32743e-22)
(0.803623 0.203673 1.79455e-22)
(0.839944 -0.0302108 4.05862e-23)
(0.839146 -0.41948 -2.77761e-22)
(0.766724 -0.498116 -8.7126e-23)
(0.742286 -0.404978 2.71589e-23)
(0.776073 -0.160543 2.20229e-23)
(0.84115 0.0927412 -3.1205e-23)
(0.860831 0.291508 -1.30892e-22)
(0.804002 0.419244 4.32395e-23)
)
;

boundaryField
{
    inlet
    {
        type            uniformFixedValue;
        uniformValue    constant (1 0 0);
        value           nonuniform 0();
    }
    outlet
    {
        type            pressureInletOutletVelocity;
        value           nonuniform 0();
    }
    cylinder
    {
        type            fixedValue;
        value           nonuniform 0();
    }
    top
    {
        type            symmetryPlane;
    }
    bottom
    {
        type            symmetryPlane;
    }
    defaultFaces
    {
        type            empty;
    }
    procBoundary13to12
    {
        type            processor;
        value           nonuniform List<vector> 
99
(
(1.08982 -0.00384282 0)
(1.08943 -0.0115016 0)
(1.08865 -0.0191776 0)
(1.08747 -0.0270009 0)
(1.0859 -0.0350819 0)
(1.0839 -0.0435246 0)
(1.08144 -0.0524293 0)
(1.07849 -0.0618939 0)
(1.075 -0.0720143 0)
(1.07092 -0.0828856 0)
(1.06618 -0.0946011 0)
(1.06067 -0.10725 0)
(1.0542 -0.120906 0)
(1.04646 -0.135613 0)
(1.03691 -0.151351 0)
(1.02476 -0.167986 0)
(1.00913 -0.185218 0)
(0.989299 -0.202541 0)
(0.965203 -0.219257 0)
(0.937728 -0.234557 0)
(0.908655 -0.247663 0)
(0.880188 -0.257978 0)
(0.854288 -0.265188 0)
(0.832198 -0.269273 0)
(0.814327 -0.270454 0)
(0.80042 -0.269107 0)
(0.789848 -0.265684 0)
(0.781846 -0.260647 0)
(0.77568 -0.254431 0)
(0.770736 -0.247421 0)
(0.766558 -0.23994 0)
(0.762856 -0.232246 0)
(0.759483 -0.224535 0)
(0.756402 -0.216951 0)
(0.753647 -0.209594 0)
(0.751282 -0.20253 0)
(0.749373 -0.195802 0)
(0.747964 -0.189438 0)
(0.747073 -0.183453 0)
(0.746686 -0.177858 0)
(0.746767 -0.172656 0)
(0.74727 -0.167846 0)
(0.748144 -0.163424 0)
(0.749343 -0.159379 0)
(0.750829 -0.155699 0)
(0.752575 -0.152366 0)
(0.754562 -0.14936 0)
(0.756773 -0.146659 0)
(0.759194 -0.144238 0)
(0.761807 -0.142074 0)
(0.76459 -0.140144 0)
(0.767517 -0.138426 0)
(0.770556 -0.136898 0)
(0.773678 -0.135539 0)
(0.77685 -0.134341 0)
(0.780043 -0.133321 0)
(0.783231 -0.132471 0)
(0.786396 -0.131556 0)
(0.789539 -0.130091 0)
(0.792663 -0.128922 0)
(0.795211 -0.132973 1.88255e-21)
(0.797159 -0.1395 1.1545e-21)
(0.79887 -0.146012 3.70259e-23)
(0.800388 -0.152025 -3.80554e-22)
(0.801756 -0.15779 -9.77606e-23)
(0.803012 -0.163383 7.06216e-22)
(0.804187 -0.168788 9.3527e-23)
(0.805305 -0.173998 3.19955e-21)
(0.806383 -0.179014 -2.80017e-21)
(0.807435 -0.18384 -7.55197e-22)
(0.808471 -0.18848 1.76013e-21)
(0.8095 -0.192939 2.03766e-22)
(0.810531 -0.197222 -5.44941e-22)
(0.811569 -0.201334 -7.99963e-22)
(0.812621 -0.205282 1.43807e-21)
(0.813693 -0.209073 2.58185e-22)
(0.814788 -0.212713 9.75719e-22)
(0.815911 -0.21621 -9.95507e-22)
(0.817065 -0.219571 8.24007e-22)
(0.818253 -0.222804 -2.90406e-22)
(0.819478 -0.225917 -6.35555e-22)
(0.820741 -0.228918 -7.07013e-22)
(0.822043 -0.231815 4.10098e-22)
(0.823384 -0.234616 2.10919e-22)
(0.824765 -0.237329 4.65763e-22)
(0.826185 -0.239961 6.14683e-22)
(0.827643 -0.242519 -2.35827e-21)
(0.829138 -0.245012 9.24247e-22)
(0.830669 -0.247446 -8.07389e-22)
(0.832235 -0.249826 -6.60604e-22)
(0.833832 -0.252159 4.97978e-22)
(0.835461 -0.254449 6.82862e-22)
(0.837118 -0.256703 -1.20611e-21)
(0.838804 -0.258923 1.02117e-21)
(0.840517 -0.261113 9.97106e-24)
(0.842256 -0.263275 7.36271e-22)
(0.844023 -0.265413 -2.11353e-22)
(0.845818 -0.267527 -4.13752e-22)
(0.847642 -0.269617 1.66746e-22)
)
;
    }
    procBoundary13to14
    {
        type            processor;
        value           nonuniform List<vector> 
99
(
(1.16675 -0.00215148 0)
(1.16743 -0.00643503 0)
(1.16875 -0.0106891 0)
(1.17069 -0.0149383 0)
(1.17321 -0.0192108 0)
(1.17629 -0.0235326 0)
(1.17993 -0.0279252 0)
(1.18409 -0.0324068 0)
(1.18875 -0.0369937 0)
(1.19385 -0.0417009 0)
(1.19929 -0.0465447 0)
(1.20486 -0.0515472 0)
(1.21027 -0.0567412 0)
(1.21502 -0.0621773 0)
(1.21846 -0.0679312 0)
(1.21978 -0.0741053 0)
(1.21807 -0.0808252 0)
(1.21247 -0.088228 0)
(1.2023 -0.0964438 0)
(1.18717 -0.105573 0)
(1.16705 -0.115665 0)
(1.14233 -0.126706 0)
(1.11368 -0.138616 0)
(1.08204 -0.151256 0)
(1.04843 -0.164442 0)
(1.01388 -0.17797 0)
(0.979374 -0.191626 0)
(0.94573 -0.205212 0)
(0.913617 -0.218551 0)
(0.883524 -0.231495 0)
(0.855769 -0.243931 0)
(0.830516 -0.255777 0)
(0.807798 -0.266978 0)
(0.787552 -0.277501 0)
(0.76965 -0.287332 0)
(0.753926 -0.296469 0)
(0.740202 -0.304918 0)
(0.728303 -0.312691 0)
(0.71807 -0.319804 0)
(0.709355 -0.326278 0)
(0.702029 -0.332133 0)
(0.695971 -0.337395 0)
(0.691069 -0.342089 0)
(0.687215 -0.346245 0)
(0.684303 -0.349892 0)
(0.682233 -0.353063 0)
(0.680908 -0.355791 0)
(0.680238 -0.358109 0)
(0.680141 -0.360051 0)
(0.680542 -0.36165 0)
(0.681372 -0.362939 0)
(0.682566 -0.363947 0)
(0.684064 -0.364704 0)
(0.68581 -0.365235 0)
(0.687752 -0.365566 0)
(0.689843 -0.365722 0)
(0.692041 -0.365723 0)
(0.69431 -0.365563 0)
(0.696617 -0.365228 0)
(0.69893 -0.364833 0)
(0.700863 -0.364802 -6.33712e-23)
(0.702437 -0.365029 -3.02387e-22)
(0.703985 -0.36521 5.8551e-22)
(0.705527 -0.365315 6.83894e-23)
(0.707075 -0.365367 -2.59953e-22)
(0.708636 -0.36537 -2.59751e-22)
(0.710214 -0.365327 4.43585e-22)
(0.711813 -0.365237 -1.73582e-22)
(0.713436 -0.365101 2.29609e-22)
(0.715084 -0.36492 2.39907e-22)
(0.71676 -0.364695 -2.48452e-22)
(0.718465 -0.364426 4.03877e-22)
(0.720201 -0.364113 -1.16284e-21)
(0.721971 -0.363757 -8.99748e-23)
(0.723776 -0.363358 6.73199e-22)
(0.776611 -0.237381 -2.93487e-21)
(0.776611 -0.237381 -2.93487e-21)
(0.77929 -0.237393 1.67792e-21)
(0.782 -0.237329 -3.56894e-22)
(0.784739 -0.23719 -2.46844e-21)
(0.787505 -0.236979 6.76714e-22)
(0.790295 -0.2367 -7.21506e-23)
(0.793107 -0.236355 6.22252e-22)
(0.795937 -0.235949 6.62839e-22)
(0.798783 -0.235483 -1.88326e-21)
(0.801642 -0.234963 1.1344e-21)
(0.80451 -0.234391 1.85661e-21)
(0.807384 -0.233771 -1.14048e-21)
(0.810261 -0.233108 1.60748e-22)
(0.813138 -0.232406 -1.08673e-21)
(0.81601 -0.231668 4.3886e-22)
(0.818874 -0.230899 7.22041e-22)
(0.821727 -0.230103 -2.13242e-22)
(0.824566 -0.229285 -3.36786e-22)
(0.827386 -0.228447 -8.31931e-23)
(0.830184 -0.227596 1.21772e-22)
(0.832958 -0.226734 3.99373e-22)
(0.835703 -0.225867 -3.67036e-22)
(0.838417 -0.224997 6.20576e-23)
)
;
    }
    procBoundary13to29
    {
        type            processor;
        value           nonuniform List<vector> 
11
(
(0.776859 0.392838 5.40595e-23)
(0.801824 0.202374 4.23492e-23)
(0.839617 -0.0310289 -3.27979e-24)
(0.843267 -0.417798 -5.51894e-23)
(0.770013 -0.496007 1.44799e-23)
(0.745406 -0.405072 -2.52519e-23)
(0.778804 -0.162405 -8.65349e-24)
(0.841671 0.0912163 1.85967e-23)
(0.858148 0.292333 2.23549e-23)
(0.776859 0.392838 5.40595e-23)
(0.800733 0.42086 1.49898e-23)
)
;
    }
}


// ************************************************************************* //
