/*--------------------------------*- C++ -*----------------------------------*\
  =========                 |
  \\      /  F ield         | OpenFOAM: The Open Source CFD Toolbox
   \\    /   O peration     | Website:  https://openfoam.org
    \\  /    A nd           | Version:  7
     \\/     M anipulation  |
\*---------------------------------------------------------------------------*/
FoamFile
{
    version     2.0;
    format      ascii;
    class       volVectorField;
    location    "90";
    object      U;
}
// * * * * * * * * * * * * * * * * * * * * * * * * * * * * * * * * * * * * * //

dimensions      [0 1 -1 0 0 0 0];

internalField   nonuniform List<vector> 
1450
(
(-7.75203e-05 -0.0162139 -1.43803e-21)
(-0.00157388 -0.0393681 3.21793e-21)
(-0.00526662 -0.0551617 5.65644e-21)
(-0.0104777 -0.0647464 -8.56964e-21)
(0.0045639 0.00371758 2.47082e-21)
(0.024298 0.00906532 -1.11054e-20)
(0.0611997 0.0124653 -1.81675e-20)
(0.10636 0.0143207 1.28592e-20)
(0.154697 0.0150299 7.68563e-21)
(0.203529 0.014959 -1.5503e-21)
(0.00470958 -0.0109083 1.50969e-20)
(0.0246397 -0.0255917 -2.21003e-20)
(0.0616727 -0.0344789 -9.63514e-21)
(0.106913 -0.03899 2.64799e-21)
(0.155292 -0.040488 7.5948e-21)
(0.204142 -0.0401164 -3.5036e-20)
(0.251814 -0.0387282 3.55232e-20)
(0.297427 -0.03688 -1.49972e-20)
(0.340642 -0.0348876 -7.18404e-21)
(0.381409 -0.0329049 5.77715e-21)
(0.419804 -0.0309943 -9.71642e-21)
(0.455951 -0.0291753 -1.22737e-20)
(0.489984 -0.0274505 1.37957e-21)
(0.522033 -0.0258173 1.87056e-20)
(0.552219 -0.0242719 -5.2669e-21)
(0.580661 -0.0228109 2.51387e-20)
(0.607462 -0.0214312 -2.31487e-20)
(0.632719 -0.0201272 1.28281e-20)
(0.656537 -0.0188885 -9.04268e-21)
(0.679065 -0.0177191 -1.01137e-21)
(0.00598936 -0.0254716 -4.28149e-20)
(0.0276268 -0.0601131 5.02768e-20)
(0.0656721 -0.0812527 -1.40768e-20)
(0.11142 -0.0921197 1.50368e-20)
(0.159965 -0.0958271 -4.56193e-21)
(0.208769 -0.0950215 -2.82077e-20)
(0.256278 -0.0917179 -2.17849e-20)
(0.301676 -0.0872637 3.45597e-20)
(0.344661 -0.0824442 4.40809e-22)
(0.3852 -0.0776538 1.93425e-20)
(0.423378 -0.073058 2.92485e-20)
(0.45932 -0.0687091 -1.83084e-20)
(0.493161 -0.0646128 1.96627e-20)
(0.52503 -0.0607596 4.74307e-21)
(0.555048 -0.0571365 -4.94575e-20)
(0.58333 -0.0537312 6.35898e-20)
(0.609985 -0.0505326 2.77212e-21)
(0.635112 -0.0475232 3.40823e-20)
(0.658806 -0.0446788 1.40673e-20)
(0.681156 -0.042012 -5.34403e-20)
(0.00839003 -0.0398377 -6.09778e-20)
(0.033232 -0.0942082 3.98218e-20)
(0.0731654 -0.127495 -4.90345e-20)
(0.11985 -0.14469 3.66952e-20)
(0.168686 -0.150621 -5.23373e-21)
(0.217381 -0.149414 6.19792e-20)
(0.264562 -0.144232 -3.81973e-20)
(0.309536 -0.137207 -5.89679e-20)
(0.352069 -0.129593 2.33961e-20)
(0.392162 -0.122023 9.69573e-20)
(0.429917 -0.114768 2.72771e-20)
(0.465462 -0.107913 7.8376e-21)
(0.498931 -0.101467 -4.30236e-20)
(0.530453 -0.0954139 -2.45739e-20)
(0.560147 -0.0897316 5.06666e-20)
(0.588125 -0.0843993 -6.22942e-20)
(0.614499 -0.079397 -8.3965e-21)
(0.639378 -0.0746953 -1.53403e-20)
(0.662836 -0.0702566 -5.25398e-20)
(0.684858 -0.0661089 -2.77655e-20)
(0.0118843 -0.053874 2.40533e-20)
(0.041399 -0.12759 -5.90997e-20)
(0.0840849 -0.172848 1.54443e-20)
(0.132133 -0.196325 -1.23634e-19)
(0.181391 -0.204506 2.21956e-19)
(0.22992 -0.202954 -1.15962e-19)
(0.276616 -0.195958 3.40791e-20)
(0.32096 -0.186424 1.99662e-20)
(0.362822 -0.176069 -4.63493e-20)
(0.402256 -0.165769 -2.6539e-20)
(0.439383 -0.155898 -1.3689e-20)
(0.47434 -0.146577 -2.66993e-20)
(0.507261 -0.137818 8.07658e-20)
(0.538272 -0.129599 -4.96022e-20)
(0.567488 -0.121889 -6.90225e-20)
(0.595019 -0.114658 1.08825e-19)
(0.62098 -0.107879 6.25134e-21)
(0.645495 -0.101507 5.86563e-20)
(0.668604 -0.0954961 4.46934e-20)
(0.690153 -0.0898989 1.33981e-20)
(0.016431 -0.0674515 1.06833e-19)
(0.0520425 -0.159979 -2.28639e-19)
(0.0983285 -0.216962 -6.24004e-20)
(0.148167 -0.246659 -4.39712e-20)
(0.197982 -0.257125 -9.35907e-20)
(0.246298 -0.255308 8.06526e-20)
(0.292357 -0.246589 -2.38878e-20)
(0.335874 -0.234631 5.23554e-20)
(0.376854 -0.221612 -1.5943e-20)
(0.41542 -0.20865 2.58503e-20)
(0.451721 -0.196225 -2.30197e-20)
(0.485904 -0.184493 -6.70522e-20)
(0.518102 -0.173473 1.16147e-19)
(0.54844 -0.163135 -5.58066e-20)
(0.577028 -0.153442 -7.57195e-20)
(0.603971 -0.144354 6.48291e-20)
(0.62939 -0.135834 -5.09497e-20)
(0.653424 -0.127825 -2.77631e-20)
(0.676078 -0.120271 -6.05415e-20)
(0.697017 -0.113268 3.0691e-20)
(0.0219755 -0.0804458 -2.76181e-19)
(0.0650492 -0.191102 1.1636e-19)
(0.11576 -0.259498 1.88633e-19)
(0.167812 -0.295333 -5.96859e-20)
(0.218329 -0.308131 1.21962e-19)
(0.266396 -0.306151 4.79003e-20)
(0.31168 -0.295824 1.2868e-19)
(0.354183 -0.281553 -5.46301e-20)
(0.394077 -0.265969 1.65225e-19)
(0.431572 -0.250433 -1.72735e-19)
(0.466855 -0.235532 -1.40631e-19)
(0.500082 -0.221462 8.3997e-20)
(0.53139 -0.208246 -1.09087e-20)
(0.560897 -0.19585 -1.99369e-20)
(0.58871 -0.184229 6.82996e-20)
(0.614929 -0.173336 -5.62815e-20)
(0.639679 -0.163123 5.3134e-20)
(0.663117 -0.153517 -6.68539e-20)
(0.685212 -0.144458 3.07218e-20)
(0.705414 -0.136101 1.21533e-20)
(0.0284503 -0.0927387 5.90221e-20)
(0.0802786 -0.220701 -5.22601e-20)
(0.136209 -0.300128 -7.05244e-20)
(0.190897 -0.342002 -1.63907e-19)
(0.24227 -0.357187 9.58582e-20)
(0.290067 -0.355167 -2.29266e-19)
(0.334453 -0.343374 -1.30349e-19)
(0.375765 -0.326923 -1.41903e-19)
(0.414381 -0.308894 3.76012e-20)
(0.450612 -0.29089 1.83381e-19)
(0.484691 -0.273609 4.89714e-20)
(0.516788 -0.257287 -2.29055e-20)
(0.547042 -0.241955 1.09424e-19)
(0.575569 -0.227575 2.6688e-20)
(0.602467 -0.214094 5.63272e-20)
(0.627828 -0.201459 -5.72731e-20)
(0.651785 -0.18961 9.09465e-20)
(0.674518 -0.178456 -6.39338e-20)
(0.695953 -0.167938 -1.20865e-19)
(0.715302 -0.158287 1.89782e-20)
(0.0357757 -0.10422 5.85053e-20)
(0.097564 -0.248531 -1.41111e-20)
(0.159476 -0.338541 1.32174e-19)
(0.217217 -0.386334 -1.71353e-21)
(0.269614 -0.403969 1.83497e-19)
(0.317137 -0.402053 2.30529e-20)
(0.360516 -0.388958 -5.54441e-20)
(0.400479 -0.370485 7.11099e-20)
(0.437635 -0.350152 -6.20352e-20)
(0.472419 -0.329803 9.92038e-20)
(0.505117 -0.310254 -4.5318e-20)
(0.53592 -0.291781 -1.40153e-19)
(0.564965 -0.274427 1.59403e-19)
(0.592366 -0.258149 -2.56528e-19)
(0.618213 -0.242888 3.90445e-20)
(0.642592 -0.228583 -8.49563e-20)
(0.665638 -0.215165 2.83376e-20)
(0.687556 -0.202521 4.96729e-20)
(0.708237 -0.190595 -4.39852e-20)
(0.726631 -0.179717 -1.07627e-19)
(0.0438605 -0.114786 -1.92247e-19)
(0.116714 -0.274361 6.39281e-20)
(0.185328 -0.374445 7.7245e-20)
(0.246535 -0.428018 -1.75003e-21)
(0.300136 -0.44817 3.66499e-20)
(0.347401 -0.446521 1.47967e-19)
(0.389688 -0.432311 -1.04424e-19)
(0.428158 -0.411995 6.18037e-20)
(0.463688 -0.389517 -6.36596e-20)
(0.496855 -0.366967 -1.15737e-20)
(0.528008 -0.345276 3.28358e-19)
(0.557358 -0.324769 -1.29389e-19)
(0.585048 -0.305498 1.079e-20)
(0.611187 -0.287419 7.38281e-20)
(0.635857 -0.270467 -1.08347e-19)
(0.659133 -0.254576 -2.09004e-19)
(0.681154 -0.239664 5.80089e-20)
(0.702154 -0.225598 4.60915e-20)
(0.721994 -0.212321 1.62584e-20)
(0.739343 -0.200286 3.90804e-20)
(0.052603 -0.124347 1.02589e-19)
(0.137514 -0.297982 6.80711e-20)
(0.213503 -0.407568 -3.29285e-20)
(0.278584 -0.466761 1.08989e-19)
(0.333584 -0.489502 -8.53831e-20)
(0.380631 -0.488298 -1.14653e-19)
(0.421762 -0.473181 9.78997e-20)
(0.458618 -0.451222 -2.94052e-20)
(0.492373 -0.42678 -1.29119e-19)
(0.523765 -0.402187 3.49638e-20)
(0.553218 -0.378496 -1.54977e-19)
(0.580971 -0.356082 2.61961e-19)
(0.607169 -0.335012 -1.06576e-19)
(0.631917 -0.315241 3.54462e-20)
(0.655291 -0.296698 8.15763e-21)
(0.677353 -0.279313 1.10117e-19)
(0.698244 -0.262993 -1.45941e-19)
(0.718226 -0.247578 -8.78952e-20)
(0.737142 -0.233012 4.58389e-20)
(0.753373 -0.219895 6.75939e-20)
(0.061892 -0.132819 -4.03956e-20)
(0.159728 -0.319204 -1.91598e-19)
(0.243714 -0.437662 2.1507e-20)
(0.313069 -0.502292 -7.21603e-20)
(0.369681 -0.527697 -6.39947e-20)
(0.416573 -0.527131 7.45568e-20)
(0.45651 -0.511336 7.90616e-20)
(0.491652 -0.487954 9.82922e-21)
(0.5235 -0.461744 5.01012e-21)
(0.552977 -0.435282 -1.82055e-19)
(0.580591 -0.409747 1.15373e-19)
(0.606611 -0.385568 -1.63664e-20)
(0.631191 -0.362828 9.09761e-20)
(0.654432 -0.341483 -5.30806e-21)
(0.676399 -0.321459 -1.64682e-19)
(0.697145 -0.30268 1.77453e-19)
(0.716806 -0.285045 2.86422e-20)
(0.735678 -0.268363 1.14803e-19)
(0.753597 -0.252575 -2.96936e-19)
(0.768652 -0.238449 -1.18293e-20)
(0.0716082 -0.140134 7.75807e-20)
(0.1831 -0.337862 1.27288e-19)
(0.275648 -0.464506 9.83734e-20)
(0.349668 -0.534368 -2.98902e-19)
(0.408118 -0.562509 1.36127e-19)
(0.454949 -0.562787 -3.34066e-20)
(0.493682 -0.546559 -1.73369e-19)
(0.527034 -0.521992 2.09075e-19)
(0.556868 -0.494229 -1.27727e-19)
(0.584305 -0.466087 -2.44348e-20)
(0.609953 -0.438876 1.49662e-19)
(0.63412 -0.413084 1.64418e-19)
(0.656969 -0.388813 -6.40244e-20)
(0.678595 -0.366023 6.44531e-20)
(0.699056 -0.344635 2.19825e-19)
(0.718392 -0.324572 -1.97978e-19)
(0.736734 -0.305722 9.89671e-20)
(0.75441 -0.287862 -1.04127e-19)
(0.771266 -0.270923 -2.432e-20)
(0.7851 -0.255862 1.23869e-19)
(0.0816249 -0.146236 -1.20807e-19)
(0.207359 -0.353813 -1.82148e-19)
(0.308966 -0.487905 2.7784e-20)
(0.388031 -0.562771 9.92675e-21)
(0.448568 -0.593718 7.83832e-20)
(0.495458 -0.595055 9.68241e-20)
(0.533008 -0.578655 -6.20553e-20)
(0.564524 -0.553158 1.8886e-19)
(0.592255 -0.524072 -4.82675e-20)
(0.617548 -0.494453 1.26653e-20)
(0.641122 -0.465747 -3.32299e-20)
(0.663329 -0.438504 -2.9041e-19)
(0.684344 -0.412852 7.72683e-20)
(0.70426 -0.388753 7.41487e-21)
(0.723128 -0.366127 -1.38438e-19)
(0.740971 -0.344896 -1.09714e-20)
(0.757914 -0.324938 -9.93697e-20)
(0.774317 -0.305996 1.35534e-19)
(0.79005 -0.28798 -2.301e-19)
(0.802636 -0.272052 3.29314e-19)
(0.0918101 -0.151079 1.09353e-21)
(0.232216 -0.366945 7.04862e-20)
(0.343314 -0.507698 1.05805e-19)
(0.42779 -0.587312 -7.36696e-20)
(0.490676 -0.621131 -4.48706e-20)
(0.537778 -0.623748 -3.99194e-20)
(0.5742 -0.60745 -6.35743e-20)
(0.603863 -0.581294 1.06853e-19)
(0.62943 -0.551129 4.26e-20)
(0.652494 -0.520249 7.10064e-20)
(0.6739 -0.490238 -4.71842e-20)
(0.694056 -0.461717 1.20008e-19)
(0.713149 -0.43484 -1.42236e-19)
(0.731274 -0.409577 -3.25429e-22)
(0.748471 -0.385846 -2.92343e-21)
(0.764749 -0.363569 7.32679e-21)
(0.780225 -0.342619 4.71677e-20)
(0.795286 -0.322697 -6.22658e-21)
(0.809848 -0.303678 6.27754e-20)
(0.821174 -0.28695 6.37813e-21)
(0.102027 -0.154637 -1.22015e-20)
(0.257373 -0.377169 -5.13562e-20)
(0.378315 -0.523754 -9.91671e-21)
(0.468551 -0.607836 1.0914e-19)
(0.53407 -0.644581 1.27178e-20)
(0.581568 -0.648705 -1.11362e-19)
(0.616954 -0.632795 1.05267e-19)
(0.644778 -0.606264 2.82443e-20)
(0.668146 -0.575277 -8.60712e-21)
(0.688918 -0.543361 -4.9607e-20)
(0.708085 -0.512247 -1.03694e-20)
(0.726113 -0.482628 1.2937e-19)
(0.743212 -0.454691 2.76603e-20)
(0.759475 -0.428414 -1.0312e-19)
(0.774937 -0.403718 6.44274e-20)
(0.789592 -0.380526 -2.04038e-19)
(0.803541 -0.358704 1.10902e-19)
(0.817204 -0.337911 4.97123e-20)
(0.830558 -0.317969 1.03286e-20)
(0.840624 -0.300494 1.26749e-19)
(0.112138 -0.156894 8.18249e-20)
(0.28252 -0.38443 -2.5285e-21)
(0.41358 -0.535975 -2.56844e-21)
(0.509906 -0.624219 -1.37927e-20)
(0.578355 -0.663934 -7.00752e-20)
(0.62647 -0.669791 7.99507e-20)
(0.660947 -0.654563 -6.9268e-20)
(0.686983 -0.627951 1.28712e-19)
(0.708145 -0.59641 -5.52106e-20)
(0.726589 -0.563696 -3.4777e-20)
(0.743461 -0.531687 -1.58875e-19)
(0.759302 -0.501158 4.63997e-20)
(0.774347 -0.472332 3.76003e-20)
(0.788693 -0.445199 -1.5757e-20)
(0.802367 -0.419681 -4.63511e-20)
(0.815347 -0.395705 -2.48394e-20)
(0.827722 -0.373137 4.84549e-20)
(0.839944 -0.35159 -8.02272e-20)
(0.852071 -0.330806 4.03881e-20)
(0.860903 -0.312629 -1.76874e-19)
(0.122002 -0.157851 -3.30994e-20)
(0.307343 -0.388702 -6.19194e-21)
(0.448708 -0.544303 3.83144e-20)
(0.551431 -0.636373 -5.49875e-20)
(0.623123 -0.679086 -2.04119e-20)
(0.672108 -0.686899 1.18844e-19)
(0.705845 -0.672651 -8.16928e-20)
(0.73018 -0.646262 4.04192e-20)
(0.749163 -0.614447 -1.28021e-20)
(0.765264 -0.58118 2.80149e-20)
(0.779808 -0.548492 3.69862e-21)
(0.793422 -0.517245 -7.97322e-20)
(0.806371 -0.487706 5.61937e-20)
(0.818761 -0.459879 -6.48922e-20)
(0.830612 -0.43369 5.63306e-20)
(0.841887 -0.409074 -4.52196e-20)
(0.852654 -0.385901 -4.349e-20)
(0.863407 -0.363738 4.39926e-20)
(0.874315 -0.342207 -9.67148e-20)
(0.881964 -0.323337 1.2969e-19)
(0.13148 -0.157524 -1.45021e-20)
(0.331525 -0.389992 5.59604e-22)
(0.48329 -0.548712 7.70573e-22)
(0.592687 -0.644245 5.26991e-22)
(0.667951 -0.689966 2.33778e-20)
(0.718095 -0.699952 -4.40695e-20)
(0.751301 -0.686985 4.27833e-20)
(0.774062 -0.661131 2.34629e-20)
(0.790925 -0.629327 4.26328e-20)
(0.804697 -0.595759 -5.29981e-20)
(0.816902 -0.562613 -2.59643e-20)
(0.828264 -0.530847 4.4489e-20)
(0.839087 -0.500775 6.21411e-20)
(0.849486 -0.472418 5.72209e-20)
(0.859479 -0.44571 -1.19805e-19)
(0.869006 -0.420587 5.07884e-20)
(0.878104 -0.396932 -3.69611e-21)
(0.887326 -0.374272 3.32421e-20)
(0.897062 -0.352092 -2.09652e-20)
(0.903713 -0.332582 -9.13394e-20)
(0.140435 -0.155945 -1.55731e-20)
(0.354747 -0.388336 -3.55924e-21)
(0.516911 -0.549219 1.1299e-21)
(0.63323 -0.647822 -2.02327e-20)
(0.712403 -0.696539 1.00013e-20)
(0.76403 -0.708903 6.83378e-21)
(0.796958 -0.697515 -7.50427e-21)
(0.818312 -0.67251 -4.60403e-20)
(0.83315 -0.64101 -2.07343e-20)
(0.844636 -0.607399 7.66607e-21)
(0.854513 -0.574021 3.7622e-20)
(0.863619 -0.541936 -6.99267e-20)
(0.872306 -0.51151 -1.54911e-20)
(0.880706 -0.482791 7.08032e-21)
(0.888847 -0.455717 5.60955e-20)
(0.896659 -0.430238 -1.00405e-19)
(0.904129 -0.406273 1.17896e-20)
(0.911829 -0.383356 9.52549e-20)
(0.920489 -0.360806 -8.03768e-21)
(0.148733 -0.15316 -5.93545e-21)
(0.376697 -0.383808 5.87253e-20)
(0.549157 -0.545876 4.5239e-20)
(0.672605 -0.647127 -6.22718e-20)
(0.756035 -0.698801 1.80125e-20)
(0.809501 -0.713734 -1.28865e-20)
(0.842449 -0.704221 1.57751e-20)
(0.862608 -0.680381 -8.56582e-21)
(0.875553 -0.64948 1.60146e-20)
(0.884826 -0.616087 1.84118e-20)
(0.892411 -0.582706 5.00517e-20)
(0.899276 -0.550503 3.46404e-21)
(0.905831 -0.519908 1.31245e-20)
(0.912226 -0.490997 -4.70164e-20)
(0.918494 -0.46372 4.135e-20)
(0.924552 -0.438027 1.58773e-20)
(0.930256 -0.413841 -4.78407e-20)
(0.156248 -0.149235 6.88026e-20)
(0.39707 -0.376515 -4.74421e-20)
(0.57962 -0.538777 -9.48448e-21)
(0.710361 -0.642224 9.05393e-20)
(0.798395 -0.69679 -7.42801e-20)
(0.854091 -0.714461 5.88449e-20)
(0.887401 -0.707107 -1.45157e-20)
(0.906622 -0.684746 1.06238e-20)
(0.917846 -0.654742 2.02569e-20)
(0.925012 -0.621831 -5.63522e-21)
(0.930366 -0.588676 -1.66433e-20)
(0.935026 -0.556557 -2.53767e-20)
(0.939468 -0.525971 7.4388e-21)
(0.943863 -0.497033 -4.92438e-22)
(0.948253 -0.469701 -1.90074e-22)
(0.952592 -0.443902 3.7498e-20)
(0.162872 -0.144255 -1.33022e-19)
(0.415567 -0.366588 5.07564e-20)
(0.607895 -0.528053 -7.40986e-20)
(0.746044 -0.633217 -7.5752e-20)
(0.839029 -0.690576 6.74905e-20)
(0.897375 -0.711132 1.83838e-20)
(0.931433 -0.706207 -1.23164e-20)
(0.950022 -0.685635 -3.36396e-20)
(0.95974 -0.656824 -2.00339e-20)
(0.96494 -0.624659 1.94239e-20)
(0.968151 -0.591958 -1.52195e-21)
(0.970661 -0.560122 6.77396e-21)
(0.97303 -0.529722 2.66427e-21)
(0.975458 -0.500913 4.07936e-21)
(0.978002 -0.473672 2.55288e-21)
(0.168548 -0.138304 -9.92467e-20)
(0.43191 -0.354161 1.25417e-19)
(0.633586 -0.513874 4.70078e-20)
(0.779208 -0.620251 -1.5891e-19)
(0.877484 -0.680267 -2.90632e-20)
(0.938925 -0.703824 1.93865e-20)
(0.974163 -0.701582 1.07569e-19)
(0.992474 -0.6831 -7.28431e-20)
(1.00095 -0.655775 -3.83783e-20)
(1.00436 -0.624619 1.74019e-20)
(1.00554 -0.5926 -5.66949e-21)
(1.00598 -0.561242 -1.58709e-20)
(1.00634 -0.5312 -1.59606e-20)
(1.00686 -0.502676 1.20181e-21)
(0.173169 -0.131361 6.53946e-20)
(0.445904 -0.339369 6.50717e-20)
(0.656309 -0.496468 9.12766e-20)
(0.809422 -0.603518 -7.98672e-20)
(0.913312 -0.66601 -4.18634e-20)
(0.978313 -0.692652 8.87575e-20)
(1.0152 -0.693323 -3.84827e-20)
(1.03364 -0.677217 -7.45754e-20)
(1.04117 -0.651667 1.37384e-19)
(1.04301 -0.621779 1.88422e-20)
(1.04232 -0.590666 -6.19969e-20)
(1.04079 -0.55998 2.40995e-20)
(1.03922 -0.530464 5.65398e-22)
(0.176554 -0.123636 -8.65034e-20)
(0.457289 -0.322555 2.24407e-20)
(0.675726 -0.47607 -5.43783e-20)
(0.836264 -0.583233 2.17514e-20)
(0.946089 -0.647986 -7.4926e-20)
(1.01512 -0.677758 9.33094e-21)
(1.05417 -0.681543 5.0367e-20)
(1.07319 -0.668085 -1.81901e-20)
(1.08014 -0.64459 -2.87619e-21)
(1.08066 -0.616226 -7.42434e-21)
(1.07827 -0.586239 -3.85311e-20)
(1.07491 -0.556413 5.69522e-20)
(1.07151 -0.52759 3.11643e-20)
(0.178683 -0.115302 1.93409e-19)
(0.465831 -0.303962 5.36121e-20)
(0.691521 -0.452974 5.85027e-20)
(0.859284 -0.559678 1.83337e-19)
(0.975358 -0.626408 -2.51844e-20)
(1.04894 -0.659307 -7.86524e-20)
(1.09068 -0.666382 1.31373e-19)
(1.11077 -0.655825 -2.20722e-20)
(1.11755 -0.634655 -3.46809e-20)
(1.11706 -0.608063 3.16611e-20)
(1.11319 -0.579418 8.26857e-20)
(1.10815 -0.550637 -7.94879e-20)
(0.179531 -0.106489 1.35243e-19)
(0.471368 -0.283867 1.29349e-20)
(0.703438 -0.427484 -2.70483e-19)
(0.878136 -0.533135 7.03579e-20)
(1.00064 -0.601561 1.42341e-19)
(1.07931 -0.637508 -1.56165e-19)
(1.12437 -0.647996 2.00608e-20)
(1.14606 -0.640577 -1.57215e-19)
(1.15312 -0.621989 1.96947e-20)
(1.15197 -0.597411 -9.47718e-20)
(1.14688 -0.570318 2.57051e-22)
(0.179078 -0.0973165 1.31655e-19)
(0.473778 -0.262554 4.83288e-20)
(0.711221 -0.399956 -1.2624e-19)
(0.892523 -0.50394 1.01443e-19)
(1.02158 -0.57371 4.21794e-20)
(1.10577 -0.612625 8.29113e-21)
(1.1548 -0.626587 1.41177e-19)
(1.17875 -0.622487 1.45912e-19)
(1.18657 -0.606741 -3.3082e-20)
(1.18515 -0.584405 5.47025e-20)
(0.17732 -0.0879061 3.73479e-21)
(0.472984 -0.24032 -1.93055e-19)
(0.714665 -0.37077 -9.24596e-20)
(0.90213 -0.472463 -8.94047e-20)
(1.03785 -0.543176 -1.8438e-19)
(1.128 -0.584896 1.08971e-19)
(1.18157 -0.602391 -6.57529e-20)
(1.20844 -0.601778 -1.48839e-19)
(1.21763 -0.58905 -1.5623e-19)
(1.21639 -0.569181 -8.23821e-20)
(0.174268 -0.0783946 2.81054e-19)
(0.468951 -0.217484 -8.94396e-20)
(0.713626 -0.340325 1.72712e-19)
(0.90669 -0.439107 -1.33661e-19)
(1.04908 -0.510318 1.8054e-19)
(1.14561 -0.554624 6.43821e-20)
(1.20435 -0.575637 6.58051e-20)
(1.23478 -0.57862 1.94406e-19)
(1.24598 -0.569102 -1.82737e-19)
(0.169959 -0.0689231 -1.99722e-19)
(0.461693 -0.194372 -2.06889e-22)
(0.70802 -0.309035 -2.73288e-19)
(0.905994 -0.404294 1.65032e-19)
(1.05496 -0.475518 -1.20566e-19)
(1.15823 -0.522128 3.06102e-20)
(1.22277 -0.546575 3.22266e-20)
(1.25748 -0.553227 -1.38281e-19)
(1.27133 -0.547083 7.90952e-20)
(0.164452 -0.0596293 2.48536e-20)
(0.451272 -0.171315 2.47387e-20)
(0.697827 -0.277326 5.07732e-20)
(0.899898 -0.368467 -1.18501e-20)
(1.05522 -0.439183 3.82597e-19)
(1.16551 -0.487751 -6.43404e-20)
(1.23645 -0.515484 -7.86657e-22)
(1.27617 -0.525828 -1.42994e-19)
(0.157829 -0.0506443 -4.13703e-20)
(0.437807 -0.148635 -1.66716e-19)
(0.6831 -0.245631 2.13044e-19)
(0.888328 -0.332089 -1.83246e-20)
(1.04966 -0.401741 -2.69069e-19)
(1.16714 -0.451858 1.91668e-20)
(1.24503 -0.482665 -4.62104e-20)
(1.29051 -0.496662 2.17481e-19)
(0.150195 -0.0420891 -6.00681e-20)
(0.421472 -0.126645 8.92977e-20)
(0.663962 -0.214377 5.29627e-20)
(0.871281 -0.295628 -1.99064e-19)
(1.03813 -0.36364 1.66001e-20)
(1.16286 -0.414838 1.52868e-19)
(1.24818 -0.448431 -1.73808e-19)
(1.30015 -0.46598 6.90583e-20)
(0.141671 -0.0340723 1.14567e-19)
(0.402495 -0.105639 -1.74695e-19)
(0.640619 -0.183984 6.15468e-20)
(0.848841 -0.259557 -1.70658e-19)
(1.02055 -0.325342 1.5579e-19)
(1.15244 -0.377095 -9.41515e-20)
(1.24558 -0.413115 -1.07379e-20)
(1.30473 -0.434042 1.20572e-19)
(0.132396 -0.0266876 1.83769e-19)
(0.381155 -0.0858826 7.11099e-20)
(0.613351 -0.154848 -1.84893e-20)
(0.821182 -0.224342 1.89367e-19)
(0.996922 -0.287313 -1.65522e-19)
(1.13571 -0.33905 1.98796e-19)
(1.23693 -0.377062 -2.57655e-20)
(0.122524 -0.0200113 -2.95788e-21)
(0.357779 -0.0676114 -3.56076e-21)
(0.582517 -0.127336 -3.65002e-20)
(0.78857 -0.190431 3.06512e-20)
(0.967343 -0.250022 -1.21049e-19)
(1.11258 -0.301131 -1.08096e-19)
(1.22197 -0.340633 -3.19271e-20)
(0.112217 -0.0141004 4.56714e-20)
(0.332735 -0.0510208 5.13058e-20)
(0.548553 -0.101777 -1.54061e-20)
(0.751373 -0.158249 3.33802e-20)
(0.932011 -0.21393 9.05776e-20)
(1.08302 -0.263778 -3.87291e-20)
(1.2005 -0.304199 1.85226e-20)
(0.101646 -0.00899189 -4.57216e-20)
(0.306421 -0.0362625 -4.64363e-22)
(0.511959 -0.0784516 -2.73809e-20)
(0.710056 -0.128183 9.37524e-22)
(0.891234 -0.179478 -4.86889e-20)
(1.04712 -0.227426 -1.34656e-20)
(1.17237 -0.268145 1.30327e-20)
(0.0909808 -0.00470163 -2.29163e-20)
(0.279262 -0.0234404 -1.15303e-20)
(0.473293 -0.057583 -4.89017e-21)
(0.665177 -0.100573 2.70582e-20)
(0.845439 -0.147084 3.60228e-21)
(1.00509 -0.192509 2.20597e-20)
(1.13753 -0.232864 5.1697e-21)
(0.0803883 -0.00122465 -1.83149e-20)
(0.25169 -0.0126078 -2.13157e-21)
(0.433162 -0.0393334 -4.02272e-21)
(0.617386 -0.075703 9.19985e-21)
(0.795174 -0.117126 -8.46386e-21)
(0.957248 -0.159445 2.69682e-20)
(1.09603 -0.198753 2.23783e-20)
(0.0700269 0.00146406 -4.38337e-20)
(0.224136 -0.0037664 -8.15554e-21)
(0.392196 -0.0237964 1.37866e-20)
(0.567402 -0.0537894 -2.35949e-20)
(0.741106 -0.0899332 -2.81596e-20)
(0.90407 -0.128629 3.71012e-20)
(1.04806 -0.16621 -6.24106e-20)
(0.0600412 0.00340745 -6.26419e-20)
(0.197017 0.00313102 7.08699e-20)
(0.351037 -0.0109962 4.56131e-21)
(0.516004 -0.0349749 -1.39726e-20)
(0.684012 -0.0657723 4.26327e-20)
(0.846178 -0.100418 1.93662e-20)
(0.993956 -0.135627 4.21109e-20)
(0.050559 0.00466411 2.50562e-20)
(0.17072 0.00817791 -5.96656e-20)
(0.310314 -0.000888107 1.6136e-20)
(0.464 -0.0193228 -1.27508e-19)
(0.624763 -0.0448394 -4.55009e-21)
(0.784344 -0.0751254 -3.14951e-20)
(0.934244 -0.107378 -8.41482e-20)
(0.0416874 0.00530532 -1.18822e-19)
(0.145594 0.0115084 1.57945e-19)
(0.270626 0.00663864 -6.83451e-20)
(0.412208 -0.00681478 5.17613e-20)
(0.564299 -0.0272496 -4.60238e-21)
(0.719481 -0.0529983 8.36852e-20)
(0.869634 -0.0818046 2.10082e-19)
(0.0335105 0.00541154 -1.85691e-19)
(0.121936 0.0132901 -9.86542e-20)
(0.232519 0.0117541 9.73959e-20)
(0.361421 0.00264741 -1.6173e-19)
(0.503597 -0.0130304 3.89022e-20)
(0.652619 -0.0342111 5.13768e-20)
(0.80103 -0.0592058 5.81124e-20)
(0.941211 -0.0858912 -9.92259e-20)
(0.0260884 0.00506882 -4.88897e-20)
(0.0999874 0.013716 5.25705e-20)
(0.196469 0.0146786 -8.01811e-20)
(0.312378 0.00923684 1.98432e-19)
(0.443636 -0.00211988 1.3731e-20)
(0.584872 -0.0188509 -2.51121e-19)
(0.72951 -0.0398162 8.57109e-20)
(0.870359 -0.0633692 -2.96384e-19)
(0.019457 0.0043652 6.63321e-20)
(0.0799276 0.0129957 -1.97902e-20)
(0.162869 0.0156718 -1.46969e-19)
(0.265737 0.013192 2.78596e-19)
(0.385349 0.00563094 -1.39696e-19)
(0.51739 -0.00691091 2.44152e-20)
(0.656295 -0.0237907 9.57803e-21)
(0.795587 -0.0438478 2.13043e-19)
(0.0136294 0.00338747 7.65615e-20)
(0.0618725 0.0113458 7.11445e-20)
(0.132019 0.0150198 -9.9495e-20)
(0.222056 0.0148041 2.76783e-19)
(0.32959 0.01045 -4.43882e-20)
(0.451305 0.00171155 2.33057e-20)
(0.582695 -0.011191 2.49895e-20)
(0.718196 -0.0275534 6.86851e-20)
(0.00859825 0.00221826 -7.54752e-20)
(0.0458772 0.00898169 8.74836e-20)
(0.104121 0.0130215 -4.89182e-20)
(0.181768 0.0144008 -2.75855e-20)
(0.277096 0.0126305 -1.15445e-19)
(0.387679 0.00720952 1.53055e-20)
(0.510045 -0.00197761 1.24347e-19)
(0.639644 -0.0146241 -1.7512e-19)
(0.771041 -0.0300148 8.33601e-20)
(0.0043381 0.000933617 -6.32714e-20)
(0.03194 0.0061088 -8.50326e-20)
(0.0792827 0.00997456 2.03778e-19)
(0.145179 0.012328 -2.68364e-19)
(0.228459 0.0125118 7.16929e-20)
(0.327451 0.00985257 4.08045e-19)
(0.439628 0.00398771 -3.33108e-20)
(0.561466 -0.00509643 -1.23911e-19)
(0.688467 -0.0170497 2.50503e-19)
(0.000808522 -0.00039907 1.23872e-19)
(0.0200084 0.00291506 1.49155e-20)
(0.0575201 0.00616075 1.40105e-19)
(0.112467 0.00892912 -3.11581e-19)
(0.184112 0.0104556 -1.19131e-19)
(0.271398 0.00996488 -2.0607e-19)
(0.372611 0.00692953 -1.14402e-19)
(0.485186 0.00109874 -9.69767e-20)
(0.605617 -0.00747695 -6.55203e-20)
(0.729529 -0.0184221 -3.07084e-21)
(-0.00204332 -0.001723 -3.20003e-19)
(0.0099858 -0.00043658 3.81409e-20)
(0.0387684 0.00183253 2.74761e-20)
(0.0836844 0.00452513 1.75331e-19)
(0.144326 0.00682 -2.7095e-20)
(0.22011 0.00789732 2.21061e-20)
(0.309984 0.00713532 -1.03713e-19)
(0.412222 0.00412536 1.69054e-19)
(0.524272 -0.00130584 1.62426e-19)
(0.642697 -0.00906141 3.52932e-19)
(-0.00428089 -0.00299396 3.63316e-21)
(0.00173795 -0.00381477 -3.75082e-20)
(0.0228916 -0.00279966 2.22721e-19)
(0.0587725 -0.000604873 -3.44763e-19)
(0.109215 0.00193396 5.46981e-20)
(0.173982 0.00399729 -2.00202e-19)
(0.252528 0.00492545 -1.16816e-19)
(0.343812 0.00422032 6.99239e-20)
(0.446129 0.00155911 8.1639e-20)
(0.556974 -0.00317224 -3.13723e-19)
(0.673021 -0.00985037 -6.10674e-20)
(-0.00597649 -0.00418241 -3.65463e-20)
(-0.0049003 -0.0071256 2.21075e-19)
(0.00969427 -0.00757704 -2.20781e-19)
(0.0375767 -0.00623814 2.9817e-19)
(0.0787511 -0.00392325 -1.31922e-19)
(0.133219 -0.00141792 4.40691e-20)
(0.200793 0.000622603 1.05077e-19)
(0.280959 0.00166471 6.34209e-20)
(0.372703 0.00130058 -1.12109e-20)
(0.474362 -0.000726375 1.28514e-19)
(0.583513 -0.0044913 -2.12828e-19)
(0.696975 -0.00986495 3.58136e-20)
(-0.00720972 -0.00527486 2.00332e-21)
(-0.0101186 -0.0103157 -2.17881e-20)
(-0.00106686 -0.0123974 1.19626e-19)
(0.0198609 -0.0122158 -4.89595e-21)
(0.0527819 -0.0105338 6.51614e-20)
(0.0978441 -0.00807861 2.32208e-19)
(0.155097 -0.00547144 -4.56517e-19)
(0.22439 -0.00324248 9.37112e-20)
(0.305239 -0.00183441 -1.4583e-19)
(0.396674 -0.00158645 -8.96585e-20)
(0.497097 -0.00270966 4.57916e-19)
(0.6042 -0.00526067 -6.88976e-20)
(0.714979 -0.00912231 -1.58077e-19)
(-0.00806517 -0.00627456 2.95987e-20)
(-0.0141232 -0.0133724 5.53147e-20)
(-0.00967061 -0.0172135 2.44611e-19)
(0.00532432 -0.018441 -4.34746e-20)
(0.0310464 -0.0177412 2.05019e-19)
(0.0677199 -0.0157665 -3.26351e-19)
(0.115526 -0.0130855 8.15079e-20)
(0.174544 -0.0101999 1.4682e-19)
(0.244653 -0.00755253 -6.55124e-20)
(0.325406 -0.00551891 2.90669e-19)
(0.415889 -0.00439061 -1.97819e-19)
(0.514603 -0.00435285 1.71521e-19)
(0.619386 -0.00546161 3.14414e-19)
(-0.00862884 -0.00720042 -2.892e-20)
(-0.0171278 -0.0163189 -1.64262e-19)
(-0.0164177 -0.0220252 9.19147e-20)
(-0.00638217 -0.024868 3.22711e-21)
(0.013195 -0.0254383 3.72803e-20)
(0.0425616 -0.0243046 7.13456e-20)
(0.0819522 -0.0219733 -3.84453e-19)
(0.131562 -0.0189045 -6.85051e-20)
(0.19149 -0.0155204 3.7181e-19)
(0.261643 -0.0122019 -2.09114e-19)
(0.341621 -0.00927822 -9.64347e-20)
(0.430594 -0.0070118 -2.19183e-19)
(0.527184 -0.00557886 -1.5779e-19)
(0.629405 -0.00505078 1.53408e-19)
(-0.00898316 -0.00808366 -8.75509e-20)
(-0.0193418 -0.0192049 1.05485e-19)
(-0.0216151 -0.026864 -2.97894e-20)
(-0.0156375 -0.0314832 -3.53684e-21)
(-0.00119092 -0.0335467 -1.84009e-19)
(0.021959 -0.0335365 -2.20054e-19)
(0.0540433 -0.0318956 2.30604e-19)
(0.0952908 -0.0290388 1.33179e-19)
(0.145902 -0.0253589 -4.25264e-19)
(0.205991 -0.0212249 -1.53775e-19)
(0.2755 -0.0169756 -6.59015e-20)
(0.354092 -0.0129103 4.92927e-20)
(0.441035 -0.00927707 -7.22392e-20)
(0.535101 -0.00625915 3.41278e-20)
(0.634498 -0.00396279 -4.36832e-20)
(-0.00920128 -0.00896249 3.41683e-21)
(-0.0209571 -0.0220942 -1.0254e-19)
(-0.0255588 -0.0317749 -3.55062e-19)
(-0.0228295 -0.0382828 1.38979e-19)
(-0.0125738 -0.0419921 2.10978e-19)
(0.00540419 -0.0433025 2.03312e-19)
(0.0312955 -0.0425986 -3.35792e-19)
(0.065306 -0.040254 4.2324e-19)
(0.107655 -0.0366331 -1.39837e-20)
(0.158547 -0.0320867 2.73753e-19)
(0.218116 -0.0269474 1.79677e-19)
(0.286345 -0.021525 2.06392e-19)
(0.362972 -0.0160998 7.48383e-20)
(0.447374 -0.0109184 1.0952e-19)
(0.538474 -0.00619037 -9.8195e-20)
(0.634681 -0.00209462 3.59354e-19)
(-0.00934163 -0.00987545 -2.01241e-19)
(-0.0221365 -0.0250488 -6.47608e-20)
(-0.0285163 -0.0367967 2.03779e-19)
(-0.0283316 -0.0452513 1.48784e-19)
(-0.0214307 -0.0506829 -3.4737e-21)
(-0.00767179 -0.0534194 -1.56793e-19)
(0.013076 -0.0537977 -9.46048e-20)
(0.0409633 -0.0521598 -1.02962e-19)
(0.0761758 -0.0488488 -9.03531e-21)
(0.118927 -0.0442008 -3.65774e-21)
(0.16943 -0.0385362 -3.06205e-19)
(0.227842 -0.0321591 -5.17034e-19)
(0.294192 -0.025354 7.77332e-20)
(0.368283 -0.0183854 -3.02639e-19)
(0.44959 -0.0115032 2.97075e-19)
(0.537148 -0.00495534 -1.69896e-19)
(0.629505 0.000962119 -3.06226e-19)
(-0.00944403 -0.0108544 2.64296e-19)
(-0.0230038 -0.0281153 -1.2856e-19)
(-0.0307113 -0.0419454 -1.82337e-19)
(-0.0324808 -0.0523451 2.16536e-19)
(-0.0282213 -0.0594963 -1.69313e-19)
(-0.0178542 -0.0636711 8.79482e-20)
(-0.00131753 -0.0651736 -6.91811e-20)
(0.0214705 -0.0643279 2.24298e-19)
(0.0506358 -0.0614668 -2.26575e-20)
(0.086356 -0.0569198 -1.74128e-21)
(0.128846 -0.0510006 3.91203e-19)
(0.17833 -0.0439987 1.93643e-19)
(0.234993 -0.0361843 -1.60459e-20)
(0.298897 -0.0278067 1.07549e-19)
(0.369895 -0.0190985 -5.52694e-20)
(0.447512 -0.0102861 -1.24479e-19)
(0.53086 -0.00162037 2.05884e-19)
(0.618325 0.00683611 -4.10061e-20)
(0.707183 0.0162012 -2.82005e-19)
(-0.00952844 -0.0119189 -3.10952e-20)
(-0.0236399 -0.0313132 -2.21816e-19)
(-0.0323144 -0.0472024 -1.114e-19)
(-0.0355593 -0.0594836 -1.63441e-19)
(-0.0333579 -0.0682739 3.57462e-19)
(-0.0256993 -0.07381 -1.48459e-19)
(-0.012591 -0.0763816 8.65735e-20)
(0.00597858 -0.0763114 -2.42832e-19)
(0.0300689 -0.0739363 1.27463e-19)
(0.0597995 -0.0695873 -7.95606e-20)
(0.0953524 -0.0635786 5.40275e-20)
(0.136958 -0.0561924 -2.27393e-19)
(0.184856 -0.0476769 1.60165e-19)
(0.23925 -0.0382502 -1.25116e-19)
(0.300231 -0.0281028 -2.84234e-19)
(0.367693 -0.0174053 1.63099e-19)
(0.441262 -0.00633247 -3.6046e-20)
(0.520069 0.00506078 2.16415e-19)
(0.601668 0.0178508 -2.61272e-20)
(0.698478 0.0174161 1.21208e-19)
(-0.00959654 -0.0130726 -2.81449e-19)
(-0.0240838 -0.034629 7.48414e-20)
(-0.0334398 -0.0525098 1.81995e-19)
(-0.0377844 -0.0665483 1.06817e-19)
(-0.0371837 -0.0768261 -2.05616e-19)
(-0.0316956 -0.0835686 1.01744e-19)
(-0.0213934 -0.087071 -4.2301e-20)
(-0.00632964 -0.0876715 1.92733e-19)
(0.0134931 -0.0857259 -5.54445e-22)
(0.0381378 -0.0815815 -9.63773e-20)
(0.0677406 -0.0755579 -1.44503e-19)
(0.102502 -0.0679366 2.09977e-19)
(0.14267 -0.0589515 1.47899e-19)
(0.188505 -0.0487905 1.28571e-19)
(0.240229 -0.0376011 1.76087e-19)
(0.297972 -0.0255006 -3.2572e-19)
(0.36171 -0.0125963 -2.24818e-19)
(0.431018 0.00108955 1.67319e-19)
(0.504303 0.0158674 2.84857e-19)
(0.592516 0.0197459 -2.34011e-19)
(-0.00963567 -0.0143021 8.89422e-20)
(-0.0243401 -0.0380155 -2.64026e-20)
(-0.0341507 -0.0577724 -8.1649e-20)
(-0.0393078 -0.0733891 -4.4162e-20)
(-0.0399623 -0.0849442 -1.66586e-19)
(-0.0362396 -0.0926775 5.40113e-19)
(-0.0282715 -0.0969104 -3.41503e-19)
(-0.0161648 -0.0980131 2.59343e-19)
(2.67874e-05 -0.0963735 1.24706e-21)
(0.020318 -0.0923663 1.097e-20)
(0.0448 -0.086329 1.1926e-19)
(0.0736383 -0.0785476 -6.8851e-21)
(0.107062 -0.0692491 -1.31804e-19)
(0.145341 -0.0586012 -8.99654e-20)
(0.188757 -0.0467196 9.76368e-20)
(0.237565 -0.0336836 -1.12294e-19)
(0.291939 -0.0195599 2.95676e-19)
(0.351705 -0.00439097 5.72951e-20)
(0.416244 0.0113119 -9.01441e-20)
(0.493481 0.0177408 1.68682e-19)
(-0.00962423 -0.0155789 1.22362e-19)
(-0.024389 -0.0413952 -4.7336e-20)
(-0.0344703 -0.0628652 1.00403e-19)
(-0.0402233 -0.079835 -2.12682e-19)
(-0.0418807 -0.0924148 -1.13552e-19)
(-0.0396291 -0.100884 -1.45339e-19)
(-0.0336505 -0.10561 1.62829e-19)
(-0.024094 -0.10701 3.67705e-20)
(-0.0110519 -0.105517 6.75176e-20)
(0.00545451 -0.10154 1.51384e-19)
(0.0254816 -0.0954426 -4.16912e-19)
(0.0491631 -0.0875239 7.32024e-20)
(0.0767034 -0.0780116 -7.97774e-20)
(0.108363 -0.0670641 -6.83748e-20)
(0.14444 -0.0547818 -3.51613e-20)
(0.185249 -0.0412305 4.67653e-21)
(0.231059 -0.0264789 1.44249e-19)
(0.281864 -0.0106779 -1.91242e-19)
(0.337774 0.00499997 -1.13008e-20)
(0.403691 0.0124169 -1.89555e-19)
(-0.00953743 -0.0168622 -1.30597e-19)
(-0.024199 -0.044669 -1.68874e-19)
(-0.0343961 -0.0676438 -4.27263e-20)
(-0.0405822 -0.0857078 8.33781e-20)
(-0.0430611 -0.099035 -2.88272e-20)
(-0.0420721 -0.107968 4.54753e-20)
(-0.0378361 -0.112938 -4.15426e-20)
(-0.0305326 -0.114423 1.04974e-19)
(-0.0202791 -0.112908 -4.21579e-20)
(-0.00711992 -0.108844 -2.37066e-19)
(0.00897813 -0.102627 1.99085e-19)
(0.0281261 -0.0945727 9.52094e-20)
(0.0505072 -0.0849193 5.42099e-20)
(0.0763672 -0.0738278 -2.05737e-19)
(0.106003 -0.0614023 1.28919e-19)
(0.139749 -0.0477253 -2.79275e-19)
(0.177913 -0.0329175 -9.9891e-20)
(0.220598 -0.0173057 3.81779e-20)
(0.26833 -0.00251919 -2.30176e-19)
(0.323703 0.0046515 2.40596e-19)
(-0.00935241 -0.0181039 -3.04772e-20)
(-0.0237382 -0.0477252 1.29106e-19)
(-0.0339154 -0.0719573 1.12369e-19)
(-0.0404098 -0.0908355 -2.34781e-19)
(-0.04358 -0.104626 1.01852e-19)
(-0.0437056 -0.113753 -1.48532e-19)
(-0.041034 -0.118729 -1.74822e-19)
(-0.0357623 -0.120101 1.36802e-19)
(-0.0280204 -0.118412 -1.76138e-19)
(-0.0178641 -0.114161 2.1201e-19)
(-0.00527189 -0.107774 1.17047e-19)
(0.00985388 -0.099594 -2.59463e-20)
(0.0276818 -0.0898727 1.71548e-19)
(0.0484438 -0.0787867 1.3275e-19)
(0.0724283 -0.0664627 -2.54375e-19)
(0.0999686 -0.0530274 1.02785e-19)
(0.131374 -0.0386889 -1.46324e-19)
(0.16681 -0.0239608 3.31606e-19)
(0.206952 -0.0107013 -1.54455e-19)
(0.252866 -0.00446091 2.9906e-19)
(-0.00905209 -0.019253 -1.66694e-19)
(-0.0229833 -0.05045 -1.64612e-19)
(-0.0330182 -0.0756608 7.75452e-20)
(-0.039722 -0.0950643 -6.04579e-20)
(-0.0434874 -0.109041 1.73234e-19)
(-0.0446192 -0.118114 8.32098e-21)
(-0.0433774 -0.122885 -5.97343e-20)
(-0.0399637 -0.123977 2.90188e-19)
(-0.0345095 -0.121995 -1.18646e-19)
(-0.0270713 -0.117485 2.27477e-20)
(-0.0176301 -0.110909 -2.38693e-19)
(-0.00609392 -0.102633 -1.38096e-19)
(0.00769672 -0.0929309 -2.77349e-20)
(0.0239621 -0.0820031 -9.83558e-20)
(0.0429776 -0.070012 3.38288e-21)
(0.06506 -0.0571428 -1.73881e-19)
(0.0904965 -0.0436973 3.6252e-19)
(0.119469 -0.030325 -9.90618e-20)
(0.15263 -0.0188808 -3.95402e-19)
(0.19015 -0.0136976 2.29035e-19)
(-0.00862757 -0.0202599 1.13274e-19)
(-0.0219261 -0.0527372 -8.94222e-20)
(-0.031707 -0.0786257 2.05182e-20)
(-0.0385385 -0.0982679 1.0661e-19)
(-0.0428243 -0.112173 -2.04809e-20)
(-0.0448771 -0.120975 6.77421e-20)
(-0.0449551 -0.125368 5.64738e-20)
(-0.0432527 -0.126054 1.21569e-19)
(-0.0398924 -0.123699 -6.6877e-23)
(-0.0349233 -0.118896 -3.00821e-19)
(-0.0283221 -0.112139 1.41137e-19)
(-0.0199976 -0.10382 1.61144e-19)
(-0.00979604 -0.0942353 -1.6185e-19)
(0.00249093 -0.0836125 1.58787e-19)
(0.0171202 -0.0721526 3.20316e-20)
(0.03438 -0.0600956 -3.9618e-20)
(0.0545185 -0.0478125 -3.22575e-19)
(0.0776957 -0.0360031 9.13896e-20)
(0.104467 -0.0263345 -6.87256e-20)
(0.134593 -0.0220097 1.26233e-19)
(-0.00807902 -0.0210807 -1.59842e-20)
(-0.0205759 -0.0544956 7.73276e-22)
(-0.0300019 -0.0807483 2.06062e-19)
(-0.0368914 -0.100354 1.034e-20)
(-0.0416347 -0.113959 -1.72749e-19)
(-0.0445348 -0.122308 9.95015e-20)
(-0.0458345 -0.126191 8.53655e-20)
(-0.0457095 -0.126386 -8.70105e-20)
(-0.0442654 -0.123617 1.05521e-20)
(-0.0415379 -0.118518 1.58236e-19)
(-0.0374955 -0.111613 1.43096e-20)
(-0.0320451 -0.103316 3.58524e-20)
(-0.025039 -0.0939442 -4.29342e-20)
(-0.0162831 -0.0837477 -5.9965e-20)
(-0.00554593 -0.0729577 -2.20594e-19)
(0.0074214 -0.0618494 1.57585e-19)
(0.0228162 -0.0508189 1.30307e-19)
(0.0407453 -0.0405238 -1.90048e-20)
(0.0616152 -0.0323266 7.94129e-20)
(0.0850832 -0.0285116 5.74275e-21)
(-0.00741538 -0.0216794 -9.5209e-20)
(-0.0189601 -0.0556548 -1.32282e-20)
(-0.0279424 -0.0819559 1.12999e-19)
(-0.034829 -0.101269 -6.02908e-20)
(-0.0399726 -0.114374 1.7327e-19)
(-0.0436506 -0.122127 -7.39633e-20)
(-0.0460773 -0.125408 -1.18505e-19)
(-0.0474006 -0.125065 1.35955e-19)
(-0.0477031 -0.121872 -1.38327e-19)
(-0.0470031 -0.116497 -7.5479e-20)
(-0.0452596 -0.10949 3.99522e-20)
(-0.042378 -0.101279 7.71956e-20)
(-0.0382185 -0.0921952 4.02694e-21)
(-0.0326059 -0.0825024 2.92056e-20)
(-0.0253408 -0.0724446 1.221e-19)
(-0.0162206 -0.0623025 -8.57111e-20)
(-0.00510416 -0.05245 1.6507e-20)
(0.00803895 -0.0434302 -1.048e-19)
(0.0234168 -0.0362363 -2.2973e-19)
(0.0408494 -0.0324969 -3.32173e-20)
(-0.00665307 -0.0220297 2.75311e-20)
(-0.0171213 -0.0561689 1.12182e-19)
(-0.0255859 -0.0822087 -7.18821e-20)
(-0.0324148 -0.100995 -1.96918e-19)
(-0.0379043 -0.113436 6.64723e-20)
(-0.0422905 -0.120487 -9.80342e-21)
(-0.045748 -0.123109 -1.32176e-19)
(-0.0483904 -0.122209 -7.87873e-20)
(-0.0502726 -0.118603 1.74587e-21)
(-0.0513947 -0.112987 5.40079e-20)
(-0.051706 -0.105922 6.0856e-20)
(-0.0511126 -0.0978476 2.51353e-20)
(-0.0494862 -0.0890961 2.2086e-19)
(-0.0466744 -0.0799324 -1.17437e-19)
(-0.0425142 -0.0705936 1.77261e-19)
(-0.0368531 -0.0613356 -2.36399e-19)
(-0.0296051 -0.0524752 2.35606e-19)
(-0.0208175 -0.0444169 -6.201e-20)
(-0.0104815 -0.0377446 1.59847e-20)
(0.00158577 -0.0333801 -3.44398e-20)
(-0.00581539 -0.0221163 -3.81067e-20)
(-0.0151149 -0.0560173 2.09395e-20)
(-0.0230029 -0.0815013 1.10387e-19)
(-0.0297266 -0.0995553 -2.66719e-22)
(-0.0355076 -0.111198 1.87373e-19)
(-0.0405287 -0.117474 -1.10849e-19)
(-0.0449166 -0.119408 7.80655e-20)
(-0.0487454 -0.117955 5.09608e-20)
(-0.0520407 -0.113962 7.58049e-21)
(-0.0547837 -0.108139 -3.41556e-20)
(-0.0569159 -0.101055 -3.59523e-20)
(-0.0583467 -0.0931455 -9.8675e-20)
(-0.0589625 -0.0847364 1.52413e-19)
(-0.0586375 -0.0760784 -3.65031e-20)
(-0.0572467 -0.0673843 -1.15895e-19)
(-0.0546898 -0.0588634 4.94246e-20)
(-0.0509404 -0.0507483 7.28009e-20)
(-0.0460569 -0.0433085 8.88005e-20)
(-0.0399484 -0.0368438 -1.27361e-19)
(-0.0327691 -0.0315698 -4.52663e-21)
(-0.00492846 -0.021936 -6.91282e-20)
(-0.0130029 -0.0552054 -4.27868e-20)
(-0.0202736 -0.0798616 -3.84663e-20)
(-0.0268506 -0.0970054 -9.19281e-20)
(-0.0328678 -0.107747 -4.14377e-20)
(-0.0384459 -0.1132 6.58564e-20)
(-0.0436582 -0.114439 -4.83751e-20)
(-0.0485361 -0.112453 -4.15514e-20)
(-0.0530751 -0.108104 -7.51005e-21)
(-0.0572383 -0.102109 9.59987e-20)
(-0.0609616 -0.0950305 -6.11886e-20)
(-0.06416 -0.0872936 1.28414e-19)
(-0.0667371 -0.0792064 3.50104e-20)
(-0.0685948 -0.0709941 -5.9842e-20)
(-0.0696463 -0.0628319 3.25513e-20)
(-0.0698386 -0.0548715 -2.44281e-20)
(-0.0691904 -0.0472546 -1.36607e-19)
(-0.0677588 -0.0401135 -5.59874e-20)
(-0.0654375 -0.0335613 1.86418e-19)
(-0.0627273 -0.0275516 1.7395e-20)
(-0.00402067 -0.0214954 4.02889e-20)
(-0.0108513 -0.0537631 -6.07869e-21)
(-0.0174821 -0.0773473 8.17437e-20)
(-0.0238768 -0.093433 -5.37268e-20)
(-0.0300742 -0.103197 1.0828e-19)
(-0.0361269 -0.107803 -7.68449e-20)
(-0.0420514 -0.108358 7.4697e-20)
(-0.0478355 -0.105866 -2.5323e-21)
(-0.0534446 -0.101195 6.27595e-20)
(-0.058825 -0.0950549 -2.80661e-20)
(-0.0639083 -0.0879965 -4.59717e-21)
(-0.0686166 -0.0804232 -8.50333e-20)
(-0.0728714 -0.0726172 4.62885e-20)
(-0.0766021 -0.0647694 -9.9914e-21)
(-0.0797574 -0.05701 -7.70187e-21)
(-0.0823248 -0.0494294 9.51897e-20)
(-0.0843559 -0.0420857 2.92631e-20)
(-0.0859165 -0.0349987 -4.05905e-20)
(-0.086939 -0.0281493 -6.13342e-20)
(-0.0879934 -0.0213903 1.04606e-19)
(-0.00312046 -0.0208112 1.98685e-21)
(-0.00872511 -0.0517411 -7.2006e-20)
(-0.0147113 -0.0740421 2.14414e-20)
(-0.0208948 -0.0889511 -1.97258e-20)
(-0.0272163 -0.0976872 4.44803e-20)
(-0.0336575 -0.10144 1.34975e-20)
(-0.0401772 -0.101332 -6.08125e-20)
(-0.0467194 -0.0983683 2.40415e-20)
(-0.0532204 -0.0934091 3.48292e-20)
(-0.0596106 -0.0871488 3.2105e-20)
(-0.0658179 -0.0801162 5.39735e-20)
(-0.0717718 -0.0726881 -7.69356e-20)
(-0.0774104 -0.0651139 8.13286e-20)
(-0.0826877 -0.0575455 -4.41886e-20)
(-0.0875827 -0.0500644 -5.32807e-20)
(-0.0921155 -0.0427015 -1.99207e-20)
(-0.0963619 -0.035442 -3.9833e-20)
(-0.100402 -0.0282198 1.28443e-20)
(-0.104225 -0.0209162 -4.24677e-20)
(-0.108413 -0.0133072 -6.44005e-20)
(-0.00225453 -0.0199082 -2.5833e-20)
(-0.00668509 -0.0492072 2.39567e-20)
(-0.0120392 -0.0700498 -5.95825e-20)
(-0.0179899 -0.083693 1.19075e-20)
(-0.0243809 -0.0913717 3.45152e-20)
(-0.0311227 -0.0942825 -4.354e-21)
(-0.0381176 -0.0935424 -1.26161e-20)
(-0.0452666 -0.0901456 -2.40993e-20)
(-0.0524779 -0.0849326 -3.41715e-20)
(-0.0596666 -0.0785742 1.36653e-20)
(-0.0667566 -0.0715712 -4.07436e-20)
(-0.0736835 -0.0642687 -1.1205e-20)
(-0.0803992 -0.0568804 -4.42258e-21)
(-0.0868775 -0.0495168 8.92048e-22)
(-0.0931209 -0.0422119 4.52834e-20)
(-0.0991727 -0.0349415 9.48518e-21)
(-0.105125 -0.0276303 3.14075e-20)
(-0.111065 -0.0201489 1.25455e-20)
(-0.117015 -0.0123078 5.5119e-20)
(-0.123533 -0.00381399 9.35834e-21)
(-0.00144644 -0.0188176 7.9402e-21)
(-0.0047849 -0.0462418 -3.22338e-24)
(-0.00953603 -0.0654887 -8.90649e-22)
(-0.0152406 -0.0778048 7.39363e-21)
(-0.0216497 -0.0844174 -1.53876e-20)
(-0.0286056 -0.0865092 -5.09625e-21)
(-0.0359557 -0.0851769 1.83025e-20)
(-0.0435601 -0.0813898 2.27479e-20)
(-0.0512995 -0.0759598 -2.01141e-20)
(-0.0590739 -0.0695272 -1.87292e-20)
(-0.0668024 -0.0625608 -2.90688e-21)
(-0.074424 -0.0553714 1.55334e-20)
(-0.0819006 -0.0481357 -1.81586e-20)
(-0.08922 -0.0409238 2.70808e-22)
(-0.0964006 -0.0337251 -3.28964e-20)
(-0.1035 -0.0264673 3.27442e-20)
(-0.11062 -0.0190263 -7.78302e-20)
(-0.117848 -0.0112268 3.47749e-20)
(-0.125209 -0.00283145 -3.90321e-22)
(-0.133232 0.00649899 -2.57519e-20)
(-0.000715754 -0.0175741 -3.38663e-21)
(-0.00306943 -0.0429324 -1.21235e-22)
(-0.00726197 -0.060484 -1.98237e-21)
(-0.0127164 -0.0714389 1.22702e-20)
(-0.0190987 -0.0769947 -1.12606e-20)
(-0.0261867 -0.078303 1.34267e-20)
(-0.033776 -0.0764259 -2.14327e-21)
(-0.0416881 -0.0722965 -7.79072e-21)
(-0.0497772 -0.0666907 1.09223e-20)
(-0.0579277 -0.0602136 -1.41037e-21)
(-0.0660522 -0.053299 1.2611e-20)
(-0.0740902 -0.0462228 -3.07494e-21)
(-0.082009 -0.0391257 4.33357e-21)
(-0.0898046 -0.0320398 -8.007e-21)
(-0.0975039 -0.0249143 -1.6146e-21)
(-0.105172 -0.0176356 -1.1505e-20)
(-0.112912 -0.0100421 7.54927e-21)
(-0.120804 -0.00192218 -1.76693e-21)
(-0.128847 0.00698921 -6.99186e-21)
(-0.137578 0.0170509 -2.64085e-21)
(1.00871 -0.00209599 -1.60577e-21)
(0.990406 -0.0181348 -1.86289e-21)
(0.991399 -0.0202723 -1.28481e-20)
(0.969853 -0.0438059 2.41802e-22)
(0.962048 -0.0495728 1.30393e-20)
(1.00846 -0.00201278 1.41636e-20)
(0.990723 -0.0174186 1.99219e-21)
(0.990788 -0.019193 3.12462e-21)
(0.969704 -0.0418724 3.33111e-22)
(0.960457 -0.0468113 4.31408e-21)
(0.934394 -0.086045 -1.4529e-20)
(0.920689 -0.101964 9.60359e-21)
(0.895751 -0.166467 -1.20583e-21)
(0.884759 -0.198586 1.21868e-20)
(0.879765 -0.29649 -3.61836e-20)
(1.00823 -0.00193425 -1.22301e-20)
(0.991038 -0.0166862 -1.20911e-20)
(0.990214 -0.0181261 1.0436e-20)
(0.9696 -0.039899 5.7352e-21)
(0.958987 -0.0440554 -1.4586e-20)
(0.93286 -0.0817224 -6.57905e-21)
(0.91665 -0.0964029 -5.27862e-21)
(0.890093 -0.158394 -1.62065e-20)
(0.874182 -0.189957 2.30634e-21)
(0.863504 -0.28498 4.29106e-20)
(1.00801 -0.00186368 1.93432e-21)
(0.99135 -0.0159315 -5.84712e-21)
(0.98967 -0.0170674 -8.29583e-21)
(0.969534 -0.0378685 1.236e-21)
(0.957606 -0.0412996 1.56537e-20)
(0.931469 -0.0772686 9.88537e-21)
(0.912872 -0.0907713 1.45517e-20)
(0.88477 -0.149952 -1.72556e-21)
(0.864238 -0.180735 -2.56251e-20)
(0.84802 -0.2723 2.46308e-20)
(1.0078 -0.00180148 6.75496e-21)
(0.991658 -0.0151546 2.16393e-20)
(0.989148 -0.016021 1.23791e-20)
(0.9695 -0.0357846 -1.41974e-20)
(0.9563 -0.0385548 4.66156e-22)
(0.930203 -0.0726968 -8.85756e-21)
(0.909332 -0.0850826 9.58256e-21)
(0.87976 -0.141184 -1.70357e-20)
(0.854911 -0.170969 -1.22547e-20)
(0.833335 -0.25854 2.54442e-20)
(1.00759 -0.00174781 -6.7555e-21)
(0.99196 -0.014356 -1.86787e-20)
(0.988645 -0.0149896 -1.10802e-20)
(0.969495 -0.0336482 -1.25177e-21)
(0.955058 -0.0358238 -5.08564e-21)
(0.929047 -0.0680108 -1.33444e-20)
(0.906021 -0.079335 4.84892e-21)
(0.875055 -0.13212 -2.87731e-20)
(0.846194 -0.160695 2.20591e-20)
(0.819487 -0.243792 -4.25219e-20)
(1.0074 -0.00170296 -6.65589e-21)
(0.992255 -0.0135358 1.12534e-20)
(0.988159 -0.013975 9.09509e-21)
(0.969515 -0.0314592 2.79246e-21)
(0.953881 -0.0331077 -3.25252e-21)
(0.92799 -0.0632149 1.7753e-20)
(0.902939 -0.0735262 2.80728e-21)
(0.870656 -0.122787 -2.05998e-21)
(0.838089 -0.149948 3.29825e-20)
(0.806518 -0.228124 -3.00773e-20)
(1.00721 -0.00166709 3.19932e-21)
(0.992542 -0.0126942 8.90696e-21)
(0.987692 -0.0129789 -2.63015e-21)
(0.969553 -0.0292183 -1.10236e-20)
(0.952769 -0.0304068 2.17751e-21)
(0.927023 -0.0583149 -1.3408e-21)
(0.900087 -0.0676551 -3.08441e-22)
(0.866566 -0.113208 2.53715e-21)
(0.8306 -0.138764 -4.70545e-21)
(0.794469 -0.211603 3.00651e-20)
(1.00703 -0.00164024 1.77206e-20)
(0.992817 -0.011832 -9.76602e-21)
(0.987244 -0.0120025 3.82865e-21)
(0.969606 -0.0269268 6.38264e-22)
(0.951726 -0.0277209 2.91796e-21)
(0.926141 -0.0533177 -1.93517e-21)
(0.897468 -0.0617207 2.01734e-20)
(0.862792 -0.103408 -2.02625e-20)
(0.823732 -0.127177 1.94066e-20)
(0.783375 -0.194295 -2.5472e-20)
(1.00687 -0.00162224 -9.93025e-21)
(0.993076 -0.0109499 1.25235e-21)
(0.986819 -0.0110468 -1.11301e-23)
(0.969667 -0.0245867 1.62407e-20)
(0.950759 -0.025049 -1.1256e-21)
(0.925338 -0.0482318 -8.08678e-21)
(0.895084 -0.0557216 -7.70042e-21)
(0.859343 -0.0934069 4.65879e-21)
(0.817493 -0.115223 4.12337e-22)
(0.77327 -0.176271 1.21445e-20)
(1.00671 -0.00161277 1.0085e-20)
(0.993316 -0.010049 -4.28952e-21)
(0.986421 -0.0101119 1.30623e-21)
(0.969731 -0.0222009 -9.57032e-21)
(0.949871 -0.0223893 3.59711e-22)
(0.924611 -0.043067 7.40908e-21)
(0.892939 -0.049657 6.96056e-21)
(0.856226 -0.0832246 -1.67211e-20)
(0.811891 -0.102935 1.49046e-21)
(0.764184 -0.157603 4.01761e-20)
(1.00658 -0.00161131 4.35019e-21)
(0.993532 -0.00913024 2.72632e-22)
(0.986054 -0.00919703 -4.74547e-21)
(0.969793 -0.0197726 -4.50832e-21)
(0.949068 -0.0197399 2.30185e-21)
(0.92396 -0.0378328 5.40522e-22)
(0.891034 -0.0435277 -1.14275e-20)
(0.853451 -0.0728804 -1.31355e-20)
(0.806933 -0.0903483 3.08327e-20)
(0.75614 -0.138366 -9.60542e-21)
(1.00646 -0.00161715 -1.72044e-20)
(0.993719 -0.00819461 -5.71897e-21)
(0.985721 -0.00830003 -4.42118e-21)
(0.969847 -0.0173056 6.70252e-21)
(0.948354 -0.0170984 -9.52004e-21)
(0.923384 -0.0325386 -2.81532e-21)
(0.889371 -0.0373361 4.12289e-21)
(0.851023 -0.0623928 3.11729e-21)
(0.802627 -0.0774974 -1.68804e-20)
(0.749161 -0.118634 -9.87802e-22)
(1.00637 -0.00162939 5.96941e-21)
(0.993874 -0.00724295 3.20313e-21)
(0.985428 -0.00741767 -2.91332e-21)
(0.96989 -0.014804 1.7308e-21)
(0.947732 -0.0144625 8.26173e-21)
(0.922883 -0.0271934 6.67289e-21)
(0.887952 -0.0310863 8.44943e-21)
(0.848952 -0.0517807 3.26447e-21)
(0.798979 -0.0644177 -7.44533e-21)
(0.743264 -0.098484 -6.00216e-21)
(1.00629 -0.00164696 -5.44746e-21)
(0.993991 -0.00627619 -8.23478e-22)
(0.985178 -0.00654608 -1.0397e-21)
(0.969917 -0.0122725 -2.51403e-21)
(0.947206 -0.0118298 8.46343e-21)
(0.922457 -0.0218062 -7.66389e-21)
(0.886778 -0.0247838 3.18065e-21)
(0.847243 -0.0410661 -8.70406e-21)
(0.795994 -0.0511432 1.63066e-21)
(0.738462 -0.0779917 2.50585e-21)
(1.00624 -0.00166862 1.98213e-21)
(0.994069 -0.0052956 -3.73608e-21)
(0.984974 -0.00568128 5.14971e-21)
(0.969926 -0.00971605 -4.94577e-21)
(0.946778 -0.00919837 -6.14707e-21)
(0.922109 -0.0163857 3.81725e-21)
(0.88585 -0.0184363 -9.10275e-22)
(0.845901 -0.0302728 3.97106e-21)
(0.793675 -0.0377083 3.38266e-21)
(0.734766 -0.057233 3.39607e-21)
(1.00622 -0.00169299 -1.44276e-21)
(0.994103 -0.00430216 2.74349e-21)
(0.984818 -0.0048183 1.05231e-21)
(0.969914 -0.00713755 3.54068e-21)
(0.946449 -0.00656411 1.07841e-21)
(0.92184 -0.0109378 7.46996e-22)
(0.885167 -0.0120507 -3.42509e-21)
(0.844932 -0.0194214 2.86069e-22)
(0.792026 -0.0241494 4.72969e-21)
(0.732182 -0.0362809 5.62845e-22)
(1.00622 -0.00171871 1.53536e-21)
(0.994093 -0.00329635 1.40847e-21)
(0.984712 -0.00395092 -9.45205e-22)
(0.96988 -0.00453102 -1.14579e-21)
(0.94622 -0.00391224 6.74002e-22)
(0.92165 -0.00546354 -7.90569e-22)
(0.884728 -0.00562701 -1.71301e-21)
(0.844341 -0.00852151 1.57113e-22)
(0.791048 -0.0104927 5.56198e-23)
(0.730712 -0.0151901 1.54032e-21)
(0.652738 0.0222461 -5.42441e-20)
(0.726339 0.119601 3.63312e-20)
(0.816154 0.261831 -1.85805e-20)
(0.814427 0.378877 1.73415e-20)
(0.735327 0.422514 6.14981e-22)
(0.558206 0.0144193 7.59431e-20)
(0.630321 0.118648 -5.64936e-20)
(0.726906 0.26951 -2.32589e-20)
(0.734169 0.393736 1.82987e-20)
(0.661274 0.439078 2.2989e-20)
(0.470687 0.00616655 -1.32108e-20)
(0.538231 0.117324 4.25551e-20)
(0.636313 0.275919 -1.60798e-20)
(0.649748 0.407183 8.53098e-21)
(0.582195 0.455571 -2.22221e-20)
(0.390167 -0.00229945 -7.14008e-21)
(0.450314 0.116191 -4.31532e-20)
(0.545618 0.281537 5.63847e-20)
(0.562343 0.419593 -6.83855e-21)
(0.498788 0.472422 -5.51884e-21)
(0.316148 -0.0110288 -8.96932e-20)
(0.366563 0.115693 7.80248e-20)
(0.455751 0.286839 -4.57847e-20)
(0.473073 0.431267 4.598e-20)
(0.412084 0.489801 -3.36302e-20)
(0.247818 -0.0182255 -1.55647e-20)
(0.286873 0.116253 -1.04246e-20)
(0.367425 0.292156 3.39992e-20)
(0.38303 0.442465 8.50121e-21)
(0.323451 0.507846 -5.01438e-21)
(0.184486 -0.0228966 2.39173e-21)
(0.211001 0.118286 3.89266e-20)
(0.28126 0.297621 -2.97241e-20)
(0.293425 0.453505 -1.90889e-20)
(0.234631 0.525988 2.76264e-20)
(0.125547 -0.0252165 2.32582e-20)
(0.138993 0.121933 -4.11037e-20)
(0.197942 0.303169 2.02137e-21)
(0.20556 0.464593 -1.91491e-20)
(0.0707203 -0.0248881 4.44461e-20)
(0.0711016 0.127161 -3.41643e-21)
(0.118373 0.308896 -2.14899e-20)
(0.120975 0.475714 -4.97153e-21)
(0.0200173 -0.0222519 4.80966e-21)
(0.0079335 0.134013 1.59448e-20)
(0.0437238 0.315126 -2.61904e-21)
(0.0414517 0.486358 1.23505e-20)
(-0.0263417 -0.0166246 2.2417e-20)
(-0.0495898 0.142051 -4.18292e-20)
(-0.0247285 0.321745 1.34227e-20)
(-0.0310353 0.495934 1.11944e-20)
(-0.0674604 -0.0078229 -2.6817e-21)
(-0.100597 0.150713 -1.25331e-20)
(-0.085491 0.328412 9.98949e-21)
(-0.0944242 0.504054 -4.53637e-21)
(-0.102571 0.00245281 -1.93579e-20)
(-0.144072 0.159774 1.5792e-20)
(-0.137073 0.334807 1.85445e-20)
(-0.146816 0.51022 -2.27218e-20)
(-0.131136 0.0141061 3.57332e-21)
(-0.178938 0.168878 -5.98292e-21)
(-0.178168 0.340563 -3.17495e-22)
(-0.186701 0.513957 4.60369e-21)
(-0.152635 0.0272951 6.22276e-21)
(-0.204604 0.177638 -5.87823e-22)
(-0.207807 0.345292 -8.14911e-21)
(-0.213111 0.514919 -1.72569e-22)
(-0.166817 0.0408726 5.21504e-21)
(-0.220727 0.185618 -4.78567e-22)
(-0.225473 0.348632 2.64516e-21)
(-0.225694 0.512932 -4.34439e-21)
(-0.173713 0.0540872 2.42391e-22)
(-0.227326 0.192386 1.24372e-21)
(-0.231158 0.35027 -1.01054e-21)
(-0.22471 0.507957 9.11167e-22)
)
;

boundaryField
{
    inlet
    {
        type            uniformFixedValue;
        uniformValue    constant (1 0 0);
        value           uniform (1 0 0);
    }
    outlet
    {
        type            pressureInletOutletVelocity;
        value           nonuniform 0();
    }
    cylinder
    {
        type            fixedValue;
        value           uniform (0 0 0);
    }
    top
    {
        type            symmetryPlane;
    }
    bottom
    {
        type            symmetryPlane;
    }
    defaultFaces
    {
        type            empty;
    }
    procBoundary6to4
    {
        type            processor;
        value           nonuniform List<vector> 
88
(
(0.926475 -0.340817 1.77707e-21)
(0.896836 -0.306972 -3.72368e-20)
(0.935966 -0.390665 -4.82143e-20)
(0.926475 -0.340817 1.77707e-21)
(0.94285 -0.367703 4.00685e-20)
(0.935966 -0.390665 -4.82143e-20)
(0.956767 -0.419536 1.15765e-20)
(0.956767 -0.419536 1.15765e-20)
(0.980683 -0.447916 1.58448e-20)
(0.980683 -0.447916 1.58448e-20)
(1.00762 -0.475676 -6.56863e-21)
(1.00762 -0.475676 -6.56863e-21)
(1.03791 -0.502379 -1.41238e-20)
(1.03791 -0.502379 -1.41238e-20)
(1.06845 -0.50009 -1.25396e-20)
(1.10304 -0.522664 1.40168e-20)
(1.10304 -0.522664 1.40168e-20)
(1.14035 -0.542759 4.82906e-20)
(1.14035 -0.542759 4.82906e-20)
(1.17914 -0.559064 -1.5173e-19)
(1.17914 -0.559064 -1.5173e-19)
(1.20978 -0.545794 1.28402e-19)
(1.24544 -0.551902 7.24498e-20)
(1.24544 -0.551902 7.24498e-20)
(1.27206 -0.532736 -3.64725e-20)
(1.29341 -0.523183 -2.38922e-19)
(1.29341 -0.523183 -2.38922e-19)
(1.31191 -0.497597 6.49004e-20)
(1.3265 -0.470529 1.22598e-19)
(1.33685 -0.442185 -1.06803e-19)
(1.3039 -0.40112 -9.70189e-22)
(1.3039 -0.40112 -9.70189e-22)
(1.2973 -0.367495 6.0855e-21)
(1.2846 -0.33346 -3.6958e-20)
(1.26549 -0.299322 4.57482e-20)
(1.23969 -0.265397 -1.10859e-20)
(1.20699 -0.23202 1.31811e-21)
(1.16728 -0.199538 -8.87765e-21)
(1.12058 -0.168312 1.36199e-20)
(1.06704 -0.138715 -1.93235e-20)
(1.00705 -0.11112 2.72679e-20)
(1.00705 -0.11112 2.72679e-20)
(1.06646 -0.112044 4.28725e-20)
(1.00052 -0.0875913 -2.36153e-19)
(0.928543 -0.0655444 1.03906e-19)
(0.851598 -0.0462528 2.74146e-19)
(0.851598 -0.0462528 2.74146e-19)
(0.898389 -0.0470831 -7.35522e-20)
(0.815412 -0.0311644 7.42189e-20)
(0.815412 -0.0311644 7.42189e-20)
(0.851963 -0.0310541 2.31385e-19)
(0.763289 -0.0187598 -8.95754e-20)
(0.763289 -0.0187598 -8.95754e-20)
(0.790259 -0.0181075 2.40693e-21)
(0.790259 -0.0181075 2.40693e-21)
(0.810956 -0.01651 -7.76103e-20)
(0.810956 -0.01651 -7.76103e-20)
(0.825869 -0.0140006 -3.04878e-20)
(0.727432 -0.00762672 1.09752e-19)
(0.727432 -0.00762672 1.09752e-19)
(0.734672 -0.00537965 -1.13876e-19)
(0.734672 -0.00537965 -1.13876e-19)
(0.736885 -0.00240806 9.69908e-20)
(0.736885 -0.00240806 9.69908e-20)
(0.733955 0.00114443 1.69137e-19)
(0.733955 0.00114443 1.69137e-19)
(0.724239 0.00626331 -4.6232e-19)
(0.724239 0.00626331 -4.6232e-19)
(0.819527 0.0104231 1.74982e-19)
(0.806948 0.00995312 2.46383e-19)
(0.806948 0.00995312 2.46383e-19)
(0.753941 0.0286692 -5.86252e-20)
(1.00897 -0.00217966 5.43448e-21)
(0.990089 -0.01884 -4.71141e-21)
(0.992064 -0.0213833 7.51757e-22)
(0.970062 -0.0457448 -9.40969e-21)
(0.963811 -0.0524279 1.0217e-20)
(0.9361 -0.0902552 1.76016e-20)
(0.9361 -0.0902552 1.76016e-20)
(0.925042 -0.107451 -1.59967e-20)
(0.901791 -0.174144 7.80501e-21)
(0.896038 -0.206511 1.29616e-20)
(0.896836 -0.306972 -3.72368e-20)
(0.753941 0.0286692 -5.86252e-20)
(0.825357 0.119754 -1.95128e-21)
(0.902422 0.252811 3.32925e-21)
(0.889337 0.362914 3.70909e-20)
(0.803888 0.406191 -2.64382e-20)
)
;
    }
    procBoundary6to7
    {
        type            processor;
        value           nonuniform List<vector> 
18
(
(0.610488 0.39856 4.48244e-21)
(0.532588 0.416996 1.55025e-20)
(0.449069 0.436823 -1.43952e-20)
(0.361336 0.457966 -1.40476e-20)
(0.271487 0.479513 -7.11718e-21)
(0.182056 0.499355 1.33789e-20)
(0.0963335 0.516134 3.09055e-21)
(0.14769 0.543208 -1.141e-20)
(0.14769 0.543208 -1.141e-20)
(0.0651514 0.558953 -7.6564e-21)
(-0.0102366 0.572451 1.33005e-20)
(-0.0756958 0.582756 7.13623e-21)
(-0.128764 0.589044 -1.96737e-21)
(-0.16758 0.590695 -1.52102e-20)
(-0.191086 0.587373 -2.54392e-21)
(-0.19906 0.579115 -6.21562e-21)
(-0.192012 0.566353 -4.42768e-22)
(-0.171003 0.549798 9.42209e-22)
)
;
    }
    procBoundary6to8
    {
        type            processor;
        value           nonuniform List<vector> 
56
(
(0.000457735 -0.0147723 1.96544e-20)
(-0.00032386 -0.0356343 -2.60726e-20)
(-0.00358894 -0.0496413 1.19138e-20)
(-0.0167973 -0.0692717 1.08207e-21)
(-0.00857582 -0.0578698 -5.56174e-21)
(-0.0167973 -0.0692717 1.08207e-21)
(-0.0239436 -0.0698432 1.02866e-20)
(-0.0316646 -0.0674764 -1.28868e-20)
(-0.0397454 -0.0630595 1.23521e-21)
(-0.0480143 -0.0573263 3.82722e-21)
(-0.0563399 -0.0508431 1.73416e-21)
(-0.064626 -0.0440078 2.95881e-21)
(-0.0728095 -0.0370618 -1.33776e-20)
(-0.0808589 -0.0301122 1.13954e-20)
(-0.0887724 -0.0231564 3.528e-21)
(-0.096579 -0.0161089 -6.6191e-21)
(-0.104346 -0.00882161 -1.48159e-20)
(-0.112172 -0.00109744 1.9044e-20)
(-0.120125 0.00729434 2.112e-21)
(-0.12817 0.0166368 -8.43347e-21)
(-0.136862 0.0272845 -2.05115e-21)
(0.00555128 0.0182711 -1.33222e-20)
(0.0265993 0.0435664 -3.67968e-22)
(0.0642503 0.0592173 1.72327e-21)
(0.10976 0.0674329 -1.17505e-20)
(0.158179 0.0703586 2.44513e-20)
(0.206928 0.0698614 8.38335e-21)
(0.251197 0.0144217 3.79204e-21)
(0.251197 0.0144217 3.79204e-21)
(0.296813 0.0136537 -1.3373e-21)
(0.340034 0.0128096 -1.76294e-20)
(0.380809 0.0119763 2.48043e-21)
(0.419214 0.011194 -1.55813e-20)
(0.455372 0.0104759 -1.47277e-22)
(0.489416 0.00982253 -9.30559e-22)
(0.521476 0.00922958 2.24671e-20)
(0.551675 0.00869153 -1.93969e-21)
(0.580129 0.00820291 2.03508e-20)
(0.606943 0.00775848 -2.54619e-20)
(0.63221 0.00735263 9.88607e-21)
(0.656036 0.00698004 2.14903e-21)
(0.678585 0.00664099 -1.29615e-20)
(-0.173614 0.0663296 3.61572e-23)
(-0.22479 0.197537 -1.52144e-21)
(-0.225357 0.349943 1.344e-21)
(-0.210983 0.500038 -1.3579e-21)
(1.00625 -0.00174423 1.5419e-21)
(0.994037 -0.00228284 1.35291e-21)
(0.984659 -0.00307876 -8.77728e-22)
(0.969824 -0.0019159 -1.394e-21)
(0.946092 -0.00125671 1.55002e-21)
(0.921541 -3.35151e-06 -1.21337e-21)
(0.884535 0.000791563 -2.24178e-21)
(0.844129 0.00237626 5.13027e-23)
(0.790743 0.00317928 -2.29547e-22)
(0.730353 0.00592232 3.46305e-21)
)
;
    }
}


// ************************************************************************* //
