/*--------------------------------*- C++ -*----------------------------------*\
  =========                 |
  \\      /  F ield         | OpenFOAM: The Open Source CFD Toolbox
   \\    /   O peration     | Website:  https://openfoam.org
    \\  /    A nd           | Version:  7
     \\/     M anipulation  |
\*---------------------------------------------------------------------------*/
FoamFile
{
    version     2.0;
    format      ascii;
    class       surfaceScalarField;
    location    "57";
    object      phi;
}
// * * * * * * * * * * * * * * * * * * * * * * * * * * * * * * * * * * * * * //

dimensions      [0 3 -1 0 0 0 0];

internalField   nonuniform List<scalar> 
1991
(
0.00311862
0.00151926
0.0013924
0.00272722
0.00299441
0.0015166
0.00123417
0.00230477
0.00137439
0.002587
0.00286106
0.00150775
0.00105343
0.00187413
0.00120265
0.00215555
0.00135008
0.00243956
0.00271862
0.00149252
0.00101247
0.00172621
0.0011656
0.00200242
0.00131954
0.00228562
0.00256726
0.0014709
0.000819588
0.00132625
0.000967468
0.00157834
0.00112335
0.00184654
0.00128298
0.002126
0.00240711
0.00144312
0.000638791
0.000973326
0.000772383
0.00119266
0.000918932
0.00143179
0.00107632
0.00168915
0.00124073
0.00196158
0.00223811
0.00140974
0.000480393
0.000676978
0.000594278
0.000859442
0.000723462
0.00106347
0.000867369
0.00128788
0.00102494
0.00153158
0.00119321
0.00179331
0.00205962
0.00137169
0.000441718
0.000584481
0.000549548
0.000751612
0.000673315
0.000939704
0.000813251
0.00114794
0.000969557
0.00137527
0.00114076
0.00162211
0.00186994
0.00133044
0.000317698
0.00036637
0.000403777
0.000498402
0.000504987
0.000650403
0.000622385
0.000822306
0.000756968
0.00101336
0.000910353
0.00122189
0.00108359
0.00144888
0.00166559
0.00128794
0.000287338
0.000300154
0.000366821
0.000418919
0.000460946
0.000556278
0.000571073
0.000712179
0.000698772
0.000885662
0.000846935
0.00107373
0.00102099
0.00127482
0.000197918
0.000150053
0.000258267
0.000239805
0.00033107
0.000346116
0.00041776
0.000469588
0.0005198
0.000610139
0.000638902
0.00076656
0.000777912
0.000934717
0.00110766
0.000131514
4.0275e-05
0.000175973
0.000105593
0.000230586
0.000185192
0.000296728
0.000279974
0.000375786
0.00039053
0.000469121
0.000516804
0.000578121
0.00065756
0.000704392
0.000808446
0.000115497
8.48245e-06
0.00015531
6.57803e-05
0.000204379
0.000136123
0.000263988
0.000220365
0.000335412
0.000319106
0.000419811
0.000432404
0.000518036
0.000559336
0.00069655
7.23555e-05
-5.86973e-05
0.000100528
-1.969e-05
0.000135935
3.03734e-05
0.000179707
9.23508e-05
0.000233016
0.000167056
0.000297001
0.000255121
0.000372638
0.000356767
0.000460478
0.000471496
6.17993e-05
-7.79489e-05
8.65812e-05
-4.44719e-05
0.000117845
-8.90569e-07
0.000156612
5.35837e-05
0.000203936
0.000119732
0.000260833
0.000198225
0.000328148
0.000289452
0.000393301
3.52983e-05
-0.000114619
5.20028e-05
-9.46534e-05
7.36278e-05
-6.60968e-05
0.000101026
-2.82888e-05
0.000135112
1.94978e-05
0.000176828
7.80156e-05
0.000227084
0.000147969
0.000286643
0.000229892
2.85853e-05
-0.000125305
4.29327e-05
-0.000109001
6.16356e-05
-8.47997e-05
8.5454e-05
-5.21072e-05
0.000115203
-1.02516e-05
0.000151728
4.14912e-05
0.000195849
0.000103848
0.000177452
1.34236e-05
-0.000140516
2.23797e-05
-0.000134261
3.4556e-05
-0.000121177
5.057e-05
-0.000100814
7.10978e-05
-7.2635e-05
9.6867e-05
-3.60208e-05
0.000128637
9.72132e-06
0.000167165
6.53202e-05
9.28704e-06
-0.000145563
1.6654e-05
-0.000141628
2.68398e-05
-0.000131363
4.03939e-05
-0.000114368
5.7919e-05
-9.01601e-05
8.00669e-05
-5.81687e-05
0.000107528
-1.77398e-05
3.18343e-05
5.46938e-06
-0.000149463
1.13817e-05
-0.00014754
1.97511e-05
-0.000139732
3.10682e-05
-0.000125685
4.58727e-05
-0.000104965
6.47534e-05
-7.70494e-05
8.83471e-05
-4.13335e-05
2.84468e-06
-9.004e-07
-0.00014727
1.95105e-06
-0.000152315
6.53678e-06
-0.000152126
1.32565e-05
-0.000146452
2.25508e-05
-0.000134979
3.49068e-05
-0.000117321
5.08631e-05
-9.30057e-05
7.10162e-05
-6.14867e-05
-3.18047e-06
-0.000148008
-1.28679e-06
-0.000154208
2.09349e-06
-0.000155506
7.32159e-06
-0.00015168
1.47965e-05
-0.000142454
2.49629e-05
-0.000127487
3.83199e-05
-0.000106363
-7.86023e-05
-5.33974e-06
-0.00013646
-5.28426e-06
-0.000148063
-4.26275e-06
-0.00015523
-1.97425e-06
-0.000157795
1.9105e-06
-0.000155565
7.75677e-06
-0.000148301
1.59754e-05
-0.000135706
2.7036e-05
-0.000117423
-9.30521e-05
-6.65675e-06
-0.000135352
-7.22436e-06
-0.000147495
-6.99538e-06
-0.000155459
-5.69307e-06
-0.000159097
-3.01415e-06
-0.000158244
1.3797e-06
-0.000152694
7.87322e-06
-0.000142199
1.69133e-05
-0.000126463
-7.87678e-06
-0.000133808
-9.01328e-06
-0.000146359
-9.5034e-06
-0.000154969
-9.09019e-06
-0.000159511
-7.49121e-06
-0.000159843
-4.38934e-06
-0.000155796
5.79881e-07
-0.000147168
-0.00013373
-7.06158e-06
-0.000115412
-9.00776e-06
-0.000131861
-1.06635e-05
-0.000144703
-1.18057e-05
-0.000153826
-1.21934e-05
-0.000159123
-1.15606e-05
-0.000160476
-9.60704e-06
-0.00015775
-5.98398e-06
-0.000150791
-0.000139437
-7.74216e-06
-0.00011311
-1.00575e-05
-0.000129546
-1.21874e-05
-0.000142573
-1.39212e-05
-0.000152093
-1.50306e-05
-0.000158013
-1.5263e-05
-0.000160243
-1.4331e-05
-0.000158682
-1.18992e-05
-0.000153223
-8.37852e-06
-0.000110551
-1.10338e-05
-0.000126891
-1.35974e-05
-0.00014001
-1.58687e-05
-0.000149821
-1.76297e-05
-0.000156252
-1.86384e-05
-0.000159234
-1.86185e-05
-0.000158702
-0.000154596
-8.97516e-06
-0.000107754
-1.19442e-05
-0.000123922
-1.49056e-05
-0.000137048
-1.76666e-05
-0.00014706
-2.0018e-05
-0.000153901
-2.17263e-05
-0.000157526
-2.25249e-05
-0.000157903
-0.00015502
-6.51782e-06
-8.6031e-05
-9.53644e-06
-0.000104736
-1.27961e-05
-0.000120662
-1.61234e-05
-0.000133721
-1.93327e-05
-0.000143851
-2.22214e-05
-0.000151012
-2.45641e-05
-0.000155183
-2.61028e-05
-0.000156364
-0.000154587
-6.84015e-06
-8.32664e-05
-1.00665e-05
-0.000101509
-1.35964e-05
-0.000117132
-1.7262e-05
-0.000130055
-2.08834e-05
-0.00014023
-2.42644e-05
-0.000147631
-2.71864e-05
-0.000152261
-2.94005e-05
-0.00015415
-7.14756e-06
-8.0359e-05
-1.05691e-05
-9.80877e-05
-1.43514e-05
-0.00011335
-1.83314e-05
-0.000126075
-2.23341e-05
-0.000136227
-2.61691e-05
-0.000143796
-2.96247e-05
-0.000148806
-0.000151314
-7.44195e-06
-7.73159e-05
-1.10478e-05
-9.44819e-05
-1.5067e-05
-0.000109331
-1.93406e-05
-0.000121802
-2.36984e-05
-0.000131869
-2.79553e-05
-0.000139539
-3.19068e-05
-0.000144854
-0.000147897
-4.55228e-06
-5.55007e-05
-7.72495e-06
-7.41432e-05
-1.15055e-05
-9.07013e-05
-1.57481e-05
-0.000105088
-2.02976e-05
-0.000117252
-2.49881e-05
-0.000127179
-2.96399e-05
-0.000134888
-3.40561e-05
-0.000140438
-0.000143936
-4.70121e-06
-5.2988e-05
-7.99792e-06
-7.08465e-05
-1.19447e-05
-8.67546e-05
-1.63989e-05
-0.000100634
-2.12089e-05
-0.000112442
-2.62129e-05
-0.000122175
-3.1237e-05
-0.000129864
-3.60919e-05
-0.000135583
-0.000139458
-4.84609e-06
-5.03932e-05
-8.26188e-06
-6.74307e-05
-1.23674e-05
-8.2649e-05
-1.70228e-05
-9.59784e-05
-2.20797e-05
-0.000107385
-2.73807e-05
-0.000116874
-3.27576e-05
-0.000124487
-3.80294e-05
-0.000130311
-4.98719e-06
-4.77189e-05
-8.51755e-06
-6.39004e-05
-1.27749e-05
-7.83916e-05
-1.76221e-05
-9.11312e-05
-2.29139e-05
-0.000102094
-2.84972e-05
-0.00011129
-3.42098e-05
-0.000118774
-0.000124642
-5.12464e-06
-4.49677e-05
-8.76527e-06
-6.02597e-05
-1.31682e-05
-7.39887e-05
-1.81984e-05
-8.6101e-05
-2.3714e-05
-9.65779e-05
-2.95663e-05
-0.000105438
-3.55991e-05
-0.000112741
-0.000118592
-2.4326e-06
-2.64132e-05
-5.25836e-06
-4.21419e-05
-9.00507e-06
-5.6513e-05
-1.35473e-05
-6.94465e-05
-1.87523e-05
-8.0896e-05
-2.44813e-05
-9.08489e-05
-3.05899e-05
-9.93296e-05
-3.69283e-05
-0.000106403
-0.000112178
-2.49039e-06
-2.45821e-05
-5.38812e-06
-3.92442e-05
-9.23669e-06
-5.26645e-05
-1.39121e-05
-6.47711e-05
-1.92838e-05
-7.55243e-05
-2.52159e-05
-8.49168e-05
-3.15684e-05
-9.29771e-05
-3.8198e-05
-9.97732e-05
-0.000105417
-2.54653e-06
-2.27092e-05
-5.5135e-06
-3.62772e-05
-9.45954e-06
-4.87184e-05
-1.42619e-05
-5.99688e-05
-1.97919e-05
-6.99943e-05
-2.59168e-05
-7.87919e-05
-3.25008e-05
-8.63931e-05
-3.94068e-05
-9.28673e-05
-9.83262e-05
-2.60076e-06
-2.07962e-05
-5.63399e-06
-3.3244e-05
-9.67285e-06
-4.46796e-05
-1.45956e-05
-5.5046e-05
-2.02755e-05
-6.43144e-05
-2.65824e-05
-7.2485e-05
-3.33849e-05
-7.95906e-05
-4.05518e-05
-8.57003e-05
-9.09233e-05
-2.65274e-06
-1.88447e-05
-5.74896e-06
-3.01478e-05
-9.8756e-06
-4.05529e-05
-1.49118e-05
-5.00098e-05
-2.07325e-05
-5.84937e-05
-2.72102e-05
-6.60073e-05
-3.42174e-05
-7.25834e-05
-4.16288e-05
-7.82889e-05
-8.32282e-05
-2.70211e-06
-1.68568e-05
-5.85768e-06
-2.69922e-05
-1.00667e-05
-3.63439e-05
-1.52089e-05
-4.48675e-05
-2.11608e-05
-5.25419e-05
-2.77973e-05
-5.93708e-05
-3.49946e-05
-6.53861e-05
-4.26328e-05
-7.06508e-05
-2.74848e-06
-1.48348e-05
-5.95939e-06
-2.37813e-05
-1.02448e-05
-3.20585e-05
-1.54851e-05
-3.96272e-05
-2.15579e-05
-4.64691e-05
-2.83404e-05
-5.25883e-05
-3.57122e-05
-5.80143e-05
-6.28049e-05
-2.79146e-06
-1.27812e-05
-6.05331e-06
-2.05194e-05
-1.04088e-05
-2.7703e-05
-1.57386e-05
-3.42974e-05
-2.19213e-05
-4.02864e-05
-2.88361e-05
-4.56735e-05
-3.63656e-05
-5.04849e-05
-5.47716e-05
-2.83065e-06
-1.06988e-05
-6.13866e-06
-1.72114e-05
-1.05573e-05
-2.32844e-05
-1.59674e-05
-2.88873e-05
-2.22484e-05
-3.40053e-05
-2.92811e-05
-3.86408e-05
-3.69504e-05
-4.28155e-05
-4.65728e-05
-2.8657e-06
-8.59075e-06
-6.2147e-06
-1.38624e-05
-1.06891e-05
-1.881e-05
-1.61699e-05
-2.34066e-05
-2.25368e-05
-2.76384e-05
-2.96719e-05
-3.15057e-05
-3.74623e-05
-3.50252e-05
-3.82313e-05
-2.89626e-06
-6.46036e-06
-6.28075e-06
-1.0478e-05
-1.08032e-05
-1.42875e-05
-1.63443e-05
-1.78655e-05
-2.27842e-05
-2.11984e-05
-3.00057e-05
-2.42842e-05
-3.78974e-05
-2.71335e-05
-2.97715e-05
-2.92204e-06
-6.33619e-06
-7.0638e-06
-1.08985e-05
-9.72522e-06
-1.64892e-05
-1.22748e-05
-2.29886e-05
-1.4699e-05
-3.02798e-05
-1.69929e-05
-3.82524e-05
-1.9161e-05
-2.12181e-05
-6.38053e-06
-1.09742e-05
-1.66035e-05
-2.31484e-05
-3.04921e-05
-3.85243e-05
0.011175
-4.58599e-05
0.011222
-4.70047e-05
0.0112701
-4.81358e-05
0.0113194
-4.92526e-05
0.0113697
-5.03548e-05
0.0114211
-5.14416e-05
0.0114737
-5.25129e-05
0.0115272
-5.35679e-05
0.0115818
-5.46062e-05
-5.56274e-05
0.0109188
-9.0657e-05
0.0109647
-9.29151e-05
0.0110117
-9.51458e-05
0.0110598
-9.73482e-05
0.011109
-9.95215e-05
0.0111592
-0.000101665
0.0112105
-0.000103776
0.0112628
-0.000105856
0.0113161
-0.000107904
-0.000109917
0.0106708
-0.000134473
0.0107157
-0.000137815
0.0107617
-0.000141116
0.0108087
-0.000144376
0.0108568
-0.000147592
0.0109058
-0.000150763
0.010956
-0.000153888
0.0110071
-0.000156965
0.0110592
-0.000159994
-0.000162971
0.0104306
-0.000177364
0.0104745
-0.000181762
0.0105195
-0.000186107
0.0105655
-0.000190396
0.0106126
-0.000194628
0.0106606
-0.0001988
0.0107096
-0.000202912
0.0107596
-0.00020696
0.0108106
-0.000210943
-0.00021486
0.0101557
-0.000213893
0.0101977
-0.000219386
0.0102408
-0.000224815
0.0102848
-0.000230178
0.0103299
-0.000235472
0.010376
-0.000240694
0.010423
-0.000245843
0.010471
-0.000250916
0.01052
-0.000255911
0.0105698
-0.000260825
-0.000265657
0.00993062
-0.000254079
0.00997182
-0.00026059
0.010014
-0.000267026
0.0100572
-0.000273382
0.0101014
-0.000279655
0.0101466
-0.000285844
0.0101927
-0.000291946
0.0102397
-0.000297957
0.0102877
-0.000303876
0.0103366
-0.000309699
-0.000315424
0.00971213
-0.000293516
0.00975256
-0.000301022
0.00979398
-0.00030844
0.00983636
-0.000315766
0.00987971
-0.000322997
0.00992399
-0.000330131
0.00996921
-0.000337163
0.0100153
-0.000344091
0.0100624
-0.000350911
0.0101103
-0.000357622
-0.000364219
0.00949991
-0.000332244
0.00953961
-0.000340722
0.00958027
-0.000349101
0.00962188
-0.000357375
0.00966443
-0.000365542
0.0097079
-0.000373599
0.00975227
-0.00038154
0.00979755
-0.000389364
0.0098437
-0.000397066
0.00989072
-0.000404644
-0.000412093
0.00929365
-0.0003703
0.00933266
-0.000379729
0.0093726
-0.000389047
0.00941348
-0.000398249
0.00945527
-0.000407332
0.00949796
-0.000416291
0.00954154
-0.000425122
0.009586
-0.000433822
0.00963132
-0.000442386
0.00967749
-0.000450812
-0.000459094
0.00909307
-0.000407717
0.00913142
-0.000418077
0.00917069
-0.000428315
0.00921087
-0.000438424
0.00925194
-0.000448403
0.00929389
-0.000458245
0.00933671
-0.000467946
0.0093804
-0.000477504
0.00942492
-0.000486912
0.00947028
-0.000496168
-0.000505266
0.00889792
-0.000444527
0.00893564
-0.000455798
0.00897427
-0.000466935
0.00901377
-0.000477934
0.00905416
-0.000488789
0.00909541
-0.000499496
0.00913751
-0.00051005
0.00918046
-0.000520446
0.00922423
-0.000530681
0.00926881
-0.000540749
-0.000550646
0.00870796
-0.000480756
0.00874508
-0.000492919
0.00878308
-0.000504938
0.00882196
-0.000516807
0.00886169
-0.000528521
0.00890227
-0.000540075
0.00894368
-0.000551464
0.00898592
-0.000562683
0.00902897
-0.000573727
0.00907281
-0.000584592
-0.000595271
0.00852296
-0.00051643
0.00855951
-0.000529468
0.00859692
-0.00054235
0.00863518
-0.000555072
0.00867429
-0.000567628
0.00871423
-0.000580012
0.00875498
-0.000592219
0.00879654
-0.000604244
0.0088389
-0.000616082
0.00888203
-0.000627727
-0.000639173
0.00834271
-0.000551573
0.00837871
-0.000565467
0.00841556
-0.000579196
0.00845324
-0.000592754
0.00849175
-0.000606135
0.00853107
-0.000619333
0.00857119
-0.000632342
0.0086121
-0.000645157
0.00865379
-0.000657772
0.00869625
-0.000670183
-0.000682381
0.00816703
-0.000586204
0.0082025
-0.000600938
0.0082388
-0.000615497
0.00827592
-0.000629875
0.00831385
-0.000644064
0.00835258
-0.00065806
0.00839209
-0.000671856
0.00843238
-0.000685446
0.00847343
-0.000698825
0.00851524
-0.000711985
-0.000724921
0.00799572
-0.000620344
0.00803068
-0.000635901
0.00806646
-0.000651274
0.00810304
-0.000666455
0.00814041
-0.000681438
0.00817857
-0.000696216
0.0082175
-0.000710784
0.00825719
-0.000725134
0.00829762
-0.000739261
0.0083388
-0.000753159
-0.000766819
0.00782862
-0.000654008
0.0078631
-0.000670373
0.00789837
-0.000686544
0.00793442
-0.000702513
0.00797126
-0.000718275
0.00800887
-0.000733821
0.00804723
-0.000749146
0.00808633
-0.000764242
0.00812618
-0.000779103
0.00816674
-0.000793723
-0.000808094
0.00766558
-0.000687214
0.00769958
-0.000704371
0.00773436
-0.000721324
0.00776991
-0.000738067
0.00780623
-0.000754591
0.0078433
-0.000770891
0.00788111
-0.000786958
0.00791965
-0.000802787
0.00795892
-0.000818369
0.00799889
-0.000833698
-0.000848767
0.00750644
-0.000719974
0.00753997
-0.000737907
0.00757428
-0.000755628
0.00760934
-0.00077313
0.00764515
-0.000790403
0.0076817
-0.000807442
0.00771898
-0.000824238
0.00775698
-0.000840785
0.00779569
-0.000857075
0.00783509
-0.000873101
-0.000888854
0.00735106
-0.0007523
0.00738415
-0.000770996
0.00741799
-0.00078947
0.00745258
-0.000807716
0.0074879
-0.000825724
0.00752394
-0.000843488
0.00756071
-0.000861
0.00759817
-0.000878252
0.00763633
-0.000895236
0.00767518
-0.000911946
-0.000928372
0.00719932
-0.000784206
0.00723197
-0.000803648
0.00726536
-0.000822862
0.00729948
-0.000841837
0.00733432
-0.000860567
0.00736988
-0.000879042
0.00740613
-0.000897256
0.00744308
-0.0009152
0.00748071
-0.000932866
0.00751901
-0.000950248
-0.000967333
0.00705109
-0.000815699
0.00708331
-0.000835874
0.00711626
-0.000855812
0.00714993
-0.000875504
0.0071843
-0.000894941
0.00721938
-0.000914115
0.00725514
-0.000933017
0.00729158
-0.00095164
0.00732869
-0.000969976
0.00736645
-0.000988016
-0.00100575
0.00690625
-0.000846788
0.00693806
-0.000867682
0.00697058
-0.000888331
0.0070038
-0.000908725
0.00703771
-0.000928856
0.00707231
-0.000948715
0.00710759
-0.000968293
0.00714353
-0.000987583
0.00718013
-0.00100657
0.00721738
-0.00102526
-0.00104363
0.0067647
-0.000877482
0.0067961
-0.00089908
0.0068282
-0.000920426
0.00686098
-0.000941508
0.00689444
-0.00096232
0.00692858
-0.00098285
0.00696338
-0.00100309
0.00699883
-0.00102304
0.00703493
-0.00104267
0.00707166
-0.00106199
-0.00108099
0.00662634
-0.000907786
0.00665734
-0.000930074
0.00668901
-0.000952103
0.00672137
-0.00097386
0.00675439
-0.000995339
0.00678806
-0.00101653
0.00682239
-0.00103742
0.00685736
-0.001058
0.00689296
-0.00107827
0.00692919
-0.00109822
-0.00111782
0.00649107
-0.000937704
0.00652167
-0.00096067
0.00655293
-0.000983367
0.00658486
-0.00100579
0.00661744
-0.00102792
0.00665066
-0.00104975
0.00668453
-0.00107128
0.00671902
-0.0010925
0.00675413
-0.00111338
0.00678985
-0.00113394
-0.00115415
0.0063588
-0.000967243
0.006389
-0.000990871
0.00641985
-0.00101422
0.00645136
-0.00103729
0.0064835
-0.00106006
0.00651628
-0.00108253
0.00654968
-0.00110468
0.0065837
-0.00112651
0.00661832
-0.00114801
0.00665355
-0.00116916
-0.00118996
0.00622943
-0.000996403
0.00625924
-0.00102068
0.00628969
-0.00104467
0.00632078
-0.00106838
0.00635249
-0.00109178
0.00638482
-0.00111486
0.00641776
-0.00113763
0.00645131
-0.00116006
0.00648545
-0.00118215
0.00652018
-0.00120389
-0.00122526
0.0061029
-0.00102519
0.00613232
-0.0010501
0.00616236
-0.00107472
0.00619303
-0.00109904
0.00622431
-0.00112306
0.0062562
-0.00114675
0.00628869
-0.00117011
0.00632176
-0.00119314
0.00635542
-0.00121581
0.00638965
-0.00123812
-0.00126006
0.00597911
-0.0010536
0.00600814
-0.00107913
0.00603779
-0.00110437
0.00606804
-0.0011293
0.00609889
-0.00115391
0.00613033
-0.0011782
0.00616236
-0.00120214
0.00619497
-0.00122574
0.00622815
-0.00124899
0.00626188
-0.00127186
-0.00129435
0.005858
-0.00108163
0.00588664
-0.00110777
0.00591588
-0.00113361
0.00594572
-0.00115913
0.00597614
-0.00118433
0.00600714
-0.0012092
0.00603871
-0.00123372
0.00607085
-0.00125788
0.00610354
-0.00128168
0.00613679
-0.0013051
-0.00132813
0.00573949
-0.0011093
0.00576775
-0.00113602
0.00579659
-0.00116245
0.005826
-0.00118855
0.00585599
-0.00121432
0.00588655
-0.00123975
0.00591766
-0.00126483
0.00594933
-0.00128955
0.00598154
-0.00131389
0.00601428
-0.00133785
-0.0013614
0.00562353
-0.00113658
0.00565139
-0.00116389
0.00567983
-0.00119088
0.00570882
-0.00121755
0.00573838
-0.00124388
0.00576849
-0.00126986
0.00579915
-0.00129549
0.00583034
-0.00132074
0.00586206
-0.00134561
0.00589431
-0.00137009
-0.00139416
0.00551004
-0.00116349
0.00553751
-0.00119136
0.00556554
-0.00121891
0.00559412
-0.00124613
0.00562324
-0.001273
0.0056529
-0.00129952
0.00568309
-0.00132568
0.00571381
-0.00135146
0.00574505
-0.00137685
0.00577679
-0.00140184
-0.00142641
0.00539897
-0.00119002
0.00542605
-0.00121843
0.00545367
-0.00124653
0.00548182
-0.00127428
0.00551051
-0.00130169
0.00553972
-0.00132874
0.00556945
-0.00135541
0.0055997
-0.0013817
0.00563044
-0.00140759
0.00566169
-0.00143308
-0.00145815
0.00529027
-0.00121617
0.00531695
-0.00124512
0.00534416
-0.00127374
0.0053719
-0.00130202
0.00540015
-0.00132994
0.00542891
-0.0013575
0.00545818
-0.00138468
0.00548795
-0.00141147
0.00551821
-0.00143786
0.00554896
-0.00146383
-0.00148938
0.00518389
-0.00124193
0.00521018
-0.0012714
0.00523698
-0.00130054
0.00526429
-0.00132933
0.00529211
-0.00135776
0.00532043
-0.00138582
0.00534924
-0.00141349
0.00537854
-0.00144077
0.00540832
-0.00146764
0.00543858
-0.00149409
-0.00152011
0.0050798
-0.00126732
0.00510569
-0.0012973
0.00513209
-0.00132694
0.00515899
-0.00135623
0.00518638
-0.00138515
0.00521425
-0.00141369
0.00524261
-0.00144185
0.00527145
-0.0014696
0.00530076
-0.00149694
0.00533053
-0.00152386
-0.00155034
0.00497796
-0.00129234
0.00500347
-0.00132281
0.00502947
-0.00135294
0.00505596
-0.00138271
0.00508292
-0.00141212
0.00511037
-0.00144114
0.00513829
-0.00146977
0.00516667
-0.00149799
0.00519551
-0.00152578
0.0052248
-0.00155315
-0.00158006
0.00487836
-0.00131699
0.00490349
-0.00134795
0.00492911
-0.00137855
0.00495519
-0.0014088
0.00498175
-0.00143868
0.00500878
-0.00146816
0.00503626
-0.00149725
0.0050642
-0.00152592
0.00509257
-0.00155416
0.00512137
-0.00158195
-0.00160928
0.00478099
-0.00134129
0.00480576
-0.00137271
0.004831
-0.00140379
0.0048567
-0.00143451
0.00488286
-0.00146484
0.00490948
-0.00149478
0.00493653
-0.0015243
0.00496401
-0.0015534
0.00499191
-0.00158205
0.00502019
-0.00161024
-0.00163794
0.00466189
-0.00133301
0.00468585
-0.00136524
0.00471027
-0.00139713
0.00473515
-0.00142867
0.00476047
-0.00145983
0.00478624
-0.00149061
0.00481244
-0.00152097
0.00483905
-0.00155091
0.00486605
-0.00158041
0.00489343
-0.00160943
0.00492113
-0.00163794
-0.00166595
0.00456931
-0.00135618
0.00459294
-0.00138887
0.00461701
-0.00142121
0.00464153
-0.00145319
0.00466648
-0.00148478
0.00469184
-0.00151597
0.0047176
-0.00154673
0.00474372
-0.00157704
0.00477019
-0.00160687
0.00479695
-0.00163619
0.00482396
-0.00166495
-0.00169316
0.00447892
-0.00137904
0.00450222
-0.00141217
0.00452595
-0.00144494
0.0045501
-0.00147733
0.00457464
-0.00150932
0.00459955
-0.00154088
0.0046248
-0.00157198
0.00465036
-0.0016026
0.00467616
-0.00163268
0.00470217
-0.00166219
0.00472827
-0.00169106
-0.00171932
0.00439068
-0.00140159
0.00441364
-0.00143513
0.00443699
-0.00146829
0.00446072
-0.00150105
0.00448478
-0.00153339
0.00450916
-0.00156525
0.00453379
-0.00159662
0.00455863
-0.00162743
0.00458359
-0.00165764
0.0046086
-0.0016872
0.00463351
-0.00171597
0.00430449
-0.00142378
0.00432705
-0.00145769
0.00434995
-0.0014912
0.00437317
-0.00152427
0.00439665
-0.00155687
0.00442034
-0.00158894
0.00444417
-0.00162045
0.00446806
-0.00165132
0.0044919
-0.00168148
0.00451557
-0.00171087
-0.00173928
0.00422014
-0.00144554
0.00424221
-0.00147976
0.00426455
-0.00151354
0.00428711
-0.00154683
0.00430982
-0.00157958
0.00433261
-0.00161174
0.00435538
-0.00164322
0.00437802
-0.00167395
0.00440035
-0.00170382
0.00442222
-0.00173274
-0.00176041
0.00413734
-0.00146675
0.00415877
-0.00150119
0.00418037
-0.00153514
0.00420207
-0.00156852
0.00422377
-0.00160128
0.00424537
-0.00163333
0.00426672
-0.00166457
0.00428766
-0.00169489
0.00430797
-0.00172413
0.00432741
-0.00175218
-0.00177861
0.00405568
-0.00148725
0.00407628
-0.00152179
0.00409691
-0.00155576
0.00411746
-0.00158908
0.00413782
-0.00162164
0.00415782
-0.00165333
0.00417727
-0.00168402
0.00419593
-0.00171356
0.00421352
-0.00174171
0.00422969
-0.00176835
-0.0017929
0.00397468
-0.00150679
0.00399418
-0.00154129
0.00401352
-0.00157511
0.00403256
-0.00160812
0.00405112
-0.0016402
0.00406899
-0.0016712
0.0040859
-0.00170093
0.00410152
-0.00172918
0.00411546
-0.00175566
0.00412729
-0.00178018
-0.00180202
0.00389372
-0.0015251
0.00391178
-0.00155935
0.00392942
-0.00159275
0.00394645
-0.00162515
0.00396263
-0.00165638
0.00397766
-0.00168623
0.00399117
-0.00171444
0.00400274
-0.00174075
0.00401188
-0.00176479
0.00401802
-0.00178632
-0.00180446
0.00381213
-0.00154179
0.00382829
-0.0015755
0.00384368
-0.00160814
0.00385804
-0.00163951
0.00387104
-0.00166938
0.00388227
-0.00169746
0.00389129
-0.00172346
0.00389754
-0.00174701
0.00390042
-0.00176768
0.00389928
-0.00178517
-0.0017985
0.00372907
-0.00155637
0.00374273
-0.00158916
0.00375515
-0.00162056
0.00376597
-0.00165033
0.00377476
-0.00167816
0.003781
-0.00170371
0.00378413
-0.00172659
0.00378351
-0.00174638
0.00377844
-0.00176261
0.00376819
-0.00177493
-0.00178232
0.00364348
-0.00156817
0.00365383
-0.00159951
0.00366233
-0.00162906
0.0036685
-0.00165651
0.00367181
-0.00168147
0.00367163
-0.00170353
0.00366729
-0.00172225
0.00365806
-0.00173715
0.00364321
-0.00174775
0.003622
-0.00175371
-0.0017541
0.00355408
-0.00157629
0.00356006
-0.00160549
0.0035634
-0.0016324
0.0035635
-0.00165661
0.00355974
-0.0016777
0.00355141
-0.0016952
0.00353779
-0.00170862
0.00351813
-0.0017175
0.00349173
-0.00172135
0.00345793
-0.0017199
-0.00171245
0.00345939
-0.00157964
0.00345973
-0.00160583
0.00345645
-0.00162912
0.00344887
-0.00164903
0.00343625
-0.00166509
0.00341786
-0.00167681
0.00339296
-0.00168373
0.00336089
-0.00168542
0.0033211
-0.00168157
0.0032732
-0.00167201
-0.00165641
0.0033576
-0.0015769
0.00335087
-0.0015991
0.00333942
-0.00161767
0.00332251
-0.00163212
0.00329937
-0.00164195
0.00326926
-0.0016467
0.0032315
-0.00164596
0.00318553
-0.00163946
0.00313103
-0.00162707
0.00306794
-0.00160892
-0.00158535
0.00324621
-0.00156652
0.00323071
-0.0015836
0.00320935
-0.00159631
0.00318137
-0.00160414
0.00314607
-0.00160665
0.00310284
-0.00160346
0.00305119
-0.00159431
0.00299086
-0.00157912
0.00292182
-0.00155803
0.0028444
-0.0015315
-0.00150041
0.00312305
-0.00154669
0.00309688
-0.00155744
0.00306363
-0.00156305
0.00302258
-0.0015631
0.00297317
-0.00155724
0.00291496
-0.00154526
0.0028478
-0.00152715
0.00277184
-0.00150316
0.00268764
-0.00147384
0.00259627
-0.00144013
-0.00140339
0.00298884
0.00295066
0.00290421
0.00284886
0.00278414
0.00270978
0.00262575
0.00253233
0.00243019
0.0023205
)
;

boundaryField
{
    inlet
    {
        type            calculated;
        value           nonuniform 0();
    }
    outlet
    {
        type            calculated;
        value           nonuniform 0();
    }
    cylinder
    {
        type            calculated;
        value           nonuniform 0();
    }
    top
    {
        type            symmetryPlane;
        value           nonuniform 0();
    }
    bottom
    {
        type            symmetryPlane;
        value           uniform 0;
    }
    defaultFaces
    {
        type            empty;
        value           nonuniform 0();
    }
    procBoundary9to8
    {
        type            processor;
        value           nonuniform List<scalar> 
132
(
-0.00323371
-0.00151607
-0.00140416
-0.00285968
-0.00125993
-0.00244903
-0.00108991
-0.0020208
-0.00090676
-0.000864556
-0.00146318
-0.000682658
-0.0010926
-0.000519515
-0.000775617
-0.000381754
-0.000349221
-0.000438522
-0.000245547
-0.000221122
-0.000199375
-0.000148596
-7.59098e-05
-9.58787e-05
-8.37046e-05
3.67054e-05
-5.03636e-05
-4.25476e-05
0.000102058
-2.27368e-05
-1.78995e-05
0.000134221
-7.12877e-06
-4.24046e-06
-1.56879e-06
0.000145788
2.38256e-06
3.91774e-06
0.000137091
4.70819e-06
5.54929e-06
6.33218e-06
0.000117439
5.03502e-06
5.43947e-06
5.8198e-06
6.17845e-06
8.86447e-05
3.90412e-06
4.07559e-06
4.24018e-06
4.39881e-06
5.79287e-05
2.12432e-06
2.18844e-06
2.25129e-06
2.31294e-06
2.3734e-06
2.82013e-05
6.44505e-07
6.59235e-07
6.73667e-07
6.87712e-07
7.01265e-07
7.14217e-07
7.26449e-07
7.37843e-07
7.48282e-07
7.57658e-07
7.65869e-07
-0.0111291
-0.010874
-0.010627
-0.0103877
0.000172913
-0.0101147
-0.00989043
-0.0096727
-0.00946118
-0.00925559
-0.00905566
-0.00886111
-0.00867173
-0.00848728
-0.00830757
-0.0081324
-0.00796158
-0.00779496
-0.00763237
-0.00747368
-0.00731873
-0.00716741
-0.00701959
-0.00687516
-0.00673401
-0.00659604
-0.00646115
-0.00632926
-0.00620027
-0.00607411
-0.0059507
-0.00582996
-0.00571183
-0.00559624
-0.00548313
-0.00537244
-0.00526412
-0.00515812
-0.00505441
-0.00495294
-0.00485371
-0.00475669
0.00130952
-0.00463841
-0.00454614
-0.00445606
-0.00436814
-0.0042823
-0.00419838
-0.00411612
-0.00403519
-0.00395513
-0.00387541
-0.00379544
-0.00371449
-0.00363169
-0.00354595
-0.00345604
-0.00336033
-0.00325659
-0.00314288
-0.00301946
)
;
    }
    procBoundary9to10
    {
        type            processor;
        value           nonuniform List<scalar> 
113
(
0.0014403
0.00124628
0.000945074
0.000847697
0.000964357
0.000629932
0.000559972
0.000597056
0.000406343
0.000355974
0.00032397
0.000248289
0.000213157
0.00013146
0.000141014
0.000117337
9.60333e-05
-2.21724e-05
5.54355e-05
4.14858e-05
2.90325e-05
-0.000105171
7.8461e-06
-2.76148e-07
-7.56513e-06
-0.000143772
-1.72458e-05
-2.21007e-05
-2.6536e-05
-3.06173e-05
-0.00015337
-3.24614e-05
-3.53232e-05
-3.80174e-05
-4.05699e-05
-4.30001e-05
-0.000134487
-3.98794e-05
-4.1649e-05
-4.3342e-05
-4.49589e-05
-4.64978e-05
-4.79547e-05
-4.93239e-05
-5.05987e-05
-7.52623e-05
-4.35581e-05
-4.43988e-05
-4.51492e-05
-4.58037e-05
-4.63573e-05
-4.68057e-05
0.0116375
0.0113704
0.0111122
0.0108625
0.0106206
0.0103863
0.0101591
0.0099386
0.00972449
0.00951645
0.00931419
0.00911744
0.00892594
0.00873946
0.00855778
0.00838069
0.00820802
0.00803957
0.00787518
0.0077147
0.00755797
0.00740487
0.00725526
0.00710902
0.00696602
0.00682617
0.00668936
0.00655548
0.00642445
0.00629617
0.00617057
0.00604756
0.00592707
0.00580904
0.00569343
0.00558019
0.00546931
0.00536075
0.00525453
0.00515059
0.00504885
0.00494914
0.00485117
0.00475444
0.00465827
-0.00174408
0.00453888
0.00444335
0.00434561
0.00424398
0.00413641
0.00402046
0.00389333
0.003752
0.00359378
0.00341627
0.00321717
0.00299687
0.00275947
0.00249925
0.00220504
)
;
    }
    procBoundary9to24
    {
        type            processor;
        value           uniform 7.72826e-07;
    }
    procBoundary9to25
    {
        type            processor;
        value           nonuniform List<scalar> 9(-3.62604e-06 -5.13159e-06 -6.64546e-06 -8.15411e-06 -9.64922e-06 -1.11287e-05 -1.25972e-05 -4.31115e-06 2.94277e-06);
    }
    procBoundary9to26
    {
        type            processor;
        value           uniform -4.71453e-05;
    }
}


// ************************************************************************* //
