/*--------------------------------*- C++ -*----------------------------------*\
  =========                 |
  \\      /  F ield         | OpenFOAM: The Open Source CFD Toolbox
   \\    /   O peration     | Website:  https://openfoam.org
    \\  /    A nd           | Version:  7
     \\/     M anipulation  |
\*---------------------------------------------------------------------------*/
FoamFile
{
    version     2.0;
    format      ascii;
    class       volVectorField;
    location    "82";
    object      U;
}
// * * * * * * * * * * * * * * * * * * * * * * * * * * * * * * * * * * * * * //

dimensions      [0 1 -1 0 0 0 0];

internalField   nonuniform List<vector> 
1062
(
(1.06945 0.300271 1.46989e-23)
(1.0785 0.0426252 2.62569e-23)
(1.09005 -0.235808 -2.113e-23)
(1.09664 -0.386684 -5.52175e-23)
(1.09274 -0.330155 2.72887e-23)
(1.10264 -0.0901987 5.25793e-24)
(1.11266 0.214964 6.11851e-23)
(1.11529 0.394771 -1.67822e-23)
(1.11109 0.309371 -9.81176e-24)
(1.11961 -0.0297501 2.08288e-23)
(1.1102 -0.346855 -1.98337e-23)
(1.0687 0.300187 -5.967e-24)
(1.07866 0.0423635 -4.25281e-23)
(1.09127 -0.236037 8.90727e-23)
(1.09804 -0.386713 7.54675e-23)
(1.09345 -0.330282 -5.74082e-23)
(1.1025 -0.0905555 -2.3491e-23)
(1.11143 0.214733 -4.71639e-23)
(1.11395 0.39477 -1.37143e-23)
(1.1105 0.309337 -1.33651e-23)
(1.12011 -0.0296828 3.46186e-23)
(1.11114 -0.346478 4.89941e-23)
(1.01323 -0.00426954 0)
(1.07577 -0.00479451 0)
(1.12314 -0.00235181 0)
(1.13232 0.00126002 0)
(1.09398 0.00396688 0)
(1.03549 0.00495042 0)
(0.966394 0.00397444 0)
(0.932537 0.000470835 0)
(0.959075 -0.00536938 0)
(1.07163 -0.00789537 0)
(1.01106 -0.0127264 0)
(1.07415 -0.0143405 0)
(1.12235 -0.00707577 0)
(1.13223 0.00369122 0)
(1.0946 0.0117705 0)
(1.03654 0.0147875 0)
(0.966068 0.0120279 0)
(0.928215 0.00169838 0)
(0.950688 -0.0157874 0)
(1.06327 -0.0236115 0)
(1.00626 -0.0210228 0)
(1.07036 -0.0238542 0)
(1.12038 -0.0119026 0)
(1.13183 0.00588954 0)
(1.0957 0.0192701 0)
(1.0385 0.0245151 0)
(0.965387 0.0204655 0)
(0.920064 0.00375482 0)
(0.935064 -0.0254808 0)
(1.0477 -0.0392681 0)
(0.998042 -0.029131 0)
(1.06348 -0.0334479 0)
(1.11653 -0.0169872 0)
(1.13075 0.00771749 0)
(1.09713 0.0263708 0)
(1.04121 0.0341779 0)
(0.964283 0.0295937 0)
(0.90875 0.00706492 0)
(0.913912 -0.034293 0)
(1.02664 -0.0550156 0)
(0.985682 -0.0369544 0)
(1.05255 -0.0432338 0)
(1.11003 -0.0225274 0)
(1.12854 0.00899834 0)
(1.09868 0.0329697 0)
(1.04445 0.0438222 0)
(0.962677 0.0396172 0)
(0.89513 0.0118454 0)
(0.889379 -0.0421408 0)
(1.00223 -0.0709409 0)
(0.968813 -0.0443405 0)
(1.0369 -0.053307 0)
(1.10025 -0.0287439 0)
(1.12485 0.00952773 0)
(1.10015 0.0389602 0)
(1.04796 0.0534822 0)
(0.960529 0.0506394 0)
(0.880213 0.0181435 0)
(0.863733 -0.0490345 0)
(0.976678 -0.0870687 0)
(0.947666 -0.0511022 0)
(1.01639 -0.0637241 0)
(1.08685 -0.0358503 0)
(1.11943 0.00909269 0)
(1.10139 0.0442384 0)
(1.05151 0.0631761 0)
(0.957886 0.0626677 0)
(0.865051 0.0258549 0)
(0.838968 -0.0550556 0)
(0.951834 -0.103357 0)
(0.923088 -0.0570479 0)
(0.991558 -0.0744875 0)
(1.06995 -0.0440188 0)
(1.11224 0.00749859 0)
(1.10225 0.0487151 0)
(1.05485 0.0729046 0)
(0.95489 0.0756251 0)
(0.85061 0.034757 0)
(0.816511 -0.0603162 0)
(0.928909 -0.119709 0)
(0.896393 -0.0620119 0)
(0.963448 -0.0855405 0)
(1.05003 -0.0533558 0)
(1.10344 0.0045948 0)
(1.10265 0.0523262 0)
(1.05783 0.0826493 0)
(0.951762 0.0893663 0)
(0.83767 0.0445981 0)
(0.797149 -0.0649163 0)
(0.90843 -0.136002 0)
(0.869098 -0.0658748 0)
(0.933453 -0.0967739 0)
(1.0279 -0.0638864 0)
(1.09333 0.000295014 0)
(1.10255 0.0550388 0)
(1.06035 0.0923732 0)
(0.948763 0.103706 0)
(0.826767 0.055126 0)
(0.781153 -0.0689254 0)
(0.890429 -0.152095 0)
(0.842666 -0.0685704 0)
(0.903044 -0.108042 0)
(1.00452 -0.0755555 0)
(1.08231 -0.00542192 0)
(1.10195 0.0568518 0)
(1.06238 0.102024 0)
(0.946145 0.118442 0)
(0.818202 0.0661086 0)
(0.768494 -0.0723786 0)
(0.874698 -0.167855 0)
(0.818309 -0.0700881 0)
(0.873564 -0.119179 0)
(0.980831 -0.0882428 0)
(1.07081 -0.0125083 0)
(1.1009 0.057793 0)
(1.06395 0.111541 0)
(0.944119 0.133374 0)
(0.812077 0.0773557 0)
(0.759011 -0.0752843 0)
(0.861001 -0.183151 0)
(0.79691 -0.0704622 0)
(0.846091 -0.130021 0)
(0.957692 -0.10178 0)
(1.05922 -0.0208575 0)
(1.09945 0.0579123 0)
(1.06513 0.120858 0)
(0.942837 0.148315 0)
(0.808357 0.0887101 0)
(0.752513 -0.07764 0)
(0.849182 -0.197868 0)
(0.779001 -0.0697614 0)
(0.821397 -0.140417 0)
(0.935777 -0.115972 0)
(1.04785 -0.0303288 0)
(1.09766 0.0572748 0)
(1.06599 0.129911 0)
(0.942392 0.163101 0)
(0.806912 0.100041 0)
(0.748807 -0.0794437 0)
(0.839169 -0.211902 0)
(0.76482 -0.0680777 0)
(0.799957 -0.15024 0)
(0.915565 -0.13061 0)
(1.03695 -0.0407574 0)
(1.09562 0.0559534 0)
(1.06663 0.138643 0)
(0.942817 0.177592 0)
(0.807562 0.111239 0)
(0.747689 -0.0807022 0)
(0.830945 -0.22517 0)
(0.754375 -0.0655147 0)
(0.782 -0.15939 0)
(0.897355 -0.14549 0)
(1.02668 -0.0519692 0)
(1.09337 0.0540233 0)
(1.06713 0.147 0)
(0.944105 0.191675 0)
(0.810099 0.122215 0)
(0.748935 -0.0814323 0)
(0.824504 -0.237606 0)
(0.747515 -0.0621827 0)
(0.767568 -0.167791 0)
(0.881295 -0.160421 0)
(1.01711 -0.0637913 0)
(1.09098 0.0515576 0)
(1.06756 0.154942 0)
(0.946215 0.205259 0)
(0.814303 0.132898 0)
(0.752295 -0.0816613 0)
(0.819817 -0.249167 0)
(0.743984 -0.0581934 0)
(0.756571 -0.175397 0)
(0.867422 -0.175227 0)
(1.00829 -0.0760598 0)
(1.0885 0.0486246 0)
(1.06797 0.162434 0)
(0.949084 0.218277 0)
(0.819952 0.143232 0)
(0.757497 -0.0814246 0)
(0.816823 -0.25983 0)
(0.743468 -0.0536562 0)
(0.748834 -0.182179 0)
(0.8557 -0.189753 0)
(1.00022 -0.0886233 0)
(1.08597 0.045287 0)
(1.0684 0.169454 0)
(0.952639 0.230681 0)
(0.826829 0.153178 0)
(0.764265 -0.0807622 0)
(0.815427 -0.269592 0)
(0.745618 -0.0486752 0)
(0.744118 -0.188132 0)
(0.846045 -0.203866 0)
(0.992863 -0.101346 0)
(1.08341 0.041601 0)
(1.06887 0.175984 0)
(0.956798 0.242437 0)
(0.834725 0.162708 0)
(0.772324 -0.079717 0)
(0.815509 -0.278466 0)
(0.750073 -0.0433477 0)
(0.742152 -0.193264 0)
(0.838345 -0.217455 0)
(0.986207 -0.114107 0)
(1.08086 0.0376171 0)
(1.06942 0.182016 0)
(0.961478 0.253528 0)
(0.843445 0.171805 0)
(0.781416 -0.0783327 0)
(0.816928 -0.286479 0)
(0.756475 -0.0377636 0)
(0.742639 -0.197599 0)
(0.832476 -0.230431 0)
(0.980215 -0.126801 0)
(1.07833 0.0333806 0)
(1.07003 0.187547 0)
(0.966598 0.263949 0)
(0.85281 0.180463 0)
(0.791302 -0.0766523 0)
(0.819536 -0.293668 0)
(0.764476 -0.0320032 0)
(0.745277 -0.201174 0)
(0.828304 -0.242726 0)
(0.974856 -0.139337 0)
(1.07584 0.0289325 0)
(1.07072 0.192582 0)
(0.972079 0.273702 0)
(0.862656 0.188683 0)
(0.80177 -0.0747168 0)
(0.823185 -0.300077 0)
(0.773753 -0.0261379 0)
(0.749761 -0.204033 0)
(0.825692 -0.254291 0)
(0.970102 -0.151637 0)
(1.07341 0.0243095 0)
(1.07147 0.197127 0)
(0.977846 0.282798 0)
(0.872836 0.196471 0)
(0.812634 -0.0725652 0)
(0.827728 -0.305758 0)
(0.784007 -0.0202294 0)
(0.7558 -0.206229 0)
(0.824503 -0.265097 0)
(0.965925 -0.163636 0)
(1.07105 0.0195455 0)
(1.0723 0.201194 0)
(0.983831 0.291257 0)
(0.883222 0.203842 0)
(0.823734 -0.0702337 0)
(0.833027 -0.310761 0)
(0.794967 -0.0143306 0)
(0.763116 -0.207817 0)
(0.824601 -0.275131 0)
(0.962301 -0.17528 0)
(1.06878 0.0146712 0)
(1.07318 0.2048 0)
(0.989971 0.299098 0)
(0.893702 0.210809 0)
(0.834934 -0.0677556 0)
(0.838954 -0.315141 0)
(0.806396 -0.00848548 0)
(0.771452 -0.208858 0)
(0.825855 -0.284393 0)
(0.959208 -0.186527 0)
(1.06658 0.00971495 0)
(1.07411 0.20796 0)
(0.996208 0.306348 0)
(0.90418 0.217392 0)
(0.846119 -0.0651615 0)
(0.845391 -0.318952 0)
(0.818088 -0.00273022 0)
(0.780577 -0.209411 0)
(0.828136 -0.292894 0)
(0.956623 -0.197342 0)
(1.06449 0.0047028 0)
(1.07509 0.210696 0)
(1.00249 0.313036 0)
(0.914574 0.223609 0)
(0.857198 -0.062479 0)
(0.852231 -0.322244 0)
(0.829865 0.00290665 0)
(0.790283 -0.209537 0)
(0.831322 -0.300657 0)
(0.954526 -0.207701 0)
(1.0625 -0.00034131 0)
(1.07611 0.213028 0)
(1.00878 0.31919 0)
(0.924816 0.229482 0)
(0.868093 -0.0597329 0)
(0.859381 -0.325069 0)
(0.841579 0.00840023 0)
(0.800386 -0.209293 0)
(0.835297 -0.30771 0)
(0.952896 -0.217586 0)
(1.06062 -0.0053954 0)
(1.07715 0.214979 0)
(1.01503 0.324841 0)
(0.934849 0.235031 0)
(0.878745 -0.0569453 0)
(0.866756 -0.327475 0)
(0.853109 0.0137334 0)
(0.810728 -0.208735 0)
(0.839952 -0.31409 0)
(0.951713 -0.226986 0)
(1.05886 -0.0104393 0)
(1.07823 0.216572 0)
(1.02121 0.33002 0)
(0.944628 0.240275 0)
(0.889105 -0.0541359 0)
(0.874281 -0.329505 0)
(0.864357 0.0188953 0)
(0.821171 -0.207915 0)
(0.845185 -0.319835 0)
(0.950956 -0.235896 0)
(1.05722 -0.0154546 0)
(1.07932 0.21783 0)
(1.02728 0.334757 0)
(0.954116 0.245236 0)
(0.899138 -0.051322 0)
(0.881892 -0.331203 0)
(0.875245 0.0238764 0)
(0.8316 -0.206882 0)
(0.850901 -0.324988 0)
(0.950605 -0.244317 0)
(1.05571 -0.0204246 0)
(1.08042 0.218776 0)
(1.03324 0.339084 0)
(0.963285 0.249932 0)
(0.908818 -0.0485185 0)
(0.889534 -0.332606 0)
(0.885716 0.0286718 0)
(0.84192 -0.205681 0)
(0.857014 -0.329591 0)
(0.95064 -0.252255 0)
(1.05432 -0.0253343 0)
(1.08154 0.219434 0)
(1.03905 0.343028 0)
(0.972114 0.254381 0)
(0.918125 -0.0457387 0)
(0.897159 -0.33375 0)
(0.895729 0.0332791 0)
(0.852052 -0.204351 0)
(0.863443 -0.33369 0)
(0.951038 -0.259716 0)
(1.05307 -0.03017 0)
(1.08266 0.219827 0)
(1.0447 0.346618 0)
(0.980587 0.258601 0)
(0.92705 -0.0429936 0)
(0.904726 -0.334668 0)
(0.905258 0.0376982 0)
(0.861934 -0.202929 0)
(0.870118 -0.337327 0)
(0.95178 -0.266713 0)
(1.05195 -0.0349198 0)
(1.08378 0.219976 0)
(1.05018 0.349882 0)
(0.988696 0.262607 0)
(0.935586 -0.0402929 0)
(0.912201 -0.335389 0)
(0.914287 0.041931 0)
(0.871516 -0.201447 0)
(0.876972 -0.340546 0)
(0.952844 -0.27326 0)
(1.05097 -0.0395732 0)
(1.08491 0.219903 0)
(1.05548 0.352845 0)
(0.996436 0.266416 0)
(0.943733 -0.0376446 0)
(0.919557 -0.335939 0)
(0.922814 0.045981 0)
(0.880763 -0.199933 0)
(0.883948 -0.343387 0)
(0.954208 -0.279373 0)
(1.05012 -0.0441212 0)
(1.08604 0.219629 0)
(1.06059 0.355532 0)
(1.0038 0.27004 0)
(0.951494 -0.0350554 0)
(0.926772 -0.336343 0)
(0.930844 0.0498527 0)
(0.889648 -0.19841 0)
(0.890993 -0.345889 0)
(0.95585 -0.28507 0)
(1.04941 -0.0485555 0)
(1.08716 0.219174 0)
(1.0655 0.357966 0)
(1.0108 0.273494 0)
(0.958875 -0.0325307 0)
(0.933827 -0.336622 0)
(0.93839 0.0535514 0)
(0.898157 -0.1969 0)
(0.89806 -0.34809 0)
(0.95775 -0.290369 0)
(1.04884 -0.0528698 0)
(1.08827 0.218556 0)
(1.07021 0.360168 0)
(1.01744 0.276788 0)
(0.965887 -0.0300752 0)
(0.940709 -0.336795 0)
(0.94547 0.0570832 0)
(0.906282 -0.195418 0)
(0.90511 -0.350024 0)
(0.959886 -0.295292 0)
(1.0484 -0.0570589 0)
(1.08939 0.217794 0)
(1.07473 0.362159 0)
(1.02372 0.279935 0)
(0.97254 -0.0276921 0)
(0.947407 -0.33688 0)
(0.952107 0.0604542 0)
(0.914023 -0.193979 0)
(0.912106 -0.351723 0)
(0.962237 -0.299856 0)
(1.04809 -0.0611185 0)
(1.09049 0.216905 0)
(1.07905 0.363958 0)
(1.02965 0.282943 0)
(0.978848 -0.0253843 0)
(0.953916 -0.336891 0)
(0.958326 0.0636708 0)
(0.921386 -0.192592 0)
(0.919015 -0.353216 0)
(0.964783 -0.304084 0)
(1.04791 -0.0650455 0)
(1.09159 0.215904 0)
(1.08317 0.365582 0)
(1.03524 0.285822 0)
(0.984826 -0.0231535 0)
(0.960228 -0.336843 0)
(0.964156 0.0667395 0)
(0.928381 -0.191268 0)
(0.92581 -0.354529 0)
(0.967502 -0.307995 0)
(1.04786 -0.0688375 0)
(1.09267 0.214807 0)
(1.08709 0.367048 0)
(1.04051 0.288581 0)
(0.990491 -0.0210012 0)
(0.966342 -0.336745 0)
(0.969623 0.0696664 0)
(0.935025 -0.19001 0)
(0.932466 -0.355687 0)
(0.970375 -0.31161 0)
(1.04793 -0.0724933 0)
(1.09375 0.213627 0)
(1.09082 0.368371 0)
(1.04547 0.291227 0)
(0.995859 -0.0189279 0)
(0.972256 -0.336609 0)
(0.974757 0.0724574 0)
(0.941336 -0.188823 0)
(0.938964 -0.356711 0)
(0.973384 -0.314947 0)
(1.04812 -0.0760124 0)
(1.09482 0.212377 0)
(1.09436 0.369564 0)
(1.05012 0.293765 0)
(1.00095 -0.0169337 0)
(0.977968 -0.336444 0)
(0.994162 -0.349 0)
(0.979583 0.0751182 0)
(0.947333 -0.187708 0)
(0.945285 -0.35762 0)
(0.976511 -0.318027 0)
(1.04843 -0.0793949 0)
(1.09588 0.21107 0)
(1.09771 0.370641 0)
(1.05449 0.296203 0)
(1.00578 -0.0150183 0)
(0.983479 -0.336255 0)
(0.998079 -0.349986 0)
(0.984127 0.0776539 0)
(0.953037 -0.186667 0)
(0.951419 -0.35843 0)
(0.979738 -0.320869 0)
(1.04884 -0.0826418 0)
(1.09693 0.209716 0)
(1.10088 0.371613 0)
(1.05859 0.298546 0)
(1.01038 -0.013181 0)
(0.98879 -0.33605 0)
(1.00194 -0.350868 0)
(0.988413 0.0800695 0)
(0.958469 -0.185699 0)
(0.957356 -0.359157 0)
(0.98305 -0.323489 0)
(1.04936 -0.0857545 0)
(1.09796 0.208325 0)
(1.10388 0.37249 0)
(1.06243 0.300797 0)
(1.01475 -0.0114206 0)
(0.993903 -0.335834 0)
(1.00574 -0.351656 0)
(0.992465 0.0823697 0)
(0.963648 -0.184802 0)
(0.963091 -0.359813 0)
(0.986429 -0.325905 0)
(1.04999 -0.0887349 0)
(1.09898 0.206908 0)
(1.1067 0.373282 0)
(1.06603 0.302962 0)
(1.01893 -0.00973562 0)
(0.998822 -0.33561 0)
(1.00947 -0.352358 0)
(0.996302 0.0845585 0)
(0.968595 -0.183973 0)
(0.968622 -0.360409 0)
(0.989859 -0.328134 0)
(1.05071 -0.0915854 0)
(1.09999 0.205473 0)
(1.10935 0.373999 0)
(1.06939 0.305043 0)
(1.02293 -0.00812455 0)
(1.00355 -0.335382 0)
(1.01313 -0.352985 0)
(0.999944 0.0866401 0)
(0.973327 -0.183212 0)
(0.973951 -0.360955 0)
(0.993323 -0.33019 0)
(1.05153 -0.0943086 0)
(1.10099 0.204027 0)
(1.11184 0.374647 0)
(1.07254 0.307043 0)
(1.02676 -0.00658552 0)
(1.00809 -0.335153 0)
(1.01671 -0.353542 0)
(1.00341 0.0886181 0)
(0.97786 -0.182512 0)
(0.979081 -0.361458 0)
(0.996803 -0.332089 0)
(1.05244 -0.0969084 0)
(1.10197 0.202578 0)
(1.11417 0.375235 0)
(1.07549 0.308965 0)
(1.03045 -0.0051163 0)
(1.01246 -0.334923 0)
(1.02021 -0.354038 0)
(1.00671 0.0904971 0)
(0.982211 -0.181871 0)
(0.984015 -0.361924 0)
(1.00028 -0.333845 0)
(1.05344 -0.0993896 0)
(1.10294 0.201132 0)
(1.11634 0.375769 0)
(1.07824 0.310812 0)
(1.034 -0.00371415 0)
(1.01665 -0.334694 0)
(1.02362 -0.354479 0)
(1.00985 0.0922804 0)
(0.986395 -0.181288 0)
(0.988758 -0.36236 0)
(1.00374 -0.335464 0)
(1.05452 -0.101755 0)
(1.10389 0.199696 0)
(1.11837 0.376254 0)
(1.08081 0.312586 0)
(1.03743 -0.0023778 0)
(1.02068 -0.334469 0)
(1.02695 -0.354866 0)
(1.01286 0.0939629 0)
(0.990426 -0.180773 0)
(0.993317 -0.362774 0)
(1.00717 -0.33695 0)
(1.0557 -0.103996 0)
(1.10483 0.198276 0)
(1.12025 0.376696 0)
(1.08321 0.314286 0)
(1.04076 -0.00111166 0)
(1.02455 -0.334255 0)
(1.03019 -0.355201 0)
(1.01573 0.0955312 0)
(0.994315 -0.180324 0)
(0.997698 -0.363175 0)
(1.01055 -0.33833 0)
(1.05696 -0.106111 0)
(1.10577 0.19689 0)
(1.122 0.377102 0)
(1.08544 0.315911 0)
(1.04398 8.15219e-05 0)
(1.02828 -0.334052 0)
(1.03333 -0.355498 0)
(1.01847 0.0970482 0)
(0.998076 -0.179851 0)
(1.00191 -0.363543 0)
(1.01388 -0.339681 0)
(1.0583 -0.108187 0)
(1.1067 0.195519 0)
(1.12361 0.37748 0)
(1.08751 0.317473 0)
(1.04711 0.00122292 0)
(1.03186 -0.333818 0)
(1.03637 -0.355803 0)
(1.02108 0.098779 0)
(1.00172 -0.179167 0)
(1.00594 -0.363816 0)
(1.01714 -0.341058 0)
(1.05972 -0.110415 0)
(1.10764 0.193995 0)
(1.12509 0.377802 0)
(1.08941 0.319078 0)
(1.05016 0.00230587 0)
(1.03532 -0.33348 0)
(1.03931 -0.356141 0)
(1.02355 0.100545 0)
(1.00525 -0.178599 0)
(1.0098 -0.364038 0)
(1.02033 -0.342163 0)
(1.0612 -0.112473 0)
(1.10863 0.192342 0)
(1.12643 0.377997 0)
(1.0911 0.320717 0)
(1.05312 0.00387485 0)
(1.03864 -0.333169 0)
(1.04213 -0.356318 0)
(1.02549 0.0993049 -5.90595e-23)
(1.00812 -0.179928 4.74358e-23)
(1.0129 -0.36459 -3.48639e-22)
(1.02293 -0.34211 1.47647e-22)
(1.06247 -0.112294 1.6018e-23)
(1.10955 0.192743 4.92014e-23)
(1.12741 0.378529 -1.67499e-22)
(1.0923 0.320727 -1.14113e-22)
(1.05556 0.003291 4.49717e-22)
(1.04133 -0.333572 -1.72907e-22)
(1.02713 0.0970249 -3.13211e-22)
(1.01049 -0.182484 -9.82323e-23)
(1.01545 -0.36575 -1.97647e-22)
(1.02515 -0.341504 -1.52469e-23)
(1.0636 -0.110921 2.95001e-24)
(1.11029 0.194006 -9.40627e-24)
(1.12817 0.379267 -2.16226e-24)
(1.09324 0.320319 -8.92029e-23)
(1.05756 0.00151914 -6.3382e-23)
(1.04351 -0.334616 -2.53874e-22)
(1.02882 0.0945771 6.76575e-22)
(1.01285 -0.185088 3.00936e-23)
(1.01797 -0.366883 -1.12497e-22)
(1.0274 -0.340879 -5.63189e-23)
(1.0648 -0.109463 4.39878e-23)
(1.11104 0.195407 -2.61349e-22)
(1.12888 0.380062 6.72025e-23)
(1.09418 0.319815 3.35294e-22)
(1.05959 -9.55841e-05 3.9291e-22)
(1.04568 -0.335657 9.44063e-23)
(1.03055 0.0922882 1.37288e-22)
(1.0152 -0.187511 3.02257e-22)
(1.02047 -0.367926 -5.17255e-23)
(1.02965 -0.340295 8.6574e-23)
(1.06606 -0.10815 9.03347e-23)
(1.11179 0.196671 3.29921e-22)
(1.12955 0.380803 -7.1712e-22)
(1.0951 0.319352 6.95815e-22)
(1.06163 -0.00162449 -5.72225e-22)
(1.04782 -0.33661 3.10683e-22)
(1.0323 0.0900818 -3.05702e-22)
(1.01755 -0.189853 3.29429e-22)
(1.02295 -0.368931 -1.71311e-22)
(1.03191 -0.339721 -2.46495e-22)
(1.06735 -0.106902 1.07462e-22)
(1.11254 0.197847 -3.17338e-22)
(1.13016 0.381507 3.15858e-22)
(1.09601 0.318921 -7.04604e-22)
(1.06369 -0.00310761 5.01781e-22)
(1.04996 -0.337522 -6.22455e-23)
(1.03408 0.0879048 -3.18831e-22)
(1.01989 -0.19215 -1.24358e-21)
(1.02542 -0.369906 5.91304e-22)
(1.03417 -0.339149 2.52294e-22)
(1.06868 -0.105686 -6.85337e-23)
(1.11328 0.198983 -1.63193e-23)
(1.13072 0.382193 8.1021e-23)
(1.09692 0.318498 3.57561e-22)
(1.06574 -0.00456227 -3.25848e-22)
(1.05209 -0.338403 1.87351e-22)
(1.03587 0.0857584 5.24878e-22)
(1.02224 -0.194396 5.49087e-22)
(1.02787 -0.370851 -8.47239e-23)
(1.03641 -0.338584 6.23839e-23)
(1.07004 -0.104504 4.0887e-22)
(1.11402 0.200082 -1.98226e-23)
(1.13123 0.382865 -3.17898e-22)
(1.09782 0.318081 2.7223e-22)
(1.06781 -0.00598586 1.83953e-22)
(1.0542 -0.339251 -1.24747e-21)
(1.03767 0.0836502 -2.18646e-22)
(1.02458 -0.196585 1.20176e-21)
(1.03032 -0.371764 -1.00452e-22)
(1.03865 -0.338028 1.0998e-22)
(1.07141 -0.103361 -3.46569e-22)
(1.11474 0.201141 1.75991e-22)
(1.13168 0.383519 -2.35779e-22)
(1.09873 0.317671 -1.38896e-21)
(1.06987 -0.00737425 -1.03776e-21)
(1.0563 -0.340064 8.60619e-22)
(1.03947 0.081583 3.24507e-22)
(1.02693 -0.198717 6.05386e-23)
(1.03274 -0.372647 -3.65644e-22)
(1.04087 -0.337481 -2.82326e-23)
(1.0728 -0.102259 1.67088e-22)
(1.11545 0.202157 3.90096e-22)
(1.13207 0.384156 5.92749e-22)
(1.09962 0.317269 5.63747e-22)
(1.07192 -0.00872609 1.56768e-21)
(1.05839 -0.340842 -1.1989e-21)
(1.04128 0.0795573 2.79902e-22)
(1.02927 -0.200792 -1.88235e-21)
(1.03516 -0.3735 1.22288e-22)
(1.04308 -0.336946 -4.79398e-22)
(1.0742 -0.101197 -3.45951e-23)
(1.11615 0.203133 -5.42865e-22)
(1.13241 0.384775 -2.80341e-22)
(1.10052 0.316876 -3.06015e-22)
(1.07397 -0.0100408 1.51637e-22)
(1.06046 -0.341585 1.29891e-22)
(1.04308 0.0775745 -2.97638e-22)
(1.0316 -0.202808 -8.94351e-22)
(1.03755 -0.374322 9.82391e-22)
(1.04527 -0.336423 1.30997e-22)
(1.0756 -0.100177 -9.44752e-23)
(1.11683 0.204069 6.56922e-22)
(1.13268 0.385376 5.57423e-22)
(1.1014 0.316491 7.72398e-22)
(1.07601 -0.0113178 -1.45251e-21)
(1.06252 -0.342292 -3.47265e-22)
(1.04487 0.0756357 4.09648e-22)
(1.03393 -0.204767 4.68526e-22)
(1.03993 -0.375116 -1.33486e-21)
(1.04744 -0.335913 -1.67726e-22)
(1.077 -0.0991982 8.2395e-24)
(1.11748 0.204965 -1.33815e-22)
(1.13289 0.38596 -8.95678e-22)
(1.10228 0.316114 -2.04725e-22)
(1.07804 -0.0125562 7.06101e-22)
(1.06455 -0.342964 1.02382e-21)
(1.04666 0.0737423 -1.24435e-21)
(1.03625 -0.206666 -7.02455e-22)
(1.0423 -0.37588 1.20296e-21)
(1.04959 -0.335418 3.09131e-22)
(1.07841 -0.098262 1.40814e-22)
(1.11811 0.205822 -8.32176e-22)
(1.13304 0.386527 7.04517e-22)
(1.10314 0.315744 4.14184e-22)
(1.08005 -0.0137553 4.01827e-22)
(1.06657 -0.343601 -5.00567e-22)
(1.04842 0.0718956 -1.43302e-22)
(1.03857 -0.208506 1.02252e-21)
(1.04464 -0.376616 -5.96404e-22)
(1.05171 -0.334939 -3.79454e-22)
(1.07981 -0.0973689 2.9768e-22)
(1.11871 0.206641 3.59357e-22)
(1.13312 0.387076 -7.31244e-23)
(1.10399 0.315383 8.62058e-22)
(1.08204 -0.0149143 3.36388e-22)
(1.06857 -0.344201 4.07834e-22)
(1.05017 0.0700968 7.36179e-22)
(1.04087 -0.210286 4.04706e-22)
(1.04696 -0.377323 3.75785e-22)
(1.05381 -0.334477 5.81971e-22)
(1.0812 -0.0965193 -2.98441e-22)
(1.11927 0.207423 -5.78913e-22)
(1.13315 0.387607 -1.60056e-22)
(1.10483 0.31503 -1.08907e-21)
(1.08401 -0.0160326 4.45167e-23)
(1.07055 -0.344765 -7.94508e-22)
(1.06966 0.312223 -2.2171e-21)
(1.0519 0.0683469 1.14037e-21)
(1.04316 -0.212007 -9.86417e-22)
(1.04926 -0.378003 -5.22315e-23)
(1.05588 -0.334033 -5.88802e-22)
(1.08258 -0.0957137 3.17715e-22)
(1.1198 0.208167 1.07082e-22)
(1.13311 0.388121 -7.07792e-22)
(1.10564 0.314685 -4.15112e-22)
(1.08596 -0.0171096 -5.04122e-23)
(1.07251 -0.345293 1.12425e-21)
(1.07012 0.311483 1.19489e-21)
(1.0536 0.0666471 -4.97848e-22)
(1.04544 -0.213667 2.35721e-22)
(1.05153 -0.378656 3.55354e-22)
(1.05792 -0.333607 -3.70827e-23)
(1.08394 -0.0949523 -3.18591e-22)
(1.12029 0.208874 9.40254e-22)
(1.13302 0.388617 5.42637e-22)
(1.10642 0.314347 1.00451e-21)
(1.08788 -0.0181448 -2.68305e-22)
(1.07444 -0.345785 2.74981e-22)
(1.07057 0.310757 -2.79732e-22)
(1.05527 0.0649983 4.41586e-22)
(1.04769 -0.215266 9.40241e-23)
(1.05379 -0.379281 -4.42622e-22)
(1.05992 -0.333201 6.58783e-23)
(1.08529 -0.0942355 -4.77053e-23)
(1.12073 0.209544 7.13638e-23)
(1.13287 0.389095 -3.72079e-22)
(1.10718 0.314018 -1.4552e-22)
(1.08977 -0.0191376 1.75517e-22)
(1.07634 -0.34624 -4.92325e-22)
(1.071 0.310046 -1.83467e-21)
(1.0569 0.0634015 5.90803e-22)
(1.04993 -0.216805 -1.7378e-21)
(1.05601 -0.379879 -3.61549e-23)
(1.06189 -0.332816 2.79245e-22)
(1.08661 -0.0935637 1.37453e-22)
(1.12112 0.210179 -6.84114e-22)
(1.13266 0.389555 -3.47767e-22)
(1.1079 0.313698 4.12654e-22)
(1.09163 -0.0200876 -1.38268e-21)
(1.07822 -0.346659 -6.21592e-22)
(1.07141 0.309352 4.90171e-22)
(1.0585 0.0618575 1.02784e-21)
(1.05215 -0.218284 1.2024e-21)
(1.05821 -0.380451 4.55331e-22)
(1.06383 -0.332452 1.90179e-22)
(1.08791 -0.0929369 -4.74732e-23)
(1.12146 0.210778 1.58611e-22)
(1.13239 0.389997 9.69238e-23)
(1.1086 0.313385 -1.35237e-21)
(1.09345 -0.0209943 4.57423e-22)
(1.08007 -0.347041 3.56091e-22)
(1.07179 0.308675 -6.42699e-23)
(1.06006 0.0603672 2.88236e-22)
(1.05434 -0.219702 -2.787e-22)
(1.06038 -0.380997 -5.45646e-23)
(1.06572 -0.33211 -8.57822e-22)
(1.08918 -0.0923554 7.30732e-23)
(1.12175 0.211341 -2.99063e-22)
(1.13207 0.390421 3.74345e-23)
(1.10925 0.313082 1.23244e-21)
(1.09524 -0.0218574 2.42888e-22)
(1.08189 -0.347387 -5.78191e-22)
(1.07214 0.308015 4.15522e-22)
(1.06157 0.0589313 2.18424e-22)
(1.05651 -0.22106 -1.29957e-21)
(1.06253 -0.381517 3.16975e-22)
(1.06758 -0.33179 -9.60873e-23)
(1.09042 -0.0918193 -1.52854e-22)
(1.12197 0.211869 8.53587e-22)
(1.1317 0.390826 3.71692e-22)
(1.10986 0.312787 -3.54667e-22)
(1.09699 -0.0226765 -3.53771e-22)
(1.08368 -0.347696 7.72083e-22)
(1.07245 0.307375 4.45714e-22)
(1.06304 0.0575506 -2.3387e-21)
(1.05865 -0.222358 1.02909e-21)
(1.06464 -0.382011 -6.21025e-22)
(1.06939 -0.331493 7.04519e-22)
(1.09162 -0.0913287 -9.88096e-24)
(1.12213 0.212362 -6.78049e-22)
(1.13127 0.391213 -2.62591e-22)
(1.11043 0.312501 1.65616e-22)
(1.09869 -0.0234514 -5.76198e-23)
(1.08544 -0.347969 -1.76672e-22)
(1.07273 0.306754 -1.26951e-21)
(1.06446 0.0562256 8.38565e-22)
(1.06076 -0.223595 5.44127e-22)
(1.06672 -0.38248 1.34845e-21)
(1.07115 -0.33122 -4.00182e-22)
(1.09278 -0.0908836 -1.32679e-23)
(1.12223 0.212819 3.49323e-22)
(1.1308 0.391581 9.65269e-22)
(1.11096 0.312225 -3.30064e-22)
(1.10035 -0.0241818 1.38371e-21)
(1.08716 -0.348205 5.92183e-23)
(1.07297 0.306154 7.42895e-22)
(1.06582 0.054957 7.22691e-22)
(1.06284 -0.224773 -4.90616e-22)
(1.06878 -0.382924 -4.32153e-22)
(1.07287 -0.330971 2.44168e-22)
(1.09389 -0.0904839 -3.00666e-22)
(1.12226 0.213241 -3.64366e-22)
(1.13027 0.39193 -4.6038e-22)
(1.11144 0.311959 2.08946e-23)
(1.10196 -0.0248676 -1.72421e-21)
(1.08885 -0.348405 -2.64524e-22)
(1.07316 0.305576 1.23763e-21)
(1.06713 0.0537452 -1.77063e-21)
(1.06488 -0.22589 2.05004e-22)
(1.07079 -0.383342 -3.60095e-22)
(1.07454 -0.330745 -2.9756e-22)
(1.09496 -0.0901297 8.23554e-23)
(1.12222 0.213628 6.23506e-22)
(1.1297 0.39226 -2.16421e-22)
(1.11187 0.311703 -6.44107e-22)
(1.10353 -0.0255084 1.11048e-21)
(1.0905 -0.348569 2.72247e-22)
(1.07331 0.305021 -7.27744e-22)
(1.06837 0.0525908 9.50197e-22)
(1.06689 -0.226949 5.55439e-23)
(1.07278 -0.383736 7.56932e-22)
(1.07616 -0.330544 1.34439e-22)
(1.09597 -0.089821 5.35614e-22)
(1.1221 0.213979 -7.09934e-22)
(1.12907 0.392571 -4.91765e-22)
(1.11225 0.311458 1.24467e-22)
(1.10504 -0.0261044 9.8141e-22)
(1.09211 -0.348697 -1.40903e-22)
(1.07341 0.304491 1.18751e-22)
(1.06956 0.0514941 -3.16391e-22)
(1.06886 -0.227949 -7.74487e-22)
(1.07473 -0.384104 -1.43003e-21)
(1.07773 -0.330366 2.27527e-22)
(1.09692 -0.0895575 -3.63414e-22)
(1.12192 0.214295 1.95515e-22)
(1.1284 0.392861 5.68096e-22)
(1.11257 0.311223 3.77412e-22)
(1.10649 -0.0266553 -1.10917e-21)
(1.09369 -0.34879 3.00485e-22)
(1.07346 0.303985 -7.06233e-22)
(1.07068 0.0504556 6.86416e-22)
(1.07079 -0.22889 1.00988e-21)
(1.07665 -0.384449 8.62769e-22)
(1.07925 -0.330213 4.50864e-22)
(1.09781 -0.0893393 -5.60336e-22)
(1.12166 0.214575 1.12387e-21)
(1.12768 0.393132 -1.4768e-22)
(1.11284 0.311 3.28414e-22)
(1.10789 -0.0271611 -1.61713e-22)
(1.09522 -0.348846 -4.83926e-22)
(1.07346 0.303505 2.45981e-22)
(1.07174 0.0494757 -8.04651e-22)
(1.07268 -0.229773 -2.29554e-22)
(1.07853 -0.384768 -1.2528e-22)
(1.0807 -0.330085 -6.25525e-22)
(1.09864 -0.0891661 -9.50891e-23)
(1.12132 0.214818 4.95723e-23)
(1.12691 0.393383 8.59426e-22)
(1.11305 0.310789 -1.13569e-21)
(1.10924 -0.0276218 -8.63964e-23)
(1.09671 -0.348867 6.76244e-22)
(1.0734 0.303053 4.4339e-22)
(1.07272 0.0485546 7.91983e-22)
(1.07452 -0.230598 4.29284e-24)
(1.08037 -0.385063 -2.79492e-22)
(1.0821 -0.32998 1.34983e-22)
(1.09939 -0.089038 5.55998e-22)
(1.12091 0.215025 -4.93049e-22)
(1.1261 0.393613 -3.35413e-22)
(1.1132 0.31059 3.81026e-22)
(1.11052 -0.0280374 3.14717e-22)
(1.09817 -0.348853 1.8504e-22)
(1.07329 0.30263 -1.10575e-22)
(1.07364 0.0476926 -1.75887e-22)
(1.07631 -0.231367 1.44702e-22)
(1.08218 -0.385334 -5.79023e-23)
(1.08345 -0.329898 1.08321e-22)
(1.10008 -0.0889547 6.16018e-23)
(1.12042 0.215194 -4.47989e-22)
(1.12523 0.393823 -4.02772e-22)
(1.11329 0.310403 1.71188e-23)
(1.11173 -0.0284081 -1.54236e-22)
(1.09958 -0.348805 6.8066e-23)
(1.07311 0.302236 -2.05588e-22)
(1.07448 0.04689 -6.62027e-22)
(1.07806 -0.232079 -5.51469e-22)
(1.08394 -0.385581 1.67924e-22)
(1.08473 -0.32984 1.72421e-22)
(1.10069 -0.0889161 -2.34418e-22)
(1.11986 0.215326 4.21003e-23)
(1.12432 0.394013 2.16684e-22)
(1.11332 0.31023 2.47555e-24)
(1.11289 -0.0287339 6.68103e-22)
(1.10094 -0.348721 -5.26467e-22)
(1.07288 0.301872 -4.35437e-23)
(1.07525 0.0461469 7.92938e-22)
(1.07975 -0.232735 -2.23453e-22)
(1.08567 -0.385803 1.69303e-22)
(1.08595 -0.329805 -2.80817e-22)
(1.10122 -0.0889221 -7.51839e-23)
(1.11922 0.21542 3.26423e-22)
(1.12336 0.394181 -4.8916e-22)
(1.11328 0.31007 3.57195e-22)
(1.11398 -0.029015 -2.91702e-22)
(1.10226 -0.348604 3.36205e-22)
(1.07258 0.301541 7.48458e-23)
(1.07595 0.0454635 -2.57114e-22)
(1.08139 -0.233335 5.54016e-22)
(1.08736 -0.386002 -2.32469e-22)
(1.08711 -0.329793 -1.29356e-22)
(1.10168 -0.0889725 4.33413e-23)
(1.1185 0.215475 -8.81403e-23)
(1.12235 0.394329 4.1364e-22)
(1.11318 0.309925 -2.26349e-22)
(1.115 -0.0292516 -5.47064e-23)
(1.10354 -0.348452 -5.39427e-23)
(1.07222 0.301242 2.26343e-22)
(1.07656 0.04484 1.5635e-22)
(1.08298 -0.233881 -4.82733e-23)
(1.08901 -0.386176 1.57042e-22)
(1.08821 -0.329802 1.84742e-22)
(1.10205 -0.0890671 2.36252e-22)
(1.11771 0.215491 -2.20227e-22)
(1.12129 0.394456 -5.4738e-23)
(1.113 0.309793 3.49322e-22)
(1.11595 -0.0294438 1.08195e-22)
(1.10477 -0.348267 -5.40226e-22)
(1.0718 0.300976 -1.99296e-22)
(1.07711 0.0442765 -1.9723e-22)
(1.08451 -0.234372 -1.75753e-22)
(1.09062 -0.386325 5.44529e-23)
(1.08924 -0.329833 -4.98323e-23)
(1.10234 -0.0892059 -2.7879e-22)
(1.11685 0.215468 1.07244e-22)
(1.12019 0.394561 -6.68969e-23)
(1.11276 0.309677 -2.4388e-22)
(1.11683 -0.029592 -3.11474e-22)
(1.10595 -0.348049 1.35514e-22)
(1.07131 0.300746 3.90588e-23)
(1.07757 0.0437732 -8.89287e-23)
(1.08599 -0.23481 1.03041e-22)
(1.09219 -0.386451 -3.43283e-23)
(1.09021 -0.329884 -2.54315e-23)
(1.10254 -0.0893886 7.07622e-23)
(1.11591 0.215404 1.30132e-22)
(1.11904 0.394646 4.90581e-23)
(1.11245 0.309576 1.21322e-22)
(1.11764 -0.0296964 6.97008e-23)
(1.10708 -0.347798 4.74021e-24)
(1.07076 0.300551 -6.84246e-24)
(1.07796 0.0433302 -2.65241e-23)
(1.0874 -0.235195 4.97754e-23)
(1.09372 -0.386553 6.95031e-23)
(1.09112 -0.329956 -3.02204e-23)
(1.10266 -0.0896151 -2.48972e-23)
(1.11489 0.215299 -1.94527e-23)
(1.11784 0.394709 -1.4096e-23)
(1.11207 0.309492 -3.7925e-23)
(1.11837 -0.0297573 3.69609e-23)
(1.10817 -0.347515 5.0567e-23)
(1.07014 0.300392 2.56135e-23)
(1.07827 0.0429474 2.23358e-23)
(1.08876 -0.235527 -2.37142e-23)
(1.0952 -0.38663 -5.7471e-23)
(1.09196 -0.330046 3.03138e-23)
(1.1027 -0.0898851 8.66089e-24)
(1.11381 0.215153 5.15535e-23)
(1.11659 0.394751 -1.61669e-23)
(1.11162 0.309423 -1.12798e-23)
(1.11903 -0.0297751 2.22308e-23)
(1.10921 -0.347201 -2.16809e-23)
)
;

boundaryField
{
    inlet
    {
        type            uniformFixedValue;
        uniformValue    constant (1 0 0);
        value           nonuniform 0();
    }
    outlet
    {
        type            pressureInletOutletVelocity;
        value           nonuniform 0();
    }
    cylinder
    {
        type            fixedValue;
        value           nonuniform 0();
    }
    top
    {
        type            symmetryPlane;
    }
    bottom
    {
        type            symmetryPlane;
    }
    defaultFaces
    {
        type            empty;
    }
    procBoundary14to13
    {
        type            processor;
        value           nonuniform List<vector> 
99
(
(0.98145 -0.00118112 0)
(0.979453 -0.00346861 0)
(0.975343 -0.0055532 0)
(0.968893 -0.00727784 0)
(0.959926 -0.00840172 0)
(0.948462 -0.00863185 0)
(0.9348 -0.00767413 0)
(0.919512 -0.00528575 0)
(0.90337 -0.00132866 0)
(0.887223 0.00424746 0)
(0.871886 0.011409 0)
(0.85805 0.01998 0)
(0.846229 0.0297432 0)
(0.836754 0.0404748 0)
(0.829775 0.0519319 0)
(0.825303 0.0638962 0)
(0.823236 0.076164 0)
(0.823396 0.0885537 0)
(0.82556 0.100911 0)
(0.829478 0.113108 0)
(0.834897 0.125042 0)
(0.841567 0.136632 0)
(0.849249 0.147815 0)
(0.857724 0.158547 0)
(0.866791 0.1688 0)
(0.876272 0.178558 0)
(0.886007 0.187815 0)
(0.895862 0.196576 0)
(0.905717 0.20485 0)
(0.915476 0.212654 0)
(0.925057 0.220007 0)
(0.934394 0.226931 0)
(0.943435 0.23345 0)
(0.952141 0.23959 0)
(0.960483 0.245375 0)
(0.968443 0.250829 0)
(0.976008 0.255978 0)
(0.983174 0.260843 0)
(0.989943 0.265446 0)
(0.996319 0.269807 0)
(1.00231 0.273944 0)
(1.00793 0.277874 0)
(1.0132 0.281611 0)
(1.01812 0.28517 0)
(1.02271 0.288563 0)
(1.02699 0.291799 0)
(1.03098 0.294889 0)
(1.03469 0.297841 0)
(1.03813 0.300662 0)
(1.04133 0.303359 0)
(1.04429 0.305938 0)
(1.04704 0.308403 0)
(1.04957 0.310761 0)
(1.05191 0.313015 0)
(1.05407 0.315169 0)
(1.05604 0.317226 0)
(1.05785 0.319181 0)
(1.05947 0.321052 0)
(1.06088 0.323005 0)
(1.06203 0.325081 0)
(1.06261 0.324758 -8.80013e-23)
(1.06308 0.32393 -7.49782e-22)
(1.06354 0.32296 1.52859e-22)
(1.06398 0.322046 -9.09657e-22)
(1.06443 0.321174 6.96678e-22)
(1.06488 0.320312 -5.03558e-22)
(1.06533 0.319454 5.15552e-22)
(1.06579 0.318606 -9.58563e-23)
(1.06626 0.317767 -5.88215e-22)
(1.06674 0.31694 6.99792e-22)
(1.06722 0.316124 -1.84235e-22)
(1.06771 0.315319 -3.4269e-23)
(1.0682 0.314526 -3.98348e-22)
(1.06869 0.313745 1.99908e-22)
(1.06918 0.312978 -7.79329e-22)
(1.06918 0.312978 -7.79329e-22)
(1.09569 0.40658 -4.01481e-22)
(1.0952 0.406967 -3.15272e-22)
(1.09467 0.407335 1.59674e-21)
(1.09409 0.407684 -4.0848e-22)
(1.09346 0.408014 -1.83826e-22)
(1.09279 0.408325 -2.30505e-22)
(1.09208 0.408618 -2.32336e-22)
(1.09132 0.408893 3.98081e-22)
(1.09052 0.40915 -2.78143e-22)
(1.08969 0.409388 -4.63182e-22)
(1.08881 0.409609 1.02297e-21)
(1.08789 0.409812 -2.14472e-23)
(1.08694 0.409998 -7.75328e-22)
(1.08594 0.410166 9.0928e-22)
(1.0849 0.410317 -1.03082e-21)
(1.08383 0.410451 9.57705e-22)
(1.08271 0.410568 -5.1953e-22)
(1.08156 0.410669 4.97256e-23)
(1.08036 0.410753 9.96865e-23)
(1.07912 0.410822 -2.69463e-22)
(1.07784 0.410875 -5.83688e-23)
(1.07652 0.410913 1.5798e-22)
(1.07516 0.410937 1.74974e-23)
)
;
    }
    procBoundary14to15
    {
        type            processor;
        value           nonuniform List<vector> 
100
(
(1.17112 -0.00403488 0)
(1.16564 -0.0122623 0)
(1.15543 -0.0209345 0)
(1.14154 -0.0302975 0)
(1.12525 -0.040513 0)
(1.10786 -0.0516164 0)
(1.09046 -0.0635302 0)
(1.0738 -0.0761064 0)
(1.05825 -0.089165 0)
(1.04385 -0.102532 0)
(1.03051 -0.116054 0)
(1.01807 -0.129603 0)
(1.00641 -0.143075 0)
(0.995498 -0.156376 0)
(0.985332 -0.169425 0)
(0.975964 -0.182148 0)
(0.967454 -0.194479 0)
(0.959859 -0.206362 0)
(0.95322 -0.217751 0)
(0.947555 -0.228611 0)
(0.94286 -0.238915 0)
(0.939113 -0.248647 0)
(0.936275 -0.257801 0)
(0.934293 -0.266377 0)
(0.933108 -0.274382 0)
(0.932655 -0.281829 0)
(0.932869 -0.288733 0)
(0.933683 -0.295117 0)
(0.93503 -0.301001 0)
(0.936851 -0.306412 0)
(0.939084 -0.311375 0)
(0.941677 -0.315916 0)
(0.944577 -0.320063 0)
(0.947739 -0.323842 0)
(0.95112 -0.327279 0)
(0.954682 -0.3304 0)
(0.958389 -0.333229 0)
(0.962212 -0.33579 0)
(0.966121 -0.338105 0)
(0.970092 -0.340194 0)
(0.974103 -0.342078 0)
(0.978136 -0.343774 0)
(0.982172 -0.345299 0)
(0.986197 -0.346669 0)
(0.990198 -0.347898 0)
(0.990198 -0.347898 0)
(1.0185 -0.053441 0)
(1.02054 -0.0545172 0)
(1.02263 -0.0555098 0)
(1.02476 -0.0564227 0)
(1.02693 -0.0572597 0)
(1.02911 -0.0580248 0)
(1.03131 -0.0587214 0)
(1.0335 -0.0593533 0)
(1.03569 -0.0599246 0)
(1.03786 -0.0604384 0)
(1.04001 -0.060892 0)
(1.04213 -0.0612821 0)
(1.04423 -0.0616545 0)
(1.04629 -0.0621261 0)
(1.04833 -0.0625202 0)
(1.04442 -0.355889 4.27371e-23)
(1.04442 -0.355889 4.27371e-23)
(1.04628 -0.35528 2.94492e-23)
(1.04813 -0.354659 1.11154e-22)
(1.04996 -0.354053 -1.99385e-22)
(1.05177 -0.353451 -4.91985e-23)
(1.05356 -0.35285 3.69435e-22)
(1.05533 -0.352249 -2.34885e-22)
(1.05708 -0.351652 -1.778e-22)
(1.05881 -0.351057 9.36993e-23)
(1.06051 -0.350466 -9.00282e-23)
(1.06218 -0.349879 1.10638e-22)
(1.06382 -0.349296 -1.6731e-23)
(1.06542 -0.348718 -1.17615e-23)
(1.067 -0.348145 1.41655e-22)
(1.06854 -0.347579 -2.972e-22)
(1.07005 -0.347018 -1.61258e-22)
(1.07152 -0.346463 1.44301e-22)
(1.07295 -0.345915 4.07627e-22)
(1.07434 -0.345374 -7.13008e-22)
(1.0757 -0.344839 1.18552e-22)
(1.07701 -0.344313 5.65287e-22)
(1.07827 -0.343793 -2.87539e-22)
(1.0795 -0.343282 -7.72295e-23)
(1.08068 -0.342778 1.18589e-22)
(1.08182 -0.342282 2.01885e-22)
(1.08291 -0.341794 -2.25269e-22)
(1.08395 -0.341315 1.12974e-22)
(1.08495 -0.340844 2.24201e-22)
(1.0859 -0.340381 -3.7909e-22)
(1.0868 -0.339927 5.02545e-23)
(1.08766 -0.339482 3.74802e-22)
(1.08847 -0.339045 -3.31192e-22)
(1.08923 -0.338617 3.99694e-23)
(1.08994 -0.338198 3.89225e-23)
(1.0906 -0.337788 -4.3403e-23)
(1.09122 -0.337386 -3.4853e-23)
(1.09179 -0.336993 6.95406e-23)
(1.09231 -0.33661 -6.68343e-23)
)
;
    }
    procBoundary14to29
    {
        type            processor;
        value           nonuniform List<vector> 4((1.07082 0.410921 1.06125e-23) (1.06929 0.410888 -2.65586e-24) (1.07375 0.410946 -1.9645e-24) (1.07231 0.41094 -5.99024e-24));
    }
    procBoundary14to30
    {
        type            processor;
        value           nonuniform List<vector> 
11
(
(1.06789 0.300142 -2.50131e-23)
(1.07874 0.0421624 -8.61153e-23)
(1.09244 -0.236216 2.31766e-22)
(1.0994 -0.386719 -4.50747e-23)
(1.0941 -0.330426 -7.10795e-23)
(1.10228 -0.0909554 5.93804e-23)
(1.11014 0.214458 1.85751e-22)
(1.11257 0.394748 3.91044e-24)
(1.10982 0.30932 5.74715e-23)
(1.12054 -0.0295735 1.38244e-22)
(1.11204 -0.346071 6.6485e-23)
)
;
    }
    procBoundary14to31
    {
        type            processor;
        value           nonuniform List<vector> 4((1.09359 -0.335512 -1.43753e-23) (1.09393 -0.335164 7.604e-23) (1.09278 -0.336235 -4.12137e-23) (1.09321 -0.335869 -1.565e-23));
    }
}


// ************************************************************************* //
