/*--------------------------------*- C++ -*----------------------------------*\
  =========                 |
  \\      /  F ield         | OpenFOAM: The Open Source CFD Toolbox
   \\    /   O peration     | Website:  https://openfoam.org
    \\  /    A nd           | Version:  7
     \\/     M anipulation  |
\*---------------------------------------------------------------------------*/
FoamFile
{
    version     2.0;
    format      ascii;
    class       surfaceScalarField;
    location    "97";
    object      phi;
}
// * * * * * * * * * * * * * * * * * * * * * * * * * * * * * * * * * * * * * //

dimensions      [0 3 -1 0 0 0 0];

internalField   nonuniform List<scalar> 
2004
(
0.00233477
0.00154362
0.0021879
0.00139505
0.00118084
0.00176568
0.00203338
0.00133536
0.00111391
0.00160155
0.0018773
0.00126999
0.000887763
0.00117359
0.00104632
0.00144299
0.00172133
0.00120229
0.00082723
0.00103534
0.000979015
0.00129121
0.00156643
0.00113391
0.000638787
0.00069306
0.000769068
0.000905062
0.000913395
0.00114688
0.00141438
0.00106545
0.000591983
0.000585184
0.000714116
0.000782929
0.000850605
0.00101039
0.00126638
0.000998604
0.000449049
0.000330178
0.000549002
0.000485231
0.000663035
0.000668896
0.000791596
0.000881833
0.0011234
0.000934577
0.000417644
0.000250799
0.000510081
0.000392794
0.000616276
0.000562701
0.000737075
0.000761034
0.000986055
0.000874416
0.000389806
0.000177607
0.00047527
0.000307331
0.000574077
0.000463894
0.000687492
0.000647619
0.000854682
0.000818865
0.000297708
1.39185e-05
0.000365325
0.00010999
0.000444452
0.000228203
0.000536465
0.000371882
0.000643029
0.000541055
0.000729366
0.000768346
0.000281224
-3.92952e-05
0.00034389
4.73233e-05
0.000417367
0.000154726
0.000503265
0.000285984
0.000603606
0.000440714
0.00061001
0.000722962
0.000266796
-8.88377e-05
0.000325121
-1.10012e-05
0.000393637
8.62106e-05
0.000474132
0.000205488
0.000568905
0.000345941
0.000496387
0.000682528
0.000207705
-0.000189143
0.00025404
-0.000135173
0.000308588
-6.5549e-05
0.000372797
2.20012e-05
0.00044858
0.000129705
0.00053842
0.000256101
0.000388196
0.00064661
0.000199037
-0.000226116
0.000242568
-0.000178704
0.000293841
-0.000116821
0.000354332
-3.84908e-05
0.000426031
5.80063e-05
0.000511505
0.000170628
0.000285113
0.000614588
0.000190944
-0.000260996
0.000232008
-0.000219768
0.000280429
-0.000165243
0.000337705
-9.57666e-05
0.000405853
-1.01417e-05
0.000487436
8.90446e-05
0.000186827
0.000585723
0.000150164
-0.00031843
0.000183149
-0.00029398
0.000222012
-0.000258631
0.000267922
-0.000211153
0.000322384
-0.000150228
0.000387404
-7.51618e-05
0.000465462
1.09867e-05
9.3068e-05
0.00055922
0.000144173
-0.000344961
0.000175406
-0.000325213
0.000212267
-0.000295492
0.000255922
-0.000254809
0.000307868
-0.000202173
0.000370067
-0.000137361
0.000444853
-6.37995e-05
3.6294e-06
0.000534292
0.00013793
-0.00037004
0.000167505
-0.000354788
0.0002025
-0.000330487
0.000244074
-0.000296382
0.000293703
-0.000251802
0.000353275
-0.000196933
0.000424936
-0.000135461
-8.16286e-05
0.000510194
0.000131302
-0.000393692
0.000159272
-0.000382758
0.00019248
-0.000363695
0.000232072
-0.000335975
0.000279493
-0.000299223
0.000336532
-0.000253972
0.000405119
-0.000204047
-0.000162776
0.000486267
0.000101963
-0.000415744
0.000124188
-0.000415918
0.000150567
-0.000409137
0.000182015
-0.000395143
0.000219664
-0.000373624
0.000264907
-0.000344466
0.00031942
-0.000308485
0.000384903
-0.00026953
-0.000239819
0.000461946
9.57351e-05
-0.000433262
0.00011651
-0.000436693
0.000141282
-0.00043391
0.00017096
-0.00042482
0.000206647
-0.000409311
0.00024968
-0.000387499
0.000301603
-0.000360409
0.000363889
-0.000331816
-0.000312709
0.000436779
8.89324e-05
-0.000449441
0.000108217
-0.000455977
0.000131344
-0.000457036
0.000159205
-0.000452682
0.000192873
-0.000442979
0.000233611
-0.000428237
0.00028283
-0.000409627
0.000341778
-0.000390764
-0.000381353
0.000410422
8.15374e-05
-0.00046423
9.92799e-05
-0.00047372
0.000120704
-0.00047846
0.00014668
-0.000478658
0.000178239
-0.000474537
0.000216564
-0.000466562
0.000262926
-0.000455989
0.000318364
-0.000446202
-0.000445627
0.000382639
7.35493e-05
-0.000477574
8.96905e-05
-0.000489861
0.000109342
-0.000498112
0.000133349
-0.000502664
0.000162688
-0.000503876
0.000198458
-0.000502332
0.000241789
-0.00049932
0.00029353
-0.000497944
-0.00050539
0.000353293
5.31396e-05
-0.000470664
6.49819e-05
-0.000489416
7.94587e-05
-0.000504338
9.72634e-05
-0.000515917
0.000119205
-0.000524606
0.000146203
-0.000530875
0.000179265
-0.000535394
0.000219383
-0.000539439
0.000267237
-0.000545797
-0.00056049
0.000322337
4.5576e-05
-0.000479053
5.58618e-05
-0.000499702
6.86114e-05
-0.000517087
8.44924e-05
-0.000531798
0.000104272
-0.000544385
0.000128806
-0.000555409
0.000159006
-0.000565594
0.000195732
-0.000576165
0.000239513
-0.000589578
-0.000610783
0.000289806
3.75491e-05
-0.000485995
4.62274e-05
-0.000508381
5.71902e-05
-0.00052805
7.10739e-05
-0.000545682
8.85979e-05
-0.000561909
0.000110549
-0.000577361
0.000137741
-0.000592785
0.000170909
-0.000609333
0.000210449
-0.000629118
-0.000656135
0.000255801
2.91011e-05
-0.000491448
3.61271e-05
-0.000515407
4.52499e-05
-0.000537173
5.70696e-05
-0.000557501
7.2253e-05
-0.000577092
9.15134e-05
-0.000596621
0.000115567
-0.000616839
0.00014503
-0.000638796
0.000180187
-0.000664275
-0.000696432
0.000220484
2.0281e-05
-0.000495379
2.56176e-05
-0.000520743
3.2856e-05
-0.000544411
4.25556e-05
-0.000567201
5.53261e-05
-0.000589863
7.18047e-05
-0.0006131
9.26104e-05
-0.000637644
0.00011825
-0.000664436
0.000148909
-0.000694934
-0.000731587
0.000184064
1.11435e-05
-0.000497764
1.47632e-05
-0.000524363
2.00836e-05
-0.000549732
2.76199e-05
-0.000574737
3.79216e-05
-0.000600165
5.15481e-05
-0.000626726
6.9024e-05
-0.00065512
9.07517e-05
-0.000686163
0.000116836
-0.000721018
-0.000761541
0.00014679
1.74771e-06
-0.000498586
3.63359e-06
-0.000526249
7.0151e-06
-0.000553113
1.23602e-05
-0.000580082
2.01563e-05
-0.000607961
3.08849e-05
-0.000637455
4.49784e-05
-0.000669214
6.27423e-05
-0.000703927
8.42101e-05
-0.000742486
-0.000786266
0.000108935
-7.84377e-06
-0.00049784
-7.69704e-06
-0.000526396
-6.26159e-06
-0.000554549
-3.11845e-06
-0.000583225
2.15659e-06
-0.000613236
9.96766e-06
-0.000645266
2.06589e-05
-0.000679905
3.44468e-05
-0.000717715
5.1298e-05
-0.000759337
-0.000805764
7.07959e-05
-1.52566e-05
-0.000465175
-1.7566e-05
-0.00049553
-1.91516e-05
-0.00052481
-1.96548e-05
-0.000554045
-1.87066e-05
-0.000584174
-1.59459e-05
-0.000615996
-1.10437e-05
-0.000650168
-3.74041e-06
-0.000687208
6.10014e-06
-0.000727556
1.84248e-05
-0.000771662
-0.000819984
3.26454e-05
-2.34953e-05
-0.000461065
-2.73527e-05
-0.000491673
-3.06514e-05
-0.000521511
-3.30707e-05
-0.000551626
-3.42917e-05
-0.000582953
-3.40154e-05
-0.000616273
-3.19854e-05
-0.000652198
-2.80193e-05
-0.000691174
-2.20479e-05
-0.000733527
-1.41978e-05
-0.000779512
-0.000828772
-5.41045e-06
-3.17578e-05
-0.000455565
-3.71374e-05
-0.000486293
-4.21175e-05
-0.000516531
-4.64153e-05
-0.000547328
-4.97611e-05
-0.000579607
-5.19163e-05
-0.000614118
-5.26931e-05
-0.000651421
-5.19803e-05
-0.000691887
-4.97789e-05
-0.000735728
-4.62802e-05
-0.000783011
-0.000833277
-4.17751e-05
-3.99883e-05
-0.000448705
-4.68541e-05
-0.000479427
-5.34718e-05
-0.000509914
-5.95955e-05
-0.000541205
-6.50036e-05
-0.000574199
-6.95149e-05
-0.000609606
-7.30066e-05
-0.000647929
-7.54338e-05
-0.00068946
-7.68553e-05
-0.000734307
-7.7474e-05
-0.000782392
-0.000833184
-7.75665e-05
-4.81321e-05
-0.00044052
-5.64381e-05
-0.000471121
-6.46378e-05
-0.000501714
-7.25209e-05
-0.000533321
-7.9911e-05
-0.000566809
-8.66814e-05
-0.000602836
-9.27705e-05
-0.00064184
-9.81952e-05
-0.000684035
-0.000103068
-0.000729434
-0.000107615
-0.000777845
-0.000828671
-0.000112128
-5.61357e-05
-6.58267e-05
-7.5542e-05
-8.51043e-05
-9.43796e-05
-0.000103292
-0.000111836
-0.000120088
-0.000675784
-0.000128209
-0.000721313
-0.000136454
-0.0007696
-0.000819992
-0.000145133
-0.000140944
-0.00015208
-0.000163755
-0.000176296
-4.71336e-05
0.0110644
-9.31954e-05
0.0108111
-0.000138251
0.0105669
-0.000182352
0.0103312
-0.000225553
0.0101037
-0.000267902
0.00988375
-0.000309445
0.00967109
-0.000350228
0.00946533
-0.000390291
0.00926614
-0.000429675
0.00907323
-0.000468422
0.00888631
-0.000506568
0.00870514
-0.00054415
0.00852947
-0.000581207
0.0083591
-0.000617772
0.00819381
-0.00065388
0.00803339
-0.000689565
0.00787768
-0.000724862
0.00772651
-0.000759803
0.00757968
-0.000794419
0.00743706
-0.00082874
0.00729847
-0.000862796
0.00716378
-0.000896616
0.00703282
-0.000930225
0.00690547
-0.00096365
0.00678159
-0.000996914
0.00666102
-0.00103004
0.00654365
-0.00106304
0.00642933
-0.00109595
0.00631794
-0.00112877
0.00620935
-0.00116151
0.00610343
-0.00119419
0.00600005
-0.00122682
0.00589909
-0.00125939
0.00580043
-0.00129192
0.00570395
-0.0013244
0.00560955
-0.00135684
0.00551714
-0.00138923
0.00542661
-0.00142158
0.00533791
-0.00145388
0.00525096
-0.00148613
0.00516572
-0.00151828
0.0050821
-0.0015503
0.00499998
-0.00158206
0.00491918
-0.00161343
0.00483938
0.0047294
-0.00161347
-0.00164416
0.00476014
0.00465105
-0.00164312
-0.00167393
0.00468082
0.00457227
-0.00167168
-0.00170229
0.00460063
0.00449218
-0.00169869
-0.00172865
0.00451854
0.00440966
-0.00172351
-0.00175224
0.00443324
0.00432328
-0.00174533
-0.00177203
0.00434307
0.00423118
-0.00176304
-0.00178677
0.00424592
0.00413099
-0.00177529
-0.00179491
0.00413913
0.00401996
-0.00178036
-0.00179474
0.00401979
0.00389493
-0.00177641
-0.00178447
0.00388467
0.00375175
-0.00176155
-0.00176246
0.00372974
0.00358732
-0.00173351
-0.00172742
0.00355228
0.00340189
-0.0016906
-0.00167879
0.00335326
0.00318772
-0.00163294
-0.00161645
0.00312538
0.00292621
0.00285338
0.0110699
-5.54577e-06
0.0110631
6.78102e-06
0.0110466
1.65111e-05
0.0110227
2.39489e-05
0.0109941
2.85975e-05
0.0109658
2.82511e-05
2.64688e-05
0.0108163
-1.07963e-05
0.0108094
1.36678e-05
0.0107929
3.30253e-05
0.010769
4.79007e-05
0.0107404
5.71365e-05
0.0107123
5.64073e-05
5.27044e-05
0.0105716
-1.55678e-05
0.0105642
2.10626e-05
0.0105472
5.00526e-05
0.0105227
7.24025e-05
0.0104937
8.61742e-05
0.0104651
8.49684e-05
7.90118e-05
0.0103354
-1.97334e-05
0.0103272
2.92474e-05
0.0103093
6.79764e-05
0.0102838
9.79299e-05
0.0102537
0.000116214
0.0102243
0.000114397
0.000105696
0.0101071
-2.31742e-05
0.0100979
3.84646e-05
0.0100787
8.7148e-05
0.0100517
0.00012492
0.0100202
0.000147724
0.00998949
0.000145127
0.000133049
0.00988636
-2.57863e-05
0.00987589
4.89363e-05
0.00985515
0.000107889
0.00982629
0.000153777
0.00979287
0.000181151
0.00976042
0.000177573
0.000161357
0.00967279
-2.74803e-05
0.00966086
6.08618e-05
0.00963825
0.000130495
0.00960715
0.000184882
0.00957138
0.000216924
0.00953681
0.000212138
0.000190908
0.00946603
-2.81771e-05
0.00945247
7.4422e-05
0.00942772
0.000155243
0.00939401
0.000218595
0.00935547
0.000255463
0.00931838
0.000249222
0.000222
0.00926577
-2.78097e-05
0.00925041
8.97812e-05
0.00922327
0.000182388
0.0091866
0.000255261
0.00914488
0.000297183
0.00910489
0.000289219
0.000254942
0.00907174
-2.63207e-05
0.00905443
0.00010709
0.00902464
0.000212171
0.00898469
0.000295213
0.00893938
0.000342495
0.00889607
0.00033253
0.000290065
0.00888365
-2.36626e-05
0.00886426
0.000126484
0.00883161
0.000244815
0.00878805
0.000338771
0.00873874
0.000391811
0.00869171
0.000379554
0.000327719
0.00870127
-1.97968e-05
0.00867967
0.000148086
0.00864395
0.000280531
0.00859647
0.00038625
0.00854275
0.00044554
0.0084916
0.000430701
0.000368279
0.00852437
-1.46939e-05
0.00850045
0.000172004
0.00846147
0.000319513
0.00840977
0.000437952
0.00835122
0.000504091
0.00829554
0.000486385
0.000412139
0.00835274
-8.3333e-06
0.00832641
0.00019833
0.00828398
0.000361943
0.00822776
0.000494171
0.00816398
0.00056787
0.00810334
0.00054703
0.00045972
0.00818618
-7.03716e-07
0.00815736
0.000227143
0.00811132
0.000407986
0.0080503
0.000555193
0.00798089
0.000637283
0.00791485
0.000613066
0.000511465
0.00802451
8.17984e-06
0.00799314
0.000258515
0.00794332
0.000457796
0.00787723
0.000621289
0.00780178
0.000712732
0.00772992
0.000684928
0.000567844
0.00786754
1.83255e-05
0.00783357
0.000292486
0.00777985
0.000511511
0.00770842
0.000692718
0.00762654
0.000794617
0.00754842
0.000763049
0.000629353
0.00771511
2.97248e-05
0.00767852
0.000329077
0.00762077
0.000569257
0.00754377
0.000769721
0.00745505
0.000883334
0.00737024
0.000847862
0.000696502
0.00756706
4.23523e-05
0.00752784
0.000368298
0.00746595
0.000631146
0.00738315
0.000852523
0.0072872
0.000979275
0.00719528
0.000939786
0.000769829
0.00742324
5.61716e-05
0.0073814
0.000410141
0.00731527
0.000697272
0.00722646
0.00094133
0.00712291
0.00108282
0.00702347
0.00103922
0.000849898
0.00728351
7.1135e-05
0.00723907
0.00045458
0.00716863
0.000767714
0.00707363
0.00103633
0.00696209
0.00119436
0.00685476
0.00114655
0.000937301
0.00714773
8.71838e-05
0.00710073
0.000501575
0.00702592
0.000842527
0.00692455
0.0011377
0.00680466
0.00131425
0.00668911
0.00126211
0.00103267
0.00701576
0.000104249
0.00696627
0.000551067
0.00688705
0.000921745
0.00677916
0.00124558
0.00665057
0.00144284
0.00652648
0.0013862
0.00113666
0.00688747
0.000122249
0.00683556
0.000602981
0.00675192
0.00100538
0.00663737
0.00136013
0.00649976
0.00158045
0.00636687
0.0015191
0.00124996
0.00676274
0.000141097
0.0067085
0.00065722
0.00662046
0.00109342
0.00649912
0.00148148
0.00635219
0.00172738
0.00621026
0.00166103
0.00137325
0.00664142
0.000160694
0.00658498
0.000713669
0.00649257
0.00118582
0.00636432
0.00160973
0.00620782
0.00188389
0.00605665
0.0018122
0.0015072
0.00652341
0.000180934
0.00646489
0.000772188
0.00636818
0.00128253
0.00623292
0.00174498
0.00606662
0.00205018
0.00590605
0.00197277
0.00165245
0.00640857
0.000201701
0.00634813
0.000832619
0.0062472
0.00138347
0.00610484
0.00188734
0.00592857
0.00222646
0.00575845
0.00214289
0.00180953
0.00629677
0.000222875
0.00623461
0.00089478
0.00612955
0.00148853
0.00598003
0.00203686
0.00579363
0.00241287
0.00561386
0.00232265
0.00197891
0.0061879
0.000244321
0.00612422
0.000958462
0.00601516
0.00159758
0.00585843
0.00219359
0.00566177
0.00260952
0.00547229
0.00251214
0.00216092
0.00608185
0.000265898
0.00601688
0.00102343
0.00590396
0.00171051
0.00573998
0.00235757
0.00553298
0.00281653
0.00533375
0.00271137
0.00235579
0.0059785
0.00028745
0.00591251
0.00108942
0.00579586
0.00182717
0.00562462
0.0025288
0.00540721
0.00303394
0.00519825
0.00292033
0.00256366
0.00587773
0.000308809
0.00581101
0.00115613
0.00569079
0.00194739
0.0055123
0.00270729
0.00528444
0.0032618
0.00506581
0.00313896
0.00278462
0.00577944
0.000329793
0.00571232
0.00122325
0.0055887
0.00207101
0.00540294
0.00289305
0.00516465
0.00350009
0.00493642
0.00336719
0.00301875
0.00568354
0.000350202
0.00561637
0.00129043
0.00548952
0.00219786
0.00529649
0.00308607
0.00504784
0.00374873
0.00481007
0.00360497
0.00326615
0.00558993
0.000369824
0.00552309
0.00135727
0.00539319
0.00232776
0.00519286
0.00328641
0.00493402
0.00400757
0.0046867
0.0038523
0.00352698
0.00549853
0.000388432
0.00543244
0.00142336
0.00529969
0.00246051
0.00509198
0.00349411
0.00482321
0.00427634
0.00456623
0.00410928
0.00380143
0.00540926
0.000405786
0.00534437
0.00148825
0.00520895
0.00259593
0.00499377
0.00370929
0.00471543
0.00455468
0.00444854
0.00437616
0.00408957
0.00532205
0.000421645
0.00525886
0.00155143
0.00512094
0.00273386
0.00489816
0.00393207
0.00461068
0.00484216
0.0043335
0.00465335
0.00439127
0.00523684
0.000435768
0.00517588
0.00161239
0.00503561
0.00287413
0.00480508
0.0041626
0.00450896
0.00513828
0.00422094
0.00494137
0.004706
0.00515355
0.000447931
0.00509538
0.00167056
0.00495289
0.00301663
0.00471447
0.00440102
0.0044102
0.00544254
0.00411072
0.00524085
0.00503282
0.00507209
0.000457938
0.00501729
0.00172536
0.00487268
0.00316124
0.00462626
0.00464744
0.00431429
0.00575451
0.00400275
0.00555239
0.00537033
0.00499229
0.000465634
0.00494147
0.00177617
0.00479484
0.00330788
0.00454037
0.0049019
0.00422106
0.00607381
0.00389697
0.00587648
0.00571683
0.0049139
0.000470913
0.00486772
0.00182236
0.00471916
0.00345643
0.0044567
0.00516436
0.00413029
0.00640022
0.00379339
0.00621338
0.00607047
0.00483657
0.000473728
0.00479568
0.00186325
0.00464538
0.00360673
0.0043751
0.00543464
0.00404172
0.00673361
0.00369205
0.00656305
0.00642943
0.00475976
0.000474102
0.00472489
0.00189812
0.00457312
0.00375851
0.00429537
0.00571238
0.00395505
0.00707394
0.00359301
0.00692509
0.00679212
0.00468277
0.000472152
0.00465468
0.0019262
0.00450189
0.0039113
0.00421722
0.00599705
0.00386998
0.00742118
0.00349633
0.00729874
0.00715725
0.00460465
0.000468135
0.00458416
0.00194669
0.00443107
0.00406439
0.00414029
0.00628783
0.00378619
0.00777528
0.00340203
0.0076829
0.00752386
0.00452417
0.000462503
0.00451219
0.00195868
0.0043599
0.00421667
0.00406411
0.00658362
0.00370337
0.00813602
0.00331008
0.00807619
0.00789131
0.00443979
0.000455954
0.00443733
0.00196114
0.00428742
0.00436658
0.00398812
0.00688292
0.00362118
0.00850295
0.0032204
0.00847698
0.00825922
0.00434955
0.000449475
0.00435782
0.00195287
0.0042125
0.0045119
0.00391167
0.00718375
0.0035393
0.00887532
0.00313283
0.00888345
0.00862739
0.0042511
0.000444294
0.00427159
0.00193238
0.00413385
0.00464965
0.00383402
0.00748358
0.00345738
0.00925196
0.00304719
0.00929364
0.00899576
0.00414169
0.000441732
0.00417633
0.00189774
0.00405002
0.00477595
0.00375437
0.00777923
0.00337509
0.00963124
0.00296324
0.00970549
0.0093643
0.00401838
0.000443134
0.00406959
0.00184654
0.00395954
0.004886
0.00367191
0.00806686
0.0032921
0.0100111
0.00288074
0.0101168
0.00973299
0.00387827
0.000449532
0.00394912
0.00177569
0.00386101
0.00497411
0.00358586
0.00834201
0.00320808
0.0103888
0.00279941
0.0105255
0.0101018
0.00371879
0.000460482
0.0038132
0.00168127
0.00375335
0.00503396
0.00349557
0.00859979
0.00312278
0.0107616
0.00271902
0.0109293
0.0104706
0.00353815
0.000474615
0.00366114
0.00155828
0.00363608
0.00505902
0.0034006
0.00883528
0.00303599
0.0111262
0.00263932
0.0113259
0.0108392
0.0033368
0.000491068
0.00349396
0.00140112
0.00350967
0.00504331
0.00330085
0.0090441
0.00294755
0.0114795
0.00256002
0.0117135
0.0112074
0.00311746
0.000498996
0.00331506
0.00120352
0.00337604
0.00498232
0.00319665
0.00922349
0.00285725
0.0118189
0.00248052
0.0120902
0.0115752
0.00288208
0.000470301
0.00312984
0.000955753
0.00323954
0.00487262
0.00308891
0.00937413
0.00276397
0.0121439
0.00239865
0.0124555
0.0119421
0.00147998
0.000385371
0.0015273
0.000908437
0.00138313
0.00501679
0.00111926
0.009638
0.00087546
0.0123877
0.000699446
0.0126316
0.0120984
0.00143804
0.000282695
0.00151051
0.000835961
0.00138329
0.00514401
0.00112333
0.00989795
0.000879263
0.0126317
0.000703003
0.0128078
0.0122584
0.00139335
0.000159343
0.00148773
0.00074158
0.00138027
0.00525147
0.00112942
0.0101488
0.000887578
0.0128736
0.000710868
0.0129845
0.0124231
0.00134775
1.3882e-05
0.00146203
0.0006273
0.00137524
0.00533825
0.00113518
0.0103889
0.000896504
0.0131122
0.000719212
0.0131618
0.0125927
0.00130147
-0.000153681
0.00143417
0.000494607
0.00136771
0.00540471
0.00113863
0.0106179
0.000903374
0.0133475
0.000725623
0.0133396
0.0127671
0.00125522
-0.000343453
0.0014042
0.000345632
0.00135753
0.00545139
0.00113989
0.0108356
0.000908544
0.0135789
0.000730445
0.0135177
0.0129462
0.00120931
-0.000554164
0.00137246
0.000182485
0.0013449
0.00547895
0.00113928
0.0110412
0.000912511
0.0138056
0.000734115
0.0136961
0.0131298
0.001164
-0.000783589
0.00133941
7.07906e-06
0.00133
0.00548836
0.00113684
0.0112344
0.000915276
0.0140272
0.000736603
0.0138747
0.0133174
0.00112009
-0.00102926
0.00130536
-0.000178196
0.00131297
0.00548076
0.00113252
0.0114148
0.000916749
0.014243
0.000737787
0.0140537
0.0135087
0.00107767
-0.00128807
0.00127088
-0.000371404
0.00129395
0.00545769
0.00112634
0.0115824
0.000916911
0.0144524
0.000737611
0.014233
0.0137027
0.00103704
-0.00155676
0.00123612
-0.000570486
0.00127305
0.00542075
0.00111834
0.0117371
0.000915774
0.014655
0.000736046
0.0144127
0.0138985
0.000998302
-0.0018321
0.00120105
-0.000773237
0.00125041
0.0053714
0.00110857
0.011879
0.000913345
0.0148502
0.000733057
0.014593
0.0140948
0.000961272
-0.00211085
0.00116566
-0.000977626
0.0012261
0.00531096
0.00109707
0.012008
0.000909628
0.0150376
0.000728605
0.014774
0.0142902
0.000925754
-0.00238999
0.00112999
-0.00118187
0.00120023
0.00524072
0.00108388
0.0121243
0.000904631
0.0152169
0.000722655
0.014956
0.014483
0.000891438
-0.00266684
0.00109401
-0.00138444
0.00117289
0.00516184
0.00106908
0.0122282
0.000898362
0.0153876
0.000715182
0.0151392
0.0146716
0.000857919
-0.00293903
0.00105762
-0.00158415
0.00114416
0.00507531
0.00105271
0.0123196
0.000890833
0.0155495
0.00070617
0.0153239
0.0148544
0.000824745
-0.00320456
0.00102069
-0.00178009
0.00111409
0.00498191
0.00103485
0.0123988
0.000882058
0.0157023
0.000695623
0.0155103
0.0150296
0.00079145
-0.00346172
0.000983063
-0.00197171
0.00108276
0.00488221
0.00101558
0.012466
0.000872054
0.0158458
0.000683565
0.0156988
0.0151958
0.000757584
-0.00370911
0.000944583
-0.0021587
0.00105021
0.00477658
0.000994967
0.0125213
0.00086084
0.0159799
0.000670054
0.0158896
0.0153516
0.000722739
-0.00394558
0.000905098
-0.00234106
0.00101649
0.00466519
0.000973098
0.0125647
0.000848442
0.0161046
0.000655184
0.0160828
0.0154959
0.000686563
-0.0041702
0.000864471
-0.00251897
0.000981636
0.00454803
0.000950064
0.0125962
0.000834888
0.0162197
0.000639094
0.0162786
0.0156276
0.000648776
-0.00438219
0.000822586
-0.00269278
0.000945698
0.00442491
0.000925959
0.012616
0.000820216
0.0163255
0.000621966
0.0164769
0.0157457
0.000609173
-0.00458095
0.000779358
-0.00286297
0.000908721
0.00429555
0.00090088
0.0126238
0.000804471
0.0164219
0.000604029
0.0166773
0.0158493
0.000567627
-0.00476593
0.000734732
-0.00303007
0.000870756
0.00415953
0.000874928
0.0126196
0.000787705
0.0165091
0.000585546
0.0168795
0.0159375
0.000524087
-0.00493673
0.000688691
-0.00319468
0.000831859
0.00401636
0.000848209
0.0126033
0.000769978
0.0165873
0.000566808
0.0170826
0.0160095
0.000478576
-0.00509297
0.00064125
-0.00335735
0.000792096
0.00386551
0.000820832
0.0125746
0.000751359
0.0166568
0.000548116
0.0172859
0.0160642
0.000431184
-0.00523434
0.000592462
-0.00351863
0.000751538
0.00370644
0.000792909
0.0125332
0.000731921
0.0167178
0.000529763
0.017488
0.000382064
-0.00536061
0.000542415
-0.00367898
0.000710269
0.00353858
0.000764553
0.0124789
0.000711739
0.0167706
0.0176878
0.000331424
-0.00547155
0.000491228
-0.00383878
0.00066838
0.00336143
0.000735879
0.0124114
0.000690891
0.0168156
0.0178835
0.000279523
-0.00556701
0.00043905
-0.00399831
0.000625971
0.00317451
0.000707002
0.0123304
0.000669457
0.0168532
0.0180737
0.000226659
-0.00564688
0.000386059
-0.00415771
0.000583152
0.00297742
0.000678037
0.0122355
0.000647517
0.0168837
0.0182567
0.000173169
-0.00571111
0.000332454
-0.004317
0.000540037
0.00276983
0.000649096
0.0121264
0.000625156
0.0169076
0.0184308
0.000119411
-0.00575973
0.000278452
-0.00447604
0.000496748
0.00255154
0.000620291
0.0120029
0.000602467
0.0169254
0.0185942
6.57704e-05
-0.00579285
0.000224283
-0.00463455
0.000453408
0.00232241
0.000591731
0.0118646
0.000579554
0.0169376
0.0187454
1.2706e-05
-0.00581097
0.000170178
-0.00479202
0.000410141
0.00208245
0.000563522
0.0117112
0.000556543
0.0169446
0.0188829
-3.96383e-05
-0.0058131
0.000116354
-0.00494801
0.000367072
0.00183173
0.00053577
0.0115425
0.000533585
0.0169468
0.019005
-9.06293e-05
-0.00580004
6.29571e-05
-0.0051016
0.00032432
0.00157037
0.000508578
0.0113582
0.00051086
0.0169445
0.0191104
-0.00013992
-0.00577225
9.4784e-06
-0.005251
0.000282003
0.00129784
0.000482045
0.0111582
0.000488587
0.016938
0.0191975
-0.000187154
-0.00573023
-4.0711e-05
-0.00539744
0.000240233
0.0010169
0.000456269
0.0109422
0.000467019
0.0169272
-0.000231994
-9.00654e-05
0.000199133
0.000431345
)
;

boundaryField
{
    inlet
    {
        type            calculated;
        value           nonuniform 0();
    }
    outlet
    {
        type            calculated;
        value           nonuniform 0();
    }
    cylinder
    {
        type            calculated;
        value           nonuniform 0();
    }
    top
    {
        type            symmetryPlane;
        value           nonuniform 0();
    }
    bottom
    {
        type            symmetryPlane;
        value           uniform 0;
    }
    defaultFaces
    {
        type            empty;
        value           nonuniform 0();
    }
    procBoundary10to9
    {
        type            processor;
        value           nonuniform List<scalar> 
113
(
-0.00256912
-0.00155434
-0.00130927
-0.00124818
-0.00193399
-0.00101253
-0.000949776
-0.00131938
-0.000741965
-0.000688986
-0.000809084
-0.000522763
-0.000484107
-0.000416303
-0.000362923
-0.000338266
-0.000316614
-7.13157e-05
-0.000240311
-0.00022801
-0.000217254
0.000149825
-0.000168387
-0.000162064
-0.000156064
0.00029039
-0.000122124
-0.000117643
-0.000112851
-0.00010765
0.00039693
-8.31482e-05
-7.82168e-05
-7.27533e-05
-6.67484e-05
-6.02055e-05
0.000460875
-4.33503e-05
-3.71872e-05
-3.06076e-05
-2.36479e-05
-1.63496e-05
-8.75895e-06
-9.25669e-07
7.09768e-06
0.000467875
1.25561e-05
1.93854e-05
2.62582e-05
3.31277e-05
3.99477e-05
4.66728e-05
-0.0110172
-0.010765
-0.0105218
-0.0102871
-0.0100605
-0.0098414
-0.00962955
-0.00942455
-0.00922608
-0.00903384
-0.00884756
-0.00866699
-0.00849189
-0.00832204
-0.00815724
-0.00799728
-0.007842
-0.00769121
-0.00754474
-0.00740244
-0.00726415
-0.00712972
-0.00699901
-0.00687186
-0.00674816
-0.00662776
-0.00651052
-0.00639633
-0.00628504
-0.00617653
-0.00607068
-0.00596737
-0.00586646
-0.00576785
-0.00567142
-0.00557707
-0.0054847
-0.00539422
-0.00530556
-0.00521866
-0.00513347
-0.00504994
-0.00496797
-0.00488741
-0.00480802
0.00158307
-0.00469901
-0.0046214
-0.00454371
-0.00446517
-0.00438483
-0.00430146
-0.00421346
-0.00411874
-0.00401489
-0.00389889
-0.0037666
-0.00361536
-0.0034448
-0.00324537
-0.00300482
)
;
    }
    procBoundary10to11
    {
        type            processor;
        value           nonuniform List<scalar> 
100
(
0.0109394
0.010686
0.0104388
0.0101976
0.00996213
0.00973211
0.00950726
0.00928729
0.00907194
0.00886095
0.00865406
0.00845104
0.00825168
0.00805576
0.0078631
0.00767354
0.00748691
0.00730309
0.00712195
0.00694341
0.00676736
0.00659374
0.00642249
0.00625357
0.00608697
0.0059227
0.0057608
0.00560137
0.00544448
0.00529028
0.00513888
0.00499038
0.00484485
0.0047023
0.00456267
0.00442586
0.00429178
0.0041604
0.00403181
0.0039062
0.0037839
0.00366524
0.00355047
0.00343976
0.00333309
0.00323032
0.0031312
0.00303542
0.00294263
0.00285249
0.00276466
0.00267882
0.0025947
0.00251205
0.00243062
0.00235024
0.00227071
0.00219176
0.00211277
0.00203177
0.000543103
0.000543004
0.000546195
0.000549576
0.000551194
0.000551366
0.000550563
0.00054892
0.000546534
0.000543575
0.00054025
0.000536751
0.00053324
0.000529828
0.000526567
0.000523449
0.000520411
0.000517363
0.000514211
0.000510898
0.000507425
0.000503873
0.000500412
0.000497294
0.000494838
0.000493399
0.000493343
0.0161006
0.000512021
0.000495121
0.000479251
0.000464548
0.000451111
0.000439012
0.000428314
0.000419091
0.000411442
0.000405506
0.000401455
0.000399496
)
;
    }
    procBoundary10to26
    {
        type            processor;
        value           nonuniform List<scalar> 
19
(
-0.000664904
-0.000710177
-0.000757925
-0.000807451
-0.000431057
-0.00046143
-0.000491999
-0.000523759
-0.000557533
-0.000593923
-0.000633296
0.000130064
-0.00567453
-0.00553937
0.000727702
0.0107099
0.0169121
0.0192651
0.000446446
)
;
    }
}


// ************************************************************************* //
