/*--------------------------------*- C++ -*----------------------------------*\
  =========                 |
  \\      /  F ield         | OpenFOAM: The Open Source CFD Toolbox
   \\    /   O peration     | Website:  https://openfoam.org
    \\  /    A nd           | Version:  7
     \\/     M anipulation  |
\*---------------------------------------------------------------------------*/
FoamFile
{
    version     2.0;
    format      ascii;
    class       surfaceScalarField;
    location    "30";
    object      phi;
}
// * * * * * * * * * * * * * * * * * * * * * * * * * * * * * * * * * * * * * //

dimensions      [0 3 -1 0 0 0 0];

internalField   nonuniform List<scalar> 
2017
(
4.37119e-05
3.68686e-05
4.59687e-06
3.12993e-05
1.22406e-05
2.92248e-05
9.00889e-06
5.21133e-06
2.7123e-05
1.37099e-05
2.07263e-05
2.77842e-05
-5.06547e-06
-5.15763e-05
1.19087e-06
1.41024e-05
5.87265e-06
2.24412e-05
1.52802e-05
1.13188e-05
3.07218e-05
-2.05071e-05
5.35805e-05
-7.44349e-05
-0.000151985
1.35945e-06
1.2743e-05
6.58116e-06
1.72195e-05
1.69511e-05
9.48828e-07
3.38283e-05
-3.73842e-05
5.86376e-05
-9.92443e-05
9.28351e-05
-0.000186183
-0.000299716
1.54089e-06
1.12021e-05
7.33673e-06
1.14236e-05
1.87211e-05
-1.04356e-05
3.70983e-05
-5.57614e-05
6.3926e-05
-0.000126072
0.000100666
-0.000222923
0.000148696
-0.000347746
-0.000501569
1.73519e-06
9.46688e-06
8.13874e-06
5.02008e-06
2.05875e-05
-2.28843e-05
4.0524e-05
-7.56979e-05
6.94282e-05
-0.000154976
0.000108751
-0.000262246
0.000159804
-0.000398799
0.000223601
-0.000565366
-0.00076173
1.94224e-06
7.52464e-06
8.98604e-06
-2.02372e-06
2.25461e-05
-3.64443e-05
4.40953e-05
-9.72472e-05
7.51229e-05
-0.000186004
0.000117049
-0.000304172
0.000171093
-0.000452843
0.000238094
-0.000632367
0.0003183
-0.000841936
-0.00107919
2.16182e-06
5.36282e-06
9.87703e-06
-9.73893e-06
2.45917e-05
-5.11591e-05
4.77998e-05
-0.000120455
8.09846e-05
-0.000219189
0.000125514
-0.000348701
0.000182487
-0.000509815
0.000252532
-0.000702412
0.000335592
-0.000924996
0.000430727
-0.00117433
-0.00144527
2.39359e-06
2.96923e-06
1.08096e-05
-1.81549e-05
2.6718e-05
-6.70675e-05
5.16225e-05
-0.00014536
8.69845e-05
-0.000254551
0.000134096
-0.000395813
0.000193904
-0.000569623
0.000266794
-0.000775302
0.000352372
-0.00101057
0.000449294
-0.00127125
0.000555225
-0.0015512
0.000666961
-0.0018427
-0.00213715
2.6371e-06
3.32136e-07
1.17811e-05
-2.72989e-05
2.89173e-05
-8.42037e-05
5.55466e-05
-0.000171989
9.30898e-05
-0.000292094
0.000142738
-0.000445461
0.000205256
-0.000632141
0.000280753
-0.000850799
0.000368473
-0.00109829
0.000466666
-0.00136944
0.000572603
-0.00165714
0.000682795
-0.00195289
0.00079339
-0.00224774
-0.00253341
2.89176e-06
-2.55963e-06
1.27883e-05
-3.71954e-05
3.11806e-05
-0.000102596
5.95527e-05
-0.000200361
9.92647e-05
-0.000331806
0.00015138
-0.000497577
0.00021645
-0.000697211
0.00029428
-0.000928629
0.000383735
-0.00118775
0.00048266
-0.00146837
0.000587976
-0.00176246
0.000695977
-0.00206089
0.000802795
-0.00235456
0.000904911
-0.00263552
-0.00289801
3.1569e-06
-5.71652e-06
1.38278e-05
-4.78663e-05
3.34982e-05
-0.000122266
6.36197e-05
-0.000230483
0.00010547
-0.000373656
0.000159959
-0.000552066
0.000227394
-0.000764646
0.000307249
-0.00100848
0.000398003
-0.0012785
0.000497114
-0.00156748
0.000601201
-0.00186654
0.000706419
-0.00216611
0.000808973
-0.00245711
0.000905619
-0.00273217
0.000994061
-0.00298645
0.00107312
-0.00321798
-0.00342747
3.43168e-06
-9.1482e-06
1.48953e-05
-5.933e-05
3.58587e-05
-0.00014323
6.77242e-05
-0.000262348
0.000111665
-0.000417597
0.000168408
-0.000608809
0.00023799
-0.000834227
0.000319535
-0.00109003
0.000411134
-0.0013701
0.000509886
-0.00166623
0.000612168
-0.00196882
0.000714079
-0.00226802
0.000811973
-0.00255501
0.000902947
-0.00282314
0.00098515
-0.00306865
0.00105787
-0.00329071
0.00112144
-0.00349103
-0.00367323
3.71515e-06
-1.28633e-05
1.59862e-05
-7.1601e-05
3.82499e-05
-0.000165494
7.18414e-05
-0.00029594
0.000117805
-0.000463561
0.000176659
-0.000667662
0.000248144
-0.000905712
0.00033102
-0.00117291
0.000422999
-0.00146208
0.000520861
-0.00176409
0.000620806
-0.00206877
0.000718954
-0.00236617
0.000811888
-0.00264794
0.000897084
-0.00290834
0.000973144
-0.00314471
0.0010398
-0.00335736
0.00109771
-0.00354895
0.00114818
-0.0037237
0.00119282
-0.00388621
-0.0040419
4.00623e-06
-1.68696e-05
1.70953e-05
-8.469e-05
4.06587e-05
-0.000189057
7.59449e-05
-0.000331226
0.000123846
-0.000511462
0.000184644
-0.00072846
0.000257762
-0.00097883
0.000341593
-0.00125674
0.000433485
-0.00155397
0.000529947
-0.00186056
0.000627074
-0.0021659
0.000721084
-0.00246018
0.000808845
-0.0027357
0.000888242
-0.00298774
0.000958325
-0.00321479
0.00101922
-0.00341825
0.00107187
-0.0036016
0.00111774
-0.00376956
0.00115848
-0.00392694
-0.00407897
0.00119555
4.3037e-06
-2.11733e-05
1.82171e-05
-9.86034e-05
4.3071e-05
-0.000213911
8.00069e-05
-0.000368162
0.00012974
-0.000561195
0.000192294
-0.000791014
0.000266757
-0.00105329
0.000351154
-0.00134113
0.000442498
-0.00164531
0.000537083
-0.00195514
0.000630969
-0.00225978
0.00072054
-0.00254975
0.000802998
-0.00281816
0.000876652
-0.00306139
0.000940975
-0.00327912
0.000996439
-0.00347372
0.00104423
-0.00364939
0.00108589
-0.00381123
0.00112307
-0.00396412
-0.00411304
0.00115713
4.60623e-06
-2.57795e-05
1.93455e-05
-0.000113343
4.54717e-05
-0.000240037
8.39989e-05
-0.000406689
0.000135442
-0.000612639
0.000199543
-0.000855115
0.000275046
-0.0011288
0.000359614
-0.0014257
0.000449964
-0.00173567
0.000542234
-0.00204741
0.000632516
-0.00235006
0.000717424
-0.00263466
0.000794525
-0.00289526
0.000862552
-0.00312942
0.00092137
-0.00333793
0.00097175
-0.0035241
0.00101505
-0.00369269
0.00105287
-0.00384905
0.00108679
-0.00399804
-0.00414434
0.00111809
4.91232e-06
-3.06918e-05
2.04741e-05
-0.000128904
4.78453e-05
-0.000267408
8.78915e-05
-0.000446735
0.000140905
-0.000665652
0.000206327
-0.000920537
0.000282551
-0.00120502
0.000366899
-0.00151005
0.000455831
-0.0018246
0.000545389
-0.00213697
0.000631769
-0.00243644
0.00071186
-0.00271475
0.000783617
-0.00296702
0.000846183
-0.00319198
0.000899777
-0.00339153
0.000945417
-0.00356974
0.000984581
-0.00373185
0.00101888
-0.00388334
0.00104981
-0.00402898
-0.00417308
0.00107855
5.22041e-06
-3.59122e-05
2.15962e-05
-0.00014528
5.01757e-05
-0.000295988
9.16554e-05
-0.000488215
0.000146083
-0.00072008
0.000212585
-0.000987039
0.000289206
-0.00128164
0.000372948
-0.00159379
0.000460064
-0.00191171
0.000546566
-0.00222347
0.000628806
-0.00251868
0.000703992
-0.00278993
0.000770473
-0.0030335
0.00082778
-0.00324929
0.000876444
-0.00344019
0.00091768
-0.00361097
0.000953038
-0.00376721
0.000984101
-0.0039144
0.00101228
-0.00405716
-0.00419942
0.00103863
5.52879e-06
-4.1441e-05
2.27046e-05
-0.000162456
5.24465e-05
-0.00032573
9.52613e-05
-0.00053103
0.000150933
-0.000775752
0.000218263
-0.00105437
0.000294952
-0.00135833
0.000377716
-0.00167656
0.000462653
-0.00199665
0.0005458
-0.00230662
0.000623725
-0.00259661
0.000693976
-0.00286019
0.000755295
-0.00309482
0.000807573
-0.00330157
0.000851607
-0.00348423
0.000888757
-0.00364812
0.00092061
-0.00379907
0.000948693
-0.00394249
0.000974311
-0.00408277
-0.00422351
0.000998398
5.83567e-06
2.37922e-05
5.46414e-05
9.86804e-05
0.000155413
-0.000832485
0.00022331
-0.00112227
0.000299742
-0.00143476
0.000381174
-0.00175799
0.000463602
-0.00207908
0.00054315
-0.00238617
0.000616639
-0.0026701
0.000681976
-0.00292552
0.000738285
-0.00315112
0.000785779
-0.00334907
0.000825478
-0.00352392
0.000858843
-0.00368149
0.000887461
-0.00382768
0.000912784
-0.00396781
0.000936004
-0.00410599
-0.00424545
0.000957941
0.000159486
0.000227683
0.000303539
0.000383307
-0.00183775
0.000462936
-0.00215871
0.000538689
-0.00246192
0.000607672
-0.00273908
0.000668161
-0.00298601
0.000719638
-0.0032026
0.000762603
-0.00339203
0.000798252
-0.00355957
0.00082811
-0.00371135
0.000853733
-0.00385331
0.000876485
-0.00399056
0.000897442
-0.00412695
-0.00426532
0.000917317
0.000384114
0.000460696
0.000532503
0.000596959
0.0006527
-0.00304175
0.000699542
-0.00324944
0.000738234
-0.00343072
0.000770104
-0.00359144
0.000796708
-0.00373795
0.000819548
-0.00387615
0.000839889
-0.0040109
0.000858695
-0.00414576
-0.0042832
0.000876575
0.000635758
0.000678176
0.000712846
0.000741192
0.000764768
0.000785009
-0.00389639
0.000803075
-0.00402897
0.000819819
-0.0041625
-0.00429914
0.000835758
0.000750206
0.00076611
0.000780864
0.000794905
0.00295557
0.000783914
0.0029665
0.000824829
0.00297736
0.000865719
0.00298812
0.000906555
0.00299876
0.000947302
0.00300923
0.000987922
0.00301949
0.00102837
0.00302945
0.00106859
0.00303903
0.00110851
0.0030481
0.00114807
0.00118715
0.00301471
0.000772499
0.00302611
0.000813431
0.00303748
0.000854345
0.00304882
0.000895215
0.00306011
0.000936014
0.00307133
0.000976709
0.00308243
0.00101727
0.00309338
0.00105764
0.0031041
0.00109779
0.00311452
0.00113765
0.00117715
0.00307447
0.000760654
0.00308634
0.000801562
0.00309823
0.000842456
0.00311014
0.000883312
0.00312205
0.000924106
0.00313394
0.000964811
0.00314581
0.0010054
0.00315762
0.00104583
0.00316933
0.00108608
0.00318088
0.0011261
0.00116583
0.00313494
0.000748429
0.00314723
0.000789264
0.0031596
0.000830089
0.00317203
0.000870882
0.00318451
0.000911621
0.00319705
0.00095228
0.00320961
0.000992835
0.00322219
0.00103326
0.00323475
0.00107352
0.00324727
0.00111358
0.0011534
0.00319636
0.000735913
0.003209
0.000776622
0.00322177
0.000817324
0.00323465
0.000858
0.00324764
0.000898629
0.00326073
0.000939186
0.00327392
0.000979651
0.00328718
0.00102
0.0033005
0.0010602
0.00331386
0.00110022
0.00114003
0.00325908
0.000723213
0.00327196
0.00076374
0.00328502
0.000804264
0.00329826
0.000844767
0.00331166
0.000885228
0.00332522
0.000925627
0.00333893
0.000965941
0.00335277
0.00100615
0.00336675
0.00104622
0.00338083
0.00108614
0.00112587
0.00332343
0.000710426
0.00333645
0.00075072
0.0033497
0.000791014
0.00336317
0.00083129
0.00337687
0.000871529
0.00339079
0.000911712
0.00340491
0.000951818
0.00341923
0.000991826
0.00343374
0.00103171
0.00344842
0.00107146
0.00111103
0.00338963
0.000697616
0.00340272
0.000737639
0.00341607
0.000777661
0.00342969
0.000817665
0.00344359
0.000857634
0.00345775
0.000897549
0.00347218
0.000937394
0.00348686
0.000977147
0.00350178
0.00101679
0.00351694
0.0010563
0.00109565
0.00345785
0.00068482
0.00347095
0.000724542
0.00348435
0.000764259
0.00349806
0.000803957
0.00351207
0.000843618
0.00352639
0.000883226
0.00354102
0.000922764
0.00355596
0.000962215
0.00357118
0.00100156
0.0035867
0.00104078
0.0036025
0.00107985
0.00111876
0.00352812
0.000672046
0.00354121
0.000711445
0.00355464
0.000750835
0.00356839
0.000790201
0.00358248
0.000829527
0.00359691
0.000868798
0.00361168
0.000907998
0.00362678
0.00094711
0.00364223
0.000986118
0.003658
0.001025
0.0036741
0.00106375
0.00110234
0.00360043
0.000659287
0.00361353
0.000698347
0.00362698
0.000737393
0.00364077
0.000776409
0.00365491
0.00081538
0.00366942
0.000854293
0.00368429
0.000893131
0.00369952
0.000931879
0.00371511
0.000970522
0.00373108
0.00100904
0.0037474
0.00104743
0.00108565
0.00367477
0.000646533
0.00368788
0.000685239
0.00370135
0.000723924
0.00371519
0.000762575
0.00372939
0.000801178
0.00374396
0.000839716
0.00375892
0.000878176
0.00377426
0.000916542
0.00378998
0.0009548
0.00380609
0.000992934
0.00382258
0.00103093
0.00106877
0.00375112
0.000633774
0.00376424
0.000672109
0.00377775
0.00071042
0.00379163
0.000748692
0.0038059
0.000786911
0.00382055
0.000825062
0.0038356
0.00086313
0.00385104
0.000901101
0.00386688
0.00093896
0.00388312
0.000976692
0.00389977
0.00101428
0.00105172
0.00382945
0.000621004
0.0038426
0.000658951
0.00385615
0.000696872
0.0038701
0.00073475
0.00388444
0.000772571
0.00389918
0.000810322
0.00391432
0.000847986
0.00392987
0.00088555
0.00394583
0.000922998
0.00396221
0.000960316
0.003979
0.00099749
0.0010345
0.00390978
0.00060822
0.00392297
0.000645762
0.00393656
0.000683274
0.00395057
0.000720743
0.00396499
0.000758152
0.00397982
0.000795487
0.00399508
0.000832734
0.00401075
0.000869878
0.00402684
0.000906904
0.00404336
0.000943797
0.00406031
0.000980544
0.00101713
0.00399212
0.00059542
0.00400534
0.000632539
0.00401899
0.000669626
0.00403306
0.000706668
0.00404757
0.000743648
0.0040625
0.000780553
0.00407787
0.000817368
0.00409367
0.000854078
0.0041099
0.000890669
0.00412657
0.000927125
0.00414368
0.000963433
0.000999578
0.0040765
0.000582605
0.00408975
0.000619282
0.00410345
0.000655927
0.0041176
0.000692524
0.00413219
0.000729058
0.00414722
0.000765517
0.00416271
0.000801884
0.00417864
0.000838146
0.00419502
0.000874287
0.00421185
0.000910293
0.00422914
0.000946151
0.000981844
0.00416294
0.000569776
0.00417623
0.000605993
0.00418998
0.000642176
0.00420419
0.000678311
0.00421887
0.000714383
0.00423401
0.000750377
0.00424961
0.000786281
0.00426568
0.000822078
0.00428221
0.000857754
0.00429921
0.000893296
0.00431667
0.000928688
0.000963917
0.00425148
0.000556933
0.0042648
0.000592672
0.0042786
0.000628376
0.00429288
0.00066403
0.00430764
0.000699622
0.00432289
0.000735135
0.00433861
0.000770557
0.00435481
0.000805873
0.0043715
0.000841069
0.00438866
0.00087613
0.00440631
0.000911043
0.000945793
0.00434215
0.000544077
0.0043555
0.000579319
0.00436935
0.000614526
0.0043837
0.000649682
0.00439854
0.000684775
0.00441389
0.000719791
0.00442973
0.000754714
0.00444607
0.000789532
0.00446291
0.000824231
0.00448024
0.000858796
0.00449807
0.000893213
0.000927468
0.00443498
0.000531208
0.00444836
0.000565936
0.00446226
0.000600627
0.00447667
0.000635268
0.0044916
0.000669845
0.00450705
0.000704344
0.00452301
0.000738753
0.00453949
0.000773056
0.00455648
0.00080724
0.00457398
0.000841292
0.004592
0.000875197
0.000908942
0.00453001
0.000518328
0.00454342
0.000552523
0.00455737
0.000586681
0.00457185
0.000620788
0.00458686
0.000654831
0.00460241
0.000688797
0.00461849
0.000722673
0.0046351
0.000756444
0.00465224
0.000790097
0.00466991
0.000823619
0.00468812
0.000856996
0.000890215
0.00462727
0.000505437
0.00464072
0.000539081
0.00465471
0.000572687
0.00466926
0.000606243
0.00468435
0.000639735
0.0047
0.00067315
0.0047162
0.000706475
0.00473294
0.000739697
0.00475024
0.000772803
0.00476808
0.000805778
0.00478647
0.00083861
0.000871285
0.00472682
0.000492534
0.0047403
0.000525609
0.00475434
0.000558647
0.00476895
0.000591633
0.00478412
0.000624557
0.00479987
0.000657404
0.00481618
0.000690161
0.00483306
0.000722817
0.00485051
0.000755357
0.00486852
0.000787769
0.00488709
0.000820039
0.000852154
0.00482869
0.00047962
0.00484219
0.000512109
0.00485628
0.000544559
0.00487095
0.00057696
0.00488621
0.000609297
0.00490206
0.000641558
0.00491849
0.000673731
0.0049355
0.000705803
0.0049531
0.000737761
0.00497128
0.000769592
0.00499003
0.000801284
0.000832823
0.00493293
0.000466695
0.00494646
0.000498579
0.00496059
0.000530426
0.00497533
0.000562222
0.00499067
0.000593956
0.00500662
0.000625614
0.00502316
0.000657185
0.00504031
0.000688657
0.00505806
0.000720015
0.0050764
0.000751249
0.00509534
0.000782345
0.000813291
0.00503958
0.000453759
0.00505314
0.000485021
0.00506732
0.000516246
0.00508212
0.000547421
0.00509755
0.000578533
0.00511359
0.000609572
0.00513025
0.000640524
0.00514753
0.000671377
0.00516542
0.00070212
0.00518393
0.00073274
0.00520306
0.000763224
0.00079356
0.0051487
0.00044081
0.00516229
0.000471433
0.00517651
0.000502019
0.00519138
0.000532555
0.00520688
0.000563029
0.00522303
0.00059343
0.0052398
0.000623746
0.00525721
0.000653965
0.00527526
0.000684075
0.00529394
0.000714064
0.00531324
0.000743919
0.000773629
0.00526033
0.00042785
0.00527395
0.000457816
0.00528822
0.000487745
0.00530315
0.000517624
0.00531874
0.000547443
0.00533498
0.00057719
0.00535187
0.000606853
0.00536942
0.00063642
0.00538761
0.00066588
0.00540646
0.000695221
0.00542594
0.000724431
0.000753498
0.00537453
0.000414876
0.00538818
0.000444167
0.0054025
0.000473422
0.0054175
0.000502628
0.00543316
0.000531774
0.00544951
0.000560849
0.00546652
0.000589842
0.0054842
0.000618741
0.00550254
0.000647534
0.00552155
0.000676211
0.00554122
0.000704759
0.000733167
0.00549135
0.000401887
0.00550503
0.000430487
0.0055194
0.00045905
0.00553446
0.000487565
0.00555022
0.000516021
0.00556666
0.000544408
0.00558379
0.000572713
0.0056016
0.000600926
0.0056201
0.000629036
0.00563928
0.000657032
0.00565914
0.000684901
0.000712634
0.00561085
0.000388882
0.00562457
0.000416773
0.00563899
0.000444627
0.00565412
0.000472434
0.00566996
0.000500183
0.0056865
0.000527863
0.00570375
0.000555465
0.0057217
0.000582975
0.00574036
0.000610385
0.0057597
0.000637682
0.00577975
0.000664857
0.000691897
0.00573309
0.000375859
0.00574684
0.000403023
0.00576132
0.00043015
0.00577652
0.000457232
0.00579245
0.000484256
0.0058091
0.000511214
0.00582647
0.000538094
0.00584456
0.000564885
0.00586337
0.000591578
0.00588289
0.000618161
0.00590312
0.000644624
0.000670955
0.00585815
0.000362817
0.00587193
0.000389236
0.00588647
0.000415619
0.00590174
0.000441958
0.00591776
0.000468241
0.00593451
0.000494458
0.00595201
0.000520599
0.00597024
0.000546654
0.0059892
0.000572613
0.0060089
0.000598464
0.00602932
0.000624199
0.000649805
0.00598607
0.000349752
0.0059999
0.000375409
0.00601449
0.000401031
0.00602984
0.000426609
0.00604595
0.000452132
0.00606281
0.000477592
0.00608043
0.000502978
0.00609881
0.000528279
0.00611793
0.000553487
0.00613781
0.00057859
0.00615843
0.000603579
0.000628444
0.00611694
0.000336663
0.00613081
0.00036154
0.00614546
0.000386382
0.00616089
0.000411182
0.00617709
0.000435929
0.00619407
0.000460613
0.00621182
0.000485226
0.00623035
0.000509757
0.00624964
0.000534196
0.00626969
0.000558534
0.00629051
0.000582761
0.000606867
0.00625084
0.000323547
0.00626475
0.000347625
0.00627946
0.00037167
0.00629497
0.000395674
0.00631127
0.000419626
0.00632837
0.000443518
0.00634625
0.00046734
0.00636493
0.000491083
0.00638439
0.000514737
0.00640463
0.000538292
0.00642565
0.00056174
0.000585071
0.00638783
0.0003104
0.00640179
0.000333662
0.00641657
0.000356892
0.00643216
0.000380081
0.00644857
0.000403221
0.00646578
0.000426303
0.00648381
0.000449316
0.00650263
0.000472253
0.00652227
0.000495104
0.0065427
0.00051786
0.00656393
0.000540512
0.00056305
0.006528
0.000297219
0.00654202
0.000319646
0.00655687
0.000342042
0.00657255
0.0003644
0.00658906
0.000386709
0.0066064
0.000408962
0.00662457
0.00043115
0.00664356
0.000453263
0.00666337
0.000475294
0.006684
0.000497232
0.00670544
0.00051907
0.000540799
0.00667145
0.000283999
0.00668552
0.000305573
0.00670045
0.000327118
0.00671622
0.000348624
0.00673285
0.000370085
0.00675032
0.000391492
0.00676863
0.000412835
0.00678779
0.000434107
0.00680778
0.000455299
0.00682861
0.000476403
0.00685027
0.00049741
0.000518311
0.00681826
0.000270737
0.0068324
0.000291439
0.0068474
0.000312113
0.00686328
0.00033275
0.00688002
0.000353344
0.00689762
0.000373885
0.00691609
0.000394366
0.00693542
0.000414779
0.00695561
0.000435114
0.00697664
0.000455365
0.00699853
0.000475523
0.00049558
0.00696855
0.000257427
0.00698275
0.000277238
0.00699784
0.000297022
0.00701382
0.000316772
0.00703068
0.00033648
0.00704843
0.000356137
0.00706706
0.000375737
0.00708656
0.000395272
0.00710695
0.000414732
0.0071282
0.000434112
0.00715032
0.000453403
0.000472597
0.0071224
0.000244064
0.00713668
0.000262965
0.00715186
0.00028184
0.00716795
0.000300683
0.00718494
0.000319486
0.00720284
0.000338241
0.00722164
0.00035694
0.00724133
0.000375578
0.00726192
0.000394145
0.00728339
0.000412635
0.00730576
0.00043104
0.000449353
0.00727995
0.000230642
0.0072943
0.000248613
0.00730958
0.00026656
0.00732579
0.000284476
0.00734292
0.000302355
0.00736097
0.000320187
0.00737995
0.000337968
0.00739983
0.000355689
0.00742063
0.000373344
0.00744234
0.000390926
0.00746496
0.000408426
0.000425839
0.00744131
0.000217155
0.00745574
0.000234176
0.00747113
0.000251175
0.00748746
0.000268145
0.00750474
0.000285078
0.00752295
0.00030197
0.00754211
0.000318811
0.0075622
0.000335597
0.00758323
0.00035232
0.00760518
0.000368974
0.00762805
0.000385551
0.000402045
0.0076066
0.000203595
0.00762113
0.000219646
0.00763663
0.000235677
0.0076531
0.00025168
0.00767053
0.000267649
0.00768892
0.000283578
0.00770827
0.000299461
0.00772857
0.000315292
0.00774983
0.000331063
0.00777204
0.000346769
0.00779518
0.000362403
0.000377959
0.00777598
0.000189955
0.00779061
0.000205016
0.00780623
0.000220057
0.00782284
0.000235072
0.00784043
0.000250056
0.007859
0.000265003
0.00787856
0.000279907
0.00789909
0.000294761
0.00792059
0.000309561
0.00794306
0.000324298
0.00796649
0.000338969
0.000353567
0.00794958
0.000176227
0.00796432
0.000190275
0.00798007
0.000204305
0.00799683
0.000218312
0.00801459
0.00023229
0.00803336
0.000246233
0.00805313
0.000260137
0.0080739
0.000273994
0.00809566
0.000287801
0.00811841
0.00030155
0.00814214
0.000315237
0.000328857
0.00812756
0.0001624
0.00814242
0.000175414
0.00815831
0.000188412
0.00817523
0.000201389
0.00819318
0.000214339
0.00821216
0.000227257
0.00823216
0.000240138
0.00825318
0.000252978
0.00827521
0.00026577
0.00829825
0.00027851
0.00832229
0.000291192
0.00834734
0.000303811
0.000316363
0.00831009
0.000148465
0.00832508
0.000160423
0.00834112
0.000172366
0.00835822
0.00018429
0.00837637
0.00019619
0.00839557
0.000208061
0.00841581
0.000219898
0.00843709
0.000231697
0.0084594
0.000243453
0.00848275
0.000255161
0.00850713
0.000266817
0.00853252
0.000278415
0.000289951
0.00849734
0.000134411
0.00851248
0.000145289
0.00852869
0.000156154
0.00854598
0.000167003
0.00856434
0.000177829
0.00858377
0.00018863
0.00860426
0.000199401
0.00862583
0.000210137
0.00864844
0.000220834
0.00867212
0.000231488
0.00869684
0.000242094
0.00872261
0.000252648
0.000263146
0.00868952
0.000120224
0.00870481
0.000129999
0.0087212
0.000139763
0.00873869
0.000149512
0.00875728
0.000159242
0.00877696
0.00016895
0.00879773
0.00017863
0.00881959
0.000188279
0.00884253
0.000197894
0.00886655
0.000207471
0.00889164
0.000217004
0.00891779
0.000226492
0.000235929
0.00888683
0.000105891
0.00890229
0.000114539
0.00891887
0.000123178
0.00893658
0.000131803
0.00895541
0.000140412
0.00897536
0.000149001
0.00899642
0.000157567
0.0090186
0.000166106
0.00904188
0.000174614
0.00906626
0.000183089
0.00909174
0.000191526
0.00911831
0.000199922
0.000208275
0.00908948
9.13972e-05
0.00910512
9.88928e-05
0.00912192
0.000106381
0.00913986
0.000113858
0.00915896
0.000121321
0.00917919
0.000128766
0.00920056
0.000136192
0.00922308
0.000143595
0.00924672
0.000150972
0.00927149
0.00015832
0.00929738
0.000165636
0.00932438
0.000172917
0.000180159
0.0092977
7.67258e-05
0.00931355
8.30433e-05
0.00933058
8.93544e-05
0.00934878
9.56565e-05
0.00936816
0.000101947
0.0093887
0.000108224
0.00941041
0.000114484
0.00943328
0.000120725
0.00945731
0.000126944
0.00948249
0.000133139
0.00950881
0.000139308
0.00953628
0.000145447
0.000151554
0.00951177
6.18591e-05
0.00952784
6.69715e-05
0.00954511
7.20787e-05
0.00956359
7.7179e-05
0.00958327
8.22703e-05
0.00960414
8.73506e-05
0.00962621
9.24176e-05
0.00964946
9.74695e-05
0.0096739
0.000102504
0.00969952
0.00010752
0.00972632
0.000112513
0.00975428
0.000117484
0.000122429
0.00973193
4.67759e-05
0.00974825
5.06549e-05
0.0097658
5.45305e-05
0.00978457
5.8401e-05
0.00980458
6.22648e-05
0.00982581
6.61205e-05
0.00984826
6.99664e-05
0.00987193
7.3801e-05
0.00989681
7.76229e-05
0.0099229
8.14302e-05
0.00995019
8.52214e-05
0.00997868
8.89953e-05
9.275e-05
0.00995847
3.14562e-05
0.00997505
3.40728e-05
0.00999289
3.66876e-05
0.010012
3.92989e-05
0.0100324
4.1906e-05
0.010054
4.45076e-05
0.0100768
4.7103e-05
0.0101009
4.96908e-05
0.0101263
5.22701e-05
0.0101529
5.48398e-05
0.0101807
5.7399e-05
0.0102098
5.99464e-05
6.24811e-05
0.0101917
1.5871e-05
0.0102086
1.71956e-05
0.0102268
1.8519e-05
0.0102463
1.9841e-05
0.010267
2.11607e-05
0.010289
2.2478e-05
0.0103123
2.37922e-05
0.0103369
2.51025e-05
0.0103628
2.64088e-05
0.0103899
2.77101e-05
0.0104183
2.90063e-05
0.010448
3.02967e-05
3.15806e-05
0.0104318
0.010449
0.0104676
0.0104874
0.0105086
0.010531
0.0105548
0.0105799
0.0106063
0.0106341
0.0106631
0.0106934
)
;

boundaryField
{
    inlet
    {
        type            calculated;
        value           nonuniform 0();
    }
    outlet
    {
        type            calculated;
        value           nonuniform 0();
    }
    cylinder
    {
        type            calculated;
        value           uniform 0;
    }
    top
    {
        type            symmetryPlane;
        value           uniform 0;
    }
    bottom
    {
        type            symmetryPlane;
        value           nonuniform 0();
    }
    defaultFaces
    {
        type            empty;
        value           nonuniform 0();
    }
    procBoundary23to7
    {
        type            processor;
        value           nonuniform List<scalar> 6(-3.50476e-06 -4.02843e-06 -3.50044e-05 -8.91708e-07 -1.03503e-06 -1.52933e-05);
    }
    procBoundary23to22
    {
        type            processor;
        value           nonuniform List<scalar> 
84
(
-4.72767e-05
-0.000180412
-0.000356579
-0.000575069
-0.000101885
-0.000890085
-0.00119046
-0.00151062
-0.000306316
-0.00191555
-0.00223529
-0.00253373
-0.00280354
-0.000584637
-0.00309287
-0.00329186
-0.00346539
-0.00361979
-0.00376153
-0.000732406
-0.00391419
-0.00404487
-0.00417725
-0.00431318
-0.00294458
-0.0030033
-0.00306263
-0.00312271
-0.00318384
-0.00324638
-0.00331064
-0.00337683
-0.00344505
-0.00351534
-0.00358768
-0.00366202
-0.00373836
-0.00381668
-0.00389699
-0.00397932
-0.00406368
-0.00415011
-0.00423864
-0.00432929
-0.00442211
-0.00451713
-0.00461438
-0.00471392
-0.00481578
-0.00492001
-0.00502665
-0.00513575
-0.00524737
-0.00536155
-0.00547836
-0.00559785
-0.00572007
-0.00584511
-0.00597301
-0.00610385
-0.00623772
-0.00637468
-0.00651482
-0.00665823
-0.006805
-0.00695524
-0.00710904
-0.00726653
-0.00742782
-0.00759304
-0.00776234
-0.00793585
-0.00811373
-0.00829615
-0.00848329
-0.00867534
-0.00887249
-0.00907498
-0.00928303
-0.0094969
-0.00971685
-0.00994315
-0.0101762
-0.010416
)
;
    }
    procBoundary23to24
    {
        type            processor;
        value           nonuniform List<scalar> 
96
(
-4.98085e-05
9.60131e-06
1.08717e-05
-2.1787e-05
2.50188e-05
3.05925e-05
4.8768e-05
0.000120274
8.52912e-05
0.000254714
0.000137837
0.000441095
0.000209169
0.00068467
0.000300662
0.000986332
0.000411161
0.00133998
0.000536017
0.00173096
0.00202335
0.000780756
0.00242613
0.000900668
0.00280331
0.000999605
0.00313892
0.00335786
0.00114273
0.00361775
0.00117692
0.00384156
0.00400154
0.00123318
0.00305649
0.00312452
0.0031922
0.0032597
0.00332722
0.00339499
0.00346326
0.00353232
-0.00113482
0.00361856
0.00369053
0.00376409
0.00383947
0.00391682
0.00399621
0.00407768
0.00416123
0.00424687
0.0043346
0.00442443
0.0045164
0.00461052
0.00470684
0.0048054
0.00490622
0.00500936
0.00511487
0.00522279
0.00533317
0.00544607
0.00556155
0.00567967
0.00580049
0.00592406
0.00605047
0.00617979
0.00631209
0.00644744
0.00658595
0.00672769
0.00687276
0.00702126
0.0071733
0.007329
0.00748847
0.00765185
0.00781927
0.00799089
0.00816685
-0.000342402
0.00837338
0.00855894
0.00874941
0.00894501
0.00914596
0.0093525
0.00956489
0.0097834
0.0100084
0.01024
0.0104789
0.0107249
)
;
    }
}


// ************************************************************************* //
