/*--------------------------------*- C++ -*----------------------------------*\
  =========                 |
  \\      /  F ield         | OpenFOAM: The Open Source CFD Toolbox
   \\    /   O peration     | Website:  https://openfoam.org
    \\  /    A nd           | Version:  7
     \\/     M anipulation  |
\*---------------------------------------------------------------------------*/
FoamFile
{
    version     2.0;
    format      ascii;
    class       volScalarField;
    location    "99";
    object      p;
}
// * * * * * * * * * * * * * * * * * * * * * * * * * * * * * * * * * * * * * //

dimensions      [0 2 -2 0 0 0 0];

internalField   nonuniform List<scalar> 
1063
(
-0.4256
-0.426562
-0.427705
-0.429049
-0.430617
-0.432445
-0.434574
-0.437064
-0.440029
-0.443359
-0.446877
-0.427364
-0.428399
-0.429642
-0.431116
-0.432849
-0.434882
-0.437263
-0.440057
-0.443391
-0.447178
-0.451204
-0.429095
-0.430194
-0.431528
-0.433122
-0.435008
-0.43723
-0.439844
-0.442921
-0.446598
-0.450816
-0.455306
-0.43078
-0.431935
-0.43335
-0.435052
-0.437076
-0.439471
-0.442297
-0.445633
-0.449624
-0.454245
-0.459149
-0.432406
-0.433609
-0.435094
-0.436891
-0.439037
-0.441587
-0.444605
-0.448172
-0.452445
-0.457442
-0.4627
-0.433965
-0.435205
-0.436748
-0.438625
-0.440879
-0.443563
-0.446749
-0.450521
-0.455041
-0.460394
-0.465915
-0.435446
-0.436712
-0.438301
-0.440245
-0.442587
-0.445386
-0.448715
-0.452663
-0.457398
-0.463086
-0.468838
-0.438122
-0.439743
-0.441737
-0.444151
-0.447043
-0.45049
-0.454587
-0.459502
-0.465385
-0.471571
-0.439427
-0.441066
-0.443095
-0.445561
-0.448523
-0.452063
-0.456278
-0.461345
-0.467398
-0.473881
-0.44062
-0.442263
-0.444311
-0.446809
-0.449821
-0.453426
-0.457728
-0.462911
-0.469107
-0.475772
-0.441697
-0.443329
-0.445379
-0.447891
-0.450929
-0.454574
-0.458931
-0.46419
-0.470491
-0.47728
-0.442654
-0.444261
-0.446296
-0.448803
-0.451846
-0.455504
-0.459885
-0.465182
-0.47155
-0.478415
-0.44349
-0.445058
-0.447061
-0.449545
-0.45257
-0.456217
-0.460592
-0.46589
-0.472285
-0.479178
-0.444204
-0.445719
-0.447675
-0.450117
-0.453104
-0.456715
-0.461055
-0.466319
-0.472702
-0.479576
-0.444799
-0.446246
-0.448139
-0.450522
-0.453452
-0.457005
-0.461282
-0.466479
-0.472812
-0.479616
-0.446643
-0.448459
-0.450767
-0.45362
-0.457093
-0.461283
-0.466381
-0.472626
-0.479311
-0.446916
-0.44864
-0.450857
-0.453618
-0.456992
-0.46107
-0.466037
-0.472158
-0.478671
-0.447071
-0.448691
-0.450804
-0.453456
-0.456712
-0.460657
-0.465465
-0.471425
-0.47771
-0.447116
-0.44862
-0.450616
-0.453146
-0.456269
-0.46006
-0.464683
-0.470448
-0.47644
-0.447062
-0.44844
-0.450307
-0.452703
-0.455678
-0.459299
-0.463708
-0.469246
-0.474872
-0.448161
-0.449891
-0.452142
-0.454957
-0.458391
-0.462563
-0.467842
-0.473016
-0.447798
-0.449382
-0.45148
-0.454125
-0.457359
-0.461269
-0.46626
-0.470882
-0.447366
-0.448797
-0.450735
-0.453202
-0.456224
-0.459849
-0.464526
-0.468483
-0.446881
-0.448155
-0.449927
-0.452209
-0.455009
-0.458327
-0.462668
-0.465831
-0.447472
-0.449075
-0.451167
-0.453737
-0.456726
-0.460712
-0.462942
-0.44677
-0.448201
-0.450098
-0.452433
-0.45507
-0.458689
-0.459834
-0.446068
-0.447325
-0.449025
-0.451119
-0.453382
-0.456627
-0.456533
-0.446469
-0.447969
-0.449817
-0.451684
-0.454551
-0.453071
-0.445654
-0.446952
-0.448549
-0.449998
-0.452487
-0.449487
-0.444901
-0.445992
-0.447335
-0.448344
-0.450454
-0.445829
-0.445111
-0.446191
-0.446742
-0.448469
-0.442155
-0.444324
-0.445133
-0.445211
-0.446542
-0.438528
-0.444176
-0.443775
-0.444677
-0.435025
-0.443332
-0.442459
-0.442892
-0.431705
-0.442614
-0.441295
-0.441211
-0.428721
-0.440313
-0.439663
-0.426209
-0.439541
-0.438228
-0.424111
-0.43689
-0.422003
-0.435957
-0.420229
-0.423824
-0.440373
-0.423813
-0.424696
-0.425733
-0.426936
-0.428328
-0.429937
-0.431799
-0.476047
-0.507058
-0.510537
-0.424309
-0.32628
-0.269022
-0.482724
-0.518518
-0.52384
-0.43141
-0.325464
-0.262928
-0.489127
-0.529452
-0.536392
-0.437797
-0.324406
-0.256735
-0.495197
-0.53981
-0.548157
-0.443504
-0.323146
-0.250476
-0.500883
-0.549533
-0.559118
-0.448563
-0.321721
-0.244189
-0.506139
-0.558567
-0.569263
-0.453008
-0.320167
-0.237917
-0.510912
-0.566879
-0.578585
-0.456873
-0.318515
-0.231705
-0.515168
-0.574439
-0.587078
-0.460192
-0.316791
-0.225595
-0.518904
-0.581223
-0.594745
-0.462997
-0.315017
-0.219625
-0.522104
-0.587214
-0.60159
-0.465318
-0.313208
-0.213829
-0.524757
-0.592405
-0.607624
-0.467188
-0.31138
-0.208232
-0.526863
-0.596798
-0.612862
-0.468635
-0.309543
-0.202854
-0.528428
-0.600406
-0.617321
-0.469688
-0.307705
-0.197707
-0.138045
-0.529468
-0.603277
-0.621022
-0.470375
-0.305876
-0.192801
-0.131384
-0.530006
-0.605536
-0.623988
-0.470722
-0.304065
-0.18814
-0.125272
-0.53007
-0.607284
-0.626236
-0.470753
-0.302281
-0.18373
-0.119671
-0.529694
-0.608026
-0.627781
-0.470494
-0.300534
-0.179575
-0.114541
-0.528916
-0.607795
-0.628635
-0.469967
-0.298835
-0.175682
-0.109839
-0.527774
-0.606786
-0.628823
-0.469195
-0.297196
-0.17206
-0.105528
-0.526303
-0.605153
-0.628376
-0.468198
-0.295628
-0.168719
-0.101569
-0.524543
-0.602952
-0.627319
-0.466996
-0.294142
-0.165668
-0.0979309
-0.522534
-0.600209
-0.625673
-0.465606
-0.29275
-0.162914
-0.094582
-0.520313
-0.596948
-0.623461
-0.464046
-0.291459
-0.160465
-0.0914948
-0.517912
-0.5932
-0.620702
-0.462331
-0.290278
-0.158321
-0.0886432
-0.515358
-0.588998
-0.617415
-0.460475
-0.289213
-0.156482
-0.0860032
-0.512673
-0.584371
-0.613617
-0.45849
-0.288267
-0.15494
-0.083553
-0.509871
-0.57935
-0.609325
-0.456389
-0.287445
-0.153689
-0.0812741
-0.50696
-0.573966
-0.604557
-0.454181
-0.286747
-0.152719
-0.079152
-0.503939
-0.568249
-0.599331
-0.451877
-0.286175
-0.152019
-0.0771777
-0.500792
-0.562225
-0.593664
-0.449485
-0.285727
-0.151578
-0.0753477
-0.497474
-0.555927
-0.58758
-0.447012
-0.2854
-0.151384
-0.0736637
-0.494025
-0.549391
-0.581104
-0.444465
-0.285194
-0.15143
-0.0721356
-0.490691
-0.542646
-0.574265
-0.441856
-0.285114
-0.151716
-0.0707855
-0.486103
-0.535706
-0.567091
-0.439196
-0.285169
-0.152246
-0.0696356
-0.481656
-0.528578
-0.55961
-0.436463
-0.285307
-0.152968
-0.0686627
-0.477025
-0.521304
-0.551879
-0.433602
-0.285417
-0.153779
-0.0678113
-0.471967
-0.513928
-0.54401
-0.430753
-0.285678
-0.154842
-0.0672612
-0.466475
-0.506239
-0.535996
-0.428395
-0.286842
-0.156833
-0.0675893
-0.460352
-0.498035
-0.52737
-0.426069
-0.288475
-0.159398
-0.0683913
-0.453985
-0.490841
-0.51804
-0.420524
-0.285937
-0.158415
-0.0661461
-0.447097
-0.486019
-0.509432
-0.411313
-0.27767
-0.152274
-0.0593422
-0.438985
-0.473835
-0.491752
-0.396045
-0.266881
-0.145535
-0.0535029
-0.431747
-0.460225
-0.47282
-0.38026
-0.255972
-0.138744
-0.047899
-0.424674
-0.446085
-0.453857
-0.364652
-0.245229
-0.132046
-0.0424504
-0.417101
-0.431419
-0.434869
-0.349228
-0.234696
-0.125502
-0.0372606
-0.408849
-0.416362
-0.415973
-0.334055
-0.22441
-0.119129
-0.0323557
-0.399912
-0.401117
-0.397349
-0.319217
-0.214406
-0.112944
-0.0277463
-0.390302
-0.385866
-0.379141
-0.30478
-0.20471
-0.106961
-0.0234431
-0.380072
-0.370749
-0.361455
-0.290791
-0.195342
-0.101193
-0.0194553
-0.369315
-0.355873
-0.344361
-0.277281
-0.186314
-0.0956551
-0.0157894
-0.358132
-0.341315
-0.327905
-0.26427
-0.177634
-0.0903575
-0.0124485
-0.346625
-0.327126
-0.312106
-0.251765
-0.169302
-0.0853107
-0.00943154
-0.334887
-0.313337
-0.296971
-0.239767
-0.161319
-0.0805231
-0.00673334
-0.323004
-0.299965
-0.282491
-0.228271
-0.153678
-0.0760009
-0.00434454
-0.311049
-0.287017
-0.268652
-0.217267
-0.146374
-0.0717476
-0.00225279
-0.299091
-0.274491
-0.255433
-0.206743
-0.139398
-0.0677644
-0.000444464
-0.287186
-0.262383
-0.242811
-0.196684
-0.13274
-0.0640493
0.00109289
-0.275384
-0.250683
-0.230762
-0.187074
-0.126393
-0.0605984
0.00236829
-0.263727
-0.239383
-0.219262
-0.177898
-0.120345
-0.0574056
0.00338599
-0.252251
-0.228471
-0.208286
-0.169139
-0.114588
-0.0544632
0.00414583
-0.240986
-0.217938
-0.197812
-0.160781
-0.109113
-0.051762
0.00464534
-0.229959
-0.207774
-0.187818
-0.152808
-0.103912
-0.0492919
0.00488338
-0.219189
-0.197969
-0.178284
-0.145205
-0.0989762
-0.0470412
0.00486379
-0.208696
-0.188516
-0.16919
-0.137955
-0.0942964
-0.0449971
0.00459774
-0.198494
-0.179407
-0.160519
-0.131045
-0.0898635
-0.0431458
0.00410447
-0.188596
-0.170633
-0.152252
-0.124461
-0.0856674
-0.0414725
0.00341065
-0.179011
-0.162188
-0.144372
-0.11819
-0.0816973
-0.039962
0.00254804
-0.169746
-0.154065
-0.136865
-0.112218
-0.0779417
-0.0385986
0.00155066
-0.160808
-0.146256
-0.129715
-0.106534
-0.074389
-0.0373667
0.000452659
-0.152199
-0.138755
-0.122907
-0.101125
-0.071027
-0.0362506
-0.000713249
-0.143921
-0.131556
-0.116428
-0.09598
-0.0678437
-0.0352352
-0.00191707
-0.135976
-0.124651
-0.110263
-0.091088
-0.0648276
-0.0343058
-0.00313199
-0.128361
-0.118035
-0.1044
-0.0864383
-0.0619672
-0.0334487
-0.00433453
-0.121075
-0.111701
-0.0988261
-0.0820207
-0.0592519
-0.0326509
-0.00550488
-0.114114
-0.105642
-0.0935295
-0.0778254
-0.0566717
-0.0319006
-0.00662651
-0.107474
-0.0998534
-0.0884988
-0.073843
-0.0542174
-0.0311873
-0.00768599
-0.101151
-0.0943285
-0.0837231
-0.0700644
-0.0518806
-0.0305018
-0.00867273
-0.0951395
-0.0890618
-0.0791923
-0.0664811
-0.0496538
-0.0298363
-0.00957899
-0.0894328
-0.0840477
-0.0748969
-0.063085
-0.0475306
-0.0291844
-0.0103998
-0.0840249
-0.0792809
-0.0708279
-0.0598686
-0.0455052
-0.028541
-0.0111322
-0.0789093
-0.0747563
-0.0669773
-0.0568246
-0.0435728
-0.0279025
-0.0117751
-0.0740792
-0.0704688
-0.0633373
-0.0539468
-0.0417295
-0.0272664
-0.0123295
-0.0695276
-0.0664138
-0.0599011
-0.0512291
-0.0399723
-0.0266314
-0.0127975
-0.065249
-0.0625874
-0.0566628
-0.0486664
-0.0382988
-0.0259975
-0.0131829
-0.0612435
-0.0589865
-0.0536169
-0.0462539
-0.0367074
-0.0253655
-0.0134905
-0.0574944
-0.055607
-0.0507587
-0.0439878
-0.0351972
-0.0247372
-0.0137255
-0.0539998
-0.0524454
-0.0480843
-0.0418647
-0.0337679
-0.0241155
-0.0138943
-0.0507547
-0.0494989
-0.0455903
-0.0398822
-0.0324199
-0.0235037
-0.0140035
-0.047755
-0.0467652
-0.0432745
-0.0380385
-0.031154
-0.0229059
-0.0140606
-0.0449967
-0.0442426
-0.041135
-0.0363326
-0.0299718
-0.0223265
-0.0140732
-0.0424769
-0.0419304
-0.0391713
-0.0347641
-0.0288752
-0.0217707
-0.0140492
-0.0401935
-0.0398283
-0.0373833
-0.0333337
-0.0278669
-0.0212436
-0.0139963
-0.0381457
-0.0379372
-0.0357723
-0.0320428
-0.02695
-0.020751
-0.0139223
-0.0363337
-0.036259
-0.0343403
-0.0308936
-0.0261282
-0.0202985
-0.013835
-0.0347591
-0.0347967
-0.0330907
-0.0298895
-0.0254057
-0.0198922
-0.0137417
-0.0334252
-0.033555
-0.0320282
-0.0290347
-0.0247874
-0.0195381
-0.0136496
-0.0323373
-0.03254
-0.0311587
-0.0283347
-0.0242788
-0.0192424
-0.0135654
-0.0315027
-0.03176
-0.0304901
-0.0277961
-0.023886
-0.0190113
-0.0134951
-0.0309317
-0.0312256
-0.0300319
-0.027427
-0.0236161
-0.0188511
-0.0134442
-0.0306366
-0.0309491
-0.0297956
-0.0272368
-0.0234769
-0.0187681
-0.0134173
-0.464679
-0.461582
-0.443023
-0.426733
-0.412033
-0.396878
-0.382165
-0.368253
-0.354926
-0.342105
-0.329734
-0.317723
-0.306007
-0.294542
-0.283299
-0.272259
-0.261409
-0.250748
-0.240278
-0.230004
-0.219939
-0.210094
-0.200484
-0.19112
-0.182013
-0.173174
-0.164608
-0.156323
-0.148322
-0.140607
-0.13318
-0.126042
-0.11919
-0.112624
-0.106341
-0.100338
-0.0946111
-0.0891557
-0.0839673
-0.079041
-0.0743718
-0.0699545
-0.0657841
-0.0618561
-0.058167
-0.0547101
-0.0514816
-0.0484783
-0.0456968
-0.0431348
-0.0407903
-0.0386625
-0.0367512
-0.0350575
-0.0335839
-0.0323338
-0.0313137
-0.030529
-0.0299939
-0.0297135
-0.274989
)
;

boundaryField
{
    inlet
    {
        type            zeroGradient;
    }
    outlet
    {
        type            fixedValue;
        value           nonuniform 0();
    }
    cylinder
    {
        type            zeroGradient;
    }
    top
    {
        type            symmetryPlane;
    }
    bottom
    {
        type            symmetryPlane;
    }
    defaultFaces
    {
        type            empty;
    }
    procBoundary26to9
    {
        type            processor;
        value           uniform -0.423071;
    }
    procBoundary26to10
    {
        type            processor;
        value           nonuniform List<scalar> 
19
(
-0.433964
-0.436539
-0.439387
-0.442358
-0.422018
-0.422817
-0.423739
-0.424795
-0.426001
-0.427379
-0.428959
-0.433964
-0.469158
-0.495134
-0.496515
-0.416465
-0.326814
-0.280812
-0.326814
)
;
    }
    procBoundary26to11
    {
        type            processor;
        value           nonuniform List<scalar> 2(-0.258211 -0.269672);
    }
    procBoundary26to25
    {
        type            processor;
        value           nonuniform List<scalar> 
112
(
-0.424804
-0.426521
-0.42821
-0.42986
-0.43146
-0.433
-0.434472
-0.436841
-0.436841
-0.438142
-0.439345
-0.440443
-0.441435
-0.442318
-0.443092
-0.44376
-0.445277
-0.445277
-0.445643
-0.445904
-0.446066
-0.446138
-0.446919
-0.446919
-0.446699
-0.446418
-0.446088
-0.44636
-0.44636
-0.445821
-0.445284
-0.445387
-0.445387
-0.444746
-0.444167
-0.444229
-0.444229
-0.443655
-0.443648
-0.443648
-0.443097
-0.442682
-0.442028
-0.442028
-0.441586
-0.439063
-0.439063
-0.439042
-0.436149
-0.436149
-0.437045
-0.442174
-0.447364
-0.445484
-0.429858
-0.415163
-0.402252
-0.388673
-0.375124
-0.362137
-0.349525
-0.337229
-0.325249
-0.313537
-0.302055
-0.290784
-0.279709
-0.26882
-0.258115
-0.247595
-0.237264
-0.227132
-0.21721
-0.207509
-0.198042
-0.188821
-0.179854
-0.171151
-0.162718
-0.154561
-0.146682
-0.139085
-0.13177
-0.124737
-0.117986
-0.111515
-0.105321
-0.0994009
-0.0937514
-0.0883683
-0.0832471
-0.0783831
-0.0737715
-0.0694073
-0.0652857
-0.0614026
-0.057754
-0.0543342
-0.0511395
-0.0481667
-0.0454127
-0.0428753
-0.0405527
-0.0384442
-0.0365499
-0.0348708
-0.0334095
-0.0321695
-0.0311575
-0.0303786
-0.0298474
-0.0295682
)
;
    }
    procBoundary26to27
    {
        type            processor;
        value           nonuniform List<scalar> 
100
(
-0.246619
-0.235004
-0.223476
-0.212144
-0.201109
-0.190466
-0.180292
-0.170653
-0.161591
-0.153134
-0.145288
-0.145288
-0.136347
-0.127672
-0.119117
-0.110725
-0.10254
-0.0946069
-0.0869751
-0.0796879
-0.07279
-0.0663178
-0.0602974
-0.054744
-0.0496603
-0.0450348
-0.0408436
-0.037053
-0.0336221
-0.0305066
-0.0276618
-0.0250471
-0.0226323
-0.0203925
-0.0182767
-0.0162124
-0.0143127
-0.0130511
-0.0121276
-0.00832029
0.00175476
0.0083843
0.0146937
0.0212309
0.0276553
0.0338111
0.0396218
0.0450172
0.0499317
0.0543099
0.0581068
0.0612885
0.063832
0.0657275
0.0669787
0.0676036
0.0676325
0.0671031
0.0660546
0.064523
0.0625408
0.0601403
0.0573613
0.0542547
0.0508829
0.0473156
0.0436246
0.0398779
0.0361367
0.0324533
0.0288703
0.0254211
0.0221317
0.0190205
0.0161006
0.013379
0.0108588
0.00853998
0.00642002
0.00449424
0.00275605
0.00119735
-0.000190856
-0.0014185
-0.00249611
-0.00343453
-0.00424467
-0.00493767
-0.00552509
-0.00601773
-0.00642611
-0.00676031
-0.00702985
-0.00724363
-0.00740988
-0.00753607
-0.00762879
-0.00769359
-0.00773478
-0.00775534
)
;
    }
}


// ************************************************************************* //
