/*--------------------------------*- C++ -*----------------------------------*\
  =========                 |
  \\      /  F ield         | OpenFOAM: The Open Source CFD Toolbox
   \\    /   O peration     | Website:  https://openfoam.org
    \\  /    A nd           | Version:  7
     \\/     M anipulation  |
\*---------------------------------------------------------------------------*/
FoamFile
{
    version     2.0;
    format      ascii;
    class       volScalarField;
    location    "40";
    object      p;
}
// * * * * * * * * * * * * * * * * * * * * * * * * * * * * * * * * * * * * * //

dimensions      [0 2 -2 0 0 0 0];

internalField   nonuniform List<scalar> 
1063
(
-0.134859
-0.119196
-0.104957
-0.0929405
-0.0825256
-0.0738313
-0.0660034
-0.0589198
-0.0520435
-0.170394
-0.152607
-0.135133
-0.119409
-0.105065
-0.0929335
-0.0824271
-0.0736878
-0.0658664
-0.0588241
-0.0520057
-0.170607
-0.152882
-0.135423
-0.119636
-0.105185
-0.0929382
-0.0823399
-0.0735551
-0.0657394
-0.0587394
-0.0519773
-0.170837
-0.153193
-0.135729
-0.119878
-0.105319
-0.0929547
-0.0822641
-0.0734337
-0.0656235
-0.0586647
-0.0519592
-0.171083
-0.153506
-0.136051
-0.120133
-0.105464
-0.0929831
-0.0822003
-0.0733241
-0.0655191
-0.0586011
-0.0519525
-0.171369
-0.153842
-0.136387
-0.120401
-0.105622
-0.0930235
-0.0821487
-0.0732269
-0.0654267
-0.0585489
-0.0519545
-0.171666
-0.154198
-0.136736
-0.120681
-0.105791
-0.0930761
-0.0821098
-0.0731424
-0.0653467
-0.0585083
-0.0519669
-0.171974
-0.154568
-0.137097
-0.120972
-0.105972
-0.0931409
-0.0820838
-0.0730712
-0.0652796
-0.0584795
-0.0519898
-0.172301
-0.154952
-0.13747
-0.121274
-0.106165
-0.093218
-0.0820713
-0.0730137
-0.0652256
-0.0584626
-0.052023
-0.172645
-0.15535
-0.137854
-0.121586
-0.106369
-0.0933078
-0.0820724
-0.0729702
-0.065185
-0.0584578
-0.0520666
-0.173004
-0.155757
-0.138249
-0.121909
-0.106584
-0.0934103
-0.0820876
-0.072941
-0.0651581
-0.0584651
-0.0521204
-0.173376
-0.156176
-0.138653
-0.122241
-0.10681
-0.0935257
-0.0821172
-0.0729266
-0.0651451
-0.0584847
-0.0521844
-0.173762
-0.156606
-0.139066
-0.122582
-0.107047
-0.0936543
-0.0821614
-0.072927
-0.0651461
-0.0585164
-0.0522583
-0.17416
-0.157045
-0.139488
-0.122933
-0.107296
-0.0937963
-0.0822205
-0.0729426
-0.0651612
-0.0585602
-0.0523421
-0.17457
-0.157493
-0.139917
-0.123293
-0.107556
-0.0939518
-0.0822947
-0.0729734
-0.0651904
-0.0586161
-0.0524355
-0.17499
-0.157949
-0.140355
-0.123662
-0.107827
-0.0941212
-0.0823844
-0.0730198
-0.0652337
-0.0586839
-0.0525383
-0.175419
-0.158412
-0.1408
-0.12404
-0.10811
-0.0943046
-0.0824896
-0.0730816
-0.0652911
-0.0587633
-0.0526503
-0.175858
-0.158882
-0.141252
-0.124427
-0.108405
-0.0945023
-0.0826105
-0.073159
-0.0653625
-0.0588543
-0.0527712
-0.176305
-0.159358
-0.14171
-0.124822
-0.108711
-0.0947144
-0.0827474
-0.073252
-0.0654478
-0.0589566
-0.0529008
-0.176759
-0.159841
-0.142176
-0.125227
-0.10903
-0.0949411
-0.0829003
-0.0733605
-0.0655467
-0.0590698
-0.0530386
-0.17722
-0.160329
-0.142648
-0.12564
-0.109361
-0.0951826
-0.0830692
-0.0734846
-0.0656592
-0.0591939
-0.0531846
-0.177686
-0.160822
-0.143126
-0.126062
-0.109704
-0.095439
-0.0832543
-0.0736241
-0.065785
-0.0593284
-0.0533383
-0.178159
-0.161319
-0.14361
-0.126494
-0.110059
-0.0957105
-0.0834555
-0.0737789
-0.0659239
-0.059473
-0.0534994
-0.178636
-0.161821
-0.144101
-0.126934
-0.110427
-0.0959971
-0.0836729
-0.0739488
-0.0660757
-0.0596276
-0.0536677
-0.179118
-0.162328
-0.144597
-0.127383
-0.110808
-0.0962988
-0.0839063
-0.0741338
-0.06624
-0.0597916
-0.0538429
-0.179603
-0.162838
-0.1451
-0.127842
-0.111202
-0.0966157
-0.0841557
-0.0743336
-0.0664166
-0.059965
-0.0540246
-0.180093
-0.163351
-0.145608
-0.128309
-0.111608
-0.0969478
-0.084421
-0.074548
-0.0666053
-0.0601472
-0.0542125
-0.180585
-0.163868
-0.146122
-0.128786
-0.112027
-0.097295
-0.084702
-0.0747768
-0.0668057
-0.0603382
-0.0544065
-0.181079
-0.164388
-0.146642
-0.129272
-0.112458
-0.0976571
-0.0849986
-0.0750197
-0.0670175
-0.0605374
-0.0546062
-0.181576
-0.164911
-0.147167
-0.129767
-0.112902
-0.0980341
-0.0853105
-0.0752765
-0.0672405
-0.0607447
-0.0548113
-0.182075
-0.165436
-0.147698
-0.130271
-0.113359
-0.0984257
-0.0856375
-0.0755468
-0.0674744
-0.0609598
-0.0550217
-0.182575
-0.165964
-0.148233
-0.130783
-0.113828
-0.0988318
-0.0859793
-0.0758304
-0.0677188
-0.0611824
-0.0552371
-0.183077
-0.166494
-0.148774
-0.131305
-0.114309
-0.099252
-0.0863356
-0.076127
-0.0679736
-0.0614123
-0.0554573
-0.18358
-0.167027
-0.149321
-0.131835
-0.114802
-0.0996863
-0.0867062
-0.0764365
-0.0682384
-0.0616492
-0.0556821
-0.184085
-0.167562
-0.149872
-0.132373
-0.115307
-0.100134
-0.0870907
-0.0767581
-0.0685129
-0.061893
-0.0559114
-0.184588
-0.168096
-0.150426
-0.132917
-0.11582
-0.100593
-0.0874867
-0.0770903
-0.0687957
-0.0621425
-0.0561444
-0.185089
-0.16863
-0.150982
-0.133467
-0.116342
-0.101063
-0.0878942
-0.0774328
-0.0690865
-0.0623973
-0.0563804
-0.1856
-0.169177
-0.151555
-0.134039
-0.116891
-0.101559
-0.0883269
-0.0777965
-0.0693933
-0.0626632
-0.056624
-0.186148
-0.169762
-0.152171
-0.134655
-0.117485
-0.1021
-0.0887995
-0.0781935
-0.0697266
-0.0629494
-0.0568832
-0.186647
-0.170291
-0.152719
-0.135197
-0.118002
-0.10257
-0.0892123
-0.0785461
-0.0700303
-0.0632176
-0.0571315
-0.170636
-0.153069
-0.135527
-0.118302
-0.102833
-0.089446
-0.0787579
-0.0702342
-0.0634218
-0.0573405
-0.170711
-0.153201
-0.135707
-0.118532
-0.103095
-0.0897277
-0.0790375
-0.0705005
-0.0636668
-0.0575669
-0.170638
-0.1532
-0.135778
-0.118679
-0.103302
-0.0899763
-0.0792986
-0.0707539
-0.0638978
-0.057775
-0.170556
-0.153194
-0.135848
-0.118831
-0.103517
-0.0902355
-0.0795707
-0.0710177
-0.0641376
-0.0579903
-0.170468
-0.153189
-0.135926
-0.118996
-0.10375
-0.0905149
-0.0798623
-0.0712984
-0.0643909
-0.0582161
-0.170359
-0.153172
-0.136002
-0.119169
-0.103998
-0.0908124
-0.0801721
-0.071595
-0.0646563
-0.0584505
-0.170227
-0.153142
-0.136074
-0.119348
-0.104258
-0.0911266
-0.080499
-0.0719064
-0.0649328
-0.0586925
-0.170072
-0.153098
-0.136143
-0.119533
-0.104531
-0.0914575
-0.0808429
-0.0722326
-0.0652205
-0.0589424
-0.169894
-0.153042
-0.136208
-0.119724
-0.104817
-0.0918049
-0.0812033
-0.0725732
-0.0655193
-0.0592001
-0.169693
-0.152972
-0.136271
-0.11992
-0.105115
-0.092168
-0.0815798
-0.0729279
-0.0658288
-0.0594655
-0.16947
-0.152889
-0.13633
-0.120123
-0.105426
-0.0925463
-0.0819716
-0.0732961
-0.0661489
-0.0597385
-0.169223
-0.152794
-0.136386
-0.120331
-0.105747
-0.0929386
-0.0823779
-0.073677
-0.0664789
-0.060019
-0.168956
-0.152687
-0.13644
-0.120543
-0.106078
-0.0933439
-0.0827974
-0.07407
-0.0668186
-0.0603067
-0.168668
-0.152569
-0.13649
-0.12076
-0.106418
-0.0937607
-0.083229
-0.074474
-0.0671674
-0.0606015
-0.168361
-0.152441
-0.136537
-0.12098
-0.106765
-0.0941876
-0.0836714
-0.0748881
-0.0675247
-0.060903
-0.168037
-0.152302
-0.136581
-0.121202
-0.107119
-0.094623
-0.084123
-0.0753111
-0.0678899
-0.0612112
-0.167697
-0.152155
-0.136623
-0.121425
-0.107478
-0.0950653
-0.0845825
-0.075742
-0.0682622
-0.0615255
-0.167343
-0.151999
-0.13666
-0.12165
-0.10784
-0.0955128
-0.0850483
-0.0761796
-0.068641
-0.0618457
-0.166977
-0.151836
-0.136695
-0.121874
-0.108204
-0.0959638
-0.0855187
-0.0766226
-0.0690256
-0.0621715
-0.1666
-0.151667
-0.136726
-0.122096
-0.108568
-0.0964167
-0.0859925
-0.0770699
-0.0694151
-0.0625024
-0.166214
-0.151491
-0.136754
-0.122317
-0.108932
-0.09687
-0.086468
-0.0775204
-0.0698088
-0.0628379
-0.16582
-0.15131
-0.136778
-0.122534
-0.109293
-0.0973221
-0.0869438
-0.0779729
-0.070206
-0.0631778
-0.165421
-0.151125
-0.136798
-0.122748
-0.109651
-0.0977717
-0.0874188
-0.0784264
-0.070606
-0.0635214
-0.165016
-0.150935
-0.136814
-0.122957
-0.110005
-0.0982175
-0.0878917
-0.0788798
-0.0710078
-0.0638683
-0.164608
-0.150741
-0.136826
-0.12316
-0.110353
-0.0986584
-0.0883615
-0.0793322
-0.071411
-0.064218
-0.164196
-0.150544
-0.136833
-0.123359
-0.110695
-0.0990935
-0.088827
-0.0797828
-0.0718147
-0.06457
-0.163781
-0.150343
-0.136836
-0.12355
-0.11103
-0.0995219
-0.0892875
-0.0802307
-0.0722183
-0.0649238
-0.163365
-0.15014
-0.136834
-0.123736
-0.111358
-0.0999428
-0.0897422
-0.0806751
-0.0726213
-0.0652789
-0.162946
-0.149933
-0.136828
-0.123914
-0.111677
-0.100356
-0.0901904
-0.0811155
-0.0730228
-0.0656347
-0.162527
-0.149723
-0.136816
-0.124085
-0.111988
-0.10076
-0.0906314
-0.0815512
-0.0734225
-0.0659908
-0.162107
-0.149511
-0.1368
-0.124248
-0.11229
-0.101155
-0.0910648
-0.0819816
-0.0738196
-0.0663467
-0.161686
-0.149296
-0.136779
-0.124404
-0.112582
-0.10154
-0.09149
-0.0824061
-0.0742137
-0.0667017
-0.161266
-0.149078
-0.136752
-0.124552
-0.112865
-0.101915
-0.0919065
-0.0828242
-0.0746042
-0.0670554
-0.160846
-0.148859
-0.136721
-0.124692
-0.113139
-0.102281
-0.0923139
-0.0832354
-0.0749905
-0.0674072
-0.160426
-0.148638
-0.136685
-0.124824
-0.113402
-0.102635
-0.0927119
-0.0836393
-0.0753721
-0.0677565
-0.160008
-0.148415
-0.136645
-0.124948
-0.113656
-0.102979
-0.0931
-0.0840352
-0.0757485
-0.0681028
-0.0609908
-0.159592
-0.14819
-0.136599
-0.125064
-0.1139
-0.103312
-0.0934779
-0.0844228
-0.076119
-0.0684455
-0.0613047
-0.159179
-0.147965
-0.13655
-0.125173
-0.114133
-0.103633
-0.0938452
-0.0848017
-0.0764831
-0.0687839
-0.061616
-0.158769
-0.147739
-0.136496
-0.125273
-0.114356
-0.103943
-0.0942015
-0.0851712
-0.0768403
-0.0691176
-0.061924
-0.158362
-0.147514
-0.136438
-0.125366
-0.114569
-0.104242
-0.0945466
-0.0855309
-0.0771899
-0.0694457
-0.0622281
-0.157961
-0.147288
-0.136377
-0.125451
-0.114771
-0.104528
-0.0948801
-0.0858803
-0.0775314
-0.0697676
-0.0625275
-0.157565
-0.147064
-0.136312
-0.125529
-0.114963
-0.104803
-0.0952016
-0.086219
-0.077864
-0.0700827
-0.0628215
-0.157175
-0.146842
-0.136245
-0.125599
-0.115144
-0.105065
-0.0955108
-0.0865464
-0.0781872
-0.0703902
-0.0631094
-0.156793
-0.146622
-0.136175
-0.125663
-0.115316
-0.105315
-0.0958073
-0.0868619
-0.0785003
-0.0706894
-0.0633905
-0.15642
-0.146406
-0.136103
-0.12572
-0.115477
-0.105552
-0.0960908
-0.0871651
-0.0788026
-0.0709794
-0.0636639
-0.156057
-0.146193
-0.13603
-0.12577
-0.115628
-0.105777
-0.0963608
-0.0874555
-0.0790934
-0.0712595
-0.0639287
-0.155705
-0.145986
-0.135956
-0.125815
-0.115768
-0.105989
-0.0966172
-0.0877323
-0.079372
-0.0715288
-0.0641841
-0.155366
-0.145785
-0.135882
-0.125854
-0.115899
-0.106189
-0.0968593
-0.087995
-0.0796375
-0.0717865
-0.0644291
-0.15504
-0.145591
-0.135809
-0.125887
-0.11602
-0.106375
-0.0970868
-0.088243
-0.0798891
-0.0720316
-0.0646628
-0.154731
-0.145405
-0.135737
-0.125915
-0.116131
-0.106547
-0.0972993
-0.0884757
-0.0801261
-0.0722631
-0.0648842
-0.154439
-0.145228
-0.135667
-0.125939
-0.116232
-0.106706
-0.0974963
-0.0886922
-0.0803475
-0.0724801
-0.0650921
-0.154166
-0.145063
-0.135599
-0.125959
-0.116323
-0.106852
-0.0976772
-0.0888918
-0.0805523
-0.0726815
-0.0652855
-0.153914
-0.144909
-0.135536
-0.125975
-0.116405
-0.106983
-0.0978414
-0.0890738
-0.0807396
-0.0728661
-0.0654632
-0.153686
-0.144769
-0.135477
-0.125988
-0.116477
-0.1071
-0.0979885
-0.0892371
-0.0809083
-0.0730327
-0.0656239
-0.153483
-0.144644
-0.135424
-0.125998
-0.116539
-0.107203
-0.0981175
-0.089381
-0.0810572
-0.0731801
-0.0657662
-0.153307
-0.144536
-0.135377
-0.126006
-0.116592
-0.10729
-0.0982278
-0.0895042
-0.081185
-0.073307
-0.0658889
-0.153161
-0.144445
-0.135338
-0.126011
-0.116635
-0.107361
-0.0983184
-0.0896057
-0.0812905
-0.0734118
-0.0659904
-0.153048
-0.144375
-0.135307
-0.126015
-0.116668
-0.107416
-0.0983883
-0.0896841
-0.0813722
-0.073493
-0.0660692
-0.152969
-0.144326
-0.135285
-0.126018
-0.11669
-0.107454
-0.0984363
-0.0897381
-0.0814284
-0.073549
-0.0661235
-0.152929
-0.144301
-0.135274
-0.126019
-0.116702
-0.107473
-0.0984611
-0.089766
-0.0814575
-0.073578
-0.0661516
)
;

boundaryField
{
    inlet
    {
        type            zeroGradient;
    }
    outlet
    {
        type            fixedValue;
        value           nonuniform 0();
    }
    cylinder
    {
        type            zeroGradient;
    }
    top
    {
        type            symmetryPlane;
    }
    bottom
    {
        type            symmetryPlane;
    }
    defaultFaces
    {
        type            empty;
    }
    procBoundary28to12
    {
        type            processor;
        value           nonuniform List<scalar> 
12
(
-0.170203
-0.152345
-0.152345
-0.134603
-0.118997
-0.104863
-0.0929593
-0.0826347
-0.073985
-0.0661496
-0.0590252
-0.0520908
)
;
    }
    procBoundary28to27
    {
        type            processor;
        value           nonuniform List<scalar> 
100
(
-0.188928
-0.189021
-0.189137
-0.189273
-0.189426
-0.189612
-0.189837
-0.190055
-0.190295
-0.190557
-0.190837
-0.191133
-0.191445
-0.191772
-0.192113
-0.192466
-0.192832
-0.193209
-0.193596
-0.193993
-0.194398
-0.19481
-0.19523
-0.195656
-0.196088
-0.196524
-0.196965
-0.19741
-0.197858
-0.198308
-0.198761
-0.199215
-0.199672
-0.200129
-0.200586
-0.201041
-0.201506
-0.202005
-0.20246
-0.186969
-0.186969
-0.186994
-0.186865
-0.186722
-0.186568
-0.186389
-0.186179
-0.185939
-0.185668
-0.185366
-0.185033
-0.184669
-0.184275
-0.183851
-0.183401
-0.182925
-0.182427
-0.181907
-0.181369
-0.180815
-0.180248
-0.179669
-0.17908
-0.178484
-0.177882
-0.177275
-0.176664
-0.17605
-0.175434
-0.174816
-0.174198
-0.17358
-0.172963
-0.172347
-0.171733
-0.171123
-0.170516
-0.169914
-0.169317
-0.168728
-0.168147
-0.167575
-0.167014
-0.166466
-0.165931
-0.165411
-0.164909
-0.164426
-0.163964
-0.163525
-0.163111
-0.162726
-0.162371
-0.162049
-0.161764
-0.161517
-0.161313
-0.161154
-0.161044
-0.160987
)
;
    }
    procBoundary28to29
    {
        type            processor;
        value           nonuniform List<scalar> 
101
(
-0.0455214
-0.0455349
-0.045557
-0.0455877
-0.04563
-0.0456793
-0.0457372
-0.0458042
-0.0458798
-0.0459639
-0.0460563
-0.0461568
-0.0462652
-0.0463813
-0.0465049
-0.0466357
-0.0467734
-0.0469178
-0.0470687
-0.0472257
-0.0473887
-0.0475572
-0.0477312
-0.0479104
-0.0480944
-0.048283
-0.0484761
-0.0486733
-0.0488746
-0.0490796
-0.0492882
-0.0495001
-0.0497154
-0.0499337
-0.050155
-0.0503786
-0.050604
-0.0508349
-0.0510787
-0.0513143
-0.0515239
-0.0517347
-0.0519236
-0.0521185
-0.0523216
-0.0525308
-0.0527453
-0.0529652
-0.0531906
-0.0534216
-0.0536581
-0.0539001
-0.0541477
-0.0544007
-0.0546592
-0.0549231
-0.0551924
-0.0554668
-0.0557463
-0.0560307
-0.0563197
-0.0566132
-0.0569109
-0.0572125
-0.0575176
-0.0578259
-0.058137
-0.0584505
-0.058766
-0.0590831
-0.0594012
-0.05972
-0.0600388
-0.0603573
-0.0606748
-0.0606748
-0.0543177
-0.0546098
-0.0549
-0.0551876
-0.055472
-0.0557526
-0.0560286
-0.0562994
-0.0565642
-0.0568221
-0.0570725
-0.0573142
-0.0575466
-0.0577685
-0.057979
-0.058177
-0.0583614
-0.058531
-0.0586846
-0.0588208
-0.0589383
-0.0590355
-0.059111
-0.0591632
-0.0591902
)
;
    }
}


// ************************************************************************* //
