/*--------------------------------*- C++ -*----------------------------------*\
  =========                 |
  \\      /  F ield         | OpenFOAM: The Open Source CFD Toolbox
   \\    /   O peration     | Website:  https://openfoam.org
    \\  /    A nd           | Version:  7
     \\/     M anipulation  |
\*---------------------------------------------------------------------------*/
FoamFile
{
    version     2.0;
    format      ascii;
    class       volVectorField;
    location    "68";
    object      U;
}
// * * * * * * * * * * * * * * * * * * * * * * * * * * * * * * * * * * * * * //

dimensions      [0 1 -1 0 0 0 0];

internalField   nonuniform List<vector> 
1063
(
(0.925622 -0.129898 -2.46678e-23)
(0.903329 0.159781 -9.75024e-23)
(0.873001 0.365066 2.17241e-22)
(0.880234 0.372084 -4.01952e-23)
(0.897516 0.195963 -8.17932e-23)
(0.892932 -0.0524405 6.46515e-23)
(0.853299 -0.261017 1.53553e-22)
(0.827827 -0.319151 2.84906e-24)
(0.841027 -0.19526 6.74715e-23)
(0.854244 0.0118127 1.62849e-22)
(0.822182 0.182739 7.26621e-23)
(0.925395 -0.129882 -2.2919e-22)
(0.901842 0.160417 -1.77788e-22)
(0.871515 0.365337 -1.10346e-22)
(0.879661 0.371752 -1.08105e-23)
(0.897321 0.195931 -1.03559e-23)
(0.893986 -0.0516056 -3.32863e-22)
(0.855298 -0.259951 6.16492e-23)
(0.828459 -0.318975 -2.81266e-23)
(0.840365 -0.195719 -2.65714e-22)
(0.852508 0.0119716 -3.17471e-22)
(0.81956 0.183592 1.44216e-22)
(0.925097 -0.129927 1.55463e-22)
(0.900335 0.160986 5.74231e-23)
(0.870064 0.365558 9.55654e-23)
(0.879056 0.371426 1.5097e-22)
(0.89704 0.195935 2.15499e-22)
(0.894975 -0.0507447 2.75587e-22)
(0.857316 -0.258847 -1.92043e-22)
(0.829114 -0.318766 -3.42538e-23)
(0.839644 -0.196179 2.9853e-22)
(0.850707 0.0121197 1.37234e-22)
(0.816945 0.18442 -4.87563e-22)
(0.924731 -0.130034 -3.12334e-23)
(0.898813 0.161486 -1.48187e-22)
(0.868648 0.36573 4.10504e-22)
(0.878416 0.371108 -2.40301e-22)
(0.896671 0.195974 -1.36357e-22)
(0.8959 -0.0498598 2.64052e-23)
(0.859349 -0.257705 -8.26672e-23)
(0.829793 -0.318523 3.32964e-22)
(0.838868 -0.196638 -1.93753e-22)
(0.848843 0.0122559 -1.40929e-23)
(0.814339 0.185221 -1.60981e-23)
(0.924301 -0.130205 -1.22272e-22)
(0.897279 0.161914 8.228e-22)
(0.867267 0.365852 -1.98375e-22)
(0.87774 0.3708 8.22359e-23)
(0.896217 0.196049 -4.04266e-22)
(0.896759 -0.0489528 -2.92626e-23)
(0.861396 -0.256528 2.52768e-22)
(0.830499 -0.318245 -2.83143e-22)
(0.83804 -0.197094 2.30011e-22)
(0.84692 0.0123791 -2.38124e-22)
(0.811744 0.185993 3.30965e-22)
(0.92381 -0.130439 -2.08463e-22)
(0.895738 0.16227 -5.32887e-22)
(0.865923 0.365927 -6.42173e-22)
(0.877028 0.370504 2.82909e-22)
(0.895677 0.196159 1.64069e-22)
(0.897553 -0.0480257 -4.75957e-22)
(0.863453 -0.255317 1.65196e-22)
(0.831236 -0.31793 1.21218e-22)
(0.837165 -0.197547 3.49936e-23)
(0.844941 0.0124883 5.75571e-22)
(0.809164 0.186736 -5.33689e-22)
(0.923262 -0.130738 -1.27284e-22)
(0.894193 0.162551 7.42779e-23)
(0.864614 0.365953 1.0443e-22)
(0.876276 0.370223 -8.19292e-23)
(0.895054 0.196304 1.20114e-22)
(0.89828 -0.0470803 1.45624e-22)
(0.865519 -0.254073 -4.78829e-22)
(0.832005 -0.317578 -3.49442e-22)
(0.836246 -0.197995 8.45656e-23)
(0.842908 0.0125823 -1.58518e-22)
(0.806601 0.187447 1.32336e-22)
(0.922663 -0.131102 4.00759e-22)
(0.892649 0.162756 6.54965e-22)
(0.863341 0.365933 3.18396e-22)
(0.875487 0.369957 -4.94908e-22)
(0.89435 0.196485 2.85073e-22)
(0.898942 -0.0461184 7.88411e-22)
(0.867591 -0.252799 -4.42698e-22)
(0.83281 -0.317188 -3.42449e-22)
(0.835287 -0.198437 3.63121e-22)
(0.840826 0.0126603 2.24828e-22)
(0.804057 0.188127 1.60805e-22)
(0.922016 -0.131531 7.09979e-22)
(0.89111 0.162883 -8.44035e-22)
(0.862105 0.365867 -3.77009e-22)
(0.874657 0.369708 -8.42895e-23)
(0.893567 0.196702 -1.08261e-21)
(0.89954 -0.0451418 1.86862e-22)
(0.869666 -0.251495 -9.1062e-23)
(0.833651 -0.316759 7.21828e-22)
(0.834293 -0.198871 -8.89995e-22)
(0.838698 0.0127213 -5.781e-23)
(0.801535 0.188773 5.74352e-22)
(0.921326 -0.132026 -5.5926e-22)
(0.889581 0.162931 3.09035e-22)
(0.860905 0.365756 6.84939e-22)
(0.873788 0.369479 8.11087e-22)
(0.892707 0.196954 6.5729e-22)
(0.900074 -0.044152 -6.94175e-22)
(0.871742 -0.250164 1.18878e-21)
(0.834533 -0.31629 -1.05717e-22)
(0.833269 -0.199296 2.15174e-22)
(0.836528 0.0127643 -1.81279e-22)
(0.799038 0.189384 -3.1604e-22)
(0.9206 -0.132587 -1.16621e-23)
(0.888065 0.162899 -1.97372e-22)
(0.859742 0.365601 -6.09469e-22)
(0.87288 0.36927 -9.67751e-22)
(0.891774 0.197242 4.32498e-23)
(0.900545 -0.0431506 -4.90373e-22)
(0.873815 -0.248807 3.74746e-23)
(0.835457 -0.315781 5.2458e-22)
(0.83222 -0.199711 3.54549e-22)
(0.834321 0.0127886 -8.35578e-22)
(0.796568 0.18996 2.224e-22)
(0.919841 -0.133214 -9.52192e-22)
(0.886567 0.162785 1.12647e-21)
(0.858615 0.365402 5.80066e-23)
(0.871933 0.369084 4.56645e-22)
(0.890771 0.197564 2.62511e-22)
(0.900957 -0.042139 9.13379e-22)
(0.875884 -0.247427 -7.65073e-22)
(0.836424 -0.315231 -4.51162e-22)
(0.83115 -0.200115 6.91222e-23)
(0.832079 0.0127934 7.61008e-22)
(0.794127 0.1905 -1.38401e-22)
(0.919057 -0.133909 1.05618e-21)
(0.88509 0.162588 -1.5599e-21)
(0.857524 0.36516 4.04434e-22)
(0.870947 0.368921 -3.40936e-22)
(0.889701 0.197923 -5.82337e-22)
(0.90131 -0.0411185 1.89551e-22)
(0.877945 -0.246024 6.28368e-22)
(0.837438 -0.31464 -1.93649e-22)
(0.830065 -0.200505 -3.35406e-22)
(0.829809 0.012778 7.45184e-22)
(0.791718 0.191002 2.35099e-22)
(0.918251 -0.13467 7.41673e-22)
(0.88364 0.162307 4.13815e-22)
(0.856469 0.364878 -1.35763e-22)
(0.869923 0.368782 -5.54697e-22)
(0.888568 0.198316 4.89981e-22)
(0.901608 -0.0400904 -5.4952e-22)
(0.879997 -0.2446 -4.67241e-22)
(0.838499 -0.314009 -5.05689e-22)
(0.82897 -0.200882 6.13168e-23)
(0.827514 0.0127417 -1.24487e-21)
(0.789344 0.191467 -2.04474e-22)
(0.917431 -0.135498 -1.17704e-21)
(0.882219 0.161942 8.19293e-22)
(0.855449 0.364554 3.57377e-22)
(0.868862 0.36867 1.28104e-21)
(0.887377 0.198744 -8.76257e-22)
(0.901853 -0.0390557 -1.03318e-22)
(0.882038 -0.243158 5.45811e-22)
(0.83961 -0.313336 6.30055e-22)
(0.827871 -0.201244 -2.26157e-22)
(0.825199 0.012684 8.65606e-22)
(0.787006 0.191893 2.23952e-23)
(0.916601 -0.136393 2.30699e-22)
(0.880831 0.161492 -1.88219e-21)
(0.854465 0.364191 8.92816e-22)
(0.867766 0.368584 -7.03862e-22)
(0.886131 0.199206 1.3711e-21)
(0.902048 -0.0380154 -3.66544e-23)
(0.884064 -0.241699 -1.04895e-21)
(0.840771 -0.312622 -2.04851e-22)
(0.826773 -0.201589 2.64068e-22)
(0.822869 0.0126043 -1.89932e-22)
(0.784706 0.192281 -2.45943e-23)
(0.915768 -0.137355 4.44443e-22)
(0.87948 0.160956 1.72724e-22)
(0.853516 0.363789 -8.7387e-22)
(0.866636 0.368526 -8.82835e-23)
(0.884834 0.199703 4.07077e-23)
(0.902197 -0.0369704 -1.29359e-22)
(0.886074 -0.240225 8.43083e-22)
(0.841984 -0.311867 4.56853e-22)
(0.825682 -0.201917 -2.8711e-22)
(0.820528 0.0125023 -3.24166e-22)
(0.782448 0.192629 7.34599e-22)
(0.914937 -0.138383 1.36537e-22)
(0.878169 0.160334 1.60447e-22)
(0.852602 0.363349 -3.03639e-22)
(0.865473 0.368496 -2.16951e-22)
(0.883492 0.200235 -1.46177e-21)
(0.902302 -0.0359215 7.98435e-23)
(0.888067 -0.238737 -4.60594e-22)
(0.843249 -0.311072 1.99489e-22)
(0.824603 -0.202226 6.72104e-22)
(0.818181 0.0123775 1.26667e-22)
(0.780232 0.192937 -5.55389e-22)
(0.914113 -0.139478 5.56637e-22)
(0.876902 0.159625 5.10762e-22)
(0.851722 0.362871 1.13245e-21)
(0.86428 0.368495 -8.21544e-23)
(0.882109 0.2008 9.93284e-22)
(0.902368 -0.0348693 1.41865e-23)
(0.890041 -0.237237 8.10066e-23)
(0.844567 -0.310237 4.00911e-23)
(0.823542 -0.202516 -7.15305e-22)
(0.815834 0.0122298 2.78467e-22)
(0.778061 0.193206 1.37486e-22)
(0.913303 -0.140639 -1.20011e-21)
(0.87568 0.158829 -4.06352e-22)
(0.850875 0.362358 -6.0914e-22)
(0.863058 0.368524 -4.81546e-23)
(0.880689 0.201398 1.08431e-22)
(0.902399 -0.0338145 5.96415e-22)
(0.891995 -0.235727 -8.82263e-22)
(0.845939 -0.309363 -3.10927e-22)
(0.822504 -0.202786 9.12728e-23)
(0.813492 0.0120589 -5.43228e-22)
(0.775936 0.193434 -5.82507e-22)
(0.91251 -0.141864 -3.42211e-22)
(0.874508 0.157947 2.43328e-22)
(0.850062 0.36181 -5.46414e-23)
(0.861809 0.368582 -4.3774e-22)
(0.879237 0.20203 5.39075e-22)
(0.902397 -0.0327573 3.49885e-22)
(0.893928 -0.234209 -4.89554e-22)
(0.847362 -0.308451 -1.80267e-22)
(0.821496 -0.203035 2.67326e-23)
(0.811158 0.0118647 3.93258e-23)
(0.773859 0.193623 -2.63697e-22)
(0.911741 -0.143155 1.54992e-21)
(0.873387 0.156978 -1.01326e-21)
(0.849282 0.361226 -1.33381e-22)
(0.860537 0.368669 8.22189e-22)
(0.877759 0.202695 -1.67141e-22)
(0.902367 -0.0316982 -8.00507e-22)
(0.895838 -0.232683 1.35588e-21)
(0.848838 -0.3075 5.53068e-22)
(0.820522 -0.203261 5.21691e-22)
(0.808838 0.0116472 -2.4636e-22)
(0.771832 0.193772 1.27817e-22)
(0.911 -0.14451 4.19542e-22)
(0.872319 0.155922 3.20344e-22)
(0.848535 0.360609 -1.28478e-22)
(0.859242 0.368787 -1.40215e-22)
(0.876257 0.203392 -1.49882e-21)
(0.902312 -0.0306374 1.34282e-21)
(0.897727 -0.231151 -2.27952e-22)
(0.850365 -0.306514 -4.3655e-22)
(0.819588 -0.203465 -2.54038e-22)
(0.806537 0.0114064 3.38998e-23)
(0.769855 0.19388 7.89513e-22)
(0.871307 0.15478 6.51434e-22)
(0.84782 0.359959 -3.82944e-22)
(0.857928 0.368935 6.49537e-22)
(0.874739 0.204121 1.28373e-21)
(0.902237 -0.0295751 -4.49824e-22)
(0.899593 -0.229615 -7.03588e-22)
(0.851942 -0.305491 -2.89843e-22)
(0.818701 -0.203646 -5.00528e-22)
(0.804259 0.0111426 2.45539e-22)
(0.76793 0.193949 -7.28109e-22)
(0.870352 0.153552 -4.8126e-22)
(0.847136 0.359275 1.14314e-21)
(0.856597 0.369112 -9.01443e-22)
(0.873207 0.204882 -8.24719e-22)
(0.902145 -0.0285113 7.43078e-22)
(0.901437 -0.228076 8.32966e-22)
(0.853566 -0.304434 -1.42766e-22)
(0.817864 -0.203803 2.88676e-22)
(0.802009 0.0108559 2.69815e-22)
(0.766058 0.193979 1.62637e-22)
(0.869455 0.152238 -9.87246e-22)
(0.846484 0.35856 2.99062e-23)
(0.855252 0.369319 1.25294e-21)
(0.871668 0.205674 8.50799e-22)
(0.90204 -0.027446 -2.7613e-22)
(0.90326 -0.226534 -1.159e-21)
(0.855235 -0.303344 7.02255e-22)
(0.817085 -0.203937 -3.2999e-23)
(0.799791 0.0105466 4.2306e-22)
(0.764241 0.193969 -4.85953e-22)
(0.868618 0.150839 1.67644e-22)
(0.845863 0.357812 6.13045e-22)
(0.853896 0.369554 -1.79917e-21)
(0.870126 0.206496 -3.99775e-22)
(0.901926 -0.0263792 -1.54169e-22)
(0.905061 -0.224992 6.43464e-23)
(0.856948 -0.302222 -6.07395e-22)
(0.816367 -0.204045 -1.76223e-22)
(0.797611 0.0102152 1.80466e-22)
(0.762477 0.193921 7.80698e-22)
(0.867841 0.149356 -4.87388e-22)
(0.845271 0.357034 -2.78548e-22)
(0.852531 0.369818 6.99541e-22)
(0.868585 0.207349 5.42822e-22)
(0.901806 -0.0253107 -4.41225e-22)
(0.906842 -0.22345 1.07846e-21)
(0.858701 -0.301069 3.08771e-22)
(0.815718 -0.204129 4.12856e-22)
(0.795471 0.00986215 -6.62774e-22)
(0.760769 0.193835 -1.82771e-22)
(0.867125 0.14779 2.71054e-22)
(0.84471 0.356224 -1.41796e-21)
(0.85116 0.370109 3.59311e-22)
(0.867051 0.208232 -1.13099e-21)
(0.901684 -0.0242403 -5.5444e-22)
(0.908603 -0.221908 -9.54483e-22)
(0.860492 -0.299887 -2.56425e-23)
(0.815141 -0.204189 -2.95418e-22)
(0.793377 0.00948799 3.05732e-22)
(0.759117 0.193711 2.17488e-23)
(0.86647 0.14614 7.16189e-22)
(0.844177 0.355383 3.77295e-22)
(0.849785 0.370428 -9.42112e-22)
(0.865529 0.209144 2.66489e-22)
(0.901564 -0.0231676 8.30491e-22)
(0.910347 -0.220368 7.79889e-22)
(0.862318 -0.298677 2.9894e-22)
(0.814642 -0.204223 4.3024e-22)
(0.791332 0.00909341 1.87692e-22)
(0.757521 0.19355 -4.93659e-22)
(0.865876 0.144409 -1.17411e-22)
(0.843673 0.354512 2.8733e-22)
(0.84841 0.370772 3.89043e-22)
(0.864023 0.210085 3.70201e-22)
(0.901449 -0.0220923 -1.56842e-21)
(0.912072 -0.218831 -2.20732e-22)
(0.864175 -0.297442 6.89987e-23)
(0.814225 -0.204233 -2.88647e-22)
(0.789339 0.00867905 -6.42032e-22)
(0.755981 0.193352 6.32541e-22)
(0.865342 0.142597 2.3701e-22)
(0.843197 0.35361 4.77862e-22)
(0.847036 0.371141 6.06341e-23)
(0.862541 0.211054 4.06771e-22)
(0.901343 -0.0210135 9.57532e-22)
(0.913782 -0.217296 3.83702e-22)
(0.866062 -0.296181 -5.77764e-23)
(0.813896 -0.204219 -6.72771e-23)
(0.787402 0.00824555 -5.93796e-23)
(0.754497 0.193119 -4.47269e-22)
(0.864866 0.140705 -6.55169e-22)
(0.842748 0.352677 1.17425e-23)
(0.845667 0.371534 3.21831e-22)
(0.861087 0.212051 2.29173e-22)
(0.901249 -0.0199315 -8.62405e-22)
(0.915476 -0.215766 2.43229e-22)
(0.867974 -0.294898 -5.63625e-23)
(0.813656 -0.204179 1.41148e-22)
(0.785525 0.00779416 -1.19223e-22)
(0.75307 0.19285 1.77271e-22)
(0.864446 0.13874 1.33375e-23)
(0.842324 0.351714 -1.88442e-23)
(0.844305 0.371949 -4.78714e-22)
(0.85967 0.213072 4.01041e-22)
(0.901172 -0.0188494 1.87126e-23)
(0.917155 -0.214241 -9.05536e-22)
(0.869911 -0.293593 1.01717e-22)
(0.813511 -0.204112 -9.95156e-23)
(0.783711 0.00732799 1.32069e-22)
(0.7517 0.192547 7.94327e-23)
(0.86408 0.136706 7.01819e-22)
(0.841923 0.350724 -2.08108e-23)
(0.842951 0.372384 -7.56248e-24)
(0.858297 0.214115 1.58125e-22)
(0.901116 -0.0177673 2.90891e-22)
(0.918821 -0.212722 8.49231e-22)
(0.87187 -0.292269 -2.49338e-22)
(0.813461 -0.204022 -1.41684e-22)
(0.781962 0.00684811 6.39724e-23)
(0.750387 0.192212 2.57191e-22)
(0.863762 0.134561 -8.57263e-23)
(0.841541 0.349694 2.24933e-22)
(0.841608 0.372842 9.5129e-23)
(0.856978 0.215202 -1.93245e-22)
(0.901084 -0.0166508 -4.68653e-22)
(0.920474 -0.211189 2.9234e-23)
(0.873848 -0.290933 1.57061e-22)
(0.813509 -0.203932 -8.41039e-23)
(0.780284 0.00633511 9.58395e-23)
(0.749131 0.191837 -1.74409e-23)
(0.863489 0.132206 1.0719e-22)
(0.841171 0.348573 -2.15368e-22)
(0.840276 0.373346 1.52733e-22)
(0.855727 0.216405 -3.94795e-22)
(0.901083 -0.0154378 -5.7133e-24)
(0.922114 -0.209626 2.02726e-22)
(0.875843 -0.289589 7.02776e-23)
(0.813655 -0.203856 4.27145e-23)
(0.778681 0.00575391 -2.40594e-22)
(0.747934 0.191402 1.89129e-24)
(0.863259 0.129935 -9.92596e-23)
(0.840806 0.347444 3.95588e-23)
(0.838959 0.373853 3.78528e-22)
(0.854563 0.217553 -1.23237e-22)
(0.901117 -0.014333 -3.02113e-22)
(0.92374 -0.208142 5.85638e-24)
(0.877853 -0.288192 1.5239e-22)
(0.813896 -0.203647 3.76264e-24)
(0.777158 0.00523492 -9.33973e-23)
(0.746798 0.190969 6.15341e-23)
(0.863016 0.129033 0)
(0.840348 0.347032 0)
(0.837412 0.373992 0)
(0.853292 0.217629 0)
(0.901209 -0.0141691 0)
(0.925738 -0.206818 0)
(0.88037 -0.286335 0)
(0.814314 -0.202792 0)
(0.775382 0.00535935 0)
(0.745474 0.190824 0)
(0.755463 0.228974 0)
(0.862839 0.130841 0)
(0.839794 0.347681 0)
(0.835532 0.373705 0)
(0.851836 0.21615 0)
(0.901411 -0.0159534 0)
(0.928149 -0.206613 0)
(0.883259 -0.284122 0)
(0.81481 -0.200556 0)
(0.773384 0.00686074 0)
(0.743996 0.191227 0)
(0.755531 0.227812 0)
(0.862767 0.132808 0)
(0.839212 0.348498 0)
(0.833623 0.373364 0)
(0.850468 0.214479 0)
(0.901735 -0.0177962 0)
(0.930616 -0.20638 0)
(0.886175 -0.281829 0)
(0.815376 -0.198245 0)
(0.771508 0.00838697 0)
(0.742618 0.191638 0)
(0.75574 0.226551 0)
(0.862793 0.134523 0)
(0.838605 0.349243 0)
(0.831708 0.373089 0)
(0.849217 0.212903 0)
(0.902198 -0.0195781 0)
(0.933148 -0.206086 0)
(0.889171 -0.279442 0)
(0.816052 -0.19588 0)
(0.76976 0.00986276 0)
(0.741352 0.191947 0)
(0.756109 0.225214 0)
(0.862906 0.13622 0)
(0.83797 0.349997 0)
(0.829806 0.372855 0)
(0.848118 0.211298 0)
(0.902819 -0.0214575 0)
(0.935756 -0.205832 0)
(0.892273 -0.276961 0)
(0.816867 -0.193369 0)
(0.768152 0.0113923 0)
(0.740212 0.1922 0)
(0.756662 0.223785 0)
(0.863097 0.138012 0)
(0.837304 0.350824 0)
(0.827933 0.372626 0)
(0.847211 0.209584 0)
(0.903621 -0.0234794 0)
(0.93845 -0.205634 0)
(0.895498 -0.274384 0)
(0.817842 -0.190693 0)
(0.766694 0.0130094 0)
(0.739207 0.19242 0)
(0.757423 0.222249 0)
(0.863352 0.139901 0)
(0.836599 0.351733 0)
(0.826106 0.372389 0)
(0.846541 0.207752 0)
(0.90463 -0.0256369 0)
(0.941238 -0.205488 0)
(0.898856 -0.271711 0)
(0.818994 -0.187851 0)
(0.765397 0.0147127 0)
(0.738353 0.192602 0)
(0.758419 0.220597 0)
(0.863657 0.141876 0)
(0.835851 0.352717 0)
(0.824343 0.372141 0)
(0.846159 0.205805 0)
(0.905871 -0.0279246 0)
(0.944126 -0.205392 0)
(0.902354 -0.268938 0)
(0.820338 -0.184839 0)
(0.764274 0.0165008 0)
(0.737664 0.19274 0)
(0.759681 0.21882 0)
(0.863998 0.143939 0)
(0.835055 0.353776 0)
(0.822667 0.371873 0)
(0.846116 0.203736 0)
(0.907375 -0.0303424 0)
(0.947121 -0.205346 0)
(0.905994 -0.266067 0)
(0.821887 -0.181652 0)
(0.763336 0.0183769 0)
(0.737155 0.192828 0)
(0.761246 0.216907 0)
(0.864354 0.146096 0)
(0.834208 0.354911 0)
(0.821104 0.371575 0)
(0.846466 0.201535 0)
(0.909174 -0.0328893 0)
(0.950229 -0.205349 0)
(0.909782 -0.263095 0)
(0.823653 -0.178284 0)
(0.762597 0.0203451 0)
(0.736844 0.192862 0)
(0.763154 0.214847 0)
(0.864705 0.148354 0)
(0.833305 0.356124 0)
(0.819687 0.371233 0)
(0.847267 0.199193 0)
(0.9113 -0.0355625 0)
(0.953458 -0.2054 0)
(0.913718 -0.260023 0)
(0.825649 -0.174729 0)
(0.762072 0.0224092 0)
(0.736752 0.192835 0)
(0.76545 0.212626 0)
(0.865031 0.150718 0)
(0.832343 0.357411 0)
(0.818454 0.370829 0)
(0.848575 0.196697 0)
(0.913788 -0.0383573 0)
(0.956813 -0.205497 0)
(0.917805 -0.25685 0)
(0.827886 -0.170983 0)
(0.761777 0.0245728 0)
(0.736901 0.19274 0)
(0.768186 0.210231 0)
(0.865307 0.153193 0)
(0.831316 0.358769 0)
(0.81745 0.370344 0)
(0.850449 0.194039 0)
(0.916674 -0.0412668 0)
(0.960303 -0.205635 0)
(0.922042 -0.253576 0)
(0.830377 -0.16704 0)
(0.761728 0.0268391 0)
(0.737318 0.192569 0)
(0.771414 0.207645 0)
(0.86551 0.155783 0)
(0.83022 0.36019 0)
(0.816725 0.369756 0)
(0.852946 0.191207 0)
(0.919993 -0.0442826 0)
(0.963933 -0.20581 0)
(0.926428 -0.2502 0)
(0.833133 -0.162896 0)
(0.761944 0.0292112 0)
(0.738034 0.19231 0)
(0.775193 0.204853 0)
(0.865612 0.158493 0)
(0.829051 0.361666 0)
(0.816336 0.369038 0)
(0.856123 0.188191 0)
(0.923781 -0.0473936 0)
(0.967711 -0.206014 0)
(0.930961 -0.246725 0)
(0.836165 -0.158547 0)
(0.762445 0.0316917 0)
(0.739087 0.191954 0)
(0.77958 0.201837 0)
(0.865586 0.161327 0)
(0.827805 0.363183 0)
(0.816343 0.368161 0)
(0.860033 0.18498 0)
(0.928073 -0.050587 0)
(0.971645 -0.206239 0)
(0.935638 -0.243149 0)
(0.839484 -0.15399 0)
(0.763255 0.0342822 0)
(0.74052 0.191486 0)
(0.784634 0.198581 0)
(0.865403 0.164288 0)
(0.826484 0.364724 0)
(0.816809 0.367092 0)
(0.864723 0.181563 0)
(0.932901 -0.0538471 0)
(0.975742 -0.206476 0)
(0.940451 -0.239474 0)
(0.8431 -0.149222 0)
(0.764399 0.0369835 0)
(0.742386 0.190892 0)
(0.790413 0.195067 0)
(0.865032 0.167379 0)
(0.82509 0.366269 0)
(0.817796 0.365794 0)
(0.870234 0.177932 0)
(0.938297 -0.0571563 0)
(0.980008 -0.206712 0)
(0.945394 -0.235701 0)
(0.847024 -0.144242 0)
(0.765908 0.0397949 0)
(0.744747 0.190155 0)
(0.796972 0.191279 0)
(0.864439 0.170602 0)
(0.823635 0.367791 0)
(0.819368 0.364227 0)
(0.876596 0.174077 0)
(0.944287 -0.0604947 0)
(0.984451 -0.206934 0)
(0.950455 -0.231832 0)
(0.851263 -0.13905 0)
(0.767817 0.0427141 0)
(0.747672 0.189257 0)
(0.804362 0.187201 0)
(0.86359 0.173956 0)
(0.822135 0.369259 0)
(0.821583 0.362349 0)
(0.883826 0.169991 0)
(0.950891 -0.0638405 0)
(0.989079 -0.207125 0)
(0.955623 -0.227867 0)
(0.855825 -0.133649 0)
(0.770168 0.0457363 0)
(0.75124 0.188178 0)
(0.81263 0.18282 0)
(0.862454 0.17744 0)
(0.820617 0.370639 0)
(0.824495 0.360115 0)
(0.891928 0.165667 0)
(0.958125 -0.0671702 0)
(0.993899 -0.207268 0)
(0.960881 -0.223809 0)
(0.860717 -0.128041 0)
(0.773009 0.0488542 0)
(0.755538 0.186899 0)
(0.821815 0.178124 0)
(0.861 0.181051 0)
(0.819115 0.371888 0)
(0.828148 0.357478 0)
(0.90089 0.161098 0)
(0.965998 -0.0704591 0)
(0.998918 -0.207342 0)
(0.966213 -0.21966 0)
(0.865941 -0.122234 0)
(0.776394 0.052057 0)
(0.76066 0.185398 0)
(0.831951 0.173106 0)
(0.859202 0.18478 0)
(0.817674 0.372959 0)
(0.832576 0.35439 0)
(0.910682 0.156282 0)
(0.974509 -0.0736818 0)
(1.00415 -0.207324 0)
(0.971598 -0.215421 0)
(0.871502 -0.116238 0)
(0.780389 0.0553305 0)
(0.766706 0.183652 0)
(0.843062 0.167761 0)
(0.857042 0.188619 0)
(0.81635 0.373802 0)
(0.837797 0.350807 0)
(0.921255 0.151214 0)
(0.983648 -0.0768128 0)
(1.00959 -0.207191 0)
(0.977013 -0.211094 0)
(0.877397 -0.110066 0)
(0.785061 0.0586558 0)
(0.773777 0.181641 0)
(0.855168 0.16209 0)
(0.854515 0.192552 0)
(0.815206 0.37436 0)
(0.843812 0.346681 0)
(0.932543 0.145892 0)
(0.993396 -0.0798275 0)
(1.01525 -0.206915 0)
(0.982435 -0.206682 0)
(0.883625 -0.103737 0)
(0.790487 0.0620096 0)
(0.781976 0.179343 0)
(0.868278 0.156098 0)
(0.851629 0.196561 0)
(0.814312 0.374574 0)
(0.850602 0.341973 0)
(0.944463 0.140314 0)
(1.00372 -0.0827026 0)
(1.02115 -0.206469 0)
(0.987835 -0.202186 0)
(0.890177 -0.0972741 0)
(0.796748 0.065363 0)
(0.791404 0.176739 0)
(0.882395 0.149799 0)
(0.848411 0.200621 0)
(0.813747 0.374384 0)
(0.858128 0.336645 0)
(0.956919 0.13448 0)
(1.01459 -0.0854172 0)
(1.02729 -0.205823 0)
(0.993189 -0.197607 0)
(0.897042 -0.0907058 0)
(0.803924 0.0686817 0)
(0.802158 0.173811 0)
(0.897513 0.143209 0)
(0.844905 0.204705 0)
(0.813589 0.373726 0)
(0.866334 0.330665 0)
(0.969807 0.128387 0)
(1.02595 -0.0879533 0)
(1.03367 -0.204946 0)
(0.998469 -0.192945 0)
(0.904204 -0.084067 0)
(0.812097 0.0719249 0)
(0.814324 0.170544 0)
(0.913617 0.136354 0)
(0.841182 0.208777 0)
(0.813918 0.372541 0)
(0.875147 0.324008 0)
(0.983021 0.122034 0)
(1.03774 -0.0902964 0)
(1.04031 -0.203806 0)
(1.00365 -0.188201 0)
(0.911642 -0.0773989 0)
(0.821339 0.0750457 0)
(0.827977 0.166924 0)
(0.930678 0.129267 0)
(0.83733 0.212799 0)
(0.814804 0.370772 0)
(0.884489 0.316657 0)
(0.996462 0.115419 0)
(1.04989 -0.0924356 0)
(1.0472 -0.202373 0)
(1.00871 -0.183372 0)
(0.919326 -0.070749 0)
(0.831717 0.0779907 0)
(0.843174 0.162942 0)
(0.948649 0.121988 0)
(0.833456 0.216727 0)
(0.816309 0.368366 0)
(0.894282 0.308601 0)
(1.01004 0.108539 0)
(1.06235 -0.0943638 0)
(1.05436 -0.200613 0)
(1.01363 -0.178456 0)
(0.927223 -0.0641709 0)
(0.843279 0.0806999 0)
(0.859944 0.158592 0)
(0.967458 0.114566 0)
(0.829684 0.220513 0)
(0.818481 0.365276 0)
(0.904469 0.299835 0)
(1.02371 0.10139 0)
(1.07502 -0.0960766 0)
(1.06177 -0.198497 0)
(1.01841 -0.173449 0)
(0.935292 -0.057724 0)
(0.85605 0.0831076 0)
(0.878278 0.153876 0)
(0.987003 0.107057 0)
(0.82614 0.224105 0)
(0.821355 0.361461 0)
(0.915026 0.290359 0)
(1.03742 0.0939719 0)
(1.08785 -0.0975716 0)
(1.06943 -0.195993 0)
(1.02304 -0.168344 0)
(0.943491 -0.0514718 0)
(0.870029 0.0851432 0)
(0.89812 0.148796 0)
(1.00714 0.0995265 0)
(0.822946 0.227451 0)
(0.824962 0.356883 0)
(0.92598 0.280177 0)
(1.05119 0.0862862 0)
(1.10075 -0.0988463 0)
(1.07732 -0.193075 0)
(1.02753 -0.163135 0)
(0.951774 -0.0454818 0)
(0.885175 0.0867332 0)
(0.919346 0.143367 0)
(1.02767 0.0920446 0)
(0.820209 0.230493 0)
(0.829337 0.351509 0)
(0.937424 0.269294 0)
(1.06506 0.0783412 0)
(1.11365 -0.0998961 0)
(1.0854 -0.189716 0)
(1.0319 -0.15781 0)
(0.960094 -0.0398227 0)
(0.9014 0.0878042 0)
(0.941753 0.137607 0)
(1.04834 0.0846875 0)
(0.818015 0.233171 0)
(0.834548 0.3453 0)
(0.949522 0.257717 0)
(1.0791 0.0701547 0)
(1.12647 -0.100712 0)
(1.09364 -0.185895 0)
(1.03618 -0.152362 0)
(0.968411 -0.0345603 0)
(0.918561 0.0882866 0)
(0.965046 0.131546 0)
(1.06884 0.0775335 0)
(0.816428 0.235418 0)
(0.840713 0.338213 0)
(0.962507 0.245452 0)
(1.0934 0.0617625 0)
(1.13914 -0.101278 0)
(1.10196 -0.181594 0)
(1.04043 -0.14678 0)
(0.976688 -0.0297554 0)
(0.93645 0.08812 0)
(0.98883 0.125222 0)
(1.08882 0.07066 0)
(0.815506 0.237159 0)
(0.848034 0.33019 0)
(0.976663 0.232513 0)
(1.10806 0.053218 0)
(1.15157 -0.101569 0)
(1.11031 -0.176801 0)
(1.04468 -0.141056 0)
(0.984901 -0.0254607 0)
(0.954792 0.0872582 0)
(1.01262 0.118683 0)
(1.10787 0.0641392 0)
(0.815327 0.238299 0)
(0.856809 0.32116 0)
(0.992287 0.218921 0)
(1.12316 0.0445955 0)
(1.1637 -0.101551 0)
(1.11859 -0.17151 0)
(1.049 -0.135183 0)
(0.993033 -0.0217136 0)
(0.973249 0.085676 0)
(1.03586 0.111984 0)
(1.12559 0.0580328 0)
(0.816033 0.238723 0)
(0.867434 0.311036 0)
(1.00965 0.204717 0)
(1.13872 0.035997 0)
(1.17541 -0.101179 0)
(1.12669 -0.165722 0)
(1.05344 -0.12916 0)
(1.00107 -0.0185327 0)
(0.99143 0.0833736 0)
(1.05795 0.105188 0)
(1.14158 0.0523882 0)
(0.817877 0.238287 0)
(0.880376 0.299723 0)
(1.02893 0.189968 0)
(1.1547 0.027549 0)
(1.1866 -0.1004 0)
(1.13451 -0.159448 0)
(1.05805 -0.12299 0)
(1.00902 -0.0159172 0)
(1.00892 0.0803808 0)
(1.07831 0.0983606 0)
(1.1555 0.0472339 0)
(0.821266 0.236821 0)
(0.896117 0.287134 0)
(1.05017 0.174781 0)
(1.17097 0.0193954 0)
(1.19717 -0.099156 0)
(1.14193 -0.152707 0)
(1.06285 -0.116681 0)
(1.01686 -0.0138422 0)
(1.02531 0.0767574 0)
(1.09645 0.0915656 0)
(1.1671 0.0425781 0)
(0.826778 0.234127 0)
(0.915084 0.273208 0)
(1.07325 0.159302 0)
(1.18732 0.011708 0)
(1.20697 -0.0973878 0)
(1.14884 -0.145526 0)
(1.06785 -0.110248 0)
(1.02458 -0.0122579 0)
(1.04025 0.0725913 0)
(1.11196 0.0848636 0)
(1.17624 0.0384076 0)
(0.835147 0.229997 0)
(0.937551 0.257932 0)
(1.09784 0.143726 0)
(1.20345 0.00465589 0)
(1.21587 -0.0950418 0)
(1.15514 -0.137944 0)
(1.073 -0.103713 0)
(1.03215 -0.0110974 0)
(1.05347 0.0679924 0)
(1.12464 0.0783073 0)
(1.18292 0.0346901 0)
(0.847188 0.224234 0)
(0.963562 0.241373 0)
(1.12344 0.128292 0)
(1.21898 -0.00159887 0)
(1.22374 -0.092076 0)
(1.16076 -0.130006 0)
(1.07827 -0.0970996 0)
(1.03953 -0.0102788 0)
(1.06483 0.0630842 0)
(1.13447 0.0719389 0)
(1.18726 0.0313785 0)
(0.863665 0.216676 0)
(0.992844 0.223694 0)
(1.14933 0.113272 0)
(1.23348 -0.00690483 0)
(1.23043 -0.0884652 0)
(1.16562 -0.121766 0)
(1.08357 -0.090438 0)
(1.04667 -0.00971053 0)
(1.07431 0.0579938 0)
(1.1416 0.0657897 0)
(1.18951 0.0284161 0)
(0.885083 0.207232 0)
(1.02474 0.205166 0)
(1.17468 0.0989606 0)
(1.2465 -0.0111477 0)
(1.23584 -0.084208 0)
(1.16969 -0.113284 0)
(1.08879 -0.0837586 0)
(1.05351 -0.00930516 0)
(1.08203 0.0528418 0)
(1.14633 0.0598798 0)
(1.19 0.0257434 0)
(0.911421 0.195909 0)
(1.05814 0.186163 0)
(1.19848 0.085643 0)
(1.25758 -0.0142493 0)
(1.23988 -0.079331 0)
(1.17298 -0.104626 0)
(1.09385 -0.0770923 0)
(1.06 -0.0089831 0)
(1.08819 0.0477333 0)
(1.14908 0.0542196 0)
(1.1891 0.0233029 0)
(0.941847 0.182834 0)
(1.09147 0.16713 0)
(1.21971 0.0735641 0)
(1.26635 -0.0161926 0)
(1.24252 -0.0738911 0)
(1.17549 -0.095859 0)
(1.09865 -0.070468 0)
(1.06608 -0.00867919 0)
(1.09304 0.0427529 0)
(1.15028 0.0488115 0)
(1.18719 0.0210437 0)
(0.974564 0.168258 0)
(1.12279 0.148518 0)
(1.23738 0.0628876 0)
(1.27256 -0.0170296 0)
(1.24382 -0.0679744 0)
(1.1773 -0.0870507 0)
(1.1031 -0.0639118 0)
(1.07172 -0.0083439 0)
(1.09685 0.0379622 0)
(1.15038 0.0436514 0)
(1.18461 0.0189234 0)
(1.00697 0.152529 0)
(1.15005 0.130713 0)
(1.25075 0.0536571 0)
(1.27614 -0.0168839 0)
(1.24387 -0.0616907 0)
(1.17848 -0.0782645 0)
(1.10717 -0.0574446 0)
(1.07689 -0.00794212 0)
(1.09987 0.0333997 0)
(1.14976 0.0387302 0)
(1.18167 0.0169089 0)
(1.03624 0.136056 0)
(1.17163 0.113959 0)
(1.2595 0.0457767 0)
(1.27726 -0.0159412 0)
(1.24289 -0.0551622 0)
(1.17915 -0.0695557 0)
(1.11082 -0.0510806 0)
(1.08158 -0.00745646 0)
(1.10229 0.0290838 0)
(1.14871 0.0340349 0)
(1.1786 0.0149754 0)
(1.06014 0.119248 0)
(1.18669 0.0983246 0)
(1.26385 0.0390293 0)
(1.27629 -0.0144227 0)
(1.24113 -0.0485088 0)
(1.17942 -0.0609661 0)
(1.11405 -0.0448267 0)
(1.08577 -0.00687855 0)
(1.10426 0.0250162 0)
(1.14746 0.0295488 0)
(1.1756 0.0131055 0)
(1.07766 0.102451 0)
(1.19552 0.0837191 0)
(1.26453 0.0331258 0)
(1.27382 -0.0125511 0)
(1.23888 -0.0418334 0)
(1.1794 -0.052521 0)
(1.11685 -0.0386813 0)
(1.08945 -0.00620536 0)
(1.10589 0.0211859 0)
(1.14618 0.025252 0)
(1.17277 0.0112859 0)
(1.08916 0.0859051 0)
(1.19928 0.0699481 0)
(1.26263 0.0277678 0)
(1.27045 -0.0105177 0)
(1.23643 -0.0352097 0)
(1.17921 -0.044227 0)
(1.11923 -0.0326344 0)
(1.09264 -0.00544156 0)
(1.10724 0.0175716 0)
(1.14497 0.0211214 0)
(1.17022 0.00950618 0)
(1.09591 0.0697291 0)
(1.19964 0.0567814 0)
(1.25933 0.0226982 0)
(1.26681 -0.00846151 0)
(1.23403 -0.028677 0)
(1.17893 -0.0360716 0)
(1.12122 -0.0266679 0)
(1.09532 -0.00459404 0)
(1.10835 0.014145 0)
(1.1439 0.0171304 0)
(1.16801 0.00775703 0)
(1.09948 0.053929 0)
(1.1982 0.0440022 0)
(1.25563 0.0177321 0)
(1.26337 -0.00646193 0)
(1.23188 -0.0222413 0)
(1.17863 -0.0280252 0)
(1.12282 -0.0207563 0)
(1.0975 -0.00367093 0)
(1.10923 0.0108713 0)
(1.143 0.0132484 0)
(1.16617 0.00602876 0)
(1.1012 0.0384268 0)
(1.19621 0.0314273 0)
(1.25228 0.0127565 0)
(1.26049 -0.00454636 0)
(1.23014 -0.0158798 0)
(1.17836 -0.0200429 0)
(1.12403 -0.014867 0)
(1.09916 -0.00268128 0)
(1.10991 0.00771113 0)
(1.14229 0.00944046 0)
(1.16475 0.00431053 0)
(1.10195 0.0230867 0)
(1.1945 0.0189085 0)
(1.24979 0.00771077 0)
(1.25842 -0.00270601 0)
(1.2289 -0.00954956 0)
(1.17816 -0.0120682 0)
(1.12486 -0.00896229 0)
(1.10029 -0.00163546 0)
(1.11036 0.00461985 0)
(1.1418 0.00566901 0)
(1.16377 0.00259123 0)
(1.10222 0.00771831 0)
(1.19351 0.00632307 0)
(1.24846 0.00258232 0)
(1.25733 -0.000901089 0)
(1.22825 -0.00319292 0)
(1.17805 -0.00403736 0)
(1.12528 -0.00300047 0)
(1.10087 -0.000549987 0)
(1.11059 0.00154266 0)
(1.14155 0.00189371 0)
(1.16326 0.000864835 0)
)
;

boundaryField
{
    inlet
    {
        type            uniformFixedValue;
        uniformValue    constant (1 0 0);
        value           nonuniform 0();
    }
    outlet
    {
        type            pressureInletOutletVelocity;
        value           nonuniform 0();
    }
    cylinder
    {
        type            fixedValue;
        value           nonuniform 0();
    }
    top
    {
        type            symmetryPlane;
    }
    bottom
    {
        type            symmetryPlane;
    }
    defaultFaces
    {
        type            empty;
    }
    procBoundary30to14
    {
        type            processor;
        value           nonuniform List<vector> 
11
(
(0.925775 -0.129975 -7.54715e-24)
(0.904792 0.159079 -4.71497e-23)
(0.874521 0.364745 8.22702e-23)
(0.880776 0.37242 6.54464e-23)
(0.897623 0.196029 -6.47027e-23)
(0.891817 -0.0532472 -2.62519e-23)
(0.85132 -0.262043 -4.06033e-23)
(0.827215 -0.319297 -1.27974e-23)
(0.841628 -0.194803 -1.74053e-23)
(0.855913 0.0116441 4.05759e-23)
(0.824808 0.181862 5.2613e-23)
)
;
    }
    procBoundary30to29
    {
        type            processor;
        value           nonuniform List<vector> 
99
(
(0.92042 -0.3699 -1.70292e-24)
(0.921137 -0.370442 2.0083e-22)
(0.921812 -0.371009 -1.20521e-22)
(0.922447 -0.371597 -2.70367e-22)
(0.923047 -0.372206 2.41167e-23)
(0.923615 -0.372834 -2.89458e-23)
(0.924156 -0.373478 -3.18168e-22)
(0.924674 -0.374137 9.36334e-22)
(0.925173 -0.374809 -5.8551e-22)
(0.925659 -0.375493 4.80088e-22)
(0.926134 -0.376187 -6.51669e-22)
(0.926604 -0.37689 -2.04473e-22)
(0.927073 -0.377599 9.14977e-22)
(0.927546 -0.378314 -3.98151e-22)
(0.928026 -0.379034 -3.20979e-22)
(0.928519 -0.379757 8.54311e-23)
(0.929029 -0.380483 -5.49068e-22)
(0.929559 -0.38121 2.8781e-22)
(0.930116 -0.381938 -2.62169e-23)
(0.930702 -0.382667 -4.83893e-22)
(0.931323 -0.383395 5.84404e-22)
(0.931982 -0.384122 -1.62122e-22)
(0.932684 -0.384848 -2.69112e-22)
(0.910292 -0.145928 9.92289e-22)
(0.910292 -0.145928 9.92289e-22)
(0.909622 -0.147409 6.2247e-23)
(0.908993 -0.148951 -7.27918e-23)
(0.90841 -0.150554 -2.16553e-22)
(0.907877 -0.152216 -1.35541e-22)
(0.907397 -0.153936 4.75408e-22)
(0.906974 -0.155714 5.33072e-23)
(0.906614 -0.157548 -6.88899e-23)
(0.906321 -0.159439 1.18761e-22)
(0.906102 -0.161382 -7.52062e-22)
(0.905961 -0.163368 2.26309e-22)
(0.905906 -0.165402 -1.32039e-22)
(0.905944 -0.167551 3.60747e-22)
(0.906083 -0.169886 3.69475e-22)
(0.906325 -0.171982 4.15032e-23)
(0.906751 -0.17286 0)
(0.907247 -0.17027 0)
(0.907784 -0.167824 0)
(0.908373 -0.165608 0)
(0.909017 -0.163332 0)
(0.909718 -0.160943 0)
(0.910473 -0.158458 0)
(0.911273 -0.155881 0)
(0.912108 -0.15321 0)
(0.912964 -0.150441 0)
(0.913826 -0.147572 0)
(0.914679 -0.144599 0)
(0.915502 -0.141518 0)
(0.916278 -0.138323 0)
(0.916983 -0.13501 0)
(0.917598 -0.13157 0)
(0.918097 -0.127997 0)
(0.918458 -0.124283 0)
(0.918654 -0.120415 0)
(0.918661 -0.116385 0)
(0.918452 -0.112177 0)
(0.918 -0.107779 0)
(0.917282 -0.103175 0)
(0.916274 -0.0983481 0)
(0.914957 -0.0932806 0)
(0.913318 -0.0879551 0)
(0.911348 -0.0823547 0)
(0.909049 -0.076464 0)
(0.906433 -0.0702705 0)
(0.903521 -0.0637658 0)
(0.900344 -0.056947 0)
(0.896943 -0.0498177 0)
(0.893364 -0.0423892 0)
(0.889654 -0.0346808 0)
(0.885862 -0.0267195 0)
(0.882027 -0.0185391 0)
(0.878187 -0.0101789 0)
(0.874373 -0.00168169 0)
(0.870626 0.00690538 0)
(0.867011 0.0155297 0)
(0.86365 0.0241303 0)
(0.860755 0.0326288 0)
(0.858657 0.0409185 0)
(0.857839 0.0488537 0)
(0.85892 0.0562379 0)
(0.862608 0.0628152 0)
(0.869579 0.068275 0)
(0.880296 0.0722713 0)
(0.894775 0.0744658 0)
(0.912402 0.0745952 0)
(0.931915 0.0725434 0)
(0.951642 0.0684049 0)
(0.969938 0.0624904 0)
(0.985632 0.0552587 0)
(0.998243 0.0472045 0)
(1.00789 0.0387429 0)
(1.01498 0.0301496 0)
(1.01999 0.0215581 0)
(1.02322 0.0129849 0)
(1.02483 0.00434933 0)
)
;
    }
    procBoundary30to31
    {
        type            processor;
        value           nonuniform List<vector> 
99
(
(0.785306 0.234153 -1.06562e-22)
(0.783923 0.234612 1.12789e-22)
(0.782581 0.23503 -8.69517e-24)
(0.781279 0.235406 -4.65682e-23)
(0.780018 0.235741 5.96248e-23)
(0.778795 0.236036 8.08924e-24)
(0.777609 0.236291 -4.97516e-22)
(0.77646 0.236507 7.38748e-22)
(0.775345 0.236685 7.06454e-23)
(0.774265 0.236826 -6.61563e-22)
(0.773217 0.236931 3.8532e-22)
(0.772201 0.237 1.90054e-22)
(0.771215 0.237035 -4.86682e-22)
(0.77026 0.237037 3.28537e-22)
(0.769332 0.237006 1.13471e-22)
(0.768433 0.236945 -1.33678e-22)
(0.76756 0.236854 -5.48909e-22)
(0.766713 0.236733 1.26947e-21)
(0.765891 0.236585 1.23786e-22)
(0.765094 0.236411 -1.79311e-21)
(0.764321 0.236211 1.28529e-21)
(0.763572 0.235986 2.82176e-22)
(0.762847 0.235739 -4.56733e-22)
(0.762145 0.235469 -8.77175e-22)
(0.761467 0.235177 4.53862e-22)
(0.760813 0.234865 2.75961e-23)
(0.760183 0.234534 -9.19928e-23)
(0.759578 0.234184 3.72502e-22)
(0.759 0.233815 -5.5562e-23)
(0.758449 0.233429 2.46569e-22)
(0.757928 0.233027 -4.04782e-22)
(0.757439 0.232608 -3.45841e-22)
(0.756986 0.232173 8.4938e-22)
(0.756574 0.231722 -1.89348e-22)
(0.756209 0.231256 -1.32449e-22)
(0.755901 0.230776 -7.18454e-24)
(0.755662 0.23029 -1.73933e-23)
(0.755511 0.229774 -1.75889e-23)
(0.755511 0.229774 -1.75889e-23)
(0.808292 0.118845 0)
(0.809967 0.116662 0)
(0.811859 0.114364 0)
(0.814007 0.112028 0)
(0.816448 0.109611 0)
(0.819226 0.107088 0)
(0.822384 0.104455 0)
(0.825966 0.101709 0)
(0.830018 0.0988458 0)
(0.834583 0.0958597 0)
(0.839702 0.0927453 0)
(0.845413 0.0894976 0)
(0.851749 0.086112 0)
(0.858739 0.082585 0)
(0.866405 0.0789137 0)
(0.87476 0.0750969 0)
(0.883812 0.0711346 0)
(0.893557 0.0670287 0)
(0.903985 0.0627835 0)
(0.915076 0.0584054 0)
(0.926802 0.0539034 0)
(0.939129 0.0492896 0)
(0.952015 0.0445792 0)
(0.965413 0.0397905 0)
(0.97927 0.0349455 0)
(0.993528 0.03007 0)
(1.00813 0.0251934 0)
(1.023 0.0203499 0)
(1.03806 0.0155775 0)
(1.05324 0.0109177 0)
(1.06842 0.00641643 0)
(1.08351 0.00212327 0)
(1.09835 -0.00191059 0)
(1.1128 -0.00563407 0)
(1.12669 -0.00899709 0)
(1.13982 -0.0119536 0)
(1.15201 -0.0144651 0)
(1.16305 -0.0165033 0)
(1.17276 -0.0180532 0)
(1.181 -0.0191152 0)
(1.18767 -0.0197063 0)
(1.19271 -0.0198595 0)
(1.19614 -0.0196221 0)
(1.19807 -0.019052 0)
(1.19863 -0.0182134 0)
(1.19802 -0.017172 0)
(1.19646 -0.0159898 0)
(1.1942 -0.0147217 0)
(1.19146 -0.0134126 0)
(1.18845 -0.0120971 0)
(1.18532 -0.010799 0)
(1.18223 -0.00953304 0)
(1.17929 -0.00830615 0)
(1.17656 -0.00711984 0)
(1.17411 -0.00597147 0)
(1.17199 -0.00485544 0)
(1.17023 -0.00376424 0)
(1.16887 -0.00268904 0)
(1.16792 -0.00161997 0)
(1.16744 -0.000542891 0)
)
;
    }
}


// ************************************************************************* //
