/*--------------------------------*- C++ -*----------------------------------*\
  =========                 |
  \\      /  F ield         | OpenFOAM: The Open Source CFD Toolbox
   \\    /   O peration     | Website:  https://openfoam.org
    \\  /    A nd           | Version:  7
     \\/     M anipulation  |
\*---------------------------------------------------------------------------*/
FoamFile
{
    version     2.0;
    format      ascii;
    class       volVectorField;
    location    "17";
    object      U;
}
// * * * * * * * * * * * * * * * * * * * * * * * * * * * * * * * * * * * * * //

dimensions      [0 1 -1 0 0 0 0];

internalField   nonuniform List<vector> 
1062
(
(1.17973 -0.153029 1.27639e-19)
(1.09291 -0.140372 -1.12081e-19)
(1.15108 -0.145003 3.91903e-19)
(0.975493 -0.11811 -9.81436e-20)
(1.0551 -0.132368 1.00436e-19)
(1.11849 -0.136861 -5.51365e-19)
(0.839381 -0.0967487 -1.04776e-19)
(0.929187 -0.109732 -9.01994e-20)
(1.01368 -0.124544 -2.66377e-19)
(1.0819 -0.128785 1.30582e-19)
(0.788413 -0.0891226 1.96761e-19)
(0.880142 -0.101763 1.24858e-19)
(0.968806 -0.117056 8.12617e-20)
(1.04131 -0.121018 1.77384e-19)
(0.642305 -0.0695242 1.86109e-20)
(0.736132 -0.0820946 2.74965e-20)
(0.828745 -0.0943356 -2.29824e-19)
(0.920723 -0.11007 -7.69342e-20)
(0.996838 -0.113885 7.84897e-20)
(0.50216 -0.0540857 -4.80795e-20)
(0.591018 -0.063941 1.35802e-20)
(0.683028 -0.0757149 -2.07437e-19)
(0.775434 -0.0875599 3.13925e-19)
(0.869716 -0.103741 1.50272e-19)
(0.948674 -0.107817 -1.82412e-19)
(0.375789 -0.0434705 -9.79743e-20)
(0.455381 -0.0502942 -1.15541e-19)
(0.540347 -0.0590438 -5.53749e-20)
(0.629597 -0.0699914 1.70808e-19)
(0.720673 -0.0815037 -2.318e-20)
(0.816089 -0.0981871 -1.91698e-19)
(0.897039 -0.103392 2.95579e-19)
(0.335627 -0.0414806 4.39864e-20)
(0.410241 -0.0471281 1.04828e-19)
(0.490718 -0.0547793 1.17815e-19)
(0.576322 -0.0648788 3.28225e-20)
(0.664931 -0.0761641 -3.04486e-19)
(0.760109 -0.0934534 -7.67056e-20)
(0.84216 -0.10137 -8.49075e-20)
(0.234887 -0.0372158 1.68859e-19)
(0.297623 -0.0399922 -2.31443e-20)
(0.36702 -0.0445031 4.78472e-20)
(0.442525 -0.0510547 -1.001e-19)
(0.523667 -0.060265 -1.16443e-19)
(0.608656 -0.0714286 3.95518e-20)
(0.701901 -0.0895027 2.65493e-19)
(0.78397 -0.102873 -3.39502e-19)
(0.204368 -0.0371256 -3.21075e-20)
(0.261904 -0.0389146 -2.33615e-19)
(0.325955 -0.0423185 1.02867e-20)
(0.396127 -0.0477421 -6.36952e-20)
(0.472089 -0.0559542 -2.43332e-20)
(0.552289 -0.066965 3.01186e-20)
(0.641289 -0.0860266 3.15726e-20)
(0.72056 -0.110258 2.26348e-19)
(0.129974 -0.0374996 2.60631e-19)
(0.176114 -0.0372984 2.75353e-20)
(0.228557 -0.0381566 2.22463e-19)
(0.28724 -0.0404693 4.09554e-20)
(0.351862 -0.0446969 -2.65531e-20)
(0.422093 -0.0516798 -4.66756e-20)
(0.496407 -0.0620367 3.03493e-19)
(0.577876 -0.0809994 -6.88216e-20)
(0.0726345 -0.0399665 4.83826e-20)
(0.108478 -0.0385472 -1.98773e-20)
(0.150107 -0.0376576 -5.20298e-21)
(0.197632 -0.0376347 -2.71631e-19)
(0.251034 -0.0388636 2.11109e-19)
(0.310059 -0.0418029 -2.53565e-19)
(0.374296 -0.0472392 2.70645e-19)
(0.442031 -0.0559231 -3.09363e-19)
(0.512252 -0.0698931 8.05413e-20)
(0.056893 -0.0415244 -2.09234e-19)
(0.0889296 -0.0396554 -2.06933e-19)
(0.126304 -0.0381366 1.36283e-20)
(0.169142 -0.0372809 1.5635e-19)
(0.217451 -0.0374401 -5.12874e-20)
(0.271007 -0.0390206 4.34845e-20)
(0.32935 -0.0426527 -1.83383e-19)
(0.390895 -0.0490185 8.25042e-20)
(0.0189596 -0.0452086 -1.69607e-19)
(0.0427404 -0.0430394 3.47548e-19)
(0.0712404 -0.0407726 1.69782e-19)
(0.104638 -0.0386808 2.18362e-19)
(0.143063 -0.0370449 -1.56889e-20)
(0.186543 -0.0361698 7.77459e-20)
(0.234894 -0.0363871 -8.94631e-21)
(0.287695 -0.038152 1.75841e-19)
(0.343744 -0.0420183 -1.92465e-19)
(0.00915153 -0.0468532 9.94593e-20)
(0.0300789 -0.0444744 -1.55372e-19)
(0.0553142 -0.0418571 1.82364e-19)
(0.0850239 -0.0392475 -2.32376e-19)
(0.119337 -0.0368915 1.16129e-19)
(0.158299 -0.0350436 -2.21397e-19)
(0.201777 -0.0339616 1.39492e-19)
(0.249435 -0.0339614 -1.40397e-19)
(-0.0140533 -0.0503081 -3.56615e-19)
(0.000493401 -0.0483558 6.49333e-20)
(0.0188093 -0.0458004 1.64451e-19)
(0.0410477 -0.0428766 6.75047e-20)
(0.067361 -0.0398051 -3.8532e-20)
(0.097876 -0.0367974 -2.43054e-21)
(0.132653 -0.0340608 1.01679e-19)
(0.171616 -0.0317923 9.68559e-21)
(0.214521 -0.0302164 -2.13883e-19)
(-0.0196093 -0.0516989 1.60079e-19)
(-0.00710335 -0.0496978 4.76074e-20)
(0.00883256 -0.0469956 -1.66473e-20)
(0.0283335 -0.043808 -3.42999e-19)
(0.0515386 -0.0403317 1.13345e-20)
(0.0785709 -0.0367476 -6.23949e-20)
(0.109506 -0.0332242 -1.23325e-19)
(0.144317 -0.0299138 -4.54321e-20)
(-0.0320224 -0.0539242 5.74019e-20)
(-0.0243812 -0.0529005 -3.20563e-20)
(-0.0137244 -0.0508665 -2.83953e-20)
(5.06158e-05 -0.0480454 -5.35965e-21)
(0.0170629 -0.0446356 -3.54915e-20)
(0.0374389 -0.0408133 1.94069e-19)
(0.0612986 -0.0367347 1.20217e-19)
(0.0887313 -0.0325392 2.66512e-20)
(0.119754 -0.0283526 -1.03223e-19)
(-0.0346792 -0.0548877 9.9171e-22)
(-0.0284384 -0.0539068 7.13254e-20)
(-0.0194523 -0.0518544 -1.03992e-19)
(-0.0076322 -0.0489409 -4.00719e-21)
(0.00712695 -0.0453505 2.18052e-19)
(0.024941 -0.041243 -1.45636e-19)
(0.0459269 -0.0367564 4.84331e-20)
(0.0701856 -0.0320123 -2.85258e-20)
(-0.0368292 -0.0556502 -9.49977e-20)
(-0.0318471 -0.0547151 -4.99746e-20)
(-0.0243661 -0.052658 1.06857e-19)
(-0.0143088 -0.0496783 -4.37806e-20)
(-0.00158176 -0.0459492 4.88704e-20)
(0.0139221 -0.0416186 -7.48795e-21)
(0.0323174 -0.0368135 -5.90869e-20)
(0.0537149 -0.0316492 3.06299e-20)
(-0.0401577 -0.0557195 7.94227e-20)
(-0.0385234 -0.0562123 -5.49236e-21)
(-0.0346696 -0.0553257 2.06978e-19)
(-0.028541 -0.053277 -7.89304e-20)
(-0.0200689 -0.0502573 3.58671e-19)
(-0.00916875 -0.0464316 -1.95853e-19)
(0.00425959 -0.0419408 -8.23654e-20)
(0.020329 -0.0369082 3.07085e-20)
(0.0391578 -0.0314525 1.60047e-19)
(-0.0406328 -0.0560105 9.47679e-20)
(-0.0398097 -0.0565763 -6.19474e-21)
(-0.0369653 -0.0557407 7.52342e-22)
(-0.0320493 -0.0537138 -9.94953e-20)
(-0.0249991 -0.0506802 -3.30332e-19)
(-0.0157369 -0.0467999 -1.64855e-19)
(-0.00416775 -0.0422117 1.92439e-19)
(0.00981978 -0.0370413 3.02423e-20)
(-0.0391411 -0.0538397 1.90285e-19)
(-0.040836 -0.0561132 -1.01133e-19)
(-0.040733 -0.0567459 2.98557e-20)
(-0.03879 -0.0559641 9.00223e-22)
(-0.0349593 -0.0539721 2.80278e-19)
(-0.0291824 -0.0509504 3.12346e-20)
(-0.021386 -0.0470571 1.39909e-19)
(-0.011479 -0.0424326 -3.17847e-19)
(0.000648521 -0.0372106 1.56157e-20)
(-0.0386335 -0.0536995 3.12071e-20)
(-0.0408005 -0.0560319 3.18485e-20)
(-0.0413357 -0.0567255 -2.62941e-20)
(-0.0401965 -0.0560005 -3.69543e-20)
(-0.0373361 -0.0540566 -3.77349e-19)
(-0.0326982 -0.0510722 2.48658e-19)
(-0.0262122 -0.0472059 -2.03107e-20)
(-0.01779 -0.0426032 9.23073e-20)
(-0.00732335 -0.0374099 -2.0282e-20)
(-0.0379793 -0.0533926 -3.40262e-20)
(-0.0405576 -0.055771 9.6927e-20)
(-0.0416576 -0.0565202 -1.49193e-20)
(-0.0412347 -0.055855 -7.02337e-20)
(-0.0392414 -0.053972 1.73223e-19)
(-0.0356221 -0.0510489 -1.0732e-19)
(-0.0303078 -0.0472474 -4.56259e-20)
(-0.0232124 -0.0427203 5.94713e-20)
(-0.0329804 -0.0486745 -8.76502e-20)
(-0.0372008 -0.0529234 -1.95905e-19)
(-0.0401366 -0.0553355 3.88562e-20)
(-0.041736 -0.056135 -8.57039e-20)
(-0.0419514 -0.0555326 -1.12164e-20)
(-0.0407335 -0.0537227 -2.76795e-20)
(-0.0380259 -0.0508836 -2.55279e-19)
(-0.0337603 -0.0471812 1.50762e-19)
(-0.0278525 -0.0427779 -5.96527e-21)
(-0.0319247 -0.0480545 -4.45633e-20)
(-0.036319 -0.0522961 4.72687e-20)
(-0.0395649 -0.05473 -1.19707e-19)
(-0.041606 -0.0555751 -1.69196e-20)
(-0.0423906 -0.0550383 1.03109e-21)
(-0.0418668 -0.0533125 5.88643e-20)
(-0.0399767 -0.0505777 4.60413e-19)
(-0.0366521 -0.047005 -2.82842e-20)
(-0.0318108 -0.042767 6.93334e-20)
(-0.0308182 -0.0472981 9.23225e-20)
(-0.0353535 -0.051515 -1.17687e-19)
(-0.0388681 -0.0539595 -1.26779e-20)
(-0.0413 -0.0548453 1.21267e-19)
(-0.0425931 -0.0543762 2.69577e-20)
(-0.0426921 -0.0527442 -1.478e-19)
(-0.0415372 -0.0501315 -2.79977e-19)
(-0.03906 -0.0467147 -3.18808e-19)
(-0.0296744 -0.0464088 -1.02388e-19)
(-0.0343227 -0.0505843 1.11534e-19)
(-0.0380699 -0.0530285 1.85855e-19)
(-0.0408482 -0.0539501 -1.30357e-19)
(-0.0425968 -0.0535501 4.94839e-20)
(-0.0432565 -0.0520201 1.46625e-19)
(-0.0427652 -0.0495441 -4.88451e-20)
(-0.0410545 -0.0463044 6.77363e-20)
(-0.0230665 -0.0393783 5.62959e-20)
(-0.028506 -0.0453901 8.91885e-20)
(-0.0332435 -0.0495082 1.48209e-19)
(-0.0371922 -0.0519413 -1.60502e-19)
(-0.0402785 -0.0528937 1.61487e-19)
(-0.0424365 -0.0525634 -7.18852e-20)
(-0.0436029 -0.0511415 -7.13728e-20)
(-0.0437136 -0.0488138 -4.84546e-20)
(-0.0426999 -0.0457673 1.0268e-19)
(-0.0219284 -0.0383637 1.54659e-19)
(-0.027325 -0.0442455 -8.62025e-20)
(-0.0321316 -0.0482906 -1.22821e-19)
(-0.0362552 -0.0507021 7.20263e-20)
(-0.0396164 -0.0516798 -8.18536e-20)
(-0.0421438 -0.0514188 4.22263e-20)
(-0.0437703 -0.0501091 7.08428e-20)
(-0.0444297 -0.0479381 2.08663e-20)
(-0.0440536 -0.045096 4.2967e-20)
(-0.0207992 -0.0372462 -1.15335e-19)
(-0.0261421 -0.0429783 -1.54599e-19)
(-0.0310014 -0.0469354 1.72671e-20)
(-0.0352774 -0.049315 9.19018e-20)
(-0.0388849 -0.0503122 -4.63217e-20)
(-0.0417473 -0.0501188 5.66472e-20)
(-0.0437938 -0.0489236 -5.3832e-21)
(-0.0449561 -0.0469142 1.40087e-19)
(-0.019686 -0.0360286 1.10802e-19)
(-0.0249676 -0.0415919 2.86405e-20)
(-0.0298661 -0.0454465 1.19508e-19)
(-0.0342755 -0.0477839 -5.1109e-20)
(-0.0381047 -0.0487942 5.66142e-21)
(-0.0412724 -0.0486658 -1.75698e-20)
(-0.0437041 -0.0475852 1.18885e-19)
(-0.0453299 -0.0457395 -1.18058e-20)
(-0.0132123 -0.0275195 -3.72661e-20)
(-0.0185959 -0.0347135 -9.49109e-20)
(-0.0238106 -0.0400899 8.17275e-20)
(-0.0287375 -0.0438278 -1.19006e-19)
(-0.0332645 -0.0461126 9.10531e-20)
(-0.0372946 -0.0471293 7.59853e-20)
(-0.0407418 -0.0470621 -6.03993e-21)
(-0.0435286 -0.0460945 -2.87144e-20)
(-0.0455835 -0.0444119 -9.81411e-20)
(-0.0123177 -0.0263951 1.19791e-19)
(-0.0175351 -0.0333039 5.45946e-20)
(-0.0226797 -0.0384757 3.0659e-20)
(-0.0276266 -0.0420832 -6.1353e-20)
(-0.0322577 -0.0443052 -1.02639e-19)
(-0.0364707 -0.0453211 -2.05775e-20)
(-0.0401752 -0.0453103 -8.72164e-21)
(-0.0432905 -0.0444525 -3.54315e-20)
(-0.0457444 -0.0429298 -8.68291e-20)
(-0.0114546 -0.0251999 8.55524e-20)
(-0.0165094 -0.0318028 -9.95498e-20)
(-0.0215824 -0.0367531 4.82829e-20)
(-0.026543 -0.0402167 1.11425e-20)
(-0.0312671 -0.0423658 -5.72347e-22)
(-0.0356473 -0.0433735 8.90861e-20)
(-0.0395893 -0.0434135 -1.95923e-20)
(-0.0430098 -0.0426605 -1.0857e-19)
(-0.0458356 -0.0412926 1.47004e-19)
(-0.0106269 -0.0239361 -1.07534e-19)
(-0.0155243 -0.0302132 -4.855e-20)
(-0.0205258 -0.0349259 -9.70585e-20)
(-0.0254952 -0.0382328 -6.3222e-20)
(-0.030303 -0.040299 -7.23301e-20)
(-0.0348369 -0.0412906 -1.65355e-19)
(-0.0389989 -0.0413749 8.72578e-20)
(-0.0427033 -0.0407209 9.92402e-20)
(-0.00983816 -0.0226063 7.74568e-20)
(-0.0145845 -0.0285387 7.74099e-20)
(-0.019516 -0.0329982 -4.18787e-20)
(-0.0244909 -0.0361361 3.38465e-20)
(-0.0293744 -0.0381095 3.39114e-20)
(-0.0340499 -0.039077 9.67619e-20)
(-0.0384158 -0.0391988 1.01038e-19)
(-0.0423846 -0.0386368 -1.30666e-20)
(-0.00489957 -0.0141323 2.93554e-20)
(-0.0090917 -0.0212132 2.34094e-20)
(-0.0136946 -0.0267827 2.23882e-20)
(-0.0185585 -0.0309745 8.13584e-20)
(-0.0235366 -0.0339315 8.64813e-21)
(-0.028489 -0.0358025 1.1435e-19)
(-0.0332951 -0.0367379 -1.21969e-20)
(-0.0378502 -0.0368898 -1.29429e-19)
(-0.0420649 -0.0364124 -1.06579e-19)
(-0.00440914 -0.0131643 -7.79775e-20)
(-0.0083906 -0.0197596 -4.15599e-20)
(-0.0128586 -0.0249494 -4.68506e-20)
(-0.0176584 -0.0288595 7.83558e-21)
(-0.0226382 -0.0316243 7.91592e-20)
(-0.0276536 -0.0333837 -1.01068e-19)
(-0.03258 -0.0342791 -3.33622e-20)
(-0.0373101 -0.0344536 5.27929e-20)
(-0.0417531 -0.0340527 8.11541e-20)
(-0.00395222 -0.0121584 -1.70949e-20)
(-0.00773772 -0.0182487 -7.72029e-20)
(-0.0120801 -0.023043 2.81013e-20)
(-0.0168198 -0.0266585 -8.12339e-20)
(-0.0218006 -0.0292206 -3.42814e-20)
(-0.0268735 -0.0308594 -1.82362e-20)
(-0.0319106 -0.0317069 -8.41323e-21)
(-0.0368021 -0.0318965 -7.4378e-20)
(-0.0414559 -0.031564 1.86893e-20)
(-0.00353058 -0.0111168 2.33652e-20)
(-0.00713567 -0.0166842 4.27777e-20)
(-0.0113624 -0.0210681 1.46678e-20)
(-0.0160468 -0.024377 4.4162e-20)
(-0.0210281 -0.0267264 -1.11608e-20)
(-0.0261534 -0.0282364 1.77602e-20)
(-0.0312918 -0.0290284 -4.94462e-20)
(-0.0363312 -0.0292258 7.67592e-20)
(-0.0411784 -0.0289535 -3.42013e-20)
(-0.00314594 -0.0100419 4.66688e-20)
(-0.00658687 -0.0150697 1.93008e-20)
(-0.0107084 -0.0190298 -8.5719e-21)
(-0.0153425 -0.022021 7.84427e-20)
(-0.0203242 -0.0241486 -5.27309e-20)
(-0.0254971 -0.0255219 -2.32092e-20)
(-0.0307274 -0.0262514 5.08337e-20)
(-0.0359012 -0.0264494 -3.28495e-20)
(-0.0409243 -0.0262295 7.02698e-21)
(-0.00279983 -0.00893645 -4.61542e-20)
(-0.00609346 -0.0134096 2.65726e-20)
(-0.0101208 -0.0169334 6.08365e-20)
(-0.0147098 -0.019597 -5.68405e-20)
(-0.019692 -0.0214945 3.75299e-20)
(-0.0249077 -0.0227239 1.16305e-20)
(-0.0302206 -0.0233843 5.7524e-20)
(-0.0355149 -0.0235761 -9.82693e-21)
(-0.0406961 -0.0234012 -3.42179e-21)
(-0.00249369 -0.00780328 1.53731e-20)
(-0.00565741 -0.0117082 -2.13104e-20)
(-0.00960181 -0.0147849 -1.06546e-20)
(-0.0141513 -0.0171117 -2.08679e-20)
(-0.0191341 -0.0187717 3.72898e-20)
(-0.0243877 -0.0198507 -4.10646e-20)
(-0.0297735 -0.0204359 -7.67648e-20)
(-0.0351745 -0.0206154 5.98365e-20)
(-0.0022288 -0.00664558 -2.19217e-20)
(-0.00528042 -0.00997028 -2.36389e-20)
(-0.00915337 -0.0125902 5.44812e-21)
(-0.0136689 -0.0145725 9.17834e-21)
(-0.0186524 -0.0159883 2.74124e-20)
(-0.0239389 -0.0169113 2.7347e-22)
(-0.0293879 -0.0174159 2.22442e-20)
(-0.0348813 -0.0175776 -4.82748e-20)
(-0.00200628 -0.00546671 2.44695e-20)
(-0.00496397 -0.00820099 -1.27484e-20)
(-0.00877716 -0.0103558 5.13249e-21)
(-0.0132644 -0.0119869 -9.87394e-21)
(-0.0182487 -0.0131531 -3.85503e-20)
(-0.023563 -0.0139151 8.10642e-21)
(-0.0290652 -0.0143344 -2.19599e-20)
(-0.0346361 -0.0144735 3.07153e-20)
(-0.00182709 -0.00427022 -3.41321e-20)
(-0.00470931 -0.00640563 -1.0129e-20)
(-0.00847456 -0.00808863 -7.60102e-21)
(-0.0129392 -0.00936296 -5.78058e-21)
(-0.0179243 -0.0102748 4.8031e-20)
(-0.023261 -0.0108717 -9.00447e-21)
(-0.0288062 -0.011202 8.40672e-21)
(-0.0344397 -0.0113144 4.63057e-21)
(-0.00169201 -0.00305985 1.93728e-20)
(-0.00451744 -0.00458975 7.57979e-21)
(-0.00824667 -0.00579559 2.57222e-21)
(-0.0126944 -0.00670884 3.98171e-22)
(-0.0176801 -0.00736266 -3.10266e-20)
(-0.0230339 -0.00779131 2.54492e-20)
(-0.0286114 -0.00802941 -2.14949e-21)
(-0.0342922 -0.00811202 -1.50092e-20)
(-0.00160163 -0.00183945 -9.37738e-22)
(-0.00438911 -0.00275907 4.89655e-21)
(-0.0080943 -0.00348393 2.65478e-21)
(-0.0125308 -0.00403299 -4.95305e-21)
(-0.017517 -0.00442624 2.02407e-20)
(-0.0228821 -0.00468431 -7.8712e-21)
(-0.0284814 -0.00482803 1.52315e-22)
(-0.0341938 -0.00487852 2.28315e-20)
(-0.00432484 -0.000919472 -1.47189e-21)
(-0.00801799 -0.00116105 -1.56326e-21)
(-0.0124488 -0.00134406 1.86761e-21)
(-0.0174353 -0.00147517 -4.36774e-21)
(-0.0228062 -0.00156125 2.45095e-21)
(-0.0284164 -0.00160927 -7.47246e-21)
(-0.0341446 -0.00162624 -6.56934e-21)
(1.14649 -0.00222816 -6.43653e-21)
(1.14729 -0.00222321 -2.65998e-22)
(1.14808 -0.00221799 -5.3903e-22)
(1.14887 -0.00221251 2.33414e-21)
(1.14965 -0.00220675 1.92132e-21)
(1.15043 -0.00220069 -2.74102e-21)
(1.1512 -0.00219434 -1.95643e-22)
(1.15196 -0.00218767 2.34199e-21)
(1.15273 -0.00218068 -7.41244e-22)
(1.15348 -0.00217333 -2.00967e-22)
(1.14682 -0.00654939 4.89323e-21)
(1.14762 -0.0065352 -2.04085e-21)
(1.14841 -0.00652079 -3.16997e-21)
(1.1492 -0.00650615 4.50489e-21)
(1.14998 -0.00649127 1.87424e-22)
(1.15076 -0.00647611 8.84443e-22)
(1.15153 -0.00646068 2.6221e-22)
(1.1523 -0.00644494 -1.54385e-21)
(1.15306 -0.0064289 -7.94079e-22)
(1.15381 -0.00641244 6.53309e-22)
(1.1474 -0.01083 -3.10402e-21)
(1.14821 -0.0108075 -2.76727e-21)
(1.14901 -0.0107846 3.96023e-21)
(1.1498 -0.0107613 -1.5955e-21)
(1.15059 -0.0107376 6.55897e-22)
(1.15137 -0.0107133 -4.41406e-21)
(1.15215 -0.0106886 -1.15258e-21)
(1.15292 -0.0106633 2.79264e-21)
(1.15369 -0.0106375 -3.10542e-22)
(1.15445 -0.0106109 -3.61532e-23)
(1.14824 -0.0150227 2.02236e-21)
(1.14905 -0.0149915 5.24095e-22)
(1.14986 -0.0149597 -1.20267e-21)
(1.15067 -0.0149276 6.69411e-22)
(1.15146 -0.0148949 7.90063e-22)
(1.15226 -0.0148616 1.39542e-21)
(1.15305 -0.0148278 -1.09935e-21)
(1.15383 -0.0147933 -6.83697e-22)
(1.15461 -0.0147582 -3.6084e-22)
(1.15538 -0.0147223 2.23864e-22)
(1.14846 -0.0192043 -7.36051e-21)
(1.1493 -0.0191655 6.69605e-21)
(1.15012 -0.0191262 -3.3288e-21)
(1.15095 -0.0190864 3.00397e-21)
(1.15177 -0.0190461 2.60255e-22)
(1.15258 -0.0190052 2.92088e-21)
(1.15339 -0.0189636 -2.9833e-21)
(1.15419 -0.0189213 -2.05462e-21)
(1.15499 -0.0188783 3.53023e-21)
(1.15578 -0.0188346 5.19242e-22)
(1.15656 -0.0187898 -1.93717e-21)
(1.14972 -0.023305 9.97764e-22)
(1.15057 -0.0232582 -1.32733e-21)
(1.15142 -0.0232109 -1.48418e-21)
(1.15226 -0.0231631 -4.9653e-22)
(1.15309 -0.0231147 2.91028e-21)
(1.15392 -0.0230656 -2.81508e-21)
(1.15475 -0.0230159 -1.40888e-21)
(1.15557 -0.0229654 3.53012e-21)
(1.15638 -0.0229141 -4.61352e-21)
(1.15719 -0.022862 2.07558e-21)
(1.158 -0.0228088 1.90401e-22)
(1.15117 -0.0273679 3.43833e-21)
(1.15204 -0.0273135 -3.31744e-21)
(1.15291 -0.0272586 2.80905e-21)
(1.15377 -0.0272032 -8.47561e-22)
(1.15463 -0.0271471 1.86681e-21)
(1.15548 -0.0270904 1.33091e-21)
(1.15633 -0.027033 1.19939e-21)
(1.15717 -0.0269748 -2.7492e-21)
(1.158 -0.0269158 3.22634e-21)
(1.15883 -0.026856 -2.49499e-21)
(1.15966 -0.026795 7.1809e-22)
(1.15281 -0.0314003 -2.16635e-21)
(1.1537 -0.0313384 1.69152e-21)
(1.15459 -0.0312761 5.08085e-22)
(1.15548 -0.0312132 -1.85256e-21)
(1.15636 -0.0311497 -5.37009e-22)
(1.15723 -0.0310856 1.44929e-21)
(1.1581 -0.0310208 -1.56732e-21)
(1.15897 -0.0309552 -4.28898e-21)
(1.15983 -0.0308889 -1.48576e-21)
(1.16068 -0.0308217 2.53059e-21)
(1.16153 -0.0307533 5.20766e-22)
(1.15461 -0.0354089 -2.90729e-21)
(1.15553 -0.0353398 6.38271e-21)
(1.15645 -0.0352702 -1.11962e-21)
(1.15736 -0.0352001 -2.47819e-21)
(1.15827 -0.0351295 4.37459e-21)
(1.15917 -0.0350583 -3.04624e-21)
(1.16007 -0.0349865 -3.54412e-22)
(1.16096 -0.0349139 3.82188e-21)
(1.16185 -0.0348406 2.3895e-21)
(1.16273 -0.0347665 -1.65478e-21)
(1.16361 -0.0346912 4.36616e-22)
(1.15658 -0.0393999 -6.83761e-22)
(1.15753 -0.0393236 -5.07551e-22)
(1.15847 -0.039247 -1.64193e-21)
(1.15941 -0.03917 2.50251e-21)
(1.16035 -0.0390925 3.67699e-22)
(1.16128 -0.0390144 3.89031e-21)
(1.16221 -0.0389358 9.44788e-22)
(1.16313 -0.0388565 -3.74813e-21)
(1.16405 -0.0387766 -1.88914e-21)
(1.16496 -0.0386959 -9.03446e-22)
(1.16587 -0.0386141 -2.79006e-21)
(1.15869 -0.0433781 -1.34894e-21)
(1.15967 -0.0432948 -3.54947e-22)
(1.16064 -0.0432113 3.02009e-21)
(1.16162 -0.0431274 -6.23257e-21)
(1.16259 -0.0430432 1.79672e-21)
(1.16355 -0.0429585 3.62484e-21)
(1.16451 -0.0428734 1.60493e-21)
(1.16546 -0.0427877 4.80153e-21)
(1.16641 -0.0427014 8.68681e-21)
(1.16736 -0.0426145 -6.69207e-21)
(1.1683 -0.0425265 4.7635e-21)
(1.16093 -0.0473479 -1.87522e-21)
(1.16195 -0.0472577 -2.64029e-22)
(1.16296 -0.0471674 -2.02867e-21)
(1.16396 -0.0470768 -6.84618e-21)
(1.16497 -0.046986 7.22054e-22)
(1.16597 -0.0468948 -6.92127e-21)
(1.16696 -0.0468033 -1.86088e-22)
(1.16795 -0.0467114 -1.74215e-21)
(1.16893 -0.046619 -5.03533e-21)
(1.16992 -0.0465262 1.13366e-20)
(1.17089 -0.0464324 -4.65938e-21)
(1.16331 -0.0513128 1.16539e-20)
(1.16436 -0.0512157 -9.68807e-21)
(1.1654 -0.0511186 9.09243e-21)
(1.16645 -0.0510213 3.98145e-21)
(1.16748 -0.050924 1.0623e-21)
(1.16852 -0.0508265 -2.55437e-21)
(1.16955 -0.0507288 -3.3379e-21)
(1.17058 -0.0506308 -9.48089e-22)
(1.1716 -0.0505325 -3.83496e-21)
(1.17262 -0.0504339 -5.38722e-21)
(1.17363 -0.0503345 5.76501e-22)
(1.1658 -0.0552757 -1.01039e-20)
(1.16689 -0.0551716 2.99159e-21)
(1.16797 -0.0550676 -3.53842e-21)
(1.16905 -0.0549637 1.5483e-21)
(1.17013 -0.0548598 1.02955e-20)
(1.1712 -0.054756 -4.14931e-21)
(1.17227 -0.0546521 1.07176e-21)
(1.17333 -0.0545482 -6.10671e-21)
(1.1744 -0.0544441 3.34557e-21)
(1.17545 -0.0543398 -3.84133e-21)
(1.1765 -0.054235 6.61933e-21)
(1.1684 -0.0592387 1.33563e-20)
(1.16953 -0.0591275 -7.67023e-21)
(1.17065 -0.0590165 8.35093e-21)
(1.17177 -0.0589059 -2.78766e-21)
(1.17289 -0.0587955 -7.05025e-21)
(1.174 -0.0586852 -1.13182e-21)
(1.17511 -0.0585752 -2.36651e-21)
(1.17621 -0.0584652 3.26044e-21)
(1.17732 -0.0583554 -6.85096e-21)
(1.17842 -0.0582456 7.4717e-21)
(1.1795 -0.0581355 -1.38563e-21)
(1.1711 -0.0632035 -6.05715e-21)
(1.17227 -0.0630849 8.02947e-21)
(1.17343 -0.0629668 -5.74582e-21)
(1.1746 -0.0628492 -1.14312e-21)
(1.17575 -0.0627321 -4.02408e-22)
(1.17691 -0.0626154 1.17839e-21)
(1.17806 -0.0624991 1.00183e-20)
(1.17921 -0.0623831 4.10235e-21)
(1.18035 -0.0622675 2.2305e-21)
(1.18149 -0.0621521 -4.78751e-21)
(1.18262 -0.0620366 1.83138e-21)
(1.1739 -0.067171 4.03334e-22)
(1.17511 -0.0670448 1.1949e-21)
(1.17632 -0.0669193 9.84191e-22)
(1.17752 -0.0667946 5.79376e-21)
(1.17872 -0.0666705 2.01151e-21)
(1.17992 -0.0665471 1.56146e-21)
(1.18111 -0.0664243 1.49903e-21)
(1.1823 -0.0663021 -6.36425e-21)
(1.18349 -0.0661805 -1.2367e-21)
(1.18468 -0.0660595 9.22106e-21)
(1.18585 -0.0659387 -1.26153e-20)
(1.17679 -0.0711418 5.14495e-22)
(1.17804 -0.0710076 -8.64923e-21)
(1.17929 -0.0708744 -4.21993e-21)
(1.18054 -0.0707422 1.61906e-21)
(1.18178 -0.0706108 4.70535e-21)
(1.18302 -0.0704804 1.79079e-21)
(1.18426 -0.0703509 -9.55544e-21)
(1.1855 -0.0702222 -4.06131e-21)
(1.18673 -0.0700944 2.07656e-21)
(1.18796 -0.0699676 -3.06775e-21)
(1.18918 -0.0698411 1.08951e-20)
(1.17975 -0.075116 -2.92835e-21)
(1.18105 -0.0749733 6.23027e-21)
(1.18234 -0.0748319 -4.1479e-21)
(1.18364 -0.0746916 -6.61124e-21)
(1.18493 -0.0745526 1.26884e-21)
(1.18621 -0.0744147 2.54861e-21)
(1.1875 -0.0742781 -1.16916e-21)
(1.18878 -0.0741426 4.47815e-21)
(1.19006 -0.0740083 6.94119e-21)
(1.19134 -0.0738752 -7.53331e-21)
(1.1926 -0.0737428 3.49523e-21)
(1.18279 -0.079093 -6.44011e-21)
(1.18413 -0.0789412 3.96006e-21)
(1.18548 -0.078791 7.39864e-22)
(1.18681 -0.0786422 -1.35272e-21)
(1.18815 -0.0784949 -4.7254e-21)
(1.18948 -0.0783491 1.04223e-21)
(1.19082 -0.0782049 7.96451e-21)
(1.19215 -0.0780621 -3.88697e-21)
(1.19347 -0.0779208 -9.07053e-21)
(1.1948 -0.077781 -4.14292e-22)
(1.19611 -0.0776423 -1.73186e-20)
(1.1859 -0.0830718 -5.83416e-21)
(1.18729 -0.0829103 -4.17995e-21)
(1.18868 -0.0827505 -7.84469e-21)
(1.19007 -0.0825926 6.10359e-21)
(1.19145 -0.0824364 3.87708e-22)
(1.19283 -0.082282 5.84339e-21)
(1.19421 -0.0821295 -9.02737e-21)
(1.19559 -0.0819788 4.33448e-21)
(1.19696 -0.0818299 1.41078e-20)
(1.19834 -0.081683 9.2745e-21)
(1.19969 -0.0815374 1.84597e-20)
(1.18908 -0.0870512 7.2025e-21)
(1.19052 -0.0868791 -7.07162e-21)
(1.19195 -0.086709 1.68888e-20)
(1.19338 -0.086541 -4.19375e-21)
(1.19482 -0.0863751 -4.98775e-21)
(1.19625 -0.0862114 1.1256e-20)
(1.19767 -0.0860498 4.70337e-21)
(1.1991 -0.0858905 -9.61128e-21)
(1.20052 -0.0857333 -5.86937e-21)
(1.20194 -0.0855784 -8.61544e-21)
(1.20335 -0.0854254 -3.09138e-21)
(1.19232 -0.0910292 -1.12908e-20)
(1.1938 -0.0908455 1.64256e-21)
(1.19528 -0.0906641 -6.68252e-21)
(1.19677 -0.0904852 1.23428e-21)
(1.19825 -0.0903087 1.59417e-21)
(1.19972 -0.0901347 -1.30635e-20)
(1.2012 -0.0899632 -5.14778e-21)
(1.20268 -0.0897943 1.34705e-20)
(1.20415 -0.089628 2.68316e-21)
(1.20562 -0.0894644 2.66106e-21)
(1.20707 -0.089303 -5.05498e-22)
(1.19561 -0.0950037 1.44546e-20)
(1.19714 -0.0948072 1.05002e-20)
(1.19868 -0.0946135 -4.08565e-21)
(1.20021 -0.0944225 -1.05935e-20)
(1.20174 -0.0942343 -3.34356e-22)
(1.20326 -0.0940489 -7.43836e-21)
(1.20479 -0.0938665 -3.90747e-21)
(1.20631 -0.093687 -4.03432e-21)
(1.20783 -0.0935105 -3.38216e-21)
(1.20935 -0.0933372 8.20059e-21)
(1.21085 -0.0931665 3.3229e-21)
(1.19896 -0.0989718 3.63251e-21)
(1.20054 -0.0987613 6.86345e-22)
(1.20212 -0.0985539 7.77527e-21)
(1.2037 -0.0983496 6.91215e-21)
(1.20528 -0.0981485 9.65564e-22)
(1.20686 -0.0979506 1.44605e-20)
(1.20843 -0.097756 1.30787e-20)
(1.21 -0.0975648 -1.05802e-20)
(1.21157 -0.097377 7.4626e-21)
(1.21314 -0.0971927 9.96272e-21)
(1.21469 -0.0970117 2.34266e-22)
(1.20236 -0.10293 -9.66765e-22)
(1.20399 -0.102705 -5.51727e-21)
(1.20562 -0.102482 -3.55618e-21)
(1.20725 -0.102263 -9.05491e-21)
(1.20888 -0.102048 1.35752e-20)
(1.2105 -0.101836 -1.74089e-20)
(1.21212 -0.101628 -1.2484e-20)
(1.21374 -0.101423 -1.78909e-20)
(1.21536 -0.101223 -2.20774e-21)
(1.21698 -0.101026 -4.15423e-20)
(1.21858 -0.100834 -2.24702e-21)
(1.2058 -0.106876 2.67072e-21)
(1.20748 -0.106633 -9.93163e-22)
(1.20916 -0.106394 -2.93962e-22)
(1.21084 -0.106159 -2.79486e-21)
(1.21252 -0.105927 -4.20768e-21)
(1.21419 -0.1057 1.08829e-20)
(1.21586 -0.105477 7.96463e-21)
(1.21753 -0.105258 4.96559e-20)
(1.2192 -0.105043 2.21697e-21)
(1.22087 -0.104833 9.35411e-21)
(1.22251 -0.104627 -1.05592e-20)
(1.20929 -0.110805 -2.13508e-20)
(1.21102 -0.110543 -6.31023e-21)
(1.21275 -0.110285 2.77809e-21)
(1.21448 -0.110032 -1.11823e-20)
(1.2162 -0.109783 -8.53975e-21)
(1.21793 -0.109538 -7.45349e-21)
(1.21965 -0.109298 -1.70496e-20)
(1.22136 -0.109063 -2.09473e-20)
(1.22308 -0.108833 -3.60865e-21)
(1.22479 -0.108607 3.47258e-22)
(1.22648 -0.108386 1.05293e-20)
(1.21283 -0.114712 2.02325e-20)
(1.21461 -0.11443 1.03526e-20)
(1.21638 -0.114152 1.00973e-21)
(1.21816 -0.113878 -6.27037e-21)
(1.21993 -0.113609 2.81492e-20)
(1.2217 -0.113346 6.09802e-21)
(1.22347 -0.113087 2.92716e-20)
(1.22523 -0.112833 1.64378e-21)
(1.22699 -0.112585 -1.29282e-20)
(1.22876 -0.112342 -4.03508e-21)
(1.23049 -0.112105 -4.39382e-21)
(1.2164 -0.118593 -1.31165e-20)
(1.21823 -0.118288 -8.47664e-21)
(1.22006 -0.117987 2.19115e-20)
(1.22188 -0.117691 1.49948e-21)
(1.2237 -0.117401 -3.01546e-21)
(1.22551 -0.117116 -1.89673e-20)
(1.22733 -0.116836 1.01232e-20)
(1.22914 -0.116562 -5.04267e-21)
(1.23095 -0.116294 2.57075e-20)
(1.23275 -0.116032 -2.82452e-21)
(1.23453 -0.115776 1.83676e-20)
(1.22002 -0.122443 -6.54771e-21)
(1.22189 -0.122112 8.5062e-22)
(1.22377 -0.121786 -3.1232e-20)
(1.22563 -0.121466 2.81899e-20)
(1.2275 -0.121152 -2.06141e-20)
(1.22936 -0.120843 4.77276e-20)
(1.23122 -0.12054 -4.47615e-20)
(1.23308 -0.120243 2.12263e-20)
(1.23493 -0.119953 -3.51883e-20)
(1.23678 -0.11967 4.62026e-20)
(1.23859 -0.119393 -2.21279e-20)
(1.22367 -0.126256 -1.17336e-20)
(1.22559 -0.125897 -4.82626e-21)
(1.22751 -0.125544 3.90939e-20)
(1.22943 -0.125196 -3.29415e-20)
(1.23134 -0.124855 2.37615e-20)
(1.23324 -0.12452 -4.68978e-20)
(1.23515 -0.124191 4.21682e-20)
(1.23704 -0.12387 -2.125e-20)
(1.23894 -0.123555 3.37291e-20)
(1.24083 -0.123247 -6.08811e-20)
(1.24268 -0.122948 -1.30376e-20)
(1.22736 -0.130026 1.50772e-20)
(1.22933 -0.129636 8.39158e-22)
(1.23129 -0.129252 -2.54542e-20)
(1.23325 -0.128875 2.91501e-20)
(1.23521 -0.128504 -2.15218e-20)
(1.23715 -0.12814 3.65022e-20)
(1.2391 -0.127783 -5.79354e-20)
(1.24104 -0.127433 -1.18356e-20)
(1.24297 -0.127091 -1.95212e-20)
(1.24491 -0.126757 3.20834e-20)
(1.2468 -0.126432 4.17099e-21)
(1.23109 -0.133747 1.00169e-21)
(1.2331 -0.133323 -2.00494e-20)
(1.23511 -0.132905 4.28585e-22)
(1.23711 -0.132495 -4.67331e-20)
(1.23911 -0.132091 7.23198e-21)
(1.2411 -0.131695 -8.20583e-21)
(1.24308 -0.131307 5.67019e-20)
(1.24506 -0.130926 4.3338e-20)
(1.24703 -0.130554 -9.00162e-21)
(1.249 -0.13019 -2.52908e-20)
(1.25093 -0.129837 1.36583e-20)
(1.23486 -0.137412 -1.76112e-20)
(1.23691 -0.136951 3.15283e-20)
(1.23896 -0.136496 1.47325e-20)
(1.241 -0.136049 2.08954e-21)
(1.24304 -0.13561 -3.19392e-21)
(1.24507 -0.135178 -2.9851e-20)
(1.24709 -0.134755 2.4271e-21)
(1.24911 -0.134341 -4.69685e-20)
(1.25112 -0.133936 5.4545e-21)
(1.25313 -0.13354 2.68388e-20)
(1.25509 -0.133155 -1.10344e-20)
(1.23866 -0.141015 1.60315e-20)
(1.24076 -0.140513 -2.3021e-20)
(1.24285 -0.140018 -1.56622e-20)
(1.24493 -0.139531 3.71094e-20)
(1.247 -0.139052 2.79398e-20)
(1.24907 -0.138582 5.68232e-21)
(1.25113 -0.138121 -6.89009e-20)
(1.25319 -0.137669 4.12912e-20)
(1.25523 -0.137227 5.09638e-20)
(1.25728 -0.136795 -8.65251e-21)
(1.25928 -0.136377 7.07623e-21)
(1.24251 -0.144549 1.09144e-20)
(1.24464 -0.144001 3.29056e-20)
(1.24677 -0.143462 1.32704e-20)
(1.24889 -0.142931 -6.55771e-21)
(1.25101 -0.14241 -4.00627e-20)
(1.25311 -0.141897 2.12844e-20)
(1.25521 -0.141394 4.72652e-20)
(1.2573 -0.140901 -2.91005e-20)
(1.25938 -0.140419 -1.21453e-20)
(1.26146 -0.139948 4.42436e-20)
(1.26349 -0.139492 -8.12942e-21)
(1.2464 -0.148007 1.19699e-20)
(1.24857 -0.14741 6.52818e-21)
(1.25074 -0.146823 -2.23284e-20)
(1.2529 -0.146245 -3.62546e-20)
(1.25505 -0.145676 2.44433e-20)
(1.2572 -0.145117 -4.58835e-21)
(1.25933 -0.144568 3.2986e-21)
(1.26146 -0.14403 2.46275e-20)
(1.26358 -0.143504 -2.72621e-20)
(1.26569 -0.142988 -3.36196e-20)
(1.26776 -0.14249 2.20906e-20)
(1.25034 -0.151382 -1.213e-20)
(1.25256 -0.150733 -1.37578e-20)
(1.25476 -0.150093 -1.41878e-20)
(1.25696 -0.149463 7.28246e-20)
(1.25915 -0.148843 1.89495e-20)
(1.26133 -0.148233 -1.4188e-20)
(1.26351 -0.147634 3.1404e-20)
(1.26567 -0.147046 -1.3096e-21)
(1.26783 -0.14647 -1.60055e-20)
(1.26998 -0.145904 -2.17357e-20)
(1.27207 -0.145357 -9.61418e-21)
(1.25434 -0.15467 2.7096e-20)
(1.2566 -0.153964 -5.55757e-20)
(1.25885 -0.153267 3.73753e-20)
(1.26109 -0.152581 -1.39114e-20)
(1.26332 -0.151904 -3.00372e-20)
(1.26554 -0.151239 5.78866e-20)
(1.26775 -0.150584 -2.26188e-20)
(1.26995 -0.149939 -6.2545e-21)
(1.27214 -0.149306 4.53877e-20)
(1.27433 -0.148682 1.80052e-20)
(1.27645 -0.148078 -5.45509e-21)
(1.25842 -0.157865 6.35733e-21)
(1.26072 -0.157097 3.02952e-20)
(1.26301 -0.156339 -3.47723e-20)
(1.26529 -0.155591 -5.8396e-20)
(1.26757 -0.154853 -3.11815e-20)
(1.26983 -0.154125 -8.55487e-20)
(1.27208 -0.153406 -4.39862e-20)
(1.27431 -0.152697 -4.2379e-20)
(1.27654 -0.151998 -8.01919e-20)
(1.27875 -0.151304 -5.58693e-21)
(1.28089 -0.150629 4.18158e-20)
(1.26023 -0.161806 4.47302e-21)
(1.26259 -0.160962 -3.9372e-20)
(1.26493 -0.160128 2.81705e-20)
(1.26727 -0.159303 1.38107e-20)
(1.2696 -0.158487 4.48927e-20)
(1.27191 -0.15768 1.01417e-20)
(1.27421 -0.156881 6.94502e-20)
(1.27649 -0.15609 6.27645e-20)
(1.27876 -0.155305 5.23659e-20)
(1.281 -0.154525 5.08642e-20)
(1.28322 -0.153744 5.14389e-20)
(1.28536 -0.15298 -3.32794e-20)
(1.26445 -0.164874 1.46476e-20)
(1.26686 -0.163958 -9.41552e-21)
(1.26925 -0.163051 -6.43026e-20)
(1.27163 -0.162152 5.36093e-20)
(1.274 -0.16126 -1.59336e-20)
(1.27635 -0.160375 4.97701e-20)
(1.27869 -0.159494 -7.90932e-22)
(1.281 -0.158617 -7.89531e-20)
(1.28327 -0.15774 2.9369e-20)
(1.28551 -0.15686 -3.72611e-20)
(1.28771 -0.155969 -5.22698e-21)
(1.28981 -0.155092 -5.01264e-20)
(1.26879 -0.16784 3.04802e-21)
(1.27124 -0.166846 -1.40463e-20)
(1.27368 -0.165858 4.46517e-20)
(1.27611 -0.164876 1.82621e-20)
(1.27851 -0.163899 3.19033e-20)
(1.28089 -0.162923 -7.97449e-20)
(1.28324 -0.161946 -4.40469e-21)
(1.28555 -0.160964 2.96662e-20)
(1.28781 -0.159974 -9.99265e-21)
(1.29001 -0.15897 9.20638e-20)
(1.29212 -0.157938 -3.37876e-21)
(1.29414 -0.156913 7.68443e-20)
(1.27325 -0.170698 -3.88263e-20)
(1.27575 -0.169617 8.22801e-21)
(1.27823 -0.168539 6.54475e-21)
(1.28068 -0.167463 -7.44499e-21)
(1.2831 -0.166385 -4.70267e-20)
(1.28549 -0.165302 1.51103e-20)
(1.28782 -0.16421 -4.22928e-20)
(1.29009 -0.163102 1.42834e-20)
(1.29228 -0.16197 -3.64851e-20)
(1.29437 -0.16081 -1.93296e-20)
(1.29632 -0.159597 -6.04159e-20)
(1.29816 -0.158381 -6.31465e-20)
(1.27782 -0.173436 -1.63136e-20)
(1.28035 -0.172257 1.72316e-20)
(1.28285 -0.171077 1.71229e-20)
(1.28531 -0.169892 -7.78854e-21)
(1.28772 -0.168697 3.08612e-21)
(1.29006 -0.167487 5.54622e-20)
(1.29233 -0.166254 4.44843e-21)
(1.29449 -0.164991 2.70507e-20)
(1.29653 -0.163684 2.07258e-20)
(1.29843 -0.162326 -3.11741e-20)
(1.30009 -0.16088 4.53235e-20)
(1.28248 -0.176038 8.70144e-20)
(1.28501 -0.174748 8.71089e-21)
(1.2875 -0.17345 -5.98206e-20)
(1.28991 -0.172138 -3.7668e-20)
(1.29226 -0.170805 -3.33538e-21)
(1.2945 -0.169443 -3.56978e-20)
(1.29662 -0.16804 -1.03642e-20)
(1.29859 -0.166585 -1.50919e-20)
(1.30037 -0.165059 -1.64144e-20)
(1.30193 -0.163451 -7.40664e-20)
(1.30313 -0.161708 -4.17435e-20)
(1.28714 -0.17848 3.70704e-21)
(1.28964 -0.177064 -2.49968e-20)
(1.29205 -0.17563 9.858e-21)
(1.29437 -0.17417 -1.96821e-20)
(1.29657 -0.172673 1.34294e-20)
(1.29862 -0.171128 -3.15356e-20)
(1.30049 -0.16952 9.4608e-20)
(1.30214 -0.167828 1.98514e-20)
(1.30349 -0.16603 4.34768e-20)
(1.30453 -0.164105 5.50243e-20)
(1.30502 -0.161985 7.96772e-20)
(1.29171 -0.180734 -9.95573e-20)
(1.2941 -0.179173 9.86829e-22)
(1.29637 -0.177581 2.73907e-21)
(1.2985 -0.175948 -7.14947e-21)
(1.30045 -0.174257 8.66558e-21)
(1.30219 -0.172493 1.33856e-20)
(1.30365 -0.170633 -1.04202e-20)
(1.30479 -0.16865 -3.1082e-20)
(1.3055 -0.166512 -5.45079e-20)
(1.30577 -0.164191 -1.78202e-20)
(1.30523 -0.161599 -2.44613e-20)
(1.29603 -0.182766 2.80873e-20)
(1.29823 -0.181039 -5.69627e-21)
(1.30026 -0.179264 7.59337e-21)
(1.30208 -0.177427 4.48831e-20)
(1.30364 -0.175505 8.22502e-21)
(1.30488 -0.173475 5.67741e-20)
(1.30574 -0.171306 1.02038e-20)
(1.30612 -0.168964 3.54208e-20)
(1.30589 -0.166404 4.49807e-20)
(1.30502 -0.163592 1.69122e-20)
(1.30303 -0.160418 -5.88031e-20)
(1.2999 -0.184532 3.33102e-20)
(1.30179 -0.182613 1.36707e-20)
(1.30344 -0.180624 3.2292e-20)
(1.30479 -0.178543 3.56551e-21)
(1.30577 -0.176342 -8.7441e-20)
(1.30629 -0.173989 -4.23034e-20)
(1.30625 -0.171444 -8.62043e-20)
(1.30554 -0.168662 -6.06746e-20)
(1.30397 -0.165589 -4.05518e-20)
(1.30153 -0.16218 7.96037e-20)
(1.29754 -0.158316 -6.29736e-20)
(1.30309 -0.18598 -6.58655e-20)
(1.30452 -0.183833 -1.14111e-20)
(1.3056 -0.181586 -8.52951e-20)
(1.30625 -0.17921 1.25353e-20)
(1.30637 -0.176669 1.21343e-19)
(1.30584 -0.17392 1.77092e-20)
(1.30453 -0.170916 2.70567e-20)
(1.30229 -0.167604 -2.48475e-20)
(1.29888 -0.163923 7.80627e-20)
(1.29428 -0.159819 -2.4407e-20)
(1.28767 -0.155175 3.75225e-20)
(1.30529 -0.187039 2.68797e-20)
(1.30605 -0.184618 -1.41e-20)
(1.30631 -0.182059 7.25931e-20)
(1.30596 -0.179321 2.74005e-20)
(1.30485 -0.176362 -1.30385e-19)
(1.30285 -0.173132 4.5457e-21)
(1.29976 -0.169577 1.38016e-20)
(1.29541 -0.165638 7.62936e-20)
(1.28953 -0.161256 -1.10619e-19)
(1.28208 -0.15638 -9.63263e-20)
(1.27214 -0.150909 1.15834e-19)
(1.30611 -0.187603 4.42415e-20)
(1.30591 -0.184848 -2.17315e-20)
(1.305 -0.181906 -6.53467e-20)
(1.30324 -0.178732 3.18683e-20)
(1.30044 -0.175275 3.05589e-20)
(1.29642 -0.17148 1.99811e-20)
(1.29095 -0.167292 -1.38344e-20)
(1.28382 -0.162654 -5.79267e-20)
(1.27474 -0.157517 6.2441e-20)
(1.26365 -0.151838 4.04223e-20)
(1.24961 -0.145565 -1.04329e-19)
(1.30501 -0.187513 1.04188e-20)
(1.30346 -0.184339 1.3283e-19)
(1.30092 -0.180925 9.53468e-20)
(1.29721 -0.17722 -1.36095e-19)
(1.29212 -0.173176 -1.00142e-20)
(1.28542 -0.168741 -5.5824e-20)
(1.27686 -0.163868 -1.57582e-20)
(1.2662 -0.158516 2.4819e-20)
(1.25316 -0.152656 -8.57029e-20)
(1.23768 -0.146271 -1.6692e-20)
(1.21886 -0.139371 4.95482e-20)
(1.30136 -0.186603 5.21769e-20)
(1.29794 -0.182906 -1.25093e-20)
(1.29319 -0.178908 -7.6445e-20)
(1.28687 -0.174564 1.44585e-19)
(1.27874 -0.169829 3.86554e-20)
(1.26855 -0.164668 1.4158e-20)
(1.25605 -0.159058 -2.73582e-21)
(1.241 -0.152995 -5.84625e-20)
(1.22319 -0.146501 4.24563e-20)
(1.20258 -0.139617 8.74616e-20)
(1.17847 -0.13245 3.48439e-20)
(1.29438 -0.184726 -6.09271e-20)
(1.2885 -0.180414 -1.01925e-20)
(1.28086 -0.175748 5.0418e-20)
(1.2712 -0.17069 -1.20741e-19)
(1.25925 -0.165212 4.60122e-21)
(1.24476 -0.159302 9.41774e-20)
(1.22747 -0.152972 -8.86432e-20)
(1.20718 -0.146266 -3.42928e-21)
(1.18377 -0.139275 1.21947e-19)
(1.15726 -0.132138 -4.28494e-20)
(1.12732 -0.125113 -5.65117e-20)
(1.283 -0.181559 -7.56709e-20)
(1.27394 -0.176554 -6.82269e-20)
(1.26265 -0.171173 -6.834e-20)
(1.24889 -0.165402 -1.84622e-20)
(1.23237 -0.159246 7.00182e-20)
(1.21286 -0.152739 -8.52326e-20)
(1.19017 -0.145948 5.46332e-20)
(1.16418 -0.138988 -1.45143e-20)
(1.13485 -0.132033 -1.14425e-20)
(1.10227 -0.125329 -1.38299e-20)
(1.06646 -0.11927 -2.63828e-20)
(1.26588 -0.176471 -2.51844e-20)
(1.25276 -0.170617 7.20979e-20)
(1.23693 -0.1644 2.05162e-20)
(1.21813 -0.157853 -2.28921e-20)
(1.19614 -0.151041 -6.25234e-20)
(1.1708 -0.144076 7.67357e-20)
(1.14203 -0.13713 4.21077e-20)
(1.10988 -0.130448 -4.38388e-20)
(1.07453 -0.124373 -1.40078e-20)
(1.03629 -0.119362 2.2531e-20)
(0.995658 -0.116022 5.0656e-20)
(1.24227 -0.16951 6.27042e-20)
(1.22421 -0.162639 -8.2963e-20)
(1.20291 -0.155428 -1.21816e-20)
(1.17814 -0.147958 1.85872e-19)
(1.14973 -0.140356 -8.20976e-21)
(1.1176 -0.132813 -2.60776e-20)
(1.08177 -0.125603 6.07936e-20)
(1.04239 -0.119108 2.28432e-20)
(0.999787 -0.113862 -1.52104e-19)
(0.954506 -0.110599 -3.27957e-20)
(0.907559 -0.110311 2.7247e-20)
)
;

boundaryField
{
    inlet
    {
        type            uniformFixedValue;
        uniformValue    constant (1 0 0);
        value           nonuniform 0();
    }
    outlet
    {
        type            pressureInletOutletVelocity;
        value           nonuniform 0();
    }
    cylinder
    {
        type            fixedValue;
        value           nonuniform 0();
    }
    top
    {
        type            symmetryPlane;
    }
    bottom
    {
        type            symmetryPlane;
    }
    defaultFaces
    {
        type            empty;
    }
    procBoundary9to8
    {
        type            processor;
        value           nonuniform List<vector> 
132
(
(1.20458 -0.160812 -2.05585e-20)
(1.20458 -0.160812 -2.05585e-20)
(1.12703 -0.148413 6.98994e-20)
(1.12703 -0.148413 6.98994e-20)
(1.01874 -0.126758 -3.41566e-20)
(1.01874 -0.126758 -3.41566e-20)
(0.888569 -0.104892 -1.29617e-20)
(0.888569 -0.104892 -1.29617e-20)
(0.744882 -0.0827748 8.42331e-20)
(0.693752 -0.0758086 -1.26467e-19)
(0.693752 -0.0758086 -1.26467e-19)
(0.550253 -0.0585643 -1.10778e-20)
(0.550253 -0.0585643 -1.10778e-20)
(0.417939 -0.0460447 4.885e-20)
(0.417939 -0.0460447 4.885e-20)
(0.302647 -0.0385184 4.45576e-20)
(0.267662 -0.037652 1.78335e-19)
(0.267662 -0.037652 1.78335e-19)
(0.179087 -0.0358369 -1.43028e-19)
(0.153491 -0.0365732 2.99902e-19)
(0.153491 -0.0365732 2.99902e-19)
(0.0900583 -0.038411 4.44875e-20)
(0.0900583 -0.038411 4.44875e-20)
(0.0423893 -0.0415981 -1.60229e-19)
(0.0300083 -0.0434465 -8.69062e-20)
(0.0300083 -0.0434465 -8.69062e-20)
(-0.000292285 -0.0470043 -6.93153e-20)
(-0.0076398 -0.0487383 9.64891e-20)
(-0.0076398 -0.0487383 9.64891e-20)
(-0.0249688 -0.051404 -5.25936e-19)
(-0.0288048 -0.0527615 2.8274e-19)
(-0.0288048 -0.0527615 2.8274e-19)
(-0.0367325 -0.053689 1.79388e-19)
(-0.0382468 -0.0545603 7.2937e-20)
(-0.039375 -0.0552369 -3.73742e-21)
(-0.039375 -0.0552369 -3.73742e-21)
(-0.0396185 -0.0536049 1.39597e-19)
(-0.0394779 -0.0538094 4.96053e-20)
(-0.0394779 -0.0538094 4.96053e-20)
(-0.0356914 -0.0496799 -5.92074e-22)
(-0.0348798 -0.0494906 9.44298e-20)
(-0.0339706 -0.0491543 -1.02131e-19)
(-0.0339706 -0.0491543 -1.02131e-19)
(-0.0275392 -0.0423541 -1.07921e-19)
(-0.026451 -0.041778 -7.66152e-20)
(-0.0253365 -0.0410882 9.76239e-20)
(-0.0242053 -0.0402874 5.64356e-20)
(-0.0242053 -0.0402874 5.64356e-20)
(-0.0170198 -0.0312682 6.58096e-20)
(-0.0160429 -0.0304473 -1.172e-19)
(-0.0150794 -0.0295476 5.6661e-20)
(-0.0141343 -0.028571 7.56017e-20)
(-0.0141343 -0.028571 7.56017e-20)
(-0.00778346 -0.018341 1.5224e-20)
(-0.00715637 -0.0175885 -4.13126e-20)
(-0.00655215 -0.0167901 1.45938e-19)
(-0.00597314 -0.0159469 -1.50653e-20)
(-0.00542157 -0.0150604 -6.11276e-21)
(-0.00542157 -0.0150604 -6.11276e-21)
(-0.00153647 -0.00535197 -1.29821e-19)
(-0.00134465 -0.00498591 4.12957e-20)
(-0.00116584 -0.00460555 1.8438e-20)
(-0.00100072 -0.00421166 5.70574e-22)
(-0.000849963 -0.00380508 -2.68398e-20)
(-0.0007142 -0.00338678 4.52877e-20)
(-0.000594012 -0.00295784 -5.15085e-20)
(-0.000489932 -0.00251941 2.02404e-20)
(-0.000402436 -0.00207279 -2.04512e-20)
(-0.000331931 -0.00161932 9.09157e-21)
(-0.000278753 -0.00116044 1.13571e-20)
(1.14569 -0.00223287 -1.29801e-21)
(1.14602 -0.00656338 6.47457e-22)
(1.1466 -0.0108522 -4.98555e-21)
(1.14742 -0.0150536 4.63986e-21)
(1.14742 -0.0150536 4.63986e-21)
(1.14762 -0.0192426 6.02938e-22)
(1.14886 -0.0233514 -7.52485e-22)
(1.1503 -0.0274219 5.28027e-21)
(1.15191 -0.0314618 -1.5719e-21)
(1.15369 -0.0354776 -5.44982e-22)
(1.15562 -0.0394758 -2.61794e-22)
(1.1577 -0.0434611 2.4662e-21)
(1.15992 -0.047438 -3.93395e-22)
(1.16226 -0.05141 -4.25769e-22)
(1.16471 -0.05538 1.72279e-21)
(1.16727 -0.0593503 9.44713e-22)
(1.16994 -0.0633226 -5.23116e-21)
(1.17269 -0.0672979 -1.04841e-20)
(1.17553 -0.071277 4.1915e-21)
(1.17845 -0.0752599 -1.41977e-21)
(1.18145 -0.0792462 8.69185e-21)
(1.18451 -0.0832351 -1.05253e-20)
(1.18764 -0.0872254 -2.36502e-21)
(1.19083 -0.0912153 -2.33831e-21)
(1.19407 -0.0952028 -2.37582e-21)
(1.19737 -0.0991852 1.58542e-21)
(1.20072 -0.10316 -2.67047e-21)
(1.20412 -0.107123 4.58057e-21)
(1.20756 -0.111071 3.58287e-21)
(1.21105 -0.114999 -3.07867e-21)
(1.21457 -0.118904 -4.2391e-21)
(1.21814 -0.122779 2.18037e-21)
(1.22175 -0.126621 4.69565e-21)
(1.22539 -0.130422 2.47628e-20)
(1.22907 -0.134178 -2.67905e-20)
(1.2328 -0.137881 3.20293e-21)
(1.23656 -0.141525 1.15265e-20)
(1.24036 -0.145104 2.12864e-21)
(1.24421 -0.148611 -1.19462e-20)
(1.24811 -0.15204 -4.05241e-21)
(1.25207 -0.155385 -9.68248e-21)
(1.25611 -0.158642 2.17122e-20)
(1.25611 -0.158642 2.17122e-20)
(1.25786 -0.162659 -3.43738e-20)
(1.26203 -0.165798 1.53522e-20)
(1.26632 -0.168842 5.1668e-20)
(1.27073 -0.171784 -2.42858e-20)
(1.27527 -0.174616 3.01369e-20)
(1.2799 -0.177323 -3.76574e-20)
(1.28459 -0.179884 3.25732e-20)
(1.28922 -0.182274 -7.63206e-20)
(1.29369 -0.184459 1.02082e-19)
(1.2978 -0.1864 -9.091e-20)
(1.30136 -0.188052 6.55329e-20)
(1.30411 -0.189352 -1.78728e-20)
(1.30572 -0.19021 3.75804e-22)
(1.30574 -0.19049 -1.20092e-20)
(1.30365 -0.190046 5.03312e-21)
(1.29877 -0.188727 4.41754e-20)
(1.29013 -0.186217 -7.98676e-20)
(1.27657 -0.18196 2.52141e-20)
(1.25735 -0.176003 2.14263e-20)
)
;
    }
    procBoundary9to10
    {
        type            processor;
        value           nonuniform List<vector> 
113
(
(0.647828 -0.123832 1.61929e-19)
(0.860133 -0.11439 1.01716e-19)
(0.647828 -0.123832 1.61929e-19)
(0.571677 -0.112399 -4.44135e-19)
(0.45295 -0.0578291 3.43431e-20)
(0.45295 -0.0578291 3.43431e-20)
(0.399997 -0.0468639 -5.29181e-20)
(0.300429 -0.0354741 -3.7418e-19)
(0.300429 -0.0354741 -3.7418e-19)
(0.260783 -0.029676 3.57164e-19)
(0.182855 -0.0269922 -1.75901e-19)
(0.182855 -0.0269922 -1.75901e-19)
(0.154301 -0.0243377 -1.18444e-19)
(0.0977719 -0.0271281 -6.62621e-20)
(0.0977719 -0.0271281 -6.62621e-20)
(0.0782 -0.0262506 3.84599e-21)
(0.0608542 -0.02572 3.08269e-20)
(0.0263491 -0.0314195 3.81753e-21)
(0.0263491 -0.0314195 3.81753e-21)
(0.0151223 -0.0315406 -5.19363e-20)
(0.00531314 -0.0317985 -6.6862e-20)
(-0.0142301 -0.0376283 5.33019e-20)
(-0.0142301 -0.0376283 5.33019e-20)
(-0.0202002 -0.03785 5.13588e-20)
(-0.0253546 -0.0380554 -4.11452e-20)
(-0.0351803 -0.0426761 -1.65623e-19)
(-0.0351803 -0.0426761 -1.65623e-19)
(-0.0380467 -0.0424919 2.34042e-19)
(-0.0404871 -0.0422003 -5.93784e-20)
(-0.0425704 -0.0417868 -1.37665e-19)
(-0.0451664 -0.0442832 9.1714e-20)
(-0.0451664 -0.0442832 9.1714e-20)
(-0.0460828 -0.043322 -9.7365e-20)
(-0.0468407 -0.0422063 -8.56733e-21)
(-0.0474721 -0.0409316 5.92386e-20)
(-0.0480037 -0.0394946 -1.01955e-19)
(-0.0458765 -0.0395009 -7.32013e-20)
(-0.0458765 -0.0395009 -7.32013e-20)
(-0.0458823 -0.0375567 4.04141e-21)
(-0.0458654 -0.0354631 -5.57342e-20)
(-0.045835 -0.0332248 -1.28439e-20)
(-0.0457982 -0.0308478 -1.42002e-20)
(-0.0457599 -0.0283393 5.01118e-20)
(-0.0457234 -0.025708 -4.24947e-20)
(-0.0456907 -0.0229636 -7.92369e-21)
(-0.0404953 -0.0204787 7.6982e-20)
(-0.0404953 -0.0204787 7.6982e-20)
(-0.040323 -0.017473 -5.7833e-20)
(-0.0401795 -0.0143954 1.52684e-20)
(-0.0400649 -0.0112584 -5.45712e-22)
(-0.0399792 -0.00807465 -8.48608e-21)
(-0.0399222 -0.00485715 -6.557e-21)
(1.15423 -0.00216614 -3.66203e-22)
(1.15457 -0.00639727 -1.02345e-22)
(1.15521 -0.0105864 -3.5628e-22)
(1.15615 -0.014689 6.06254e-22)
(1.15735 -0.0187483 -1.22217e-21)
(1.1588 -0.0227595 2.83047e-21)
(1.16048 -0.0267383 -2.19945e-21)
(1.16238 -0.0306897 1.30764e-21)
(1.16449 -0.0346211 -2.00996e-22)
(1.16678 -0.0385378 -7.25385e-22)
(1.16924 -0.0424445 -1.48349e-21)
(1.17187 -0.0463448 3.11278e-21)
(1.17465 -0.0502416 -7.04952e-21)
(1.17757 -0.054137 1.12986e-20)
(1.18061 -0.0580325 -9.20947e-21)
(1.18378 -0.0619286 3.05733e-21)
(1.18705 -0.0658254 -6.02366e-21)
(1.19043 -0.0697225 2.10014e-21)
(1.1939 -0.0736186 5.0929e-21)
(1.19745 -0.077512 -1.12856e-21)
(1.20109 -0.0814004 -7.14218e-21)
(1.2048 -0.0852809 3.90589e-21)
(1.20857 -0.0891503 1.059e-20)
(1.2124 -0.0930045 -1.74558e-20)
(1.21629 -0.0968391 7.15271e-21)
(1.22023 -0.100649 -1.69683e-20)
(1.22421 -0.104429 7.62488e-21)
(1.22823 -0.108173 2.37161e-20)
(1.23228 -0.111874 -3.30388e-21)
(1.23637 -0.115526 -3.66583e-20)
(1.24048 -0.11912 2.33567e-20)
(1.24461 -0.12265 -5.59976e-22)
(1.24877 -0.126106 2.05529e-21)
(1.25294 -0.129481 -1.9527e-20)
(1.25714 -0.132764 3.64294e-20)
(1.26136 -0.135947 -9.41789e-22)
(1.26562 -0.139019 -8.92769e-21)
(1.26992 -0.141967 -6.9541e-21)
(1.27427 -0.144775 4.13399e-20)
(1.27868 -0.147422 -4.96958e-21)
(1.28312 -0.149878 4.69648e-21)
(1.28757 -0.152105 -5.04111e-20)
(1.29192 -0.154051 -2.08574e-20)
(1.29603 -0.155651 1.95118e-20)
(1.29967 -0.156825 5.14687e-20)
(1.30163 -0.159417 -7.35857e-20)
(1.30163 -0.159417 -7.35857e-20)
(1.3042 -0.159926 9.45154e-20)
(1.30538 -0.159794 -1.1022e-19)
(1.30456 -0.15889 7.7385e-22)
(1.30091 -0.157072 4.99233e-21)
(1.29343 -0.15421 -1.12844e-21)
(1.28091 -0.150214 4.06689e-20)
(1.262 -0.145063 -7.88332e-21)
(1.23533 -0.138902 5.8566e-21)
(1.19973 -0.132142 1.03101e-19)
(1.15402 -0.125173 -1.6115e-19)
(1.09712 -0.118445 5.70807e-20)
(1.03021 -0.11421 1.19722e-19)
(0.954385 -0.114899 -1.03204e-19)
(0.860133 -0.11439 1.01716e-19)
)
;
    }
    procBoundary9to24
    {
        type            processor;
        value           uniform (-0.000243159 -0.000697647 -2.87684e-21);
    }
    procBoundary9to25
    {
        type            processor;
        value           nonuniform List<vector> 9((-0.00432486 0.000923112 -4.09459e-21) (-0.00801803 0.00116559 -7.90971e-22) (-0.0124488 0.00134925 5.07433e-21) (-0.0174354 0.00148081 -6.34193e-21) (-0.0228062 0.00156716 1.06564e-21) (-0.0284164 0.00161531 -4.10505e-21) (-0.0341446 0.00163231 -8.63782e-21) (-0.00155635 -0.000613006 1.02136e-22) (-0.00155635 -0.000613006 1.02136e-22));
    }
    procBoundary9to26
    {
        type            processor;
        value           uniform (-0.0398937 -0.00161931 -6.71323e-21);
    }
}


// ************************************************************************* //
