/*--------------------------------*- C++ -*----------------------------------*\
  =========                 |
  \\      /  F ield         | OpenFOAM: The Open Source CFD Toolbox
   \\    /   O peration     | Website:  https://openfoam.org
    \\  /    A nd           | Version:  7
     \\/     M anipulation  |
\*---------------------------------------------------------------------------*/
FoamFile
{
    version     2.0;
    format      ascii;
    class       volVectorField;
    location    "12";
    object      U;
}
// * * * * * * * * * * * * * * * * * * * * * * * * * * * * * * * * * * * * * //

dimensions      [0 1 -1 0 0 0 0];

internalField   nonuniform List<vector> 
1062
(
(0.360702 -0.107099 -4.90115e-20)
(0.576179 -0.187232 -6.2552e-20)
(0.350742 -0.0975266 -2.10531e-19)
(0.563389 -0.173205 1.05018e-19)
(0.7538 -0.247856 1.81305e-19)
(0.915197 -0.315325 -1.14778e-19)
(0.34027 -0.0882782 2.98471e-20)
(0.549718 -0.15951 2.22532e-20)
(0.739511 -0.231238 -2.12887e-19)
(0.902453 -0.297346 1.59378e-19)
(1.03369 -0.352971 -3.14552e-20)
(1.13192 -0.395241 -1.26784e-19)
(1.19936 -0.423556 8.45104e-20)
(0.329329 -0.0793816 7.49498e-20)
(0.535216 -0.146192 -3.63209e-20)
(0.72405 -0.214911 8.7567e-21)
(0.888277 -0.279513 -3.92366e-20)
(1.02243 -0.335 1.64637e-20)
(1.12444 -0.378185 4.92278e-20)
(1.19582 -0.408067 -1.14705e-19)
(1.2408 -0.425485 -3.68246e-20)
(1.26508 -0.432474 -9.39037e-20)
(1.27456 -0.431568 -4.32309e-20)
(0.108339 -0.0208291 7.45606e-21)
(0.317965 -0.0708619 1.54975e-20)
(0.519936 -0.133292 3.96077e-20)
(0.707462 -0.198928 1.49078e-19)
(0.872695 -0.261881 -5.30853e-22)
(1.0096 -0.31707 1.08927e-19)
(1.11538 -0.361033 8.47828e-20)
(1.19079 -0.39239 6.73026e-20)
(1.2395 -0.411605 2.08831e-20)
(1.26684 -0.420411 -8.98651e-21)
(1.27859 -0.42115 4.41883e-20)
(1.28001 -0.416201 -7.49011e-21)
(1.27528 -0.407603 5.07794e-20)
(1.26744 -0.396903 8.86763e-20)
(0.103519 -0.0179149 -8.0399e-20)
(0.306226 -0.0627417 5.33631e-21)
(0.503937 -0.12085 -4.57044e-20)
(0.6898 -0.183342 -1.01061e-19)
(0.855741 -0.244508 2.82971e-20)
(0.995207 -0.299235 -5.84078e-20)
(1.1047 -0.343829 -1.19611e-19)
(1.18423 -0.37656 1.38269e-20)
(1.23684 -0.397518 3.29657e-20)
(1.26746 -0.408131 -1.494e-20)
(1.2817 -0.410534 1.5798e-20)
(1.28483 -0.407006 3.87431e-20)
(1.28117 -0.399568 2.6057e-20)
(1.2739 -0.389798 -1.67382e-20)
(1.26514 -0.378802 9.38146e-21)
(1.25615 -0.367282 1.32932e-20)
(1.24756 -0.355655 -2.84312e-21)
(1.23962 -0.344112 -8.34353e-21)
(0.0986268 -0.0151896 9.15128e-20)
(0.294162 -0.0550408 -1.12172e-20)
(0.487282 -0.108901 3.61788e-20)
(0.671124 -0.168199 1.75739e-20)
(0.837455 -0.227447 -9.09954e-20)
(0.979271 -0.281547 -2.89827e-20)
(1.09239 -0.326619 -1.70194e-20)
(1.17609 -0.36061 1.39695e-20)
(1.23275 -0.38325 2.51084e-20)
(1.26687 -0.395651 1.59592e-20)
(1.28382 -0.399731 5.31199e-21)
(1.28887 -0.39765 1.56918e-20)
(1.28645 -0.391403 -2.99668e-20)
(1.27989 -0.382588 -1.88007e-20)
(1.27148 -0.372359 5.0606e-21)
(1.2626 -0.361466 1.71399e-20)
(1.254 -0.350365 3.81598e-20)
(1.24597 -0.339283 -9.46918e-21)
(1.23855 -0.328237 3.83201e-20)
(1.23144 -0.317947 6.7421e-22)
(0.0936824 -0.0126568 -1.64875e-20)
(0.281823 -0.047776 1.91581e-20)
(0.470037 -0.0974765 4.0058e-20)
(0.651499 -0.153547 -8.97977e-21)
(0.817885 -0.210752 9.4363e-20)
(0.961808 -0.26406 2.91844e-20)
(1.07845 -0.309449 -4.30772e-22)
(1.16635 -0.344576 1.54844e-20)
(1.2272 -0.368823 3.33802e-22)
(1.26501 -0.382987 -1.99311e-20)
(1.28492 -0.38875 -5.50969e-20)
(1.29211 -0.388144 8.9676e-21)
(1.2911 -0.383116 1.98847e-22)
(1.28539 -0.375282 -5.29723e-20)
(1.27741 -0.365838 2.3757e-20)
(1.26872 -0.355583 -1.22482e-20)
(1.26016 -0.345013 -5.56854e-20)
(1.25208 -0.334392 1.05378e-20)
(1.24457 -0.323753 -2.79746e-20)
(1.23739 -0.313771 1.19017e-20)
(0.0887072 -0.0103189 5.5374e-20)
(0.269263 -0.0409612 -2.25987e-20)
(0.452272 -0.0866069 3.54652e-21)
(0.630995 -0.139428 -8.31815e-21)
(0.797087 -0.194475 1.56441e-20)
(0.942846 -0.246826 -4.06829e-20)
(1.06287 -0.292365 3.97285e-20)
(1.15496 -0.328494 -2.79198e-20)
(1.22013 -0.354264 -1.99693e-20)
(1.26184 -0.370153 1.57825e-21)
(1.28493 -0.377602 6.55916e-20)
(1.29448 -0.378492 -2.43323e-20)
(1.29507 -0.374714 2.13478e-20)
(1.29036 -0.367888 8.77671e-21)
(1.28294 -0.359248 -5.03648e-20)
(1.27451 -0.349642 3.93661e-21)
(1.26603 -0.339609 2.90759e-20)
(1.25794 -0.329449 3.89182e-21)
(1.25037 -0.319217 1.66691e-20)
(1.24315 -0.309542 -5.4433e-21)
(0.0837222 -0.00817692 -2.57926e-20)
(0.256533 -0.0346069 1.93037e-20)
(0.434061 -0.076317 1.68208e-20)
(0.609691 -0.125883 -2.1147e-20)
(0.775125 -0.178667 -3.74025e-20)
(0.922422 -0.229899 3.96888e-20)
(1.04565 -0.275416 6.47842e-23)
(1.1419 -0.312402 1.18441e-20)
(1.21148 -0.339598 4.47639e-21)
(1.25729 -0.357167 -2.55457e-20)
(1.28379 -0.366294 -2.02349e-20)
(1.29593 -0.3687 2.07801e-20)
(1.29834 -0.366201 -1.98044e-20)
(1.29478 -0.36041 7.36496e-21)
(1.28804 -0.352596 2.37816e-20)
(1.27995 -0.343653 -8.40699e-21)
(1.27161 -0.334163 -1.46628e-20)
(1.26355 -0.324466 -1.17711e-21)
(1.25595 -0.31464 -1.97171e-20)
(1.24869 -0.305269 1.72689e-20)
(0.0787478 -0.00623061 -2.94689e-20)
(0.243689 -0.0287208 -1.86955e-20)
(0.415477 -0.066628 -1.26085e-20)
(0.587666 -0.112947 1.25197e-20)
(0.75207 -0.163374 -3.15082e-20)
(0.90058 -0.213329 -8.9482e-21)
(1.0268 -0.258648 -3.12576e-20)
(1.12715 -0.296338 -2.97069e-21)
(1.20122 -0.324852 3.06336e-20)
(1.2513 -0.344044 1.84831e-20)
(1.28144 -0.354837 -6.93518e-21)
(1.29642 -0.358773 -5.61592e-21)
(1.30085 -0.35758 4.78328e-21)
(1.29863 -0.352854 -8.5533e-21)
(1.29269 -0.345888 1.93843e-20)
(1.28503 -0.337622 2.1963e-20)
(1.27689 -0.328683 2.24676e-20)
(1.2689 -0.31945 3.68457e-21)
(1.2613 -0.310032 1.45441e-20)
(1.25404 -0.300962 -1.61972e-20)
(0.0738043 -0.00447839 1.08721e-20)
(0.230783 -0.023307 3.88739e-23)
(0.396599 -0.0575572 -8.18347e-21)
(0.56501 -0.100654 1.21551e-20)
(0.728 -0.148642 -1.51637e-20)
(0.877376 -0.197168 1.14349e-20)
(1.00634 -0.242111 5.17238e-21)
(1.11069 -0.280341 -2.39001e-20)
(1.18929 -0.310053 -1.47713e-20)
(1.24379 -0.3308 -1.39025e-21)
(1.27781 -0.343237 -1.9916e-20)
(1.29587 -0.348714 2.02521e-20)
(1.30256 -0.348854 -9.5473e-23)
(1.30186 -0.345222 -2.72364e-21)
(1.29687 -0.33913 -4.65015e-21)
(1.28975 -0.331558 -6.59687e-21)
(1.28188 -0.323177 -2.42419e-20)
(1.274 -0.314412 -6.7029e-22)
(1.26644 -0.305401 -4.96042e-21)
(1.25919 -0.296629 6.17062e-21)
(0.068911 -0.00291746 -1.63436e-21)
(0.217868 -0.0183667 2.11843e-21)
(0.377504 -0.0491173 5.68927e-21)
(0.541811 -0.0890308 2.9124e-21)
(0.703003 -0.134512 7.70964e-21)
(0.852874 -0.181464 -7.44054e-21)
(0.984307 -0.225853 8.48424e-21)
(1.09251 -0.264453 1.19991e-20)
(1.17566 -0.295232 -1.32739e-21)
(1.23472 -0.317453 1.71171e-21)
(1.27282 -0.331503 2.47231e-21)
(1.29422 -0.338525 -3.87416e-21)
(1.30341 -0.340023 5.01513e-21)
(1.30444 -0.337515 4.004e-21)
(1.30055 -0.332323 -1.28763e-20)
(1.29408 -0.325463 5.45293e-21)
(1.28656 -0.317653 7.5808e-21)
(1.27885 -0.309358 -2.69799e-21)
(1.27135 -0.300756 2.33678e-21)
(1.26413 -0.292279 -3.8431e-21)
(0.0640867 -0.00154384 -2.16885e-21)
(0.204998 -0.0138978 4.42909e-21)
(0.358273 -0.0413172 4.12059e-21)
(0.518166 -0.0781019 1.64741e-21)
(0.67717 -0.121024 6.40647e-21)
(0.827146 -0.166266 -4.3432e-21)
(0.960732 -0.209922 7.22184e-21)
(1.07261 -0.248716 1.31055e-20)
(1.16027 -0.280418 -3.85739e-21)
(1.22402 -0.304022 2.95849e-21)
(1.26641 -0.319643 2.36601e-21)
(1.2914 -0.328208 -3.47027e-21)
(1.30333 -0.331085 5.64416e-21)
(1.30631 -0.329732 2.83717e-21)
(1.3037 -0.325468 -1.21074e-20)
(1.29801 -0.319343 5.11854e-21)
(1.29093 -0.312115 8.03403e-21)
(1.28344 -0.304296 -2.63911e-21)
(1.27604 -0.296104 2.15696e-21)
(1.26888 -0.287919 -3.793e-21)
(0.059349 -0.000352382 4.67251e-21)
(0.192222 -0.0098952 -6.26743e-21)
(0.338984 -0.0341611 -1.02557e-20)
(0.494171 -0.0678865 9.27303e-21)
(0.650603 -0.10821 -4.15632e-21)
(0.800276 -0.151618 8.63012e-21)
(0.935667 -0.194367 3.97164e-21)
(1.051 -0.233173 -2.72225e-20)
(1.14311 -0.265645 -1.1412e-20)
(1.21162 -0.290527 -6.48645e-24)
(1.2585 -0.307665 -1.74913e-20)
(1.28732 -0.317765 1.46203e-20)
(1.30226 -0.322038 -3.22333e-21)
(1.30742 -0.32187 2.11768e-21)
(1.30628 -0.318564 -8.36066e-21)
(1.30151 -0.313197 -4.58598e-21)
(1.29496 -0.306568 -2.19871e-20)
(1.28776 -0.299231 -6.5887e-22)
(1.28051 -0.291452 -7.72357e-21)
(1.27343 -0.283557 7.00235e-21)
(0.0547143 0.000663029 -6.53002e-21)
(0.17959 -0.00635081 -2.16977e-20)
(0.319715 -0.0276489 -6.29704e-21)
(0.469926 -0.0583987 -8.63017e-21)
(0.623407 -0.0961031 -1.69877e-20)
(0.772356 -0.137563 -1.17842e-20)
(0.909174 -0.179235 -4.47385e-20)
(1.0277 -0.217867 5.24364e-21)
(1.12415 -0.250946 2.00836e-20)
(1.19746 -0.276988 2.24235e-20)
(1.24901 -0.29558 3.1245e-21)
(1.2819 -0.307195 -1.88046e-20)
(1.30012 -0.312878 1.79468e-20)
(1.30771 -0.313924 -7.18435e-21)
(1.30824 -0.311609 2.71187e-20)
(1.30455 -0.307027 7.84264e-21)
(1.29865 -0.301013 2.86647e-20)
(1.29181 -0.294169 -2.55383e-21)
(1.28475 -0.286806 1.77883e-20)
(1.27779 -0.2792 -1.31869e-20)
(0.0501978 0.00150946 -1.03013e-20)
(0.167148 -0.0032538 1.08389e-20)
(0.300544 -0.0217765 -1.30634e-20)
(0.445532 -0.0496483 -1.09985e-20)
(0.595692 -0.0847279 -1.05356e-20)
(0.743489 -0.124142 1.15482e-20)
(0.881326 -0.164574 1.27058e-20)
(1.00274 -0.202844 3.38137e-20)
(1.10337 -0.236357 -1.82231e-20)
(1.1815 -0.263429 -3.6742e-20)
(1.23785 -0.283398 -4.36747e-21)
(1.27506 -0.2965 1.97826e-20)
(1.29682 -0.303601 -3.60253e-20)
(1.3071 -0.305888 1.39543e-20)
(1.30954 -0.304597 5.10547e-20)
(1.3071 -0.300829 -3.4561e-20)
(1.30196 -0.295453 -9.93971e-21)
(1.29558 -0.289111 4.45057e-21)
(1.28877 -0.282171 -3.22605e-20)
(1.28194 -0.274852 3.44145e-20)
(0.0458138 0.00219481 -1.4258e-20)
(0.154941 -0.000590706 4.59319e-21)
(0.281545 -0.0165354 1.54714e-20)
(0.421089 -0.0416396 8.3456e-21)
(0.567574 -0.0741058 -1.05142e-20)
(0.713785 -0.111391 -4.95172e-20)
(0.852209 -0.150429 5.17185e-20)
(0.976155 -0.188151 -2.66404e-20)
(1.08078 -0.221918 -3.5655e-20)
(1.16368 -0.249877 2.91585e-20)
(1.22495 -0.271132 4.98085e-20)
(1.26669 -0.285682 -2.16615e-20)
(1.29227 -0.294202 8.63653e-21)
(1.30552 -0.297755 4.60993e-20)
(1.3101 -0.297521 -6.06499e-20)
(1.3091 -0.294599 1.08316e-20)
(1.30488 -0.289884 3.03076e-20)
(1.29904 -0.284059 3.08647e-21)
(1.29255 -0.27755 -9.30642e-21)
(1.2859 -0.270521 -1.15788e-20)
(0.0415748 0.00272772 -4.47753e-20)
(0.143011 0.00165435 7.09891e-20)
(0.262792 -0.0119133 1.5635e-20)
(0.396699 -0.0343722 1.41167e-20)
(0.539171 -0.0642533 8.2372e-20)
(0.683363 -0.0993431 2.39401e-20)
(0.821919 -0.136844 -1.35842e-20)
(0.948012 -0.173834 7.83675e-21)
(1.05637 -0.207668 -2.69015e-20)
(1.14396 -0.23636 8.55646e-21)
(1.21023 -0.258797 -3.02019e-20)
(1.25671 -0.274743 1.25301e-21)
(1.28637 -0.284674 -2.11931e-20)
(1.30286 -0.289514 -2.87358e-20)
(1.30985 -0.290372 -5.17083e-21)
(1.31052 -0.288329 -3.41695e-21)
(0.0374921 0.00311743 9.35892e-20)
(0.131397 0.00349941 -4.04941e-20)
(0.244353 -0.00789416 5.53157e-20)
(0.37246 -0.0278405 -5.89585e-21)
(0.510605 -0.0551813 -6.48539e-20)
(0.652349 -0.0880267 -4.25925e-20)
(0.790568 -0.123861 2.29542e-20)
(0.918383 -0.159939 -2.81058e-20)
(1.03017 -0.193651 4.22346e-21)
(1.12232 -0.22291 3.77575e-20)
(1.19362 -0.246409 -1.30777e-20)
(0.0335754 0.00337371 -7.68681e-20)
(0.120133 0.00496447 -2.88412e-20)
(0.226293 -0.00445824 -6.81988e-20)
(0.348469 -0.0220342 -3.70768e-20)
(0.481996 -0.0468954 -2.37785e-20)
(0.620875 -0.0774659 -4.52504e-20)
(0.758276 -0.11152 -3.62415e-20)
(0.109251 0.00607118 1.92909e-20)
(0.208674 -0.00158272 3.12778e-20)
(1.11024 -0.00214988 -1.61193e-22)
(1.11107 -0.0021439 8.45041e-22)
(1.1119 -0.002138 -2.2068e-22)
(1.11273 -0.00213215 -7.69758e-22)
(1.11355 -0.00212637 8.6319e-22)
(1.11438 -0.00212066 -3.06149e-22)
(1.1152 -0.00211502 9.90878e-23)
(1.11601 -0.00210942 9.96698e-24)
(1.11041 -0.00648331 -3.78172e-22)
(1.11125 -0.0064618 9.65499e-22)
(1.11209 -0.00644023 -2.21343e-22)
(1.11292 -0.00641859 6.25979e-22)
(1.11375 -0.0063969 -4.94994e-22)
(1.11458 -0.00637514 -1.7588e-22)
(1.11541 -0.00635332 3.26564e-22)
(1.11623 -0.00633144 -1.21604e-22)
(1.11075 -0.0106982 -1.04453e-21)
(1.11159 -0.0106625 4.27982e-22)
(1.11244 -0.0106268 5.7782e-22)
(1.11328 -0.0105912 -1.01987e-21)
(1.11412 -0.0105554 4.75452e-22)
(1.11495 -0.0105197 2.67056e-22)
(1.11579 -0.0104839 -2.80475e-22)
(1.11662 -0.0104481 8.52166e-23)
(1.11124 -0.0148738 -3.05703e-22)
(1.11209 -0.014824 2.07579e-21)
(1.11295 -0.0147741 -9.69674e-22)
(1.1138 -0.0147242 4.18802e-22)
(1.11465 -0.0146741 -2.32951e-22)
(1.1155 -0.014624 4.26928e-22)
(1.11634 -0.0145737 -2.60443e-22)
(1.11719 -0.0145234 9.79031e-23)
(1.11187 -0.0189905 -2.36784e-22)
(1.11274 -0.0189268 -5.44359e-22)
(1.11361 -0.0188629 -1.24478e-22)
(1.11447 -0.0187989 4.80774e-22)
(1.11534 -0.0187348 1.62451e-22)
(1.1162 -0.0186706 -8.79817e-23)
(1.11706 -0.0186062 2.49559e-23)
(1.11792 -0.0185417 -4.55203e-23)
(1.11264 -0.0230764 -3.03207e-22)
(1.11353 -0.0229988 1.21338e-21)
(1.11441 -0.0229211 -9.65893e-22)
(1.11529 -0.0228432 1.92459e-22)
(1.11617 -0.0227652 7.80373e-23)
(1.11705 -0.022687 -2.16345e-22)
(1.11792 -0.0226087 4.91414e-23)
(1.1188 -0.0225301 7.96354e-23)
(1.11354 -0.0271344 -1.24606e-21)
(1.11444 -0.0270431 -3.25618e-22)
(1.11534 -0.0269516 6.55651e-22)
(1.11624 -0.0268599 -5.98862e-22)
(1.11713 -0.026768 8.43512e-23)
(1.11803 -0.026676 5.14543e-22)
(1.11892 -0.0265837 -4.79485e-22)
(1.11981 -0.0264912 1.15402e-22)
(1.11454 -0.0311775 6.35615e-22)
(1.11546 -0.0310725 -1.76459e-22)
(1.11638 -0.0309673 4.88818e-22)
(1.1173 -0.0308619 -1.1813e-21)
(1.11822 -0.0307562 8.75705e-22)
(1.11914 -0.0306504 -3.29214e-22)
(1.12005 -0.0305442 2.73552e-22)
(1.12096 -0.0304379 -8.73425e-23)
(1.11565 -0.0352125 6.49327e-22)
(1.1166 -0.0350938 9.27532e-23)
(1.11754 -0.0349749 -3.79949e-22)
(1.11848 -0.0348558 4.71452e-22)
(1.11942 -0.0347364 1.53136e-22)
(1.12035 -0.0346167 2.91743e-22)
(1.12129 -0.0344968 -1.37298e-22)
(1.12223 -0.0343766 -3.75872e-23)
(1.11685 -0.0392476 -1.97394e-22)
(1.11782 -0.0391152 -3.05973e-23)
(1.11878 -0.0389826 -1.42473e-22)
(1.11975 -0.0388497 -1.30881e-22)
(1.12071 -0.0387166 3.03597e-23)
(1.12167 -0.0385832 -3.53798e-22)
(1.12264 -0.0384494 2.35889e-22)
(1.1236 -0.0383154 8.53018e-23)
(1.11814 -0.0432894 9.9834e-22)
(1.11913 -0.0431432 1.49398e-22)
(1.12012 -0.0429969 -8.06986e-22)
(1.12111 -0.0428503 6.63848e-22)
(1.1221 -0.0427034 3.67611e-22)
(1.12309 -0.0425561 -5.07934e-22)
(1.12408 -0.0424085 -5.67378e-23)
(1.12507 -0.0422606 -1.0303e-23)
(1.12052 -0.0471829 -8.29798e-23)
(1.12153 -0.0470228 7.06219e-22)
(1.12255 -0.0468625 -5.72658e-22)
(1.12357 -0.0467018 1.63089e-22)
(1.12459 -0.0465407 1.76223e-22)
(1.12561 -0.0463793 -1.62269e-22)
(1.12662 -0.0462174 -6.89258e-23)
(1.12197 -0.0512443 -9.13774e-22)
(1.12302 -0.0510699 1.21697e-21)
(1.12407 -0.0508949 -8.49025e-22)
(1.12512 -0.0507197 -3.73403e-22)
(1.12617 -0.0505443 -6.00221e-23)
(1.12721 -0.0503685 1.47343e-22)
(1.12826 -0.0501925 8.13143e-23)
(1.12349 -0.0553255 2.59386e-22)
(1.12457 -0.0551369 2.40012e-23)
(1.12565 -0.0549477 6.31372e-22)
(1.12673 -0.0547583 2.87917e-22)
(1.12781 -0.0545687 2.55874e-22)
(1.12889 -0.0543787 -2.91101e-22)
(1.12998 -0.0541884 2.23245e-22)
(1.12506 -0.0594303 -2.60968e-22)
(1.12617 -0.0592276 1.97641e-22)
(1.12729 -0.0590247 8.05691e-22)
(1.1284 -0.0588214 -6.17642e-22)
(1.12952 -0.0586176 -3.52437e-22)
(1.13064 -0.0584135 -1.74845e-22)
(1.13175 -0.058209 -3.15624e-23)
(1.12667 -0.0635691 -7.68339e-22)
(1.12782 -0.0633518 -3.41557e-22)
(1.12898 -0.0631341 -6.20573e-22)
(1.13013 -0.0629161 3.75705e-22)
(1.13128 -0.0626976 -2.82241e-23)
(1.13244 -0.0624788 3.78265e-23)
(1.13359 -0.0622596 1.77085e-23)
(1.12833 -0.0677416 -9.30169e-22)
(1.12952 -0.0675093 3.105e-21)
(1.13071 -0.0672766 7.64269e-23)
(1.1319 -0.0670435 -3.40261e-22)
(1.13309 -0.0668101 5.13613e-22)
(1.13428 -0.0665763 -1.8074e-22)
(1.13548 -0.0663422 1.61915e-23)
(1.13002 -0.0719512 1.6852e-21)
(1.13125 -0.0717035 -7.77761e-22)
(1.13248 -0.0714555 -3.4923e-22)
(1.13371 -0.0712071 3.9958e-23)
(1.13494 -0.0709583 -8.1875e-22)
(1.13618 -0.0707092 -1.21279e-22)
(1.13741 -0.0704597 8.57955e-23)
(1.13174 -0.0762007 -3.88563e-22)
(1.13301 -0.0759373 -1.53037e-21)
(1.13428 -0.0756734 2.76931e-22)
(1.13556 -0.0754092 -7.40105e-22)
(1.13684 -0.0751446 4.95129e-22)
(1.13811 -0.0748797 5.82787e-22)
(1.13939 -0.0746144 -2.20667e-22)
(1.13348 -0.0804925 5.34358e-22)
(1.1348 -0.0802128 4.57813e-22)
(1.13612 -0.0799327 3.9214e-22)
(1.13744 -0.0796522 1.15498e-21)
(1.13876 -0.0793713 -8.01055e-22)
(1.14008 -0.07909 -1.40296e-22)
(1.1414 -0.0788084 -8.70684e-23)
(1.13525 -0.084829 -9.60993e-22)
(1.13661 -0.0845324 3.56788e-22)
(1.13798 -0.0842354 -2.98396e-22)
(1.13934 -0.083938 1.52944e-22)
(1.14071 -0.0836401 6.29697e-22)
(1.14208 -0.0833419 -2.35928e-22)
(1.14345 -0.0830434 2.15012e-23)
(1.13703 -0.089212 4.29549e-22)
(1.13844 -0.088898 -1.64658e-21)
(1.13985 -0.0885835 -2.59207e-24)
(1.14127 -0.0882685 1.82642e-22)
(1.14269 -0.087953 -5.24052e-22)
(1.1441 -0.0876372 2.24397e-22)
(1.14552 -0.0873211 -2.04112e-22)
(1.13882 -0.0936446 3.91737e-22)
(1.14028 -0.0933118 7.60741e-22)
(1.14175 -0.0929786 -4.78922e-22)
(1.14321 -0.092645 -1.65691e-22)
(1.14468 -0.092311 3.49065e-22)
(1.14615 -0.0919767 -3.11057e-22)
(1.14762 -0.0916421 9.7189e-23)
(1.14063 -0.098131 7.47678e-22)
(1.14214 -0.0977777 6.18081e-22)
(1.14366 -0.0974244 1.09789e-21)
(1.14518 -0.0970709 1.33831e-22)
(1.1467 -0.0967172 2.19731e-22)
(1.14822 -0.0963633 1.90491e-22)
(1.14975 -0.0960091 1.73352e-22)
(1.14244 -0.102662 -1.16322e-21)
(1.14401 -0.102289 -3.09609e-22)
(1.14558 -0.101916 -1.14872e-21)
(1.14716 -0.101543 -2.29871e-22)
(1.14873 -0.101169 -5.83914e-23)
(1.15031 -0.100795 2.83863e-22)
(1.15189 -0.10042 -2.62101e-22)
(1.14425 -0.107245 7.15942e-22)
(1.14588 -0.106852 -1.80656e-22)
(1.14751 -0.106458 1.87544e-21)
(1.14914 -0.106063 -1.41242e-21)
(1.15078 -0.105668 -5.11453e-22)
(1.15241 -0.105273 1.57143e-23)
(1.15405 -0.104877 -2.43713e-22)
(1.14607 -0.111886 -4.06212e-22)
(1.14776 -0.111471 -4.50929e-22)
(1.14945 -0.111054 -6.64442e-22)
(1.15114 -0.110637 2.25426e-21)
(1.15283 -0.110219 1.48962e-21)
(1.15453 -0.109801 -3.10857e-22)
(1.15622 -0.109382 1.75747e-22)
(1.14789 -0.116583 1.20863e-21)
(1.14964 -0.116143 1.42264e-21)
(1.15139 -0.115702 -1.44446e-21)
(1.15315 -0.115261 6.70906e-22)
(1.1549 -0.114819 -3.31293e-22)
(1.15666 -0.114377 -1.22631e-22)
(1.15841 -0.113934 -2.65062e-22)
(1.14971 -0.121337 1.93681e-22)
(1.15153 -0.120872 -9.33402e-22)
(1.15335 -0.120405 2.00265e-21)
(1.15516 -0.119938 -2.34132e-21)
(1.15698 -0.119471 -1.63548e-22)
(1.1588 -0.119002 -1.93012e-23)
(1.16062 -0.118534 5.35457e-22)
(1.15153 -0.12615 1.84955e-21)
(1.15342 -0.125657 4.7348e-22)
(1.1553 -0.125164 -3.20194e-22)
(1.15719 -0.12467 6.5661e-22)
(1.15907 -0.124174 -4.85914e-22)
(1.16096 -0.123678 7.39521e-22)
(1.16284 -0.123182 -4.75764e-22)
(1.15335 -0.13102 -6.45373e-21)
(1.15531 -0.130499 -3.04482e-21)
(1.15727 -0.129976 2.4049e-22)
(1.15922 -0.129452 2.03121e-22)
(1.16117 -0.128928 6.79577e-22)
(1.16313 -0.128402 -4.83817e-22)
(1.16508 -0.127876 3.50236e-23)
(1.15518 -0.135963 4.44063e-21)
(1.15721 -0.135407 2.0792e-21)
(1.15923 -0.134852 -1.84445e-21)
(1.16126 -0.134295 -2.89226e-22)
(1.16328 -0.133738 -1.19621e-21)
(1.16531 -0.13318 6.27349e-22)
(1.16733 -0.132622 1.44865e-22)
(1.15702 -0.140956 -2.05436e-21)
(1.15912 -0.140368 1.75384e-22)
(1.16122 -0.139779 2.43729e-21)
(1.16332 -0.139189 -2.14588e-21)
(1.16541 -0.138598 9.20781e-22)
(1.16751 -0.138006 -4.61882e-22)
(1.1696 -0.137413 2.0749e-22)
(1.15884 -0.146004 -2.9327e-22)
(1.16102 -0.145383 -1.02421e-21)
(1.1632 -0.14476 -1.64988e-21)
(1.16538 -0.144135 1.08855e-21)
(1.16755 -0.143508 -2.05168e-22)
(1.16972 -0.14288 -1.30697e-21)
(1.17189 -0.142251 2.81523e-22)
(1.16068 -0.151128 3.5379e-21)
(1.16294 -0.150468 -1.10759e-21)
(1.1652 -0.149806 1.43736e-21)
(1.16745 -0.149142 3.49592e-22)
(1.16971 -0.148475 8.48711e-22)
(1.17195 -0.147808 1.49596e-21)
(1.1742 -0.147139 -6.37872e-22)
(1.16252 -0.156315 -4.99238e-22)
(1.16486 -0.155614 2.52804e-21)
(1.16721 -0.15491 -1.08132e-21)
(1.16955 -0.154204 -1.22959e-21)
(1.17188 -0.153495 -7.40953e-22)
(1.17421 -0.152785 -4.11183e-22)
(1.17653 -0.152073 -2.32506e-22)
(1.16436 -0.16157 -8.15457e-22)
(1.1668 -0.160825 -2.80651e-21)
(1.16923 -0.160076 1.21864e-21)
(1.17165 -0.159325 4.36476e-23)
(1.17407 -0.15857 -1.19162e-22)
(1.17648 -0.157814 9.72088e-22)
(1.17888 -0.157056 5.82748e-22)
(1.16622 -0.166895 -5.63834e-22)
(1.16875 -0.166101 3.17854e-23)
(1.17127 -0.165304 2.1055e-22)
(1.17379 -0.164503 2.12573e-21)
(1.17629 -0.1637 9.48135e-22)
(1.17878 -0.162894 -2.4857e-22)
(1.18127 -0.162085 -6.39833e-22)
(1.1681 -0.172297 -1.5415e-21)
(1.17072 -0.17145 -1.75937e-22)
(1.17334 -0.170599 -2.61337e-21)
(1.17594 -0.169744 4.92343e-22)
(1.17853 -0.168886 -1.32872e-21)
(1.18112 -0.168026 4.45345e-22)
(1.18369 -0.167163 3.57505e-22)
(1.17 -0.177762 4.88767e-21)
(1.17272 -0.17686 6.89815e-21)
(1.17543 -0.175953 7.40197e-22)
(1.17813 -0.175041 -2.57028e-21)
(1.18081 -0.174126 -3.10316e-23)
(1.18349 -0.173208 -9.90936e-22)
(1.18615 -0.172287 3.99975e-22)
(1.17191 -0.183297 -3.3604e-22)
(1.17474 -0.182336 -1.04126e-20)
(1.17755 -0.18137 2.04298e-21)
(1.18034 -0.180398 3.34158e-21)
(1.18312 -0.179421 3.14473e-22)
(1.18589 -0.17844 5.72291e-22)
(1.18864 -0.177456 -1.0384e-21)
(1.17385 -0.188915 -3.34108e-21)
(1.17679 -0.187889 1.03235e-20)
(1.1797 -0.186857 -4.37051e-21)
(1.1826 -0.185818 -2.23209e-21)
(1.18548 -0.184774 1.42705e-21)
(1.18834 -0.183726 8.46384e-22)
(1.19119 -0.182673 3.80047e-23)
(1.17583 -0.194609 6.97461e-21)
(1.17887 -0.193514 -1.03314e-20)
(1.18189 -0.19241 3.86702e-21)
(1.1849 -0.1913 2.54968e-21)
(1.18788 -0.190184 -2.59999e-21)
(1.19084 -0.189063 3.15818e-22)
(1.19378 -0.187937 8.17868e-22)
(1.17783 -0.200387 -8.87862e-21)
(1.181 -0.199215 4.76981e-21)
(1.18413 -0.198035 -2.74328e-21)
(1.18724 -0.196848 -1.49237e-21)
(1.19033 -0.195653 3.76673e-22)
(1.1934 -0.194452 -1.0084e-21)
(1.19644 -0.193246 -5.76021e-22)
(1.17989 -0.206252 5.33899e-21)
(1.18317 -0.204998 7.5052e-21)
(1.18642 -0.203734 5.31735e-22)
(1.18965 -0.202462 -5.20972e-22)
(1.19285 -0.201182 -3.65464e-24)
(1.19602 -0.199895 -9.22745e-22)
(1.19917 -0.198603 4.58663e-22)
(1.182 -0.212197 9.39354e-22)
(1.18541 -0.210855 -1.16397e-20)
(1.18878 -0.209503 1.02997e-21)
(1.19212 -0.20814 -3.19335e-22)
(1.19544 -0.206769 1.85644e-21)
(1.19872 -0.205391 6.54503e-22)
(1.20197 -0.204006 -1.2997e-21)
(1.18417 -0.218229 6.92235e-22)
(1.1877 -0.216794 5.03112e-21)
(1.1912 -0.215346 -1.45288e-21)
(1.19467 -0.213887 1.70614e-21)
(1.1981 -0.212418 1.6478e-21)
(1.20149 -0.21094 -1.01843e-21)
(1.20485 -0.209455 8.75751e-22)
(1.1864 -0.224358 2.79928e-21)
(1.19007 -0.222821 -6.79465e-21)
(1.1937 -0.221269 1.97327e-21)
(1.1973 -0.219705 1.12844e-21)
(1.20085 -0.218129 -2.8335e-21)
(1.20436 -0.216544 -1.33631e-22)
(1.20783 -0.21495 -4.26872e-22)
(1.1887 -0.230584 2.74053e-21)
(1.19252 -0.228936 1.32763e-20)
(1.19629 -0.227272 2.26379e-21)
(1.20002 -0.225595 3.5682e-22)
(1.2037 -0.223904 2.74389e-21)
(1.20733 -0.222203 -1.3252e-21)
(1.21092 -0.220494 1.01746e-21)
(1.1911 -0.236914 -4.02775e-21)
(1.19507 -0.235146 2.69338e-21)
(1.19898 -0.233361 -5.86355e-21)
(1.20284 -0.231561 -5.47267e-21)
(1.20666 -0.229747 -5.31944e-21)
(1.21042 -0.227921 2.6985e-21)
(1.21413 -0.226086 -1.32619e-21)
(1.1936 -0.243346 -6.47907e-21)
(1.19772 -0.241451 -1.10188e-20)
(1.20179 -0.239537 -7.44625e-21)
(1.20579 -0.237605 1.73101e-21)
(1.20974 -0.235659 -6.60248e-22)
(1.21364 -0.233701 -3.14124e-21)
(1.21748 -0.231732 6.57771e-22)
(1.1962 -0.24989 4.69192e-21)
(1.20049 -0.24786 -6.81237e-22)
(1.20472 -0.245807 2.45586e-21)
(1.20888 -0.243736 4.70547e-21)
(1.21298 -0.241649 7.60223e-21)
(1.21702 -0.239549 1.13438e-21)
(1.22101 -0.237437 -7.72764e-22)
(1.19895 -0.256559 4.14493e-22)
(1.20342 -0.254384 9.0792e-21)
(1.20782 -0.252185 1.46681e-20)
(1.21215 -0.249965 -1.24037e-21)
(1.21641 -0.247727 -2.34404e-21)
(1.22061 -0.245475 -1.95241e-22)
(1.22474 -0.243211 1.86229e-21)
(1.20187 -0.263376 -5.19316e-21)
(1.20654 -0.261044 -1.02323e-23)
(1.21113 -0.258687 -2.97599e-21)
(1.21564 -0.256307 1.62547e-22)
(1.22008 -0.253908 7.89214e-22)
(1.22444 -0.251492 3.476e-21)
(1.22874 -0.249063 -2.06399e-21)
(1.20504 -0.270354 -4.41087e-21)
(1.20992 -0.267857 -1.78933e-21)
(1.21471 -0.26533 -9.20627e-21)
(1.21942 -0.262778 2.60153e-21)
(1.22405 -0.260203 -1.0362e-21)
(1.22859 -0.257609 -5.04284e-22)
(1.23304 -0.254999 1.87366e-21)
(1.20851 -0.277518 4.87633e-21)
(1.21362 -0.274841 -2.96981e-21)
(1.21863 -0.272129 -7.05296e-21)
(1.22354 -0.269385 -2.19466e-21)
(1.22836 -0.266615 -2.30804e-21)
(1.23307 -0.263821 -3.841e-21)
(1.23768 -0.261008 -1.92491e-21)
(1.21237 -0.284893 1.02184e-20)
(1.21771 -0.282011 -1.11382e-21)
(1.22293 -0.279087 1.43897e-20)
(1.22804 -0.276126 6.12418e-22)
(1.23302 -0.273132 7.77296e-21)
(1.23789 -0.270111 1.68924e-21)
(1.24264 -0.267065 2.9963e-21)
(1.21663 -0.29246 -1.84335e-20)
(1.22218 -0.289341 1.43231e-20)
(1.22759 -0.286172 -1.91925e-20)
(1.23285 -0.28296 -5.3178e-21)
(1.23798 -0.279711 -1.0447e-20)
(1.24296 -0.276429 1.78833e-21)
(1.24781 -0.27312 -2.04174e-21)
(1.22123 -0.300107 1.33725e-20)
(1.22693 -0.296719 -8.78848e-21)
(1.23248 -0.293277 2.65898e-20)
(1.23786 -0.289787 1.36244e-21)
(1.24308 -0.286255 -4.61769e-22)
(1.24814 -0.282689 -1.40401e-21)
(1.25303 -0.279095 2.48156e-21)
(1.2259 -0.307807 1.58205e-21)
(1.23172 -0.304114 5.55939e-21)
(1.23736 -0.300364 -2.76614e-20)
(1.24282 -0.296565 6.08599e-21)
(1.24809 -0.292724 5.06219e-21)
(1.25318 -0.28885 -2.58884e-23)
(1.2581 -0.28495 -1.77073e-21)
(1.11683 -0.00210387 9.25548e-24)
(1.11764 -0.00209835 1.10732e-22)
(1.11845 -0.00209284 6.20429e-23)
(1.11925 -0.00208733 6.13449e-22)
(1.12005 -0.00208182 -4.75013e-22)
(1.11705 -0.00630948 -1.1657e-22)
(1.11787 -0.00628743 3.61081e-22)
(1.11868 -0.0062653 -1.57349e-22)
(1.11949 -0.00624307 -5.25546e-22)
(1.1203 -0.00622074 6.92236e-22)
(1.11745 -0.0104122 9.06125e-23)
(1.11827 -0.0103762 -3.28678e-22)
(1.1191 -0.0103401 2.2616e-22)
(1.11992 -0.0103039 5.63004e-22)
(1.12073 -0.0102676 -1.16298e-21)
(1.11803 -0.0144728 8.131e-23)
(1.11886 -0.0144222 -2.69426e-22)
(1.1197 -0.0143714 4.29673e-22)
(1.12053 -0.0143204 -5.29882e-22)
(1.12136 -0.0142692 5.98666e-22)
(1.11877 -0.0184771 -1.1694e-23)
(1.11962 -0.0184122 6.32628e-23)
(1.12047 -0.0183472 -2.30351e-23)
(1.12132 -0.0182819 3.22123e-22)
(1.12216 -0.0182164 4.65598e-22)
(1.11967 -0.0224514 6.19852e-23)
(1.12053 -0.0223724 -1.33379e-23)
(1.1214 -0.0222932 -2.23579e-22)
(1.12226 -0.0222137 2.54878e-22)
(1.12312 -0.0221339 3.49568e-22)
(1.1207 -0.0263985 1.13923e-22)
(1.12159 -0.0263055 -3.57136e-22)
(1.12247 -0.0262122 5.10584e-22)
(1.12336 -0.0261186 -6.85177e-23)
(1.12424 -0.0260247 -6.12535e-22)
(1.12187 -0.0303312 -9.58156e-23)
(1.12278 -0.0302243 2.74586e-22)
(1.12368 -0.030117 -5.40772e-22)
(1.12459 -0.0300094 1.1123e-21)
(1.12549 -0.0299014 -1.37001e-21)
(1.12316 -0.0342561 -6.95198e-23)
(1.12409 -0.0341352 -3.07049e-22)
(1.12502 -0.034014 1.99722e-22)
(1.12595 -0.0338925 -1.54306e-22)
(1.12687 -0.0337705 -8.02335e-23)
(1.12456 -0.038181 1.37246e-22)
(1.12551 -0.0380463 2.78519e-22)
(1.12647 -0.0379112 -3.34953e-22)
(1.12742 -0.0377756 1.90407e-22)
(1.12837 -0.0376397 -3.76078e-22)
(1.12605 -0.0421123 -3.15957e-23)
(1.12704 -0.0419636 1.36348e-22)
(1.12802 -0.0418146 -3.52031e-22)
(1.129 -0.0416651 4.18371e-22)
(1.12998 -0.0415151 1.08061e-21)
(1.12764 -0.0460552 1.51175e-23)
(1.12865 -0.0458926 -3.04208e-22)
(1.12967 -0.0457296 2.10867e-22)
(1.13068 -0.0455662 1.318e-22)
(1.13169 -0.0454022 -1.18811e-21)
(1.12931 -0.0500161 -4.24236e-23)
(1.13036 -0.0498392 1.06761e-22)
(1.1314 -0.049662 -1.77508e-22)
(1.13245 -0.0494844 3.91318e-22)
(1.13349 -0.0493063 6.57569e-22)
(1.13106 -0.0539978 2.84449e-22)
(1.13214 -0.0538068 -2.57444e-22)
(1.13322 -0.0536153 -9.42539e-23)
(1.1343 -0.0534235 -4.97209e-22)
(1.13537 -0.0532311 -1.36818e-22)
(1.13287 -0.0580041 -9.37463e-23)
(1.13399 -0.0577988 2.00338e-22)
(1.1351 -0.0575931 3.51005e-22)
(1.13622 -0.0573869 -4.754e-23)
(1.13733 -0.0571803 5.99194e-22)
(1.13474 -0.0620401 9.33193e-23)
(1.1359 -0.0618201 -5.83501e-22)
(1.13705 -0.0615997 -3.5626e-22)
(1.13821 -0.0613789 -2.57638e-22)
(1.13936 -0.0611576 9.0712e-22)
(1.13667 -0.0661076 4.94398e-23)
(1.13787 -0.0658727 4.0091e-23)
(1.13906 -0.0656374 2.79399e-22)
(1.14026 -0.0654017 -2.7297e-22)
(1.14145 -0.0651656 -8.70169e-22)
(1.13865 -0.0702098 -5.18683e-23)
(1.13989 -0.0699596 1.32058e-24)
(1.14112 -0.069709 8.29447e-22)
(1.14236 -0.069458 4.6212e-22)
(1.1436 -0.0692066 -7.69127e-22)
(1.14067 -0.0743488 -1.28797e-22)
(1.14195 -0.0740828 2.60808e-23)
(1.14323 -0.0738165 -6.74962e-22)
(1.14451 -0.0735498 -1.89111e-22)
(1.14579 -0.0732827 1.79773e-21)
(1.14273 -0.0785265 -1.6875e-22)
(1.14405 -0.0782442 2.79498e-22)
(1.14538 -0.0779617 -2.85802e-22)
(1.14671 -0.0776788 5.00509e-23)
(1.14803 -0.0773956 -1.75693e-21)
(1.14482 -0.0827445 1.45582e-22)
(1.14619 -0.0824454 -4.29086e-22)
(1.14757 -0.082146 -3.32978e-22)
(1.14894 -0.0818463 9.06116e-22)
(1.15032 -0.0815463 1.28293e-21)
(1.14695 -0.0870046 2.13985e-23)
(1.14837 -0.0866879 7.20707e-22)
(1.14979 -0.0863709 6.85077e-22)
(1.15122 -0.0860537 -7.17898e-22)
(1.15264 -0.0857362 1.89113e-22)
(1.1491 -0.0913072 -1.3021e-22)
(1.15057 -0.0909721 -6.20671e-22)
(1.15204 -0.0906368 -1.99543e-22)
(1.15352 -0.0903012 9.28548e-22)
(1.155 -0.0899655 -1.29603e-21)
(1.15127 -0.0956547 -2.25171e-22)
(1.1528 -0.0953001 2.31637e-22)
(1.15433 -0.0949454 -2.18626e-22)
(1.15585 -0.0945905 -2.36947e-22)
(1.15738 -0.0942355 3.64488e-22)
(1.15347 -0.100046 -4.9172e-23)
(1.15505 -0.0996707 8.71989e-23)
(1.15663 -0.0992957 -6.65724e-22)
(1.15822 -0.0989205 1.15938e-21)
(1.1598 -0.0985454 5.83526e-22)
(1.15568 -0.104481 -8.9622e-23)
(1.15732 -0.104085 2.76657e-22)
(1.15896 -0.103689 1.18067e-21)
(1.1606 -0.103292 -2.31521e-23)
(1.16224 -0.102896 -6.26774e-22)
(1.15792 -0.108963 1.44048e-24)
(1.15962 -0.108544 3.03256e-23)
(1.16131 -0.108125 -3.56901e-22)
(1.16301 -0.107706 -4.02792e-21)
(1.16471 -0.107286 1.29993e-21)
(1.16017 -0.113491 3.9901e-23)
(1.16193 -0.113047 -6.78033e-23)
(1.16369 -0.112604 4.07303e-23)
(1.16545 -0.11216 5.31006e-22)
(1.16721 -0.111717 1.03233e-22)
(1.16244 -0.118064 4.08709e-22)
(1.16426 -0.117595 -2.11592e-23)
(1.16608 -0.117126 -1.34497e-23)
(1.1679 -0.116656 2.00881e-21)
(1.16972 -0.116187 -1.54672e-21)
(1.16473 -0.122685 -6.69771e-22)
(1.16661 -0.122188 -6.78673e-22)
(1.1685 -0.12169 1.16282e-23)
(1.17038 -0.121193 -4.41441e-22)
(1.17227 -0.120696 1.04102e-21)
(1.16703 -0.12735 2.69488e-22)
(1.16898 -0.126823 8.89931e-22)
(1.17093 -0.126296 -2.86406e-22)
(1.17288 -0.125769 -1.60483e-21)
(1.17483 -0.125242 8.14732e-22)
(1.16935 -0.132063 -2.23476e-22)
(1.17137 -0.131504 6.02825e-22)
(1.17339 -0.130944 1.49114e-21)
(1.17541 -0.130385 7.14482e-22)
(1.17742 -0.129826 1.47828e-21)
(1.17169 -0.13682 5.29208e-22)
(1.17378 -0.136226 -9.39385e-22)
(1.17587 -0.135632 -9.87275e-22)
(1.17796 -0.135038 2.41749e-21)
(1.18004 -0.134444 -3.83395e-21)
(1.17405 -0.141621 3.83565e-22)
(1.17621 -0.14099 -3.76534e-22)
(1.17837 -0.140359 1.28236e-21)
(1.18053 -0.139728 -1.16892e-21)
(1.18268 -0.139097 2.24559e-21)
(1.17644 -0.146469 -8.92668e-22)
(1.17867 -0.145798 1.69037e-21)
(1.1809 -0.145127 -1.72835e-21)
(1.18313 -0.144455 -3.8024e-22)
(1.18536 -0.143784 -1.30616e-21)
(1.17884 -0.15136 -1.71753e-23)
(1.18116 -0.150646 -3.13864e-22)
(1.18346 -0.149931 8.49721e-22)
(1.18577 -0.149216 7.98981e-22)
(1.18806 -0.148501 1.55408e-21)
(1.18128 -0.156296 6.8988e-22)
(1.18367 -0.155535 -1.8668e-21)
(1.18606 -0.154773 1.45393e-22)
(1.18843 -0.154011 1.19476e-21)
(1.19081 -0.153249 -2.40642e-21)
(1.18375 -0.161275 -9.70468e-22)
(1.18622 -0.160464 6.57651e-22)
(1.18868 -0.159651 -1.80187e-21)
(1.19114 -0.158838 -1.56852e-21)
(1.19359 -0.158024 -1.66825e-21)
(1.18625 -0.166298 5.58397e-22)
(1.1888 -0.165432 -6.93362e-22)
(1.19135 -0.164564 1.07701e-21)
(1.19388 -0.163696 2.46829e-22)
(1.19641 -0.162827 1.93603e-21)
(1.18879 -0.171363 6.09411e-23)
(1.19143 -0.170437 9.93891e-22)
(1.19406 -0.16951 -1.39013e-22)
(1.19667 -0.168582 3.35346e-21)
(1.19928 -0.167653 -1.3307e-21)
(1.19138 -0.176469 -9.48801e-22)
(1.19411 -0.17548 -6.28962e-22)
(1.19682 -0.174489 2.36446e-22)
(1.19951 -0.173496 -4.22994e-21)
(1.2022 -0.172503 -1.60234e-21)
(1.19402 -0.181618 3.64606e-22)
(1.19683 -0.180559 -1.00255e-21)
(1.19963 -0.179498 2.66819e-21)
(1.20241 -0.178436 2.80732e-21)
(1.20517 -0.177373 4.55609e-21)
(1.19671 -0.186806 6.52509e-22)
(1.19961 -0.185673 -1.05127e-23)
(1.2025 -0.184538 -1.47573e-21)
(1.20537 -0.1834 -2.72384e-21)
(1.20821 -0.182261 -5.27685e-21)
(1.19946 -0.192036 -7.74187e-22)
(1.20246 -0.190822 1.11942e-21)
(1.20544 -0.189605 8.94744e-23)
(1.20839 -0.188387 4.13707e-22)
(1.21133 -0.187167 3.5058e-21)
(1.20229 -0.197306 1.25422e-21)
(1.20538 -0.196005 6.8884e-22)
(1.20845 -0.194701 1.08308e-21)
(1.21149 -0.193394 6.54042e-23)
(1.21451 -0.192086 -7.10855e-22)
(1.20519 -0.202615 -1.90738e-21)
(1.20838 -0.20122 -1.07922e-21)
(1.21155 -0.199821 -1.14799e-21)
(1.21468 -0.19842 1.29956e-22)
(1.21779 -0.197018 -1.02255e-21)
(1.20818 -0.207963 1.33992e-21)
(1.21147 -0.206467 4.25949e-22)
(1.21473 -0.204966 -1.7985e-21)
(1.21796 -0.203464 -2.71231e-21)
(1.22116 -0.201959 1.97031e-21)
(1.21127 -0.21335 -1.10566e-21)
(1.21467 -0.211745 1.31488e-22)
(1.21803 -0.210135 2.62661e-21)
(1.22135 -0.208523 -2.59537e-23)
(1.22465 -0.206909 -3.16884e-21)
(1.21447 -0.218777 6.47298e-22)
(1.21797 -0.217054 1.31815e-21)
(1.22144 -0.215327 -3.07587e-21)
(1.22487 -0.213598 -1.71686e-21)
(1.22825 -0.211867 -2.18204e-21)
(1.2178 -0.224244 -3.62912e-22)
(1.22141 -0.222395 -2.93197e-21)
(1.22499 -0.220543 -7.03609e-23)
(1.22852 -0.218689 6.90506e-21)
(1.23201 -0.216834 6.09415e-21)
(1.22127 -0.229755 2.9351e-22)
(1.22501 -0.227773 3.71364e-21)
(1.2287 -0.225787 6.49227e-21)
(1.23234 -0.223799 -1.62145e-21)
(1.23594 -0.221812 -4.12655e-21)
(1.22493 -0.235317 -5.1812e-22)
(1.2288 -0.233192 -9.04136e-22)
(1.23261 -0.231063 -9.19955e-21)
(1.23637 -0.228932 -4.502e-21)
(1.24008 -0.226803 7.46022e-21)
(1.22881 -0.240938 1.65639e-21)
(1.23281 -0.238659 -2.15148e-22)
(1.23676 -0.236376 3.24166e-21)
(1.24064 -0.234091 1.52192e-21)
(1.24447 -0.231807 -5.37175e-21)
(1.23295 -0.246624 -2.15284e-21)
(1.2371 -0.244178 -3.31962e-21)
(1.24118 -0.241726 -9.58176e-22)
(1.2452 -0.239272 5.344e-23)
(1.24914 -0.236818 -1.09315e-20)
(1.23741 -0.252376 1.15433e-21)
(1.24171 -0.249744 1.79742e-22)
(1.24591 -0.247104 2.10163e-21)
(1.25004 -0.244461 -3.74244e-21)
(1.25409 -0.241816 1.15878e-20)
(1.2422 -0.258179 -7.4713e-22)
(1.24661 -0.255337 2.43233e-23)
(1.25093 -0.252485 2.73734e-21)
(1.25514 -0.249628 3.6704e-21)
(1.25926 -0.246767 8.18839e-21)
(1.24726 -0.264 2.37959e-21)
(1.25177 -0.260919 1.34563e-21)
(1.25616 -0.257828 -8.75243e-21)
(1.26042 -0.254728 -2.22129e-22)
(1.26456 -0.251626 -1.83338e-20)
(1.25251 -0.269789 -1.29487e-21)
(1.25706 -0.266442 1.83615e-21)
(1.26148 -0.263083 1.23723e-20)
(1.26575 -0.259718 7.02152e-21)
(1.26987 -0.256351 2.27838e-20)
(1.25776 -0.275479 1.453e-21)
(1.26232 -0.271847 -2.1602e-21)
(1.26673 -0.268206 -6.15593e-22)
(1.27097 -0.264561 -1.27053e-21)
(1.27505 -0.260918 -3.2866e-20)
(1.26283 -0.281031 -1.3546e-21)
(1.26739 -0.2771 3.8647e-22)
(1.27176 -0.273164 -5.48084e-21)
(1.27597 -0.269228 -6.48521e-21)
(1.27999 -0.265299 3.2669e-20)
)
;

boundaryField
{
    inlet
    {
        type            uniformFixedValue;
        uniformValue    constant (1 0 0);
        value           nonuniform 0();
    }
    outlet
    {
        type            pressureInletOutletVelocity;
        value           nonuniform 0();
    }
    cylinder
    {
        type            fixedValue;
        value           uniform (0 0 0);
    }
    top
    {
        type            symmetryPlane;
    }
    bottom
    {
        type            symmetryPlane;
    }
    defaultFaces
    {
        type            empty;
    }
    procBoundary6to5
    {
        type            processor;
        value           nonuniform List<vector> 
86
(
(0.370111 -0.116965 -1.3667e-19)
(0.588042 -0.201546 1.5756e-20)
(0.766876 -0.264711 1.0154e-19)
(0.766876 -0.264711 1.0154e-19)
(0.92649 -0.333392 -9.67711e-20)
(1.04339 -0.370931 4.54931e-20)
(1.04339 -0.370931 4.54931e-20)
(1.13783 -0.412158 4.03346e-20)
(1.20145 -0.438824 -2.57676e-21)
(1.24079 -0.439135 -5.78683e-21)
(1.24079 -0.439135 -5.78683e-21)
(1.26222 -0.444306 -2.37444e-20)
(1.26964 -0.441776 9.20843e-20)
(1.27445 -0.425228 7.33779e-20)
(1.27445 -0.425228 7.33779e-20)
(1.26882 -0.4155 5.56621e-20)
(1.26051 -0.403894 1.25093e-19)
(1.25842 -0.385157 1.29387e-20)
(1.25842 -0.385157 1.29387e-20)
(1.24937 -0.37302 7.79529e-20)
(1.24084 -0.36087 4.03023e-20)
(1.23301 -0.348869 -6.3279e-21)
(1.2323 -0.33266 -5.76606e-20)
(1.2323 -0.33266 -5.76606e-20)
(1.22528 -0.32206 -4.6485e-21)
(1.10941 -0.00215597 -9.15443e-22)
(1.10957 -0.00650478 3.0506e-22)
(1.1099 -0.0107338 -1.56082e-21)
(1.11038 -0.0149235 1.18161e-21)
(1.111 -0.0190542 4.86224e-22)
(1.11176 -0.0231538 -1.07012e-21)
(1.11264 -0.0272256 -1.65041e-21)
(1.11362 -0.0312823 1.38858e-21)
(1.11471 -0.035331 2.92239e-22)
(1.11589 -0.0393798 2.07701e-22)
(1.11715 -0.0434353 -2.74676e-22)
(1.1195 -0.0473433 4.3429e-22)
(1.1195 -0.0473433 4.3429e-22)
(1.12093 -0.0514178 7.38183e-22)
(1.1224 -0.0555131 8.34631e-23)
(1.12394 -0.059633 -3.08978e-22)
(1.12552 -0.0637863 5.54968e-22)
(1.12714 -0.0679737 -2.56388e-22)
(1.12879 -0.0721986 4.87842e-22)
(1.13047 -0.0764638 4.86173e-22)
(1.13217 -0.0807719 -7.2236e-22)
(1.13389 -0.0851252 -2.49205e-22)
(1.13562 -0.0895256 -2.63176e-21)
(1.13736 -0.093977 1.47979e-21)
(1.13911 -0.098483 1.60915e-21)
(1.14087 -0.103034 -3.69062e-21)
(1.14263 -0.107637 4.44944e-21)
(1.14438 -0.112301 -2.35938e-21)
(1.14614 -0.117022 7.76057e-22)
(1.1479 -0.121801 -9.02113e-22)
(1.14965 -0.12664 -5.99838e-23)
(1.1514 -0.131539 -7.2307e-23)
(1.15315 -0.136518 3.14462e-22)
(1.15491 -0.141542 -1.12494e-21)
(1.15666 -0.146621 2.66859e-21)
(1.15841 -0.151784 -2.9136e-21)
(1.16016 -0.157012 1.3277e-22)
(1.16192 -0.162312 -1.56809e-21)
(1.16368 -0.167685 1.88103e-21)
(1.16546 -0.173142 -2.30408e-21)
(1.16727 -0.17866 -1.62861e-21)
(1.16908 -0.18425 1.84852e-21)
(1.1709 -0.189933 1.19109e-21)
(1.17276 -0.195696 5.36244e-21)
(1.17465 -0.201549 -4.99742e-21)
(1.17658 -0.207497 8.24393e-21)
(1.17857 -0.213526 -2.73526e-22)
(1.18059 -0.21965 -7.39931e-21)
(1.18268 -0.225879 2.28472e-22)
(1.18484 -0.232213 1.1018e-21)
(1.18708 -0.238663 3.59199e-22)
(1.18941 -0.24522 -1.8748e-21)
(1.19185 -0.251896 6.38584e-21)
(1.1944 -0.258706 -5.92393e-21)
(1.19712 -0.265678 1.06487e-20)
(1.20007 -0.272819 -3.95268e-21)
(1.2033 -0.280155 -8.38999e-22)
(1.20691 -0.287728 1.33463e-21)
(1.21095 -0.295525 -1.56932e-20)
(1.21535 -0.303433 1.78911e-20)
(1.2199 -0.311435 -6.02286e-21)
)
;
    }
    procBoundary6to7
    {
        type            processor;
        value           nonuniform List<vector> 
83
(
(1.30737 -0.284304 8.84405e-21)
(1.30219 -0.279014 1.78949e-20)
(1.29608 -0.272946 -5.25081e-20)
(1.28966 -0.266209 2.68192e-20)
(1.245 -0.263687 1.08779e-20)
(1.27901 -0.275012 -5.60503e-20)
(1.29905 -0.281155 -3.88497e-21)
(1.30871 -0.283137 4.8293e-21)
(1.30737 -0.284304 8.84405e-21)
(1.31127 -0.282011 -2.95379e-20)
(0.887354 -0.146513 -9.77504e-21)
(1.00221 -0.17991 -5.48152e-20)
(1.09874 -0.20956 8.01536e-20)
(1.245 -0.263687 1.08779e-20)
(1.17506 -0.23399 -5.25323e-21)
(0.324819 -0.0169384 7.74234e-20)
(0.453467 -0.0393959 -1.18478e-19)
(0.58908 -0.0676796 -5.47573e-20)
(0.887354 -0.146513 -9.77504e-21)
(0.725177 -0.0998554 -1.11112e-20)
(0.0987778 0.00684258 1.13022e-20)
(0.324819 -0.0169384 7.74234e-20)
(0.191551 0.000758182 6.78438e-20)
(1.12085 -0.00207628 -8.67662e-23)
(1.12111 -0.00619829 1.54794e-22)
(1.12155 -0.0102311 -4.67541e-22)
(1.12218 -0.0142177 -6.24819e-22)
(1.123 -0.0181507 1.27486e-21)
(1.12398 -0.0220538 1.12997e-22)
(1.12511 -0.0259304 4.57951e-22)
(1.12639 -0.0297931 -2.92105e-22)
(1.12779 -0.033648 -2.71935e-22)
(1.12932 -0.0375033 -3.19396e-22)
(1.13096 -0.0413647 1.40142e-21)
(1.1327 -0.0452378 -1.65602e-21)
(1.13453 -0.0491277 2.52042e-21)
(1.13645 -0.0530383 5.30097e-22)
(1.13845 -0.0569731 1.07277e-21)
(1.14051 -0.0609359 1.0377e-21)
(1.14264 -0.064929 -1.31376e-21)
(1.14483 -0.0689549 5.02574e-22)
(1.14707 -0.0730153 1.4982e-21)
(1.14936 -0.077112 -5.28186e-22)
(1.1517 -0.0812461 -7.53536e-22)
(1.15407 -0.0854186 4.85243e-22)
(1.15647 -0.0896297 -6.36539e-22)
(1.15892 -0.0938805 -3.60554e-22)
(1.16139 -0.0981702 1.5779e-21)
(1.16389 -0.102499 -1.90336e-21)
(1.16641 -0.106867 1.32903e-21)
(1.16897 -0.111274 -2.88552e-21)
(1.17155 -0.115718 -6.85723e-23)
(1.17415 -0.120199 2.91663e-21)
(1.17678 -0.124715 1.34094e-21)
(1.17944 -0.129267 -3.31548e-21)
(1.18212 -0.133851 -1.58503e-22)
(1.18484 -0.138466 1.45461e-21)
(1.18758 -0.143112 4.25893e-22)
(1.19036 -0.147786 -4.02542e-21)
(1.19317 -0.152486 2.45042e-21)
(1.19603 -0.157211 -8.16439e-22)
(1.19892 -0.161958 3.30833e-22)
(1.20187 -0.166725 -8.17485e-21)
(1.20487 -0.171509 1.34616e-20)
(1.20792 -0.176309 -1.23699e-20)
(1.21105 -0.181122 3.87311e-21)
(1.21424 -0.185946 3.50716e-21)
(1.21751 -0.190778 -9.44983e-21)
(1.22087 -0.195615 1.55295e-20)
(1.22433 -0.200455 -6.37631e-21)
(1.2279 -0.205296 -1.05835e-21)
(1.2316 -0.210138 -7.85266e-21)
(1.23546 -0.214981 -3.09981e-21)
(1.23949 -0.219827 1.44317e-20)
(1.24374 -0.224676 1.93864e-21)
(1.24825 -0.229526 -1.29252e-20)
(1.25302 -0.234365 9.25815e-22)
(1.25805 -0.239171 3.69023e-21)
(1.26327 -0.243905 4.65071e-21)
(1.26858 -0.248524 -1.58152e-20)
(1.27385 -0.252987 -1.44937e-21)
(1.27897 -0.257281 1.21938e-20)
(1.28384 -0.261382 -5.81701e-21)
)
;
    }
    procBoundary6to22
    {
        type            processor;
        value           nonuniform List<vector> 7((0.126473 -0.034255 3.1281e-20) (0.122152 -0.0306483 8.40209e-20) (0.117676 -0.0272028 -3.26514e-20) (0.113065 -0.0239272 -4.02373e-20) (0.113065 -0.0239272 -4.02373e-20) (0.0298328 0.0035067 -6.661e-21) (0.0298328 0.0035067 -6.661e-21));
    }
}


// ************************************************************************* //
