/*--------------------------------*- C++ -*----------------------------------*\
  =========                 |
  \\      /  F ield         | OpenFOAM: The Open Source CFD Toolbox
   \\    /   O peration     | Website:  https://openfoam.org
    \\  /    A nd           | Version:  7
     \\/     M anipulation  |
\*---------------------------------------------------------------------------*/
FoamFile
{
    version     2.0;
    format      ascii;
    class       surfaceScalarField;
    location    "63";
    object      phi;
}
// * * * * * * * * * * * * * * * * * * * * * * * * * * * * * * * * * * * * * //

dimensions      [0 3 -1 0 0 0 0];

internalField   nonuniform List<scalar> 
2013
(
0.00131967
-0.0193104
0.0193439
0.00141356
-0.0092786
0.00918471
0.00154104
0.00285324
-0.00298071
0.00155959
0.012152
-0.0121705
0.00145887
0.019067
-0.0189662
0.00139702
0.021102
-0.0210402
0.0014399
0.0143604
-0.0144033
0.00152228
0.00252975
-0.00261214
0.00154376
-0.00802175
0.00800027
-0.0157311
0.01582
0.001316
-0.0192786
0.0014144
-0.009377
0.00154357
0.00272406
0.00156138
0.0121342
0.00146202
0.0191663
0.00140076
0.0211633
0.00144021
0.0143209
0.00152059
0.00244936
0.00154362
-0.00804478
-0.0156425
0.00131204
-0.0192483
0.00141493
-0.00947989
0.00154569
0.0025933
0.00156287
0.012117
0.00146502
0.0192642
0.00140419
0.0212241
0.0014401
0.014285
0.00151846
0.00237101
0.0015431
-0.00806941
-0.0155542
0.00130776
-0.0192194
0.00141512
-0.00958725
0.00154738
0.00246104
0.00156406
0.0121003
0.00146786
0.0193604
0.00140732
0.0212847
0.00143962
0.0142527
0.00151592
0.00229471
0.00154219
-0.00809569
-0.0154666
0.00130314
-0.0191916
0.00141492
-0.00969903
0.00154862
0.00232733
0.00156497
0.012084
0.00147055
0.0194548
0.00141017
0.0213451
0.0014388
0.0142241
0.00151299
0.00222052
0.0015409
-0.0081236
-0.0153798
0.00129813
-0.0191647
0.00141427
-0.00981518
0.00154941
0.0021922
0.00156559
0.0120678
0.00147307
0.0195473
0.00141275
0.0214054
0.00143765
0.0141992
0.00150968
0.0021485
0.00153922
-0.00815314
-0.0152939
0.00129271
-0.0191385
0.00141314
-0.00993561
0.00154971
0.00205563
0.00156594
0.0120516
0.00147544
0.0196378
0.00141506
0.0214658
0.00143623
0.014178
0.00150603
0.00207869
0.00153715
-0.00818426
-0.0152093
0.00128684
-0.0191126
0.00141146
-0.0100602
0.00154951
0.00191758
0.00156601
0.0120351
0.00147765
0.0197262
0.00141711
0.0215263
0.00143455
0.0141606
0.00150205
0.00201119
0.0015347
-0.00821691
-0.015126
0.00128052
-0.0190867
0.00140919
-0.0101889
0.00154881
0.00177796
0.00156581
0.0120181
0.00147969
0.0198123
0.00141892
0.0215871
0.00143265
0.0141469
0.00149777
0.00194606
0.00153186
-0.008251
-0.0150443
0.00127372
-0.0190605
0.00140629
-0.0103215
0.00154758
0.00163668
0.00156534
0.0120003
0.00148157
0.0198961
0.00142051
0.0216481
0.00143055
0.0141368
0.00149321
0.0018834
0.00152863
-0.00828641
-0.0149642
0.00126643
-0.0190338
0.00140272
-0.0104578
0.0015458
0.00149359
0.00156461
0.0119815
0.00148327
0.0199774
0.00142188
0.0217095
0.00142828
0.0141304
0.00148838
0.0018233
0.00152501
-0.00832305
-0.0148861
0.00125864
-0.0190061
0.00139843
-0.0105975
0.00154347
0.00134854
0.0015636
0.0119613
0.00148481
0.0200562
0.00142304
0.0217713
0.00142587
0.0141276
0.00148331
0.00176587
0.00152101
-0.00836075
-0.01481
0.00125035
-0.0189771
0.00139339
-0.0107406
0.00154057
0.00120136
0.00156233
0.0119396
0.00148617
0.0201323
0.00142401
0.0218334
0.00142334
0.0141283
0.00147801
0.0017112
0.00151662
-0.00839936
-0.014736
0.00124156
-0.0189466
0.00138757
-0.0108866
0.00153709
0.00105184
0.00156078
0.0119159
0.00148735
0.0202058
0.0014248
0.021896
0.00142071
0.0141324
0.00147251
0.0016594
0.00151186
-0.00843871
-0.0146644
0.00123227
-0.0189142
0.00138095
-0.0110353
0.00153302
0.000899769
0.00155896
0.01189
0.00148835
0.0202764
0.00142542
0.0219589
0.001418
0.0141398
0.00146681
0.0016106
0.00150671
-0.00847861
-0.0145951
0.00122251
-0.0188796
0.00137351
-0.0111863
0.00152834
0.000744938
0.00155686
0.0118614
0.00148916
0.0203441
0.00142588
0.0220222
0.00141523
0.0141504
0.00146094
0.00156488
0.0015012
-0.00851887
-0.0145284
0.00121228
-0.0188425
0.00136523
-0.0113392
0.00152305
0.00058712
0.00155447
0.01183
0.00148978
0.0204088
0.00142618
0.0220858
0.0014124
0.0141642
0.00145491
0.00152238
0.00149531
-0.00855928
-0.0144642
0.00120161
-0.0188027
0.00135611
-0.0114937
0.00151714
0.000426094
0.00155179
0.0117954
0.0014902
0.0204703
0.00142633
0.0221497
0.00140953
0.014181
0.00144872
0.00148319
0.00148906
-0.00859962
-0.0144027
0.0011905
-0.0187599
0.00134615
-0.0116494
0.0015106
0.000261643
0.00154881
0.0117572
0.00149042
0.0205287
0.00142634
0.0222138
0.00140663
0.0142007
0.0014424
0.00144742
0.00148245
-0.00863967
-0.014344
0.00117899
-0.0187139
0.00133533
-0.0118057
0.00150342
9.35597e-05
0.00154553
0.0117151
0.00149044
0.0205838
0.00142621
0.022278
0.00140371
0.0142232
0.00143596
0.00141517
0.00147549
-0.0086792
-0.014288
0.0011671
-0.0186646
0.00132369
-0.0119623
0.0014956
-7.83494e-05
0.00154194
0.0116687
0.00149024
0.0206355
0.00142595
0.0223423
0.00140076
0.0142484
0.0014294
0.00138654
0.00146818
-0.00871799
-0.0142348
0.00115484
-0.0186117
0.00131122
-0.0121187
0.00148713
-0.000254264
0.00153802
0.0116178
0.00148982
0.0206837
0.00142555
0.0224066
0.00139779
0.0142762
0.00142272
0.00136161
0.00146053
-0.0087558
-0.0141844
0.00114225
-0.0185552
0.00129795
-0.0122744
0.00147802
-0.000434334
0.00153377
0.0115621
0.00148919
0.0207283
0.00142502
0.0224707
0.0013948
0.0143064
0.00141595
0.00134046
0.00145255
-0.0087924
-0.0141369
0.00112933
-0.0184949
0.0012839
-0.012429
0.00146825
-0.000618683
0.00152918
0.0115011
0.00148832
0.0207692
0.00142435
0.0225347
0.00139179
0.0143389
0.00140907
0.00132318
0.00144424
-0.00882757
-0.0140922
0.00111611
-0.0184308
0.00126912
-0.012582
0.00145784
-0.000807402
0.00152425
0.0114347
0.00148722
0.0208062
0.00142355
0.0225984
0.00138875
0.0143737
0.00140211
0.00130982
0.00143561
-0.00886107
-0.0140502
0.00110261
-0.0183629
0.00125362
-0.012733
0.00144677
-0.00100055
0.00151895
0.0113626
0.00148587
0.0208393
0.0014226
0.0226616
0.00138567
0.0144107
0.00139505
0.00130045
0.00142667
-0.00889269
0.00138745
-0.014011
-0.0163978
0.00108886
-0.0182912
0.00123746
-0.0128816
0.00143506
-0.00119816
0.00151328
0.0112843
0.00148428
0.0208683
0.00142151
0.0227244
0.00138256
0.0144496
0.00138791
0.0012951
0.00141742
-0.0089222
0.00138089
-0.0139745
-0.0162783
0.00107486
-0.0182156
0.00122067
-0.0130274
0.0014227
-0.00140019
0.00150724
0.0111998
0.00148244
0.0208931
0.00142026
0.0227866
0.0013794
0.0144905
0.00138068
0.00129381
0.00140788
-0.00894939
0.00137396
-0.0139405
-0.0161597
0.00106066
-0.0181363
0.00120329
-0.01317
0.0014097
-0.0016066
0.0015008
0.0111087
0.00148033
0.0209136
0.00141886
0.0228481
0.00137618
0.0145332
0.00137338
0.00129661
0.00139804
-0.00897406
0.00136666
-0.0139092
-0.0160424
0.00104626
-0.0180535
0.00118539
-0.0133092
0.00139606
-0.00181727
0.00149397
0.0110108
0.00147795
0.0209296
0.0014173
0.0229087
0.0013729
0.0145775
0.00136599
0.00130352
0.00138793
-0.008996
0.001359
-0.0138802
-0.0159266
0.00103168
-0.0179672
0.001167
-0.0134445
0.00138179
-0.00203206
0.00148672
0.0109059
0.0014753
0.020941
0.00141556
0.0229685
0.00136956
0.0146235
0.00135853
0.00131455
0.00137755
-0.00901501
0.00135095
-0.0138536
-0.0158126
0.00101696
-0.0178776
0.00114818
-0.0135757
0.00136689
-0.00225078
0.00147906
0.0107937
0.00147237
0.0209477
0.00141365
0.0230272
0.00136615
0.014671
0.001351
0.00132971
0.0013669
-0.00903091
0.00134253
-0.0138293
-0.0157006
0.00100211
-0.017785
0.00112896
-0.0137025
0.00135137
-0.00247319
0.00147096
0.0106741
0.00146914
0.0209495
0.00141156
0.0230847
0.00136267
0.0147199
0.0013434
0.00134898
0.00135599
-0.00904349
0.00133373
-0.013807
-0.0155908
0.00098714
-0.0176896
0.0011094
-0.0138248
0.00133524
-0.00269903
0.00146241
0.0105469
0.00146561
0.0209463
0.00140929
0.0231411
0.00135912
0.0147701
0.00133573
0.00137236
0.00134483
-0.00905259
0.00132455
-0.0137867
-0.0154835
0.000972076
-0.0175917
0.00108953
-0.0139422
0.0013185
-0.002928
0.0014534
0.010412
0.00146178
0.0209379
0.00140684
0.023196
0.00135551
0.0148214
0.00132801
0.00139986
0.00133343
-0.009058
0.00131499
-0.0137683
-0.0153788
0.000956918
-0.0174916
0.0010694
-0.0140547
0.00130116
-0.00315976
0.00144391
0.0102693
0.00145762
0.0209242
0.00140421
0.0232494
0.00135186
0.0148738
0.00132024
0.00143149
0.00132178
-0.00905955
0.00130506
-0.0137516
-0.0152771
0.000941632
-0.0173895
0.001049
-0.0141621
0.00128321
-0.00339397
0.00143388
0.0101186
0.00145311
0.020905
0.00140144
0.0233011
0.00134822
0.014927
0.00131244
0.00146728
0.00130992
-0.00905703
0.00129474
-0.0137364
-0.0151785
0.000926203
-0.0172857
0.00102831
-0.0142642
0.00126458
-0.00363024
0.00142323
0.00995996
0.00144823
0.02088
0.00139859
0.0233507
0.00134471
0.0149809
0.00130467
0.00150731
0.00129784
-0.0090502
0.00128404
-0.0137226
-0.0150832
0.000910855
-0.0171806
0.00100761
-0.0143609
0.00124541
-0.00386804
0.0014119
0.00979347
0.00144292
0.0208489
0.0013957
0.023398
0.00134134
0.0150352
0.00129687
0.00155178
0.00128552
-0.00903885
0.00127299
-0.0137101
-0.0149913
0.00089611
-0.0170745
0.000987815
-0.0144526
0.00122662
-0.00410684
0.00140027
0.00961981
0.00143713
0.0208121
0.00139256
0.0234425
0.00133761
0.0150902
0.0012885
0.00160089
0.0012728
-0.00902315
0.00126168
-0.0136989
-0.0149032
0.00206727
-0.0168345
0.00195504
-0.0143404
0.00193263
-0.00408442
0.00183407
0.00971837
0.00171203
0.0209341
0.00175017
0.0234044
0.00197288
0.0148675
0.00219214
0.00138164
0.00232634
-0.00915736
0.00235004
-0.0137226
-0.0147331
0.00212854
-0.0165864
0.00200189
-0.0142138
0.0019699
-0.00405244
0.00186763
0.00982064
0.00174644
0.0210553
0.00179722
0.0233536
0.0020367
0.014628
0.00226092
0.00115742
0.0023927
-0.00928914
0.00241714
-0.0137471
-0.014562
0.00219119
-0.0163304
0.0020501
-0.0140727
0.00200806
-0.0040104
0.00190172
0.00992699
0.00178164
0.0211754
0.00184639
0.0232889
0.00210398
0.0143704
0.00233361
0.000927788
0.00246224
-0.00941777
0.00248617
-0.013771
-0.0143895
0.00225566
-0.0160669
0.00209988
-0.0139169
0.00204716
-0.00395768
0.00193632
0.0100378
0.00181784
0.0212939
0.00189795
0.0232087
0.00217481
0.0140935
0.00241016
0.000692433
0.00253479
-0.0095424
0.00255721
-0.0137934
-0.0142156
0.00232217
-0.0157961
0.00215137
-0.0137461
0.00208724
-0.00389355
0.00197147
0.0101536
0.00185522
0.0214101
0.00195209
0.0231119
0.00224926
0.0137964
0.0024906
0.000451088
0.00261035
-0.00966214
0.00263033
-0.0138134
-0.0140402
0.00239085
-0.0155183
0.00220468
-0.0135599
0.00212836
-0.00381723
0.0020072
0.0102748
0.00189393
0.0215234
0.00200902
0.0229968
0.00232741
0.013478
0.00257496
0.000203545
0.00268896
-0.00977615
0.00270561
-0.01383
-0.0138634
0.00246179
-0.0152338
0.00225996
-0.0133581
0.00217064
-0.0037279
0.00204356
0.0104018
0.00193411
0.0216328
0.00206899
0.0228619
0.00240938
0.0131376
0.00266327
-5.03456e-05
0.00277071
-0.0098836
0.00278312
-0.0138425
-0.0136855
0.00253506
-0.014943
0.00231733
-0.0131404
0.00221414
-0.0036247
0.00208059
0.0105354
0.00197595
0.0217375
0.00213222
0.0227056
0.00249524
0.0127746
0.00275559
-0.000310697
0.00285569
-0.0099837
0.00286291
-0.0138497
-0.0135065
0.00261073
-0.0146465
0.00237692
-0.0129066
0.00225897
-0.00350675
0.00211839
0.010676
0.00201964
0.0218362
0.00219894
0.0225263
0.00258508
0.0123884
0.00285197
-0.000577589
0.00294402
-0.0100757
0.00294506
-0.0138507
-0.0133266
0.00268887
-0.0143447
0.00243886
-0.0126566
0.00230521
-0.0033731
0.00215706
0.0108241
0.00206539
0.0219279
0.00226935
0.0223224
0.00267899
0.0119788
0.00295248
-0.00085108
0.0030358
-0.0101591
0.00302961
-0.0138445
-0.0131459
0.00276954
-0.0140383
0.00250329
-0.0123903
0.00235296
-0.00322278
0.00219674
0.0109803
0.00211345
0.0220112
0.00234368
0.0220922
0.00277705
0.0115454
0.00305718
-0.00113121
0.00313115
-0.010233
0.00311665
-0.01383
-0.0129646
0.00285282
-0.0137279
0.00257035
-0.0121078
0.00240233
-0.00305476
0.00223761
0.0111451
0.00216414
0.0220847
0.00242215
0.0218341
0.00287937
0.0110882
0.00316613
-0.00141796
0.00323019
-0.0102971
0.00320623
-0.0138061
-0.0127825
0.00293875
-0.0134142
0.0026402
-0.0118093
0.00245344
-0.002868
0.00227991
0.0113186
0.0022178
0.0221468
0.00250504
0.0215469
0.00298608
0.0106072
0.00327941
-0.00171129
0.00333303
-0.0103507
0.00329842
-0.0137715
-0.0125999
0.0030274
-0.0130981
0.00271297
-0.0114949
0.00250642
-0.00266145
0.00232392
0.0115011
0.00227489
0.0221958
0.0025927
0.0212291
0.00309737
0.0101025
0.00339709
-0.002011
0.00343978
-0.0103934
0.00339329
-0.013725
-0.0124165
0.00311881
-0.0127803
0.00278881
-0.0111649
0.00256144
-0.00243407
0.00236996
0.0116926
0.00233591
0.0222298
0.00268557
0.0208794
0.00321349
0.00957456
0.00351926
-0.00231678
0.00355054
-0.0104247
0.00349092
-0.0136654
-0.0122323
0.00321304
-0.0124617
0.00286789
-0.0108197
0.00261872
-0.0021849
0.00241845
0.0118928
0.00240144
0.0222468
0.00278421
0.0204967
0.00333476
0.00902401
0.003646
-0.00262802
0.0036654
-0.0104441
0.00359137
-0.0135913
-0.0120471
0.00331011
-0.0121432
0.00295036
-0.01046
0.00267852
-0.00191306
0.00246981
0.0121015
0.00247215
0.0222445
0.00288928
0.0200796
0.00346158
0.00845171
0.00377741
-0.00294386
0.00378444
-0.0104511
0.00369473
-0.0135016
-0.0118604
0.00341004
-0.0118257
0.0030364
-0.0100863
0.00274118
-0.00161784
0.00252458
0.0123181
0.00254879
0.0222203
0.00300159
0.0196268
0.00359444
0.00785887
0.00391358
-0.003263
0.00390771
-0.0104452
0.00380106
-0.013395
-0.0116719
0.00351285
-0.01151
0.00312618
-0.00969965
0.00280709
-0.00129875
0.00258333
0.0125419
0.00263222
0.0221714
0.00312208
0.0191369
0.00373388
0.00724707
0.00405459
-0.00358371
0.00403525
-0.0104259
0.00391044
-0.0132702
-0.011481
0.00361854
-0.011197
0.00321988
-0.009301
0.00287668
-0.000955558
0.00264673
0.0127719
0.00272345
0.0220947
0.00325183
0.0186085
0.00388049
0.0066184
0.00420051
-0.00390372
0.00416706
-0.0103924
0.00402295
-0.0131261
-0.0112869
0.00372707
-0.0108874
0.00331769
-0.00889162
0.00295045
-0.000588321
0.0027155
0.0130068
0.00282363
0.0219866
0.00339203
0.0180401
0.00403488
0.00597555
0.00435138
-0.00422023
0.00430311
-0.0103442
0.00413867
-0.0129616
-0.0110887
0.0038384
-0.0105818
0.00341978
-0.00847301
0.00302891
-0.000197444
0.0027905
0.0132452
0.00293409
0.021843
0.00354392
0.0174303
0.00419759
0.00532188
0.00450722
-0.00452985
0.00444334
-0.0102803
0.00425765
-0.0127759
-0.0108856
0.00395248
-0.0102806
0.00352631
-0.00804683
0.00311256
0.000216304
0.00287266
0.0134851
0.00305634
0.0216593
0.00370877
0.0167778
0.00436912
0.00466152
0.00466797
-0.0048287
0.00458762
-0.0101999
0.00437998
-0.0125683
-0.0106762
0.00406922
-0.00998406
0.00363737
-0.00761498
0.00320193
0.000651746
0.00296312
0.0137239
0.00319202
0.0214304
0.00388771
0.0160822
0.00454981
0.00399942
0.00483352
-0.0051124
0.0047358
-0.0101022
0.0045057
-0.0123382
-0.0104593
0.0041885
-0.00969205
0.003753
-0.00717948
0.0032975
0.00110725
0.00306314
0.0139583
0.00334288
0.0211507
0.00408171
0.0153433
0.00473982
0.00334131
0.00500369
-0.00537627
0.00488765
-0.00998617
0.00463487
-0.0120854
-0.0102336
0.00431019
-0.00940414
0.00387318
-0.00674246
0.00339981
0.00158062
0.00317426
0.0141838
0.00351071
0.0208142
0.0042914
0.0145626
0.00493906
0.00269365
0.00517819
-0.0056154
0.00504291
-0.00985089
0.00476752
-0.01181
-0.00999775
0.00443414
-0.00911953
0.00399776
-0.00630608
0.00350938
0.00206899
0.00329824
0.014395
0.00369729
0.0204152
0.00451707
0.0137429
0.00514721
0.00206351
0.00535665
-0.00582484
0.00520127
-0.00969551
0.00490368
-0.0115124
-0.00975032
0.00456016
-0.00883693
0.00412652
-0.00587245
0.00362688
0.00256863
0.00343713
0.0145847
0.00390423
0.0199481
0.00475853
0.0128886
0.00536364
0.0014584
0.00553861
-0.00599981
0.00536237
-0.00951927
0.00504334
-0.0111934
-0.00949007
0.00468805
-0.00855461
0.00425916
-0.00544355
0.0037531
0.00307468
0.00359321
0.0147446
0.0041329
0.0194084
0.00501511
0.0120063
0.00558744
0.000886074
0.00572349
-0.00613586
0.00552581
-0.00932158
0.00518649
-0.0108541
-0.00921596
0.00481766
-0.00827038
0.00439527
-0.00502116
0.00388905
0.0035809
0.00376895
0.0148647
0.00438427
0.018793
0.00528565
0.011105
0.00581741
0.000354313
0.00591065
-0.00622911
0.00569118
-0.0091021
0.00533308
-0.010496
-0.00892723
0.00494881
-0.0079816
0.00453444
-0.00460679
0.00403601
0.00407932
0.00396691
0.0149338
0.00465875
0.0181012
0.00556845
0.0101953
0.00605208
-0.000129312
0.00609935
-0.00627638
0.00585805
-0.0088608
0.00548305
-0.010121
-0.00862351
0.00508142
-0.00768531
0.00467628
-0.00420165
0.00419552
0.00456009
0.00418958
0.0149398
0.00495604
0.0173347
0.00586134
0.00928997
0.00628973
-0.000557705
0.00628881
-0.00627546
0.00602603
-0.00859802
0.00563631
-0.00973126
-0.00830497
0.00521553
-0.0073784
0.00482053
-0.00380666
0.00436937
0.00501124
0.00443911
0.01487
0.00527497
0.0164989
0.00616158
0.00840336
0.00652843
-0.000924561
0.00647822
-0.00622526
0.00619474
-0.00831453
0.00579276
-0.00932928
-0.00797232
0.0053513
-0.00705784
0.00496715
-0.0034225
0.00455949
0.0054189
0.00471698
0.0147125
0.00561318
0.0156027
0.00646588
0.00755067
0.00676608
-0.00122476
0.00666679
-0.00612596
0.00636387
-0.00801161
0.00595228
-0.00891769
-0.00762692
0.00548915
0.00511648
-0.00304982
0.00476771
0.00576766
0.00502347
0.0144568
0.00596695
0.0146592
0.00677041
0.00674721
0.0070005
-0.00145485
0.00685376
-0.00597922
0.00653321
-0.00769106
0.00611477
-0.00849925
-0.00727069
0.00526938
-0.00268944
0.00499544
0.0060416
0.00535694
0.0140953
0.00633088
0.0136853
0.00707083
0.00600725
0.00722952
-0.00161354
0.00703852
-0.00578822
0.00670262
-0.00735517
0.00628014
-0.00807677
-0.00690614
0.00542731
-0.00234262
0.00524308
0.00622583
0.00571316
0.0136252
0.00669783
0.0127006
0.00736247
0.00534262
0.00745117
-0.00170225
0.0072206
-0.00555764
0.00687212
-0.0070067
0.00644832
-0.00765297
-0.00653613
0.00559227
-0.00201134
0.00550945
0.00630865
0.00608475
0.0130499
0.00705919
0.0117261
0.00764069
0.00476112
0.00766386
-0.00172541
0.00739978
-0.00529356
0.00704183
-0.00664875
0.00661929
-0.00723042
-0.00616378
0.00576657
-0.00169834
0.00579118
0.00628405
0.00646124
0.0123798
0.00740555
0.0107818
0.00790139
0.00426528
0.00786655
-0.00169057
0.00757612
-0.00500313
0.00721201
-0.00628465
0.00679308
-0.00681149
-0.00579223
0.00595234
-0.00140688
0.00608266
0.00615372
0.00683009
0.0116324
0.00772804
0.00988388
0.00814164
0.00385168
0.00805899
-0.00160792
0.00774996
-0.00469411
0.00738302
-0.00591771
0.00696974
-0.00639821
-0.00542444
0.00615093
-0.00114018
0.00637674
0.00592791
0.00717885
0.0108303
0.00801986
0.00904286
0.00836022
0.00351132
0.00824177
-0.00148946
0.00792194
-0.00437428
0.00755531
-0.00555109
0.00714939
-0.00599229
-0.00506303
0.00636254
-0.000900819
0.00666615
0.0056243
0.00749778
0.00999868
0.00827772
0.00826292
0.00855799
0.00323105
0.00841628
-0.00134776
0.0080929
-0.00405089
0.00772938
-0.00518757
0.00733217
-0.00559507
-0.00471016
0.00658605
-0.000690136
0.00694526
0.00526509
0.00778213
0.0091618
0.00850256
0.0075425
0.00873773
0.00299588
0.00858454
-0.00119456
0.00826381
-0.00373016
0.00790573
-0.00482949
0.00751823
-0.00520757
-0.00436746
0.00681946
-0.000508191
0.00721138
0.00487316
0.00803287
0.00834032
0.00869911
0.00687626
0.00890368
0.0027913
0.00874889
-0.00103978
0.00843568
-0.00341694
0.00808485
-0.00447867
0.00770773
-0.00483045
-0.00403601
0.00706032
-0.000353834
0.00746491
0.00446857
0.00825571
0.00754952
0.00887459
0.00625737
0.00906068
0.00260521
0.0089117
-0.000890796
0.00860945
-0.00311469
0.00826718
-0.0041364
0.00790085
-0.00446412
-0.00371645
0.00730638
-0.000225269
0.00770847
0.00406648
0.00845888
0.00679912
0.00903698
0.00567927
0.00921342
0.00242877
0.00907509
-0.00075247
0.00878596
-0.00282556
0.00845312
-0.00380355
0.00809773
-0.00410874
-0.00340897
0.0075558
-0.0001203
0.00794557
0.0036767
0.00865076
0.00609393
0.00919346
0.00513657
0.00936584
0.00225639
0.00924082
-0.000627451
0.00896593
-0.00255067
0.00864299
-0.00348061
0.00829853
-0.00376428
-0.00311344
0.00780728
-3.6604e-05
0.00817947
0.00330451
0.00883827
0.00543513
0.00934963
0.00462521
0.00952097
0.00208505
0.00941027
-0.000516743
0.00914994
-0.00229034
0.00883709
-0.00316776
0.00850336
-0.00343055
-0.00282947
0.00806008
2.80259e-05
0.00841262
0.00295198
0.00902627
0.00482148
0.00950934
0.00414214
0.00968093
0.00191347
0.00958446
-0.000420279
0.0093385
-0.00204438
0.0090357
-0.00286497
0.00871237
-0.00310722
-0.00255648
0.00831376
7.57298e-05
0.00864657
0.00261918
0.00921775
0.00425029
0.009675
0.00368489
0.00984713
0.00174133
0.00976422
-0.000337367
0.00953206
-0.00181222
0.00923907
-0.00257197
0.00892567
-0.00279382
-0.00229375
0.00856813
0.000108532
0.00888221
0.0023051
0.00941437
0.00371814
0.00984801
0.00325125
0.0100206
0.00156877
0.0099502
-0.000266997
0.00973105
-0.00159308
0.00944744
-0.00228836
0.00914339
-0.00248976
-0.00204045
0.00882316
0.000128322
0.00912007
0.0020082
0.00961701
0.00322119
0.0100292
0.00283902
0.010202
0.00139603
0.010143
-0.000208018
0.0099359
-0.00138597
0.00966109
-0.00201355
0.00936564
-0.00219431
-0.00179565
0.00907888
0.000136842
0.00936043
0.00172665
0.00982619
0.00275543
0.0102193
0.00244595
0.010392
0.00122329
0.0103432
-0.000159233
0.010147
-0.0011898
0.00988027
-0.00174678
0.00959257
-0.00190661
-0.00155834
0.00933535
0.00013569
0.00960351
0.00145849
0.0100422
0.00231673
0.0104186
0.00206961
0.0105912
0.00105062
0.0105514
-0.000119432
0.0103649
-0.00100332
0.0101053
-0.00148711
0.0098243
-0.00162563
-0.00132741
0.0095926
0.000126328
0.00984949
0.0012016
0.0102654
0.00190084
0.0106276
0.0017074
0.0108003
0.000877925
0.0107683
-8.74057e-05
0.0105901
-0.000825179
0.0103364
-0.00123341
0.010061
-0.00135018
-0.00110167
0.00985064
0.000110098
0.0100985
0.000953731
0.010496
0.00150335
0.0108469
0.0013565
0.0110199
0.000704955
0.0109944
-6.19415e-05
0.0108231
-0.000653848
0.010574
-0.000984366
0.0103027
-0.00107887
-0.0008798
0.0101094
8.82408e-05
0.0103507
0.000712476
0.0107344
0.00111965
0.011077
0.00101382
0.0112507
0.00053128
0.0112306
-4.18076e-05
0.0110644
-0.000487649
0.0108184
-0.000738416
0.0105497
-0.000810132
-0.000660365
0.0103688
6.19337e-05
0.010606
0.000475201
0.0109809
0.000744837
0.0113187
0.000675985
0.0114937
0.000356301
0.0114776
-2.57301e-05
0.0113147
-0.000324712
0.01107
-0.000493767
0.010802
-0.000542135
-0.000441769
0.0106285
3.23258e-05
0.0108646
0.000239017
0.0112359
0.000373585
0.0115727
0.000339208
0.0117497
0.000179253
0.0117364
-1.23644e-05
0.0115746
-0.00016294
0.0113292
-0.00024835
0.0110598
-0.000272806
-0.00022223
0.0108884
0.0111274
0.011501
0.0118402
0.0120195
0.0120071
0.0118442
0.0115958
0.011323
0.00152429
0.00269651
0.00154291
-0.00798027
-0.0159088
0.0013231
0.00141248
0.00153812
0.00155749
0.00145556
0.00139297
0.00143915
0.00152352
0.00154352
)
;

boundaryField
{
    inlet
    {
        type            calculated;
        value           nonuniform 0();
    }
    outlet
    {
        type            calculated;
        value           nonuniform 0();
    }
    cylinder
    {
        type            calculated;
        value           nonuniform 0();
    }
    top
    {
        type            symmetryPlane;
        value           uniform 0;
    }
    bottom
    {
        type            symmetryPlane;
        value           nonuniform 0();
    }
    defaultFaces
    {
        type            empty;
        value           nonuniform 0();
    }
    procBoundary29to12
    {
        type            processor;
        value           uniform -0.00135844;
    }
    procBoundary29to13
    {
        type            processor;
        value           nonuniform List<scalar> 
11
(
-0.00278286
0.00796165
0.0159974
0.0193792
0.00909533
-0.00310635
-0.0121899
-0.0188643
-0.0209776
-0.00143793
-0.0144494
)
;
    }
    procBoundary29to14
    {
        type            processor;
        value           nonuniform List<scalar> 4(0.00145493 0.00145498 0.00145433 0.00145471);
    }
    procBoundary29to28
    {
        type            processor;
        value           nonuniform List<scalar> 
101
(
-0.00135318
-0.00134781
-0.00134231
-0.00133668
-0.00133091
-0.00132501
-0.00131896
-0.00131276
-0.0013064
-0.00129988
-0.00129319
-0.00128633
-0.0012793
-0.00127209
-0.0012647
-0.00125712
-0.00124937
-0.00124142
-0.00123329
-0.00122497
-0.00121644
-0.00120771
-0.00119877
-0.0011896
-0.00118019
-0.00117054
-0.00116062
-0.00115042
-0.00113992
-0.00112912
-0.00111799
-0.00110652
-0.0010947
-0.00108252
-0.00106998
-0.00105706
-0.00104374
-0.00102998
-0.001016
-0.00100216
-0.00230722
-0.00237668
-0.00244714
-0.00251917
-0.002593
-0.00266869
-0.00274629
-0.00282581
-0.00290726
-0.00299064
-0.00307596
-0.00316322
-0.00325241
-0.00334355
-0.00343662
-0.00353164
-0.00362861
-0.00372756
-0.00382852
-0.00393154
-0.00403667
-0.004144
-0.00425366
-0.00436577
-0.00448051
-0.0045981
-0.00471876
-0.00484275
-0.00497037
-0.00510189
-0.00523759
-0.00537771
-0.00552244
-0.00567186
-0.00582598
-0.00672101
-0.00562976
-0.00577413
-0.00592355
-0.00607958
-0.00624381
-0.00641763
-0.0066019
-0.00679673
-0.0070014
-0.00721467
-0.00743494
-0.00766077
-0.00789098
-0.00812471
-0.00836147
-0.00860094
-0.00884295
-0.0090874
-0.0093342
-0.00958324
-0.00983441
-0.0100876
-0.0103425
-0.0105988
-0.0108561
)
;
    }
    procBoundary29to30
    {
        type            processor;
        value           nonuniform List<scalar> 
99
(
0.00145485
0.00145455
0.00145406
0.00145338
0.0014525
0.00145142
0.00145013
0.00144861
0.00144687
0.0014449
0.00144268
0.0014402
0.00143746
0.00143445
0.00143116
0.00142757
0.00142369
0.0014195
0.001415
0.00141017
0.001405
0.0013995
0.00139365
0.0165181
0.00126719
0.00126135
0.00125541
0.00124936
0.0012432
0.00123691
0.0012305
0.00122394
0.00121724
0.00121038
0.00120335
0.00119612
0.00118869
0.0011811
0.00117355
0.00218003
0.00224603
0.00231367
0.00238324
0.00245493
0.00252888
0.00260519
0.00268393
0.00276516
0.00284893
0.00293526
0.0030242
0.00311576
0.00320994
0.00330673
0.00340612
0.00350808
0.00361256
0.0037195
0.00382885
0.00394053
0.00405446
0.00417058
0.00428884
0.00440919
0.00453165
0.00465625
0.0047831
0.00491238
0.00504434
0.00517934
0.00531777
0.00546011
0.00560687
0.00575855
0.00591558
0.00607831
0.00624694
0.00642153
0.00660195
0.00678799
0.0069793
0.00717552
0.00737629
0.00758129
0.00779025
0.00800299
0.00821939
0.00843938
0.00866294
0.00889008
0.00912084
0.00935526
0.00959337
0.00983522
0.0100808
0.0103303
0.0105834
0.0108403
0.0111008
)
;
    }
}


// ************************************************************************* //
