/*--------------------------------*- C++ -*----------------------------------*\
  =========                 |
  \\      /  F ield         | OpenFOAM: The Open Source CFD Toolbox
   \\    /   O peration     | Website:  https://openfoam.org
    \\  /    A nd           | Version:  7
     \\/     M anipulation  |
\*---------------------------------------------------------------------------*/
FoamFile
{
    version     2.0;
    format      ascii;
    class       surfaceScalarField;
    location    "47";
    object      phi;
}
// * * * * * * * * * * * * * * * * * * * * * * * * * * * * * * * * * * * * * //

dimensions      [0 3 -1 0 0 0 0];

internalField   nonuniform List<scalar> 
2021
(
3.0345e-05
0.000653492
0.00109374
3.10115e-05
0.000631308
6.23735e-05
0.00106238
9.82741e-05
0.00148654
0.0018851
3.15861e-05
0.000608644
6.3989e-05
0.00102998
0.000101583
0.00144895
0.00013979
0.00184689
0.000174671
0.00220719
0.000203452
0.00251894
0.00277856
3.20661e-05
0.000585568
6.54206e-05
0.000996625
0.000104621
0.00140975
0.000145081
0.00180643
0.000182728
0.00216954
0.000214576
0.00248709
0.000238999
0.00275414
0.000255669
0.00297259
0.000265238
0.00314946
0.00329445
9.03077e-06
0.000182861
3.24493e-05
0.00056215
6.66608e-05
0.000962414
0.000107371
0.00136904
0.000150013
0.00176379
0.000190399
0.00212916
0.000225335
0.00245216
0.000252956
0.00272652
0.000272722
0.00295282
0.000285142
0.00313704
0.000291359
0.00328824
0.000292742
0.00341632
0.00029058
0.00353033
0.00363758
9.04384e-06
0.000173817
3.27339e-05
0.00053846
6.77026e-05
0.000927445
0.000109819
0.00132692
0.000154558
0.00171905
0.000197643
0.00208607
0.000235681
0.00241412
0.00026656
0.00269564
0.000289517
0.00292986
0.0003049
0.00312166
0.000313772
0.00327936
0.000317498
0.00341259
0.000317414
0.00353042
0.000314638
0.00364035
0.00030999
0.003748
0.000304023
0.00385716
0.000297069
0.00397014
0.0040881
9.02958e-06
0.000164787
3.29185e-05
0.000514571
6.85402e-05
0.000891823
0.000111948
0.00128351
0.00015869
0.00167231
0.000204421
0.00204034
0.00024556
0.00237298
0.000279753
0.00266145
0.000305996
0.00290362
0.000324456
0.0031032
0.000336098
0.00326772
0.000342268
0.00340642
0.000344343
0.00352834
0.000343509
0.00364119
0.000340665
0.00375084
0.000336427
0.00386139
0.000331176
0.00397539
0.000325118
0.00409416
0.000318332
0.00421819
0.00434723
0.000310802
8.98829e-06
0.000155799
3.30026e-05
0.000490556
6.91688e-05
0.000855657
0.000113746
0.00123894
0.000162382
0.00162367
0.000210691
0.00199203
0.000254922
0.00232875
0.000292475
0.00262389
0.000322095
0.002874
0.000343748
0.00308154
0.000358282
0.00325319
0.000367007
0.0033977
0.00037133
0.00352402
0.000372504
0.00364001
0.000371505
0.00375184
0.000369021
0.00386388
0.000365486
0.00397893
0.000361141
0.00409851
0.000356087
0.00422324
0.004353
0.000350318
8.92047e-06
0.000146879
3.29861e-05
0.000466491
6.95848e-05
0.000819058
0.000115202
0.00119332
0.000165611
0.00157326
0.000216414
0.00194123
0.000263711
0.00228145
0.000304659
0.00258294
0.000337744
0.00284092
0.000362711
0.00305658
0.000380266
0.00323563
0.000391666
0.0033863
0.000398336
0.00351735
0.00040159
0.00363676
0.000402487
0.00375094
0.000401786
0.00386458
0.000399983
0.00398073
0.00039736
0.00410113
0.000394043
0.00422656
0.004357
0.000390041
8.82677e-06
0.000138052
3.28699e-05
0.000442448
6.97861e-05
0.000782142
0.000116304
0.0011468
0.000168353
0.00152121
0.000221552
0.00188803
0.000271872
0.00223113
0.00031624
0.00253858
0.00035287
0.00280429
0.000381271
0.00302817
0.000401982
0.00321492
0.000416187
0.00337209
0.000425314
0.00350822
0.000430734
0.00363134
0.000433583
0.0037481
0.000434702
0.00386346
0.000434651
0.00398078
0.000433759
0.00410202
0.000432185
0.00422813
0.00435923
0.000429954
8.70802e-06
0.000129344
3.26551e-05
0.000418501
6.9772e-05
0.000745025
0.000117046
0.00109953
0.000170589
0.00146767
0.000226067
0.00183255
0.000279352
0.00217785
0.000327148
0.00249078
0.000367397
0.00276404
0.000399349
0.00299622
0.000423358
0.00319091
0.000440508
0.00335494
0.000452214
0.00349652
0.000459894
0.00362366
0.000464763
0.00374323
0.000467744
0.00386048
0.00046947
0.00397905
0.000470323
0.00410117
0.000470499
0.00422796
0.00435968
0.000470044
8.56524e-06
0.000120779
3.23439e-05
0.000394722
6.9543e-05
0.000707826
0.000117422
0.00105165
0.0001723
0.00141279
0.000229925
0.00177493
0.000286095
0.00212168
0.000337312
0.00243956
0.000381241
0.00272011
0.000416861
0.0029606
0.000444312
0.00316346
0.000464557
0.0033347
0.000478977
0.0034821
0.000489025
0.00361361
0.000495992
0.00373626
0.000500887
0.00385558
0.00050442
0.00397552
0.000507034
0.00409855
0.000508967
0.00422602
0.00435836
0.000510294
8.39961e-06
0.000112379
3.1939e-05
0.000371183
6.91016e-05
0.000670664
0.00011743
0.00100332
0.000173473
0.00135675
0.000233094
0.00171531
0.000292051
0.00206272
0.000346661
0.00238495
0.000394319
0.00267245
0.000433716
0.00292121
0.000464757
0.00313242
0.000488255
0.0033112
0.000505536
0.00346481
0.000518075
0.00360107
0.000527231
0.0037271
0.000534101
0.00384871
0.000539478
0.00397014
0.000543873
0.00409416
0.000547575
0.00422232
0.00435524
0.000550687
8.21161e-06
0.000104167
3.14422e-05
0.000347952
6.8449e-05
0.000633657
0.000117065
0.000954703
0.000174092
0.00129972
0.00023554
0.00165386
0.000297162
0.0020011
0.000355117
0.002327
0.000406535
0.00262103
0.000449811
0.00287793
0.00048459
0.00309764
0.000511507
0.00328428
0.00053181
0.00344451
0.000546976
0.00358591
0.000558425
0.00371566
0.000567342
0.0038398
0.000574609
0.00396288
0.000580812
0.00408796
0.000586295
0.00421684
0.00435034
0.000591201
8.00439e-06
9.6163e-05
3.0861e-05
0.000325095
6.75962e-05
0.000596921
0.000116338
0.000905961
0.00017416
0.0012419
0.00023725
0.00159077
0.000301393
0.00193696
0.000362622
0.00226577
0.000417813
0.00256584
0.000465058
0.00283068
0.000503721
0.00305898
0.000534231
0.00325377
0.000557728
0.00342102
0.000575673
0.00356796
0.000589536
0.00370179
0.000600587
0.00382875
0.000609799
0.00395366
0.000617842
0.00407991
0.000625123
0.00420955
0.00434363
0.00063183
7.77865e-06
8.83843e-05
3.01983e-05
0.000302676
6.65475e-05
0.000560572
0.000115251
0.000857258
0.000173668
0.00118348
0.000238199
0.00152624
0.000304698
0.00187046
0.000369101
0.00220137
0.000428054
0.00250689
0.000479343
0.0027794
0.000522032
0.00301629
0.000556314
0.00321949
0.00058319
0.00339414
0.000604083
0.00354707
0.000620496
0.00368538
0.000633781
0.00381546
0.000645006
0.00394244
0.000654928
0.00406999
0.000664031
0.00420045
0.00433511
0.000672549
7.53611e-06
8.08482e-05
2.94595e-05
0.000280752
6.53116e-05
0.00052472
0.000113812
0.000808758
0.00017262
0.00112467
0.000238373
0.00146049
0.000307037
0.0018018
0.00037449
0.00213391
0.000437169
0.00244421
0.000492558
0.00272401
0.000539404
0.00296944
0.000577637
0.00318126
0.00060809
0.00336369
0.000632114
0.00352304
0.000651234
0.00366626
0.00066687
0.00379983
0.000680188
0.00392912
0.000692042
0.00405814
0.000702993
0.0041895
0.00432477
0.000713337
7.27858e-06
7.35696e-05
2.86504e-05
0.00025938
6.38985e-05
0.000489472
0.000112033
0.000760624
0.000171022
0.00106569
0.000237766
0.00139374
0.000308381
0.00173118
0.000378728
0.00206356
0.000445067
0.00237787
0.000504589
0.00266448
0.000555712
0.00291832
0.000598076
0.00313889
0.00063231
0.00332945
0.000659668
0.00349568
0.000681667
0.00364426
0.000699791
0.0037817
0.0007153
0.000729147
0.000741984
0.000754171
7.00795e-06
6.65617e-05
2.77774e-05
0.000238611
6.232e-05
0.000454929
0.000109929
0.000713015
0.000168885
0.00100673
0.000236378
0.00132625
0.000308706
0.00165885
0.000381763
0.00199051
0.000451663
0.00230797
0.000515322
0.00260083
0.000570824
0.00286282
0.000617494
0.000655721
0.000686629
0.000711703
6.72616e-06
5.98355e-05
2.6847e-05
0.00021849
6.05888e-05
0.000421188
0.000107517
0.000666087
0.000166227
0.000948018
0.000234213
0.00125826
0.000307997
0.00158507
0.000383547
0.000456874
0.000524645
6.43517e-06
2.58664e-05
0.000199059
5.87188e-05
0.000388335
0.000104818
0.00016307
0.000231288
2.48428e-05
0.0103298
1.17972e-06
0.0103299
-1.04451e-07
0.0103313
-1.40826e-06
0.0103341
-2.71038e-06
0.0103381
-4.01688e-06
0.0103434
-5.32748e-06
0.01035
-6.64168e-06
-7.95906e-06
0.010358
0.010091
2.24965e-06
0.0100912
-3.00239e-07
0.0100926
-2.86818e-06
0.0100954
-5.44275e-06
0.0100994
-8.0259e-06
0.0101047
-1.06171e-05
0.0101112
-1.32153e-05
-1.58197e-05
0.0101191
0.00985882
3.21211e-06
0.00985909
-5.70865e-07
0.00986061
-4.38087e-06
0.00986336
-8.20001e-06
0.00986737
-1.2032e-05
0.00987263
-1.58755e-05
0.00987914
-1.97291e-05
-2.35916e-05
0.00988691
0.00963309
4.04986e-06
0.00963347
-9.4249e-07
0.00963505
-5.96524e-06
0.00963785
-1.1002e-05
0.00964188
-1.60552e-05
0.00964712
-2.11236e-05
0.0096536
-2.62048e-05
-3.12973e-05
0.0096613
0.00941356
4.7555e-06
0.00941403
-1.41978e-06
0.0094157
-7.63014e-06
0.00941855
-1.38582e-05
0.00942261
-2.01066e-05
0.00942785
-2.63728e-05
0.00943431
-3.2655e-05
-3.89506e-05
0.00944196
0.00919991
5.31885e-06
0.00920051
-2.01501e-06
0.00920227
-9.38696e-06
0.00920519
-1.67812e-05
0.00920928
-2.41987e-05
0.00921455
-3.16374e-05
0.00922099
-3.90944e-05
-4.65669e-05
0.0092286
0.00899194
5.73255e-06
0.00899266
-2.73525e-06
0.00899451
-1.1245e-05
0.00899751
-1.97802e-05
0.00900166
-2.83423e-05
0.00900695
-3.69281e-05
0.00901339
-4.55348e-05
-5.41589e-05
0.00902098
0.00878938
5.9897e-06
0.00879023
-3.58902e-06
0.0087922
-1.32121e-05
0.00879528
-2.28645e-05
0.00879949
-3.25468e-05
0.00880481
-4.22556e-05
0.00881127
-5.19872e-05
-6.17383e-05
0.00881885
0.00859203
6.08398e-06
0.00859302
-4.58258e-06
0.0085951
-1.52958e-05
0.00859828
-2.6042e-05
0.00860255
-3.68209e-05
0.00860793
-4.76288e-05
0.0086144
-5.84617e-05
-6.93158e-05
0.00862198
0.00839967
6.01002e-06
0.00840081
-5.722e-06
0.00840302
-1.75028e-05
0.0084063
-2.93197e-05
0.00841065
-4.11722e-05
0.00841607
-5.30562e-05
0.00842258
-6.49672e-05
-7.69009e-05
0.00843016
0.00821212
0.00821341
-7.01271e-06
0.00821575
-1.98388e-05
0.00821914
-3.27042e-05
0.00822357
-4.56079e-05
0.00822906
-5.85452e-05
0.0082356
-7.15116e-05
-8.45022e-05
0.00824321
0.00803065
-8.45984e-06
0.00803312
-2.23092e-05
0.00803662
-3.62012e-05
0.00804114
-5.01341e-05
0.0080467
-6.41028e-05
0.00805329
-7.81024e-05
-9.21277e-05
0.00806092
0.00785234
-1.00673e-05
0.00785495
-2.49189e-05
0.00785857
-3.98161e-05
0.00786319
-5.47565e-05
0.00786882
-6.9735e-05
0.00787547
-8.47463e-05
-9.97845e-05
0.00788312
0.00767834
-1.18394e-05
0.00768109
-2.76722e-05
0.00768483
-4.35537e-05
0.00768955
-5.94805e-05
0.00769527
-7.54477e-05
0.00770197
-9.14492e-05
-0.000107479
0.00770966
0.00750849
-1.37797e-05
0.00751139
-3.05733e-05
0.00751525
-4.74181e-05
0.00752008
-6.43108e-05
0.00752588
-8.12458e-05
0.00753265
-9.82168e-05
-0.000115218
0.00754039
0.00734264
-1.58927e-05
0.0073457
-3.36269e-05
0.00734969
-5.14145e-05
0.00735463
-6.92522e-05
0.00736052
-8.71344e-05
0.00736736
-0.000105054
-0.000123005
0.00737515
0.00718068
-1.8183e-05
0.00718389
-3.68355e-05
0.00718802
-5.55455e-05
0.00719308
-7.43087e-05
0.00719906
-9.31178e-05
0.00720597
-0.000111967
-0.000130848
0.00721381
0.00702249
-2.06447e-05
0.00702586
-4.01987e-05
0.00703012
-5.98123e-05
0.0070353
-7.9481e-05
0.00704138
-9.91977e-05
0.00704836
-0.000118956
-0.000138747
0.00705626
0.00686794
-2.32849e-05
0.00687146
-4.3721e-05
0.00687586
-6.4219e-05
0.00688116
-8.47739e-05
0.00688734
-0.000105379
0.00689441
-0.000126026
-0.000146709
0.00690237
0.0067169
-2.61092e-05
0.00672059
-4.74073e-05
0.00672514
-6.877e-05
0.00673056
-9.01919e-05
0.00673684
-0.000111665
0.006744
-0.000133183
-0.000154737
0.00675203
0.0065693
-2.91183e-05
0.00657315
-5.12592e-05
0.00657784
-7.34675e-05
0.00658339
-9.57369e-05
0.00658978
-0.00011806
0.00659703
-0.000140429
-0.000162835
0.00660513
0.00642502
-3.23138e-05
0.00642904
-5.52787e-05
0.00643389
-7.83135e-05
0.00643956
-0.000101412
0.00644607
-0.000124566
0.00645341
-0.000147767
-0.000171007
0.00646158
0.00628399
-3.56973e-05
0.00628818
-5.94677e-05
0.00629318
-8.33103e-05
0.00629898
-0.000107219
0.0063056
-0.000131184
0.00631303
-0.000155199
-0.000179254
0.00632128
0.00614611
-3.92707e-05
0.00615047
-6.38281e-05
0.00615562
-8.846e-05
0.00616156
-0.00011316
0.0061683
-0.000137919
0.00617583
-0.000162728
-0.00018758
0.00618415
0.0060113
-4.3036e-05
0.00601584
-6.83618e-05
0.00602114
-9.37644e-05
0.00602722
-0.000119237
0.00603407
-0.000144771
0.0060417
-0.000170357
-0.000195987
0.00605011
0.00587949
-4.69958e-05
0.0058842
-7.30711e-05
0.00588966
-9.92257e-05
0.00589588
-0.000125453
0.00590285
-0.000151743
0.00591058
-0.000178088
-0.000204476
0.00591907
0.0057506
-5.11537e-05
0.00575549
-7.79588e-05
0.00576111
-0.000104847
0.00576747
-0.000131809
0.00577456
-0.000158838
0.0057824
-0.000185922
-0.000213052
0.00579097
0.00562457
-5.55063e-05
0.00562964
-8.30233e-05
0.00563542
-0.000110627
0.00564191
-0.000138308
0.00564913
-0.000166056
0.00565707
-0.000193861
-0.000221714
0.00566573
0.00550137
-6.00472e-05
0.0055066
-8.82612e-05
0.00551254
-0.000116563
0.00551918
-0.000144944
0.00552651
-0.000173395
0.00553456
-0.000201904
-0.000230463
0.00554331
0.00538085
-6.4788e-05
0.00538626
-9.36802e-05
0.00539236
-0.000122662
0.00539915
-0.000151726
0.00540661
-0.00018086
0.00541476
-0.000210056
-0.000239302
0.0054236
0.00526299
-6.97333e-05
0.0052686
-9.92838e-05
0.00527486
-0.000128927
0.00528179
-0.000158654
0.00528938
-0.000188454
0.00529765
-0.000218318
-0.000248233
0.00530658
0.00514775
-7.48813e-05
0.00515354
-0.000105072
0.00515997
-0.000135358
0.00516705
-0.00016573
0.00517477
-0.000196178
0.00518314
-0.00022669
-0.000257257
0.00519217
0.00503507
-8.02333e-05
0.00504104
-0.000111045
0.00504764
-0.000141956
0.00505487
-0.000172955
0.00506272
-0.000204032
0.00507121
-0.000235176
-0.000266375
0.00508032
0.00492489
-8.57915e-05
0.00493105
-0.000117206
0.00493782
-0.000148722
0.00494519
-0.000180329
0.00495318
-0.000212017
0.00496178
-0.000243774
-0.000275589
0.00497099
0.00481717
-9.156e-05
0.00482352
-0.000123556
0.00483046
-0.000155659
0.00483798
-0.000187855
0.0048461
-0.000220136
0.00485482
-0.000252487
-0.000284898
0.00486412
0.00471183
-9.75374e-05
0.00471838
-0.000130101
0.00472549
-0.000162771
0.00473317
-0.000195537
0.00474143
-0.00022839
0.00475026
-0.000261317
-0.000294305
0.00475966
0.00460895
-0.000103708
0.00461567
-0.000136819
0.00462294
-0.000170041
0.00463076
-0.000203362
0.00463914
-0.000236772
0.00464809
-0.000270257
-0.000303807
0.00465759
0.0045083
-0.000110091
0.00451521
-0.000143733
0.00452266
-0.000177487
0.00453064
-0.000211344
0.00453916
-0.000245291
0.00454822
-0.000279316
-0.000313407
0.00455782
0.00440994
-0.000116692
0.00441705
-0.000150843
0.00442467
-0.00018511
0.00443281
-0.000219481
0.00444146
-0.000253946
0.00445064
-0.000288492
-0.000323105
0.00446034
0.00431381
-0.00012351
0.00432111
-0.00015815
0.00432891
-0.000192909
0.00433721
-0.000227776
0.004346
-0.00026274
0.00435529
-0.000297786
-0.000332904
0.00436509
0.00421987
-0.000130547
0.00422738
-0.000165655
0.00423535
-0.000200886
0.00424381
-0.00023623
0.00425274
-0.000271672
0.00426215
-0.0003072
-0.000342802
0.00427205
0.00412809
-0.000137804
0.0041358
-0.000173361
0.00414396
-0.000209044
0.00415257
-0.000244843
0.00416164
-0.000280744
0.00417118
-0.000316735
-0.000352802
0.00418117
0.00403845
-0.000145281
0.00404635
-0.000181266
0.00405469
-0.000217382
0.00406346
-0.000253616
0.00407268
-0.000289957
0.00408233
-0.00032639
-0.000362902
0.00409243
0.0039509
-0.000152974
0.00395901
-0.000189369
0.00396752
-0.000225898
0.00397646
-0.000262549
0.00398581
-0.000299309
0.00399559
-0.000336165
-0.000373102
0.00400579
0.0038654
-0.000160896
0.00387371
-0.000197679
0.00388241
-0.0002346
0.00389151
-0.000271646
0.00390101
-0.000308805
0.00391091
-0.000346063
-0.000383405
0.00392121
0.00378193
-0.000169051
0.00379045
-0.000206199
0.00379934
-0.000243489
0.0038086
-0.000280909
0.00381824
-0.000318445
0.00382826
-0.000356083
-0.000393811
0.00383867
0.00370046
-0.00017744
0.00370919
-0.000214931
0.00371827
-0.000252568
0.0037277
-0.000290339
0.00373749
-0.000328231
0.00374763
-0.000366229
-0.000404319
0.00375814
0.00362095
-0.000186073
0.0036299
-0.000223881
0.00363918
-0.000261841
0.00364878
-0.00029994
0.00365871
-0.000338165
0.00366898
-0.000376501
-0.000414933
0.0036796
0.00354343
-0.000194933
0.00355259
-0.000233041
0.00356205
-0.000271304
0.00357182
-0.000309711
0.0035819
-0.000348248
0.0035923
-0.000386899
-0.000425653
0.00360302
0.00346781
-0.000204041
0.00347719
-0.000242423
0.00348685
-0.000280967
0.0034968
-0.000319659
0.00350704
-0.000358485
0.00351757
-0.000397432
-0.000436486
0.0035284
0.00339408
-0.000213404
0.0034037
-0.000252037
0.00341357
-0.000290837
0.0034237
-0.000329791
0.0034341
-0.000368886
0.00344478
-0.000408107
-0.000447441
0.00345573
0.00332226
-0.000223034
0.00333211
-0.000261894
0.0033422
-0.000300928
0.00335254
-0.000340123
0.00336312
-0.000379465
0.00337395
-0.000418941
-0.000458536
0.00338504
0.00325233
-0.000232952
0.00326246
-0.000272016
0.00327279
-0.000311261
0.00328334
-0.000350675
0.00329412
-0.000390243
0.00330513
-0.000429951
-0.000469785
0.00331638
0.00318439
-0.000243174
0.00319479
-0.000282421
0.00320539
-0.000321856
0.00321618
-0.000361466
0.00322717
-0.000401237
0.00323838
-0.000441153
-0.000481202
0.00324979
0.00311848
-0.000253735
0.0031292
-0.000293139
0.00314008
-0.000332736
0.00315113
-0.000372513
0.00316235
-0.000412456
0.00317374
-0.00045255
-0.000492779
0.00318532
0.00305473
-0.000264652
0.00306577
-0.000304177
0.00307694
-0.000343901
0.00308823
-0.000383808
0.00309966
-0.000423883
0.00311122
-0.000464111
-0.000504476
0.00312291
0.0029932
-0.000275907
0.00300453
-0.000315509
0.00301594
-0.000355312
0.00302743
-0.000395299
0.00303901
-0.000435457
0.00305067
-0.000475768
-0.000516216
0.0030624
0.00293381
-0.000287429
0.00294536
-0.000327055
0.00295693
-0.000366882
0.00296852
-0.000406894
0.00298014
-0.000447077
0.00299179
-0.000487414
-0.000527889
0.00300346
0.00287625
-0.000299099
0.00288789
-0.000338693
0.00289949
-0.000378488
0.00291107
-0.000418472
0.00292262
-0.000458628
0.00293415
-0.000498941
-0.000539394
0.00294565
0.00281979
0.00283142
0.00284297
0.00285446
0.00286587
0.00287722
0.00288852
0.0103673
-9.27895e-06
0.0103779
-1.06011e-05
0.0103898
-1.1925e-05
0.0104031
-1.325e-05
-1.45756e-05
0.0101282
-1.84286e-05
0.0101387
-2.10422e-05
0.0101504
-2.36586e-05
0.0101634
-2.6277e-05
-2.88964e-05
0.00989594
-2.74606e-05
0.00990624
-3.13359e-05
0.0099178
-3.52154e-05
0.00993062
-3.90977e-05
-4.29812e-05
0.00967024
-3.63982e-05
0.00968041
-4.15072e-05
0.00969182
-4.66212e-05
0.00970446
-5.17387e-05
-5.68573e-05
0.00945082
-4.52563e-05
0.00946088
-5.15714e-05
0.00947215
-5.78927e-05
0.00948463
-6.42174e-05
-7.05436e-05
0.0092374
-5.4051e-05
0.00924737
-6.15459e-05
0.00925853
-6.90477e-05
0.00927086
-7.65534e-05
-8.406e-05
0.00902972
-6.27958e-05
0.00903962
-7.1445e-05
0.00905068
-8.01016e-05
0.00906289
-8.87621e-05
-9.74237e-05
0.00882755
-7.15035e-05
0.00883739
-8.12819e-05
0.00884836
-9.10683e-05
0.00886046
-0.000100859
-0.00011065
0.00863066
-8.01851e-05
0.00864045
-9.10688e-05
0.00865134
-0.000101961
0.00866334
-0.000112857
-0.000123754
0.00843883
-8.88509e-05
0.00844858
-0.000100816
0.00845941
-0.00011279
0.00847132
-0.000124769
-0.000136747
0.00825187
-9.75102e-05
0.00826158
-0.000110534
0.00827236
-0.000123568
0.0082842
-0.000136606
-0.000149643
0.00806958
-0.000106171
0.00807928
-0.000120232
0.00809001
-0.000134302
0.00810178
-0.000148377
-0.00016245
0.00789179
-0.000114842
0.00790148
-0.000129918
0.00791218
-0.000145003
0.0079239
-0.000160092
-0.00017518
0.00771835
-0.000123529
0.00772803
-0.000139598
0.00773871
-0.000155677
0.00775037
-0.00017176
-0.000187841
0.0075491
-0.000132239
0.00755878
-0.000149281
0.00756943
-0.000166333
0.00758106
-0.000183388
-0.000200442
0.00738389
-0.000140978
0.00739358
-0.000158971
0.00740422
-0.000176976
0.00741582
-0.000194983
-0.000212988
0.00722259
-0.000149751
0.00723229
-0.000168676
0.00724293
-0.000187612
0.0072545
-0.000206552
-0.000225489
0.00706507
-0.000158562
0.0070748
-0.000178399
0.00708543
-0.000198247
0.00709698
-0.0002181
-0.000237948
0.00691122
-0.000167416
0.00692097
-0.000188145
0.00693161
-0.000208886
0.00694314
-0.000229631
-0.000250372
0.00676093
-0.000176316
0.0067707
-0.000197919
0.00678135
-0.000219534
0.00679287
-0.000241152
-0.000262767
0.00661408
-0.000185268
0.00662389
-0.000207725
0.00663455
-0.000230194
0.00664606
-0.000252667
-0.000275136
0.00647058
-0.000194274
0.00648042
-0.000217566
0.0064911
-0.000240871
0.00650261
-0.00026418
-0.000287485
0.00633034
-0.000203337
0.00634022
-0.000227446
0.00635092
-0.000251568
0.00636243
-0.000275694
-0.000299816
0.00619327
-0.00021246
0.0062032
-0.000237367
0.00621392
-0.000262288
0.00622543
-0.000287213
-0.000312134
0.00605929
-0.000221646
0.00606926
-0.000247332
0.00608001
-0.000273034
0.00609153
-0.00029874
-0.000324442
0.00592832
-0.000230896
0.00593834
-0.000257345
0.00594911
-0.000283808
0.00596065
-0.000310277
-0.000336741
0.00580029
-0.000240214
0.00581035
-0.000267406
0.00582116
-0.000294614
0.00583271
-0.000321827
-0.000349036
0.00567512
-0.0002496
0.00568523
-0.000277518
0.00569607
-0.000305452
0.00570764
-0.000333392
-0.000361328
0.00555276
-0.000259056
0.00556293
-0.000287681
0.0055738
-0.000316324
0.00558538
-0.000344974
-0.000373619
0.00543313
-0.000268584
0.00544335
-0.000297899
0.00545426
-0.000327233
0.00546586
-0.000356574
-0.000385911
0.00531618
-0.000278185
0.00532645
-0.000308173
0.0053374
-0.000338179
0.00534902
-0.000368193
-0.000398204
0.00520185
-0.000287862
0.00521218
-0.000318503
0.00522316
-0.000349165
0.0052348
-0.000379835
-0.000410502
0.00509008
-0.000297615
0.00510047
-0.000328892
0.00511149
-0.00036019
0.00512316
-0.000391498
-0.000422804
0.00498082
-0.000307445
0.00499127
-0.00033934
0.00500234
-0.000371257
0.00501402
-0.000403185
-0.000435112
0.00487403
-0.000317352
0.00488454
-0.000349847
0.00489565
-0.000382366
0.00490736
-0.000414896
-0.000447426
0.00476965
-0.000327339
0.00478022
-0.000360415
0.00479137
-0.000393517
0.00480311
-0.000426632
-0.000459746
0.00466765
-0.000337403
0.00467828
-0.000371043
0.00468947
-0.00040471
0.00470123
-0.00043839
-0.000472072
0.00456796
-0.000347546
0.00457865
-0.000381732
0.00458989
-0.000415945
0.00460167
-0.000450174
-0.000484405
0.00447056
-0.00035777
0.00448131
-0.000392482
0.00449259
-0.000427224
0.0045044
-0.000461982
-0.000496744
0.0043754
-0.000368074
0.00438621
-0.000403294
0.00439753
-0.000438546
0.00440936
-0.000473816
-0.00050909
0.00428244
-0.000378459
0.00429331
-0.000414168
0.00430468
-0.000449911
0.00431653
-0.000485673
-0.000521442
0.00419164
-0.000388926
0.00420258
-0.000425105
0.00421399
-0.000461319
0.00422587
-0.000497555
-0.000533799
0.00410298
-0.000399474
0.00411398
-0.000436103
0.00412543
-0.00047277
0.00413733
-0.00050946
-0.000546161
0.00401642
-0.000410103
0.00402748
-0.000447163
0.00403897
-0.000484263
0.0040509
-0.000521389
-0.000558527
0.00393192
-0.000420814
0.00394304
-0.000458285
0.00395458
-0.000495799
0.00396653
-0.000533341
-0.000570897
0.00384946
-0.000431606
0.00386065
-0.000469468
0.00387222
-0.000507376
0.0038842
-0.000545315
-0.000583271
0.00376902
-0.000442482
0.00378026
-0.000480714
0.00379188
-0.000518996
0.00380388
-0.000557312
-0.000595649
0.00369056
-0.000453441
0.00370187
-0.000492024
0.00371353
-0.00053066
0.00372555
-0.000569334
-0.000608033
0.00361407
-0.000464487
0.00362545
-0.0005034
0.00363716
-0.000542371
0.00364921
-0.000581386
-0.000620429
0.00353954
-0.000475626
0.00355099
-0.00051485
0.00356276
-0.000554138
0.00357484
-0.000593475
-0.000632846
0.00346698
-0.000486868
0.00347851
-0.000526385
0.00349034
-0.000565972
0.00350248
-0.000605614
-0.000645296
0.0033964
-0.000498229
0.00340804
-0.00053802
0.00341995
-0.000577886
0.00343215
-0.000617814
-0.000657788
0.00332787
-0.000509724
0.00333962
-0.000549767
0.00335162
-0.000589891
0.00336389
-0.000630081
-0.000670321
0.00326143
-0.00052136
0.00327329
-0.000561626
0.00328537
-0.000601978
0.00329769
-0.000642398
-0.00068287
0.00319708
-0.000533121
0.00320903
-0.000573573
0.00322116
-0.000614111
0.00323348
-0.000654719
-0.000695377
0.00313475
-0.000544956
0.00314672
-0.000585545
0.00315883
-0.00062622
0.00317108
-0.000666963
-0.000707755
0.00307423
-0.000556778
0.00308613
-0.000597449
0.00309812
-0.000638206
0.00311018
-0.000679028
-0.000719898
0.00301516
-0.000568478
0.00302689
-0.000609178
0.00303865
-0.000649962
0.00305043
-0.000690813
-0.00073171
0.00295714
-0.000579963
0.0029686
-0.000620644
0.00298006
-0.000661413
0.00299149
-0.00070225
-0.000743134
0.00289976
0.00291094
0.00292208
0.00293317
)
;

boundaryField
{
    inlet
    {
        type            calculated;
        value           nonuniform 0();
    }
    outlet
    {
        type            calculated;
        value           nonuniform 0();
    }
    cylinder
    {
        type            calculated;
        value           uniform 0;
    }
    top
    {
        type            symmetryPlane;
        value           nonuniform 0();
    }
    bottom
    {
        type            symmetryPlane;
        value           uniform 0;
    }
    defaultFaces
    {
        type            empty;
        value           nonuniform 0();
    }
    procBoundary6to5
    {
        type            processor;
        value           nonuniform List<scalar> 
86
(
-0.000675132
-0.00112398
6.05827e-05
-0.00152244
-0.00192099
0.000134168
-0.00224207
-0.00254772
-0.00279985
0.000224744
-0.00298926
-0.00315903
-0.00329812
0.000268908
-0.0034177
-0.00352817
-0.00363291
0.000285916
-0.00374335
-0.00385119
-0.00396319
-0.00408034
0.000289304
-0.0042114
-0.0043397
-0.010331
-0.010092
-0.00985978
-0.00963393
-0.00941426
-0.00920048
-0.00899235
-0.00878963
-0.00859212
-0.0083996
-0.00821188
5.76323e-06
-0.0080292
-0.00785074
-0.00767657
-0.00750655
-0.00734053
-0.00717839
-0.00702003
-0.0068653
-0.00671408
-0.00656629
-0.00642183
-0.00628061
-0.00614254
-0.00600754
-0.00587553
-0.00574645
-0.00562022
-0.00549683
-0.0053761
-0.00525805
-0.00514261
-0.00502972
-0.00491933
-0.0048114
-0.00470586
-0.00460278
-0.00450192
-0.00440333
-0.00430699
-0.00421283
-0.00412083
-0.00403097
-0.00394321
-0.00385748
-0.00377378
-0.00369207
-0.00361232
-0.00353457
-0.0034587
-0.00338472
-0.00331262
-0.00324242
-0.00317417
-0.00310792
-0.00304382
-0.00298194
-0.00292229
-0.00286458
-0.00280809
)
;
    }
    procBoundary6to7
    {
        type            processor;
        value           nonuniform List<scalar> 
83
(
0.00391361
0.00404429
0.00417666
0.00431258
0.00309222
0.00329123
0.00346478
0.00361919
0.000732472
0.00376093
0.00191496
0.00223464
0.00253305
0.000584605
0.00280286
0.000619988
0.000889766
0.00119004
0.00030625
0.00151011
0.000180353
5.67248e-05
0.000356453
0.0104176
0.0101778
0.0099447
0.00971834
0.00949832
0.00928438
0.00907625
0.00887368
0.00867644
0.00848431
0.00829709
0.00811459
0.00793663
0.00776304
0.00759366
0.00742836
0.007267
0.00710944
0.00695557
0.00680527
0.00665843
0.00651496
0.00637477
0.00623775
0.00610384
0.00597295
0.005845
0.00571993
0.00559767
0.00547815
0.00536131
0.0052471
0.00513546
0.00502633
0.00491967
0.00481543
0.00471355
0.004614
0.00451674
0.00442171
0.00432888
0.00423822
0.0041497
0.00406326
0.0039789
0.00389657
0.00381626
0.00373794
0.0036616
0.00358726
0.00351493
0.00344465
0.00337642
0.00331024
0.00324599
0.00318345
0.00312232
0.00306225
0.00300292
0.0029442
)
;
    }
    procBoundary6to22
    {
        type            processor;
        value           nonuniform List<scalar> 7(-8.70503e-06 -8.8271e-06 -8.92229e-06 -8.99024e-06 -0.000191892 5.34004e-05 -6.13695e-06);
    }
}


// ************************************************************************* //
