/*--------------------------------*- C++ -*----------------------------------*\
  =========                 |
  \\      /  F ield         | OpenFOAM: The Open Source CFD Toolbox
   \\    /   O peration     | Website:  https://openfoam.org
    \\  /    A nd           | Version:  7
     \\/     M anipulation  |
\*---------------------------------------------------------------------------*/
FoamFile
{
    version     2.0;
    format      ascii;
    class       volScalarField;
    location    "100";
    object      p;
}
// * * * * * * * * * * * * * * * * * * * * * * * * * * * * * * * * * * * * * //

dimensions      [0 2 -2 0 0 0 0];

internalField   nonuniform List<scalar> 
1062
(
0.0337831
0.0308752
0.0289175
0.0287814
0.0298817
0.0310775
0.0316314
0.0304984
0.0278084
0.024339
0.0221405
0.0337516
0.0308062
0.0288365
0.0287162
0.029844
0.0310853
0.0316799
0.0305342
0.0277891
0.0242708
0.0220635
0.0336901
0.0306716
0.0286783
0.0285867
0.0297686
0.0310985
0.0317716
0.0306045
0.0277502
0.0241389
0.0219127
0.0335975
0.0304704
0.0284421
0.0283921
0.0296542
0.0311146
0.0319044
0.030707
0.0276904
0.0239427
0.0216894
0.0334713
0.0302001
0.0281254
0.0281301
0.029498
0.0311303
0.0320754
0.030839
0.0276067
0.023681
0.021395
0.0333077
0.0298567
0.0277243
0.0277961
0.0292956
0.0311411
0.0322809
0.030997
0.0274953
0.023353
0.0210323
0.0331018
0.0294344
0.0272331
0.0273847
0.0290417
0.0311419
0.0325161
0.0311763
0.0273513
0.0229591
0.0206072
0.0328473
0.0289265
0.0266453
0.0268894
0.0287305
0.0311267
0.0327754
0.0313697
0.027168
0.022502
0.0201309
0.0325361
0.028326
0.0259542
0.0263032
0.0283558
0.0310889
0.0330506
0.0315668
0.0269368
0.0219864
0.0196209
0.0321586
0.0276269
0.0251541
0.0256202
0.0279119
0.0310215
0.033331
0.0317523
0.0266457
0.0214188
0.0191004
0.0317037
0.0268252
0.0242429
0.0248367
0.027394
0.0309167
0.0336023
0.0319045
0.0262771
0.0208041
0.0185961
0.0311585
0.0259215
0.0232244
0.0239529
0.0267986
0.0307656
0.0338459
0.0319944
0.0258053
0.0201419
0.0181334
0.0305086
0.0249228
0.0221112
0.0229749
0.026124
0.0305586
0.034039
0.0319846
0.0251957
0.0194226
0.0177317
0.0297373
0.0238426
0.0209261
0.0219161
0.0253709
0.0302845
0.0341546
0.0318303
0.0244038
0.0186242
0.0173994
0.0288228
0.0226997
0.0197024
0.0207976
0.0245427
0.029932
0.034163
0.0314838
0.0233777
0.017713
0.0171305
0.0277363
0.0215138
0.0184805
0.0196468
0.023645
0.0294897
0.0340334
0.0308831
0.0220636
0.016646
0.0169046
0.0264395
0.0202989
0.0173031
0.0184951
0.0226859
0.0289472
0.0337352
0.0299852
0.0204129
0.0153764
0.016689
0.0248852
0.0190582
0.0162085
0.0173746
0.0216748
0.0282961
0.0332425
0.0287598
0.0183867
0.0138598
0.0164427
0.0230217
0.0177798
0.0152254
0.0163143
0.0206222
0.0275309
0.0325364
0.0271841
0.0159601
0.01206
0.0161223
0.0207989
0.0164381
0.0143681
0.0153374
0.0195387
0.0266493
0.0316052
0.0252482
0.013125
0.00995326
0.0156864
0.0181761
0.0149966
0.0136353
0.0144587
0.0184342
0.0256524
0.0304453
0.022957
0.0098906
0.00753009
0.0151003
0.0151286
0.0134145
0.0130106
0.0136837
0.0173174
0.0245443
0.0290609
0.0203294
0.00628218
0.0047955
0.0143378
0.0116512
0.011652
0.0124655
0.0130095
0.0161958
0.0233319
0.0274633
0.0173954
0.00233763
0.00176747
0.0133825
0.00775998
0.00967705
0.0119628
0.0124257
0.0150747
0.0220241
0.0256698
0.0141939
-0.00189529
-0.00152527
0.0122273
0.00349013
0.00746854
0.0114618
0.0119161
0.013958
0.0206313
0.0237017
0.0107698
-0.00636219
-0.00504602
0.0108741
-0.00110732
0.00501893
0.0109223
0.0114618
0.0128479
0.0191648
0.0215838
0.00717115
-0.011005
-0.00875265
0.00933193
-0.00597029
0.00233406
0.0103082
0.0110403
0.0117455
0.0176361
0.0193419
0.0034467
-0.0157649
-0.0126001
0.0076157
-0.0110305
-0.000568318
0.00959009
0.0106313
0.0106504
0.0160567
0.0170026
-0.000355843
-0.020584
-0.0165425
0.00574492
-0.016218
-0.00366095
0.00874644
0.0102154
0.00956202
0.0144372
0.0145917
-0.00419159
-0.0254078
-0.0205351
0.00374209
-0.0214648
-0.00691002
0.00776421
0.00977518
0.00847886
0.012788
0.0121337
-0.0080196
-0.0301897
-0.0245354
0.00163152
-0.0267081
-0.010278
0.00663827
0.00929649
0.00739942
0.0111182
0.00965102
-0.0118035
-0.0348766
-0.0285044
-0.000561836
-0.0318915
-0.013726
0.00537051
0.0087682
0.00632218
0.00943605
0.00716412
-0.0155119
-0.0394313
-0.0324077
-0.00281333
-0.0369668
-0.0172163
0.00396859
0.00818227
0.00524577
0.00774887
0.00469083
-0.0191188
-0.0438239
-0.0362153
-0.00509939
-0.0418939
-0.0207135
0.00244459
0.00753355
0.00416901
0.00606298
0.00224654
-0.0226034
-0.0480293
-0.0399022
-0.00739811
-0.0466411
-0.0241858
0.000813732
0.00681937
0.00309095
0.00438378
-0.000155814
-0.0259495
-0.0520277
-0.043448
-0.00968969
-0.0511847
-0.0276055
-0.000906905
0.00603922
0.00201087
0.00271586
-0.00250562
-0.0291456
-0.0558054
-0.0468372
-0.0119566
-0.0555079
-0.0309495
-0.00269942
0.00519433
0.000928316
0.00106301
-0.00479442
-0.032184
-0.0593536
-0.0500581
-0.0141839
-0.0596004
-0.034199
-0.00454595
0.00428738
-0.000156996
-0.000571637
-0.0070157
-0.0350605
-0.0626683
-0.0531034
-0.0163589
-0.0634571
-0.0373393
-0.00642935
0.00332205
-0.00124519
-0.00218557
-0.0091647
-0.0377738
-0.0657491
-0.0559686
-0.0184714
-0.0670772
-0.0403597
-0.00833365
0.00230279
-0.00233629
-0.0037768
-0.0112382
-0.0403247
-0.0685991
-0.0586524
-0.0205135
-0.0704637
-0.0432527
-0.0102444
0.0012345
-0.00343025
-0.00534379
-0.0132341
-0.0427165
-0.0712238
-0.0611559
-0.022479
-0.073622
-0.0460136
-0.0121488
0.000122338
-0.00452702
-0.0068854
-0.0151517
-0.0449534
-0.0736308
-0.0634822
-0.0243637
-0.0765596
-0.0486401
-0.014036
-0.00102844
-0.00562655
-0.00840081
-0.016991
-0.0470409
-0.0758292
-0.0656355
-0.0261651
-0.0792852
-0.0511316
-0.0158966
-0.00221264
-0.00672882
-0.00988949
-0.0187527
-0.0489855
-0.0778291
-0.0676218
-0.0278819
-0.0818084
-0.0534893
-0.017723
-0.00342523
-0.00783385
-0.0113511
-0.0204384
-0.0507937
-0.0796412
-0.0694473
-0.0295138
-0.0841391
-0.0557151
-0.0195093
-0.00466142
-0.00894175
-0.0127856
-0.0220497
-0.0524725
-0.0812763
-0.071119
-0.0310617
-0.0862874
-0.057812
-0.0212509
-0.00591668
-0.0100527
-0.014193
-0.023589
-0.0540289
-0.0827454
-0.0726442
-0.0325271
-0.0882632
-0.0597833
-0.0229443
-0.00718683
-0.0111668
-0.0155734
-0.0250586
-0.0554697
-0.0840592
-0.0740302
-0.033912
-0.0900759
-0.061633
-0.0245872
-0.00846797
-0.0122844
-0.0169272
-0.0264611
-0.0568015
-0.0852281
-0.0752842
-0.0352189
-0.0917348
-0.0633651
-0.0261779
-0.00975648
-0.0134059
-0.0182546
-0.0277994
-0.0580306
-0.0862617
-0.0764135
-0.0364505
-0.0932483
-0.0649839
-0.0277161
-0.011049
-0.0145315
-0.0195562
-0.0290761
-0.059163
-0.0871694
-0.0774249
-0.0376098
-0.0946244
-0.0664935
-0.0292023
-0.0123432
-0.0156617
-0.0208324
-0.0302941
-0.0602044
-0.0879597
-0.0783249
-0.0386999
-0.0958697
-0.0678972
-0.0306372
-0.0136375
-0.0167973
-0.0220838
-0.031456
-0.06116
-0.0886406
-0.0791192
-0.0397237
-0.0969909
-0.0691983
-0.0320194
-0.0149296
-0.0179393
-0.0233111
-0.0325645
-0.0620348
-0.0892189
-0.0798133
-0.0406832
-0.098
-0.0704048
-0.0333438
-0.0162094
-0.0190873
-0.024515
-0.0336225
-0.0628335
-0.0897023
-0.0804167
-0.0415809
-0.0989167
-0.0715314
-0.0346137
-0.0174638
-0.0202371
-0.0256945
-0.0346322
-0.0635614
-0.0901023
-0.0809434
-0.0424239
-0.0997313
-0.0725766
-0.0358654
-0.0187251
-0.0213842
-0.026848
-0.0355952
-0.0642227
-0.0904246
-0.081388
-0.0432233
-0.100317
-0.0734674
-0.037156
-0.0201301
-0.0224902
-0.0279999
-0.0365138
-0.064806
-0.0906168
-0.0816729
-0.0439715
-0.100557
-0.0741146
-0.0384079
-0.021708
-0.0237488
-0.0292215
-0.0374079
-0.0652806
-0.0905902
-0.0817287
-0.0446137
-0.101271
-0.0748493
-0.0391741
-0.0225905
-0.0251545
-0.030253
-0.0382836
-0.0658665
-0.0908299
-0.0820426
-0.04513
-0.104438
-0.0765188
-0.0390146
-0.0212045
-0.0226432
-0.0295828
-0.0387187
-0.0673456
-0.0929714
-0.0837772
-0.0456904
-0.104927
-0.0765824
-0.0389556
-0.0213785
-0.023272
-0.030323
-0.0395024
-0.0680043
-0.0933635
-0.0839704
-0.0457255
-0.104801
-0.0763866
-0.0389486
-0.0219264
-0.0243406
-0.0316153
-0.040457
-0.0683551
-0.0932105
-0.0837923
-0.0456721
-0.104763
-0.0762495
-0.0389659
-0.0224453
-0.025294
-0.0328268
-0.0413419
-0.0686599
-0.0930867
-0.0836526
-0.0456441
-0.104759
-0.0761272
-0.0390041
-0.0229644
-0.0262589
-0.0339424
-0.0421605
-0.0689624
-0.093002
-0.0835262
-0.0456272
-0.104718
-0.0759948
-0.0390658
-0.0235217
-0.0272633
-0.0350491
-0.042951
-0.0692319
-0.0928869
-0.0833736
-0.0456125
-0.104636
-0.0758543
-0.0391525
-0.0241194
-0.0282999
-0.0361669
-0.0437215
-0.0694542
-0.0927273
-0.0831919
-0.0456009
-0.104517
-0.0757084
-0.0392647
-0.0247549
-0.0293625
-0.0372869
-0.044467
-0.0696301
-0.0925281
-0.0829839
-0.0455934
-0.104363
-0.0755578
-0.039403
-0.0254278
-0.0304498
-0.0384041
-0.0451848
-0.0697609
-0.0922907
-0.0827497
-0.0455907
-0.104174
-0.0754032
-0.0395678
-0.0261382
-0.0315621
-0.039518
-0.0458742
-0.0698463
-0.0920141
-0.0824891
-0.0455931
-0.103948
-0.0752452
-0.0397595
-0.026886
-0.0326995
-0.0406289
-0.0465352
-0.0698853
-0.0916968
-0.0822016
-0.0456009
-0.103686
-0.0750843
-0.0399783
-0.027671
-0.0338614
-0.0417365
-0.0471673
-0.0698774
-0.0913379
-0.0818874
-0.0456144
-0.103388
-0.0749211
-0.0402243
-0.0284929
-0.0350473
-0.0428401
-0.04777
-0.069822
-0.0909368
-0.0815463
-0.0456338
-0.103055
-0.0747562
-0.0404976
-0.0293512
-0.0362567
-0.0439393
-0.0483428
-0.069719
-0.0904927
-0.0811784
-0.0456594
-0.102686
-0.0745899
-0.0407982
-0.0302454
-0.0374891
-0.0450337
-0.0488854
-0.0695681
-0.0900049
-0.0807836
-0.0456912
-0.102283
-0.0744226
-0.0411258
-0.031175
-0.0387437
-0.0461227
-0.0493974
-0.0693693
-0.089473
-0.0803623
-0.101845
-0.0742546
-0.0414802
-0.0321391
-0.0400198
-0.047206
-0.0498785
-0.0691225
-0.0888966
-0.0799144
-0.101373
-0.074086
-0.041861
-0.033137
-0.0413167
-0.0482832
-0.0503285
-0.0688279
-0.0882756
-0.0794404
-0.100868
-0.0739171
-0.0422677
-0.0341678
-0.0426335
-0.049354
-0.0507473
-0.0684859
-0.0876099
-0.0789403
-0.10033
-0.0737478
-0.0426999
-0.0352306
-0.0439693
-0.0504179
-0.0511348
-0.0680969
-0.0868995
-0.0784145
-0.0997608
-0.0735782
-0.0431566
-0.0363243
-0.0453233
-0.0514746
-0.0514911
-0.0676614
-0.0861444
-0.0778633
-0.0991606
-0.0734082
-0.0436373
-0.0374477
-0.0466943
-0.0525239
-0.0518161
-0.06718
-0.0853451
-0.0772872
-0.0985303
-0.0732376
-0.0441409
-0.0385995
-0.0480813
-0.0535655
-0.0521102
-0.0666537
-0.084502
-0.0766864
-0.0978708
-0.0730661
-0.0446664
-0.0397784
-0.0494833
-0.0545989
-0.0523734
-0.0660834
-0.0836158
-0.0760615
-0.097183
-0.0728934
-0.0452128
-0.0409829
-0.0508988
-0.0556239
-0.0526063
-0.06547
-0.0826873
-0.0754129
-0.0964678
-0.0727192
-0.0457787
-0.0422113
-0.0523269
-0.0566403
-0.0528092
-0.0648148
-0.0817174
-0.074741
-0.0957263
-0.0725429
-0.0463629
-0.0434618
-0.053766
-0.0576476
-0.0529826
-0.0641192
-0.0807069
-0.0740464
-0.0949594
-0.072364
-0.046964
-0.0447328
-0.0552148
-0.0586456
-0.0531271
-0.0633844
-0.0796569
-0.0733295
-0.0941681
-0.0721819
-0.0475803
-0.0460221
-0.0566718
-0.0596339
-0.0532435
-0.0626122
-0.0785683
-0.072591
-0.0933533
-0.071996
-0.0482102
-0.0473277
-0.0581356
-0.0606122
-0.0533326
-0.0618041
-0.0774425
-0.0718313
-0.092516
-0.0718054
-0.0488519
-0.0486473
-0.0596046
-0.0615802
-0.0533953
-0.0609619
-0.0762811
-0.0710511
-0.0916572
-0.0716096
-0.0495037
-0.0499788
-0.061077
-0.0625375
-0.0534325
-0.0600875
-0.0750859
-0.070251
-0.090778
-0.0714076
-0.0501635
-0.0513198
-0.0625513
-0.0634838
-0.0534452
-0.0591829
-0.0738586
-0.0694315
-0.0898793
-0.0711986
-0.0508294
-0.0526676
-0.0640257
-0.0644187
-0.0534347
-0.05825
-0.072601
-0.0685933
-0.0889619
-0.0709817
-0.0514992
-0.0540197
-0.0654983
-0.0653418
-0.0534022
-0.0572911
-0.0713146
-0.067737
-0.0880268
-0.070756
-0.0521708
-0.0553736
-0.0669673
-0.0662528
-0.0533488
-0.0563083
-0.0700013
-0.0668632
-0.087075
-0.0705207
-0.0528419
-0.0567264
-0.0684308
-0.0671514
-0.053276
-0.055304
-0.068663
-0.0659727
-0.0861075
-0.0702748
-0.0535102
-0.0580755
-0.0698868
-0.0680371
-0.0531852
-0.0542805
-0.0673016
-0.0650661
-0.085125
-0.0700173
-0.0541733
-0.059418
-0.0713334
-0.0689096
-0.0530778
)
;

boundaryField
{
    inlet
    {
        type            zeroGradient;
    }
    outlet
    {
        type            fixedValue;
        value           nonuniform 0();
    }
    cylinder
    {
        type            zeroGradient;
    }
    top
    {
        type            symmetryPlane;
    }
    bottom
    {
        type            symmetryPlane;
    }
    defaultFaces
    {
        type            empty;
    }
    procBoundary13to12
    {
        type            processor;
        value           nonuniform List<scalar> 
99
(
0.0364773
0.0364877
0.0365064
0.0365317
0.0365608
0.0365901
0.0366148
0.0366285
0.0366229
0.0365862
0.0365029
0.036352
0.0361064
0.0357307
0.0351797
0.0343978
0.0333197
0.0318752
0.0299962
0.0276258
0.0247268
0.0212877
0.0173241
0.012877
0.00800915
0.0027986
-0.00266784
-0.00830085
-0.014014
-0.0197278
-0.0253724
-0.0308887
-0.036229
-0.041358
-0.0462452
-0.0508742
-0.0552361
-0.0593278
-0.0631512
-0.0667123
-0.0700199
-0.0730851
-0.0759201
-0.0785377
-0.0809506
-0.0831716
-0.0852127
-0.0870853
-0.0888002
-0.090367
-0.0917949
-0.0930923
-0.0942664
-0.0953239
-0.0962721
-0.0971238
-0.0978853
-0.0984841
-0.0987799
-0.0994433
-0.102914
-0.103797
-0.103883
-0.104029
-0.104249
-0.10443
-0.104551
-0.104623
-0.104647
-0.104622
-0.104546
-0.104417
-0.104235
-0.103999
-0.103708
-0.103362
-0.10296
-0.102503
-0.101989
-0.10142
-0.100796
-0.100117
-0.0993852
-0.0986006
-0.0977648
-0.0968794
-0.0959466
-0.0949683
-0.0939462
-0.092882
-0.0917777
-0.0906358
-0.0894584
-0.0882468
-0.087003
-0.0857305
-0.0844323
-0.0831121
-0.0817721
)
;
    }
    procBoundary13to14
    {
        type            processor;
        value           nonuniform List<scalar> 
99
(
0.0223162
0.0222564
0.0221395
0.0219672
0.0217411
0.0214635
0.0211391
0.0207755
0.0203848
0.0199826
0.0195877
0.0192196
0.0188959
0.0186295
0.0184264
0.0182843
0.0181938
0.0181382
0.0180977
0.018051
0.0179778
0.0178602
0.0176836
0.0174374
0.017115
0.0167129
0.0162306
0.0156697
0.0150335
0.0143264
0.0135534
0.0127201
0.0118323
0.0108959
0.00991661
0.00890018
0.00785195
0.00677704
0.00568022
0.00456588
0.00343803
0.00230026
0.0011558
7.50959e-06
-0.00114213
-0.00229094
-0.00343707
-0.00457893
-0.00571515
-0.00684454
-0.00796614
-0.00907944
-0.0101845
-0.0112802
-0.0123607
-0.0134197
-0.0144813
-0.0156254
-0.0168447
-0.0176226
-0.0170767
-0.0171973
-0.0174969
-0.0178025
-0.0181221
-0.0184708
-0.0188505
-0.0192606
-0.0197011
-0.0201724
-0.0206746
-0.0212078
-0.0217719
-0.0223667
-0.0229919
-0.0457293
-0.0457293
-0.0457737
-0.0458243
-0.0458809
-0.0459432
-0.0460111
-0.0460841
-0.0461617
-0.0462434
-0.0463287
-0.0464169
-0.0465073
-0.046599
-0.0466913
-0.0467832
-0.0468739
-0.0469622
-0.0470473
-0.047128
-0.0472032
-0.0472719
-0.0473328
-0.047385
)
;
    }
    procBoundary13to29
    {
        type            processor;
        value           nonuniform List<scalar> 
11
(
-0.0532401
-0.0659194
-0.064144
-0.0841284
-0.0697474
-0.054829
-0.0607511
-0.0727685
-0.0697685
-0.0532401
-0.0529553
)
;
    }
}


// ************************************************************************* //
