/*--------------------------------*- C++ -*----------------------------------*\
  =========                 |
  \\      /  F ield         | OpenFOAM: The Open Source CFD Toolbox
   \\    /   O peration     | Website:  https://openfoam.org
    \\  /    A nd           | Version:  7
     \\/     M anipulation  |
\*---------------------------------------------------------------------------*/
FoamFile
{
    version     2.0;
    format      ascii;
    class       volVectorField;
    location    "92";
    object      U;
}
// * * * * * * * * * * * * * * * * * * * * * * * * * * * * * * * * * * * * * //

dimensions      [0 1 -1 0 0 0 0];

internalField   nonuniform List<vector> 
1062
(
(0.403895 0.0808424 3.36622e-22)
(0.618436 -0.35721 1.45506e-22)
(0.744821 -0.5598 2.20538e-22)
(0.77157 -0.620487 2.31422e-23)
(0.688551 -0.661314 -9.69154e-23)
(0.621819 -0.551099 5.42075e-23)
(0.696283 -0.203143 -1.49633e-23)
(0.834939 0.157838 -3.5522e-23)
(0.932241 0.363555 -1.50909e-22)
(1.08807 0.00029368 0)
(1.08665 0.000262532 0)
(1.08516 0.000368986 0)
(1.08252 0.000529044 0)
(1.07924 0.000826483 0)
(1.07301 0.00121944 0)
(1.06489 0.00150392 0)
(1.05489 0.00185579 0)
(1.04191 0.00184637 0)
(1.03156 0.00165049 0)
(1.08819 0.000870734 0)
(1.08681 0.000773139 0)
(1.08538 0.00108683 0)
(1.08281 0.00156342 0)
(1.07958 0.00245471 0)
(1.07337 0.00363094 0)
(1.06522 0.00448812 0)
(1.0551 0.00554368 0)
(1.04199 0.00552016 0)
(1.03147 0.00494793 0)
(1.08842 0.00142277 0)
(1.08711 0.00124565 0)
(1.08581 0.00175336 0)
(1.08339 0.00254103 0)
(1.08026 0.00402979 0)
(1.07406 0.00599033 0)
(1.06586 0.00743659 0)
(1.05551 0.00920194 0)
(1.04216 0.00917755 0)
(1.03129 0.00826756 0)
(1.08874 0.00194241 0)
(1.08755 0.00166331 0)
(1.08642 0.00234762 0)
(1.08422 0.00344358 0)
(1.08124 0.005544 0)
(1.07507 0.00830204 0)
(1.0668 0.0103709 0)
(1.05612 0.0128639 0)
(1.04242 0.0128597 0)
(1.03103 0.0116659 0)
(1.08913 0.00242364 0)
(1.08811 0.0020113 0)
(1.0872 0.0028504 0)
(1.0853 0.00425396 0)
(1.08253 0.00698924 0)
(1.0764 0.0105693 0)
(1.06802 0.0133096 0)
(1.05691 0.0165576 0)
(1.04276 0.0166033 0)
(1.0307 0.0151932 0)
(1.08958 0.00286111 0)
(1.08875 0.00227534 0)
(1.08814 0.0032428 0)
(1.08662 0.00495541 0)
(1.0841 0.00835697 0)
(1.07804 0.0127948 0)
(1.06952 0.016269 0)
(1.0579 0.0203073 0)
(1.0432 0.0204411 0)
(1.03029 0.0188958 0)
(1.09006 0.00324998 0)
(1.08947 0.00244118 0)
(1.08922 0.00350581 0)
(1.08816 0.00553132 0)
(1.08597 0.00963813 0)
(1.08 0.0149805 0)
(1.0713 0.0192638 0)
(1.05909 0.0241335 0)
(1.04374 0.0244033 0)
(1.02983 0.0228154 0)
(1.09054 0.00358586 0)
(1.09023 0.00249435 0)
(1.09044 0.00362003 0)
(1.08992 0.0059648 0)
(1.08811 0.0108232 0)
(1.08226 0.0171284 0)
(1.07335 0.0223068 0)
(1.06047 0.0280542 0)
(1.04439 0.0285163 0)
(1.02931 0.0269898 0)
(1.09101 0.0038648 0)
(1.09103 0.00241998 0)
(1.09176 0.00356528 0)
(1.09189 0.00623842 0)
(1.09053 0.0119021 0)
(1.08483 0.0192396 0)
(1.07569 0.0254096 0)
(1.06205 0.0320847 0)
(1.04516 0.0328033 0)
(1.02877 0.0314525 0)
(1.09144 0.00408327 0)
(1.09183 0.00220261 0)
(1.09319 0.00332036 0)
(1.09407 0.00633403 0)
(1.09324 0.0128646 0)
(1.08772 0.0213151 0)
(1.0783 0.0285824 0)
(1.06384 0.0362389 0)
(1.04605 0.0372826 0)
(1.02823 0.0362338 0)
(1.09179 0.00423821 0)
(1.09261 0.00182607 0)
(1.09469 0.00286266 0)
(1.09645 0.00623263 0)
(1.09624 0.0137 0)
(1.09093 0.0233553 0)
(1.08121 0.0318348 0)
(1.06584 0.0405291 0)
(1.04707 0.0419677 0)
(1.02772 0.0413605 0)
(1.09204 0.00432714 0)
(1.09333 0.0012735 0)
(1.09627 0.00216783 0)
(1.09904 0.00591441 0)
(1.09953 0.0143978 0)
(1.09448 0.02536 0)
(1.08441 0.0351762 0)
(1.06805 0.0449663 0)
(1.04823 0.0468661 0)
(1.02729 0.0468571 0)
(1.09216 0.00434824 0)
(1.09399 0.000529867 0)
(1.09791 0.0012097 0)
(1.10184 0.00535876 0)
(1.10311 0.0149474 0)
(1.09836 0.0273284 0)
(1.08792 0.0386163 0)
(1.07047 0.0495603 0)
(1.04954 0.0519785 0)
(1.02697 0.0527455 0)
(1.09211 0.00429993 0)
(1.09453 -0.000427398 0)
(1.09958 -3.78232e-05 0)
(1.10485 0.00454477 0)
(1.10699 0.0153383 0)
(1.1026 0.029259 0)
(1.09175 0.042166 0)
(1.07308 0.0543192 0)
(1.05103 0.0572996 0)
(1.02681 0.0590465 0)
(1.09187 0.00418261 0)
(1.09493 -0.00162336 0)
(1.10129 -0.00161115 0)
(1.10807 0.00345073 0)
(1.11117 0.0155598 0)
(1.1072 0.0311502 0)
(1.09589 0.0458377 0)
(1.07589 0.0592484 0)
(1.05273 0.0628188 0)
(1.02683 0.065778 0)
(1.09139 0.00399823 0)
(1.09515 -0.00307558 0)
(1.10302 -0.00354588 0)
(1.11152 0.00205474 0)
(1.11567 0.0156011 0)
(1.11219 0.0330008 0)
(1.10036 0.0496455 0)
(1.07888 0.0643501 0)
(1.05465 0.0685235 0)
(1.02702 0.0729531 0)
(1.09064 0.00375027 0)
(1.09514 -0.00480461 0)
(1.10475 -0.0058739 0)
(1.11519 0.000334414 0)
(1.12049 0.015451 0)
(1.11758 0.0348111 0)
(1.10515 0.0536043 0)
(1.08207 0.0696222 0)
(1.05684 0.0744028 0)
(1.02736 0.0805761 0)
(1.08957 0.00344526 0)
(1.09488 -0.00683559 0)
(1.10649 -0.00863569 0)
(1.11911 -0.00173303 0)
(1.12565 0.0150979 0)
(1.1234 0.0365841 0)
(1.11023 0.0577293 0)
(1.08547 0.0750588 0)
(1.05929 0.0804523 0)
(1.02779 0.0886375 0)
(1.08815 0.00308852 0)
(1.0943 -0.00919778 0)
(1.10823 -0.0118743 0)
(1.12326 -0.00416796 0)
(1.13118 0.0145299 0)
(1.12965 0.0383268 0)
(1.1156 0.062033 0)
(1.08911 0.080651 0)
(1.06202 0.0866781 0)
(1.02823 0.0971071 0)
(1.08633 0.00268828 0)
(1.09338 -0.0119205 0)
(1.10995 -0.0156347 0)
(1.12766 -0.00699508 0)
(1.13709 0.013736 0)
(1.13636 0.0400513 0)
(1.12122 0.0665238 0)
(1.09306 0.0863895 0)
(1.06497 0.0930975 0)
(1.02862 0.10593 0)
(1.08406 0.00225856 0)
(1.09206 -0.0150337 0)
(1.11165 -0.0199638 0)
(1.13231 -0.010244 0)
(1.14345 0.012706 0)
(1.1435 0.0417749 0)
(1.12707 0.0712037 0)
(1.09736 0.0922686 0)
(1.06807 0.0997366 0)
(1.02896 0.115023 0)
(0.97377 0.11572 0)
(1.08128 0.00181126 0)
(1.09031 -0.0185708 0)
(1.1133 -0.0249109 0)
(1.13724 -0.0139449 0)
(1.15028 0.0114333 0)
(1.15107 0.0435199 0)
(1.13317 0.0760679 0)
(1.10206 0.0982901 0)
(1.07123 0.106623 0)
(1.02932 0.124283 0)
(0.973658 0.127439 0)
(1.07794 0.00136266 0)
(1.08807 -0.0225659 0)
(1.11489 -0.0305278 0)
(1.14245 -0.0181323 0)
(1.15764 0.00991623 0)
(1.15904 0.0453115 0)
(1.13951 0.0811052 0)
(1.10718 0.104467 0)
(1.07433 0.113777 0)
(1.02983 0.133596 0)
(0.974629 0.139487 0)
(1.07399 0.000931871 0)
(1.0853 -0.0270528 0)
(1.1164 -0.0368698 0)
(1.14799 -0.0228452 0)
(1.16558 0.00815951 0)
(1.16737 0.0471753 0)
(1.14614 0.0863012 0)
(1.11271 0.110822 0)
(1.07727 0.121204 0)
(1.03066 0.142852 0)
(0.976512 0.151834 0)
(1.06938 0.000541904 0)
(1.08194 -0.0320641 0)
(1.11778 -0.0439971 0)
(1.15391 -0.0281266 0)
(1.17414 0.00617496 0)
(1.17605 0.0491355 0)
(1.1531 0.0916425 0)
(1.11858 0.117389 0)
(1.08002 0.128885 0)
(1.03199 0.151963 0)
(0.979023 0.16447 0)
(1.06406 0.000204595 0)
(1.07794 -0.0376318 0)
(1.11901 -0.0519749 0)
(1.16025 -0.0340223 0)
(1.18333 0.00398102 0)
(1.18503 0.0512127 0)
(1.16044 0.0971204 0)
(1.12472 0.124205 0)
(1.08259 0.136786 0)
(1.03393 0.160873 0)
(0.98184 0.177385 0)
(1.05799 -5.43734e-05 0)
(1.07322 -0.0437851 0)
(1.12006 -0.0608768 0)
(1.16708 -0.0405765 0)
(1.19317 0.00160233 0)
(1.19434 0.0534238 0)
(1.1682 0.102735 0)
(1.13099 0.131302 0)
(1.08504 0.144856 0)
(1.03651 0.169557 0)
(0.984672 0.190553 0)
(1.05112 -0.00019564 0)
(1.0677 -0.0505516 0)
(1.12091 -0.0707829 0)
(1.17447 -0.0478338 0)
(1.20367 -0.000944128 0)
(1.20398 0.0557827 0)
(1.17639 0.108495 0)
(1.13731 0.138709 0)
(1.08745 0.153039 0)
(1.03968 0.17802 0)
(0.987307 0.203924 0)
(1.04341 -0.000191101 0)
(1.06129 -0.0579584 0)
(1.12154 -0.081781 0)
(1.18248 -0.0558374 0)
(1.21482 -0.00361542 0)
(1.21398 0.0583019 0)
(1.18499 0.11442 0)
(1.14358 0.146443 0)
(1.08994 0.16128 0)
(1.04334 0.186288 0)
(0.989622 0.217429 0)
(1.03484 -9.45593e-07 0)
(1.05389 -0.0660312 0)
(1.12194 -0.0939656 0)
(1.19116 -0.0646268 0)
(1.22662 -0.00635475 0)
(1.22438 0.0609961 0)
(1.19397 0.120539 0)
(1.14973 0.154507 0)
(1.09259 0.169532 0)
(1.04732 0.194401 0)
(0.991571 0.230982 0)
(1.02536 0.000421514 0)
(1.0454 -0.0747955 0)
(1.1221 -0.107436 0)
(1.20053 -0.074236 0)
(1.23906 -0.00916423 0)
(1.23521 0.0638793 0)
(1.20328 0.126882 0)
(1.15572 0.162895 0)
(1.09548 0.177759 0)
(1.05148 0.2024 0)
(0.993166 0.244491 0)
(1.01495 0.00112962 0)
(1.03571 -0.084274 0)
(1.12196 -0.12229 0)
(1.21056 -0.0846993 0)
(1.25213 -0.0120143 0)
(1.2465 0.0669705 0)
(1.21282 0.133484 0)
(1.16155 0.171591 0)
(1.09862 0.185936 0)
(1.05566 0.210327 0)
(0.994454 0.257869 0)
(1.00362 0.002182 0)
(1.02474 -0.0944811 0)
(1.12138 -0.138621 0)
(1.22112 -0.0960536 0)
(1.26576 -0.0148758 0)
(1.25824 0.0702904 0)
(1.22254 0.140378 0)
(1.16722 0.180574 0)
(1.10203 0.194052 0)
(1.05973 0.218219 0)
(0.995497 0.271034 0)
(0.991401 0.003642 0)
(1.01241 -0.105412 0)
(1.12008 -0.156503 0)
(1.23195 -0.108339 0)
(1.27984 -0.017765 0)
(1.2704 0.0738554 0)
(1.23234 0.147592 0)
(1.17274 0.189816 0)
(1.10568 0.202104 0)
(1.06359 0.226104 0)
(0.996358 0.283917 0)
(0.978411 0.00557445 0)
(0.998671 -0.117025 0)
(1.11754 -0.175978 0)
(1.24254 -0.121613 0)
(1.29413 -0.0206901 0)
(1.28288 0.0776766 0)
(1.24212 0.155146 0)
(1.17812 0.199288 0)
(1.10953 0.210098 0)
(1.06718 0.234002 0)
(0.997094 0.29646 0)
(0.964852 0.0080393 0)
(0.983482 -0.12921 0)
(1.11286 -0.19703 0)
(1.25206 -0.135958 0)
(1.30824 -0.0237032 0)
(1.29552 0.0817478 0)
(1.2518 0.163048 0)
(1.18337 0.208958 0)
(1.11351 0.218041 0)
(1.07045 0.241928 0)
(0.997753 0.308619 0)
(0.951026 0.0110973 0)
(0.966833 -0.141759 0)
(1.10476 -0.219562 0)
(1.25924 -0.151496 0)
(1.32153 -0.0269353 0)
(1.30804 0.0860305 0)
(1.26124 0.17129 0)
(1.18849 0.218794 0)
(1.11756 0.225946 0)
(1.07337 0.249885 0)
(0.998368 0.320365 0)
(0.937321 0.0147985 0)
(0.94873 -0.154331 0)
(1.09156 -0.243361 0)
(1.26242 -0.168397 0)
(1.33315 -0.0305766 0)
(1.32007 0.0904461 0)
(1.27032 0.179842 0)
(1.19345 0.228761 0)
(1.12162 0.233822 0)
(1.07593 0.257874 0)
(0.99896 0.331676 0)
(0.924141 0.0191786 0)
(0.929188 -0.166438 0)
(1.07144 -0.268079 0)
(1.2596 -0.186872 0)
(1.34198 -0.0349059 0)
(1.33115 0.0948619 0)
(1.27887 0.188649 0)
(1.19822 0.238819 0)
(1.12562 0.241679 0)
(1.07815 0.265887 0)
(0.999542 0.342544 0)
(0.911823 0.0242704 0)
(0.90821 -0.177456 0)
(1.04281 -0.293225 0)
(1.24873 -0.20716 0)
(1.34677 -0.0402997 0)
(1.34069 0.0990833 0)
(1.28668 0.197627 0)
(1.20275 0.248922 0)
(1.1295 0.249521 0)
(1.08002 0.273917 0)
(1.00012 0.352965 0)
(0.900523 0.0301032 0)
(0.885755 -0.186687 0)
(1.00479 -0.318194 0)
(1.22805 -0.229481 0)
(1.34626 -0.0471903 0)
(1.34807 0.10286 0)
(1.29354 0.20666 0)
(1.20696 0.259019 0)
(1.1332 0.257347 0)
(1.08157 0.28195 0)
(1.00067 0.362946 0)
(0.890151 0.0367224 0)
(0.861735 -0.193448 0)
(0.957611 -0.342321 0)
(1.19654 -0.253982 0)
(1.3394 -0.0560385 0)
(1.35267 0.105895 0)
(1.29919 0.215606 0)
(1.21078 0.26905 0)
(1.13667 0.265151 0)
(1.0828 0.289971 0)
(1.00121 0.372495 0)
(0.880351 0.0441791 0)
(0.836031 -0.19719 0)
(0.902836 -0.364963 0)
(1.15415 -0.280676 0)
(1.32547 -0.0672722 0)
(1.35396 0.107873 0)
(1.30342 0.224298 0)
(1.21411 0.278947 0)
(1.13985 0.272922 0)
(1.08375 0.297965 0)
(1.00171 0.381625 0)
(0.87056 0.0525479 0)
(0.808571 -0.197583 0)
(0.843122 -0.385579 0)
(1.10194 -0.309403 0)
(1.30425 -0.0812258 0)
(1.35153 0.108487 0)
(1.306 0.232559 0)
(1.21687 0.288635 0)
(1.14269 0.280642 0)
(1.08441 0.305913 0)
(1.00216 0.390351 0)
(0.860121 0.0619101 0)
(0.779423 -0.194574 0)
(0.781763 -0.403786 0)
(1.04195 -0.339813 0)
(1.27603 -0.0980955 0)
(1.34518 0.107467 0)
(1.30678 0.240211 0)
(1.21897 0.298039 0)
(1.14517 0.288289 0)
(1.08481 0.313799 0)
(1.00255 0.39869 0)
(0.848404 0.0723412 0)
(0.748854 -0.188379 0)
(0.722067 -0.419388 0)
(0.976832 -0.371393 0)
(1.24153 -0.117909 0)
(1.33488 0.104604 0)
(1.30562 0.247087 0)
(1.22032 0.307079 0)
(1.14724 0.295837 0)
(1.08496 0.321605 0)
(1.00285 0.406659 0)
(0.834913 0.0839075 0)
(0.717336 -0.179433 0)
(0.666821 -0.432367 0)
(0.909499 -0.403522 0)
(1.2018 -0.140516 0)
(1.32078 0.0997692 0)
(1.30249 0.253041 0)
(1.22087 0.31568 0)
(1.14887 0.303256 0)
(1.08487 0.329314 0)
(1.00305 0.414274 0)
(0.819347 0.0966278 0)
(0.685492 -0.168319 0)
(0.617963 -0.442851 0)
(0.842716 -0.435537 0)
(1.15807 -0.165619 0)
(1.30319 0.0929111 0)
(1.2974 0.257954 0)
(1.22058 0.323775 0)
(1.15006 0.310518 0)
(1.08455 0.336908 0)
(1.00315 0.421553 0)
(0.801612 0.110474 0)
(0.654012 -0.155685 0)
(0.576487 -0.451075 0)
(0.778826 -0.466805 0)
(1.11161 -0.192814 0)
(1.2825 0.0840532 0)
(1.29039 0.261741 0)
(1.21943 0.331301 0)
(1.15077 0.317592 0)
(1.08401 0.344372 0)
(1.00313 0.428512 0)
(0.781801 0.125371 0)
(0.62358 -0.142171 0)
(0.542532 -0.457335 0)
(0.719609 -0.496778 0)
(1.06365 -0.221626 0)
(1.2592 0.0732832 0)
(1.2816 0.264345 0)
(1.2174 0.33821 0)
(1.15102 0.32445 0)
(1.08325 0.35169 0)
(1.00298 0.435166 0)
(0.760145 0.141196 0)
(0.594834 -0.128357 0)
(0.515585 -0.461951 0)
(0.666277 -0.525028 0)
(1.01529 -0.251547 0)
(1.23376 0.0607397 0)
(1.27117 0.265745 0)
(1.21453 0.344463 0)
(1.1508 0.331065 0)
(1.08229 0.35885 0)
(1.00269 0.441529 0)
(0.736966 0.15778 0)
(0.56834 -0.114732 0)
(0.494745 -0.465235 0)
(0.619564 -0.551268 0)
(0.967511 -0.282075 0)
(1.20668 0.0465985 0)
(1.25927 0.265944 0)
(1.21083 0.350032 0)
(1.15012 0.337415 0)
(1.08111 0.36584 0)
(1.00226 0.447614 0)
(0.712633 0.17492 0)
(0.54459 -0.10168 0)
(0.478988 -0.467473 0)
(0.579828 -0.575337 0)
(0.921123 -0.312745 0)
(1.17844 0.0310593 0)
(1.24609 0.26497 0)
(1.20636 0.354903 0)
(1.14898 0.343479 0)
(1.07975 0.372649 0)
(1.00168 0.453435 0)
(0.687531 0.192386 0)
(0.523995 -0.089482 0)
(0.467379 -0.468928 0)
(0.547096 -0.59718 0)
(0.876741 -0.343133 0)
(1.1495 0.0143312 0)
(1.23184 0.262872 0)
(1.20117 0.359071 0)
(1.14742 0.349242 0)
(1.07819 0.379269 0)
(1.00095 0.459004 0)
(0.662035 0.209933 0)
(0.506878 -0.0783515 0)
(0.459207 -0.469863 0)
(0.521046 -0.616814 0)
(0.834749 -0.372823 0)
(1.12029 -0.00337736 0)
(1.21672 0.25971 0)
(1.19533 0.362541 0)
(1.14545 0.354693 0)
(1.07645 0.385693 0)
(1.00007 0.464331 0)
(0.636494 0.22729 0)
(0.493464 -0.068488 0)
(0.454014 -0.470509 0)
(0.501004 -0.634312 0)
(0.795314 -0.401409 0)
(1.09122 -0.0218399 0)
(1.20097 0.255571 0)
(1.18893 0.365328 0)
(1.1431 0.359823 0)
(1.07453 0.391916 0)
(0.999039 0.469426 0)
(0.611206 0.244146 0)
(0.483869 -0.0600457 0)
(0.451536 -0.470839 0)
(0.486016 -0.649754 0)
(0.758499 -0.428731 0)
(1.06272 -0.0407627 0)
(1.18483 0.250594 0)
(1.18204 0.36747 0)
(1.14039 0.364636 0)
(1.07244 0.397941 0)
(0.997859 0.474298 0)
(0.586385 0.260299 0)
(0.478136 -0.0527475 0)
(0.451621 -0.470233 0)
(0.474985 -0.66319 0)
(0.724439 -0.45528 0)
(1.0352 -0.0601374 0)
(1.1686 0.244818 0)
(1.17479 0.368995 0)
(1.13733 0.369122 0)
(1.07015 0.403767 0)
(0.996523 0.478964 0)
(0.562159 0.276421 0)
(0.476292 -0.0453833 0)
(0.454122 -0.468126 0)
(0.466821 -0.674791 0)
(0.693444 -0.481648 0)
(1.00903 -0.0812121 0)
(1.1528 0.237493 0)
(1.16733 0.369684 0)
(1.13389 0.373201 0)
(1.06759 0.409256 0)
(0.994988 0.483444 0)
(0.53855 0.293271 0)
(0.478318 -0.0380717 0)
(0.45882 -0.467337 0)
(0.460659 -0.685274 0)
(0.665927 -0.505774 0)
(0.984342 -0.103334 0)
(1.13844 0.228625 0)
(1.16008 0.369499 0)
(1.12987 0.376962 0)
(1.06438 0.414203 0)
(0.993067 0.487675 0)
(0.518246 0.296589 -7.3045e-22)
(0.4829 -0.047059 -5.90841e-22)
(0.46425 -0.475539 4.04294e-22)
(0.457107 -0.693572 -1.96172e-21)
(0.646761 -0.517455 4.69286e-22)
(0.964741 -0.109759 3.57281e-21)
(1.12903 0.230699 -3.51448e-21)
(1.15472 0.373309 -4.22772e-22)
(1.1253 0.381613 3.73938e-21)
(1.05977 0.420494 -2.72558e-21)
(0.501372 0.292026 -2.91018e-22)
(0.488282 -0.0648808 5.80985e-22)
(0.469603 -0.48995 -4.76984e-23)
(0.457992 -0.698583 -3.2936e-21)
(0.638567 -0.516789 3.91885e-21)
(0.950578 -0.105858 3.76559e-21)
(1.12086 0.235549 -7.09766e-21)
(1.15001 0.376277 5.04078e-21)
(1.12134 0.384815 -3.11193e-21)
(1.0559 0.425608 1.34487e-22)
(0.485875 0.284642 3.08341e-22)
(0.494481 -0.0834463 1.3581e-22)
(0.475 -0.503332 -6.49209e-22)
(0.459907 -0.702934 4.30867e-21)
(0.634826 -0.515992 -4.14676e-21)
(0.939086 -0.101663 5.97215e-21)
(1.11272 0.240364 -8.32456e-21)
(1.14513 0.378897 5.93745e-22)
(1.11732 0.38769 5.51941e-21)
(1.05205 0.430443 1.59147e-22)
(0.47214 0.277174 -5.38731e-22)
(0.501156 -0.101313 1.80872e-23)
(0.480556 -0.515574 -7.92263e-22)
(0.46203 -0.707053 -1.33934e-21)
(0.632548 -0.515954 2.35698e-21)
(0.929295 -0.0988266 6.26516e-22)
(1.10463 0.244286 -4.78222e-21)
(1.14012 0.38135 3.5085e-23)
(1.11324 0.390694 2.44608e-21)
(1.04822 0.435243 -2.89206e-21)
(0.460453 0.269138 -1.49001e-22)
(0.508058 -0.11923 -7.88384e-22)
(0.486288 -0.527057 2.89992e-21)
(0.464291 -0.710804 1.70449e-21)
(0.630743 -0.515979 -7.82618e-21)
(0.920587 -0.0964282 5.85296e-21)
(1.0966 0.247692 -5.19494e-21)
(1.13499 0.383653 5.65624e-21)
(1.10911 0.393798 1.30572e-22)
(1.04441 0.440043 4.62496e-23)
(0.451008 0.259993 -2.05395e-22)
(0.515027 -0.137359 -6.35673e-22)
(0.492192 -0.537803 2.91872e-21)
(0.466712 -0.714193 -7.16915e-22)
(0.629068 -0.516021 -2.70288e-21)
(0.912578 -0.0941987 2.59419e-21)
(1.08862 0.250788 -4.2755e-21)
(1.12975 0.385786 4.54274e-21)
(1.10493 0.396916 -1.6877e-21)
(1.0406 0.444798 -4.31806e-22)
(0.443867 0.249713 -1.87422e-22)
(0.521933 -0.155534 2.22967e-22)
(0.498255 -0.547796 2.47489e-21)
(0.46931 -0.717241 -1.94742e-21)
(0.627391 -0.51614 -8.97461e-23)
(0.905016 -0.0922209 -1.59186e-21)
(1.08067 0.253562 6.50298e-21)
(1.12443 0.387751 -4.69233e-21)
(1.1007 0.400033 -3.59944e-21)
(1.0368 0.449489 9.69688e-22)
(0.438952 0.238364 -4.19051e-22)
(0.528665 -0.173618 -7.4339e-22)
(0.504466 -0.557047 -1.53926e-21)
(0.472098 -0.719962 4.67674e-21)
(0.625657 -0.516356 -3.61665e-21)
(0.897735 -0.0905401 1.63722e-21)
(1.07274 0.255994 1.20824e-21)
(1.11902 0.389554 -2.37573e-21)
(1.09644 0.403156 1.27429e-21)
(1.033 0.454115 9.92543e-22)
(0.436052 0.225956 4.16633e-22)
(0.535133 -0.191521 -3.14885e-21)
(0.510816 -0.565579 2.79294e-21)
(0.475086 -0.722367 5.12971e-21)
(0.623848 -0.516676 -1.2321e-21)
(0.890619 -0.0891587 2.01194e-22)
(1.06483 0.258089 -3.32727e-21)
(1.11353 0.391201 -2.39108e-22)
(1.09213 0.406284 -3.80223e-21)
(1.02919 0.458674 1.61294e-21)
(0.43486 0.212483 1.12181e-21)
(0.541274 -0.209159 2.6817e-23)
(0.517298 -0.57342 -4.68209e-22)
(0.47828 -0.724465 -4.03578e-21)
(0.621956 -0.517105 1.70552e-21)
(0.883593 -0.0880783 1.17471e-21)
(1.05691 0.259855 4.17392e-21)
(1.10798 0.392694 -1.15849e-21)
(1.08779 0.409411 -2.19161e-21)
(1.02537 0.463163 1.60394e-21)
(0.435016 0.197955 1.1019e-21)
(0.547049 -0.226459 -2.59642e-22)
(0.523909 -0.580599 -4.39169e-21)
(0.481687 -0.726264 1.0145e-21)
(0.619987 -0.517647 1.91269e-21)
(0.876603 -0.0873046 3.32252e-21)
(1.04899 0.261298 1.68989e-21)
(1.10236 0.394035 7.79868e-22)
(1.08342 0.412533 -8.41326e-23)
(1.02153 0.467578 3.56026e-22)
(0.436139 0.1824 1.76869e-21)
(0.552442 -0.243361 2.72155e-22)
(0.530644 -0.587151 7.69472e-22)
(0.485314 -0.727772 1.36098e-21)
(0.617947 -0.518301 5.78268e-22)
(0.869615 -0.086843 3.01668e-21)
(1.04106 0.262418 -7.20336e-21)
(1.09668 0.395225 2.65618e-22)
(1.07902 0.415645 4.97964e-22)
(1.01767 0.471916 -1.09747e-21)
(0.437875 0.165857 1.68349e-21)
(0.557464 -0.259822 -5.15713e-21)
(0.537502 -0.593111 2.46503e-21)
(0.489167 -0.728993 3.35349e-22)
(0.615846 -0.519066 2.28054e-21)
(0.862604 -0.0866979 1.68841e-21)
(1.03312 0.263216 -6.48851e-21)
(1.09096 0.396267 5.56305e-22)
(1.07459 0.418742 1.08694e-21)
(1.01377 0.476174 -1.40443e-21)
(0.439918 0.148379 5.23994e-22)
(0.562143 -0.275812 1.74633e-21)
(0.544479 -0.598516 -6.44932e-22)
(0.493252 -0.729931 -5.19128e-21)
(0.613699 -0.519939 6.26418e-21)
(0.855559 -0.0868727 -7.15853e-21)
(1.02517 0.263693 1.23191e-21)
(1.08519 0.397161 -3.8976e-22)
(1.07013 0.421821 6.91386e-22)
(1.00983 0.480351 1.2163e-21)
(0.442033 0.130034 -1.87644e-21)
(0.566526 -0.291319 6.69722e-22)
(0.551574 -0.603402 1.54465e-21)
(0.497577 -0.730592 -8.46351e-21)
(0.611519 -0.520914 9.23911e-21)
(0.848471 -0.0873704 -3.79392e-21)
(1.0172 0.26385 3.69006e-21)
(1.07937 0.397906 -1.7479e-22)
(1.06564 0.424877 -4.16417e-22)
(1.00585 0.484442 -3.3265e-21)
(0.444059 0.110906 2.67055e-21)
(0.570675 -0.306339 -2.54833e-21)
(0.558784 -0.607801 -1.63207e-21)
(0.502149 -0.730976 4.85127e-21)
(0.609326 -0.521985 -5.86926e-21)
(0.841339 -0.0881931 4.60362e-21)
(1.00923 0.263686 2.62131e-21)
(1.07353 0.398502 -1.19821e-21)
(1.06112 0.427907 -8.63141e-22)
(1.00182 0.488448 -3.35196e-21)
(0.445911 0.0910927 9.48597e-23)
(0.574659 -0.32088 -3.13637e-21)
(0.566105 -0.611748 2.22786e-21)
(0.506972 -0.731087 2.36844e-21)
(0.607137 -0.523145 -6.25924e-22)
(0.834167 -0.0893425 3.13563e-21)
(1.00125 0.263201 -1.74175e-21)
(1.06766 0.39895 -1.68596e-21)
(1.05658 0.430907 -2.56941e-21)
(0.99773 0.492365 7.75586e-22)
(0.447568 0.0707063 3.62193e-22)
(0.578553 -0.334956 -3.07259e-21)
(0.573534 -0.615273 5.48008e-22)
(0.512053 -0.730927 1.80143e-21)
(0.604974 -0.524386 -1.47459e-21)
(0.826961 -0.0908192 4.48187e-21)
(0.993262 0.262395 -6.0494e-21)
(1.06176 0.399249 1.73203e-21)
(1.052 0.433873 1.5519e-21)
(0.993582 0.496193 -3.16125e-21)
(0.449059 0.0498662 -6.9742e-22)
(0.582436 -0.348587 4.12987e-21)
(0.581068 -0.618402 -4.67206e-21)
(0.517397 -0.730498 -3.833e-21)
(0.602859 -0.525698 6.89142e-21)
(0.81973 -0.0926233 -5.45482e-21)
(0.985283 0.261267 2.41138e-22)
(1.05585 0.399397 3.66638e-21)
(1.0474 0.436802 -7.79927e-22)
(0.989372 0.49993 1.27017e-21)
(0.450455 0.0286967 -1.43709e-21)
(0.586383 -0.361794 -2.58542e-21)
(0.588703 -0.621161 1.60146e-21)
(0.523005 -0.729801 -2.80159e-21)
(0.600818 -0.52707 -4.33268e-21)
(0.812486 -0.0947539 1.05318e-20)
(0.977316 0.259818 -5.14176e-21)
(1.04993 0.399395 2.87939e-21)
(1.04276 0.439692 -1.25937e-21)
(0.985101 0.503574 3.07783e-22)
(0.451851 0.0073221 -2.95123e-21)
(0.590465 -0.374601 3.16474e-21)
(0.596436 -0.623574 -3.36729e-22)
(0.528881 -0.728838 -6.42677e-23)
(0.598877 -0.528492 4.07947e-21)
(0.805243 -0.0972093 5.13612e-22)
(0.96937 0.258046 3.03465e-22)
(1.044 0.399241 1.00927e-21)
(1.03808 0.442538 -1.65023e-21)
(0.98077 0.507126 8.14175e-22)
(0.453359 -0.0141407 -3.00264e-23)
(0.594748 -0.387029 2.16836e-21)
(0.604265 -0.62566 8.99177e-22)
(0.535024 -0.727612 6.46704e-22)
(0.597062 -0.529953 -1.18386e-21)
(0.798017 -0.0999867 4.7839e-22)
(0.961453 0.255952 -2.26261e-21)
(1.03808 0.398933 1.15621e-21)
(1.03337 0.445338 1.5469e-21)
(0.976384 0.510584 -7.22379e-22)
(0.455097 -0.0355878 1.59652e-21)
(0.599289 -0.3991 3.38058e-21)
(0.612188 -0.627439 -3.85664e-21)
(0.541433 -0.726126 3.49271e-21)
(0.595403 -0.531441 -2.40221e-21)
(0.790827 -0.103083 -2.59909e-21)
(0.953575 0.253535 1.20098e-21)
(1.03217 0.398472 1.1589e-21)
(1.02862 0.44809 -2.34239e-21)
(0.971948 0.513948 -8.13784e-23)
(0.457187 -0.0569276 -1.43394e-21)
(0.604136 -0.41083 -2.19161e-21)
(0.620203 -0.628925 -9.22086e-22)
(0.548101 -0.724381 -2.54845e-22)
(0.593929 -0.532943 3.86712e-21)
(0.78369 -0.106492 -1.8184e-21)
(0.945748 0.250797 -1.61367e-23)
(1.02627 0.397857 -2.91313e-22)
(1.02382 0.450789 3.62088e-21)
(0.967469 0.517219 3.64602e-22)
(0.459749 -0.0780832 7.49371e-23)
(0.609328 -0.422234 -1.42416e-21)
(0.628311 -0.630135 2.13086e-21)
(0.555025 -0.722383 -1.21117e-22)
(0.592671 -0.534448 -2.30312e-21)
(0.77663 -0.11021 1.06705e-21)
(0.937985 0.247738 2.35776e-21)
(1.02039 0.397086 -4.12929e-21)
(1.01898 0.453433 -1.61349e-21)
(0.962954 0.520399 -2.10738e-21)
(0.462895 -0.0989924 -1.49692e-21)
(0.614897 -0.433323 -9.78048e-22)
(0.636513 -0.631082 2.25342e-21)
(0.562193 -0.720135 -2.25303e-21)
(0.591661 -0.535944 -5.1565e-23)
(0.769668 -0.114229 5.21397e-21)
(0.930299 0.244358 -2.37786e-21)
(1.01454 0.396159 3.82643e-21)
(1.01408 0.456019 -6.42953e-22)
(0.958412 0.523488 -7.00505e-22)
(0.466733 -0.119605 -1.84234e-21)
(0.620863 -0.444102 3.48969e-21)
(0.644809 -0.631777 -1.44129e-21)
(0.569595 -0.717642 -1.5767e-21)
(0.590928 -0.537418 7.85155e-22)
(0.76283 -0.118541 -4.25918e-21)
(0.922704 0.24066 -1.01241e-21)
(1.00871 0.395076 -9.01979e-22)
(1.00914 0.458543 9.64172e-22)
(0.953851 0.526488 -1.01911e-21)
(0.259924 0.352598 1.90461e-21)
(0.471358 -0.139879 -2.65953e-21)
(0.627241 -0.454576 7.36661e-22)
(0.653203 -0.632233 -2.11034e-21)
(0.577218 -0.71491 1.9272e-21)
(0.590504 -0.53886 1.34468e-21)
(0.75614 -0.123138 -1.13631e-21)
(0.915215 0.236645 3.57685e-21)
(1.00293 0.393837 5.45737e-22)
(1.00414 0.461002 -1.86819e-22)
(0.949278 0.529401 -5.10523e-22)
(0.26223 0.335088 -2.54971e-21)
(0.476852 -0.159778 -3.24429e-23)
(0.634037 -0.464743 -1.92614e-21)
(0.661698 -0.632459 1.12037e-21)
(0.585047 -0.711945 8.25246e-22)
(0.590417 -0.540259 -1.43228e-21)
(0.749628 -0.128009 4.73268e-21)
(0.907848 0.232315 -3.63205e-21)
(0.997181 0.392441 -1.42147e-21)
(0.999101 0.463392 -6.53838e-22)
(0.9447 0.532231 3.97797e-22)
(0.26588 0.316551 -2.125e-22)
(0.483284 -0.179267 3.67406e-21)
(0.64125 -0.474599 -4.64837e-21)
(0.670296 -0.632466 4.70462e-23)
(0.593064 -0.708754 -3.65196e-22)
(0.590696 -0.541604 5.95381e-22)
(0.743323 -0.133143 -3.09721e-21)
(0.900621 0.227675 4.45868e-21)
(0.991476 0.390888 9.86885e-22)
(0.994011 0.46571 4.20548e-22)
(0.940121 0.53498 -1.02759e-21)
(0.270979 0.297073 -1.80653e-22)
(0.490703 -0.198311 -4.40425e-22)
(0.648877 -0.484138 1.04467e-21)
(0.679001 -0.632263 8.78369e-22)
(0.601251 -0.705346 -2.79838e-22)
(0.591363 -0.542887 -1.85922e-22)
(0.737254 -0.138529 -5.59933e-22)
(0.89355 0.222727 1.38791e-21)
(0.985816 0.389179 1.71599e-22)
(0.988879 0.467951 -4.85532e-22)
(0.935547 0.537651 -1.11056e-21)
(0.277628 0.276764 5.80852e-23)
(0.499142 -0.216876 1.46685e-22)
(0.656907 -0.49335 -6.69829e-22)
(0.687815 -0.631859 6.72716e-22)
(0.60959 -0.701727 -5.67749e-22)
(0.592441 -0.5441 -9.96663e-23)
(0.731453 -0.144154 -3.99394e-23)
(0.886652 0.217478 -1.44445e-21)
(0.980205 0.387314 -1.72554e-21)
(0.98371 0.470113 4.60372e-22)
(0.930977 0.540249 6.44169e-22)
(0.285895 0.255752 3.88157e-22)
(0.508617 -0.234925 -1.47539e-21)
(0.665327 -0.502226 6.27785e-22)
(0.696739 -0.631262 -1.61756e-21)
(0.618059 -0.697908 1.1859e-21)
(0.593947 -0.545235 5.07561e-22)
(0.725953 -0.150003 1.00229e-21)
(0.879945 0.211931 4.72343e-22)
(0.974643 0.385294 1.54406e-22)
(0.978512 0.47219 1.53706e-21)
(0.926414 0.542776 -9.60704e-22)
(0.295804 0.234183 -3.39016e-22)
(0.519125 -0.252424 1.63849e-23)
(0.674122 -0.510755 -4.99952e-22)
(0.705773 -0.630481 1.38076e-21)
(0.626641 -0.693897 -1.61896e-21)
(0.595893 -0.546287 -1.11859e-21)
(0.720785 -0.156063 5.69299e-22)
(0.873446 0.206094 2.73151e-22)
(0.969133 0.383118 9.61149e-22)
(0.973292 0.47418 -6.38237e-22)
(0.921858 0.545238 -3.81459e-22)
(0.307322 0.212215 1.80821e-21)
(0.530645 -0.269339 3.47207e-22)
(0.683276 -0.518924 -5.751e-22)
(0.714915 -0.629524 -1.05389e-21)
(0.635317 -0.689704 -3.32065e-22)
(0.598288 -0.547252 7.92315e-22)
(0.71598 -0.16232 1.09217e-21)
(0.86717 0.199975 5.96117e-22)
(0.963677 0.380787 -4.43579e-22)
(0.968059 0.476078 -9.40768e-22)
(0.917305 0.547638 1.5086e-21)
(0.320369 0.190012 -9.22052e-22)
(0.543146 -0.285641 -1.90648e-21)
(0.692771 -0.526723 2.82278e-21)
(0.724159 -0.628398 -1.62731e-22)
(0.644069 -0.68534 4.12696e-22)
(0.601134 -0.548127 -5.84763e-22)
(0.711569 -0.168757 2.98057e-22)
(0.861132 0.193581 -1.55e-24)
(0.958277 0.378301 -1.22411e-21)
(0.962824 0.47788 3.03977e-22)
(0.912756 0.549981 -2.45466e-22)
(0.334829 0.167735 1.70916e-21)
(0.556581 -0.301303 -9.18156e-22)
(0.702591 -0.534139 2.43548e-22)
(0.733499 -0.627111 -6.39503e-22)
(0.652883 -0.680815 -1.41948e-22)
(0.604426 -0.548908 2.90707e-22)
(0.707579 -0.175361 -5.63394e-22)
(0.855347 0.186922 2.6223e-22)
(0.952937 0.375661 -6.78702e-23)
(0.957597 0.479583 4.17896e-22)
(0.908208 0.55227 4.15866e-22)
(0.350561 0.145543 -7.66284e-22)
(0.570893 -0.316304 5.00875e-22)
(0.71272 -0.541164 -3.67365e-22)
(0.742924 -0.62567 -1.71381e-22)
(0.661746 -0.676139 5.21675e-22)
(0.608158 -0.549596 -3.1072e-23)
(0.704037 -0.182116 -6.9754e-23)
(0.849825 0.180007 1.95063e-22)
(0.947658 0.372867 -4.94469e-23)
(0.952387 0.481183 2.94357e-22)
(0.903657 0.554511 -6.06431e-22)
(0.367413 0.12358 -8.97437e-23)
(0.58602 -0.33063 -4.79291e-22)
(0.723143 -0.547787 3.20671e-22)
(0.752422 -0.624081 -6.58844e-22)
(0.670648 -0.671323 -6.98349e-23)
(0.612314 -0.55019 1.19197e-23)
(0.700962 -0.189008 -1.22717e-22)
(0.844578 0.172847 2.4941e-22)
(0.942446 0.369918 8.76763e-23)
(0.947204 0.482676 -2.88466e-22)
(0.899103 0.556707 1.94289e-22)
(0.385237 0.101976 1.76407e-22)
(0.601891 -0.344267 1.81997e-22)
(0.733847 -0.554002 1.97149e-22)
(0.761977 -0.622352 7.02429e-24)
(0.679585 -0.666378 5.17825e-23)
(0.616876 -0.550691 -1.92321e-23)
(0.698374 -0.196022 1.34219e-23)
(0.839614 0.165454 -9.9261e-23)
(0.937306 0.366814 -3.1264e-23)
(0.942059 0.484059 7.22372e-23)
(0.894543 0.558863 -7.88204e-23)
)
;

boundaryField
{
    inlet
    {
        type            uniformFixedValue;
        uniformValue    constant (1 0 0);
        value           nonuniform 0();
    }
    outlet
    {
        type            pressureInletOutletVelocity;
        value           nonuniform 0();
    }
    cylinder
    {
        type            fixedValue;
        value           nonuniform 0();
    }
    top
    {
        type            symmetryPlane;
    }
    bottom
    {
        type            symmetryPlane;
    }
    defaultFaces
    {
        type            empty;
    }
    procBoundary11to10
    {
        type            processor;
        value           nonuniform List<vector> 
100
(
(1.0898 0.000311943 0)
(1.08992 0.000931095 0)
(1.09014 0.00154148 0)
(1.09046 0.00214596 0)
(1.09085 0.00274773 0)
(1.09129 0.00335036 0)
(1.09177 0.00395777 0)
(1.09226 0.00457439 0)
(1.09274 0.00520535 0)
(1.09318 0.00585658 0)
(1.09357 0.00653498 0)
(1.09388 0.00724856 0)
(1.09407 0.00800645 0)
(1.09413 0.00881907 0)
(1.09403 0.00969817 0)
(1.09374 0.0106571 0)
(1.09324 0.0117105 0)
(1.0925 0.0128746 0)
(1.0915 0.014169 0)
(1.09021 0.0156148 0)
(1.08863 0.0172347 0)
(1.08672 0.0190554 0)
(1.08447 0.0211068 0)
(1.08185 0.0234218 0)
(1.07885 0.0260366 0)
(1.07543 0.0289898 0)
(1.0716 0.0323229 0)
(1.06732 0.036079 0)
(1.06259 0.0403024 0)
(1.05741 0.0450383 0)
(1.05179 0.0503324 0)
(1.04574 0.0562298 0)
(1.03928 0.0627743 0)
(1.0324 0.0700051 0)
(1.02511 0.0779525 0)
(1.01739 0.0866314 0)
(1.00919 0.0960338 0)
(1.00047 0.106122 0)
(0.99116 0.116826 0)
(0.981252 0.128045 0)
(0.970783 0.139659 0)
(0.959867 0.151545 0)
(0.948698 0.163596 0)
(0.937523 0.175738 0)
(0.9266 0.187937 0)
(0.916151 0.200209 0)
(0.906311 0.212603 0)
(0.897105 0.225198 0)
(0.888446 0.238083 0)
(0.880146 0.251348 0)
(0.87195 0.26507 0)
(0.86357 0.279308 0)
(0.85472 0.294098 0)
(0.845136 0.309453 0)
(0.83459 0.325361 0)
(0.822898 0.341786 0)
(0.809907 0.358656 0)
(0.795447 0.375875 0)
(0.779225 0.393672 0)
(0.760438 0.413163 0)
(0.738402 0.427641 -4.19526e-22)
(0.718584 0.434452 -1.10982e-21)
(0.697926 0.439161 7.55312e-22)
(0.676385 0.44461 1.94811e-21)
(0.653903 0.45037 2.33002e-21)
(0.630452 0.455781 3.30254e-21)
(0.606032 0.460712 -3.0302e-21)
(0.580679 0.465149 1.32991e-21)
(0.554477 0.469009 -4.02851e-21)
(0.527572 0.47218 -8.34771e-22)
(0.500185 0.474564 -5.6063e-22)
(0.472613 0.476084 -1.28704e-21)
(0.445229 0.476671 1.34506e-21)
(0.41847 0.47627 -1.09654e-21)
(0.392809 0.474835 2.0634e-22)
(0.368726 0.47233 5.93529e-22)
(0.346663 0.468726 1.79359e-21)
(0.326984 0.464002 -2.70883e-21)
(0.30994 0.458139 -2.45611e-21)
(0.295643 0.451124 -2.66271e-21)
(0.284061 0.442944 1.86008e-21)
(0.275038 0.433588 1.51351e-21)
(0.268319 0.423048 1.7865e-21)
(0.263608 0.411318 -1.98831e-21)
(0.260612 0.398397 -1.86429e-21)
(0.25909 0.38429 -8.28608e-22)
(0.258883 0.369014 -3.1619e-21)
(0.258883 0.369014 -3.1619e-21)
(0.207896 0.669076 -2.34275e-21)
(0.175887 0.669941 -2.04673e-21)
(0.145798 0.669648 -6.21418e-22)
(0.118258 0.668164 -1.6735e-21)
(0.093865 0.665465 3.06764e-21)
(0.0731491 0.661528 -3.64299e-22)
(0.0565277 0.656337 5.30667e-22)
(0.0442764 0.649881 8.40327e-22)
(0.0365122 0.642156 1.15746e-21)
(0.0331947 0.633165 8.77994e-22)
(0.0341423 0.622918 -7.20164e-22)
(0.0390618 0.611433 5.7676e-22)
)
;
    }
    procBoundary11to12
    {
        type            processor;
        value           nonuniform List<vector> 
102
(
(1.02039 0.00124183 0)
(1.02004 0.0037275 0)
(1.01936 0.00624187 0)
(1.01837 0.00883384 0)
(1.01708 0.0115501 0)
(1.0155 0.0144371 0)
(1.01366 0.0175417 0)
(1.01156 0.0209133 0)
(1.00921 0.0246055 0)
(1.00663 0.0286781 0)
(1.00383 0.0331978 0)
(1.00081 0.0382387 0)
(0.997595 0.0438799 0)
(0.994189 0.0502005 0)
(0.990633 0.0572732 0)
(0.986997 0.0651499 0)
(0.983408 0.0738484 0)
(0.980046 0.0833444 0)
(0.977149 0.0935626 0)
(0.974979 0.104394 0)
(0.974979 0.104394 0)
(0.905909 0.0628166 0)
(0.899101 0.076349 0)
(0.892554 0.0918046 0)
(0.88619 0.108952 0)
(0.880132 0.127417 0)
(0.874662 0.14674 0)
(0.870124 0.166434 0)
(0.866795 0.186048 0)
(0.864858 0.205206 0)
(0.864372 0.223625 0)
(0.865287 0.241112 0)
(0.867466 0.257553 0)
(0.870725 0.272893 0)
(0.874853 0.287129 0)
(0.879639 0.30029 0)
(0.884882 0.312425 0)
(0.8904 0.323601 0)
(0.896036 0.333887 0)
(0.901661 0.343355 0)
(0.907168 0.352077 0)
(0.912475 0.360121 0)
(0.917523 0.367551 0)
(0.922267 0.374425 0)
(0.92668 0.380797 0)
(0.930745 0.386715 0)
(0.934457 0.392221 0)
(0.937815 0.397352 0)
(0.940825 0.402141 0)
(0.943498 0.406616 0)
(0.945845 0.4108 0)
(0.947881 0.414714 0)
(0.94962 0.418373 0)
(0.951079 0.421794 0)
(0.952273 0.424988 0)
(0.953217 0.427968 0)
(0.953927 0.430741 0)
(0.954416 0.433305 0)
(0.954683 0.435671 0)
(0.954704 0.438172 0)
(0.954426 0.441373 0)
(0.990031 0.491271 1.00581e-21)
(0.990031 0.491271 1.00581e-21)
(0.987507 0.494029 -9.1586e-22)
(0.984985 0.496403 1.05927e-21)
(0.982461 0.498579 -5.53472e-22)
(0.97993 0.500614 1.55339e-21)
(0.977384 0.502487 -6.58032e-22)
(0.974815 0.504184 3.37054e-22)
(0.972219 0.505711 9.98863e-22)
(0.96959 0.507071 -3.40152e-22)
(0.966928 0.508268 9.98312e-22)
(0.964231 0.509307 3.95515e-22)
(0.961503 0.510189 1.11216e-22)
(0.958747 0.51092 7.10862e-23)
(0.95597 0.511507 -2.88106e-21)
(0.953178 0.511953 -2.97596e-21)
(0.950378 0.512267 -8.54011e-22)
(0.947575 0.512456 -1.47317e-22)
(0.944772 0.512528 -2.23908e-21)
(0.941969 0.51249 1.36362e-21)
(0.939164 0.512351 -5.58215e-22)
(0.93635 0.512121 4.3258e-22)
(0.93352 0.511808 2.18252e-22)
(0.930663 0.511421 -1.4274e-21)
(0.927766 0.51097 3.39027e-22)
(0.924819 0.510465 1.9033e-22)
(0.921808 0.509915 -4.97037e-25)
(0.918723 0.509329 -6.62795e-22)
(0.915555 0.508718 -1.98185e-21)
(0.912296 0.508092 8.20431e-22)
(0.908941 0.507459 -7.05113e-22)
(0.905485 0.506829 -8.12565e-22)
(0.901928 0.50621 9.22321e-22)
(0.89827 0.505613 -1.44469e-22)
(0.894513 0.505044 -1.05927e-22)
(0.890659 0.504512 8.7172e-22)
(0.886714 0.504024 -3.53914e-22)
(0.882682 0.503586 2.84016e-22)
(0.878569 0.503205 -6.73297e-23)
(0.874384 0.502886 1.00291e-22)
(0.870133 0.502634 -4.55238e-23)
)
;
    }
    procBoundary11to26
    {
        type            processor;
        value           nonuniform List<vector> 2((0.0592949 0.58487 2.50832e-23) (0.0475832 0.598738 4.12639e-23));
    }
    procBoundary11to27
    {
        type            processor;
        value           nonuniform List<vector> 
12
(
(0.423264 0.0602732 7.47338e-22)
(0.63558 -0.369452 -2.3337e-22)
(0.756052 -0.565177 5.8373e-23)
(0.781182 -0.618494 -1.1786e-23)
(0.697548 -0.656142 -5.06259e-22)
(0.627116 -0.551415 3.03341e-22)
(0.694697 -0.210359 -6.08687e-23)
(0.830558 0.150012 -2.56705e-22)
(0.93696 0.485328 -2.14172e-24)
(0.92726 0.360139 -2.23421e-22)
(0.93696 0.485328 -2.14172e-24)
(0.889977 0.560983 -2.82682e-24)
)
;
    }
}


// ************************************************************************* //
