/*--------------------------------*- C++ -*----------------------------------*\
  =========                 |
  \\      /  F ield         | OpenFOAM: The Open Source CFD Toolbox
   \\    /   O peration     | Website:  https://openfoam.org
    \\  /    A nd           | Version:  7
     \\/     M anipulation  |
\*---------------------------------------------------------------------------*/
FoamFile
{
    version     2.0;
    format      ascii;
    class       volVectorField;
    location    "53";
    object      U;
}
// * * * * * * * * * * * * * * * * * * * * * * * * * * * * * * * * * * * * * //

dimensions      [0 1 -1 0 0 0 0];

internalField   nonuniform List<vector> 
1062
(
(0.641952 -0.123269 1.59013e-19)
(0.565823 -0.111635 -4.36048e-19)
(0.44798 -0.0569864 3.37729e-20)
(0.507849 -0.0881351 9.04706e-20)
(0.3953 -0.0458558 -5.19773e-20)
(0.454979 -0.0671447 3.16264e-19)
(0.296704 -0.034216 -3.67735e-19)
(0.347317 -0.036242 -8.33212e-20)
(0.404401 -0.0510723 2.22098e-20)
(0.257268 -0.0282303 3.5101e-19)
(0.303483 -0.0280813 1.54703e-19)
(0.356991 -0.0386167 -2.49111e-19)
(0.180134 -0.0253344 -1.72936e-19)
(0.221382 -0.0231131 -1.79895e-19)
(0.263618 -0.0213668 -1.33435e-19)
(0.313214 -0.029019 1.50772e-19)
(0.151699 -0.0224579 -1.16446e-19)
(0.188915 -0.01894 2.46401e-19)
(0.227492 -0.0161334 4.12162e-20)
(0.273051 -0.0219847 -1.21859e-19)
(0.0957381 -0.0250456 -6.51656e-20)
(0.126175 -0.0201658 5.23704e-20)
(0.159687 -0.0157401 -2.65816e-19)
(0.194851 -0.0123583 2.26648e-19)
(0.236387 -0.0172318 -9.39486e-20)
(0.0762024 -0.0239246 3.78334e-21)
(0.103371 -0.0184679 -1.99148e-20)
(0.13349 -0.013498 -4.41563e-20)
(0.165449 -0.00994883 4.13946e-20)
(0.203089 -0.0144239 -1.31501e-19)
(0.0588711 -0.0231405 3.03207e-20)
(0.0830834 -0.0173515 1.00329e-19)
(0.1101 -0.0121589 8.53195e-20)
(0.139047 -0.00876352 -9.14471e-21)
(0.172986 -0.0132143 3.74413e-19)
(0.0247456 -0.0286791 3.75748e-21)
(0.0435588 -0.022683 2.65457e-20)
(0.0650996 -0.0167824 2.72069e-20)
(0.0892823 -0.0116365 7.67707e-21)
(0.1154 -0.00862887 6.76384e-20)
(0.145869 -0.0132704 -2.64048e-19)
(0.0135019 -0.0285473 -5.10513e-20)
(0.0300778 -0.0225291 1.87042e-19)
(0.0492042 -0.0167068 4.54179e-20)
(0.0707967 -0.0118192 -2.86345e-19)
(0.0942608 -0.0093522 -4.6287e-20)
(0.121504 -0.014281 5.27337e-20)
(0.0036746 -0.0285508 -6.57233e-20)
(0.0182414 -0.0226437 -2.4553e-19)
(0.0351824 -0.0170542 7.43896e-20)
(0.0544041 -0.0125793 1.90446e-20)
(0.0753829 -0.0107336 -9.85911e-21)
(0.0996434 -0.0159632 -3.54367e-20)
(-0.0155573 -0.0342988 5.24057e-20)
(-0.00489073 -0.0286674 1.50292e-19)
(0.00786803 -0.0229814 4.2221e-20)
(0.0228255 -0.0177424 -1.02122e-19)
(0.0398722 -0.0137803 -4.88028e-20)
(0.0585255 -0.0125773 -1.03828e-19)
(0.0800354 -0.0180676 8.62137e-20)
(-0.0215324 -0.0342869 5.04806e-20)
(-0.0123419 -0.0288683 1.39266e-20)
(-0.00121604 -0.0234891 2.02491e-19)
(0.0119343 -0.0186823 2.19052e-19)
(0.0269804 -0.0152857 4.67827e-20)
(0.0434593 -0.0147007 3.22395e-20)
(0.0624358 -0.0203814 -7.67091e-20)
(-0.0266779 -0.0342654 -4.04489e-20)
(-0.0188182 -0.0291202 3.29266e-20)
(-0.00917362 -0.0241092 -1.39424e-19)
(0.00232342 -0.0197835 -1.78581e-19)
(0.0155243 -0.0169655 -2.8001e-20)
(0.0299706 -0.0169405 7.91791e-20)
(0.0466132 -0.0227288 -1.23955e-19)
(-0.0361983 -0.0388983 -1.62779e-19)
(-0.0311024 -0.0342143 -1.18732e-19)
(-0.0244483 -0.0293868 3.01033e-20)
(-0.0161546 -0.0247837 -3.6544e-20)
(-0.00617595 -0.0209582 1.91821e-19)
(0.00531903 -0.0187018 1.10919e-19)
(0.0178651 -0.019157 -4.88364e-20)
(0.0323557 -0.0249701 7.49393e-20)
(-0.0390254 -0.0385206 2.30019e-19)
(-0.0349057 -0.0341115 -2.06693e-20)
(-0.0293498 -0.0296309 -2.0537e-19)
(-0.0222934 -0.0254552 8.97157e-20)
(-0.013715 -0.0221272 -1.15057e-19)
(-0.00379898 -0.0203918 -1.50978e-19)
(0.0069698 -0.0212367 -9.92613e-20)
(0.0194743 -0.0269978 -2.40821e-20)
(-0.0414075 -0.0380482 -5.83517e-20)
(-0.0381776 -0.0339346 1.26496e-19)
(-0.0336273 -0.0298165 1.7225e-19)
(-0.02771 -0.0260708 -6.65174e-20)
(-0.0204267 -0.0232205 6.4254e-20)
(-0.011972 -0.0219511 1.65288e-19)
(-0.00286962 -0.0231011 -8.33812e-20)
(0.00781314 -0.0287223 -6.87339e-21)
(-0.0434126 -0.0374687 -1.35268e-19)
(-0.040998 -0.0336619 -1.73004e-21)
(-0.0373734 -0.0299106 -1.66657e-20)
(-0.0325091 -0.0265848 -8.30289e-20)
(-0.0264257 -0.0241797 -2.45546e-19)
(-0.0193291 -0.0233164 -4.84719e-20)
(-0.0117825 -0.0247086 1.26588e-19)
(-0.00273089 -0.0300469 3.69309e-20)
(-0.045706 -0.0400893 9.01229e-20)
(-0.0451006 -0.0367699 1.05194e-19)
(-0.0434371 -0.0332734 -9.30161e-20)
(-0.0406686 -0.0298836 7.45932e-20)
(-0.0367811 -0.0269582 1.42763e-19)
(-0.0318125 -0.0249577 5.2712e-20)
(-0.0259844 -0.0244367 -3.70281e-20)
(-0.019837 -0.0260078 4.51538e-20)
(-0.0122257 -0.0309206 5.02081e-20)
(-0.0465231 -0.0390014 -9.56663e-20)
(-0.0465241 -0.0359409 7.36456e-21)
(-0.0455555 -0.0327515 1.15772e-21)
(-0.0435817 -0.0297108 -2.08421e-19)
(-0.0406025 -0.0271596 -1.62707e-19)
(-0.0366708 -0.0255202 1.33786e-19)
(-0.0320169 -0.0252793 1.15994e-19)
(-0.0270921 -0.0269609 -6.33033e-20)
(-0.0208212 -0.0314628 -6.4614e-20)
(-0.047166 -0.0377767 -8.415e-21)
(-0.0477281 -0.0349723 7.80269e-20)
(-0.0474048 -0.0320814 6.27577e-20)
(-0.0461711 -0.029372 2.01239e-19)
(-0.0440382 -0.0271649 -7.0188e-20)
(-0.0410709 -0.0258431 -3.50023e-20)
(-0.0375002 -0.0258288 -1.36339e-19)
(-0.0336865 -0.0275668 -1.38722e-19)
(-0.0287018 -0.0317607 8.24801e-20)
(-0.047668 -0.0364113 5.82027e-20)
(-0.0487509 -0.0338565 -9.66541e-20)
(-0.0490285 -0.0312515 -3.37353e-20)
(-0.0484851 -0.028852 -5.56143e-20)
(-0.0471419 -0.0269566 1.06165e-19)
(-0.0450723 -0.0259101 4.13643e-20)
(-0.0425045 -0.0260758 1.50107e-20)
(-0.0397278 -0.0278291 -1.88388e-20)
(-0.0359489 -0.0317481 -1.15471e-19)
(-0.0480572 -0.034903 -1.00165e-19)
(-0.0496244 -0.0325883 1.63636e-20)
(-0.0504623 -0.0302535 1.92881e-19)
(-0.0505633 -0.0281403 -1.25004e-21)
(-0.0499571 -0.0265236 -1.17434e-20)
(-0.0487233 -0.0257113 -1.06209e-20)
(-0.0470849 -0.0260144 6.64121e-20)
(-0.0452776 -0.0277457 6.36175e-20)
(-0.042611 -0.0313806 1.22124e-19)
(-0.0457088 -0.0351381 -7.19212e-20)
(-0.0483571 -0.0332508 1.63408e-19)
(-0.050375 -0.0311646 2.24778e-20)
(-0.0517352 -0.0290826 -1.26877e-19)
(-0.0524375 -0.0272307 9.4228e-20)
(-0.0525182 -0.0258599 -6.52148e-20)
(-0.0520615 -0.0252433 5.03111e-20)
(-0.0512833 -0.0256447 -6.24035e-20)
(-0.0503777 -0.0273218 -1.34331e-21)
(-0.0487318 -0.0306616 -1.03514e-19)
(-0.0455819 -0.0331585 3.96984e-21)
(-0.048587 -0.0314557 -1.24125e-19)
(-0.0510238 -0.0295848 4.28066e-20)
(-0.0528703 -0.027737 -5.04014e-20)
(-0.0541325 -0.0261213 -7.78112e-20)
(-0.0548519 -0.0249651 6.81021e-20)
(-0.0551156 -0.0245084 -5.36717e-20)
(-0.0551312 -0.0249737 5.70872e-20)
(-0.0550596 -0.0265709 8.04615e-21)
(-0.0543472 -0.0296114 8.02022e-20)
(-0.0454273 -0.0310485 -5.47587e-20)
(-0.0487624 -0.0295199 6.92439e-20)
(-0.0515877 -0.0278504 1.63525e-20)
(-0.0538855 -0.0262179 -3.80392e-20)
(-0.0556672 -0.024814 -1.79523e-20)
(-0.0569783 -0.0238429 5.62723e-21)
(-0.057907 -0.023514 -4.88143e-21)
(-0.0586523 -0.0240137 5.94604e-20)
(-0.0593475 -0.0255111 3.77373e-20)
(-0.0594855 -0.0282546 -1.38753e-19)
(-0.0452563 -0.0288126 -1.26197e-20)
(-0.0488957 -0.0274477 8.30569e-20)
(-0.0520797 -0.0259652 -4.45897e-20)
(-0.0547946 -0.0245293 7.32529e-20)
(-0.0570559 -0.023314 4.43615e-20)
(-0.0589121 -0.022501 -8.99565e-20)
(-0.0604515 -0.0222716 -8.29444e-21)
(-0.0618639 -0.022781 -7.55212e-20)
(-0.0632593 -0.024164 5.18512e-20)
(-0.0641683 -0.026617 -6.93607e-20)
(-0.045078 -0.0264567 -1.39524e-20)
(-0.0489965 -0.0252445 -1.88318e-20)
(-0.0525098 -0.023935 9.39973e-20)
(-0.0556077 -0.0226779 -1.33083e-19)
(-0.0583089 -0.0216295 -5.16796e-20)
(-0.060664 -0.0209501 1.0983e-19)
(-0.0627604 -0.0207958 -1.11153e-20)
(-0.0647786 -0.0212945 5.05569e-20)
(-0.0668087 -0.022553 -1.88871e-20)
(-0.0684127 -0.0247253 2.62095e-20)
(-0.0448995 -0.0239877 4.92393e-20)
(-0.049072 -0.0229175 -8.7065e-20)
(-0.0528852 -0.0217674 -5.81115e-20)
(-0.0563319 -0.0206722 -2.28869e-20)
(-0.0594334 -0.0197709 1.07902e-19)
(-0.0622412 -0.0192037 -5.30495e-20)
(-0.0648415 -0.0191035 5.93606e-20)
(-0.0674053 -0.0195754 7.57566e-21)
(-0.0700059 -0.0207029 -6.12806e-20)
(-0.0722319 -0.022606 1.1581e-19)
(-0.0447264 -0.0214137 -4.17546e-20)
(-0.0491276 -0.0204752 3.81761e-20)
(-0.0532113 -0.0194717 4.63247e-20)
(-0.0569724 -0.0185229 4.94584e-20)
(-0.0604341 -0.0177511 -9.54968e-20)
(-0.0636486 -0.0172772 1.09976e-19)
(-0.0666998 -0.0172136 -1.57106e-20)
(-0.0697503 -0.0176458 1.02786e-20)
(-0.0728584 -0.0186386 3.76339e-20)
(-0.0756364 -0.0202848 -2.85429e-20)
(-0.0445626 -0.0187436 -7.78657e-21)
(-0.0491673 -0.0179272 -3.74673e-20)
(-0.0534917 -0.0170585 4.83097e-20)
(-0.0575324 -0.0162422 -5.91279e-21)
(-0.0613141 -0.0155841 3.94399e-21)
(-0.0648891 -0.0151874 -5.79985e-21)
(-0.0683388 -0.015146 -3.47093e-20)
(-0.0718179 -0.0155286 -6.55287e-21)
(-0.0753721 -0.0163853 8.17052e-21)
(-0.0786339 -0.0177869 2.68239e-20)
(-0.0394087 -0.0165618 7.5656e-20)
(-0.0444112 -0.0159874 5.11512e-20)
(-0.0491937 -0.0152842 -2.8465e-20)
(-0.0537285 -0.0145397 -7.7535e-21)
(-0.0580138 -0.0138436 2.0291e-20)
(-0.0620751 -0.0132857 -2.74452e-20)
(-0.0659642 -0.0129526 -2.04449e-20)
(-0.0697605 -0.0129214 -4.97476e-20)
(-0.073611 -0.0132471 -5.36906e-21)
(-0.077551 -0.0139675 -4.88967e-20)
(-0.0812308 -0.0151364 -9.12969e-20)
(-0.0391469 -0.0136485 -5.6837e-20)
(-0.0442743 -0.0131557 -2.33356e-20)
(-0.0492086 -0.0125579 5.56621e-21)
(-0.0539234 -0.0119283 1.24528e-20)
(-0.0584177 -0.0113417 3.13385e-20)
(-0.0627176 -0.0108725 -3.76071e-21)
(-0.0668746 -0.0105916 3.94498e-21)
(-0.0709657 -0.0105613 3.14e-20)
(-0.0751314 -0.0108245 2.36265e-20)
(-0.0793982 -0.0114094 2.4429e-20)
(-0.0834316 -0.0123564 6.55762e-20)
(-0.0389229 -0.0106769 1.50081e-20)
(-0.0441532 -0.01026 -1.29281e-20)
(-0.0492132 -0.00976068 -5.09601e-21)
(-0.0540769 -0.00923798 4.44764e-21)
(-0.0587444 -0.00875189 -2.12031e-20)
(-0.063242 -0.00836185 1.03093e-20)
(-0.0676206 -0.00812406 3.82644e-20)
(-0.071955 -0.00808721 3.904e-21)
(-0.0763803 -0.00828391 -4.74553e-21)
(-0.0809159 -0.00873479 3.84676e-20)
(-0.0852399 -0.00946926 -2.64706e-20)
(-0.0387379 -0.00765796 -5.35228e-22)
(-0.0440491 -0.00731211 -1.83127e-20)
(-0.0492081 -0.00690566 1.46756e-20)
(-0.0541895 -0.00648326 -2.5531e-20)
(-0.058994 -0.00609034 -1.96664e-20)
(-0.0636481 -0.0057718 7.71396e-21)
(-0.0682019 -0.00556988 -3.26692e-20)
(-0.0727285 -0.00552084 -5.22301e-20)
(-0.0773585 -0.0056483 -7.84376e-21)
(-0.0821057 -0.00596666 4.59136e-22)
(-0.0866585 -0.00649666 4.16857e-20)
(-0.0385926 -0.00460319 -8.34119e-21)
(-0.0439625 -0.0043245 -1.27012e-21)
(-0.0491936 -0.00400639 4.74191e-21)
(-0.0542613 -0.00367912 7.91895e-21)
(-0.0591664 -0.00337367 8.58046e-21)
(-0.0639355 -0.00312078 -3.30574e-21)
(-0.0686181 -0.00294934 2.8207e-20)
(-0.073286 -0.00288397 -1.184e-20)
(-0.0780663 -0.00294036 -4.88917e-21)
(-0.0829687 -0.00312769 6.46408e-21)
(-0.0876893 -0.00345958 -1.86065e-20)
(-0.0384877 -0.00152429 -6.44568e-21)
(-0.0438938 -0.00130991 9.30065e-21)
(-0.0491701 -0.00107683 -7.57599e-21)
(-0.0542923 -0.00084095 6.23269e-21)
(-0.0592613 -0.000618921 -3.3966e-21)
(-0.0641039 -0.000427563 -6.23166e-21)
(-0.0688691 -0.000282843 -1.39463e-20)
(-0.0736276 -0.000198376 2.84584e-20)
(-0.0785041 -0.000182588 9.18571e-22)
(-0.0835059 -0.000240127 -1.10521e-20)
(-0.0883338 -0.000378543 -2.49425e-22)
(-0.0737532 0.0025142 -7.60685e-21)
(-0.0786723 0.0026027 -4.5432e-22)
(-0.0837178 0.00267407 -1.55727e-21)
(-0.0885931 0.00272625 -3.16227e-21)
(1.15852 -0.00237247 -3.67392e-22)
(1.15882 -0.00700693 -1.02687e-22)
(1.15941 -0.0115887 -3.57123e-22)
(1.16026 -0.0160678 6.07934e-22)
(1.16134 -0.0204878 -1.22271e-21)
(1.16266 -0.0248418 2.83122e-21)
(1.16419 -0.0291449 -2.19674e-21)
(1.16592 -0.0334008 1.30611e-21)
(1.16783 -0.0376164 -1.9996e-22)
(1.16991 -0.0417965 -7.20732e-22)
(1.17216 -0.0459453 -1.47101e-21)
(1.17456 -0.0500662 3.08816e-21)
(1.17709 -0.0541619 -6.97575e-21)
(1.17976 -0.0582345 1.11707e-20)
(1.18255 -0.0622855 -9.09068e-21)
(1.18545 -0.0663158 3.01707e-21)
(1.18846 -0.0703257 -5.92043e-21)
(1.19157 -0.074315 2.07279e-21)
(1.19477 -0.078283 5.00096e-21)
(1.19806 -0.0822285 -1.10447e-21)
(1.20143 -0.0861499 -6.98299e-21)
(1.20487 -0.0900448 3.8252e-21)
(1.20838 -0.0939108 1.03389e-20)
(1.21196 -0.0977445 -1.70223e-20)
(1.21559 -0.101542 6.97747e-21)
(1.21929 -0.1053 -1.65103e-20)
(1.22303 -0.109014 7.4314e-21)
(1.22682 -0.112678 2.30616e-20)
(1.23066 -0.116287 -3.214e-21)
(1.23453 -0.119835 -3.56028e-20)
(1.23845 -0.123315 2.26861e-20)
(1.24239 -0.126721 -5.41349e-22)
(1.24637 -0.130045 1.99617e-21)
(1.25038 -0.13328 -1.89489e-20)
(1.25443 -0.136419 3.53524e-20)
(1.25852 -0.139452 -9.13442e-22)
(1.26265 -0.142369 -8.66466e-21)
(1.26684 -0.14516 -6.75162e-21)
(1.27109 -0.147809 4.01437e-20)
(1.27541 -0.150294 -4.81723e-21)
(1.27978 -0.152588 4.5746e-21)
(1.28415 -0.154651 -4.89958e-20)
(1.28844 -0.156432 -2.02948e-20)
(1.29249 -0.157865 1.89694e-20)
(1.29606 -0.158868 5.01079e-20)
(1.29806 -0.161354 -7.16658e-20)
(1.29883 -0.159343 -4.6349e-20)
(1.30054 -0.161695 9.21062e-20)
(1.30034 -0.159169 8.28094e-21)
(1.30162 -0.161389 -1.07482e-19)
(1.3 -0.158211 -1.09355e-20)
(1.30066 -0.160302 7.12176e-22)
(1.29704 -0.156323 1.51303e-20)
(1.29684 -0.158292 4.83095e-21)
(1.2905 -0.153366 4.65962e-20)
(1.28914 -0.155228 -1.15015e-21)
(1.27923 -0.14925 -9.36155e-20)
(1.27636 -0.151023 3.97524e-20)
(1.26198 -0.143968 9.29619e-20)
(1.25715 -0.14566 -7.73816e-21)
(1.2374 -0.137635 -4.97687e-20)
(1.23014 -0.139293 5.71904e-21)
(1.20428 -0.13057 1.90299e-21)
(1.1942 -0.132337 1.0115e-19)
(1.16172 -0.123388 -3.3122e-20)
(1.14816 -0.125194 -1.58182e-19)
(1.10897 -0.116749 1.68343e-20)
(1.09099 -0.118323 5.60367e-20)
(1.04537 -0.111294 -2.57906e-20)
(1.02391 -0.113972 1.177e-19)
(0.972172 -0.109487 -3.97089e-20)
(0.948009 -0.114573 -1.01474e-19)
(0.891643 -0.114981 9.26135e-20)
(0.853842 -0.114013 1.0002e-19)
(0.795077 -0.122015 5.18468e-20)
(1.16415 -0.00228066 0)
(1.17394 -0.00208885 0)
(1.1831 -0.00187996 0)
(1.19146 -0.00165744 0)
(1.19893 -0.00142133 0)
(1.20537 -0.00117392 0)
(1.21069 -0.000919388 0)
(1.16446 -0.00675393 0)
(1.17428 -0.0061996 0)
(1.18344 -0.00558775 0)
(1.19182 -0.00493044 0)
(1.19929 -0.00422963 0)
(1.20574 -0.00349388 0)
(1.21106 -0.00273634 0)
(1.16508 -0.0111633 0)
(1.17494 -0.0102383 0)
(1.18413 -0.00922454 0)
(1.19252 -0.0081373 0)
(1.20001 -0.00697836 0)
(1.20646 -0.00576255 0)
(1.21178 -0.00451143 0)
(1.16599 -0.0154776 0)
(1.17589 -0.0141927 0)
(1.18511 -0.0127861 0)
(1.19353 -0.0112769 0)
(1.20104 -0.0096673 0)
(1.2075 -0.00797966 0)
(1.21283 -0.00624384 0)
(1.16715 -0.0197286 0)
(1.17713 -0.0180814 0)
(1.18638 -0.0162833 0)
(1.19484 -0.0143557 0)
(1.20237 -0.0123002 0)
(1.20884 -0.0101472 0)
(1.21417 -0.00793415 0)
(1.16856 -0.0239136 0)
(1.17861 -0.0219055 0)
(1.18792 -0.0197185 0)
(1.19641 -0.0173761 0)
(1.20397 -0.0148787 0)
(1.21046 -0.0122662 0)
(1.21578 -0.00958282 0)
(1.1702 -0.0280442 0)
(1.18034 -0.0256722 0)
(1.1897 -0.0230966 0)
(1.19824 -0.0203413 0)
(1.20583 -0.0174051 0)
(1.21234 -0.0143381 0)
(1.21765 -0.0111905 0)
(1.17205 -0.0321241 0)
(1.18229 -0.0293854 0)
(1.1917 -0.0264207 0)
(1.20029 -0.0232537 0)
(1.20793 -0.0198808 0)
(1.21445 -0.0163639 0)
(1.21976 -0.0127577 0)
(1.1741 -0.0361592 0)
(1.18444 -0.0330489 0)
(1.19392 -0.0296935 0)
(1.20256 -0.0261151 0)
(1.21024 -0.022307 0)
(1.21677 -0.0183446 0)
(1.22208 -0.0142851 0)
(1.17634 -0.0401532 0)
(1.18678 -0.0366658 0)
(1.19633 -0.0329173 0)
(1.20503 -0.0289271 0)
(1.21274 -0.0246847 0)
(1.2193 -0.020281 0)
(1.22459 -0.0157733 0)
(1.17875 -0.0441094 0)
(1.18931 -0.0402383 0)
(1.19891 -0.0360935 0)
(1.20768 -0.0316907 0)
(1.21543 -0.0270146 0)
(1.222 -0.0221739 0)
(1.22729 -0.017223 0)
(1.18132 -0.0480303 0)
(1.19199 -0.0437683 0)
(1.20166 -0.0392233 0)
(1.21049 -0.0344066 0)
(1.21828 -0.0292971 0)
(1.22486 -0.0240239 0)
(1.23014 -0.0186349 0)
(1.18404 -0.0519177 0)
(1.19483 -0.0472569 0)
(1.20456 -0.0423073 0)
(1.21345 -0.037075 0)
(1.22128 -0.0315324 0)
(1.22787 -0.0258316 0)
(1.23314 -0.0200097 0)
(1.18691 -0.0557726 0)
(1.1978 -0.0507049 0)
(1.2076 -0.0453456 0)
(1.21655 -0.0396959 0)
(1.22442 -0.0337205 0)
(1.231 -0.0275975 0)
(1.23626 -0.0213481 0)
(1.18991 -0.0595955 0)
(1.2009 -0.0541124 0)
(1.21076 -0.0483381 0)
(1.21976 -0.0422689 0)
(1.22767 -0.0358612 0)
(1.23425 -0.0293221 0)
(1.23949 -0.0226508 0)
(1.19303 -0.0633863 0)
(1.20412 -0.0574794 0)
(1.21403 -0.051284 0)
(1.22309 -0.0447934 0)
(1.23102 -0.0379542 0)
(1.2376 -0.0310057 0)
(1.24283 -0.0239185 0)
(1.19626 -0.0671442 0)
(1.20744 -0.0608053 0)
(1.21739 -0.0541824 0)
(1.22651 -0.0472685 0)
(1.23446 -0.039999 0)
(1.24103 -0.0326487 0)
(1.24624 -0.0251519 0)
(1.19961 -0.0708679 0)
(1.21085 -0.0640894 0)
(1.22085 -0.0570318 0)
(1.23002 -0.0496932 0)
(1.23798 -0.041995 0)
(1.24453 -0.0342512 0)
(1.24972 -0.0263518 0)
(1.20305 -0.0745557 0)
(1.21435 -0.0673306 0)
(1.22439 -0.0598306 0)
(1.23359 -0.0520663 0)
(1.24156 -0.0439416 0)
(1.24809 -0.0358135 0)
(1.25326 -0.0275189 0)
(1.20659 -0.0782056 0)
(1.21793 -0.0705275 0)
(1.22799 -0.0625768 0)
(1.23723 -0.0543864 0)
(1.24519 -0.045838 0)
(1.25169 -0.0373359 0)
(1.25684 -0.028654 0)
(1.21021 -0.0818149 0)
(1.22157 -0.0736786 0)
(1.23165 -0.065268 0)
(1.24092 -0.0566521 0)
(1.24886 -0.0476835 0)
(1.25532 -0.0388183 0)
(1.26044 -0.0297577 0)
(1.21391 -0.0853808 0)
(1.22527 -0.0767823 0)
(1.23535 -0.0679017 0)
(1.24464 -0.0588619 0)
(1.25256 -0.049477 0)
(1.25897 -0.0402609 0)
(1.26407 -0.0308308 0)
(1.21768 -0.0889003 0)
(1.22902 -0.0798366 0)
(1.2391 -0.0704751 0)
(1.24839 -0.0610144 0)
(1.25627 -0.0512179 0)
(1.26263 -0.0416637 0)
(1.2677 -0.0318742 0)
(1.22153 -0.09237 0)
(1.23281 -0.0828393 0)
(1.24288 -0.0729854 0)
(1.25216 -0.0631081 0)
(1.25998 -0.052905 0)
(1.26628 -0.0430268 0)
(1.27132 -0.0328886 0)
(1.22543 -0.0957864 0)
(1.23663 -0.0857883 0)
(1.24669 -0.0754295 0)
(1.25594 -0.0651417 0)
(1.26369 -0.0545374 0)
(1.26992 -0.0443502 0)
(1.27494 -0.0338748 0)
(1.22939 -0.0991462 0)
(1.24048 -0.0886811 0)
(1.25051 -0.0778044 0)
(1.25972 -0.0671138 0)
(1.26739 -0.0561142 0)
(1.27354 -0.0456341 0)
(1.27852 -0.0348338 0)
(1.23341 -0.102446 0)
(1.24436 -0.0915152 0)
(1.25433 -0.080107 0)
(1.26349 -0.0690234 0)
(1.27107 -0.0576345 0)
(1.27713 -0.0468784 0)
(1.28208 -0.0357664 0)
(1.23746 -0.105682 0)
(1.24825 -0.0942878 0)
(1.25817 -0.0823345 0)
(1.26724 -0.0708693 0)
(1.27471 -0.0590975 0)
(1.28068 -0.0480834 0)
(1.2856 -0.0366736 0)
(1.24156 -0.10885 0)
(1.25215 -0.0969961 0)
(1.262 -0.0844841 0)
(1.27098 -0.0726508 0)
(1.27832 -0.0605024 0)
(1.28419 -0.0492493 0)
(1.28907 -0.0375566 0)
(1.24569 -0.111949 0)
(1.25605 -0.0996374 0)
(1.26582 -0.0865534 0)
(1.27468 -0.0743673 0)
(1.28189 -0.0618488 0)
(1.28765 -0.0503766 0)
(1.2925 -0.0384163 0)
(1.24985 -0.114976 0)
(1.25996 -0.102209 0)
(1.26963 -0.0885407 0)
(1.27836 -0.0760185 0)
(1.28542 -0.0631362 0)
(1.29106 -0.0514657 0)
(1.29588 -0.0392536 0)
(1.25403 -0.117927 0)
(1.26387 -0.104708 0)
(1.27344 -0.0904443 0)
(1.282 -0.0776043 0)
(1.28892 -0.0643646 0)
(1.29442 -0.0525166 0)
(1.29921 -0.0400688 0)
(1.25824 -0.120802 0)
(1.26778 -0.107132 0)
(1.27724 -0.0922635 0)
(1.28562 -0.079125 0)
(1.29237 -0.0655334 0)
(1.29773 -0.0535289 0)
(1.30247 -0.0408614 0)
(1.26246 -0.123599 0)
(1.27169 -0.109479 0)
(1.28103 -0.0939978 0)
(1.28921 -0.0805803 0)
(1.29579 -0.0666417 0)
(1.30098 -0.0545009 0)
(1.30564 -0.0416287 0)
(1.26671 -0.126318 0)
(1.27561 -0.111748 0)
(1.28483 -0.0956469 0)
(1.29278 -0.0819695 0)
(1.29916 -0.067687 0)
(1.30414 -0.0554286 0)
(1.30869 -0.0423653 0)
(1.27099 -0.128961 0)
(1.27956 -0.113936 0)
(1.28863 -0.0972099 0)
(1.2963 -0.0832901 0)
(1.30246 -0.0686641 0)
(1.30716 -0.0563042 0)
(1.31153 -0.0430617 0)
(1.2753 -0.131527 0)
(1.28352 -0.116042 0)
(1.29244 -0.0986846 0)
(1.29977 -0.0845363 0)
(1.30563 -0.0695637 0)
(1.30994 -0.0571147 0)
(1.31401 -0.0437024 0)
(1.27964 -0.134019 0)
(1.28751 -0.118061 0)
(1.29622 -0.100065 0)
(1.30311 -0.0856973 0)
(1.30858 -0.0703702 0)
(1.31233 -0.0578398 0)
(1.31594 -0.0442651 0)
(1.28401 -0.136433 0)
(1.2915 -0.119986 0)
(1.29993 -0.101341 0)
(1.30623 -0.0867549 0)
(1.31113 -0.0710593 0)
(1.3141 -0.0584506 0)
(1.31701 -0.0447196 0)
(1.2884 -0.138766 0)
(1.29543 -0.121803 0)
(1.30346 -0.102493 0)
(1.30893 -0.0876808 0)
(1.31303 -0.0715967 0)
(1.31489 -0.0589084 0)
(1.31681 -0.045028 0)
(1.29275 -0.141005 0)
(1.29921 -0.12349 0)
(1.30664 -0.103492 0)
(1.31095 -0.0884342 0)
(1.31391 -0.071936 0)
(1.31425 -0.0591648 0)
(1.31481 -0.0451458 0)
(1.29695 -0.143128 0)
(1.30267 -0.125013 0)
(1.30919 -0.104293 0)
(1.31188 -0.08896 0)
(1.31327 -0.0720193 0)
(1.31158 -0.0591634 0)
(1.31038 -0.045025 0)
(1.30086 -0.145098 0)
(1.30553 -0.126323 0)
(1.31071 -0.104835 0)
(1.3112 -0.0891885 0)
(1.31047 -0.0717787 0)
(1.3062 -0.0588435 0)
(1.30282 -0.0446187 0)
(1.30421 -0.14686 0)
(1.30742 -0.12735 0)
(1.31066 -0.10504 0)
(1.30821 -0.0890368 0)
(1.30477 -0.071141 0)
(1.29732 -0.0581458 0)
(1.29138 -0.0438861 0)
(1.30665 -0.148336 0)
(1.30779 -0.128006 0)
(1.30834 -0.104813 0)
(1.30211 -0.0884138 0)
(1.2953 -0.070034 0)
(1.28414 -0.0570196 0)
(1.27532 -0.0427999 0)
(1.30766 -0.149416 0)
(1.30595 -0.128176 0)
(1.30289 -0.104044 0)
(1.29198 -0.0872281 0)
(1.28121 -0.0683963 0)
(1.26588 -0.0554307 0)
(1.25402 -0.0413509 0)
(1.30659 -0.149961 0)
(1.30102 -0.127731 0)
(1.29334 -0.102621 0)
(1.27687 -0.0853987 0)
(1.26165 -0.0661867 0)
(1.24188 -0.0533692 0)
(1.22699 -0.0395536 0)
(1.30258 -0.149791 0)
(1.29199 -0.126524 0)
(1.27863 -0.100438 0)
(1.25584 -0.082868 0)
(1.23591 -0.0633942 0)
(1.21168 -0.0508552 0)
(1.19401 -0.0374473 0)
(1.2946 -0.148697 0)
(1.27771 -0.124412 0)
(1.25774 -0.0974145 0)
(1.22812 -0.0796144 0)
(1.20352 -0.0600453 0)
(1.17509 -0.0479407 0)
(1.15509 -0.0350955 0)
(1.28144 -0.146447 0)
(1.25703 -0.121273 0)
(1.22974 -0.0935077 0)
(1.19319 -0.0756627 0)
(1.16429 -0.0562076 0)
(1.13221 -0.0447081 0)
(1.11055 -0.0325809 0)
(1.26181 -0.142805 0)
(1.22886 -0.117025 0)
(1.19398 -0.0887314 0)
(1.15082 -0.0710901 0)
(1.11839 -0.0519874 0)
(1.0835 -0.0412647 0)
(1.06097 -0.0299991 0)
(1.23443 -0.137567 0)
(1.19231 -0.111652 0)
(1.15014 -0.0831648 0)
(1.10124 -0.0660257 0)
(1.06637 -0.0475228 0)
(1.02968 -0.0377327 0)
(1.00718 -0.0274494 0)
(1.19819 -0.130583 0)
(1.14686 -0.105217 0)
(1.09836 -0.076956 0)
(1.04506 -0.0606421 0)
(1.00908 -0.0429717 0)
(0.971723 -0.0342383 0)
(0.95015 -0.0250262 0)
(1.15228 -0.121802 0)
(1.09242 -0.0978755 0)
(1.03925 -0.070316 0)
(0.983282 -0.0551413 0)
(0.94766 -0.0384962 0)
(0.910778 -0.0308998 0)
(0.89094 -0.0228112 0)
(1.09637 -0.111307 0)
(1.02944 -0.0898742 0)
(0.973906 -0.0635036 0)
(0.917249 -0.049734 0)
(0.883429 -0.0342471 0)
(0.848046 -0.0278177 0)
(0.83062 -0.020868 0)
(1.0307 -0.0992991 0)
(0.958959 -0.0815422 0)
(0.903838 -0.0568016 0)
(0.84849 -0.0446179 0)
(0.817748 -0.0303491 0)
(0.784707 -0.0250668 0)
(0.770194 -0.0192387 0)
(0.956139 -0.0860456 0)
(0.882547 -0.073259 0)
(0.830837 -0.0504906 0)
(0.778602 -0.0399604 0)
(0.751936 -0.0268947 0)
(0.721844 -0.022696 0)
(0.710549 -0.0179447 0)
(0.874171 -0.0719623 0)
(0.802237 -0.0653995 0)
(0.756819 -0.0448287 0)
(0.709113 -0.0358969 0)
(0.687172 -0.0239492 0)
(0.660385 -0.0207339 0)
(0.652426 -0.0169877 0)
(0.787353 -0.0577243 0)
(0.720392 -0.0583071 0)
(0.683642 -0.0400212 0)
(0.641368 -0.0325158 0)
(0.624441 -0.0215455 0)
(0.601077 -0.0191804 0)
(0.596406 -0.0163457 0)
(0.699232 -0.0446841 0)
(0.639527 -0.052424 0)
(0.612943 -0.0361009 0)
(0.576448 -0.0297342 0)
(0.564499 -0.019589 0)
(0.544477 -0.0179411 0)
(0.542911 -0.0159721 0)
(0.626374 -0.0388169 5.76535e-21)
(0.575322 -0.0490233 7.75876e-21)
(0.557351 -0.0332947 -7.03662e-21)
(0.525496 -0.0275724 2.73873e-21)
(0.517411 -0.0180576 -1.29665e-20)
(0.499972 -0.0170128 8.11911e-21)
(0.500748 -0.015888 -8.1432e-21)
(0.564516 -0.0369392 -7.17662e-21)
(0.517447 -0.0466602 7.06805e-21)
(0.507083 -0.0311633 1.23266e-21)
(0.479347 -0.0260077 -4.41158e-21)
(0.47478 -0.0170251 2.92816e-21)
(0.459692 -0.0165372 6.7049e-21)
(0.46265 -0.016032 -5.42537e-21)
(0.508021 -0.0368757 1.51705e-20)
(0.463133 -0.0449345 -6.20052e-21)
(0.459281 -0.0296138 -3.41621e-21)
(0.435115 -0.0248523 6.56446e-21)
(0.433684 -0.0163114 4.15203e-21)
(0.420722 -0.0162971 -9.07347e-21)
(0.425709 -0.0163436 5.5312e-21)
(0.455963 -0.0373094 -4.02931e-21)
(0.412434 -0.0434091 1.2459e-20)
(0.414057 -0.0283609 -1.20011e-20)
(0.392889 -0.0238931 -9.9123e-21)
(0.39421 -0.0157512 6.1281e-21)
(0.383134 -0.0161753 -4.87306e-21)
(0.389977 -0.0167723 1.52877e-21)
(0.407793 -0.0382187 7.78127e-21)
(0.365291 -0.0420051 -3.13522e-22)
(0.371445 -0.0273327 -3.68389e-21)
(0.352717 -0.0230944 -8.83488e-21)
(0.356409 -0.0153271 8.92672e-21)
(0.346973 -0.0161714 -9.24453e-21)
(0.355487 -0.017312 2.74124e-21)
(0.363125 -0.0396161 6.1144e-21)
(0.321584 -0.0407238 -1.4501e-21)
(0.331426 -0.0265175 6.63763e-21)
(0.31461 -0.0224509 -1.21056e-20)
(0.320308 -0.0150389 1.30432e-20)
(0.312263 -0.0162868 -1.33497e-20)
(0.322255 -0.017959 6.81455e-21)
(0.321698 -0.0413733 -1.02662e-20)
(0.281155 -0.0395397 -3.46976e-21)
(0.293936 -0.0258854 1.54156e-20)
(0.278546 -0.0219392 -2.10128e-20)
(0.285907 -0.0148705 -2.88253e-21)
(0.279011 -0.0165085 2.04753e-20)
(0.290284 -0.0187029 -9.6501e-21)
(0.283322 -0.0433518 -2.276e-21)
(0.243825 -0.0384238 -1.3888e-20)
(0.258881 -0.0254004 4.4063e-21)
(0.244484 -0.0215325 9.17093e-22)
(0.253188 -0.0148031 -5.93047e-21)
(0.247204 -0.0168215 3.28842e-21)
(0.259561 -0.0195313 1.82283e-21)
(0.247842 -0.0454317 -1.18304e-20)
(0.209401 -0.0373561 1.4431e-20)
(0.226148 -0.0250306 3.8895e-21)
(0.212359 -0.0212074 2.14669e-21)
(0.222113 -0.0148199 -1.25898e-20)
(0.216818 -0.0172125 1.17144e-20)
(0.230063 -0.0204319 -1.3367e-20)
(0.215112 -0.0475061 4.59337e-21)
(0.177687 -0.0363217 5.1236e-21)
(0.195609 -0.0247481 3.98742e-21)
(0.182095 -0.0209431 4.00617e-21)
(0.192634 -0.0149051 -5.15866e-21)
(0.187815 -0.017668 3.04798e-22)
(0.201758 -0.021392 -3.46803e-22)
(0.184979 -0.0494814 6.3134e-21)
(0.148488 -0.0353075 -6.31407e-21)
(0.167129 -0.0245275 6.03759e-21)
(0.153607 -0.0207209 -1.09701e-21)
(0.164693 -0.0150441 9.11672e-21)
(0.160151 -0.0181748 -4.43367e-21)
(0.174607 -0.0223986 5.75373e-22)
(0.157285 -0.0512801 -1.53937e-20)
(0.12161 -0.0343023 1.80043e-21)
(0.140573 -0.0243455 7.37794e-21)
(0.126804 -0.0205237 6.46758e-21)
(0.138223 -0.0152225 -1.50196e-21)
(0.133774 -0.0187198 -2.12269e-22)
(0.148565 -0.0234387 -2.59577e-21)
(0.131865 -0.0528409 -6.5895e-21)
(0.0968682 -0.033296 9.39773e-21)
(0.115807 -0.0241813 -3.85726e-22)
(0.101591 -0.0203366 -2.11562e-21)
(0.113156 -0.0154272 -5.09231e-23)
(0.108631 -0.01929 5.90121e-22)
(0.123589 -0.0244993 8.4136e-21)
(0.108548 -0.0541183 3.39658e-21)
(0.0740864 -0.0322798 -1.08494e-20)
(0.0927012 -0.0240164 1.399e-20)
(0.0778756 -0.0201463 -1.14852e-21)
(0.08942 -0.0156459 -6.13038e-21)
(0.0846646 -0.0198731 -2.24836e-21)
(0.0996318 -0.0255679 -6.28671e-21)
(0.0871649 -0.0550814 -8.75652e-22)
(0.0530986 -0.0312459 1.43478e-20)
(0.0711318 -0.0238344 -1.16877e-20)
(0.055567 -0.0199412 -4.27859e-21)
(0.0669448 -0.0158669 5.61583e-21)
(0.0618192 -0.0204572 2.24408e-21)
(0.0766484 -0.0266322 -1.40457e-21)
(0.0675496 -0.0557119 8.36679e-21)
(0.0337512 -0.0301878 -1.11448e-21)
(0.0509836 -0.0236206 -2.68485e-21)
(0.034578 -0.0197114 4.54509e-21)
(0.0456617 -0.0160797 7.15305e-22)
(0.0400409 -0.0210311 -1.03385e-20)
(0.0545968 -0.0276802 2.398e-21)
(0.0495426 -0.0560023 9.30132e-21)
(0.0159027 -0.0291 -1.42701e-20)
(0.0321502 -0.023363 7.542e-21)
(0.0148268 -0.0194471 -2.25177e-21)
(0.0255056 -0.0162753 8.58114e-21)
(0.0192791 -0.0215841 -1.21078e-20)
(0.0334386 -0.028701 3.60834e-21)
(0.0329946 -0.0559547 4.93282e-21)
(-0.000575277 -0.0279717 3.42386e-21)
(0.0145344 -0.0230593 2.7187e-21)
(-0.0037624 -0.0191354 -6.25693e-22)
(0.00641609 -0.0164475 -3.25144e-21)
(-0.000512761 -0.0221039 2.01167e-21)
(0.0131397 -0.0296859 -8.50056e-21)
(0.0177677 -0.0555856 8.13922e-21)
(-0.0157995 -0.0267813 1.24474e-21)
(-0.00195143 -0.0227147 1.42384e-22)
(-0.0212587 -0.0187656 -1.54159e-20)
(-0.0116625 -0.0165878 1.32564e-20)
(-0.0193763 -0.0225776 1.54859e-20)
(-0.00632867 -0.0306291 -4.71732e-21)
(0.00373486 -0.0549257 -8.84242e-21)
(-0.0298749 -0.0255282 9.86478e-21)
(-0.0173862 -0.022298 3.74389e-22)
(-0.0377241 -0.0183469 -4.4981e-21)
(-0.0287794 -0.0166825 3.10603e-21)
(-0.0373482 -0.0230034 -2.23267e-21)
(-0.0249899 -0.0315168 -9.32794e-21)
(-0.00922592 -0.0539726 -1.1098e-20)
(-0.0428919 -0.0242494 -2.99983e-21)
(-0.0318382 -0.021777 1.08828e-20)
(-0.0532146 -0.0178844 1.55312e-21)
(-0.0449775 -0.0167224 -1.12433e-20)
(-0.0544592 -0.0233798 6.30062e-23)
(-0.0428609 -0.0323363 4.98929e-21)
(-0.0212179 -0.0526904 -1.9813e-21)
(-0.0549296 -0.0229651 4.62881e-21)
(-0.0453659 -0.0211591 6.4657e-21)
(-0.067779 -0.0173671 6.54252e-22)
(-0.0602939 -0.0167047 6.71486e-21)
(-0.0707339 -0.0236957 -1.2848e-20)
(-0.0599537 -0.033084 3.66145e-21)
(-0.0323054 -0.051083 6.93656e-21)
(-0.0660592 -0.0216624 -6.19437e-21)
(-0.0580196 -0.0204482 5.16267e-21)
(-0.0814587 -0.0167891 -2.09986e-21)
(-0.0747596 -0.0166251 -1.51838e-21)
(-0.0861914 -0.0239437 -1.24807e-21)
(-0.0762748 -0.0337558 4.09658e-21)
(-0.0425435 -0.0491862 8.50438e-22)
(-0.0763425 -0.0203305 5.05831e-21)
(-0.0698426 -0.0196425 -3.70972e-21)
(-0.0942888 -0.0161484 -7.08441e-21)
(-0.0883999 -0.0164797 3.79887e-22)
(-0.100845 -0.0241189 2.81075e-21)
(-0.0918263 -0.0343471 -4.68255e-21)
(-0.0519853 -0.0470321 -4.0697e-21)
(-0.0858327 -0.0189666 4.22142e-21)
(-0.0808711 -0.0187399 6.11137e-21)
(-0.106298 -0.0154437 -3.29719e-21)
(-0.101234 -0.0162647 -2.22205e-21)
(-0.114704 -0.0242177 3.46304e-21)
(-0.106605 -0.0348539 -4.37845e-21)
(-0.0606778 -0.0446453 4.23517e-22)
(-0.0945748 -0.0175699 4.41918e-21)
(-0.0911349 -0.01774 -3.77507e-21)
(-0.11751 -0.0146744 3.3026e-21)
(-0.113278 -0.0159775 -5.13409e-21)
(-0.127771 -0.0242369 1.86702e-21)
(-0.120605 -0.0352734 -1.84585e-21)
(-0.0686612 -0.0420475 -3.89154e-21)
(-0.102607 -0.01614 -9.87494e-22)
(-0.100658 -0.0166433 3.25293e-21)
(-0.127943 -0.0138402 -6.50223e-21)
(-0.12454 -0.0156163 4.63489e-21)
(-0.140048 -0.0241746 5.14963e-21)
(-0.133815 -0.0356037 -6.01375e-21)
(-0.0759692 -0.0392597 6.93256e-21)
(-0.109963 -0.0146767 -3.6279e-21)
(-0.109458 -0.0154513 8.67563e-21)
(-0.137611 -0.0129416 -1.87215e-21)
(-0.135026 -0.01518 -2.19184e-22)
(-0.15153 -0.0240294 -2.99544e-21)
(-0.0826296 -0.0363013 7.4725e-21)
(-0.116668 -0.0131801 -3.97369e-21)
(-0.117551 -0.0141662 -2.06859e-21)
(-0.146523 -0.0119797 2.45167e-21)
(-0.144739 -0.0146681 2.34262e-21)
(-0.16221 -0.0238009 -2.96928e-21)
(-0.0886654 -0.0331903 -3.09625e-21)
(-0.122745 -0.0116509 3.34915e-21)
(-0.124945 -0.0127914 2.11861e-21)
(-0.154687 -0.0109558 -9.37826e-22)
(-0.153678 -0.0140812 3.51015e-21)
(-0.172081 -0.0234894 -1.49644e-22)
(-0.0940952 -0.029944 1.15395e-22)
(-0.128211 -0.0100903 -2.67599e-22)
(-0.131648 -0.0113308 -2.90068e-21)
(-0.162105 -0.00987193 1.57838e-21)
(-0.16184 -0.0134204 -1.97577e-21)
(-0.181131 -0.023096 -2.44844e-21)
(-0.0989339 -0.0265782 1.88736e-21)
(-0.133083 -0.00849959 -6.83545e-21)
(-0.137665 -0.00978947 -1.00268e-21)
(-0.16878 -0.0087306 3.95346e-22)
(-0.169219 -0.0126875 1.81657e-21)
(-0.189349 -0.0226226 4.13973e-21)
(-0.103193 -0.0231082 -3.98259e-21)
(-0.13737 -0.00688074 5.32299e-22)
(-0.142996 -0.00817287 7.34508e-22)
(-0.17471 -0.00753464 2.82637e-22)
(-0.17581 -0.0118851 -5.93043e-22)
(-0.196723 -0.0220716 -4.42328e-22)
(-0.106883 -0.0195483 2.38983e-21)
(-0.141082 -0.00523596 1.4828e-21)
(-0.147643 -0.00648736 2.97026e-22)
(-0.179894 -0.00628734 -1.71424e-21)
(-0.181604 -0.0110162 -4.00151e-22)
(-0.203238 -0.0214459 2.40238e-22)
(-0.11001 -0.0159123 -2.50458e-21)
(-0.144225 -0.00356793 -1.42738e-21)
(-0.151604 -0.00473989 2.6577e-21)
(-0.184329 -0.00499234 -2.01476e-21)
(-0.186593 -0.0100846 -2.76554e-21)
(-0.208883 -0.0207491 7.95658e-22)
(-0.112579 -0.0122136 -4.0863e-22)
(-0.146805 -0.00187972 -6.043e-22)
(-0.154879 -0.00293793 1.81257e-21)
(-0.18801 -0.00365365 1.81169e-21)
(-0.19077 -0.00909443 -7.9052e-22)
(-0.213645 -0.0199852 1.3773e-21)
(-0.114596 -0.00846517 -1.23334e-21)
(-0.148825 -0.000174461 1.09359e-21)
(-0.157464 -0.00108947 -1.25866e-21)
(-0.190934 -0.00227569 -2.13313e-22)
(-0.194126 -0.00805045 -5.92757e-22)
(-0.217512 -0.0191586 9.01026e-22)
(-0.116063 -0.00467964 1.32046e-22)
(-0.150288 0.00154447 7.2228e-22)
(-0.159357 0.000796805 -1.34965e-21)
(-0.193097 -0.000863358 4.36217e-22)
(-0.196655 -0.00695774 4.97064e-23)
(-0.220475 -0.0182742 -8.23307e-22)
(-0.116982 -0.000869534 2.54906e-22)
(-0.151195 0.00327286 -9.34268e-23)
(-0.160557 0.00271204 -2.90301e-22)
(-0.194495 0.000579297 6.86898e-22)
(-0.198348 -0.00582178 -7.34193e-22)
(-0.222524 -0.0173369 6.02185e-22)
(-0.117355 0.00295275 1.63147e-22)
(-0.151546 0.00500633 1.77693e-22)
(-0.16106 0.00464726 8.26747e-23)
(-0.195125 0.00204695 -1.90877e-22)
(-0.199199 -0.00464835 -4.2365e-23)
)
;

boundaryField
{
    inlet
    {
        type            uniformFixedValue;
        uniformValue    constant (1 0 0);
        value           nonuniform 0();
    }
    outlet
    {
        type            pressureInletOutletVelocity;
        value           nonuniform 0();
    }
    cylinder
    {
        type            fixedValue;
        value           nonuniform 0();
    }
    top
    {
        type            symmetryPlane;
    }
    bottom
    {
        type            symmetryPlane;
    }
    defaultFaces
    {
        type            empty;
    }
    procBoundary10to9
    {
        type            processor;
        value           nonuniform List<vector> 
113
(
(0.714587 -0.109825 2.2256e-19)
(0.714587 -0.109825 2.2256e-19)
(0.57244 -0.0804291 -6.76331e-20)
(0.50702 -0.0692021 7.91429e-20)
(0.50702 -0.0692021 7.91429e-20)
(0.386684 -0.0480883 8.10697e-20)
(0.339784 -0.0409318 -1.89152e-19)
(0.339784 -0.0409318 -1.89152e-19)
(0.246378 -0.0326984 -1.38031e-19)
(0.211649 -0.0287645 -2.10281e-19)
(0.211649 -0.0287645 -2.10281e-19)
(0.142129 -0.0282812 -4.46728e-20)
(0.117658 -0.0265019 -1.01502e-19)
(0.117658 -0.0265019 -1.01502e-19)
(0.0685702 -0.0299977 -2.80536e-20)
(0.0521194 -0.0294004 3.0127e-20)
(0.0375645 -0.0289611 1.57374e-19)
(0.0375645 -0.0289611 1.57374e-19)
(0.00854846 -0.0344281 2.97368e-20)
(-0.000643578 -0.0343585 1.53495e-20)
(-0.00863566 -0.0343182 -1.99494e-20)
(-0.00863566 -0.0343182 -1.99494e-20)
(-0.0242526 -0.0395793 5.84777e-20)
(-0.0288989 -0.0394175 -5.85909e-21)
(-0.0328506 -0.0391936 6.8153e-20)
(-0.0328506 -0.0391936 6.8153e-20)
(-0.03983 -0.0431758 -3.13363e-19)
(-0.0417916 -0.0425826 6.65837e-20)
(-0.0433879 -0.0418742 1.00913e-19)
(-0.0446758 -0.0410451 4.22207e-20)
(-0.0446758 -0.0410451 4.22207e-20)
(-0.0453143 -0.0429975 1.3766e-19)
(-0.0456061 -0.0417001 -1.16034e-20)
(-0.0457649 -0.0402655 -9.64327e-20)
(-0.0458192 -0.0386934 -8.53143e-20)
(-0.0457936 -0.0369838 1.44436e-19)
(-0.0457936 -0.0369838 1.44436e-19)
(-0.0424764 -0.0366414 9.75099e-20)
(-0.0420515 -0.0345174 -1.28387e-20)
(-0.041622 -0.0322705 -1.04722e-19)
(-0.0411981 -0.0299059 7.97403e-20)
(-0.0407885 -0.0274299 1.83664e-20)
(-0.0404 -0.0248492 -3.36063e-20)
(-0.040038 -0.0221718 6.90625e-21)
(-0.0397065 -0.0194062 -3.36181e-21)
(-0.0397065 -0.0194062 -3.36181e-21)
(-0.0342378 -0.0169225 5.88089e-20)
(-0.0338777 -0.013965 -4.74472e-20)
(-0.0335728 -0.010954 3.01901e-20)
(-0.0333246 -0.00789991 4.55181e-21)
(-0.033134 -0.00481331 -1.47546e-20)
(-0.0330017 -0.00170506 2.24452e-20)
(1.1577 -0.00237581 -2.01817e-22)
(1.158 -0.00701034 6.55103e-22)
(1.15858 -0.011594 -3.61402e-23)
(1.15942 -0.0160746 2.2378e-22)
(1.1605 -0.0204962 -1.93905e-21)
(1.1618 -0.0248517 1.9196e-22)
(1.16331 -0.0291561 7.18305e-22)
(1.16502 -0.0334135 5.20015e-22)
(1.1669 -0.0376306 4.34808e-22)
(1.16896 -0.0418122 -2.77377e-21)
(1.17118 -0.0459627 4.73038e-21)
(1.17354 -0.0500855 -4.62084e-21)
(1.17604 -0.0541834 5.73764e-22)
(1.17868 -0.0582585 6.54023e-21)
(1.18143 -0.0623125 -1.37426e-21)
(1.18429 -0.0663462 1.79807e-21)
(1.18726 -0.0703602 -1.241e-20)
(1.19033 -0.0743544 1.07077e-20)
(1.19349 -0.0783281 3.42175e-21)
(1.19673 -0.0822802 -1.69673e-20)
(1.20005 -0.0862093 1.80648e-20)
(1.20345 -0.0901132 -3.02839e-21)
(1.20692 -0.0939894 -4.97984e-22)
(1.21045 -0.097835 3.23556e-21)
(1.21404 -0.101647 2.2213e-22)
(1.21769 -0.10542 -2.19274e-21)
(1.22139 -0.109151 -1.02738e-20)
(1.22514 -0.112835 1.02373e-20)
(1.22893 -0.116466 -4.27178e-21)
(1.23276 -0.120038 1.78369e-20)
(1.23664 -0.123546 -2.14886e-20)
(1.24054 -0.126982 -1.26537e-20)
(1.24448 -0.13034 4.05024e-21)
(1.24846 -0.133613 1.32548e-20)
(1.25247 -0.136792 -1.07077e-20)
(1.25651 -0.139869 6.86641e-21)
(1.26061 -0.142837 -7.89077e-21)
(1.26476 -0.145684 2.1443e-20)
(1.26898 -0.148398 -9.33279e-21)
(1.27327 -0.150965 -5.29798e-21)
(1.27763 -0.15336 4.06308e-20)
(1.28204 -0.155556 -3.23344e-20)
(1.28643 -0.157511 -4.87465e-20)
(1.2907 -0.159174 7.47498e-20)
(1.29466 -0.160482 -6.14595e-20)
(1.29466 -0.160482 -6.14595e-20)
(1.29661 -0.162867 4.41442e-20)
(1.29957 -0.163538 -4.0675e-20)
(1.30137 -0.163652 7.77153e-20)
(1.30146 -0.163096 -2.3831e-20)
(1.29912 -0.161738 -5.74145e-20)
(1.29344 -0.159448 -6.15836e-20)
(1.28334 -0.15611 3.6652e-20)
(1.26752 -0.151642 1.13406e-19)
(1.24468 -0.146094 -1.02199e-19)
(1.21359 -0.139702 4.85784e-20)
(1.17286 -0.132595 3.42155e-20)
(1.12141 -0.125095 -5.54714e-20)
(1.06032 -0.119113 -2.59288e-20)
(0.989375 -0.115755 4.9788e-20)
(0.901272 -0.109976 2.67854e-20)
)
;
    }
    procBoundary10to11
    {
        type            processor;
        value           nonuniform List<vector> 
100
(
(1.21481 -0.000662596 0)
(1.21518 -0.00197168 0)
(1.21589 -0.0032487 0)
(1.21692 -0.00449203 0)
(1.21825 -0.00570107 0)
(1.21985 -0.00687548 0)
(1.2217 -0.00801516 0)
(1.22378 -0.00912013 0)
(1.22608 -0.0101907 0)
(1.22857 -0.0112271 0)
(1.23124 -0.0122301 0)
(1.23407 -0.0132003 0)
(1.23704 -0.0141387 0)
(1.24014 -0.0150463 0)
(1.24335 -0.0159242 0)
(1.24666 -0.0167738 0)
(1.25005 -0.0175965 0)
(1.25352 -0.018394 0)
(1.25704 -0.0191678 0)
(1.2606 -0.0199198 0)
(1.26419 -0.0206519 0)
(1.26781 -0.0213661 0)
(1.27144 -0.0220644 0)
(1.27506 -0.022749 0)
(1.27867 -0.0234221 0)
(1.28227 -0.0240859 0)
(1.28584 -0.0247428 0)
(1.28938 -0.0253951 0)
(1.29288 -0.0260452 0)
(1.29634 -0.0266952 0)
(1.29975 -0.0273469 0)
(1.30311 -0.0280011 0)
(1.30639 -0.0286576 0)
(1.30955 -0.0293134 0)
(1.31254 -0.0299625 0)
(1.31522 -0.0305944 0)
(1.31742 -0.0311932 0)
(1.31888 -0.0317366 0)
(1.31923 -0.0321963 0)
(1.31801 -0.0325387 0)
(1.31465 -0.032727 0)
(1.3085 -0.0327246 0)
(1.29887 -0.0324995 0)
(1.28507 -0.0320292 0)
(1.26647 -0.031305 0)
(1.24259 -0.0303358 0)
(1.21311 -0.0291497 0)
(1.17798 -0.0277934 0)
(1.1374 -0.0263291 0)
(1.0918 -0.0248293 0)
(1.04185 -0.0233705 0)
(0.988393 -0.0220265 0)
(0.932369 -0.020862 0)
(0.874749 -0.0199282 0)
(0.816475 -0.0192602 0)
(0.758406 -0.0188767 0)
(0.701282 -0.0187792 0)
(0.645702 -0.0189508 0)
(0.592125 -0.0193605 0)
(0.540869 -0.0200134 0)
(0.500352 -0.0208514 -1.20912e-20)
(0.463802 -0.0215855 -1.88958e-21)
(0.428323 -0.0224017 -8.87271e-22)
(0.393936 -0.0233438 -9.8406e-21)
(0.360651 -0.0243913 4.51225e-21)
(0.328468 -0.025528 -1.738e-21)
(0.297374 -0.0267442 -1.47902e-21)
(0.26735 -0.0280289 -3.44358e-21)
(0.238368 -0.0293696 4.08766e-21)
(0.210395 -0.0307534 8.89588e-21)
(0.183394 -0.0321671 6.2813e-21)
(0.15733 -0.0335974 1.20849e-20)
(0.132163 -0.0350315 8.32281e-21)
(0.107857 -0.0364567 3.35706e-21)
(0.0843799 -0.037861 -8.65182e-21)
(0.0617019 -0.0392331 1.18326e-20)
(0.0397982 -0.0405625 -1.0381e-21)
(0.0186494 -0.0418394 8.34417e-22)
(-0.00175881 -0.0430548 -1.1686e-21)
(-0.0214347 -0.0442007 -5.65132e-21)
(-0.0403818 -0.045271 -9.49757e-21)
(-0.0585984 -0.0462608 7.26992e-22)
(-0.0760778 -0.0471651 5.13726e-21)
(-0.0928088 -0.0479798 -4.20965e-21)
(-0.108777 -0.0487021 -2.07778e-22)
(-0.123963 -0.0493302 -3.2118e-21)
(-0.138348 -0.049863 -4.08098e-21)
(-0.146223 -0.0358438 4.10809e-21)
(-0.146223 -0.0358438 4.10809e-21)
(-0.157814 -0.0359933 -4.66294e-21)
(-0.16857 -0.036053 -7.10688e-22)
(-0.178474 -0.0360241 -2.65481e-22)
(-0.187507 -0.0359084 -1.47757e-22)
(-0.195652 -0.0357086 5.4886e-22)
(-0.202889 -0.0354277 -2.94159e-22)
(-0.209202 -0.0350694 2.58821e-21)
(-0.214574 -0.0346377 -1.2083e-21)
(-0.218991 -0.034137 2.17783e-21)
(-0.222439 -0.033572 -9.00739e-22)
(-0.224907 -0.0329478 -9.46933e-23)
)
;
    }
    procBoundary10to26
    {
        type            processor;
        value           nonuniform List<vector> 
19
(
(-0.073663 0.00523205 -7.57677e-21)
(-0.0785711 0.00539329 -5.76606e-22)
(-0.083605 0.00559311 -1.24227e-21)
(-0.0884679 0.00583482 -2.40816e-21)
(-0.0384235 0.00156678 -6.59946e-21)
(-0.0438432 0.00171867 -2.06849e-21)
(-0.0491376 0.00186878 2.4303e-21)
(-0.0542824 0.00201557 -2.92427e-21)
(-0.0592788 0.00215664 -3.92168e-21)
(-0.0641533 0.00228892 2.42953e-21)
(-0.0689547 0.00240909 3.21811e-21)
(-0.0689547 0.00240909 3.21811e-21)
(-0.117183 0.0067749 6.76705e-23)
(-0.151343 0.00674073 -1.36374e-22)
(-0.160865 0.00659296 6.20436e-23)
(-0.194982 0.00353333 -1.53141e-22)
(-0.199205 -0.00344352 1.153e-22)
(-0.22365 -0.0163521 4.12802e-23)
(-0.22365 -0.0163521 4.12802e-23)
)
;
    }
}


// ************************************************************************* //
