/*--------------------------------*- C++ -*----------------------------------*\
  =========                 |
  \\      /  F ield         | OpenFOAM: The Open Source CFD Toolbox
   \\    /   O peration     | Website:  https://openfoam.org
    \\  /    A nd           | Version:  7
     \\/     M anipulation  |
\*---------------------------------------------------------------------------*/
FoamFile
{
    version     2.0;
    format      ascii;
    class       surfaceScalarField;
    location    "56";
    object      phi;
}
// * * * * * * * * * * * * * * * * * * * * * * * * * * * * * * * * * * * * * //

dimensions      [0 3 -1 0 0 0 0];

internalField   nonuniform List<scalar> 
2011
(
0.00177907
1.26731e-07
0.00178853
3.39228e-07
0.00179627
5.04854e-07
6.35759e-07
0.0017445
-6.86183e-06
3.0125e-05
0.00172075
-6.18283e-05
8.55861e-05
0.0016966
-0.000112201
0.000136343
0.00167214
-0.000159363
0.000183826
0.00164737
-0.00020479
0.000229562
0.00162227
-0.000249362
0.000274458
0.00159681
-0.000293842
0.000319303
0.00157093
-0.000338786
0.000364669
0.00154456
-0.000384663
0.000411037
-0.000431841
0.000458781
0.00174614
1.47639e-05
0.00172395
-3.96384e-05
0.00170131
-8.95573e-05
0.00167827
-0.000136331
0.00165487
-0.000181382
0.00163107
-0.000225565
0.00160684
-0.000269617
0.00158214
-0.00031408
0.00155688
-0.000359409
0.00153101
-0.000405967
-0.000454027
0.00174775
3.47818e-05
0.0017271
-1.89902e-05
0.00170593
-6.83887e-05
0.00168431
-0.000114709
0.00166225
-0.000159323
0.00163974
-0.000203058
0.00161675
-0.000246626
0.00159323
-0.000290554
0.00156911
-0.000335287
0.00154432
-0.000381177
-0.000428492
0.00174932
5.32258e-05
0.00173019
1.47303e-07
0.00171046
-4.86665e-05
0.00169023
-9.44724e-05
0.00166949
-0.000138589
0.00164825
-0.000181819
0.00162648
-0.00022485
0.00160412
-0.000268192
0.00158111
-0.00031228
0.00155739
-0.000357458
-0.000403987
0.00175086
7.01292e-05
0.0017332
1.78087e-05
0.0017149
-3.03613e-05
0.00169602
-7.55914e-05
0.00167658
-0.000119152
0.00165658
-0.000161822
0.001636
-0.000204263
0.00161478
-0.000246971
0.00159286
-0.000290367
0.0015702
-0.000334791
-0.000380492
0.00175237
8.55284e-05
0.00173615
3.40251e-05
0.00171923
-1.34408e-05
0.00170168
-5.80363e-05
0.00168351
-0.000100986
0.00166473
-0.000143042
0.00164531
-0.000184843
0.0016252
-0.000226868
0.00160437
-0.000269528
0.00158273
-0.000313154
-0.00035799
0.00175384
9.94593e-05
0.00173903
4.88311e-05
0.00172346
2.12695e-06
0.0017072
-4.17769e-05
0.00169028
-8.40613e-05
0.00167269
-0.000125451
0.00165441
-0.000166562
0.0016354
-0.000207858
0.00161561
-0.000249739
0.00159498
-0.000292528
-0.000336461
0.00175527
0.000111958
0.00174184
6.22607e-05
0.00172759
1.63768e-05
0.00171259
-2.6783e-05
0.00169688
-6.83482e-05
0.00168045
-0.000109022
0.00166329
-0.000149396
0.00164535
-0.000189917
0.00162658
-0.000230977
0.00160694
-0.00027289
-0.000315883
0.00175666
0.000123063
0.00174457
7.43503e-05
0.00173161
2.93405e-05
0.00171785
-1.30228e-05
0.00170332
-5.38154e-05
0.00168802
-9.37257e-05
0.00167194
-0.000133316
0.00165504
-0.00017302
0.00163728
-0.000213218
0.00161861
-0.000254216
-0.000296236
0.00175802
0.00013281
0.00174723
8.51355e-05
0.00173552
4.1054e-05
0.00172296
-4.64366e-07
0.00170958
-4.04318e-05
0.00169539
-7.95329e-05
0.00168036
-0.000118294
0.00166448
-0.000157138
0.0016477
-0.000196435
0.00162997
-0.000236483
-0.000277494
0.00175934
0.000141239
0.00174982
9.46529e-05
0.00173933
5.15471e-05
0.00172793
1.09357e-05
0.00171567
-2.8171e-05
0.00170255
-6.64131e-05
0.00168856
-0.000104303
0.00167366
-0.000142246
0.00165783
-0.000180603
0.00164101
-0.000219665
-0.000259634
0.00176062
0.000148388
0.00175233
0.000102939
0.00174302
6.08608e-05
0.00173275
2.12015e-05
0.00172158
-1.69958e-05
0.0017095
-5.43357e-05
0.00169651
-9.13122e-05
0.00168258
-0.000128315
0.00166767
-0.000165696
0.00165174
-0.000203737
-0.000242632
0.00176186
0.000154297
0.00175476
0.000110033
0.00174659
6.90305e-05
0.00173743
3.03681e-05
0.00172731
-6.87483e-06
0.00171624
-4.32681e-05
0.00170422
-7.92918e-05
0.00169122
-0.000115315
0.00167721
-0.000151684
0.00166214
-0.000188671
-0.000226462
0.00176306
0.000159006
0.00175712
0.000115973
0.00175006
7.60913e-05
0.00174195
3.84716e-05
0.00173285
2.22635e-06
0.00172276
-3.31792e-05
0.00171168
-6.82115e-05
0.00169959
-0.000103219
0.00168644
-0.000138541
0.00167221
-0.000174441
-0.000211097
0.00176422
0.000162554
0.00175939
0.000120797
0.00175341
8.208e-05
0.00174633
4.55449e-05
0.00173821
1.03475e-05
0.00172907
-2.40396e-05
0.0017189
-5.80402e-05
0.00170768
-9.19951e-05
0.00169537
-0.000126237
0.00168195
-0.00016102
-0.000196512
0.00176534
0.000164982
0.00176159
0.000124545
0.00175664
8.70342e-05
0.00175055
5.16272e-05
0.00174339
1.7516e-05
0.00173516
-1.58129e-05
0.00172586
-4.87464e-05
0.00171548
-8.16144e-05
0.00170399
-0.000114744
0.00169135
-0.000148379
-0.000182679
0.00176642
0.000166332
0.00176371
0.000127257
0.00175975
9.09923e-05
0.00175462
5.67545e-05
0.00174837
2.3767e-05
0.00174102
-8.4671e-06
0.00173257
-4.02968e-05
0.00172301
-7.2046e-05
0.00171229
-0.000104031
0.0017004
-0.00013649
-0.000169572
0.00176745
0.000166646
0.00176574
0.000128971
0.00176274
9.39929e-05
0.00175853
6.09619e-05
0.00175316
2.91372e-05
0.00174666
-1.96868e-06
0.00173902
-3.26589e-05
0.00173024
-6.3259e-05
0.00172028
-9.40703e-05
0.00170911
-0.000125324
-0.000157161
0.00176845
0.000165965
0.00176769
0.000129729
0.00176561
9.60746e-05
0.00176228
6.42864e-05
0.00175776
3.36584e-05
0.00175207
3.72523e-06
0.00174521
-2.58048e-05
0.00173718
-5.52218e-05
0.00172794
-8.48302e-05
0.00171747
-0.000114853
-0.000145419
0.0017694
0.000164331
0.00176956
0.000129571
0.00176836
9.72767e-05
0.00176588
6.67654e-05
0.00176217
3.73696e-05
0.00175725
8.64339e-06
0.00175114
-1.96983e-05
0.00174382
-4.79029e-05
0.00173527
-7.62807e-05
0.00172547
-0.000105046
-0.000134318
0.00177031
0.000161789
0.00177134
0.000128539
0.00177098
9.76386e-05
0.00176931
6.84371e-05
0.00176637
4.03082e-05
0.00176219
1.28184e-05
0.0017568
-1.43053e-05
0.00175017
-4.127e-05
0.00174228
-6.83906e-05
0.00173311
-9.58739e-05
-0.000123829
0.00177118
0.00015838
0.00177304
0.000126674
0.00177348
9.72002e-05
0.00177258
6.93403e-05
0.00177037
4.25097e-05
0.00176691
1.62856e-05
0.00176219
-9.5921e-06
0.00175621
-3.529e-05
0.00174895
-6.11289e-05
0.00174039
-8.73068e-05
0.00173048
-0.000113923
-0.000141163
0.001772
0.000154149
0.00177465
0.000124018
0.00177585
9.60016e-05
0.00177568
6.95134e-05
0.00177418
4.40103e-05
0.00177138
1.90804e-05
0.00176732
-5.52421e-06
0.00176196
-2.993e-05
0.00175529
-5.44641e-05
0.0017473
-7.93142e-05
0.00173795
-0.000104571
-0.00013041
0.00177278
0.000149139
0.00177618
0.000120613
0.0017781
9.40833e-05
0.00177862
6.89956e-05
0.00177778
4.48468e-05
0.00177562
2.12387e-05
0.00177217
-2.06756e-06
0.00176739
-2.51561e-05
0.00176129
-4.83647e-05
0.00175384
-7.18656e-05
0.00174502
-9.57423e-05
-0.000120163
0.00177351
0.000143395
0.00177762
0.000116502
0.00178022
9.1486e-05
0.00178139
6.78259e-05
0.00178118
4.50562e-05
0.00177962
2.27966e-05
0.00177674
8.14701e-07
0.00177252
-2.09367e-05
0.00176696
-4.27988e-05
0.00176002
-6.49302e-05
0.00175169
-8.74085e-05
-0.000110392
0.0017742
0.00013696
0.00177898
0.000111727
0.00178221
8.82509e-05
0.00178399
6.60438e-05
0.00178437
4.46764e-05
0.00178338
2.37867e-05
0.00178103
3.16464e-06
0.00177734
-1.72422e-05
0.00177227
-3.77341e-05
0.00176582
-5.84771e-05
0.00175795
-7.95394e-05
-0.000101069
0.00177485
0.00012988
0.00178024
0.000106331
0.00178407
8.44192e-05
0.00178643
6.36891e-05
0.00178736
4.37454e-05
0.0017869
2.4251e-05
0.00178505
5.00686e-06
0.00178184
-1.40334e-05
0.00177725
-3.31385e-05
0.00177125
-5.24751e-05
0.00176381
-7.21047e-05
-9.2165e-05
0.00177545
0.0001222
0.00178142
0.000100357
0.00178581
8.00325e-05
0.00178869
6.08015e-05
0.00179014
4.23024e-05
0.00179016
2.42249e-05
0.00178879
6.3777e-06
0.00178604
-1.12773e-05
0.00178188
-2.89788e-05
0.00177629
-4.68925e-05
0.00176926
-6.50742e-05
-8.36505e-05
0.001776
0.000113965
0.00178251
9.38504e-05
0.00178741
7.51325e-05
0.00179079
5.74212e-05
0.00179271
4.0386e-05
0.00179319
2.37444e-05
0.00179225
7.31291e-06
0.00178991
-8.93965e-06
0.00178616
-2.5222e-05
0.00178096
-4.1698e-05
0.00177431
-5.84174e-05
-7.54961e-05
0.00177651
0.00010522
0.00178351
8.68532e-05
0.00178888
6.97614e-05
0.00179271
5.35885e-05
0.00179506
3.80352e-05
0.00179596
2.28464e-05
0.00179543
7.84785e-06
0.00179347
-6.9858e-06
0.00179009
-2.1835e-05
0.00178525
-3.68596e-05
0.00177893
-5.21038e-05
-6.76724e-05
0.00177698
9.60118e-05
0.00178442
7.94097e-05
0.00179022
6.39613e-05
0.00179446
4.93439e-05
0.00179721
3.52887e-05
0.00179849
2.15683e-05
0.00179832
8.01823e-06
0.00179671
-5.38114e-06
0.00179366
-1.87847e-05
0.00178915
-3.23456e-05
0.00178315
-4.61025e-05
-6.01496e-05
0.00177739
8.63852e-05
0.00178524
7.15641e-05
0.00179143
5.77746e-05
0.00179604
4.47281e-05
0.00179914
3.21859e-05
0.00180077
1.99475e-05
0.00180092
7.85997e-06
0.00179963
-4.091e-06
0.00179689
-1.60378e-05
0.00179266
-2.81238e-05
0.00178694
-4.03828e-05
-5.28981e-05
0.00177777
7.63866e-05
0.00178597
6.33607e-05
0.0017925
5.12439e-05
0.00179745
3.97819e-05
0.00180087
2.87659e-05
0.00180279
1.80215e-05
0.00180324
7.40917e-06
0.00180223
-3.08055e-06
0.00179976
-1.35608e-05
0.00179579
-2.41621e-05
0.00179032
-3.49136e-05
-4.5888e-05
0.00177809
6.60622e-05
0.00178661
5.48438e-05
0.00179344
4.44118e-05
0.00179868
3.45464e-05
0.00180237
2.50681e-05
0.00180457
1.58281e-05
0.00180527
6.70209e-06
0.00180451
-2.31492e-06
0.00180227
-1.13203e-05
0.00179853
-2.04283e-05
0.00179328
-2.96637e-05
-3.90892e-05
0.00177837
5.54583e-05
0.00178716
4.6058e-05
0.00179425
3.73212e-05
0.00179973
2.90625e-05
0.00180367
2.11321e-05
0.00180609
1.34053e-05
0.00180702
5.77509e-06
0.00180646
-1.75918e-06
0.00180442
-9.2827e-06
0.00180089
-1.68899e-05
0.00179582
-2.46022e-05
-3.24717e-05
0.0017786
4.46213e-05
0.00178761
3.70479e-05
0.00179492
3.0015e-05
0.00180061
2.33716e-05
0.00180475
1.69973e-05
0.00180736
1.07911e-05
0.00180847
4.66469e-06
0.00180809
-1.37839e-06
0.00180622
-7.41432e-06
0.00180285
-1.35147e-05
0.00179794
-1.96976e-05
-2.60054e-05
0.00177879
3.35976e-05
0.00178798
2.78583e-05
0.00179546
2.25362e-05
0.00180132
1.75149e-05
0.00180561
1.27034e-05
0.00180838
8.0236e-06
0.00180963
3.40745e-06
0.00180939
-1.13757e-06
0.00180766
-5.68139e-06
0.00180442
-1.02699e-05
0.00179964
-1.49186e-05
-1.96601e-05
0.00177893
2.2434e-05
0.00178825
1.8534e-05
0.00179586
1.49278e-05
0.00180184
1.15339e-05
0.00180626
8.29011e-06
0.00180914
5.14116e-06
0.00181051
2.04002e-06
0.00181037
-1.00178e-06
0.00180874
-4.05009e-06
0.00180559
-7.12302e-06
0.00180091
-1.02339e-05
-1.34056e-05
0.00177902
1.1177e-05
0.00178844
9.11987e-06
0.00179613
7.2331e-06
0.0018022
5.4698e-06
0.00180669
3.79722e-06
0.00180965
2.18206e-06
0.00181109
5.99175e-07
0.00181102
-9.36132e-07
0.00180946
-2.4865e-06
0.00180638
-4.04143e-06
0.00180176
-5.61206e-06
-7.21159e-06
0.00177907
0.00178853
0.00179627
0.00180237
0.00180691
0.0018099
0.00181138
0.00181135
0.00180982
0.00180677
0.00180218
0.0101206
-2.9592e-06
0.010129
-8.37626e-06
0.0101421
-1.31074e-05
0.0101593
-1.72437e-05
0.0101802
-2.0863e-05
0.0102042
-2.40226e-05
0.010231
-2.67619e-05
0.0102601
-2.91121e-05
0.0102912
-3.1098e-05
-3.27431e-05
0.00988556
-5.85236e-06
0.00989373
-1.65437e-05
0.0099065
-2.58795e-05
0.00992331
-3.40506e-05
0.00994365
-4.12029e-05
0.00996708
-4.74475e-05
0.00999318
-5.28635e-05
0.0100216
-5.75131e-05
0.0100519
-6.14449e-05
-6.47049e-05
0.00965598
-8.66404e-06
0.00966392
-2.44847e-05
0.00967634
-3.83001e-05
0.00969269
-5.03991e-05
0.00971248
-6.09957e-05
0.00973529
-7.02528e-05
0.00976071
-7.82872e-05
0.00978839
-8.51909e-05
0.00981798
-9.10354e-05
-9.58875e-05
0.00943172
-1.13906e-05
0.00943943
-3.2188e-05
0.00945148
-5.03529e-05
0.00946735
-6.62702e-05
0.00948658
-8.02214e-05
0.00950874
-9.24193e-05
0.00953347
-0.000103016
0.00956042
-0.000112133
0.00958924
-0.000119863
-0.000126291
0.00921267
-1.40289e-05
0.00922013
-3.96438e-05
0.0092318
-6.20237e-05
0.00924717
-8.16472e-05
0.00926581
-9.88622e-05
0.00928732
-0.00011393
0.00931134
-0.000127036
0.00933754
-0.000138329
0.0093656
-0.00014792
-0.000155914
0.0089987
-1.65759e-05
0.0090059
-4.68438e-05
0.00901717
-7.33001e-05
0.00903204
-9.65154e-05
0.00905008
-0.000116902
0.00907092
-0.000134768
0.00909422
-0.000150332
0.00911965
-0.000163766
0.00914693
-0.0001752
-0.000184754
0.00878969
-1.90291e-05
0.00879663
-5.37807e-05
0.0088075
-8.41712e-05
0.00882184
-0.000110861
0.00883927
-0.000134327
0.00885942
-0.000154921
0.00888198
-0.000172892
0.00890665
-0.000188435
0.00893314
-0.000201695
-0.000212808
0.00858553
-2.1386e-05
0.0085922
-6.04479e-05
0.00860265
-9.4627e-05
0.00861647
-0.000124673
0.00863326
-0.000151123
0.00865271
-0.000174373
0.00867452
-0.000194701
0.00869841
-0.000212322
0.00872411
-0.000227395
-0.000240068
0.00838611
-2.36446e-05
0.0083925
-6.68397e-05
0.00840253
-0.000104659
0.0084158
-0.000137939
0.00843195
-0.000167278
0.00845069
-0.000193112
0.00847174
-0.000215746
0.00849483
-0.000235415
0.00851973
-0.00025229
-0.000266527
0.00819131
-2.58032e-05
0.00819742
-7.2951e-05
0.00820702
-0.000114259
0.00821974
-0.00015065
0.00823524
-0.00018278
0.00825325
-0.000211125
0.00827352
-0.000236015
0.00829581
-0.000257703
0.00831988
-0.000276368
-0.000292174
0.00800104
-2.78601e-05
0.00800686
-7.87773e-05
0.00801603
-0.00012342
0.00802817
-0.000162797
0.00804301
-0.000197618
0.00806028
-0.000228399
0.00807976
-0.000255494
0.00810123
-0.000279171
0.00812448
-0.000299617
-0.000316999
0.00781518
-2.9814e-05
0.00782072
-8.43151e-05
0.00782943
-0.000132137
0.00784101
-0.00017437
0.00785517
-0.000211782
0.0078717
-0.000244924
0.00789037
-0.000274172
0.00791101
-0.000299807
0.00793341
-0.000322022
-0.000340989
0.00763363
-3.1664e-05
0.00763888
-8.95611e-05
0.00764714
-0.000140404
0.00765814
-0.000185365
0.00767162
-0.000225264
0.00768738
-0.000260689
0.00770525
-0.000292036
0.00772504
-0.000319597
0.00774659
-0.00034357
-0.000364128
0.0074563
-3.34091e-05
0.00746125
-9.45129e-05
0.00746906
-0.000148217
0.00747947
-0.000195774
0.00749226
-0.000238055
0.00750726
-0.000275684
0.00752429
-0.000309073
0.00754323
-0.000338529
0.0075639
-0.000364247
-0.000386401
0.00728308
-3.50488e-05
0.00728773
-9.91688e-05
0.00729509
-0.000155573
0.00730491
-0.000205593
0.007317
-0.00025015
0.00733122
-0.0002899
0.00734742
-0.000325275
0.00736548
-0.000356588
0.00738527
-0.000384038
-0.000407794
0.00711388
-3.65828e-05
0.00711824
-0.000103528
0.00712513
-0.000162471
0.00713436
-0.000214818
0.00714575
-0.000261543
0.00715918
-0.000303331
0.00717454
-0.00034063
0.00719171
-0.000373763
0.0072106
-0.000402927
-0.000428288
0.0069486
-3.80112e-05
0.00695267
-0.00010759
0.0069591
-0.000168908
0.00696773
-0.000223448
0.00697842
-0.000272229
0.00699106
-0.000315969
0.00700556
-0.00035513
0.00702184
-0.000390043
0.00703981
-0.000420903
-0.000447869
0.00678717
-3.93341e-05
0.00679093
-0.000111355
0.00679691
-0.000174886
0.00680494
-0.000231481
0.00681492
-0.000282207
0.00682676
-0.00032781
0.0068404
-0.000368767
0.00685577
-0.000405417
0.00687282
-0.00043795
-0.00046652
0.00662948
-4.05521e-05
0.00663295
-0.000114825
0.00663847
-0.000180405
0.0066459
-0.000238919
0.00665517
-0.000291476
0.00666621
-0.000338851
0.00667898
-0.000381537
0.00669344
-0.000419876
0.00670955
-0.000454057
-0.000484225
0.00647545
-4.16659e-05
0.00647862
-0.000118001
0.00648369
-0.000185469
0.00649053
-0.000245763
0.00649909
-0.000300036
0.00650933
-0.000349091
0.00652123
-0.000393433
0.00653476
-0.000433413
0.00654992
-0.000469212
-0.000500969
0.00632499
-4.26767e-05
0.00632788
-0.000120887
0.00633249
-0.00019008
0.00633874
-0.000252016
0.0063466
-0.00030789
0.00635604
-0.00035853
0.00636706
-0.000404456
0.00637967
-0.000446022
0.00639386
-0.000483407
-0.000516739
0.00617803
-4.35858e-05
0.00618063
-0.000123486
0.00618479
-0.000194244
0.00619046
-0.000257685
0.00619761
-0.000315042
0.00620626
-0.00036717
0.0062164
-0.000414603
0.00622808
-0.0004577
0.00624131
-0.000496632
-0.000531523
0.00603448
-4.43948e-05
0.0060368
-0.000125801
0.00604052
-0.000197967
0.00604561
-0.000262775
0.00605207
-0.000321498
0.00605991
-0.000375017
0.00606919
-0.000423877
0.00607993
-0.000468443
0.00609218
-0.000508882
-0.00054531
0.00589427
-4.51054e-05
0.0058963
-0.000127839
0.00589959
-0.000201255
0.00590411
-0.000267294
0.00590988
-0.000327267
0.00591694
-0.000382076
0.00592534
-0.000432281
0.00593515
-0.000478252
0.00594642
-0.000520154
-0.000558091
0.00575731
-4.57199e-05
0.00575907
-0.000129604
0.00576193
-0.000204116
0.00576589
-0.000271253
0.00577098
-0.000332357
0.00577726
-0.000388355
0.0057848
-0.000439821
0.00579368
-0.000487131
0.00580397
-0.000530444
-0.00056986
0.00562353
-4.62405e-05
0.00562503
-0.000131103
0.00562747
-0.000206561
0.00563088
-0.00027466
0.0056353
-0.000336779
0.00564081
-0.000393865
0.0056475
-0.000446506
0.00565545
-0.000495083
0.00566476
-0.000539754
-0.000580611
0.00549285
-4.66697e-05
0.00549409
-0.000132343
0.00549613
-0.000208598
0.005499
-0.00027753
0.00550277
-0.000340546
0.00550752
-0.000398618
0.00551336
-0.000452345
0.00552039
-0.000502116
0.00552873
-0.000548086
-0.000590343
0.00536522
-4.70101e-05
0.00536621
-0.00013333
0.00536785
-0.00021024
0.00537019
-0.000279875
0.00537332
-0.000343673
0.00537733
-0.000402628
0.00538233
-0.000457351
0.00538846
-0.000508238
0.00539582
-0.000555446
-0.000599056
0.00524055
-4.72647e-05
0.00524129
-0.000134074
0.00524255
-0.000211497
0.00524438
-0.000281709
0.00524688
-0.000346176
0.00525016
-0.00040591
0.00525435
-0.000461539
0.00525958
-0.000513463
0.00526597
-0.000561842
-0.000606753
0.00511877
-4.74365e-05
0.00511928
-0.000134582
0.00512016
-0.000212382
0.0051215
-0.000283047
0.0051234
-0.000348071
0.00512597
-0.000408482
0.00512935
-0.000464923
0.00513369
-0.000517803
0.00513913
-0.000567284
-0.000613439
0.00499982
-4.75286e-05
0.0050001
-0.000134862
0.00500063
-0.000212909
0.00500149
-0.000283907
0.00500279
-0.000349376
0.00500468
-0.000410362
0.00500728
-0.000467524
0.00501075
-0.000521275
0.00501525
-0.000571785
-0.000619123
0.00488364
-4.75442e-05
0.0048837
-0.000134925
0.00488388
-0.000213091
0.00488428
-0.000284306
0.00488502
-0.000350112
0.00488623
-0.000411573
0.00488806
-0.00046936
0.00489069
-0.000523897
0.00489426
-0.000575359
-0.000623816
0.00477016
-4.74866e-05
0.00477001
-0.000134779
0.00476986
-0.000212942
0.00476981
-0.000284261
0.00477
-0.000350298
0.00477056
-0.000412134
0.00477166
-0.000470455
0.00477345
-0.00052569
0.00477612
-0.000578025
-0.000627531
0.00465931
-4.73593e-05
0.00465896
-0.000134433
0.0046585
-0.000212477
0.00465803
-0.00028379
0.00465769
-0.000349957
0.00465762
-0.000412069
0.004658
-0.00047083
0.00465898
-0.000526676
0.00466076
-0.000579803
-0.000630283
0.00455104
-4.71658e-05
0.0045505
-0.000133898
0.00454974
-0.00021171
0.00454886
-0.000282914
0.00454801
-0.000349109
0.00454735
-0.000411402
0.00454703
-0.00047051
0.00454723
-0.000526879
0.00454814
-0.000580715
-0.000632093
0.00444528
-4.69094e-05
0.00444457
-0.000133184
0.00444352
-0.000210658
0.00444225
-0.000281651
0.00444092
-0.000347779
0.00443968
-0.000410159
0.00443869
-0.000469522
0.00443814
-0.000526324
0.0044382
-0.000580783
-0.00063298
0.00434199
-4.65937e-05
0.0043411
-0.000132299
0.00433978
-0.000209335
0.00433815
-0.00028002
0.00433636
-0.000345988
0.00433456
-0.000408363
0.00433293
-0.000467892
0.00433165
-0.000525039
0.0043309
-0.000580035
-0.000632968
0.00424109
-4.62222e-05
0.00424005
-0.000131255
0.00423847
-0.000207756
0.00423649
-0.000278043
0.00423426
-0.00034376
0.00423194
-0.000406043
0.0042297
-0.000465648
0.00422771
-0.000523051
0.00422617
-0.000578498
-0.000632082
0.00414254
-4.57983e-05
0.00414135
-0.00013006
0.00413953
-0.000205936
0.00413722
-0.000275738
0.00413458
-0.00034112
0.00413176
-0.000403223
0.00412893
-0.000462819
0.00412627
-0.000520391
0.00412398
-0.000576201
-0.00063035
0.00404628
-4.53254e-05
0.00404495
-0.000128724
0.0040429
-0.000203892
0.00404029
-0.000273126
0.00403726
-0.00033809
0.00403397
-0.000399932
0.00403058
-0.000459434
0.00402728
-0.000517088
0.00402425
-0.000573174
-0.000627801
0.00395226
-4.4807e-05
0.00395079
-0.000127258
0.00394854
-0.000201638
0.00394564
-0.000270226
0.00394224
-0.000334695
0.00393851
-0.000396196
0.0039346
-0.000455521
0.00393068
-0.000513174
0.00392696
-0.000569448
-0.000624466
0.00386042
-4.42463e-05
0.00385884
-0.000125671
0.00385639
-0.000199188
0.00385322
-0.000267058
0.00384948
-0.000330958
0.00384533
-0.000392042
0.00384092
-0.000451112
0.00383642
-0.00050868
0.00383203
-0.000565057
-0.000620376
0.00377072
-4.36465e-05
0.00376902
-0.000123971
0.00376639
-0.000196557
0.00376298
-0.000263641
0.00375892
-0.000326903
0.00375438
-0.000387497
0.0037495
-0.000446235
0.00374446
-0.000503638
0.00373943
-0.000560032
-0.000615566
0.00368311
-4.30109e-05
0.0036813
-0.000122169
0.00367851
-0.00019376
0.00367486
-0.000259993
0.00367051
-0.000322552
0.0036656
-0.000382589
0.00366029
-0.000440921
0.00365473
-0.000498081
0.00364911
-0.000554409
-0.000610069
0.00359753
-4.23425e-05
0.00359563
-0.000120272
0.00359268
-0.000190811
0.00358882
-0.000256135
0.0035842
-0.000317929
0.00357895
-0.000377342
0.00357323
-0.000435199
0.00356719
-0.00049204
0.003561
-0.000548222
-0.000603921
0.00351394
-4.16442e-05
0.00351196
-0.00011829
0.00350887
-0.000187722
0.00350481
-0.000252082
0.00349994
-0.000313055
0.00349438
-0.000371784
0.00348828
-0.000429099
0.00348179
-0.000485549
0.00347507
-0.000541504
-0.000597158
0.00343229
-4.0919e-05
0.00343023
-0.00011623
0.00342702
-0.000184507
0.00342279
-0.000247854
0.00341769
-0.000307952
0.00341184
-0.000365939
0.00340539
-0.000422648
0.00339848
-0.000478638
0.00339127
-0.00053429
-0.000589816
0.00335254
-4.01696e-05
0.00335042
-0.0001141
0.00334709
-0.000181179
0.0033427
-0.000243466
0.00333739
-0.000302642
0.00333128
-0.000359833
0.00332451
-0.000415877
0.00331721
-0.00047134
0.00330954
-0.000526615
-0.000581932
0.00327465
-3.93986e-05
0.00327246
-0.000111909
0.00326903
-0.000177749
0.0032645
-0.000238935
0.003259
-0.000297143
0.00325266
-0.00035349
0.00324559
-0.000408813
0.00323794
-0.000463685
0.00322984
-0.000518514
-0.000573544
0.00319857
-3.86085e-05
0.00319632
-0.000109663
0.0031928
-0.000174229
0.00318814
-0.000234278
0.00318248
-0.000291477
0.00317592
-0.000346932
0.00316859
-0.000401483
0.00316061
-0.000455706
0.00315212
-0.00051002
-0.000564687
0.00312425
-3.78019e-05
0.00312196
-0.000107369
0.00311836
-0.00017063
0.00311359
-0.000229508
0.00310778
-0.000285662
0.00310103
-0.000340184
0.00309346
-0.000393913
0.00308519
-0.000447432
0.00307633
-0.000501169
-0.0005554
0.00305167
-3.69809e-05
0.00304933
-0.000105035
0.00304567
-0.000166964
0.0030408
-0.000224641
0.00303485
-0.000279716
0.00302794
-0.000333268
0.00302015
-0.000386131
0.00301162
-0.000438894
0.00300244
-0.000491993
-0.000545721
0.00298077
-3.61477e-05
0.0029784
-0.000102665
0.00297467
-0.000163239
0.00296972
-0.00021969
0.00296366
-0.000273658
0.0029566
-0.000326204
0.00294863
-0.000378162
0.00293986
-0.000430121
0.00293039
-0.000482527
-0.000535688
0.00291152
-3.53044e-05
0.00290912
-0.000100267
0.00290535
-0.000159466
0.00290033
-0.000214668
0.00289417
-0.000267504
0.00288698
-0.000319015
0.00287885
-0.000370031
0.00286988
-0.000421144
0.00286015
-0.000472806
-0.000525338
0.00284388
-3.44527e-05
0.00284146
-9.78456e-05
0.00283764
-0.000155654
0.00283257
-0.000209591
0.00282633
-0.000261273
0.00281904
-0.000311722
0.00281077
-0.000361765
0.00280162
-0.000411992
0.00279168
-0.000462863
-0.000514711
0.00277781
-3.35945e-05
0.00277537
-9.54063e-05
0.00277153
-0.000151812
0.00276641
-0.000204469
0.00276011
-0.000254981
0.00275274
-0.000304347
0.00274436
-0.000353389
0.00273506
-0.000402696
0.00272493
-0.000452732
-0.000503845
0.00271327
-3.27312e-05
0.00271082
-9.29546e-05
0.00270696
-0.000147949
0.00270181
-0.000199318
0.00269547
-0.000248645
0.00268804
-0.00029691
0.00267958
-0.000344928
0.00267016
-0.000393284
0.00265988
-0.00044245
-0.000492779
0.00265024
-3.18643e-05
0.00264778
-9.04961e-05
0.00264391
-0.000144077
0.00263874
-0.00019415
0.00263238
-0.000242284
0.00262491
-0.000289435
0.00261639
-0.000336408
0.00260689
-0.000383788
0.00259649
-0.000432049
-0.000481554
0.00258867
-3.09954e-05
0.00258622
-8.80372e-05
0.00258234
-0.000140204
0.00257717
-0.00018898
0.00257081
-0.000235916
0.00256331
-0.000281943
0.00255476
-0.000327858
0.00254522
-0.00037424
0.00253473
-0.000421567
-0.000470208
0.00252854
0.00252609
0.00252222
0.00251707
0.00251072
0.00250323
0.00249468
0.00248511
0.00247458
)
;

boundaryField
{
    inlet
    {
        type            calculated;
        value           nonuniform List<scalar> 
101
(
-0.00176777
-0.00176777
-0.00176777
-0.00176777
-0.00176777
-0.00176777
-0.00176777
-0.00176777
-0.00176777
-0.00176777
-0.00176777
-0.00176777
-0.00176777
-0.00176777
-0.00176777
-0.00176777
-0.00176777
-0.00176777
-0.00176777
-0.00176777
-0.00176777
-0.00176777
-0.00176777
-0.00176777
-0.00176777
-0.00176777
-0.00176777
-0.00176777
-0.00176777
-0.00176777
-0.00176777
-0.00176777
-0.00176777
-0.00176777
-0.00176777
-0.00176777
-0.00176777
-0.00176777
-0.00176777
-0.00176777
-0.00176777
-0.0101176
-0.00988267
-0.00965317
-0.009429
-0.00921003
-0.00899615
-0.00878724
-0.00858317
-0.00838385
-0.00818915
-0.00799898
-0.00781322
-0.00763178
-0.00745455
-0.00728144
-0.00711234
-0.00694717
-0.00678584
-0.00662826
-0.00647433
-0.00632398
-0.00617712
-0.00603367
-0.00589356
-0.00575669
-0.00562301
-0.00549243
-0.00536488
-0.00524029
-0.0051186
-0.00499973
-0.00488362
-0.00477021
-0.00465944
-0.00455123
-0.00444554
-0.0043423
-0.00424146
-0.00414297
-0.00404675
-0.00395278
-0.00386098
-0.00377132
-0.00368374
-0.0035982
-0.00351464
-0.00343302
-0.00335329
-0.00327542
-0.00319936
-0.00312506
-0.00305249
-0.0029816
-0.00291236
-0.00284473
-0.00277867
-0.00271414
-0.00265111
-0.00258954
-0.00252941
)
;
    }
    outlet
    {
        type            calculated;
        value           nonuniform 0();
    }
    cylinder
    {
        type            calculated;
        value           nonuniform 0();
    }
    top
    {
        type            symmetryPlane;
        value           nonuniform 0();
    }
    bottom
    {
        type            symmetryPlane;
        value           uniform 0;
    }
    defaultFaces
    {
        type            empty;
        value           nonuniform 0();
    }
    procBoundary0to1
    {
        type            processor;
        value           nonuniform List<scalar> 
102
(
0.00151762
0.000480602
0.00150443
0.00151878
0.00153288
0.0015467
0.00156023
0.00157345
0.00158637
0.00159896
0.00161123
0.00162315
0.00163474
0.00164597
0.00165685
0.00166737
0.00167752
0.0016873
0.0016967
0.00170572
0.00171436
0.00172262
0.000152449
0.00171919
0.00172719
0.00173477
0.00174192
0.00174863
0.00175491
0.00176075
0.00176615
0.00177111
0.00177562
0.00177969
0.00178331
0.00178649
0.00178921
0.00179148
0.00179329
0.00179465
0.00179556
0.00179602
0.0103239
0.0100839
0.00984916
0.00961965
0.00939522
0.00917578
0.0089612
0.00875137
0.00854618
0.00834553
0.00814931
0.0079574
0.00776973
0.00758618
0.00740666
0.0072311
0.00705939
0.00689147
0.00672725
0.00656666
0.00640963
0.00625609
0.00610597
0.0059592
0.00581574
0.00567551
0.00553846
0.00540453
0.00527367
0.00514582
0.00502093
0.00489895
0.00477983
0.00466351
0.00454995
0.00443909
0.00433089
0.00422529
0.00412224
0.0040217
0.00392362
0.00382794
0.00373462
0.00364361
0.00355485
0.00346831
0.00338393
0.00330165
0.00322145
0.00314326
0.00306705
0.00299276
0.00292036
0.0028498
0.00278105
0.00271407
0.00264882
0.00258527
0.00252339
0.00246315
)
;
    }
    procBoundary0to16
    {
        type            processor;
        value           nonuniform List<scalar> 
13
(
-1.14305e-05
-9.79836e-06
-8.24284e-06
0.00180237
-6.74135e-06
-7.35486e-07
-8.15506e-07
-8.78085e-07
-9.05871e-07
-9.56563e-07
-9.92492e-07
-1.02159e-06
-1.04779e-06
)
;
    }
}


// ************************************************************************* //
