/*--------------------------------*- C++ -*----------------------------------*\
  =========                 |
  \\      /  F ield         | OpenFOAM: The Open Source CFD Toolbox
   \\    /   O peration     | Website:  https://openfoam.org
    \\  /    A nd           | Version:  7
     \\/     M anipulation  |
\*---------------------------------------------------------------------------*/
FoamFile
{
    version     2.0;
    format      ascii;
    class       volScalarField;
    location    "44";
    object      p;
}
// * * * * * * * * * * * * * * * * * * * * * * * * * * * * * * * * * * * * * //

dimensions      [0 2 -2 0 0 0 0];

internalField   nonuniform List<scalar> 
1062
(
0.616927
0.60977
0.601705
0.592376
0.581609
0.569514
0.556301
0.542207
0.527455
0.614606
0.607544
0.59959
0.590379
0.579732
0.567752
0.554649
0.540658
0.526002
0.611131
0.604209
0.596422
0.587389
0.57692
0.565112
0.552173
0.538336
0.523825
0.606508
0.599772
0.592207
0.583411
0.573179
0.5616
0.548879
0.535248
0.520929
0.600747
0.594242
0.586953
0.578451
0.568515
0.557222
0.544772
0.531397
0.517318
0.587631
0.580671
0.572521
0.562937
0.551986
0.539861
0.526791
0.512999
0.579951
0.573373
0.565631
0.556456
0.545901
0.534153
0.521438
0.507979
0.571219
0.565074
0.557794
0.549084
0.538979
0.527659
0.515347
0.502267
0.48862
0.561451
0.555788
0.549025
0.540835
0.531233
0.520391
0.50853
0.495873
0.482623
0.550667
0.545536
0.539341
0.531723
0.522676
0.512362
0.500999
0.488809
0.475996
0.53889
0.534336
0.528761
0.521767
0.513325
0.503587
0.492767
0.481087
0.468752
0.526142
0.522211
0.517305
0.510984
0.503197
0.494081
0.483848
0.47272
0.460902
0.51245
0.509184
0.504994
0.499395
0.49231
0.483863
0.47426
0.463723
0.45246
0.497841
0.495281
0.491852
0.487022
0.480684
0.472949
0.464018
0.454113
0.443441
0.480531
0.477905
0.473888
0.468341
0.46136
0.453141
0.443905
0.43386
0.423195
0.46496
0.46318
0.460018
0.455304
0.449118
0.441649
0.433117
0.423734
0.413689
0.448601
0.447703
0.445437
0.441596
0.436243
0.429561
0.42177
0.41308
0.403685
0.431486
0.431507
0.430173
0.427243
0.42276
0.4169
0.409881
0.401917
0.393201
0.413648
0.41462
0.414255
0.412271
0.408693
0.403688
0.397473
0.390263
0.382255
0.397077
0.397712
0.396708
0.394067
0.389948
0.384567
0.378139
0.370864
0.362916
0.37891
0.380576
0.380582
0.378908
0.375705
0.371184
0.365565
0.359048
0.351811
0.360156
0.362879
0.363923
0.363245
0.360983
0.35735
0.352563
0.346827
0.340322
0.344655
0.346762
0.347104
0.34581
0.343086
0.339155
0.334221
0.328468
0.325937
0.329131
0.330516
0.330211
0.32842
0.325363
0.321251
0.316269
0.310575
0.306761
0.311061
0.31351
0.314215
0.313374
0.311212
0.307938
0.303743
0.298787
0.287163
0.292586
0.296117
0.297849
0.297977
0.296725
0.294305
0.290911
0.286706
0.273741
0.278368
0.281142
0.282254
0.281926
0.280374
0.277794
0.274353
0.270204
0.254559
0.260296
0.264124
0.266232
0.26684
0.266168
0.264414
0.261747
0.258323
0.235076
0.241931
0.246825
0.249939
0.251494
0.251711
0.250791
0.248906
0.246215
0.223309
0.229275
0.233403
0.235913
0.237026
0.236947
0.235852
0.2339
0.231303
0.204461
0.211505
0.216652
0.220122
0.222138
0.222906
0.222605
0.221395
0.219497
0.193546
0.199715
0.204149
0.207071
0.208689
0.209185
0.208722
0.207523
0.175429
0.182621
0.18802
0.191849
0.19432
0.195615
0.195898
0.195399
0.194181
0.1654
0.171762
0.176498
0.179821
0.181915
0.182944
0.183144
0.182589
0.148079
0.155403
0.161043
0.165216
0.168108
0.169881
0.170777
0.170884
0.169224
0.130689
0.138968
0.14551
0.150529
0.154216
0.15673
0.158317
0.159089
0.157981
0.122487
0.129922
0.135784
0.140261
0.143513
0.145784
0.147227
0.146689
0.145786
0.114307
0.121003
0.126267
0.130252
0.133197
0.135318
0.135421
0.134555
0.0986876
0.106211
0.112256
0.116972
0.120574
0.123357
0.124275
0.123085
0.0914306
0.0982485
0.103696
0.107943
0.111344
0.113562
0.112404
0.0766841
0.0842663
0.0904439
0.0953511
0.0993101
0.102585
0.103303
0.0703288
0.0772311
0.082817
0.0873407
0.0914307
0.0938703
0.0564549
0.0640693
0.0703381
0.0754541
0.0801963
0.0837999
0.0509723
0.0579129
0.0636359
0.0689707
0.0734015
0.0455495
0.051877
0.0577841
0.0629092
0.0401816
0.0466389
0.0523894
0.0285615
0.035544
0.0418644
0.024516
0.0313646
0.0209193
-0.0319369
-0.0318726
-0.0317493
-0.0315682
-0.0313324
-0.0310437
-0.0307037
-0.0303137
-0.0298745
-0.0293864
-0.0288499
-0.0282647
-0.0276306
-0.0269471
-0.0262134
-0.0254287
-0.0245917
-0.023701
-0.0227552
-0.0217524
-0.0206907
-0.0195677
-0.0183811
-0.0171282
-0.015806
-0.0144113
-0.0129406
-0.0113899
-0.0097553
-0.00803212
-0.00621553
-0.00430027
-0.00228068
-0.000150644
0.00209638
0.0044674
0.00696992
0.00961193
0.0124019
0.0153488
0.0184622
0.0217519
0.0252285
0.0289026
0.0327856
0.0368888
0.0412237
0.0458021
0.0506352
0.0557343
0.0611102
0.0667719
0.0727249
0.0789731
0.0855381
0.0924646
0.0996848
0.106729
0.113229
0.121944
-0.0338331
-0.0348218
-0.0358134
-0.0368073
-0.0378043
-0.0388047
-0.0398084
-0.0408152
-0.041825
-0.0337709
-0.0347564
-0.0357449
-0.0367356
-0.0377296
-0.0387274
-0.0397287
-0.0407336
-0.0417417
-0.0336573
-0.0346449
-0.0356354
-0.0366281
-0.0376243
-0.0386247
-0.0396291
-0.0406373
-0.0416491
-0.0334899
-0.0344822
-0.0354775
-0.0364746
-0.0374753
-0.0384804
-0.0394899
-0.0405035
-0.041521
-0.0332734
-0.0342742
-0.0352777
-0.0362823
-0.0372904
-0.0383035
-0.0393213
-0.0403434
-0.0413697
-0.0330088
-0.034021
-0.0350357
-0.0360505
-0.0370688
-0.0380923
-0.0391209
-0.0401541
-0.0411917
-0.0326978
-0.0337246
-0.0347534
-0.0357812
-0.0368123
-0.037849
-0.0388911
-0.039938
-0.0409895
-0.0323413
-0.0333858
-0.0344316
-0.035475
-0.0365215
-0.0375738
-0.038632
-0.0396952
-0.0407631
-0.0418356
-0.0319401
-0.0330052
-0.0340709
-0.0351326
-0.0361969
-0.0372675
-0.0383442
-0.0394262
-0.0405131
-0.0416047
-0.0314946
-0.0325833
-0.0336718
-0.0347543
-0.035839
-0.0369303
-0.0380282
-0.0391314
-0.0402397
-0.0413527
-0.0310049
-0.0321202
-0.0332344
-0.0343404
-0.035448
-0.0365625
-0.037684
-0.038811
-0.0399431
-0.0410801
-0.0304711
-0.0316159
-0.0327588
-0.0338908
-0.0350238
-0.0361641
-0.0373117
-0.038465
-0.0396234
-0.0407869
-0.0298928
-0.0310702
-0.0322447
-0.0334054
-0.0345663
-0.035735
-0.0369113
-0.0380935
-0.0392807
-0.040473
-0.0292695
-0.0304827
-0.0316917
-0.0328839
-0.0340754
-0.035275
-0.0364826
-0.0376962
-0.0389149
-0.0401386
-0.0286005
-0.0298526
-0.0310995
-0.0323258
-0.0335505
-0.0347838
-0.0360254
-0.0372731
-0.0385258
-0.0397836
-0.027885
-0.0291793
-0.0304672
-0.0317306
-0.0329913
-0.0342609
-0.0355393
-0.0368238
-0.0381133
-0.0394077
-0.0271218
-0.0284617
-0.0297941
-0.0310976
-0.032397
-0.0337059
-0.0350239
-0.0363481
-0.0376771
-0.0390109
-0.0263098
-0.0276988
-0.0290791
-0.0304258
-0.0317669
-0.033118
-0.0344787
-0.0358454
-0.0372168
-0.0385929
-0.0254474
-0.0268892
-0.0283213
-0.0297144
-0.0311003
-0.0324966
-0.033903
-0.0353153
-0.0367321
-0.0381534
-0.0245331
-0.0260316
-0.0275192
-0.0289621
-0.030396
-0.0318408
-0.0332961
-0.0347572
-0.0362225
-0.0376921
-0.0235649
-0.0251241
-0.0266715
-0.0281678
-0.0296529
-0.0311496
-0.0326572
-0.0341705
-0.0356875
-0.0372086
-0.0225409
-0.024165
-0.0257765
-0.0273299
-0.0288699
-0.030422
-0.0319854
-0.0335543
-0.0351266
-0.0367025
-0.0214587
-0.0231522
-0.0248324
-0.026447
-0.0280454
-0.0296566
-0.0312797
-0.0329079
-0.034539
-0.0361733
-0.0203158
-0.0220835
-0.0238374
-0.0255172
-0.0271781
-0.0288523
-0.0305389
-0.0322303
-0.0339239
-0.0356204
-0.0191095
-0.0209564
-0.0227891
-0.0245386
-0.0262661
-0.0280075
-0.0297618
-0.0315205
-0.0332807
-0.0350431
-0.0178368
-0.0197681
-0.0216853
-0.0235092
-0.0253075
-0.0271206
-0.028947
-0.0307772
-0.0326082
-0.0344408
-0.0164943
-0.0185156
-0.0205232
-0.0224266
-0.0243004
-0.0261898
-0.0280929
-0.0299993
-0.0319056
-0.0338127
-0.0150784
-0.0171958
-0.0193001
-0.0212882
-0.0232425
-0.0252131
-0.027198
-0.0291854
-0.0311716
-0.0331579
-0.0135852
-0.0158049
-0.0180128
-0.0200913
-0.0221313
-0.0241883
-0.0262602
-0.0283338
-0.030405
-0.0324754
-0.0120104
-0.0143391
-0.0166578
-0.0188329
-0.020964
-0.0231131
-0.0252776
-0.0274429
-0.0296045
-0.031764
-0.0103493
-0.0127942
-0.0152315
-0.0175095
-0.0197377
-0.0219848
-0.024248
-0.0265107
-0.0287683
-0.0310226
-0.00859678
-0.0111654
-0.0137297
-0.0161175
-0.0184491
-0.0208006
-0.0231687
-0.0255351
-0.0278947
-0.0302497
-0.0067474
-0.00944783
-0.0121479
-0.014653
-0.0170947
-0.0195573
-0.0220371
-0.0245139
-0.0269818
-0.0294437
-0.00479517
-0.00763588
-0.0104814
-0.0131115
-0.0156704
-0.0182514
-0.0208502
-0.0234443
-0.0260275
-0.028603
-0.00273362
-0.00572364
-0.00872485
-0.0114884
-0.014172
-0.0168791
-0.0196046
-0.0223235
-0.0250293
-0.0277255
-0.000555794
-0.00370471
-0.00687253
-0.00977847
-0.012595
-0.0154363
-0.0182967
-0.0211485
-0.0239846
-0.026809
0.0017458
-0.00157213
-0.00491827
-0.0079761
-0.0109341
-0.0139185
-0.0169226
-0.0199158
-0.0228904
-0.0258511
0.00417921
0.000681547
-0.00285539
-0.00607524
-0.00918389
-0.0123207
-0.0154779
-0.0186216
-0.0217436
-0.0248492
0.00675304
0.00306435
-0.000676677
-0.0040693
-0.00733835
-0.0106374
-0.0139577
-0.0172616
-0.0205404
-0.0238001
0.00947646
0.00558484
0.0016256
-0.0019512
-0.00539098
-0.00886299
-0.0123569
-0.0158313
-0.0192769
-0.0227005
-0.0261062
0.0123592
0.00825217
0.00405974
0.000286715
-0.00333477
-0.00699097
-0.0106699
-0.0143258
-0.0179488
-0.0215467
-0.0251238
0.0154117
0.011076
0.00663461
0.00265264
-0.00116215
-0.00501451
-0.00889041
-0.0127394
-0.0165512
-0.0203345
-0.024094
0.0186447
0.0140667
0.00935963
0.00515535
0.00113498
-0.00292622
-0.00701183
-0.0110663
-0.015079
-0.0190595
-0.0230129
0.0220696
0.0172351
0.0122448
0.00780421
0.00356533
-0.000718151
-0.00502694
-0.00930002
-0.0135263
-0.0177166
-0.0218763
0.0256985
0.0205925
0.0153007
0.0106092
0.00613817
0.00161822
-0.00292796
-0.00743346
-0.0118868
-0.0163002
-0.0206793
0.0295435
0.0241508
0.0185385
0.0135808
0.00886336
0.004092
-0.000706577
-0.00545907
-0.0101539
-0.0148045
-0.0194169
0.0336175
0.0279222
0.0219697
0.01673
0.0117513
0.00671285
0.00164615
-0.00336868
-0.00832002
-0.0132229
-0.0180832
0.0379333
0.0319192
0.0256063
0.0200686
0.0148131
0.00949101
0.0041397
-0.00115352
-0.00637727
-0.0115481
-0.0166721
0.0425038
0.0361546
0.0294607
0.0236086
0.0180601
0.0124372
0.00678417
0.00119578
-0.00431702
-0.00977252
-0.0151766
0.0473415
0.0406404
0.0335451
0.0273623
0.0215043
0.0155628
0.00959014
0.00368922
-0.00213005
-0.00788767
-0.0135893
0.052458
0.0453883
0.0378719
0.0313424
0.025158
0.0188792
0.0125687
0.00633735
0.000193561
-0.00588451
-0.0119019
0.0578633
0.0504086
0.0424528
0.035562
0.0290338
0.0223984
0.0157314
0.00915137
0.00266435
-0.00375331
-0.0101057
0.0635631
0.0557079
0.0472986
0.0400339
0.0331444
0.0261325
0.01909
0.0121431
0.00529358
-0.00148361
-0.00819091
0.0695559
0.0612864
0.0524165
0.0447702
0.0375019
0.030093
0.0226569
0.015325
0.00809319
0.000935764
-0.00614719
0.0758365
0.067136
0.0578103
0.0497808
0.0421158
0.0342898
0.0264438
0.0187096
0.0110755
0.00351656
-0.00396339
0.0824044
0.0732537
0.0634904
0.0550787
0.0469951
0.0387324
0.0304632
0.0223108
0.0142542
0.00627246
-0.00162609
0.0892301
0.0796424
0.0694841
0.060687
0.0521512
0.0434298
0.0347252
0.0261382
0.0176384
0.00921253
0.000873435
0.0961132
0.0862185
0.0757929
0.0666231
0.0575916
0.0483874
0.0392331
0.0301902
0.021224
0.0123328
0.0035317
0.102641
0.0927548
0.0824475
0.0730175
0.0635019
0.0538346
0.044229
0.0347063
0.0252457
0.0158599
0.00656495
0.10797
0.0982584
0.0884906
0.0788785
0.0689724
0.0589448
0.0489398
0.0389635
0.0290249
0.01915
0.00935762
)
;

boundaryField
{
    inlet
    {
        type            zeroGradient;
    }
    outlet
    {
        type            fixedValue;
        value           nonuniform 0();
    }
    cylinder
    {
        type            zeroGradient;
    }
    top
    {
        type            symmetryPlane;
    }
    bottom
    {
        type            symmetryPlane;
    }
    defaultFaces
    {
        type            empty;
    }
    procBoundary3to2
    {
        type            processor;
        value           nonuniform List<scalar> 
109
(
0.51224
0.510878
0.508837
0.506121
0.502735
0.498685
0.493977
0.493977
0.474579
0.468953
0.462737
0.45594
0.448575
0.440653
0.432188
0.432188
0.412069
0.403144
0.39375
0.383903
0.373619
0.373619
0.354443
0.344004
0.333202
0.322053
0.322053
0.304315
0.293218
0.281842
0.281842
0.26554
0.254341
0.242923
0.242923
0.228099
0.216954
0.205642
0.205642
0.191405
0.180374
0.180374
0.167782
0.156863
0.156863
0.158366
0.147966
0.136789
0.136789
-0.0290959
-0.0290237
-0.0288835
-0.0286785
-0.0284115
-0.0280847
-0.0277
-0.0272586
-0.0267613
-0.0262089
-0.0256014
-0.0249388
-0.0242208
-0.0234467
-0.0226157
-0.0217267
-0.0207783
-0.019769
-0.018697
-0.0175602
-0.0163564
-0.0150831
-0.0137374
-0.0123163
-0.0108166
-0.00923452
-0.00756625
-0.00580755
-0.00395385
-0.00200024
5.855e-05
0.00222817
0.00451468
0.00692451
0.00946453
0.012142
0.0149647
0.0179407
0.0210785
0.0243871
0.0278758
0.0315543
0.0354326
0.0395209
0.0438297
0.0483696
0.0531515
0.0581859
0.0634838
0.0690557
0.0749125
0.0810642
0.0875192
0.0942894
0.101403
0.1089
0.116728
0.124621
0.132655
0.143109
)
;
    }
    procBoundary3to4
    {
        type            processor;
        value           nonuniform List<scalar> 
130
(
0.624227
0.62184
0.618267
0.613514
0.60759
0.59386
0.59386
0.585861
0.576766
0.566595
0.555368
0.543109
0.529843
0.515597
0.500401
0.482345
0.482345
0.465993
0.448819
0.430857
0.412144
0.395123
0.395123
0.375948
0.35616
0.340849
0.340849
0.321029
0.300732
0.279999
0.26718
0.26718
0.246851
0.226213
0.215328
0.215328
0.195352
0.185421
0.185421
0.166225
0.157185
0.157185
0.138847
0.120446
0.113259
0.113259
0.105985
0.105985
0.0894888
0.0830898
0.0830898
0.0675375
0.0619939
0.0619939
0.0473808
0.0426628
0.0426628
0.0379557
0.0379557
0.0332621
0.0332621
0.0210662
0.017031
0.017031
0.0135725
0.0135725
0.0105504
0.0105504
-0.0428376
-0.042753
-0.0426644
-0.0425423
-0.0424
-0.0422335
-0.0420455
-0.0420455
-0.0429127
-0.0427009
-0.0424706
-0.042222
-0.0419553
-0.0416704
-0.0413675
-0.0410464
-0.0407072
-0.0403498
-0.0399739
-0.0395795
-0.0391663
-0.0387341
-0.0382827
-0.0378115
-0.0373203
-0.0368086
-0.0362759
-0.0357217
-0.0351453
-0.034546
-0.033923
-0.0332753
-0.032602
-0.0319016
-0.031173
-0.0304145
-0.0296245
-0.028801
-0.0279418
-0.0270445
-0.0270445
-0.0294935
-0.0286798
-0.0278291
-0.0269385
-0.0260043
-0.0250227
-0.0239892
-0.0228989
-0.0217466
-0.0205261
-0.019231
-0.0178539
-0.016387
-0.0148214
-0.0131476
-0.0113554
-0.00943194
-0.00736958
-0.00517119
-0.002631
-0.00034015
)
;
    }
    procBoundary3to19
    {
        type            processor;
        value           nonuniform List<scalar> 9(0.618087 0.610884 0.602763 0.593374 0.582548 0.570395 0.557128 0.542982 0.528181);
    }
}


// ************************************************************************* //
