/*--------------------------------*- C++ -*----------------------------------*\
  =========                 |
  \\      /  F ield         | OpenFOAM: The Open Source CFD Toolbox
   \\    /   O peration     | Website:  https://openfoam.org
    \\  /    A nd           | Version:  7
     \\/     M anipulation  |
\*---------------------------------------------------------------------------*/
FoamFile
{
    version     2.0;
    format      ascii;
    class       volScalarField;
    location    "23";
    object      p;
}
// * * * * * * * * * * * * * * * * * * * * * * * * * * * * * * * * * * * * * //

dimensions      [0 2 -2 0 0 0 0];

internalField   nonuniform List<scalar> 
1062
(
-0.305334
-0.308482
-0.307862
-0.313095
-0.309713
-0.310494
-0.315151
-0.313665
-0.310843
-0.313216
-0.315035
-0.314089
-0.31184
-0.31599
-0.316433
-0.314802
-0.314335
-0.312657
-0.318745
-0.317596
-0.315905
-0.314445
-0.314361
-0.313232
-0.321353
-0.318784
-0.316955
-0.315331
-0.313959
-0.314121
-0.313481
-0.323608
-0.318112
-0.316329
-0.314718
-0.313343
-0.313566
-0.313304
-0.325184
-0.319249
-0.317484
-0.315724
-0.314075
-0.312598
-0.312652
-0.312596
-0.325766
-0.318612
-0.316898
-0.315144
-0.313414
-0.311734
-0.311307
-0.311133
-0.325261
-0.319622
-0.318018
-0.316352
-0.314594
-0.312753
-0.310772
-0.309462
-0.308092
-0.320469
-0.318991
-0.317462
-0.315843
-0.31408
-0.312123
-0.309801
-0.307421
-0.30344
-0.319782
-0.318393
-0.316937
-0.315367
-0.313609
-0.311564
-0.308967
-0.305687
-0.320381
-0.319123
-0.317819
-0.316436
-0.31492
-0.313183
-0.3111
-0.30838
-0.304724
-0.319654
-0.318486
-0.317263
-0.315952
-0.314494
-0.312796
-0.310722
-0.307999
-0.319989
-0.31895
-0.317866
-0.31672
-0.315479
-0.314082
-0.312435
-0.310403
-0.307737
-0.319219
-0.318263
-0.317258
-0.316186
-0.315012
-0.313677
-0.312088
-0.310118
-0.319297
-0.31847
-0.317592
-0.31666
-0.315657
-0.314548
-0.313274
-0.311749
-0.309853
-0.318491
-0.317739
-0.316933
-0.316071
-0.315133
-0.314085
-0.312872
-0.311414
-0.317707
-0.317025
-0.316288
-0.315489
-0.314613
-0.313624
-0.312472
-0.311081
-0.317498
-0.316944
-0.316328
-0.315654
-0.314917
-0.314098
-0.313167
-0.312074
-0.310753
-0.316694
-0.316203
-0.315648
-0.315033
-0.314353
-0.31359
-0.312714
-0.311681
-0.316273
-0.315914
-0.315481
-0.314984
-0.314426
-0.313801
-0.313091
-0.312271
-0.311299
-0.315464
-0.315159
-0.314781
-0.314338
-0.313834
-0.313261
-0.312604
-0.311838
-0.310928
-0.314682
-0.314428
-0.314101
-0.31371
-0.313256
-0.312734
-0.31213
-0.31142
-0.31405
-0.313927
-0.313721
-0.313442
-0.3131
-0.312696
-0.312223
-0.31167
-0.311016
-0.313279
-0.313199
-0.313037
-0.312805
-0.31251
-0.312152
-0.311729
-0.311227
-0.31063
-0.312538
-0.312498
-0.312378
-0.312189
-0.311939
-0.311627
-0.311252
-0.310801
-0.311825
-0.311823
-0.311742
-0.311595
-0.311388
-0.311121
-0.310792
-0.310393
-0.311019
-0.311141
-0.311174
-0.311132
-0.311024
-0.310858
-0.310634
-0.310351
-0.310002
-0.310332
-0.310486
-0.310552
-0.310545
-0.310475
-0.310348
-0.310167
-0.309929
-0.309629
-0.309677
-0.309859
-0.309956
-0.309983
-0.309949
-0.30986
-0.309719
-0.309524
-0.309051
-0.309261
-0.309388
-0.309446
-0.309446
-0.309393
-0.30929
-0.309138
-0.30814
-0.308456
-0.308691
-0.308846
-0.308934
-0.308966
-0.308947
-0.308882
-0.30877
-0.307554
-0.307892
-0.308151
-0.308331
-0.308448
-0.30851
-0.308524
-0.308493
-0.308419
-0.307
-0.307358
-0.307639
-0.307844
-0.307987
-0.308077
-0.308121
-0.308124
-0.308086
-0.306479
-0.306856
-0.307157
-0.307385
-0.307552
-0.307669
-0.307741
-0.307775
-0.30599
-0.306384
-0.306705
-0.306953
-0.307143
-0.307284
-0.307384
-0.307446
-0.305041
-0.305533
-0.305944
-0.306283
-0.30655
-0.306761
-0.306925
-0.307048
-0.307137
-0.304604
-0.30511
-0.305536
-0.305891
-0.306176
-0.306406
-0.30659
-0.306736
-0.306849
-0.304202
-0.30472
-0.305159
-0.305529
-0.305831
-0.306078
-0.306281
-0.306448
-0.306582
-0.303834
-0.304364
-0.304816
-0.305199
-0.305515
-0.305778
-0.305999
-0.306183
-0.306337
-0.303501
-0.304042
-0.304505
-0.304901
-0.30523
-0.305507
-0.305742
-0.305943
-0.306115
-0.303204
-0.303755
-0.304228
-0.304634
-0.304975
-0.305264
-0.305513
-0.305728
-0.305915
-0.302944
-0.303502
-0.303984
-0.3044
-0.304751
-0.305051
-0.305311
-0.305538
-0.302719
-0.303285
-0.303775
-0.304198
-0.304558
-0.304867
-0.305137
-0.305375
-0.302532
-0.303104
-0.303599
-0.30403
-0.304396
-0.304713
-0.304991
-0.305237
-0.302381
-0.302958
-0.303459
-0.303895
-0.304267
-0.30459
-0.304874
-0.305127
-0.302268
-0.302849
-0.303353
-0.303793
-0.304169
-0.304497
-0.304786
-0.305044
-0.302193
-0.302776
-0.303283
-0.303725
-0.304104
-0.304435
-0.304727
-0.304989
-0.302739
-0.303248
-0.303692
-0.304072
-0.304404
-0.304698
-0.304961
-0.104889
-0.105857
-0.106821
-0.107782
-0.108738
-0.109691
-0.11064
-0.111584
-0.112525
-0.113461
-0.105104
-0.106072
-0.107036
-0.107996
-0.108952
-0.109903
-0.11085
-0.111792
-0.11273
-0.113663
-0.105419
-0.106391
-0.10736
-0.108323
-0.109282
-0.110237
-0.111187
-0.112132
-0.113072
-0.114008
-0.105881
-0.10686
-0.107835
-0.108805
-0.109771
-0.110731
-0.111686
-0.112637
-0.113582
-0.114522
-0.105466
-0.106459
-0.107448
-0.108432
-0.109412
-0.110386
-0.111355
-0.112319
-0.113278
-0.114231
-0.115179
-0.106154
-0.10716
-0.108161
-0.109158
-0.110149
-0.111135
-0.112115
-0.11309
-0.11406
-0.115024
-0.115982
-0.106954
-0.107975
-0.108991
-0.110001
-0.111007
-0.112007
-0.113002
-0.113991
-0.114974
-0.115952
-0.116924
-0.107863
-0.108902
-0.109935
-0.110963
-0.111985
-0.113002
-0.114013
-0.115019
-0.116018
-0.117012
-0.118
-0.108881
-0.109939
-0.110991
-0.112038
-0.11308
-0.114116
-0.115146
-0.11617
-0.117189
-0.118201
-0.119207
-0.110003
-0.111083
-0.112157
-0.113226
-0.114289
-0.115346
-0.116398
-0.117443
-0.118483
-0.119516
-0.120543
-0.11123
-0.112334
-0.113432
-0.114525
-0.115611
-0.116692
-0.117767
-0.118836
-0.119899
-0.120955
-0.122006
-0.11256
-0.11369
-0.114814
-0.115933
-0.117045
-0.118152
-0.119253
-0.120348
-0.121436
-0.122518
-0.123594
-0.113992
-0.115151
-0.116303
-0.11745
-0.118591
-0.119725
-0.120854
-0.121977
-0.123093
-0.124203
-0.125306
-0.115528
-0.116716
-0.117899
-0.119076
-0.120247
-0.121412
-0.12257
-0.123723
-0.124869
-0.126009
-0.127142
-0.117166
-0.118386
-0.119601
-0.12081
-0.122013
-0.12321
-0.124401
-0.125586
-0.126764
-0.127936
-0.129101
-0.118907
-0.120161
-0.121411
-0.122654
-0.123891
-0.125122
-0.126347
-0.127566
-0.128778
-0.129984
-0.131184
-0.120751
-0.122042
-0.123327
-0.124607
-0.12588
-0.127148
-0.128409
-0.129664
-0.130912
-0.132154
-0.13339
-0.1227
-0.124029
-0.125353
-0.12667
-0.127981
-0.129287
-0.130586
-0.131879
-0.133165
-0.134445
-0.135719
-0.124755
-0.126124
-0.127487
-0.128844
-0.130195
-0.131541
-0.13288
-0.134212
-0.135539
-0.136859
-0.138173
-0.126916
-0.128326
-0.129731
-0.13113
-0.132523
-0.13391
-0.13529
-0.136665
-0.138033
-0.139395
-0.140751
-0.129184
-0.130638
-0.132086
-0.133528
-0.134965
-0.136395
-0.137819
-0.139237
-0.140649
-0.142054
-0.143453
-0.131562
-0.13306
-0.134553
-0.136041
-0.137522
-0.138997
-0.140466
-0.141929
-0.143386
-0.144836
-0.146281
-0.134049
-0.135594
-0.137134
-0.138667
-0.140195
-0.141717
-0.143233
-0.144742
-0.146246
-0.147743
-0.149235
-0.136648
-0.138241
-0.139828
-0.14141
-0.142985
-0.144555
-0.146119
-0.147677
-0.149228
-0.150773
-0.152313
-0.139359
-0.141001
-0.142638
-0.144269
-0.145894
-0.147512
-0.149125
-0.150732
-0.152333
-0.153928
-0.155517
-0.142184
-0.143877
-0.145564
-0.147245
-0.14892
-0.150589
-0.152252
-0.15391
-0.155561
-0.157205
-0.158845
-0.145123
-0.146868
-0.148606
-0.150338
-0.152065
-0.153785
-0.1555
-0.157208
-0.158911
-0.160606
-0.162297
-0.148179
-0.149975
-0.151766
-0.15355
-0.155329
-0.157101
-0.158868
-0.160628
-0.162382
-0.164129
-0.165872
-0.151351
-0.153201
-0.155044
-0.156881
-0.158712
-0.160536
-0.162355
-0.164167
-0.165974
-0.167773
-0.169568
-0.154641
-0.156543
-0.15844
-0.16033
-0.162213
-0.16409
-0.165961
-0.167826
-0.169684
-0.171535
-0.173382
-0.158048
-0.160004
-0.161953
-0.163896
-0.165832
-0.167762
-0.169685
-0.171602
-0.173512
-0.175414
-0.177312
-0.161573
-0.163583
-0.165585
-0.16758
-0.169569
-0.17155
-0.173525
-0.175492
-0.177453
-0.179406
-0.181354
-0.165217
-0.167279
-0.169334
-0.171381
-0.173421
-0.175453
-0.177478
-0.179496
-0.181506
-0.183508
-0.185505
-0.168979
-0.171093
-0.173199
-0.175297
-0.177386
-0.179468
-0.181542
-0.183608
-0.185667
-0.187715
-0.189759
-0.172858
-0.175023
-0.177179
-0.179326
-0.181464
-0.183594
-0.185715
-0.187827
-0.18993
-0.192023
-0.194111
-0.176855
-0.179069
-0.181273
-0.183467
-0.185652
-0.187826
-0.189991
-0.192147
-0.194292
-0.196426
-0.198554
-0.180969
-0.183229
-0.185479
-0.187718
-0.189946
-0.192163
-0.194369
-0.196564
-0.198748
-0.200919
-0.203082
-0.185198
-0.187503
-0.189796
-0.192077
-0.194345
-0.196601
-0.198844
-0.201075
-0.203292
-0.205494
-0.207687
-0.189542
-0.191889
-0.194222
-0.196541
-0.198847
-0.201137
-0.203413
-0.205675
-0.207921
-0.210149
-0.212365
-0.194
-0.196386
-0.198756
-0.20111
-0.203448
-0.205769
-0.208074
-0.210361
-0.21263
-0.214878
-0.217111
-0.198572
-0.200993
-0.203396
-0.205782
-0.208148
-0.210496
-0.212824
-0.215132
-0.217418
-0.21968
-0.221923
-0.200783
-0.203256
-0.20571
-0.208143
-0.210556
-0.212948
-0.215318
-0.217666
-0.219989
-0.222288
-0.224559
-0.226805
-0.205549
-0.208053
-0.210536
-0.212996
-0.215434
-0.217848
-0.220237
-0.222601
-0.224938
-0.227245
-0.229522
-0.231766
-0.210431
-0.212964
-0.215473
-0.217958
-0.220418
-0.222852
-0.225258
-0.227637
-0.229985
-0.2323
-0.234583
-0.23682
-0.215428
-0.217987
-0.220522
-0.22303
-0.225511
-0.227964
-0.230388
-0.232782
-0.235143
-0.237468
-0.239761
-0.241993
-0.220539
-0.223124
-0.225683
-0.228214
-0.230717
-0.233192
-0.235636
-0.238049
-0.240429
-0.24277
-0.245084
-0.225763
-0.228374
-0.230957
-0.233513
-0.236042
-0.238542
-0.241014
-0.243454
-0.245864
-0.248233
-0.250589
-0.231098
-0.233734
-0.236344
-0.238929
-0.241489
-0.244024
-0.246533
-0.249015
-0.251474
-0.253892
-0.25632
-0.236537
-0.239201
-0.241842
-0.244461
-0.247061
-0.249641
-0.252204
-0.254749
-0.257283
-0.259784
-0.262329
-0.242072
-0.244766
-0.247443
-0.250107
-0.252758
-0.255402
-0.25804
-0.260675
-0.26332
-0.265947
-0.26867
-0.247685
-0.250412
-0.253132
-0.255849
-0.258569
-0.261299
-0.264044
-0.26681
-0.269615
-0.272429
-0.275406
-0.253358
-0.256119
-0.258885
-0.261665
-0.264467
-0.267303
-0.270186
-0.273128
-0.276155
-0.279238
-0.282571
-0.259064
-0.261864
-0.264685
-0.26754
-0.270441
-0.273406
-0.276455
-0.279607
-0.282906
-0.286329
-0.290119
-0.264747
-0.267584
-0.270468
-0.273414
-0.276445
-0.279582
-0.282851
-0.286279
-0.289916
-0.293753
-0.298072
-0.27033
-0.273184
-0.27611
-0.279134
-0.282288
-0.285608
-0.289136
-0.292916
-0.297008
-0.301415
-0.306416
-0.275804
-0.278649
-0.281586
-0.284647
-0.28787
-0.291302
-0.295003
-0.299045
-0.303525
-0.308512
-0.314301
-0.281179
-0.284025
-0.286991
-0.290111
-0.293427
-0.296987
-0.300848
-0.305079
-0.30978
-0.315072
-0.321295
-0.286088
-0.288903
-0.291885
-0.295086
-0.298566
-0.302392
-0.306643
-0.311406
-0.316775
-0.322853
-0.32983
-0.289927
-0.292465
-0.295188
-0.298165
-0.301479
-0.305236
-0.309569
-0.314652
-0.320712
-0.328041
-0.336956
-0.293779
-0.29588
-0.298096
-0.300477
-0.303082
-0.305983
-0.309271
-0.313074
-0.317583
-0.323107
-0.330207
)
;

boundaryField
{
    inlet
    {
        type            zeroGradient;
    }
    outlet
    {
        type            fixedValue;
        value           nonuniform 0();
    }
    cylinder
    {
        type            zeroGradient;
    }
    top
    {
        type            symmetryPlane;
    }
    bottom
    {
        type            symmetryPlane;
    }
    defaultFaces
    {
        type            empty;
    }
    procBoundary9to8
    {
        type            processor;
        value           nonuniform List<scalar> 
132
(
-0.30291
-0.30291
-0.307173
-0.307173
-0.312408
-0.312408
-0.31516
-0.31516
-0.317337
-0.316912
-0.316912
-0.318247
-0.318247
-0.319499
-0.319499
-0.320681
-0.319937
-0.319937
-0.321009
-0.320292
-0.320292
-0.32119
-0.32119
-0.321917
-0.321133
-0.321133
-0.321603
-0.320783
-0.320783
-0.320985
-0.320128
-0.320128
-0.320067
-0.319183
-0.318327
-0.318327
-0.317977
-0.317111
-0.317111
-0.316543
-0.315681
-0.314851
-0.314851
-0.314073
-0.313262
-0.312483
-0.311736
-0.311736
-0.310803
-0.310089
-0.309407
-0.308757
-0.308757
-0.307733
-0.307128
-0.306556
-0.306017
-0.305512
-0.305512
-0.304196
-0.30374
-0.30332
-0.302937
-0.302589
-0.302279
-0.302006
-0.301771
-0.301575
-0.301417
-0.301299
-0.103918
-0.104131
-0.104442
-0.104897
-0.104897
-0.104467
-0.105143
-0.105928
-0.10682
-0.107817
-0.108918
-0.110121
-0.111424
-0.112829
-0.114334
-0.115939
-0.117646
-0.119454
-0.121365
-0.12338
-0.125499
-0.127725
-0.130057
-0.132498
-0.135049
-0.137711
-0.140485
-0.143373
-0.146376
-0.149495
-0.152731
-0.156085
-0.159557
-0.163147
-0.166857
-0.170685
-0.174632
-0.178697
-0.18288
-0.187181
-0.191599
-0.196133
-0.196133
-0.198291
-0.203023
-0.207874
-0.212843
-0.217928
-0.223127
-0.228436
-0.23385
-0.239359
-0.244947
-0.250594
-0.256276
-0.26194
-0.267525
-0.273024
-0.27842
-0.283398
-0.287518
-0.29175
)
;
    }
    procBoundary9to10
    {
        type            processor;
        value           nonuniform List<scalar> 
113
(
-0.319777
-0.340577
-0.319777
-0.290614
-0.300757
-0.300757
-0.30005
-0.304302
-0.304302
-0.304138
-0.307542
-0.307542
-0.307388
-0.3096
-0.3096
-0.309355
-0.309119
-0.310432
-0.310432
-0.310124
-0.30983
-0.310573
-0.310573
-0.310235
-0.309915
-0.310261
-0.310261
-0.30991
-0.309577
-0.309259
-0.309273
-0.309273
-0.308933
-0.308609
-0.308301
-0.308008
-0.307771
-0.307771
-0.307473
-0.307193
-0.306932
-0.306689
-0.306465
-0.306261
-0.306078
-0.305739
-0.305739
-0.305586
-0.305458
-0.305355
-0.305278
-0.305226
-0.114393
-0.114591
-0.114937
-0.115455
-0.11612
-0.116933
-0.117887
-0.118978
-0.120203
-0.121559
-0.123044
-0.124656
-0.126394
-0.128259
-0.130248
-0.132363
-0.134603
-0.136969
-0.13946
-0.142078
-0.144822
-0.147692
-0.15069
-0.153814
-0.157064
-0.16044
-0.16394
-0.167564
-0.171308
-0.175171
-0.17915
-0.183239
-0.187435
-0.191732
-0.196124
-0.200603
-0.205162
-0.209793
-0.21449
-0.219248
-0.224068
-0.228955
-0.233924
-0.238997
-0.244209
-0.247315
-0.247315
-0.252831
-0.258595
-0.264674
-0.271141
-0.278078
-0.285552
-0.293549
-0.302068
-0.311158
-0.320075
-0.327941
-0.337459
-0.347666
-0.340577
)
;
    }
    procBoundary9to24
    {
        type            processor;
        value           uniform -0.30122;
    }
    procBoundary9to25
    {
        type            processor;
        value           nonuniform List<scalar> 9(-0.30274 -0.303248 -0.303692 -0.304072 -0.304404 -0.304698 -0.304961 -0.302155 -0.302155);
    }
    procBoundary9to26
    {
        type            processor;
        value           uniform -0.3052;
    }
}


// ************************************************************************* //
