/*--------------------------------*- C++ -*----------------------------------*\
  =========                 |
  \\      /  F ield         | OpenFOAM: The Open Source CFD Toolbox
   \\    /   O peration     | Website:  https://openfoam.org
    \\  /    A nd           | Version:  7
     \\/     M anipulation  |
\*---------------------------------------------------------------------------*/
FoamFile
{
    version     2.0;
    format      ascii;
    class       surfaceScalarField;
    location    "95";
    object      phi;
}
// * * * * * * * * * * * * * * * * * * * * * * * * * * * * * * * * * * * * * //

dimensions      [0 3 -1 0 0 0 0];

internalField   nonuniform List<scalar> 
2772
(
-5.53489e-05
-0.000145556
-7.68529e-05
-0.000149217
-0.000100964
-0.000145881
-0.000127403
-0.000137064
-0.000155948
-0.000124126
-0.000186424
-0.000108183
-0.000218711
-9.00401e-05
-0.000252744
-7.0168e-05
-0.000288524
-4.86997e-05
-0.00032613
-2.54525e-05
-0.000365737
4.26133e-08
-0.000407622
2.85194e-05
-0.000452221
6.09615e-05
-0.000500047
9.8615e-05
-0.000551721
0.000143061
0.000196407
-0.000607993
-2.76671e-06
-2.82583e-05
-1.02521e-05
-6.97901e-05
-2.19039e-05
-9.93597e-05
-3.72058e-05
-0.000118022
-5.56848e-05
-0.000127076
-7.69236e-05
-0.000127979
-0.000100566
-0.000122238
-0.000126321
-0.000111309
-0.000153954
-9.64931e-05
-0.000183289
-7.88488e-05
-0.000214196
-5.91329e-05
-0.000246597
-3.77663e-05
-0.000280468
-1.48292e-05
-0.000315843
9.92265e-06
-0.000352837
3.70369e-05
-0.000391655
6.73371e-05
-0.000432603
0.00010191
-0.000476074
0.000142086
-0.000522513
0.000189501
0.000246342
-0.000572448
-2.79748e-06
-2.54608e-05
-1.03028e-05
-6.22848e-05
-2.18943e-05
-8.77682e-05
-3.69942e-05
-0.000102922
-5.50787e-05
-0.000108992
-7.56894e-05
-0.000107368
-9.84379e-05
-9.94892e-05
-0.000123005
-8.67421e-05
-0.000149133
-7.03647e-05
-0.000176619
-5.13632e-05
-0.000205302
-3.04503e-05
-0.00023506
-8.00783e-06
-0.000265806
1.5917e-05
-0.0002975
4.16165e-05
-0.000330151
6.96882e-05
-0.000363837
0.000101023
-0.000398714
0.000136786
-0.000435012
0.000178383
-0.000472991
0.000227481
0.000286316
-0.000512966
-2.78917e-06
-2.26716e-05
-1.02172e-05
-5.48567e-05
-2.16043e-05
-7.63811e-05
-3.63173e-05
-8.82092e-05
-5.37828e-05
-9.15265e-05
-7.34978e-05
-8.7653e-05
-9.50338e-05
-7.79533e-05
-0.000118032
-6.37434e-05
-0.000142197
-4.62e-05
-0.000167279
-2.62812e-05
-0.000193064
-4.66499e-06
-0.000219361
1.82885e-05
-0.000245998
4.25544e-05
-0.000272822
6.84407e-05
-0.000299708
9.65745e-05
-0.000326575
0.000127889
-0.000353401
0.000163612
-0.00038024
0.000205222
-0.000407167
0.000254407
0.000313446
-0.000434296
-2.75704e-06
-1.99146e-05
-1.0049e-05
-4.75648e-05
-2.11452e-05
-6.52849e-05
-3.53606e-05
-7.39938e-05
-5.20719e-05
-7.48152e-05
-7.07281e-05
-6.89968e-05
-9.08528e-05
-5.78286e-05
-0.000112039
-4.25573e-05
-0.000133937
-2.43019e-05
-0.000156239
-3.97941e-06
-0.000178658
1.7754e-05
-0.000200916
4.05469e-05
-0.000222733
6.4371e-05
-0.000243821
8.9529e-05
-0.000263898
0.000116651
-0.0002827
0.000146691
-0.000300017
0.00018093
-0.000315725
0.000220931
-0.000329733
0.000268415
0.000325674
-0.000341962
-2.71655e-06
-1.7198e-05
-9.85197e-06
-4.04294e-05
-2.06279e-05
-5.4509e-05
-3.43085e-05
-6.03132e-05
-5.02196e-05
-5.89041e-05
-6.77582e-05
-5.14581e-05
-8.63947e-05
-3.91922e-05
-0.000105665
-2.32866e-05
-0.000125159
-4.80856e-06
-0.000144495
1.53566e-05
-0.000163305
3.6564e-05
-0.000181209
5.84506e-05
-0.000197801
8.0963e-05
-0.000212645
0.000104373
-0.000225282
0.000129288
-0.000235254
0.000156663
-0.000242154
0.00018783
-0.000245703
0.00022448
-0.000245718
0.00026843
0.000321826
-0.000241869
-2.68177e-06
-1.45163e-05
-9.67484e-06
-3.34363e-05
-2.01522e-05
-4.40317e-05
-3.33265e-05
-4.71388e-05
-4.84708e-05
-4.37598e-05
-6.49279e-05
-3.5001e-05
-8.2111e-05
-2.20091e-05
-9.94956e-05
-5.90201e-06
-0.000116602
1.22981e-05
-0.000132975
3.17292e-05
-0.000148154
5.17428e-05
-0.00016165
7.19466e-05
-0.000172924
9.2237e-05
-0.000181377
0.000112827
-0.000186361
0.000134272
-0.000187208
0.000157511
-0.000183307
0.000183929
-0.000174248
0.000215421
-0.000159964
0.000254145
0.000301732
-0.00013987
-2.66381e-06
-1.18525e-05
-9.55543e-06
-2.65447e-05
-1.97951e-05
-3.3792e-05
-3.25418e-05
-3.43921e-05
-4.70142e-05
-2.92873e-05
-6.24995e-05
-1.95158e-05
-7.83526e-05
-6.15595e-06
-9.39866e-05
9.73199e-06
-0.000108854
2.71658e-05
-0.000122422
4.5297e-05
-0.000134139
6.34601e-05
-0.000143407
8.12142e-05
-0.000149549
9.8379e-05
-0.000151795
0.000115073
-0.000149287
0.000131764
-0.000141121
0.000149345
-0.000126443
0.00016925
-0.000104636
0.000193615
-7.59164e-05
0.000225425
0.000267341
-4.15255e-05
-2.66931e-06
-9.18314e-06
-9.5157e-06
-1.96983e-05
-1.96005e-05
-2.37072e-05
-3.20259e-05
-2.19667e-05
-4.59554e-05
-1.53579e-05
-6.06196e-05
-4.85157e-06
-7.53164e-05
8.54088e-06
-8.93989e-05
2.38144e-05
-0.000102254
4.00212e-05
-0.000113276
5.63187e-05
-0.000121828
7.20126e-05
-0.000127209
8.65944e-05
-0.000128608
9.97785e-05
-0.000125083
0.000111548
-0.000115545
0.000122225
-9.87907e-05
0.000132591
-7.36122e-05
0.000144072
-3.89667e-05
0.000158969
5.58623e-06
0.000180872
0.000216591
5.63358e-05
-2.69926e-06
-6.48388e-06
-9.55767e-06
-1.28399e-05
-1.95707e-05
-1.36942e-05
-3.17804e-05
-9.75702e-06
-4.52949e-05
-1.84339e-06
-5.92868e-05
9.14041e-06
-7.30006e-05
2.22546e-05
-8.57313e-05
3.65452e-05
-9.68061e-05
5.1096e-05
-0.000105553
6.50651e-05
-0.00011126
7.772e-05
-0.000113134
8.84689e-05
-0.00011025
9.68945e-05
-0.000101504
0.000102802
-8.55814e-05
0.000106302
-6.09675e-05
0.000107977
-2.60519e-05
0.000109156
2.05496e-05
0.000112368
7.91946e-05
0.000122227
0.000146522
0.000149263
-2.74825e-06
-3.73562e-06
-9.66108e-06
-5.92708e-06
-1.96619e-05
-3.69343e-06
-3.173e-05
2.31116e-06
-4.49119e-05
1.13384e-05
-5.83309e-05
2.25595e-05
-7.11725e-05
3.50962e-05
-8.26769e-05
4.80496e-05
-9.21139e-05
6.0533e-05
-9.87505e-05
7.17017e-05
-0.00010181
8.07795e-05
-0.000100422
8.70808e-05
-9.35637e-05
9.00363e-05
-7.99979e-05
8.92358e-05
-5.8212e-05
8.45162e-05
-2.63866e-05
7.61519e-05
1.75339e-05
6.52356e-05
7.55322e-05
5.43693e-05
0.000148773
4.89866e-05
5.94354e-05
0.00023586
-2.80432e-06
-9.31301e-07
-9.78299e-06
1.05158e-06
-1.97824e-05
6.30597e-06
-3.17161e-05
1.42449e-05
-4.45714e-05
2.41937e-05
-5.74108e-05
3.53988e-05
-6.93631e-05
4.70486e-05
-7.96092e-05
5.82957e-05
-8.73574e-05
6.82812e-05
-9.18113e-05
7.61556e-05
-9.21278e-05
8.10959e-05
-8.7365e-05
8.2318e-05
-7.64189e-05
7.90902e-05
-5.79467e-05
7.07636e-05
-3.0281e-05
5.68504e-05
8.64817e-06
3.72228e-05
6.13227e-05
1.25611e-05
0.0001304
-1.47082e-05
0.000217914
-3.85275e-05
-4.52429e-05
0.000322593
-2.85005e-06
1.91874e-06
-9.86151e-06
8.06304e-06
-1.98021e-05
1.62466e-05
-3.15169e-05
2.59597e-05
-4.39281e-05
3.66049e-05
-5.60326e-05
4.75033e-05
-6.68917e-05
5.79078e-05
-7.56143e-05
6.70182e-05
-8.13316e-05
7.39985e-05
-8.31657e-05
7.79897e-05
-8.01885e-05
7.81188e-05
-7.13722e-05
7.35016e-05
-5.5526e-05
6.32441e-05
-3.12177e-05
4.64553e-05
3.32752e-06
2.23052e-05
5.03459e-05
-9.79561e-06
0.000112633
-4.97258e-05
0.000193468
-9.55431e-05
0.000295929
-0.000140988
-0.000169083
0.000419769
-2.86457e-06
4.78332e-06
-9.82243e-06
1.50209e-05
-1.95637e-05
2.59879e-05
-3.08619e-05
3.72579e-05
-4.25666e-05
4.83095e-05
-5.35969e-05
5.85337e-05
-6.29288e-05
6.72396e-05
-6.95746e-05
7.36641e-05
-7.25582e-05
7.69821e-05
-7.08829e-05
7.63144e-05
-6.3494e-05
7.07299e-05
-4.92342e-05
5.92418e-05
-2.67901e-05
4.08e-05
5.37473e-06
1.42905e-05
4.91127e-05
-2.14327e-05
0.000106721
-6.74043e-05
0.000181112
-0.000124117
0.000275919
-0.00019035
0.000395212
-0.000260282
-0.00031448
0.000540609
-2.82598e-06
7.6093e-06
-9.58771e-06
2.17826e-05
-1.89015e-05
3.53017e-05
-2.94655e-05
4.78219e-05
-4.00459e-05
5.88899e-05
-4.94659e-05
6.79537e-05
-5.65894e-05
7.43631e-05
-6.02979e-05
7.73725e-05
-5.94629e-05
7.61472e-05
-5.2915e-05
6.97665e-05
-3.94093e-05
5.72242e-05
-1.75902e-05
3.74228e-05
1.40453e-05
9.16442e-06
5.71875e-05
-2.88517e-05
0.000113767
-7.8012e-05
0.000186052
-0.00013969
0.00027682
-0.000214885
0.000389609
-0.000303138
0.000528944
-0.000399617
-0.000484207
0.000698671
-2.71471e-06
1.0324e-05
-9.0868e-06
2.81547e-05
-1.76639e-05
4.38788e-05
-2.7064e-05
5.7222e-05
-3.59555e-05
6.77813e-05
-4.30428e-05
7.5041e-05
-4.70455e-05
7.83658e-05
-4.66717e-05
7.69987e-05
-4.05882e-05
7.00636e-05
-2.73893e-05
5.65677e-05
-5.5679e-06
3.54027e-05
2.651e-05
5.34493e-06
7.06146e-05
-3.49402e-05
0.000128658
-8.68953e-05
0.000202683
-0.000152037
0.000294868
-0.000231875
0.000407626
-0.000327643
0.000543873
-0.000439386
0.000707609
-0.000563353
-0.000680672
0.000904074
-2.51679e-06
1.28408e-05
-8.26707e-06
3.3905e-05
-1.57347e-05
5.13465e-05
-2.34505e-05
6.49377e-05
-2.99689e-05
7.42998e-05
-3.38498e-05
7.89219e-05
-3.36336e-05
7.81496e-05
-2.78115e-05
7.11766e-05
-1.47938e-05
5.70458e-05
7.11999e-06
3.46539e-05
3.97638e-05
2.75886e-06
8.51101e-05
-4.00013e-05
0.000145262
-9.50923e-05
0.0002224
-0.000164033
0.000318697
-0.000248333
0.000436207
-0.000349385
0.000576813
-0.000468249
0.000742401
-0.000604974
0.000935414
-0.000756365
-0.000905069
0.00115981
-2.22609e-06
1.50669e-05
-7.10152e-06
3.87804e-05
-1.30485e-05
5.72935e-05
-1.85019e-05
7.03911e-05
-2.18845e-05
7.76824e-05
-2.1586e-05
7.86235e-05
-1.59354e-05
7.2499e-05
-3.16889e-06
5.84101e-05
1.86006e-05
3.52764e-05
5.14094e-05
1.84507e-06
9.74501e-05
-4.32818e-05
0.000159068
-0.000101619
0.000238705
-0.000174729
0.000338804
-0.000264132
0.000461641
-0.00037117
0.000609079
-0.000496823
0.000782304
-0.000641474
0.000981851
-0.000804521
0.00120827
-0.000982784
0.00146034
-1.84511e-06
1.6912e-05
-5.59165e-06
4.2527e-05
-9.59738e-06
6.12992e-05
-1.21899e-05
7.29836e-05
-1.16429e-05
7.71354e-05
-6.15319e-06
7.31337e-05
6.18776e-06
6.0158e-05
2.7424e-05
3.71738e-05
5.97617e-05
2.93869e-06
0.00010558
-4.39737e-05
0.000167433
-0.000105134
0.000248
-0.000182186
0.000350012
-0.000276742
0.000476105
-0.000390225
0.000628595
-0.00052366
0.000809135
-0.000677363
0.00101821
-0.000850546
0.00125458
-0.00104089
-1.38389e-06
1.82959e-05
-3.76431e-06
4.49074e-05
-5.42542e-06
6.29603e-05
-4.57323e-06
7.21314e-05
6.83604e-07
7.18786e-05
1.23588e-05
6.14586e-05
3.26138e-05
3.9903e-05
6.37813e-05
6.00631e-06
0.000108379
-4.16587e-05
0.000169104
-0.000104699
0.000248801
-0.000184831
0.000350383
-0.000283768
0.000476715
-0.000403074
0.000630443
-0.000543953
0.000813778
-0.000706995
0.00102826
-0.000891846
0.00127449
-8.57396e-07
1.91533e-05
-1.66293e-06
4.57129e-05
-6.10049e-07
6.19074e-05
4.22839e-06
6.7293e-05
1.49277e-05
6.11793e-05
3.37224e-05
4.26639e-05
6.30282e-05
1.05972e-05
0.000105453
-3.64185e-05
0.000163788
-9.99937e-05
0.000240969
-0.000181881
0.000339999
-0.00028386
0.000463817
-0.000407586
0.000615126
-0.000554383
0.000796179
-0.000725006
0.00100858
-0.000919393
-2.81201e-07
1.94345e-05
6.63873e-07
4.47679e-05
4.75291e-06
5.78184e-05
1.40717e-05
5.79742e-05
3.08835e-05
4.43675e-05
5.76468e-05
1.59006e-05
9.702e-05
-2.8776e-05
0.000151849
-9.12474e-05
0.000225123
-0.000173268
0.000319887
-0.000276645
0.0004391
-0.000403073
0.000585433
-0.000553919
0.000761014
-0.000729964
0.000967153
-0.000931144
3.32721e-07
1.91018e-05
3.17687e-06
4.19237e-05
1.05918e-05
5.04035e-05
2.48314e-05
4.37345e-05
4.83589e-05
2.084e-05
8.38488e-05
-1.95893e-05
0.000134171
-7.90984e-05
0.000202345
-0.000159421
0.000291442
-0.000262365
0.000404437
-0.00038964
0.000543983
-0.000542619
0.000712129
-0.000722065
0.000909992
-0.000927828
-0.00115859
9.78649e-07
1.81231e-05
5.85755e-06
3.70448e-05
1.68601e-05
3.94009e-05
3.64256e-05
2.4169e-05
6.72159e-05
-9.9503e-06
0.0001121
-6.44735e-05
0.000174107
-0.000141106
0.000256331
-0.000241644
0.000361768
-0.000367802
0.000493087
-0.000520959
0.000652324
-0.000701856
0.000840524
-0.000910264
0.00105738
-0.00114469
1.65888e-06
1.64642e-05
8.70694e-06
2.99967e-05
2.35529e-05
2.45549e-05
4.88276e-05
-1.10566e-06
8.73797e-05
-4.85024e-05
0.000142233
-0.000119327
0.000216493
-0.000215366
0.00031319
-0.000338341
0.000435039
-0.00048965
0.000584118
-0.000670039
0.000761501
-0.000879239
0.000966861
-0.00111562
2.38244e-06
1.40818e-05
1.17472e-05
2.0632e-05
3.06984e-05
5.60376e-06
6.20529e-05
-3.24602e-05
0.000108817
-9.5266e-05
0.000174101
-0.000184611
0.000260973
-0.000302238
0.000372214
-0.000449583
0.000510001
-0.000627437
0.00067551
-0.000835548
0.000868509
-0.00107224
3.16261e-06
1.09192e-05
1.50113e-05
8.78326e-06
3.83398e-05
-1.77247e-05
7.6128e-05
-7.02485e-05
0.000131486
-0.000150624
0.000207515
-0.00026064
0.000307081
-0.000401804
0.000432494
-0.000574995
0.000585104
-0.000780046
0.000764868
-0.00101531
-0.00127734
4.01298e-06
6.90622e-06
1.85306e-05
-5.73437e-06
4.6511e-05
-4.57052e-05
9.10514e-05
-0.000114789
0.000155283
-0.000214855
0.000242161
-0.000347519
0.000354154
-0.000513797
0.00049284
-0.000713681
0.00065845
-0.000945657
0.000849459
-0.00120632
4.94376e-06
1.96245e-06
2.2323e-05
-2.31136e-05
5.52131e-05
-7.85953e-05
0.000106756
-0.000166332
0.000179989
-0.000288088
0.00027755
-0.00044508
0.000401282
-0.000637529
0.00055176
-0.000864159
0.000727847
-0.00112174
-0.00140485
5.95903e-06
-3.99658e-06
2.63842e-05
-4.35388e-05
6.43974e-05
-0.000116608
0.000123085
-0.00022502
0.000205244
-0.000370247
0.000312995
-0.000552831
0.000447309
-0.000771843
0.000607523
-0.00102437
0.000790954
-0.00130517
7.05547e-06
-1.1052e-05
3.06829e-05
-6.71662e-05
7.39578e-05
-0.000159883
0.000139785
-0.000290847
0.000230545
-0.000461008
0.000347627
-0.000669912
0.000490903
-0.00091512
0.000658285
-0.00119175
-0.00149239
8.22227e-06
-1.92743e-05
3.51614e-05
-9.41053e-05
8.37332e-05
-0.000208455
0.000156511
-0.000363624
0.000255271
-0.000559768
0.000380455
-0.000795096
0.00053065
-0.00106531
0.000702255
-0.00136336
9.44183e-06
-2.87162e-05
3.97385e-05
-0.000124402
9.35159e-05
-0.000262233
0.000172851
-0.000442959
0.000278723
-0.000665641
0.00041044
-0.000926812
0.000565181
-0.00122006
-0.00153604
1.06911e-05
-3.94073e-05
4.43146e-05
-0.000158025
0.000103065
-0.000320983
0.000188352
-0.000528247
0.000300178
-0.000777467
0.000436574
-0.00106321
0.000593287
-0.00137677
-0.00170666
1.19429e-05
-5.13502e-05
4.87778e-05
-0.00019486
0.00011212
-0.000384326
0.000202549
-0.000618675
0.000318937
-0.000893855
0.000457966
-0.00120224
0.000614016
-0.00153282
1.31673e-05
-6.45175e-05
5.30098e-05
-0.000234703
0.00012042
-0.000451736
0.000214996
-0.000713251
0.000334378
-0.00101324
0.000473898
-0.00134176
-0.00168566
1.43329e-05
-7.88504e-05
5.68916e-05
-0.000277261
0.000127711
-0.000522555
0.000225292
-0.000810832
0.00034599
-0.00113394
0.000483869
-0.00147964
-0.00183294
1.54081e-05
-9.42586e-05
6.03097e-05
-0.000322163
0.000133768
-0.000596013
0.000233104
-0.000910168
0.000353404
-0.00125424
0.000487616
-0.00161385
-0.00197262
1.63625e-05
-0.000110621
6.31609e-05
-0.000368961
0.000138397
-0.00067125
0.000238182
-0.00100995
0.000356404
-0.00137246
0.000485107
-0.00174255
-0.00210302
1.71681e-05
-0.000127789
6.53571e-05
-0.00041715
0.000141453
-0.000747346
0.000240368
-0.00110887
0.000354928
-0.00148702
0.00047652
-0.00186414
-0.00222284
1.78026e-05
-0.000145592
6.68331e-05
-0.000466181
0.000142843
-0.000823355
0.00023961
-0.00120563
0.000349069
-0.00159648
0.000462223
-0.0019773
-0.00233112
1.82431e-05
-0.000163835
6.75331e-05
-0.000515471
0.000142507
-0.000898329
0.000235917
-0.00129904
0.000339014
-0.00169957
0.000442677
-0.00208096
-0.00242727
1.84768e-05
-0.000182312
6.7434e-05
-0.000564428
0.000140453
-0.000971349
0.000229403
-0.00138799
0.000325076
-0.00179525
0.00041847
-0.00217435
-0.00251098
1.84945e-05
-0.000200806
6.65306e-05
-0.000612464
0.000136727
-0.00104155
0.000220242
-0.00147151
0.00030763
-0.00188264
0.000390225
-0.00225695
-0.00258217
1.82928e-05
-0.000219099
6.48376e-05
-0.000659009
0.000131414
-0.00110812
0.000208654
-0.00154875
0.000287097
-0.00196108
0.000358582
-0.00232843
-0.00264096
1.78733e-05
-0.000236972
6.23872e-05
-0.000703523
0.000124628
-0.00117036
0.000194899
-0.00161902
0.000263918
-0.0020301
0.000324168
-0.00238868
0.000370823
-0.00268762
-0.00292801
1.72423e-05
-0.000254214
5.9226e-05
-0.000745507
0.000116507
-0.00122764
0.000179254
-0.00168177
0.000238536
-0.00208938
0.000287576
-0.00243772
0.000322455
-0.00272249
-0.00294762
1.64102e-05
-0.000270625
5.54119e-05
-0.000784508
0.000107204
-0.00127944
0.000162005
-0.00173657
0.00021138
-0.00213875
0.000249355
-0.0024757
0.000272885
-0.00274602
-0.00295633
1.53905e-05
-0.000286015
5.10108e-05
-0.000820128
9.68787e-05
-0.0013253
0.000143435
-0.00178312
0.000182855
-0.00217817
0.00021
-0.00250284
0.000222651
-0.00275868
0.000221059
-0.00295474
-0.00310437
1.41994e-05
-0.000300215
4.60938e-05
-0.000852023
8.56935e-05
-0.0013649
0.000123814
-0.00182125
0.000153333
-0.00220769
0.000169952
-0.00251946
0.000172212
-0.00276094
0.000160899
-0.00294342
-0.0030816
1.28545e-05
-0.000313069
4.07345e-05
-0.000879903
7.38088e-05
-0.00139798
0.000103401
-0.00185084
0.000123154
-0.00222745
0.000129597
-0.0025259
0.000121959
-0.0027533
0.000101469
-0.00292293
7.04214e-05
-0.00305056
-0.00315108
1.1375e-05
-0.000324444
3.5007e-05
-0.000903535
6.13784e-05
-0.00142435
8.24328e-05
-0.00187189
9.26211e-05
-0.00223763
8.92662e-05
-0.00252255
7.2216e-05
-0.00273625
4.3065e-05
-0.00289378
4.20318e-06
-0.00301169
-0.00310493
9.78177e-06
-0.000334226
2.89867e-05
-0.00092274
4.85506e-05
-0.00144391
6.11287e-05
-0.00188447
6.19993e-05
-0.0022385
4.92383e-05
-0.00250979
2.32815e-05
-0.00271029
-1.40643e-05
-0.00285644
-6.03399e-05
-0.00296542
-0.000113207
-0.00305207
-0.00312751
8.10092e-06
-0.000342327
2.27519e-05
-0.000937391
3.54715e-05
-0.00145663
3.96944e-05
-0.00188869
3.14955e-05
-0.00223031
9.8588e-06
-0.00248815
-2.46437e-05
-0.00267579
-6.97664e-05
-0.00281131
-0.000123055
-0.00291213
-0.000182339
-0.00299278
-0.00306385
6.3719e-06
-0.000348699
1.63767e-05
-0.000947396
2.22688e-05
-0.00146252
1.83336e-05
-0.00188476
1.69766e-06
-0.00221367
-2.88528e-05
-0.0024576
-7.14279e-05
-0.00263321
-0.000123877
-0.00275887
-0.00018383
-0.00285218
-0.000249252
-0.00292736
-0.000318688
-0.00299442
-0.00305956
4.58562e-06
-0.000353284
9.9054e-06
-0.000952715
9.05657e-06
-0.00146168
-2.73149e-06
-0.00187297
-2.82379e-05
-0.00218816
-6.67582e-05
-0.00241908
-0.0001169
-0.00258307
-0.000176287
-0.00269948
-0.000242574
-0.00278589
-0.000313871
-0.00285606
-0.000388889
-0.0029194
-0.000466889
-0.00298156
-0.00304558
2.75299e-06
-0.000356037
3.37021e-06
-0.000953333
-4.13846e-06
-0.00145417
-2.39714e-05
-0.00185314
-5.72876e-05
-0.00215485
-0.000103585
-0.00237278
-0.000160924
-0.00252573
-0.000226886
-0.00263352
-0.000299205
-0.00271357
-0.000376137
-0.00277913
-0.000456544
-0.00283899
-0.000539807
-0.0028983
-0.000625671
-0.00295972
-0.0030245
7.41516e-07
-0.000356779
-3.23793e-06
-0.000949353
-1.73517e-05
-0.00144005
-4.45601e-05
-0.00182593
-8.55616e-05
-0.00211385
-0.000139235
-0.00231911
-0.0002034
-0.00246157
-0.000275599
-0.00256132
-0.000353665
-0.00263551
-0.000436001
-0.00269679
-0.00052161
-0.00275338
-0.000609977
-0.00280993
-0.000700908
-0.00286879
-0.00293099
-1.15144e-06
-0.000355627
-9.76834e-06
-0.000940736
-3.02288e-05
-0.00141959
-6.46321e-05
-0.00179153
-0.000112961
-0.00206552
-0.000173629
-0.00225844
-0.000244252
-0.00239094
-0.000322365
-0.0024832
-0.000405906
-0.00255196
-0.000493423
-0.00260928
-0.000584047
-0.00266276
-0.000677357
-0.00271662
-0.000773211
-0.00277294
-0.000871628
-0.00283258
-0.00289589
-2.97022e-06
-0.000352657
-1.6169e-05
-0.000927537
-4.28046e-05
-0.00139296
-8.41127e-05
-0.00175022
-0.000139409
-0.00201022
-0.000206694
-0.00219116
-0.000283421
-0.00231422
-0.000367137
-0.00239949
-0.000455893
-0.00246321
-0.00054837
-0.0025168
-0.00064382
-0.00256731
-0.000741905
-0.00261854
-0.000842532
-0.00267231
-0.000945734
-0.00272937
-0.0010516
-0.00279002
-0.00285432
-4.82586e-06
-0.000347831
-2.24355e-05
-0.000909928
-5.50197e-05
-0.00136037
-0.000102924
-0.00170231
-0.000164826
-0.00194832
-0.000238361
-0.00211762
-0.000320848
-0.00223173
-0.000409868
-0.00231047
-0.000503582
-0.00236949
-0.000600801
-0.00241958
-0.000700883
-0.00246722
-0.000803563
-0.00251586
-0.0009088
-0.00256707
-0.00101665
-0.00262152
-0.00112723
-0.00267944
-0.00124067
-0.00274088
-0.00135699
-0.00280576
-0.0028744
-6.65734e-06
-0.000341174
-2.85491e-05
-0.000888036
-6.68451e-05
-0.00132208
-0.00012103
-0.00164813
-0.00018918
-0.00188017
-0.000268605
-0.0020382
-0.000356521
-0.00214381
-0.000450554
-0.00221644
-0.000548976
-0.00227107
-0.000650716
-0.00231784
-0.000755227
-0.00236271
-0.000862309
-0.00240878
-0.000971961
-0.00245742
-0.00108428
-0.0025092
-0.00119943
-0.0025643
-0.00131757
-0.00262274
-0.00143872
-0.0026846
-0.0015629
-0.00275022
-0.0028196
-8.44469e-06
-0.000332729
-3.44712e-05
-0.00086201
-7.82281e-05
-0.00127832
-0.00013837
-0.00158799
-0.000212413
-0.00180613
-0.000297376
-0.00195323
-0.000390399
-0.00205079
-0.000489162
-0.00211767
-0.000592044
-0.00216819
-0.000698084
-0.0022118
-0.000806818
-0.00225398
-0.000918101
-0.00229749
-0.00103196
-0.00234356
-0.0011485
-0.00239266
-0.00126787
-0.00244493
-0.0013902
-0.00250042
-0.0015156
-0.0025592
-0.00164438
-0.00262144
-0.00177725
-0.00268673
-0.00275364
-0.00191371
-1.01784e-05
-0.000322551
-4.01758e-05
-0.000832012
-8.91308e-05
-0.00122937
-0.000154902
-0.00152222
-0.000234485
-0.00172654
-0.000324644
-0.00186307
-0.000422461
-0.00195297
-0.000525676
-0.00201446
-0.000632773
-0.00206109
-0.000742891
-0.00210168
-0.000855643
-0.00214123
-0.000970929
-0.00218221
-0.00108881
-0.00222568
-0.0012094
-0.00227206
-0.00133285
-0.00232148
-0.0014593
-0.00237396
-0.00158891
-0.00242959
-0.00172192
-0.00248843
-0.00185856
-0.00255009
-0.00261369
-0.00199851
-1.18498e-05
-0.000310701
-4.56399e-05
-0.000798222
-9.95202e-05
-0.00117549
-0.00017059
-0.00145115
-0.000255365
-0.00164177
-0.000350384
-0.00176806
-0.000452689
-0.00185067
-0.000560085
-0.00190706
-0.000671154
-0.00195002
-0.000785126
-0.00198771
-0.00090168
-0.00202467
-0.00102076
-0.00206313
-0.00114243
-0.00210401
-0.00126684
-0.00214766
-0.00139413
-0.00219418
-0.00152446
-0.00224364
-0.00165799
-0.00229607
-0.00179491
-0.00235151
-0.00193536
-0.00240964
-0.00246987
-0.00207917
-1.34511e-05
-0.00029725
-5.08436e-05
-0.00076083
-0.000109368
-0.00111696
-0.000185405
-0.00137511
-0.000275028
-0.00155214
-0.000374579
-0.00166851
-0.000481073
-0.00174417
-0.000592381
-0.00179576
-0.00070718
-0.00183522
-0.000824783
-0.00187011
-0.000944925
-0.00190453
-0.00106758
-0.00194047
-0.00119285
-0.00197874
-0.00132087
-0.00201964
-0.0014518
-0.00206325
-0.0015858
-0.00210964
-0.00172302
-0.00215884
-0.00186365
-0.00221089
-0.0020078
-0.00226549
-0.00232225
-0.00215542
-1.49753e-05
-0.000282275
-5.57692e-05
-0.000720036
-0.00011865
-0.00105408
-0.000199322
-0.00129444
-0.000293454
-0.00145801
-0.000397214
-0.00156475
-0.000507604
-0.00163378
-0.000622561
-0.0016808
-0.000740848
-0.00171694
-0.000861855
-0.0017491
-0.000985366
-0.00178102
-0.00111139
-0.00181445
-0.00124003
-0.0018501
-0.00137145
-0.00188822
-0.0015058
-0.0019289
-0.00164325
-0.00197219
-0.00178396
-0.00201813
-0.0019281
-0.00206675
-0.00207581
-0.00211778
-0.00217098
-0.00222707
-1.64159e-05
-0.000265859
-6.04014e-05
-0.00067605
-0.000127346
-0.000987135
-0.000212321
-0.00120946
-0.000310626
-0.00135971
-0.000418279
-0.00145709
-0.000532277
-0.00151978
-0.00065062
-0.00156246
-0.000772155
-0.0015954
-0.000896337
-0.00162492
-0.001023
-0.00165436
-0.00115217
-0.00168528
-0.00128397
-0.00171829
-0.00141856
-0.00175363
-0.00155612
-0.00179135
-0.0016968
-0.00183151
-0.00184078
-0.00187415
-0.00198823
-0.0019193
-0.00213931
-0.00196671
-0.00201626
-0.00229403
-1.77673e-05
-0.000248091
-6.47267e-05
-0.000629091
-0.000135438
-0.000916424
-0.000224384
-0.00112052
-0.000326531
-0.00125756
-0.000437765
-0.00134586
-0.000555087
-0.00140246
-0.000676558
-0.00144098
-0.000801099
-0.00147086
-0.000928227
-0.00149779
-0.00105781
-0.00152478
-0.0011899
-0.00155319
-0.00132464
-0.00158356
-0.00146219
-0.00161608
-0.00160273
-0.00165081
-0.00174642
-0.00168781
-0.00189345
-0.00172712
-0.002044
-0.00176875
-0.00219823
-0.00181248
-0.0018583
-0.00235619
-1.90242e-05
-0.000229067
-6.87333e-05
-0.000579382
-0.00014291
-0.000842247
-0.000235497
-0.00102793
-0.000341158
-0.0011519
-0.000455668
-0.00123135
-0.000576032
-0.0012821
-0.000700373
-0.00131664
-0.000827679
-0.00134355
-0.00095752
-0.00136795
-0.0010898
-0.0013925
-0.00122459
-0.0014184
-0.00136204
-0.00144611
-0.00150232
-0.0014758
-0.00164561
-0.00150752
-0.00179209
-0.00154133
-0.00194195
-0.00157727
-0.00209536
-0.00161533
-0.00225252
-0.00165532
-0.00169733
-0.00241349
-2.01821e-05
-0.000208885
-7.2411e-05
-0.000527153
-0.00014975
-0.000764907
-0.000245649
-0.000932032
-0.0003545
-0.00104305
-0.000471983
-0.00111387
-0.000595111
-0.00115897
-0.000722065
-0.00118969
-0.000851894
-0.00121372
-0.000984214
-0.00123563
-0.00111896
-0.00125775
-0.00125622
-0.00128114
-0.00139615
-0.00130618
-0.00153893
-0.00133302
-0.00168474
-0.00136171
-0.00183378
-0.0013923
-0.00198622
-0.00142482
-0.00214227
-0.00145928
-0.00230211
-0.00149549
-0.0015336
-0.00246584
-2.12372e-05
-0.000187648
-7.5751e-05
-0.000472639
-0.000155948
-0.000684711
-0.000254829
-0.000833151
-0.00036655
-0.000931325
-0.000486706
-0.000993709
-0.000612323
-0.00103335
-0.000741634
-0.00106038
-0.000873743
-0.00108161
-0.00100831
-0.00110107
-0.00114529
-0.00112078
-0.00128478
-0.00114164
-0.00142696
-0.001164
-0.00157201
-0.00118797
-0.00172011
-0.00121361
-0.00187145
-0.00124095
-0.00202625
-0.00127003
-0.00218469
-0.00130084
-0.00234696
-0.00133321
-0.00136736
-0.0025132
-2.21858e-05
-0.000165462
-7.87457e-05
-0.000416079
-0.000161492
-0.000601964
-0.00026303
-0.000731613
-0.000377303
-0.000817052
-0.000499835
-0.000871177
-0.000627669
-0.00090552
-0.000759081
-0.000928967
-0.000893226
-0.00094747
-0.0010298
-0.000964497
-0.00116877
-0.000981798
-0.00131027
-0.00100014
-0.00145446
-0.00101981
-0.00160154
-0.0010409
-0.00175168
-0.00106346
-0.0019051
-0.00108753
-0.002062
-0.00111313
-0.00222258
-0.00114026
-0.00238703
-0.00116876
-0.00119888
-0.0025555
-2.3025e-05
-0.000142437
-8.13886e-05
-0.000357715
-0.000166377
-0.000516976
-0.000270245
-0.000627745
-0.000386754
-0.000700544
-0.00051137
-0.00074656
-0.000641148
-0.000775742
-0.000774407
-0.000795708
-0.000910343
-0.000811534
-0.00104868
-0.00082616
-0.00118942
-0.000841061
-0.00133268
-0.000856875
-0.00147865
-0.000873841
-0.0016275
-0.000892043
-0.00177945
-0.000911514
-0.0019347
-0.000932284
-0.00209345
-0.000954385
-0.00225591
-0.000977795
-0.00242227
-0.0010024
-0.00102843
-0.00259272
-2.37521e-05
-0.000118685
-8.36741e-05
-0.000297793
-0.000170595
-0.000430055
-0.000276469
-0.000521872
-0.000394901
-0.000582111
-0.00052131
-0.000620152
-0.000652762
-0.00064429
-0.000787613
-0.000660857
-0.000925095
-0.000674052
-0.00106496
-0.000686298
-0.00120721
-0.000698803
-0.001352
-0.000712087
-0.0014995
-0.000726345
-0.0016499
-0.000741642
-0.00180341
-0.000758007
-0.00196023
-0.000775464
-0.00212057
-0.00079404
-0.00228466
-0.000813711
-0.00245267
-0.000834385
-0.000856284
-0.00262482
-2.4365e-05
-9.43202e-05
-8.55977e-05
-0.000236561
-0.000174142
-0.000341511
-0.000281698
-0.000414316
-0.000401742
-0.000462067
-0.000529653
-0.000492241
-0.00066251
-0.000511433
-0.000798698
-0.000524668
-0.00093748
-0.00053527
-0.00107863
-0.000545152
-0.00122216
-0.000555265
-0.00136823
-0.000566017
-0.00151702
-0.000577559
-0.00166872
-0.000589943
-0.00182354
-0.00060319
-0.00198168
-0.00061732
-0.00214337
-0.000632352
-0.00230881
-0.000648266
-0.00247821
-0.000664988
-0.000682714
-0.00265178
-2.48619e-05
-6.94582e-05
-8.71556e-05
-0.000174267
-0.000177012
-0.000251654
-0.000285927
-0.0003054
-0.000407274
-0.00034072
-0.0005364
-0.000363114
-0.000670394
-0.00037744
-0.000807666
-0.000387397
-0.000947501
-0.000395435
-0.00108969
-0.000402966
-0.00123426
-0.000410689
-0.00138137
-0.000418907
-0.0015312
-0.000427729
-0.00168395
-0.000437192
-0.00183983
-0.000447313
-0.00199905
-0.000458104
-0.00216182
-0.00046958
-0.00232836
-0.000481722
-0.00249888
-0.000494477
-0.000507998
-0.00267359
-2.52414e-05
-4.42168e-05
-8.8345e-05
-0.000111163
-0.000179203
-0.000160796
-0.000289156
-0.000195447
-0.000411497
-0.000218379
-0.000541552
-0.00023306
-0.000676414
-0.000242577
-0.000814515
-0.000249296
-0.000955157
-0.000254793
-0.00109814
-0.000259982
-0.00124351
-0.00026532
-0.00139142
-0.000271001
-0.00154205
-0.000277099
-0.0016956
-0.000283638
-0.00185229
-0.000290625
-0.00201232
-0.00029807
-0.00217592
-0.00030598
-0.0023433
-0.00031434
-0.00251466
-0.000323117
-0.000332415
-0.00269025
-2.55024e-05
-8.91637e-05
-0.000180712
-0.000291381
-0.000414411
-0.000545108
-0.000680573
-0.000107112
-0.000819248
-0.00011062
-0.000960449
-0.000113592
-0.00110399
-0.000116446
-0.00124991
-0.000119399
-0.00139836
-0.000122544
-0.00154954
-0.000125917
-0.00170365
-0.000129528
-0.0018609
-0.000133379
-0.0020215
-0.000137473
-0.00218567
-0.00014181
-0.00235363
-0.000146383
-0.00252557
-0.000151177
-0.000156237
-0.00270174
-0.000682869
-0.000821866
-0.000963379
-0.00110722
-0.00125345
-0.00140221
-0.0015537
-0.00170812
-0.00186567
-0.00202658
-0.00219106
-0.00235933
-0.00253158
-0.00270806
-0.000835076
0.00191933
-0.00089347
0.00501555
-0.000811071
0.00846746
0.0112432
-0.000768224
0.00211511
-0.000782037
0.00502936
-0.000643692
0.00832912
0.0108795
-0.000668575
0.00227072
-0.00063351
0.00499429
-0.000437151
0.00813276
0.0104629
-0.000543194
0.00237962
-0.000456436
0.00490754
-0.000201846
0.00787817
0.00999246
-0.000399933
0.00243759
-0.000260838
0.00476844
5.1721e-05
0.00756561
0.00948491
-0.000246767
0.00244249
-5.84529e-05
0.00458013
0.000315805
0.00719135
0.00895318
-9.15861e-05
0.0023942
0.000150954
0.00433759
0.000576994
0.00676531
0.00840391
5.91573e-05
0.00229352
0.000350601
0.00404614
0.00082587
0.00629004
0.00784129
0.000199962
0.00214989
0.000533256
0.00371285
0.00105396
0.00576933
0.00726746
0.000328087
0.00197107
0.000694445
0.00334649
0.00125458
0.0052092
0.00668327
0.000444306
0.00176263
0.000832181
0.00295862
0.00142322
0.00461816
0.00201742
0.00608907
0.00525821
0.000553013
0.0015322
0.000948145
0.00256348
0.00155822
0.00400809
0.00216144
0.00548585
0.00489071
0.000662284
0.00128969
0.00104843
0.00217734
0.00166153
0.00339498
0.00227086
0.00487652
0.00452649
0.000782883
0.00104742
0.00114343
0.00181679
0.00173962
0.00279879
0.00234885
0.00426729
0.00415673
0.00092603
0.000820056
0.00124647
0.00149635
0.00180358
0.00224169
0.00240233
0.00366854
0.00377545
0.00110066
0.000623473
0.00137093
0.00122608
0.00186783
0.00174479
0.00244208
0.00309429
0.00338186
0.00131128
0.000472001
0.00152691
0.00101045
0.00194726
0.00132443
0.00248138
0.00256017
0.00298035
0.00155746
0.00171843
0.00205356
0.00253369
0.00360848
-0.000181139
0.00362271
-0.000161252
0.00364087
-0.000177104
0.00359696
-7.84002e-05
0.00355808
-4.24099e-05
0.00345407
3.21218e-05
0.00334456
5.72548e-05
0.00316875
0.000117899
0.00297451
0.000134971
0.000200856
0.00360729
-0.000252891
0.00362057
-0.000174536
0.00363787
-0.0001944
0.00359316
-3.36908e-05
0.00355341
-2.66388e-06
0.0034488
0.000136738
0.00333868
0.000167371
0.00316245
0.000294123
0.00296803
0.000329395
0.000467143
0.00360491
-0.000322272
0.00361637
-0.000185994
0.00363183
-0.00020986
0.00358565
1.24874e-05
0.00354452
3.84653e-05
0.00343868
0.000242579
0.00332759
0.000278463
0.00315068
0.000471037
0.00295615
0.000523926
0.000733044
0.00360136
-0.000388102
0.00361012
-0.000194751
0.00362278
-0.000222522
0.00357463
6.06449e-05
0.00353123
8.1863e-05
0.00342375
0.000350053
0.00331131
0.000390911
0.00313343
0.000648909
0.00293884
0.000718525
0.000998288
0.00359664
-0.000449213
0.00360183
-0.000199942
0.00361077
-0.000231461
0.00355996
0.000111454
0.00351363
0.000128194
0.00340403
0.000459653
0.00328983
0.000505115
0.00311075
0.000827987
0.00291608
0.000913194
0.00126259
0.00359076
-0.000504443
0.00359153
-0.000200703
0.00359581
-0.000235743
0.00354173
0.000165529
0.00349175
0.000178174
0.00337956
0.000571849
0.00326318
0.000621496
0.00308267
0.00100849
0.00288788
0.00110799
0.00152565
0.00358374
-0.000552646
0.00357921
-0.000196175
0.00357792
-0.00023445
0.00351996
0.000223487
0.00346561
0.000232523
0.00335036
0.000687093
0.00323136
0.000740503
0.00304922
0.00119063
0.00285422
0.00130299
0.00178714
0.00357558
-0.000592691
0.00356491
-0.000185503
0.00355713
-0.000226677
0.00349467
0.000285947
0.00343524
0.000291959
0.0033165
0.000805827
0.00319439
0.000862613
0.00301037
0.00137466
0.0028151
0.00149826
0.00204674
0.00356631
-0.000623466
0.00354864
-0.000167835
0.0035335
-0.000211539
0.00346592
0.000353526
0.00340068
0.000357201
0.00327804
0.000928472
0.00315232
0.000988332
0.00296613
0.00156084
0.00277056
0.00169383
0.0023041
0.00355595
-0.000643878
0.00353043
-0.000142323
0.00350706
-0.000188168
0.00343375
0.000426843
0.00336199
0.00042896
0.00323502
0.00105544
0.00310516
0.00111819
0.00291656
0.00174944
0.00272064
0.00188975
0.0025589
0.00354451
-0.000652859
0.00351032
-0.000108128
0.00347787
-0.000155723
0.0033982
0.000506519
0.00331922
0.00050794
0.00318754
0.00118711
0.00305297
0.00125276
0.00286173
0.00194068
0.00266542
0.00208606
0.00281083
0.00353204
-0.000649368
0.00348833
-6.44174e-05
0.00344599
-0.000113383
0.00335933
0.000593185
0.00327244
0.000594827
0.00313567
0.00132388
0.0029958
0.00139263
0.00280171
0.00213477
0.00260498
0.00228279
0.00305962
0.00351856
-0.00063239
0.00346449
-1.03559e-05
0.00341148
-6.03745e-05
0.0033172
0.000687472
0.00322174
0.000690288
0.00307949
0.00146613
0.00293372
0.00153841
0.00273663
0.00233185
0.00253944
0.00247999
0.00330503
0.00350403
-0.000600887
0.00343887
5.48036e-05
0.00337439
4.10626e-06
0.00327187
0.000789988
0.0031672
0.00079496
0.00301907
0.00161426
0.00286681
0.00169067
0.00266663
0.00253203
0.00246894
0.00267767
0.0035469
0.00348858
-0.000553932
0.00341137
0.000132011
0.00333486
8.06204e-05
0.00322343
0.000901419
0.00310895
0.000909432
0.00295451
0.0017687
0.00279518
0.00185
0.00259187
0.00273534
0.00239364
0.0028759
0.00378513
0.00347218
-0.000490573
0.0033822
0.000221987
0.00329282
0.000170002
0.00317195
0.00102228
0.00304713
0.00103426
0.00288595
0.00192988
0.002719
0.00201696
0.00251258
0.00294176
0.00231375
0.00307473
0.00401971
0.00345488
-0.00040992
0.00335135
0.000325515
0.00324844
0.000272911
0.00311757
0.00115316
0.00298188
0.00116994
0.00281355
0.00209821
0.00263848
0.00219203
0.00242906
0.00315117
0.00222954
0.00327425
0.00425074
0.00343672
0.00331891
0.00320182
0.00306036
0.00291334
0.00273744
0.00255384
0.00234166
0.00214143
)
;

boundaryField
{
    inlet
    {
        type            calculated;
        value           nonuniform List<scalar> 
18
(
-0.00353553
-0.00353553
-0.00353553
-0.00353553
-0.00353553
-0.00353553
-0.00353553
-0.00353553
-0.00353553
-0.00353553
-0.00353553
-0.00353553
-0.00353553
-0.00353553
-0.00353553
-0.00353553
-0.00353553
-0.00353553
)
;
    }
    outlet
    {
        type            calculated;
        value           nonuniform 0();
    }
    cylinder
    {
        type            calculated;
        value           uniform 0;
    }
    top
    {
        type            symmetryPlane;
        value           nonuniform 0();
    }
    bottom
    {
        type            symmetryPlane;
        value           nonuniform 0();
    }
    defaultFaces
    {
        type            empty;
        value           nonuniform 0();
    }
    procBoundary8to6
    {
        type            processor;
        value           nonuniform List<scalar> 
56
(
3.1025e-05
7.72755e-05
0.000111012
3.67822e-05
0.000133324
0.000164122
0.000170721
0.000169991
0.000163503
0.000152671
0.000138659
0.000122327
0.000104201
8.44796e-05
6.30583e-05
3.95648e-05
1.33656e-05
-1.6363e-05
-5.07886e-05
-9.13877e-05
-0.000140135
-1.87145e-05
-4.75021e-05
-6.9248e-05
-8.4778e-05
-9.53493e-05
-0.000102363
0.000547068
2.86888e-05
2.83759e-05
2.79215e-05
2.73974e-05
2.68276e-05
2.62182e-05
2.55715e-05
2.48897e-05
2.4176e-05
2.34346e-05
2.26708e-05
2.18868e-05
2.10762e-05
2.02432e-05
-0.00169225
-0.00495715
-0.00854986
-0.0115354
0.000108195
0.000147018
0.000158943
0.000122308
8.12912e-05
7.18948e-05
5.22492e-05
5.79093e-05
5.92719e-05
6.55908e-05
)
;
    }
    procBoundary8to9
    {
        type            processor;
        value           nonuniform List<scalar> 
19
(
-0.000518799
-0.000280029
-2.05524e-05
0.000268598
0.000559276
0.000847529
0.00112627
0.00138849
0.00162779
0.00183877
-0.00563878
0.00239799
0.00252894
0.00263508
0.00271861
0.00278362
0.00283566
0.00288289
0.00293203
)
;
    }
    procBoundary8to10
    {
        type            processor;
        value           nonuniform List<scalar> 
85
(
-0.00115714
0.00151597
-0.00124417
-0.00109678
0.00155136
-0.00131776
0.00125317
-0.00113644
0.00120408
-0.00115632
0.00113744
0.00130095
-0.00140215
0.00119815
-0.00137598
0.00108701
-0.00133412
0.000969974
0.00106232
-0.00149021
0.000926371
0.000992777
-0.00160667
0.000845497
0.000889498
-0.00167963
0.000737864
0.000763901
0.0007796
-0.00187224
0.000626735
0.000631151
0.0006273
0.000615508
0.000596331
0.000570506
0.000538828
0.000502176
0.000461416
0.000417376
0.00289689
0.000401948
0.000342063
0.000281592
0.00311833
0.000207095
0.000138136
0.00319017
3.13353e-05
-4.19437e-05
0.00318516
-0.000170862
-0.000245992
0.00313214
-0.000391267
0.00312624
-0.000547544
0.00311295
-0.000714127
-0.000794412
0.00299699
-0.000972732
0.00296303
-0.00116031
0.00292207
0.00299293
-0.00147552
0.0029481
-0.0016914
0.0028901
0.000374883
0.000849476
0.000989308
0.00208004
0.00258201
-0.000311106
0.000443324
0.000389997
0.00129463
0.00131695
0.00227411
0.00237564
0.00336336
0.00347448
0.00447845
)
;
    }
}


// ************************************************************************* //
