/*--------------------------------*- C++ -*----------------------------------*\
  =========                 |
  \\      /  F ield         | OpenFOAM: The Open Source CFD Toolbox
   \\    /   O peration     | Website:  https://openfoam.org
    \\  /    A nd           | Version:  7
     \\/     M anipulation  |
\*---------------------------------------------------------------------------*/
FoamFile
{
    version     2.0;
    format      ascii;
    class       surfaceScalarField;
    location    "40";
    object      phi;
}
// * * * * * * * * * * * * * * * * * * * * * * * * * * * * * * * * * * * * * //

dimensions      [0 3 -1 0 0 0 0];

internalField   nonuniform List<scalar> 
1980
(
3.10147e-05
-1.23922e-05
2.48e-05
6.19965e-05
-1.23613e-05
3.71613e-05
9.29126e-05
-1.23149e-05
4.94762e-05
0.00012373
-1.22531e-05
6.17293e-05
0.000154416
-1.2176e-05
7.39053e-05
0.000184937
-1.20836e-05
8.59888e-05
-4.24081e-05
0.000215262
0.000310403
-1.19759e-05
9.79647e-05
-4.20709e-05
0.000245357
0.000353935
-1.18532e-05
0.000109818
-4.16861e-05
0.00027519
0.000397143
-1.17154e-05
0.000121533
-4.12538e-05
0.000304728
0.000439987
-1.15628e-05
0.000133096
-4.07744e-05
0.00033394
0.000482425
-1.13953e-05
0.000144491
-4.02482e-05
0.000362793
0.000524419
-1.12133e-05
0.000155705
-3.96754e-05
0.000391255
0.000565928
-1.10167e-05
0.000166721
-3.90564e-05
0.000419294
0.000606911
-1.08059e-05
0.000177527
-3.83915e-05
0.00044688
0.000647329
-1.0581e-05
0.000188108
-3.76813e-05
0.00047398
-7.7494e-05
0.000687141
0.000836713
-1.03422e-05
0.000198451
-3.69261e-05
0.000500564
-7.60939e-05
0.000726309
0.000885079
-1.00896e-05
0.00020854
-3.61264e-05
0.000526601
-7.46096e-05
0.000764792
0.00093273
-9.82362e-06
0.000218364
-3.52827e-05
0.00055206
-7.30418e-05
0.000802551
0.000979623
-9.5444e-06
0.000227908
-3.43956e-05
0.000576911
-7.13913e-05
0.000839547
0.00102572
-9.25222e-06
0.00023716
-3.34657e-05
0.000601125
-6.96587e-05
0.00087574
-0.000114909
0.00107097
0.0012023
-8.94736e-06
0.000246108
-3.24935e-05
0.000624671
-6.7845e-05
0.000911092
-0.000112211
0.00111533
0.00125317
-8.63012e-06
0.000254738
-3.14799e-05
0.000647521
-6.59509e-05
0.000945562
-0.000109389
0.00115877
0.00130314
-8.30081e-06
0.000263039
-3.04254e-05
0.000669645
-6.39774e-05
0.000979114
-0.000106446
0.00120124
-0.000155478
0.00135218
0.00145064
-7.95975e-06
0.000270998
-2.9331e-05
0.000691017
-6.19255e-05
0.00101171
-0.000103381
0.00124269
-0.000151432
0.00140023
0.00150335
-7.60732e-06
0.000278606
-2.81973e-05
0.000711607
-5.97964e-05
0.00104331
-0.000100197
0.0012831
-0.000147223
0.00144725
0.00155511
-7.24387e-06
0.00028585
-2.70253e-05
0.000731388
-5.75911e-05
0.00107387
-9.68943e-05
0.0013224
-0.000142853
0.00149321
0.00160586
-6.8698e-06
0.000292719
-2.5816e-05
0.000750334
-5.5311e-05
0.00110337
-9.34739e-05
0.00136056
-0.000138322
0.00153806
-0.000188041
0.00165558
0.00173254
-6.48552e-06
0.000299205
-2.45702e-05
0.000768419
-5.29575e-05
0.00113176
-8.99375e-05
0.00139754
-0.000133632
0.00158175
-0.000182271
0.00170422
0.00178467
-6.09148e-06
0.000305296
-2.32892e-05
0.000785617
-5.05319e-05
0.001159
-8.62866e-05
0.0014333
-0.000128784
0.00162425
-0.000176302
0.00175174
0.00183577
-5.68814e-06
0.000310985
-2.1974e-05
0.000801902
-4.80359e-05
0.00118506
-8.25228e-05
0.00146778
-0.000123778
0.00166551
-0.000170135
0.0017981
-0.000220153
0.00188579
0.001946
-5.27597e-06
0.00031626
-2.06259e-05
0.000817252
-4.54712e-05
0.00120991
-7.86479e-05
0.00150096
-0.000118618
0.00170548
-0.00016377
0.00184325
-0.000212674
0.00193469
0.00199756
-4.85548e-06
0.000321116
-1.92461e-05
0.000831643
-4.28396e-05
0.0012335
-7.46638e-05
0.00153278
-0.000113304
0.00174412
-0.000157208
0.00188715
-0.00020496
0.00198244
-0.000255448
0.00204805
0.00209773
-4.42722e-06
0.000325543
-1.78361e-05
0.000845052
-4.01431e-05
0.00125581
-7.05727e-05
0.00156321
-0.000107838
0.00178138
-0.000150452
0.00192977
-0.000197011
0.002029
-0.000246392
0.00209743
0.00214915
-3.99171e-06
0.000329535
-1.63973e-05
0.000857457
-3.73839e-05
0.00127679
-6.63769e-05
0.00159221
-0.000102223
0.00181723
-0.000143502
0.00197105
-0.000188829
0.00207433
-0.000237066
0.00214567
-0.00028741
0.00219949
0.0022456
-3.54954e-06
0.000333084
-1.49313e-05
0.000868839
-3.45642e-05
0.00129643
-6.2079e-05
0.00161972
-9.64609e-05
0.00185161
-0.000136361
0.00201095
-0.000180415
0.00211838
-0.000227473
0.00219272
-0.000276704
0.00224872
0.00229649
-3.10127e-06
0.000336186
-1.34396e-05
0.000879178
-3.16866e-05
0.00131467
-5.76817e-05
0.00164572
-9.05538e-05
0.00188448
-0.000129031
0.00204942
-0.000171771
0.00216112
-0.000217613
0.00223857
-0.000265699
0.00229681
0.00234628
-2.64751e-06
0.000338833
-1.19242e-05
0.000888454
-2.87536e-05
0.0013315
-5.31879e-05
0.00167015
-8.45049e-05
0.0019158
-0.000121514
0.00208643
-0.000162899
0.00220251
-0.000207487
0.00228315
-0.000254397
0.00234372
-0.000303059
0.00239494
0.00244343
-2.18896e-06
0.000341022
-1.03869e-05
0.000896652
-2.57681e-05
0.00134688
-4.86011e-05
0.00169298
-7.83173e-05
0.00194551
-0.000113812
0.00212193
-0.000153799
0.00224249
-0.000197098
0.00232645
-0.000242798
0.00238942
-0.000290302
0.00244245
-0.000339281
0.00249241
0.00254307
-1.72655e-06
0.000342749
-8.82962e-06
0.000903755
-2.27333e-05
0.00136079
-4.39248e-05
0.00171418
-7.19944e-05
0.00197358
-0.000105929
0.00215586
-0.000144476
0.00228104
-0.000186447
0.00236842
-0.000230905
0.00243388
-0.00027722
0.00248876
-0.00032504
0.00254023
0.00259224
-1.26405e-06
-7.25849e-06
0.00090975
-1.96573e-05
0.00137319
-3.91686e-05
0.00173369
-6.55463e-05
0.00199996
-9.78743e-05
0.00218819
-0.000134937
0.0023181
-0.000175541
0.00240903
-0.000218724
0.00247706
-0.000263823
0.00253386
-0.000310457
0.00258686
-0.000358451
0.00264024
0.00269606
-5.6688e-06
0.000914617
-1.6534e-05
0.00138405
-3.43252e-05
0.00175148
-5.89647e-05
0.0020246
-8.96386e-05
0.00221886
-0.000125173
0.00235364
-0.000164372
0.00244823
-0.000206246
0.00251893
-0.0002501
0.00257772
-0.000295523
0.00263229
-0.000342319
0.00268703
0.00274417
-4.06752e-06
-1.3372e-05
0.00139336
-2.94051e-05
0.00176751
-5.22605e-05
0.00204746
-8.12325e-05
0.00224784
-0.000115193
0.0023876
-0.000152947
0.00248598
-0.000193479
0.00255947
-0.000236059
0.0026203
-0.000280246
0.00267647
-0.00032582
0.0027326
-0.000372708
0.00279105
0.0028529
-1.0175e-05
-2.44128e-05
0.00178175
-4.54385e-05
0.00206848
-7.26605e-05
0.00227506
-0.000105002
0.00241994
-0.00014127
0.00252225
-0.000180425
0.00259862
-0.000221702
0.00266157
-0.000264628
0.0027194
-0.000308958
0.00277694
-0.000354605
0.0028367
0.00289986
-1.93535e-05
-3.85043e-05
0.00208763
-6.39274e-05
0.00230048
-9.46022e-05
0.00245061
-0.000129344
0.00255699
-0.000167087
0.00263636
-0.000207032
0.00270152
-0.000248672
0.00276104
-0.000291737
0.00282
-0.000336123
0.00288109
-0.000381821
0.00294556
0.00301401
-3.1464e-05
0.00210487
-5.5039e-05
0.00232406
-8.39998e-05
0.00247957
-0.000117172
0.00259016
-0.000153467
0.00267266
-0.000192051
0.0027401
-0.000232381
0.00280137
-0.00027416
0.00286178
-0.000317266
0.00292419
-0.000361684
0.00298998
-0.000407469
0.00305979
0.00313405
-2.43246e-05
-4.60014e-05
0.00234573
-7.31994e-05
0.00250677
-0.000104758
0.00262172
-0.00013957
0.00270747
-0.000176762
0.0027773
-0.000215757
0.00284036
-0.000256229
0.00290225
-0.000298038
0.002966
-0.00034116
0.0030331
-0.000385651
0.00310428
-0.000431636
0.00318003
0.00326098
-3.68217e-05
-6.22069e-05
0.00253216
-9.21079e-05
0.00265162
-0.000125397
0.00274076
-0.000161168
0.00281307
-0.000198803
0.002878
-0.000237947
0.0029414
-0.000278441
0.00300649
-0.000320251
0.00307491
-0.000363432
0.00314746
-0.00040811
0.00322471
0.00330734
-5.10286e-05
-7.92257e-05
0.00267982
-0.000110955
0.00277249
-0.000145273
0.00284739
-0.000181523
0.00291425
-0.000219318
0.00297919
-0.000258478
0.00304565
-0.000298959
0.00311539
-0.000340812
0.00318932
-0.000384159
0.00326806
-0.000429166
0.00335235
0.00344316
-6.61174e-05
0.00270627
-9.62461e-05
0.00280262
-0.000129079
0.00288022
-0.000163918
0.00294909
-0.000200344
0.00301562
-0.000238152
0.00308346
-0.000277287
0.00315453
-0.000317792
0.00322982
-0.000359782
0.00331005
-0.0004034
0.00339596
-0.000448717
0.00348848
0.00358804
-5.27894e-05
-8.12763e-05
0.0028311
-0.00011259
0.00291153
-0.000145993
0.00298249
-0.000181028
0.00305065
-0.000217465
0.0031199
-0.000255236
0.0031923
-0.000294373
0.00326896
-0.000334981
0.00335065
-0.000377175
0.00343816
-0.000420989
0.00353229
-0.000466249
0.0036333
0.00373965
-6.60509e-05
-9.58119e-05
0.00294129
-0.000127751
0.00301443
-0.000161373
0.00308427
-0.000196422
0.00315495
-0.000232809
0.00322869
-0.000270559
0.00330671
-0.000309758
0.00338985
-0.000350499
0.0034789
-0.000392781
0.00357458
-0.000436424
0.00367694
0.00378432
-0.000481089
-7.87484e-05
-0.000109195
0.00304487
-0.000141383
0.00311646
-0.000175023
0.00318859
-0.00021001
0.00326367
-0.000246351
0.00334305
-0.000284118
0.00342762
-0.000323378
0.00351816
-0.000364107
0.0036153
-0.000406128
0.00371896
0.00382736
-0.000449175
-9.03313e-05
-0.000121061
0.00314719
-0.000153275
0.0032208
-0.000186842
0.00329724
-0.000221755
0.00337796
-0.000258067
0.00346393
-0.000295823
0.00355592
-0.00033498
0.00365446
-0.000375375
0.00375936
0.00386879
-0.000416803
-0.000100412
-0.000131179
0.00325157
-0.000163309
0.00332937
-0.000196775
0.00341143
-0.00023161
0.00349877
-0.000267841
0.00359215
-0.000305412
0.00369203
-0.000344177
0.00379812
0.0039086
-0.000383984
-0.000108742
-0.000139416
0.00336005
-0.000171415
0.00344343
-0.000204755
0.00353211
-0.000239443
0.00362683
-0.000275417
0.00372801
-0.000312547
0.00383525
0.00394678
-0.000350727
-0.000115168
-0.000145684
-0.00017751
0.00356393
-0.000210639
0.00365996
-0.000245006
0.00376237
-0.000280496
0.00387074
0.00398332
-0.000317043
-0.000149883
-0.00018144
0.00369152
-0.00021419
0.00379512
-0.000248037
0.00390459
0.00401823
-0.000282943
-0.000151856
-0.000182982
0.00382625
-0.00021518
0.00393679
0.00405148
-0.000248435
-0.000151392
-0.000181938
0.00396733
0.00408308
-0.00021353
-0.000148322
-0.000178238
0.0106659
2.82287e-05
0.0106387
2.71939e-05
0.0106125
2.61437e-05
0.0105874
2.50782e-05
0.0105634
2.39978e-05
0.0105405
2.29031e-05
0.0105188
2.1794e-05
0.0104981
2.06716e-05
0.0104785
1.95355e-05
0.0104602
1.83868e-05
1.72252e-05
0.0104183
5.58321e-05
0.0103917
5.37789e-05
0.0103661
5.16952e-05
0.0103416
4.95816e-05
0.0103182
4.74389e-05
0.0102958
4.5268e-05
0.0102746
4.30694e-05
0.0102544
4.08439e-05
0.0102353
3.85924e-05
0.0102174
3.63157e-05
3.40143e-05
0.0101774
8.28018e-05
0.0101515
7.97479e-05
0.0101265
7.66489e-05
0.0101026
7.35062e-05
0.0100797
7.03205e-05
0.0100579
6.70932e-05
0.0100371
6.38252e-05
0.0100175
6.05177e-05
0.00999887
5.7172e-05
0.0099814
5.37891e-05
5.03701e-05
0.00994287
0.000109141
0.00991752
0.000105103
0.00989316
0.000101007
0.00986981
9.68529e-05
0.00984749
9.2643e-05
0.00982621
8.83783e-05
0.00980597
8.40606e-05
0.0097868
7.96912e-05
0.0097687
7.52716e-05
0.00975168
7.08036e-05
6.62883e-05
0.00971441
0.000134847
0.00968967
0.000129843
0.00966591
0.000124767
0.00964315
0.00011962
0.00962138
0.000114404
0.00960064
0.000109122
0.00958093
0.000103774
0.00956226
9.83621e-05
0.00954464
9.2889e-05
0.00952809
8.73566e-05
8.17661e-05
0.00949178
0.000159923
0.00946766
0.00015397
0.00944449
0.000147931
0.0094223
0.000141809
0.0094011
0.000135606
0.0093809
0.000129323
0.00936171
0.000122964
0.00934354
0.00011653
0.00932641
0.000110024
0.00931032
0.000103447
9.68022e-05
0.00927476
0.00925124
0.000177484
0.00922867
0.0001705
0.00920706
0.00016342
0.00918642
0.000156247
0.00916676
0.000148984
0.00914809
0.000141632
0.00913043
0.000134195
0.00911378
0.000126675
0.00909815
0.000119074
0.000111395
0.00904021
0.000200387
0.00901823
0.000192474
0.0089972
0.000184455
0.00897711
0.00017633
0.00895799
0.000168104
0.00893985
0.000159779
0.00892268
0.000151357
0.00890652
0.000142842
0.00889135
0.000134237
0.000125544
0.00883434
0.00022268
0.00881296
0.000213856
0.0087925
0.000204914
0.00877297
0.000195855
0.00875439
0.000186685
0.00873677
0.000177404
0.00872011
0.000168017
0.00870442
0.000158526
0.00868972
0.000148936
0.000139249
0.00863344
0.000244366
0.00861265
0.000234648
0.00859277
0.000224799
0.0085738
0.000214825
0.00855575
0.000204727
0.00853865
0.000194509
0.00852249
0.000184175
0.00850729
0.000173727
0.00849305
0.000163171
0.000152509
0.00843733
0.000265446
0.00841713
0.00025485
0.00839781
0.000244113
0.0083794
0.000233239
0.00836189
0.000222232
0.00834531
0.000211095
0.00832965
0.000199832
0.00831493
0.000188446
0.00830116
0.000176943
0.000165325
0.00824582
0.000285921
0.00822621
0.000274464
0.00820747
0.000262855
0.0081896
0.000251099
0.00817264
0.0002392
0.00815657
0.000227162
0.00814141
0.000214988
0.00812717
0.000202684
0.00811387
0.000190252
0.000177697
0.00805875
0.000305793
0.00803973
0.000293491
0.00802155
0.000281028
0.00800425
0.000268408
0.00798781
0.000255634
0.00797226
0.000242712
0.0079576
0.000229646
0.00794385
0.000216439
0.007931
0.000203098
0.000189625
0.00787597
0.000325064
0.00785752
0.000311934
0.00783992
0.000298632
0.00782316
0.000285164
0.00780726
0.000271534
0.00779223
0.000257745
0.00777807
0.000243804
0.0077648
0.000229715
0.00775241
0.000215481
0.000201109
0.00769731
0.000343734
0.00767946
0.000329791
0.00766242
0.000315668
0.00764621
0.00030137
0.00763085
0.000286899
0.00761633
0.000272262
0.00760267
0.000257464
0.00758988
0.000242509
0.00757796
0.000227403
0.00756692
0.00021215
0.000196755
0.00752265
0.000361803
0.00750538
0.000347065
0.00748891
0.000332138
0.00747326
0.000317025
0.00745842
0.000301732
0.00744442
0.000286264
0.00743126
0.000270626
0.00741894
0.000254824
0.00740749
0.000238862
0.00739689
0.000222746
0.000206481
0.00735186
0.000379273
0.00733517
0.000363756
0.00731926
0.000348041
0.00730416
0.000332131
0.00728986
0.000316033
0.00727637
0.000299751
0.00726371
0.000283291
0.00725187
0.000266658
0.00724087
0.000249859
0.00723072
0.000232898
0.000215782
0.0071848
0.000396143
0.00716869
0.000379864
0.00715335
0.000363377
0.0071388
0.000346687
0.00712503
0.000329801
0.00711206
0.000312722
0.00709989
0.000295458
0.00708854
0.000278013
0.007078
0.000260394
0.00706829
0.000242607
0.000224658
0.00702136
0.000412413
0.00700583
0.000395388
0.00699106
0.000378146
0.00697706
0.000360694
0.00696382
0.000343036
0.00695137
0.000325178
0.0069397
0.000307127
0.00692882
0.000288888
0.00691875
0.000270468
0.00690948
0.000251872
0.000233107
0.00686143
0.000428083
0.00684649
0.000410329
0.00683229
0.000392349
0.00681883
0.000374151
0.00680613
0.000355739
0.00679419
0.000337119
0.00678301
0.000318299
0.00677262
0.000299283
0.00676301
0.000280079
0.00675419
0.000260692
0.00024113
0.00670491
0.000443152
0.00669055
0.000424685
0.00667692
0.000405985
0.00666401
0.000387057
0.00665184
0.000367908
0.00664041
0.000348545
0.00662974
0.000328972
0.00661983
0.000309197
0.00661068
0.000289227
0.0066023
0.000269067
0.000248726
0.00655169
0.000457618
0.00653792
0.000438456
0.00652486
0.000419052
0.0065125
0.000399413
0.00650086
0.000379544
0.00648996
0.000359453
0.00647978
0.000339146
0.00647035
0.00031863
0.00646166
0.000297911
0.00645373
0.000276997
0.000255894
0.00640169
0.000471482
0.00638851
0.000451641
0.00637601
0.00043155
0.00636421
0.000411216
0.00635311
0.000390645
0.00634272
0.000369844
0.00633304
0.000348821
0.00632409
0.000327581
0.00631587
0.000306131
0.00630839
0.00028448
0.000262634
0.00625482
0.00048474
0.00624222
0.000464237
0.0062303
0.000443477
0.00621905
0.000422465
0.00620848
0.00040121
0.00619861
0.000379717
0.00618943
0.000357994
0.00618097
0.000336048
0.00617321
0.000313886
0.00616618
0.000291516
0.000268944
0.00611099
0.000497391
0.00609898
0.000476244
0.00608763
0.000454831
0.00607693
0.00043316
0.0060669
0.000411237
0.00605755
0.00038907
0.00604888
0.000366665
0.0060409
0.000344031
0.00603361
0.000321174
0.00602702
0.000298103
0.000274824
0.00597012
0.000509433
0.0059587
0.000487659
0.00594792
0.000465611
0.00593778
0.000443297
0.0059283
0.000420725
0.00591947
0.000397901
0.0059113
0.000374833
0.0059038
0.000351528
0.00589698
0.000327995
0.00589084
0.00030424
0.000280272
0.00583213
0.000520863
0.00582131
0.000498479
0.00581111
0.000475814
0.00580153
0.000452876
0.00579258
0.000429672
0.00578428
0.000406209
0.00577661
0.000382495
0.0057696
0.000358538
0.00576325
0.000334346
0.00575757
0.000309926
0.000285287
0.00569697
0.000531678
0.00568674
0.000508702
0.00567712
0.000485438
0.0056681
0.000461894
0.0056597
0.000438076
0.00565192
0.000413992
0.00564476
0.000389651
0.00563824
0.000365059
0.00563236
0.000340226
0.00562712
0.00031516
0.000289868
0.00556454
0.000541874
0.00555492
0.000518325
0.00554588
0.00049448
0.00553743
0.000470347
0.00552957
0.000445933
0.00552231
0.000421247
0.00551567
0.000396297
0.00550964
0.000371089
0.00550423
0.000345634
0.00549945
0.000319939
0.000294013
0.0054348
0.000551449
0.00542578
0.000527344
0.00541732
0.000502936
0.00540944
0.000478233
0.00540213
0.000453242
0.0053954
0.000427972
0.00538927
0.00040243
0.00538373
0.000376626
0.0053788
0.000350566
0.00537448
0.000324262
0.000297719
0.00530767
0.000560396
0.00529926
0.000535755
0.00529139
0.000510803
0.00528408
0.000485548
0.00527732
0.000459999
0.00527113
0.000434163
0.00526551
0.000408049
0.00526047
0.000381665
0.00525602
0.000355021
0.00525215
0.000328125
0.000300985
0.0051831
0.000568713
0.0051753
0.000543554
0.00516802
0.000518077
0.00516128
0.000492289
0.00515508
0.0004662
0.00514943
0.000439817
0.00514433
0.000413149
0.00513979
0.000386206
0.00513581
0.000358995
0.00513241
0.000331525
0.000303807
0.00506101
0.000576394
0.00505383
0.000550736
0.00504716
0.000524753
0.00504099
0.000498451
0.00503535
0.000471841
0.00503024
0.00044493
0.00502566
0.000417728
0.00502162
0.000390243
0.00501813
0.000362484
0.0050152
0.000334461
0.000306183
0.00494137
0.000583434
0.00493481
0.000557297
0.00492874
0.000530826
0.00492316
0.00050403
0.00491808
0.000476918
0.00491351
0.000449499
0.00490946
0.000421781
0.00490593
0.000393774
0.00490293
0.000365487
0.00490046
0.000336929
0.00030811
0.0048241
0.000589826
0.00481817
0.000563229
0.00481271
0.000536291
0.00480772
0.00050902
0.00480321
0.000481426
0.00479919
0.000453518
0.00479567
0.000425304
0.00479265
0.000396794
0.00479013
0.000367998
0.00478814
0.000338925
0.000309584
0.00470916
0.000595565
0.00470387
0.000568528
0.00469901
0.000541142
0.00469462
0.000513417
0.00469068
0.00048536
0.00468722
0.000456982
0.00468423
0.000428292
0.00468173
0.0003993
0.00467971
0.000370014
0.00467819
0.000340445
0.000310603
0.0045965
0.000600643
0.00459184
0.000573186
0.00458761
0.000545373
0.00458381
0.000517213
0.00458046
0.000488714
0.00457755
0.000459887
0.0045751
0.000430741
0.00457312
0.000401286
0.0045716
0.00037153
0.00457056
0.000341486
0.000311161
0.00448605
0.000605052
0.00448204
0.000577196
0.00447844
0.000548977
0.00447525
0.000520402
0.00447248
0.000491482
0.00447014
0.000462226
0.00446824
0.000432644
0.00446678
0.000402746
0.00446576
0.000372542
0.00446521
0.000342041
0.000311255
0.00437777
0.00437442
0.000580552
0.00437145
0.000551946
0.00436887
0.000522978
0.0043667
0.000493657
0.00436493
0.000463993
0.00436358
0.000433996
0.00436265
0.000403675
0.00436215
0.000373042
0.00436209
0.000342106
0.000310879
0.00426893
0.000583243
0.0042666
0.000554273
0.00426464
0.000524933
0.00426307
0.000495232
0.00426188
0.00046518
0.00426109
0.000434789
0.0042607
0.000404067
0.00426071
0.000373025
0.00426115
0.000341675
0.000310026
0.00416551
0.000585262
0.00416384
0.000555949
0.00416251
0.000526258
0.00416155
0.000496198
0.00416095
0.000465781
0.00416072
0.000435016
0.00416087
0.000403914
0.00416141
0.000372485
0.00416234
0.000340741
0.000308692
0.00406414
0.000586601
0.00406312
0.000556966
0.00406243
0.000526945
0.00406208
0.000496548
0.00406208
0.000465786
0.00406242
0.00043467
0.00406313
0.000403209
0.0040642
0.000371415
0.00406564
0.000339298
0.000306871
0.00396475
0.000587248
0.0039644
0.000557313
0.00396436
0.000526985
0.00396464
0.000496273
0.00396523
0.000465188
0.00396616
0.000433742
0.00396743
0.000401944
0.00396904
0.000369806
0.00397099
0.000337339
0.000304554
0.00386731
0.000587195
0.00386764
0.000556982
0.00386826
0.000526369
0.00386917
0.000495363
0.00387038
0.000463978
0.0038719
0.000432224
0.00387373
0.000400111
0.00387588
0.000367651
0.00387837
0.000334855
0.000301736
0.00377178
0.000586431
0.0037728
0.000555963
0.00377408
0.000525086
0.00377563
0.000493809
0.00377747
0.000462146
0.00377958
0.000430105
0.00378199
0.0003977
0.0037847
0.000364941
0.00378772
0.000331839
0.000298406
0.00367811
0.000584946
0.00367983
0.000554245
0.00368179
0.000523126
0.003684
0.000491601
0.00368646
0.000459681
0.00368919
0.000427378
0.00369219
0.000394702
0.00369546
0.000361665
0.00369902
0.00032828
0.000294557
0.00358627
0.00058273
0.0035887
0.000551817
0.00359135
0.000520479
0.00359422
0.000488728
0.00359733
0.000456574
0.00360067
0.00042403
0.00360427
0.000391107
0.00360812
0.000357816
0.00361223
0.000324169
0.000290178
0.00349622
0.000579773
0.00349937
0.000548669
0.00350271
0.000517134
0.00350626
0.000485178
0.00351002
0.000452814
0.003514
0.000420051
0.00351821
0.000386903
0.00352264
0.000353381
0.00352731
0.000319497
0.000285262
0.00340792
0.000576062
0.0034118
0.000544791
0.00341586
0.00051308
0.00342009
0.000480942
0.00342452
0.000448388
0.00342914
0.00041543
0.00343396
0.000382081
0.00343899
0.00034835
0.00344424
0.000314251
0.000279796
0.00332133
0.000571588
0.00332595
0.000540169
0.00333073
0.000508304
0.00333566
0.000476005
0.00334077
0.000443285
0.00334604
0.000410155
0.0033515
0.000376626
0.00335714
0.000342711
0.00336297
0.000308421
0.00027377
0.0032364
0.000566339
0.00324178
0.000534792
0.00324729
0.000502794
0.00325294
0.000470357
0.00325873
0.000437492
0.00326467
0.000404211
0.00327077
0.000370526
0.00327703
0.000336449
0.00328346
0.000301993
0.000267169
0.00315309
0.000560302
0.00315923
0.000528648
0.00316549
0.000496538
0.00317186
0.000463983
0.00317836
0.000430995
0.00318498
0.000397586
0.00319174
0.000363768
0.00319864
0.000329553
0.00320568
0.000294952
0.00025998
0.00307133
0.000553465
0.00307825
0.000521723
0.00308527
0.000489521
0.00309238
0.000456869
0.0030996
0.000423779
0.00310692
0.000390264
0.00311435
0.000356335
0.0031219
0.000322005
0.00312957
0.000287285
0.000252188
0.00299107
0.000545814
0.00299879
0.000514003
0.00300658
0.000481727
0.00301445
0.000448999
0.0030224
0.000415828
0.00303044
0.000382229
0.00303856
0.000348211
0.00304678
0.000313788
0.00305509
0.000278971
0.000243774
0.00291224
0.000537335
0.00292077
0.000505471
0.00292936
0.00047314
0.00293801
0.000440353
0.00294671
0.000407121
0.00295549
0.000373457
0.00296433
0.000339371
0.00297324
0.000304876
0.00298222
0.000269984
0.00299129
0.000234708
0.000199061
0.00283479
0.000528006
0.00284416
0.000496104
0.00285357
0.000463733
0.00286302
0.000430904
0.00287251
0.000397628
0.00288205
0.000363917
0.00289164
0.000329782
0.00290128
0.000295234
0.00291098
0.000260287
0.00292073
0.000224952
0.000189242
0.00275871
0.000517794
0.00276895
0.000485864
0.00277922
0.000453465
0.00278952
0.000420607
0.00279985
0.000387301
0.00281021
0.000353558
0.0028206
0.000319389
0.00283103
0.000284807
0.00284149
0.000249822
0.002852
0.000214447
0.000178697
0.00268418
0.00050663
0.00269537
0.000474679
0.00270657
0.00044226
0.0027178
0.000409384
0.00272904
0.000376062
0.00274029
0.000342305
0.00275156
0.000308122
0.00276284
0.000273526
0.00277413
0.000238526
0.00278544
0.000203137
0.000167371
0.00261213
0.000494427
0.00262434
0.000462468
0.00263656
0.000430048
0.00264876
0.000397176
0.00266096
0.000363862
0.00267315
0.000330117
0.00268532
0.000295951
0.00269748
0.000261373
0.00270961
0.000226396
0.00272172
0.000191029
0.000155285
0.00254325
0.00255654
0.00256978
0.00258298
0.00259611
0.00260918
0.00262219
0.00263513
0.002648
0.00266079
)
;

boundaryField
{
    inlet
    {
        type            calculated;
        value           nonuniform 0();
    }
    outlet
    {
        type            calculated;
        value           nonuniform 0();
    }
    cylinder
    {
        type            calculated;
        value           uniform 0;
    }
    top
    {
        type            symmetryPlane;
        value           nonuniform 0();
    }
    bottom
    {
        type            symmetryPlane;
        value           uniform 0;
    }
    defaultFaces
    {
        type            empty;
        value           nonuniform 0();
    }
    procBoundary4to3
    {
        type            processor;
        value           nonuniform List<scalar> 
130
(
-4.3374e-05
-4.32773e-05
-4.31323e-05
-4.2939e-05
-4.26976e-05
-0.000266587
-8.62242e-05
-8.56032e-05
-8.48942e-05
-8.40974e-05
-8.32132e-05
-8.22418e-05
-8.11838e-05
-8.00395e-05
-7.88094e-05
-0.000787674
-0.000126533
-0.00012446
-0.00012226
-0.000119935
-0.000117484
-0.00115058
-0.000166632
-0.000163079
-0.00015936
-0.00139702
-0.000209105
-0.000204142
-0.000198977
-0.000193609
-0.00167941
-0.00024117
-0.000234402
-0.000227396
-0.0018934
-0.000272752
-0.000264235
-0.00204525
-0.000307921
-0.000297816
-0.00219363
-0.000339375
-0.000327597
-0.000315491
-0.00239332
-0.000353172
-0.00249275
-0.0003896
-0.000374209
-0.00264675
-0.00040776
-0.000390428
-0.00280469
-0.000420917
-0.000401567
-0.00296695
-0.000428884
-0.00308678
-0.000454739
-0.0032133
-0.000479312
-0.00045447
-0.00339637
-0.000475955
-0.00354117
-0.000495588
-0.00369336
-0.000512535
-0.0106941
-0.0104459
-0.0102044
-0.00996921
-0.00974012
-0.00951686
-0.0092992
0.00018437
-0.00906311
-0.00885663
-0.00865513
-0.00845841
-0.0082663
-0.00807863
-0.00789524
-0.00771598
-0.00754072
-0.00736933
-0.00720167
-0.00703763
-0.0068771
-0.00671998
-0.00656616
-0.00641556
-0.00626808
-0.00612364
-0.00598216
-0.00584356
-0.00570778
-0.00557474
-0.00544437
-0.00531662
-0.00519141
-0.00506869
-0.00494841
-0.0048305
-0.0047149
-0.00460157
-0.00449046
-0.00438151
0.000608785
-0.00427162
-0.00416753
-0.00406547
-0.0039654
-0.00386726
-0.00377101
-0.00367663
-0.00358406
-0.00349326
-0.00340421
-0.00331686
-0.00323115
-0.00314705
-0.00306449
-0.00298342
-0.00290376
-0.00282547
-0.0027485
-0.00267302
-0.00259993
-0.00252991
)
;
    }
    procBoundary4to5
    {
        type            processor;
        value           nonuniform List<scalar> 
100
(
0.00091833
2.45359e-06
0.00140108
6.94767e-06
0.00179415
1.42325e-05
9.05539e-06
0.00212013
1.70929e-05
0.00236546
2.75073e-05
0.00255568
3.96716e-05
2.81436e-05
0.00273091
3.92491e-05
0.00285791
5.05765e-05
0.00296946
6.14054e-05
0.0030738
7.11636e-05
0.00317644
7.94409e-05
0.00328087
8.59667e-05
0.00338925
0.00347394
0.000119586
0.00359423
0.000121882
0.00372149
0.000121896
0.00385575
0.000119431
0.00399622
0.00411299
0.000142571
0.0104429
0.0102006
0.00996504
0.00973577
0.00951261
0.00929528
0.00908356
0.00887721
0.00867602
0.00847979
0.00828834
0.00810149
0.00791907
0.00774093
-0.000186604
0.00755676
0.00738716
0.00722142
0.00705942
0.00690103
0.00674617
0.00659471
0.00644657
0.00630165
0.00615987
0.00602114
0.00588539
0.00575255
0.00562254
0.00549531
0.00537077
0.00524889
0.00512959
0.00501282
0.00489853
0.00478666
0.00467717
0.00457
0.00446512
0.00436246
0.004262
0.00416368
0.00406746
0.00397331
0.00388119
0.00379105
0.00370287
0.00361661
0.00353223
0.0034497
0.00336899
0.00329006
0.00321287
0.00313736
0.00306351
-0.000208208
0.00300044
0.00293055
0.00286254
0.00279677
0.0027338
0.0026735
)
;
    }
    procBoundary4to19
    {
        type            processor;
        value           uniform -4.34224e-05;
    }
    procBoundary4to20
    {
        type            processor;
        value           nonuniform List<scalar> 3(9.16981e-11 1.24076e-05 -1.24078e-05);
    }
    procBoundary4to21
    {
        type            processor;
        value           nonuniform List<scalar> 3(0.000344013 8.01441e-07 3.54982e-07);
    }
}


// ************************************************************************* //
