/*--------------------------------*- C++ -*----------------------------------*\
  =========                 |
  \\      /  F ield         | OpenFOAM: The Open Source CFD Toolbox
   \\    /   O peration     | Website:  https://openfoam.org
    \\  /    A nd           | Version:  7
     \\/     M anipulation  |
\*---------------------------------------------------------------------------*/
FoamFile
{
    version     2.0;
    format      ascii;
    class       volScalarField;
    location    "39";
    object      p;
}
// * * * * * * * * * * * * * * * * * * * * * * * * * * * * * * * * * * * * * //

dimensions      [0 2 -2 0 0 0 0];

internalField   nonuniform List<scalar> 
1063
(
-0.00924956
-0.00829335
-0.00743674
-0.00668036
-0.00596551
-0.00534973
-0.00473913
-0.0042046
-0.00368019
-0.00324514
-0.0028055
-0.00925175
-0.00829711
-0.00744123
-0.00668476
-0.00596926
-0.00535262
-0.00474116
-0.00420592
-0.00368104
-0.00324578
-0.00280606
-0.00925548
-0.00830212
-0.00744674
-0.00669
-0.0059737
-0.00535609
-0.00474369
-0.00420766
-0.00368224
-0.00324672
-0.00280688
-0.00926075
-0.00830837
-0.00745327
-0.00669607
-0.00597882
-0.00536014
-0.00474672
-0.00420981
-0.00368378
-0.00324796
-0.00280797
-0.00926757
-0.00831586
-0.0074608
-0.00670297
-0.00598462
-0.00536477
-0.00475024
-0.00421237
-0.00368567
-0.0032495
-0.00280932
-0.00927595
-0.0083246
-0.00746934
-0.00671068
-0.0059911
-0.00536997
-0.00475425
-0.00421534
-0.0036879
-0.00325135
-0.00281093
-0.00928589
-0.00833459
-0.00747889
-0.00671922
-0.00599825
-0.00537574
-0.00475875
-0.00421873
-0.00369047
-0.00325349
-0.0028128
-0.00929741
-0.00834583
-0.00748944
-0.00672857
-0.00600607
-0.00538207
-0.00476373
-0.00422252
-0.00369339
-0.00325593
-0.00281493
-0.00931052
-0.00835832
-0.00750098
-0.00673872
-0.00601454
-0.00538895
-0.00476919
-0.00422671
-0.00369665
-0.00325866
-0.00281731
-0.00932521
-0.00837206
-0.00751352
-0.00674968
-0.00602368
-0.00539639
-0.00477512
-0.00423131
-0.00370024
-0.00326169
-0.00281995
-0.0093415
-0.00838704
-0.00752706
-0.00676144
-0.00603346
-0.00540438
-0.00478153
-0.0042363
-0.00370417
-0.003265
-0.00282284
-0.00935939
-0.00840328
-0.00754157
-0.00677399
-0.00604389
-0.00541291
-0.00478841
-0.00424169
-0.00370844
-0.0032686
-0.00282598
-0.00937887
-0.00842075
-0.00755707
-0.00678732
-0.00605496
-0.00542198
-0.00479575
-0.00424748
-0.00371303
-0.00327248
-0.00282936
-0.00939995
-0.00843947
-0.00757355
-0.00680144
-0.00606667
-0.00543157
-0.00480355
-0.00425366
-0.00371795
-0.00327663
-0.00283299
-0.00942263
-0.00845942
-0.00759099
-0.00681634
-0.00607901
-0.0054417
-0.0048118
-0.00426022
-0.0037232
-0.00328107
-0.00283686
-0.0094469
-0.0084806
-0.0076094
-0.006832
-0.00609197
-0.00545234
-0.0048205
-0.00426717
-0.00372877
-0.00328577
-0.00284096
-0.00947275
-0.00850301
-0.00762876
-0.00684843
-0.00610555
-0.0054635
-0.00482965
-0.0042745
-0.00373466
-0.00329073
-0.00284529
-0.00950018
-0.00852663
-0.00764907
-0.00686561
-0.00611975
-0.00547516
-0.00483923
-0.0042822
-0.00374086
-0.00329596
-0.00284984
-0.00952918
-0.00855145
-0.00767032
-0.00688354
-0.00613455
-0.00548733
-0.00484925
-0.00429027
-0.00374738
-0.00330145
-0.00285463
-0.00955973
-0.00857746
-0.00769249
-0.00690221
-0.00614996
-0.00549999
-0.00485969
-0.00429871
-0.0037542
-0.00330718
-0.00285962
-0.00959182
-0.00860466
-0.00771559
-0.00692162
-0.00616596
-0.00551313
-0.00487056
-0.00430751
-0.00376132
-0.00331316
-0.00286484
-0.00962543
-0.00863302
-0.00773958
-0.00694174
-0.00618254
-0.00552676
-0.00488184
-0.00431666
-0.00376874
-0.00331938
-0.00287026
-0.00966054
-0.00866254
-0.00776448
-0.00696258
-0.0061997
-0.00554086
-0.00489353
-0.00432616
-0.00377645
-0.00332584
-0.00287588
-0.00869319
-0.00779025
-0.00698412
-0.00621744
-0.00555543
-0.00490561
-0.00433601
-0.00378446
-0.00333252
-0.0028817
-0.00872495
-0.00781688
-0.00700635
-0.00623573
-0.00557045
-0.0049181
-0.0043462
-0.00379274
-0.00333944
-0.00288772
-0.00875782
-0.00784437
-0.00702926
-0.00625458
-0.00558592
-0.00493096
-0.00435671
-0.00380131
-0.00334657
-0.00289392
-0.00879176
-0.0078727
-0.00705283
-0.00627397
-0.00560184
-0.00494421
-0.00436756
-0.00381015
-0.00335391
-0.00290031
-0.00882675
-0.00790184
-0.00707706
-0.0062939
-0.00561819
-0.00495783
-0.00437872
-0.00381926
-0.00336146
-0.00290688
-0.00886278
-0.00793178
-0.00710194
-0.00631435
-0.00563496
-0.00497181
-0.00439019
-0.00382862
-0.00336921
-0.00291361
-0.00889982
-0.00796251
-0.00712743
-0.00633531
-0.00565214
-0.00498614
-0.00440197
-0.00383825
-0.00337716
-0.00292052
-0.00893784
-0.007994
-0.00715354
-0.00635678
-0.00566973
-0.00500082
-0.00441404
-0.00384813
-0.0033853
-0.00292759
-0.00897684
-0.00802624
-0.00718025
-0.00637874
-0.00568772
-0.00501583
-0.00442641
-0.00385825
-0.00339363
-0.00293481
-0.00901675
-0.00805919
-0.00720754
-0.00640117
-0.00570609
-0.00503117
-0.00443905
-0.00386861
-0.00340214
-0.00294218
-0.0090575
-0.00809279
-0.00723534
-0.00642403
-0.0057248
-0.0050468
-0.00445194
-0.00387918
-0.0034108
-0.00294969
-0.00909906
-0.00812703
-0.00726366
-0.00644732
-0.00574387
-0.00506273
-0.0044651
-0.00388997
-0.00341963
-0.00295734
-0.00914207
-0.0081624
-0.00729289
-0.00647138
-0.00576356
-0.0050792
-0.00447871
-0.00390116
-0.00342876
-0.00296522
-0.00918726
-0.00819948
-0.00732351
-0.00649657
-0.00578415
-0.0050964
-0.00449295
-0.00391286
-0.00343826
-0.00297343
-0.00923011
-0.0082347
-0.00735253
-0.00652033
-0.00580348
-0.00511248
-0.00450618
-0.00392369
-0.00344712
-0.00298112
-0.00926831
-0.0082666
-0.00737889
-0.00654171
-0.00582083
-0.00512684
-0.00451778
-0.003933
-0.00345511
-0.00298816
-0.00254173
-0.00932338
-0.0083115
-0.00741545
-0.00657143
-0.00584478
-0.00514665
-0.004534
-0.00394632
-0.00346597
-0.00299744
-0.00254967
-0.00938008
-0.00835746
-0.00745269
-0.00660167
-0.00586905
-0.00516668
-0.00455044
-0.00395987
-0.0034769
-0.0030067
-0.00255766
-0.00943858
-0.00840487
-0.00749107
-0.00663282
-0.00589405
-0.00518731
-0.00456735
-0.0039738
-0.00348813
-0.00301622
-0.00256588
-0.00949963
-0.00845432
-0.00753111
-0.00666534
-0.00592015
-0.00520884
-0.004585
-0.00398837
-0.00349986
-0.00302613
-0.00257445
-0.00956339
-0.00850592
-0.00757287
-0.00669927
-0.00594738
-0.0052313
-0.00460343
-0.0040036
-0.00351208
-0.00303645
-0.00258338
-0.00962983
-0.00855965
-0.00761632
-0.0067346
-0.00597572
-0.00525468
-0.00462263
-0.00401949
-0.0035248
-0.00304716
-0.00259267
-0.00969894
-0.00861549
-0.00766146
-0.00677133
-0.00600519
-0.00527898
-0.00464258
-0.00403602
-0.00353801
-0.00305825
-0.0026023
-0.00977073
-0.00867347
-0.00770831
-0.00680947
-0.00603579
-0.0053042
-0.00466329
-0.00405322
-0.00355171
-0.00306973
-0.00261229
-0.00984519
-0.00873359
-0.00775687
-0.00684903
-0.00606752
-0.00533035
-0.00468477
-0.00407108
-0.00356591
-0.00308161
-0.00262262
-0.00992232
-0.00879584
-0.00780713
-0.00689
-0.0061004
-0.00535743
-0.004707
-0.00408959
-0.00358062
-0.00309386
-0.00263329
-0.0100021
-0.0088602
-0.00785909
-0.00693237
-0.00613442
-0.00538543
-0.00472999
-0.00410877
-0.00359582
-0.0031065
-0.00264431
-0.0100845
-0.00892666
-0.00791272
-0.00697614
-0.00616956
-0.00541434
-0.00475373
-0.0041286
-0.00361152
-0.00311952
-0.00265566
-0.0101694
-0.00899519
-0.007968
-0.00702129
-0.00620583
-0.00544417
-0.0047782
-0.00414907
-0.00362772
-0.00313292
-0.00266734
-0.0102569
-0.00906574
-0.00802491
-0.00706779
-0.0062432
-0.00547488
-0.00480339
-0.00417017
-0.0036444
-0.00314668
-0.00267933
-0.0103467
-0.00913828
-0.0080834
-0.00711561
-0.00628165
-0.00550646
-0.00482929
-0.00419189
-0.00366157
-0.00316081
-0.00269163
-0.010439
-0.00921274
-0.00814344
-0.00716472
-0.00632116
-0.0055389
-0.00485586
-0.0042142
-0.0036792
-0.00317529
-0.00270423
-0.0105335
-0.00928907
-0.00820497
-0.00721507
-0.00636169
-0.00557216
-0.0048831
-0.0042371
-0.0036973
-0.00319011
-0.00271712
-0.0106302
-0.00936719
-0.00826795
-0.00726663
-0.00640321
-0.00560623
-0.00491096
-0.00426056
-0.00371585
-0.00320527
-0.00273028
-0.010729
-0.00944703
-0.00833231
-0.00731934
-0.00644569
-0.00564106
-0.00493944
-0.00428454
-0.00373483
-0.00322075
-0.00274371
-0.0108297
-0.00952851
-0.00839798
-0.00737314
-0.00648908
-0.00567662
-0.00496848
-0.00430903
-0.00375423
-0.00323654
-0.00275737
-0.0109323
-0.00961153
-0.00846491
-0.00742798
-0.00653333
-0.00571288
-0.00499808
-0.004334
-0.00377402
-0.00325262
-0.00277127
-0.0110366
-0.00969601
-0.00853301
-0.00748379
-0.0065784
-0.00574979
-0.00502818
-0.0043594
-0.00379418
-0.00326898
-0.00278538
-0.0111425
-0.00978183
-0.0086022
-0.00754051
-0.00662422
-0.00578732
-0.00505875
-0.00438522
-0.0038147
-0.00328561
-0.00279969
-0.0112498
-0.00986889
-0.00867242
-0.00759807
-0.00667075
-0.00582542
-0.00508977
-0.0044114
-0.00383554
-0.00330248
-0.00281418
-0.0113585
-0.0099571
-0.00874357
-0.0076564
-0.00671792
-0.00586403
-0.00512118
-0.00443793
-0.00385668
-0.00331958
-0.00282883
-0.0114683
-0.0100463
-0.00881556
-0.00771542
-0.00676567
-0.00590312
-0.00515295
-0.00446475
-0.00387809
-0.0033369
-0.00284363
-0.0115792
-0.0101364
-0.00888831
-0.00777506
-0.00681394
-0.00594264
-0.00518505
-0.00449184
-0.00389974
-0.00335439
-0.00285856
-0.0116909
-0.0102273
-0.00896171
-0.00783523
-0.00686266
-0.00598252
-0.00521742
-0.00451914
-0.00392159
-0.00337206
-0.0028736
-0.0118033
-0.0103189
-0.00903568
-0.00789586
-0.00691176
-0.00602271
-0.00525003
-0.00454662
-0.00394361
-0.00338987
-0.00288872
-0.0119163
-0.010411
-0.00911011
-0.00795685
-0.00696117
-0.00606316
-0.00528283
-0.00457424
-0.00396578
-0.00340779
-0.00290392
-0.0120297
-0.0105035
-0.00918489
-0.00801813
-0.00701081
-0.00610381
-0.00531577
-0.00460196
-0.00398804
-0.00342582
-0.00291917
-0.0121433
-0.0105962
-0.00925992
-0.0080796
-0.00706062
-0.00614459
-0.00534881
-0.00462973
-0.00401037
-0.0034439
-0.00293445
-0.0122569
-0.0106891
-0.00933508
-0.00814117
-0.00711051
-0.00618544
-0.0053819
-0.0046575
-0.00403273
-0.00346203
-0.00294973
-0.0123705
-0.0107819
-0.00941026
-0.00820274
-0.00716039
-0.0062263
-0.00541499
-0.00468524
-0.00405507
-0.00348017
-0.00296501
-0.0124837
-0.0108745
-0.00948532
-0.00826421
-0.00721019
-0.0062671
-0.00544801
-0.00471289
-0.00407736
-0.00349829
-0.00298024
-0.0125964
-0.0109668
-0.00956014
-0.00832547
-0.00725981
-0.00630775
-0.00548093
-0.00474041
-0.00409955
-0.00351635
-0.0029954
-0.0127083
-0.0110586
-0.00963458
-0.0083864
-0.00730916
-0.00634819
-0.00551366
-0.00476774
-0.00412159
-0.00353432
-0.00301048
-0.0128194
-0.0111496
-0.00970848
-0.00844689
-0.00735815
-0.00638834
-0.00554616
-0.00479483
-0.00414345
-0.00355217
-0.00302544
-0.0129292
-0.0112397
-0.0097817
-0.00850681
-0.00740666
-0.0064281
-0.00557835
-0.00482162
-0.00416507
-0.00356986
-0.00304024
-0.0130377
-0.0113287
-0.00985407
-0.00856603
-0.00745459
-0.0064674
-0.00561016
-0.00484806
-0.00418641
-0.00358734
-0.00305487
-0.0131444
-0.0114165
-0.00992541
-0.0086244
-0.00750182
-0.00650613
-0.00564152
-0.00487409
-0.00420741
-0.00360457
-0.00306928
-0.0132493
-0.0115026
-0.00999554
-0.00868176
-0.00754824
-0.00654419
-0.00567235
-0.00489964
-0.00422802
-0.00362152
-0.00308344
-0.0133519
-0.011587
-0.0100643
-0.00873797
-0.0075937
-0.00658148
-0.00570255
-0.00492463
-0.00424817
-0.00363812
-0.00309731
-0.0134519
-0.0116693
-0.0101313
-0.00879285
-0.00763808
-0.00661789
-0.00573204
-0.004949
-0.00426782
-0.00365434
-0.00311084
-0.0135491
-0.0117494
-0.0101966
-0.00884621
-0.00768122
-0.00665329
-0.00576072
-0.00497267
-0.00428689
-0.00367011
-0.00312401
-0.0136431
-0.0118268
-0.0102598
-0.00889787
-0.00772298
-0.00668755
-0.00578849
-0.00499556
-0.00430533
-0.00368537
-0.00313674
-0.0137336
-0.0119013
-0.0103206
-0.00894763
-0.00776318
-0.00672055
-0.00581524
-0.00501758
-0.00432305
-0.00370008
-0.00314901
-0.0138201
-0.0119726
-0.0103788
-0.00899525
-0.00780165
-0.00675214
-0.00584085
-0.00503864
-0.00433999
-0.00371416
-0.00316075
-0.0139022
-0.0120404
-0.0104342
-0.00904052
-0.00783822
-0.00678216
-0.0058652
-0.00505863
-0.00435607
-0.00372755
-0.00317192
-0.0139796
-0.0121042
-0.0104864
-0.0090832
-0.00787268
-0.00681046
-0.00588815
-0.00507746
-0.00437121
-0.00374017
-0.00318244
-0.0140517
-0.0121638
-0.0105351
-0.00912303
-0.00790483
-0.00683687
-0.00590957
-0.00509502
-0.00438531
-0.00375194
-0.00319226
-0.0141181
-0.0122186
-0.01058
-0.00915973
-0.00793446
-0.00686121
-0.00592932
-0.00511119
-0.00439829
-0.0037628
-0.0032013
-0.0141783
-0.0122684
-0.0106207
-0.00919302
-0.00796133
-0.00688328
-0.00594723
-0.00512585
-0.00441005
-0.00377265
-0.00320951
-0.0142318
-0.0123125
-0.0106569
-0.0092226
-0.0079852
-0.0069029
-0.00596315
-0.00513886
-0.00442049
-0.00378141
-0.00321681
-0.0142779
-0.0123507
-0.0106881
-0.00924815
-0.00800581
-0.00691984
-0.0059769
-0.0051501
-0.0044295
-0.00378897
-0.00322311
-0.0143162
-0.0123823
-0.010714
-0.00926934
-0.0080229
-0.00693389
-0.0059883
-0.00515942
-0.00443696
-0.00379524
-0.00322833
-0.0143459
-0.0124069
-0.0107342
-0.00928581
-0.00803618
-0.00694482
-0.00599717
-0.00516665
-0.00444276
-0.00380012
-0.00323239
-0.0143664
-0.0124239
-0.0107481
-0.00929718
-0.00804535
-0.00695236
-0.00600328
-0.00517166
-0.00444675
-0.00380349
-0.0032352
-0.014377
-0.0124327
-0.0107553
-0.00930308
-0.00805008
-0.00695628
-0.00600644
-0.00517425
-0.00444881
-0.00380524
-0.00323665
)
;

boundaryField
{
    inlet
    {
        type            zeroGradient;
    }
    outlet
    {
        type            fixedValue;
        value           nonuniform 0();
    }
    cylinder
    {
        type            zeroGradient;
    }
    top
    {
        type            symmetryPlane;
    }
    bottom
    {
        type            symmetryPlane;
    }
    defaultFaces
    {
        type            empty;
    }
    procBoundary30to14
    {
        type            processor;
        value           nonuniform List<scalar> 
11
(
-0.00924888
-0.00829082
-0.00743327
-0.0066768
-0.00596246
-0.00534743
-0.00473759
-0.0042037
-0.00367969
-0.00324481
-0.00280521
)
;
    }
    procBoundary30to29
    {
        type            processor;
        value           nonuniform List<scalar> 
99
(
-0.0103719
-0.010372
-0.010374
-0.0103779
-0.0103837
-0.0103915
-0.0104012
-0.010413
-0.0104267
-0.0104425
-0.0104602
-0.01048
-0.0105019
-0.0105258
-0.0105517
-0.0105797
-0.0106097
-0.0106417
-0.0106758
-0.0107118
-0.0107498
-0.0107898
-0.0108318
-0.00969713
-0.00969713
-0.00973519
-0.00977467
-0.00981556
-0.00985783
-0.00990144
-0.00994636
-0.00999257
-0.01004
-0.0100887
-0.0101384
-0.0101892
-0.0102419
-0.0102973
-0.0103497
-0.0103956
-0.0104632
-0.0105331
-0.0106053
-0.0106806
-0.0107594
-0.0108414
-0.0109269
-0.0110156
-0.0111077
-0.0112031
-0.0113017
-0.0114036
-0.0115085
-0.0116166
-0.0117275
-0.0118414
-0.011958
-0.0120771
-0.0121988
-0.0123227
-0.0124488
-0.0125769
-0.0127069
-0.0128385
-0.0129716
-0.013106
-0.0132415
-0.013378
-0.0135152
-0.013653
-0.0137911
-0.0139294
-0.0140677
-0.0142057
-0.0143432
-0.0144799
-0.0146157
-0.0147502
-0.0148833
-0.0150145
-0.0151436
-0.0152703
-0.0153942
-0.015515
-0.0156322
-0.0157455
-0.0158545
-0.0159587
-0.0160575
-0.0161506
-0.0162373
-0.0163171
-0.0163895
-0.0164537
-0.0165091
-0.016555
-0.0165907
-0.0166153
-0.0166281
)
;
    }
    procBoundary30to31
    {
        type            processor;
        value           nonuniform List<scalar> 
99
(
-0.00238988
-0.00239037
-0.00239107
-0.00239198
-0.0023931
-0.00239443
-0.00239597
-0.00239772
-0.00239968
-0.00240184
-0.00240421
-0.00240678
-0.00240955
-0.00241252
-0.00241569
-0.00241906
-0.00242261
-0.00242636
-0.00243029
-0.00243441
-0.00243871
-0.00244319
-0.00244784
-0.00245267
-0.00245766
-0.00246281
-0.00246813
-0.0024736
-0.00247922
-0.00248499
-0.00249091
-0.00249696
-0.00250315
-0.00250946
-0.00251589
-0.00252254
-0.00252946
-0.00253592
-0.00253592
-0.00216565
-0.00217208
-0.00217857
-0.00218525
-0.00219221
-0.00219948
-0.00220704
-0.0022149
-0.00222305
-0.00223151
-0.00224026
-0.00224932
-0.00225867
-0.0022683
-0.00227823
-0.00228843
-0.00229891
-0.00230964
-0.00232063
-0.00233186
-0.00234331
-0.00235498
-0.00236684
-0.00237888
-0.00239109
-0.00240343
-0.00241591
-0.0024285
-0.00244117
-0.00245391
-0.0024667
-0.00247951
-0.00249234
-0.00250515
-0.00251792
-0.00253063
-0.00254327
-0.0025558
-0.0025682
-0.00258045
-0.00259252
-0.00260438
-0.002616
-0.00262736
-0.00263842
-0.00264915
-0.00265951
-0.00266946
-0.00267896
-0.00268798
-0.00269646
-0.00270436
-0.00271163
-0.00271821
-0.00272404
-0.00272908
-0.00273325
-0.00273649
-0.00273872
-0.00273987
)
;
    }
}


// ************************************************************************* //
