/*--------------------------------*- C++ -*----------------------------------*\
  =========                 |
  \\      /  F ield         | OpenFOAM: The Open Source CFD Toolbox
   \\    /   O peration     | Website:  https://openfoam.org
    \\  /    A nd           | Version:  7
     \\/     M anipulation  |
\*---------------------------------------------------------------------------*/
FoamFile
{
    version     2.0;
    format      ascii;
    class       volVectorField;
    location    "44";
    object      U;
}
// * * * * * * * * * * * * * * * * * * * * * * * * * * * * * * * * * * * * * //

dimensions      [0 1 -1 0 0 0 0];

internalField   nonuniform List<vector> 
1063
(
(0.797331 5.79338e-05 -3.75776e-24)
(0.8082 -0.00014409 1.95203e-24)
(0.823279 -0.000256629 -1.86738e-24)
(0.832196 -0.000287538 1.20521e-24)
(0.847291 -0.000243222 3.28631e-24)
(0.853962 -0.000186416 8.94108e-25)
(0.869488 -0.000116405 1.51344e-24)
(0.873069 -8.90515e-05 -1.29697e-24)
(0.889586 -7.36909e-05 -3.92404e-26)
(0.892123 -7.48243e-05 8.42358e-26)
(0.908496 -7.67813e-05 2.35362e-26)
(0.797587 -0.000295226 1.90694e-23)
(0.808449 -0.000470761 -1.95914e-24)
(0.823507 -0.000552393 1.99449e-24)
(0.832406 -0.000573896 -8.4565e-24)
(0.847474 -0.000498145 1.56092e-24)
(0.854129 -0.000437015 -2.01403e-24)
(0.869632 -0.000329393 -5.29349e-24)
(0.873205 -0.000303499 -8.60577e-25)
(0.889701 -0.000275386 2.02281e-24)
(0.892235 -0.000265862 -7.22057e-25)
(0.908589 -0.000241616 6.72072e-26)
(0.798101 -0.000647847 -1.96113e-23)
(0.808937 -0.000796782 1.46163e-23)
(0.823949 -0.000847423 -1.09339e-24)
(0.832816 -0.000859499 6.78705e-24)
(0.847834 -0.000752379 -4.84771e-24)
(0.854461 -0.000687002 2.30653e-24)
(0.869921 -0.000541886 4.38239e-24)
(0.873478 -0.000517498 4.54054e-24)
(0.889933 -0.000476712 -1.50111e-24)
(0.89246 -0.000456566 1.757e-24)
(0.908775 -0.00040617 -6.71e-25)
(0.798871 -0.000999319 2.04694e-23)
(0.809662 -0.00112161 4.49646e-24)
(0.824605 -0.00114123 7.92743e-24)
(0.833422 -0.0011439 -5.69065e-24)
(0.848371 -0.00100553 -3.08449e-24)
(0.854958 -0.000936021 8.49014e-25)
(0.870355 -0.000753581 -3.9154e-24)
(0.873887 -0.000730758 4.64358e-24)
(0.890282 -0.000677419 -1.14327e-24)
(0.892797 -0.000646704 -7.20445e-25)
(0.909053 -0.000570254 6.38e-25)
(0.799894 -0.00134904 -2.06951e-24)
(0.810621 -0.0014447 4.24504e-24)
(0.825471 -0.00143334 -1.29224e-23)
(0.834225 -0.00142667 7.09252e-24)
(0.849081 -0.00125723 -9.14241e-24)
(0.855618 -0.00118372 4.25909e-24)
(0.870931 -0.000964176 1.06832e-24)
(0.874433 -0.000942988 -1.66451e-24)
(0.890746 -0.000877256 -1.34478e-24)
(0.893246 -0.000836045 -4.29612e-24)
(0.909424 -0.000733678 -1.11791e-24)
(0.801167 -0.00169641 -8.66599e-24)
(0.811812 -0.00176553 6.12964e-25)
(0.826546 -0.00172327 8.37871e-25)
(0.835221 -0.00170738 -1.05958e-23)
(0.849964 -0.00150708 2.70754e-23)
(0.85644 -0.00142976 -1.18343e-23)
(0.87165 -0.00117338 2.09877e-23)
(0.875112 -0.0011539 -1.1134e-23)
(0.891325 -0.00107598 3.18308e-24)
(0.893805 -0.00102436 6.88588e-25)
(0.909885 -0.000896253 1.23578e-24)
(0.802686 -0.00204084 1.04942e-23)
(0.813231 -0.00208358 -1.31764e-23)
(0.827825 -0.00201056 1.64353e-23)
(0.836408 -0.00198559 -3.89459e-23)
(0.851017 -0.00175472 -1.02601e-23)
(0.85742 -0.00167379 8.5512e-24)
(0.872508 -0.00138089 -2.70829e-23)
(0.875924 -0.00136321 -5.88358e-25)
(0.892017 -0.00127333 -6.56935e-24)
(0.894474 -0.00121143 6.78383e-24)
(0.910437 -0.00105779 8.96892e-25)
(0.804446 -0.00238176 1.76955e-24)
(0.814874 -0.00239833 -5.02962e-23)
(0.829306 -0.00229475 -9.95604e-24)
(0.837782 -0.00226089 2.85338e-23)
(0.852237 -0.00199978 -4.24163e-24)
(0.858557 -0.00191548 -1.11795e-23)
(0.873503 -0.00158642 -3.31557e-24)
(0.876867 -0.00157064 7.5591e-24)
(0.89282 -0.00146909 6.0964e-24)
(0.89525 -0.00139702 1.30814e-24)
(0.911078 -0.00121812 -4.75478e-25)
(0.806441 -0.00271861 -8.72388e-23)
(0.816734 -0.0027093 6.85773e-23)
(0.830984 -0.00257541 8.32967e-24)
(0.839339 -0.00253289 -2.46156e-23)
(0.853621 -0.00224192 5.84355e-24)
(0.859846 -0.0021545 -1.9311e-23)
(0.874634 -0.00178971 9.55831e-24)
(0.877938 -0.00177592 -6.71262e-24)
(0.893733 -0.00166301 -4.73478e-24)
(0.896132 -0.00158092 -6.21703e-24)
(0.911806 -0.00137705 1.1465e-25)
(0.808664 -0.00305085 1.27747e-22)
(0.818807 -0.00301601 -4.37802e-23)
(0.832853 -0.00285209 7.3666e-24)
(0.841075 -0.00280119 5.36908e-23)
(0.855164 -0.00248077 1.65195e-23)
(0.861286 -0.00239055 8.13232e-24)
(0.875896 -0.00199046 6.52938e-24)
(0.879134 -0.00197878 1.3016e-23)
(0.894753 -0.00185486 8.86532e-25)
(0.897118 -0.00176292 -2.8512e-24)
(0.912621 -0.0015344 -3.1259e-24)
(0.811109 -0.00337797 1.19866e-23)
(0.821087 -0.00331799 -1.80418e-24)
(0.834908 -0.0031244 1.90483e-23)
(0.842984 -0.00306542 -3.32948e-23)
(0.856862 -0.00271603 -2.57722e-23)
(0.862871 -0.0026233 3.66984e-23)
(0.877288 -0.00218843 -2.05107e-24)
(0.880453 -0.00217897 -9.8937e-24)
(0.895878 -0.00204442 -1.63635e-24)
(0.898205 -0.00194282 -1.95779e-24)
(0.913519 -0.00169001 3.20489e-24)
(0.813768 -0.00369946 -1.13499e-22)
(0.823565 -0.0036148 1.20223e-23)
(0.837142 -0.00339194 1.1188e-23)
(0.845061 -0.0033252 6.74918e-23)
(0.858711 -0.00294736 1.02571e-23)
(0.864598 -0.00285248 -1.65652e-23)
(0.878804 -0.00238336 1.32336e-23)
(0.88189 -0.00237623 1.14389e-23)
(0.897105 -0.00223147 -1.06176e-23)
(0.899391 -0.0021204 1.65736e-23)
(0.914501 -0.00184371 -3.05328e-24)
(0.816632 -0.00401485 6.5933e-23)
(0.826234 -0.00390604 -8.18318e-24)
(0.839551 -0.00365432 -8.06388e-23)
(0.8473 -0.00358021 -6.38465e-23)
(0.860705 -0.00317446 -2.0788e-25)
(0.866462 -0.00307779 2.92799e-24)
(0.880442 -0.00257501 7.13941e-24)
(0.883444 -0.00257032 -4.00295e-23)
(0.898431 -0.0024158 -7.1701e-25)
(0.900673 -0.00229547 -2.17082e-23)
(0.915562 -0.00199534 7.76323e-25)
(0.819692 -0.0043237 3.21725e-23)
(0.829087 -0.0041913 -2.28758e-23)
(0.842125 -0.00391121 -4.70409e-24)
(0.849695 -0.00383011 4.42793e-23)
(0.862839 -0.00339705 -1.91597e-23)
(0.868458 -0.00329898 -4.94804e-23)
(0.882197 -0.00276313 1.90666e-23)
(0.88511 -0.00276102 5.89638e-23)
(0.899854 -0.00259721 1.48583e-23)
(0.902049 -0.00246786 4.03459e-24)
(0.916701 -0.00214474 2.78866e-24)
(0.822939 -0.00462559 -8.18237e-23)
(0.832115 -0.00447021 -8.25431e-24)
(0.844858 -0.00416226 8.4247e-23)
(0.852239 -0.00407459 -2.2978e-23)
(0.865108 -0.00361485 5.89201e-23)
(0.870581 -0.00351577 -9.17443e-24)
(0.884065 -0.00294753 -4.51081e-23)
(0.886883 -0.00294809 -5.29e-23)
(0.901369 -0.00277551 1.64015e-23)
(0.903515 -0.00263738 -7.06418e-25)
(0.917916 -0.00229176 -2.74766e-24)
(0.826363 -0.00492013 5.52273e-23)
(0.835308 -0.00474243 2.15421e-25)
(0.847743 -0.00440715 -1.29793e-22)
(0.854925 -0.00431337 -2.26185e-23)
(0.867504 -0.00382761 -7.68758e-23)
(0.872826 -0.00372794 4.26129e-23)
(0.886041 -0.00312797 3.81619e-23)
(0.88876 -0.00313133 2.80373e-23)
(0.902974 -0.0029505 -1.25891e-23)
(0.905068 -0.00280385 1.09139e-23)
(0.919204 -0.00243626 -1.26846e-24)
(0.829954 -0.00520697 1.92282e-23)
(0.838658 -0.00500763 1.99075e-24)
(0.85077 -0.00464562 1.85223e-22)
(0.857746 -0.00454617 -3.95831e-23)
(0.870023 -0.00403508 7.70476e-23)
(0.875185 -0.00393525 1.11284e-23)
(0.88812 -0.00330428 -4.58979e-23)
(0.890736 -0.00331054 1.6202e-23)
(0.904664 -0.00312202 8.54923e-24)
(0.906704 -0.00296712 -9.37023e-24)
(0.920563 -0.00257809 1.65437e-24)
(0.833701 -0.00548576 -2.23357e-23)
(0.842156 -0.00526553 3.331e-23)
(0.853932 -0.00487738 -2.20489e-22)
(0.860694 -0.00477276 -8.00904e-25)
(0.872657 -0.00423704 -9.38018e-23)
(0.877655 -0.00413751 5.82064e-23)
(0.890297 -0.00347626 2.36445e-23)
(0.892807 -0.00348552 -7.31271e-24)
(0.906436 -0.0032899 -3.73119e-24)
(0.90842 -0.00312704 2.76535e-25)
(0.921989 -0.00271713 3.5935e-24)
(0.837593 -0.00575622 -9.14844e-23)
(0.84579 -0.00551587 -1.07109e-22)
(0.857219 -0.0051022 4.48126e-23)
(0.863761 -0.00499289 1.34007e-22)
(0.875399 -0.0044333 4.93267e-23)
(0.880228 -0.00433451 -6.98962e-23)
(0.892567 -0.00364376 -3.4394e-23)
(0.894967 -0.00365611 -2.59052e-23)
(0.908286 -0.00345397 -9.9358e-24)
(0.910212 -0.00328345 3.67283e-24)
(0.92348 -0.00285325 -2.90663e-24)
(0.841619 -0.00601808 2.0816e-22)
(0.849551 -0.0057584 1.03749e-22)
(0.860624 -0.00531987 1.04304e-22)
(0.866939 -0.00520637 -4.74742e-23)
(0.878243 -0.00462367 -3.93746e-23)
(0.882898 -0.00452607 1.87354e-23)
(0.894924 -0.00380661 -4.72696e-24)
(0.897212 -0.00382215 5.05125e-24)
(0.910209 -0.0036141 7.6015e-24)
(0.912077 -0.00343623 -5.26544e-24)
(0.925033 -0.00298633 9.5777e-25)
(0.845767 -0.00627111 2.01789e-23)
(0.853429 -0.00599292 7.62265e-23)
(0.864136 -0.00553019 -1.63416e-23)
(0.87022 -0.00541301 1.36171e-23)
(0.881181 -0.00480799 7.30084e-23)
(0.885659 -0.00471205 -3.63652e-23)
(0.897364 -0.00396468 4.67502e-23)
(0.899537 -0.00398347 -3.30325e-24)
(0.912202 -0.00377015 8.42179e-24)
(0.91401 -0.00358524 7.61754e-24)
(0.926644 -0.00311628 2.59834e-25)
(0.850026 -0.00651511 -2.93164e-22)
(0.857413 -0.00621925 -3.98723e-23)
(0.867747 -0.00573301 9.23591e-23)
(0.873596 -0.00561265 -1.01469e-22)
(0.884206 -0.0049861 -3.3116e-23)
(0.888503 -0.0048923 4.53557e-23)
(0.899879 -0.00411785 -6.20219e-24)
(0.901936 -0.00413994 6.22751e-24)
(0.91426 -0.00392199 -9.82289e-24)
(0.916006 -0.00373038 5.51959e-24)
(0.92831 -0.00324297 6.27777e-25)
(0.854385 -0.00674991 2.08393e-22)
(0.861492 -0.00643725 -1.26053e-22)
(0.871447 -0.00592818 -5.24024e-23)
(0.877058 -0.00580517 -1.48372e-24)
(0.887311 -0.00515789 7.40169e-23)
(0.891425 -0.00506668 -3.81151e-23)
(0.902465 -0.00426599 -1.36422e-23)
(0.904404 -0.00429145 2.88199e-23)
(0.916379 -0.00406952 -2.10813e-23)
(0.918063 -0.00387154 8.47125e-25)
(0.930029 -0.00336633 4.67392e-25)
(0.858832 -0.00697539 4.53728e-23)
(0.865657 -0.00664679 4.264e-23)
(0.875227 -0.00611558 1.46835e-23)
(0.880597 -0.00599043 -1.12768e-23)
(0.890488 -0.00532325 -2.94501e-23)
(0.894417 -0.0052351 4.22505e-23)
(0.905116 -0.00440903 2.10394e-23)
(0.906935 -0.00443787 9.21686e-25)
(0.918553 -0.00421261 3.29573e-23)
(0.920175 -0.00400862 -1.37011e-23)
(0.931796 -0.00348626 -3.76095e-24)
(0.863355 -0.00719143 -7.40885e-23)
(0.869896 -0.00684777 -1.01161e-22)
(0.879078 -0.00629514 -1.34207e-22)
(0.884206 -0.00616835 1.96373e-24)
(0.89373 -0.0054821 -6.895e-23)
(0.897472 -0.00539747 -2.86049e-23)
(0.907825 -0.00454688 -1.30668e-23)
(0.909525 -0.00457911 -5.21248e-23)
(0.92078 -0.0043512 -1.48651e-23)
(0.922339 -0.00414154 5.98889e-24)
(0.933608 -0.00360269 2.76856e-24)
(0.867943 -0.00739797 -1.41455e-22)
(0.874199 -0.00704015 7.2219e-23)
(0.882991 -0.00646678 2.97432e-23)
(0.887875 -0.00633886 9.60071e-23)
(0.897029 -0.00563435 5.03705e-23)
(0.900584 -0.0055537 -3.6692e-24)
(0.910588 -0.00467947 3.45195e-23)
(0.912167 -0.0047151 -4.36421e-25)
(0.923053 -0.00448519 1.22286e-24)
(0.92455 -0.00427023 4.66705e-25)
(0.935462 -0.00371554 -3.18275e-25)
(0.872584 -0.00759496 7.3738e-23)
(0.878556 -0.00722387 1.49774e-22)
(0.886955 -0.00663047 6.09235e-23)
(0.891596 -0.0065019 -8.01832e-24)
(0.900377 -0.00577997 3.06225e-23)
(0.903746 -0.00570375 -1.63823e-23)
(0.913397 -0.00480676 -7.33869e-23)
(0.914857 -0.00484575 3.78343e-23)
(0.925369 -0.00461452 -1.07894e-24)
(0.926803 -0.00439463 2.82926e-24)
(0.937355 -0.00382476 -2.26998e-24)
(0.877268 -0.00778239 3.97889e-24)
(0.882956 -0.00739892 -8.95139e-23)
(0.890963 -0.00678619 -9.25198e-23)
(0.89536 -0.00665745 -1.00125e-22)
(0.903769 -0.00591893 -3.74937e-23)
(0.906951 -0.00584757 9.1989e-23)
(0.916247 -0.0049287 5.74283e-23)
(0.917589 -0.00497101 -4.47788e-23)
(0.927722 -0.00473912 -7.73526e-24)
(0.929095 -0.00451469 3.39335e-24)
(0.939282 -0.00393029 6.13454e-25)
(0.881983 -0.00796028 -1.43983e-23)
(0.88739 -0.00756533 -5.55311e-23)
(0.895004 -0.00693395 1.60089e-22)
(0.899161 -0.00680551 1.06567e-22)
(0.907195 -0.00605121 -4.4215e-23)
(0.910192 -0.00598515 -5.06916e-23)
(0.919131 -0.00504528 -9.65476e-24)
(0.920356 -0.00509084 2.9234e-23)
(0.930109 -0.00485896 7.66852e-24)
(0.931421 -0.00463035 5.18247e-24)
(0.941241 -0.00403209 -7.7043e-26)
(0.886719 -0.00812868 5.96125e-23)
(0.891846 -0.00772312 -2.16103e-24)
(0.899071 -0.00707378 6.45332e-24)
(0.902988 -0.00694608 9.26603e-24)
(0.910649 -0.00617682 3.53923e-23)
(0.913462 -0.00611646 1.29467e-24)
(0.922046 -0.0051565 -4.56622e-23)
(0.923155 -0.00520521 -1.94743e-24)
(0.932524 -0.004974 1.54506e-23)
(0.933776 -0.0047416 -1.40574e-23)
(0.943227 -0.00413011 -6.68526e-25)
(0.891465 -0.00828765 -9.99812e-24)
(0.896317 -0.00787236 8.53751e-23)
(0.903154 -0.00720572 -5.82802e-23)
(0.906834 -0.00707919 -5.31961e-23)
(0.914124 -0.00629578 -1.73729e-23)
(0.916755 -0.00624153 4.54188e-23)
(0.924983 -0.00526235 3.27288e-23)
(0.925978 -0.0053141 1.21206e-23)
(0.934963 -0.0050842 -2.71249e-23)
(0.936156 -0.00484841 -7.8929e-24)
(0.945238 -0.00422433 6.2661e-25)
(0.896212 -0.00843729 4.00106e-23)
(0.900792 -0.00801313 -5.1436e-23)
(0.907245 -0.00732985 -3.3909e-23)
(0.910692 -0.00720489 -5.64467e-24)
(0.917613 -0.00640812 -6.72292e-26)
(0.920065 -0.00636037 -5.04576e-23)
(0.927939 -0.00536286 2.91634e-25)
(0.928822 -0.00541751 -1.82528e-23)
(0.937422 -0.00518957 1.31956e-23)
(0.938557 -0.00495076 1.91777e-23)
(0.947269 -0.00431472 4.96806e-25)
(0.900949 -0.00857771 -6.32622e-23)
(0.905263 -0.00814554 1.29343e-23)
(0.911336 -0.00744626 2.35457e-23)
(0.914554 -0.00732326 -5.14151e-24)
(0.921108 -0.00651391 4.84475e-23)
(0.923385 -0.00647302 1.01993e-23)
(0.930906 -0.00545806 -5.5303e-24)
(0.931681 -0.00551545 1.94026e-23)
(0.939895 -0.00529009 -1.69545e-23)
(0.940974 -0.00504867 -8.03885e-24)
(0.949318 -0.00440128 3.76687e-25)
(0.905667 -0.00870907 -5.35489e-23)
(0.90972 -0.00826972 1.60138e-24)
(0.91542 -0.00755506 -6.86457e-23)
(0.918412 -0.00743438 6.543e-23)
(0.924605 -0.00661322 -3.8102e-23)
(0.926708 -0.00657954 -1.22851e-23)
(0.93388 -0.00554799 1.49803e-23)
(0.934549 -0.00560793 -7.23359e-25)
(0.942379 -0.00538578 1.33577e-23)
(0.943404 -0.00514212 5.49509e-24)
(0.95138 -0.00448399 -4.20154e-25)
(0.910358 -0.0088315 1.37107e-22)
(0.914156 -0.00838579 1.00779e-22)
(0.919487 -0.00765636 2.22974e-23)
(0.922259 -0.00753834 -1.64332e-23)
(0.928095 -0.00670612 3.95047e-24)
(0.930029 -0.00667998 6.15709e-24)
(0.936856 -0.00563272 -1.14832e-23)
(0.937423 -0.00569499 5.86433e-24)
(0.94487 -0.00547665 1.02659e-23)
(0.945843 -0.00523116 -8.53524e-24)
(0.953452 -0.00456285 1.24296e-24)
(0.915013 -0.00894519 -2.98002e-23)
(0.918562 -0.00849392 -9.8214e-23)
(0.923533 -0.00775031 -1.09727e-23)
(0.926089 -0.00763526 5.99424e-24)
(0.931573 -0.0067927 -9.71841e-24)
(0.933343 -0.00677442 -2.58904e-23)
(0.939828 -0.00571231 -2.25407e-23)
(0.940296 -0.00577668 -1.68996e-23)
(0.947363 -0.00556272 -1.41883e-23)
(0.948286 -0.00531578 4.76055e-24)
(0.955531 -0.00463786 -3.19539e-25)
(0.919624 -0.00905031 -2.13017e-23)
(0.92293 -0.00859427 -4.32786e-24)
(0.927548 -0.00783705 1.38992e-23)
(0.929896 -0.00772526 -2.32337e-23)
(0.935034 -0.00687308 1.76995e-23)
(0.936642 -0.00686294 -1.46056e-24)
(0.942792 -0.00578682 8.14206e-24)
(0.943164 -0.00585303 8.59304e-24)
(0.949853 -0.00564404 6.33655e-24)
(0.950729 -0.00539604 3.43402e-24)
(0.957613 -0.00470905 3.315e-25)
(0.924184 -0.00914719 -4.34788e-24)
(0.927255 -0.00868712 2.33464e-23)
(0.931527 -0.00791682 -6.17062e-26)
(0.933671 -0.00780855 -1.4804e-23)
(0.938471 -0.00694742 7.13549e-24)
(0.939923 -0.0069457 4.44894e-24)
(0.945742 -0.0058564 8.98678e-24)
(0.946023 -0.00592415 -5.73186e-24)
(0.952338 -0.00572067 -5.6789e-24)
(0.953168 -0.00547198 -2.63433e-24)
(0.959696 -0.00477643 -6.23402e-25)
(0.928684 -0.00923635 -5.81562e-24)
(0.931528 -0.00877294 -2.79243e-23)
(0.935464 -0.00799 2.70057e-23)
(0.937411 -0.00788543 -4.78647e-24)
(0.941879 -0.00701598 -1.86423e-27)
(0.94318 -0.0070229 4.00862e-24)
(0.948674 -0.0059212 -5.66964e-24)
(0.948868 -0.00599012 1.00127e-23)
(0.954814 -0.00579266 5.65045e-24)
(0.955601 -0.00554366 -2.91823e-24)
(0.961776 -0.00484002 -3.07627e-26)
(0.93312 -0.00931754 -1.06363e-24)
(0.935744 -0.00885146 1.06363e-23)
(0.939353 -0.00805639 -3.92137e-24)
(0.941109 -0.00795574 1.03132e-23)
(0.945253 -0.00707861 -8.5521e-24)
(0.946409 -0.0070944 5.01633e-24)
(0.951584 -0.00598113 2.96607e-24)
(0.951695 -0.00605095 -3.87298e-24)
(0.957276 -0.00586003 3.58272e-25)
(0.958023 -0.00561107 3.06191e-25)
(0.96385 -0.00489983 -1.45206e-25)
(0.940881 -0.00893653 0)
(0.944097 -0.00812795 0)
(0.945625 -0.00803271 0)
(0.949374 -0.00714726 0)
(0.950352 -0.00717434 0)
(0.955137 -0.0060481 0)
(0.955144 -0.00611909 0)
(0.960276 -0.00593675 0)
(0.960967 -0.00568796 0)
(0.966365 -0.00496812 0)
(0.946991 -0.00902676 0)
(0.949739 -0.00820265 0)
(0.950995 -0.00811393 0)
(0.954275 -0.00721919 0)
(0.955038 -0.00725982 0)
(0.959357 -0.00611914 0)
(0.959239 -0.00619111 0)
(0.963833 -0.00601987 0)
(0.964453 -0.00577124 0)
(0.969341 -0.00504225 0)
(0.953105 -0.0091062 0)
(0.955395 -0.00826687 0)
(0.956385 -0.00818504 0)
(0.959201 -0.00728184 0)
(0.959754 -0.00733664 0)
(0.963612 -0.00618266 0)
(0.963372 -0.00625474 0)
(0.967428 -0.00609575 0)
(0.967978 -0.00584795 0)
(0.972356 -0.00511066 0)
(0.959204 -0.00917383 0)
(0.961045 -0.00831972 0)
(0.961776 -0.0082452 0)
(0.964136 -0.0073345 0)
(0.964485 -0.00740421 0)
(0.967886 -0.00623823 0)
(0.96753 -0.00630943 0)
(0.97105 -0.00616386 0)
(0.971532 -0.00591775 0)
(0.975401 -0.00517303 0)
(0.965263 -0.00922928 0)
(0.966668 -0.00836088 0)
(0.96715 -0.00829408 0)
(0.969063 -0.00737684 0)
(0.969213 -0.00746216 0)
(0.972165 -0.00628557 0)
(0.9717 -0.00635486 0)
(0.974686 -0.00622386 0)
(0.975102 -0.00598031 0)
(0.978466 -0.00522905 0)
(0.971261 -0.00927245 0)
(0.972243 -0.00839024 0)
(0.972486 -0.00833152 0)
(0.973963 -0.00740868 0)
(0.973922 -0.00751028 0)
(0.976434 -0.0063245 0)
(0.975866 -0.00639075 0)
(0.978325 -0.00627545 0)
(0.978677 -0.00603535 0)
(0.981542 -0.00527846 0)
(0.977173 -0.0093033 0)
(0.977747 -0.00840775 0)
(0.977763 -0.00835739 0)
(0.978817 -0.00742987 0)
(0.978594 -0.0075484 0)
(0.980676 -0.00635491 0)
(0.980013 -0.00641686 0)
(0.981951 -0.00631836 0)
(0.982243 -0.00608265 0)
(0.984616 -0.00532102 0)
(0.982976 -0.0093218 0)
(0.98316 -0.00841337 0)
(0.982961 -0.00837161 0)
(0.983607 -0.00744033 0)
(0.98321 -0.00757638 0)
(0.984875 -0.00637672 0)
(0.984125 -0.006433 0)
(0.985553 -0.00635233 0)
(0.985787 -0.00612199 0)
(0.987679 -0.00535654 0)
(0.988646 -0.00932802 0)
(0.98846 -0.00840715 0)
(0.988058 -0.00837418 0)
(0.988312 -0.00744 0)
(0.987752 -0.00759414 0)
(0.989013 -0.00638992 0)
(0.988186 -0.00643903 0)
(0.989114 -0.00637717 0)
(0.989294 -0.00615321 0)
(0.990717 -0.00538483 0)
(0.994161 -0.00932207 0)
(0.993623 -0.00838922 0)
(0.993033 -0.00836515 0)
(0.992914 -0.00742891 0)
(0.992201 -0.00760166 0)
(0.993073 -0.00639454 0)
(0.992179 -0.00643487 0)
(0.992622 -0.00639271 0)
(0.992751 -0.0061762 0)
(0.993718 -0.00540576 0)
(0.999497 -0.00930416 0)
(0.99863 -0.00835976 0)
(0.997866 -0.00834465 0)
(0.997392 -0.00740715 0)
(0.996537 -0.00759897 0)
(0.997038 -0.00639066 0)
(0.996086 -0.00642051 0)
(0.99606 -0.00639885 0)
(0.996142 -0.00619088 0)
(0.99667 -0.00541924 0)
(1.00463 -0.00927455 0)
(1.00346 -0.00831903 0)
(1.00254 -0.00831288 0)
(1.00173 -0.00737488 0)
(1.00074 -0.00758617 0)
(1.00089 -0.00637843 0)
(0.999892 -0.00639597 0)
(0.999414 -0.00639551 0)
(0.999453 -0.00619722 0)
(0.99956 -0.0054252 0)
(1.00955 -0.00923356 0)
(1.00809 -0.00826736 0)
(1.00703 -0.00827011 0)
(1.00591 -0.0073323 0)
(1.0048 -0.0075634 0)
(1.00461 -0.00635803 0)
(1.00358 -0.00636138 0)
(1.00267 -0.00638269 0)
(1.00267 -0.00619524 0)
(1.00237 -0.00542364 0)
(1.01423 -0.00918157 0)
(1.01251 -0.00820513 0)
(1.01132 -0.00821665 0)
(1.0099 -0.00727969 0)
(1.0087 -0.00753086 0)
(1.00819 -0.00632972 0)
(1.00713 -0.00631691 0)
(1.00581 -0.00636042 0)
(1.00578 -0.00618501 0)
(1.0051 -0.00541458 0)
(1.01865 -0.00911904 0)
(1.01669 -0.00813279 0)
(1.01539 -0.00815289 0)
(1.01371 -0.00721739 0)
(1.01241 -0.00748881 0)
(1.01161 -0.00629379 0)
(1.01053 -0.00626279 0)
(1.00883 -0.0063288 0)
(1.00876 -0.00616663 0)
(1.00773 -0.00539809 0)
(1.0228 -0.00904644 0)
(1.02063 -0.00805083 0)
(1.01923 -0.00807928 0)
(1.01731 -0.00714577 0)
(1.01592 -0.00743754 0)
(1.01485 -0.00625058 0)
(1.01377 -0.00619932 0)
(1.01171 -0.00628798 0)
(1.01161 -0.00614026 0)
(1.01024 -0.0053743 0)
(1.02667 -0.00896429 0)
(1.02431 -0.00795979 0)
(1.02283 -0.0079963 0)
(1.02068 -0.00706526 0)
(1.01923 -0.00737741 0)
(1.01791 -0.00620045 0)
(1.01683 -0.00612686 0)
(1.01443 -0.00623814 0)
(1.01431 -0.00610611 0)
(1.01263 -0.00534335 0)
(1.03025 -0.00887315 0)
(1.02772 -0.00786024 0)
(1.02617 -0.00790447 0)
(1.02383 -0.00697635 0)
(1.02232 -0.00730878 0)
(1.02076 -0.00614381 0)
(1.0197 -0.00604582 0)
(1.01699 -0.00617955 0)
(1.01685 -0.00606441 0)
(1.01489 -0.00530544 0)
(1.03352 -0.00877358 0)
(1.03084 -0.00775276 0)
(1.02924 -0.00780435 0)
(1.02673 -0.00687954 0)
(1.02517 -0.00723208 0)
(1.02341 -0.00608109 0)
(1.02237 -0.00595667 0)
(1.01938 -0.00611249 0)
(1.01922 -0.00601545 0)
(1.017 -0.0052608 0)
(1.03649 -0.00866617 0)
(1.03369 -0.00763798 0)
(1.03204 -0.00769653 0)
(1.02938 -0.00677536 0)
(1.02779 -0.00714774 0)
(1.02583 -0.00601271 0)
(1.02483 -0.00585991 0)
(1.02159 -0.00603729 0)
(1.02141 -0.00595951 0)
(1.01895 -0.00520969 0)
(1.03914 -0.0085515 0)
(1.03624 -0.00751649 0)
(1.03457 -0.00758158 0)
(1.03178 -0.00666437 0)
(1.03017 -0.00705621 0)
(1.02804 -0.00593914 0)
(1.02708 -0.00575609 0)
(1.0236 -0.00595434 0)
(1.02341 -0.00589695 0)
(1.02075 -0.00515241 0)
(1.04149 -0.00843014 0)
(1.03851 -0.00738892 0)
(1.03682 -0.0074601 0)
(1.03391 -0.00654714 0)
(1.03229 -0.00695795 0)
(1.03001 -0.0058608 0)
(1.0291 -0.00564576 0)
(1.02543 -0.00586403 0)
(1.02522 -0.0058281 0)
(1.02238 -0.00508927 0)
(1.04354 -0.00830264 0)
(1.04049 -0.00725584 0)
(1.03879 -0.00733267 0)
(1.0358 -0.00642423 0)
(1.03417 -0.00685342 0)
(1.03175 -0.00577813 0)
(1.03089 -0.00552952 0)
(1.02705 -0.00576682 0)
(1.02684 -0.00575332 0)
(1.02383 -0.00502059 0)
(1.04529 -0.00816952 0)
(1.04219 -0.00711783 0)
(1.04049 -0.00719986 0)
(1.03742 -0.0062962 0)
(1.03581 -0.00674307 0)
(1.03327 -0.00569152 0)
(1.03246 -0.00540795 0)
(1.02848 -0.00566314 0)
(1.02825 -0.00567298 0)
(1.02512 -0.00494672 0)
(1.04675 -0.00803125 0)
(1.04361 -0.0069754 0)
(1.04192 -0.00706219 0)
(1.0388 -0.00616359 0)
(1.03719 -0.00662733 0)
(1.03455 -0.00560135 0)
(1.0338 -0.00528166 0)
(1.02971 -0.00555347 0)
(1.02947 -0.00558745 0)
(1.02622 -0.004868 0)
(1.04793 -0.00788827 0)
(1.04477 -0.00682905 0)
(1.04309 -0.00692017 0)
(1.03993 -0.00602693 0)
(1.03834 -0.00650661 0)
(1.03561 -0.00550795 0)
(1.03492 -0.00515122 0)
(1.03073 -0.00543829 0)
(1.03049 -0.00549707 0)
(1.02715 -0.00478476 0)
(1.04884 -0.00774095 0)
(1.04568 -0.00667921 0)
(1.04401 -0.00677425 0)
(1.04082 -0.00588669 0)
(1.03926 -0.00638131 0)
(1.03645 -0.0054116 0)
(1.03582 -0.00501719 0)
(1.03157 -0.00531807 0)
(1.03132 -0.00540217 0)
(1.0279 -0.00469734 0)
(1.0495 -0.0075896 0)
(1.04634 -0.00652626 0)
(1.04469 -0.00662483 0)
(1.04149 -0.00574332 0)
(1.03996 -0.00625175 0)
(1.03708 -0.00531253 0)
(1.03651 -0.00488011 0)
(1.03221 -0.00519328 0)
(1.03196 -0.00530307 0)
(1.02848 -0.00460605 0)
(1.04993 -0.00743447 0)
(1.04677 -0.00637051 0)
(1.04515 -0.00647224 0)
(1.04195 -0.00559724 0)
(1.04045 -0.00611826 0)
(1.03751 -0.00521093 0)
(1.03699 -0.00474048 0)
(1.03268 -0.00506439 0)
(1.03241 -0.00520005 0)
(1.02889 -0.00451118 0)
(1.05014 -0.00727574 0)
(1.047 -0.00621222 0)
(1.0454 -0.00631678 0)
(1.0422 -0.00544879 0)
(1.04074 -0.00598109 0)
(1.03775 -0.0051069 0)
(1.03729 -0.00459875 0)
(1.03296 -0.00493182 0)
(1.03269 -0.00509335 0)
(1.02914 -0.004413 0)
(1.05015 -0.00711353 0)
(1.04703 -0.00605158 0)
(1.04546 -0.00615867 0)
(1.04226 -0.0052983 0)
(1.04084 -0.00584046 0)
(1.03782 -0.0050005 0)
(1.0374 -0.00445534 0)
(1.03309 -0.00479599 0)
(1.03281 -0.00498318 0)
(1.02923 -0.00431173 0)
(1.04998 -0.00694788 0)
(1.04688 -0.00588873 0)
(1.04533 -0.00599805 0)
(1.04215 -0.005146 0)
(1.04078 -0.00569655 0)
(1.03771 -0.00489173 0)
(1.03734 -0.00431062 0)
(1.03305 -0.00465729 0)
(1.03277 -0.0048697 0)
(1.02918 -0.00420758 0)
(1.04965 -0.00677877 0)
(1.04658 -0.00572375 0)
(1.04505 -0.00583504 0)
(1.04189 -0.00499212 0)
(1.04056 -0.00554947 0)
(1.03746 -0.00478053 0)
(1.03712 -0.00416489 0)
(1.03288 -0.00451607 0)
(1.03258 -0.00475304 0)
(1.02899 -0.00410071 0)
(1.04917 -0.00660614 0)
(1.04613 -0.00555664 0)
(1.04463 -0.00566968 0)
(1.04149 -0.00483681 0)
(1.0402 -0.00539932 0)
(1.03706 -0.00466677 0)
(1.03677 -0.00401843 0)
(1.03257 -0.00437264 0)
(1.03227 -0.00463329 0)
(1.02867 -0.00399123 0)
(1.04857 -0.00642985 0)
(1.04556 -0.0053874 0)
(1.04407 -0.00550196 0)
(1.04096 -0.00468016 0)
(1.03971 -0.00524612 0)
(1.03655 -0.0045503 0)
(1.03628 -0.00387143 0)
(1.03215 -0.00422729 0)
(1.03183 -0.00451046 0)
(1.02824 -0.00387925 0)
(1.04786 -0.00624973 0)
(1.04488 -0.00521595 0)
(1.04341 -0.00533183 0)
(1.04032 -0.00452225 0)
(1.03912 -0.00508989 0)
(1.03593 -0.00443092 0)
(1.03568 -0.00372407 0)
(1.03162 -0.00408025 0)
(1.03129 -0.00438457 0)
(1.02771 -0.0037648 0)
(1.04706 -0.00606558 0)
(1.0441 -0.00504221 0)
(1.04265 -0.00515919 0)
(1.03958 -0.00436309 0)
(1.03843 -0.00493058 0)
(1.03521 -0.00430839 0)
(1.03498 -0.00357648 0)
(1.03099 -0.00393173 0)
(1.03065 -0.00425558 0)
(1.02708 -0.00364791 0)
(1.04618 -0.00587715 0)
(1.04325 -0.00486605 0)
(1.04182 -0.00498391 0)
(1.03877 -0.00420266 0)
(1.03766 -0.00476814 0)
(1.03441 -0.00418245 0)
(1.03419 -0.00342873 0)
(1.03029 -0.00378189 0)
(1.02993 -0.0041234 0)
(1.02637 -0.00352855 0)
(1.04524 -0.00568418 0)
(1.04234 -0.00468734 0)
(1.04091 -0.00480587 0)
(1.03789 -0.00404094 0)
(1.03682 -0.00460247 0)
(1.03354 -0.00405284 0)
(1.03334 -0.00328089 0)
(1.02952 -0.00363085 0)
(1.02914 -0.00398794 0)
(1.02559 -0.00340669 0)
(1.04425 -0.00548642 0)
(1.04137 -0.00450595 0)
(1.03996 -0.00462488 0)
(1.03695 -0.00387783 0)
(1.03592 -0.00443346 0)
(1.03262 -0.00391926 0)
(1.03242 -0.00313297 0)
(1.02869 -0.0034787 0)
(1.02829 -0.00384906 0)
(1.02475 -0.00328226 0)
(1.04323 -0.00528358 0)
(1.04037 -0.00432173 0)
(1.03896 -0.00444078 0)
(1.03598 -0.00371325 0)
(1.03499 -0.004261 0)
(1.03166 -0.00378144 0)
(1.03146 -0.00298499 0)
(1.02781 -0.00332551 0)
(1.02739 -0.00370663 0)
(1.02386 -0.00315517 0)
(1.04217 -0.00507539 0)
(1.03934 -0.00413454 0)
(1.03794 -0.00425339 0)
(1.03497 -0.0035471 0)
(1.03402 -0.00408494 0)
(1.03066 -0.0036391 0)
(1.03046 -0.00283693 0)
(1.0269 -0.00317127 0)
(1.02646 -0.00356048 0)
(1.02294 -0.00302534 0)
(1.0411 -0.00486158 0)
(1.03829 -0.00394425 0)
(1.0369 -0.00406252 0)
(1.03394 -0.00337924 0)
(1.03303 -0.00390514 0)
(1.02964 -0.003492 0)
(1.02943 -0.00268877 0)
(1.02596 -0.003016 0)
(1.0255 -0.00341043 0)
(1.02199 -0.00289265 0)
(1.04002 -0.00464189 0)
(1.03724 -0.00375075 0)
(1.03585 -0.00386802 0)
(1.0329 -0.00320954 0)
(1.03203 -0.00372145 0)
(1.02861 -0.0033399 0)
(1.0284 -0.00254048 0)
(1.02501 -0.00285965 0)
(1.02453 -0.00325633 0)
(1.02102 -0.00275698 0)
(1.03895 -0.00441608 0)
(1.03618 -0.00355391 0)
(1.0348 -0.00366972 0)
(1.03186 -0.00303787 0)
(1.03102 -0.00353372 0)
(1.02757 -0.00318258 0)
(1.02736 -0.00239202 0)
(1.02406 -0.00270216 0)
(1.02355 -0.00309798 0)
(1.02005 -0.00261824 0)
(1.03788 -0.00418391 0)
(1.03513 -0.00335365 0)
(1.03375 -0.00346744 0)
(1.03083 -0.00286409 0)
(1.03002 -0.0033418 0)
(1.02654 -0.00301986 0)
(1.02632 -0.00224333 0)
(1.0231 -0.00254344 0)
(1.02258 -0.00293521 0)
(1.01908 -0.00247631 0)
(1.03683 -0.00394517 0)
(1.0341 -0.00314986 0)
(1.03273 -0.00326105 0)
(1.02981 -0.00268803 0)
(1.02903 -0.00314554 0)
(1.02553 -0.00285157 0)
(1.0253 -0.00209439 0)
(1.02216 -0.00238338 0)
(1.02161 -0.00276787 0)
(1.01811 -0.00233107 0)
(1.0358 -0.00369966 0)
(1.03309 -0.00294247 0)
(1.03172 -0.0030504 0)
(1.02882 -0.00250954 0)
(1.02806 -0.00294479 0)
(1.02453 -0.0026776 0)
(1.0243 -0.00194512 0)
(1.02123 -0.00222186 0)
(1.02066 -0.00259578 0)
(1.01717 -0.00218244 0)
(1.0348 -0.00344719 0)
(1.03212 -0.00273139 0)
(1.03075 -0.00283535 0)
(1.02785 -0.00232846 0)
(1.02712 -0.0027394 0)
(1.02357 -0.00249782 0)
(1.02332 -0.00179547 0)
(1.02033 -0.00205871 0)
(1.01974 -0.00241881 0)
(1.01625 -0.0020303 0)
(1.03384 -0.00318759 0)
(1.03118 -0.00251653 0)
(1.02982 -0.00261576 0)
(1.02692 -0.00214463 0)
(1.02622 -0.00252923 0)
(1.02264 -0.00231217 0)
(1.02239 -0.00164535 0)
(1.01947 -0.00189378 0)
(1.01885 -0.00223681 0)
(1.01536 -0.00187456 0)
(1.03293 -0.00292071 0)
(1.03028 -0.00229782 0)
(1.02893 -0.0023915 0)
(1.02604 -0.00195787 0)
(1.02536 -0.00231414 0)
(1.02175 -0.00212057 0)
(1.0215 -0.00149468 0)
(1.01864 -0.00172688 0)
(1.018 -0.00204966 0)
(1.01451 -0.00171514 0)
(1.03207 -0.00264639 0)
(1.02944 -0.00207514 0)
(1.02809 -0.00216244 0)
(1.02521 -0.001768 0)
(1.02455 -0.00209399 0)
(1.02092 -0.00192298 0)
(1.02066 -0.00134333 0)
(1.01786 -0.00155781 0)
(1.0172 -0.00185725 0)
(1.01372 -0.00155196 0)
(1.03127 -0.00236452 0)
(1.02866 -0.00184837 0)
(1.02731 -0.00192843 0)
(1.02443 -0.00157483 0)
(1.02379 -0.00186864 0)
(1.02014 -0.00171937 0)
(1.01989 -0.00119117 0)
(1.01714 -0.00138636 0)
(1.01646 -0.00165948 0)
(1.01297 -0.00138491 0)
(1.03055 -0.00207496 0)
(1.02795 -0.0016174 0)
(1.0266 -0.00168932 0)
(1.02373 -0.00137817 0)
(1.0231 -0.00163795 0)
(1.01944 -0.00150972 0)
(1.01918 -0.00103803 0)
(1.01648 -0.0012123 0)
(1.01578 -0.00145625 0)
(1.0123 -0.00121393 0)
(1.02989 -0.0017776 0)
(1.02731 -0.00138204 0)
(1.02597 -0.00144497 0)
(1.0231 -0.00117781 0)
(1.02248 -0.00140179 0)
(1.01881 -0.00129401 0)
(1.01854 -0.000883694 0)
(1.01589 -0.00103539 0)
(1.01517 -0.00124751 0)
(1.01169 -0.00103892 0)
(1.02933 -0.00147236 0)
(1.02676 -0.00114211 0)
(1.02542 -0.0011952 0)
(1.02255 -0.000973535 0)
(1.02195 -0.00116003 0)
(1.01826 -0.00107225 0)
(1.018 -0.000727905 0)
(1.01537 -0.00085538 0)
(1.01464 -0.00103318 0)
(1.01116 -0.000859776 0)
(1.02886 -0.00115915 0)
(1.0263 -0.000897393 0)
(1.02496 -0.000939846 0)
(1.0221 -0.000765115 0)
(1.0215 -0.000912515 0)
(1.0178 -0.000844433 0)
(1.01754 -0.000570357 0)
(1.01495 -0.000672015 0)
(1.0142 -0.000813232 0)
(1.01073 -0.000676413 0)
(1.02849 -0.000837909 0)
(1.02594 -0.000647628 0)
(1.0246 -0.00067871 0)
(1.02174 -0.000552315 0)
(1.02115 -0.000659121 0)
(1.01744 -0.000610568 0)
(1.01718 -0.000410681 0)
(1.01461 -0.000485024 0)
(1.01386 -0.00058762 0)
(1.01038 -0.000488718 0)
(1.02824 -0.000508539 0)
(1.02569 -0.00039254 0)
(1.02436 -0.000411581 0)
(1.02149 -0.000334877 0)
(1.02091 -0.000399722 0)
(1.0172 -0.000370644 0)
(1.01694 -0.000248481 0)
(1.01438 -0.000294091 0)
(1.01362 -0.000356372 0)
(1.01015 -0.000296547 0)
(1.0281 -0.000170905 0)
(1.02556 -0.000131814 0)
(1.02423 -0.000138246 0)
(1.02137 -0.000112482 0)
(1.02079 -0.000134254 0)
(1.01707 -0.000124583 0)
(1.01681 -8.33474e-05 0)
(1.01426 -9.87982e-05 0)
(1.01349 -0.000119674 0)
(1.01003 -9.96615e-05 0)
(0.908776 0.000417486 5.00688e-25)
(0.797594 0.000763419 -1.12062e-23)
(0.80842 0.000509017 -1.71305e-24)
(0.823468 0.000335136 1.66276e-23)
(0.832375 0.000285659 -6.44961e-24)
(0.847457 0.00026713 -7.96156e-24)
(0.854125 0.000315192 2.63496e-25)
(0.869636 0.000309835 2.30091e-24)
(0.873211 0.000340006 3.4568e-24)
(0.889707 0.00032979 -1.96042e-24)
(0.892238 0.000307318 5.56874e-25)
(0.908589 0.000252961 6.50653e-26)
(0.797333 0.00041102 -4.08656e-24)
(0.808191 0.000182685 1.71979e-24)
(0.823266 3.93777e-05 -1.77377e-24)
(0.832186 -8.70436e-07 1.23949e-24)
(0.847285 1.20007e-05 3.36488e-24)
(0.85396 6.44392e-05 8.56864e-25)
(0.869489 9.67731e-05 1.48065e-24)
(0.873072 0.000125548 -1.2861e-24)
(0.889587 0.000128119 -3.55706e-26)
(0.892124 0.000116313 8.07802e-26)
(0.908496 8.81415e-05 2.32676e-26)
)
;

boundaryField
{
    inlet
    {
        type            uniformFixedValue;
        uniformValue    constant (1 0 0);
        value           nonuniform 0();
    }
    outlet
    {
        type            pressureInletOutletVelocity;
        value           nonuniform List<vector> 
103
(
(0.966365 -0.00496812 0)
(0.969341 -0.00504225 0)
(0.972356 -0.00511066 0)
(0.975401 -0.00517303 0)
(0.978466 -0.00522905 0)
(0.981542 -0.00527846 0)
(0.984616 -0.00532102 0)
(0.987679 -0.00535654 0)
(0.990717 -0.00538483 0)
(0.993718 -0.00540576 0)
(0.99667 -0.00541924 0)
(0.99956 -0.0054252 0)
(1.00237 -0.00542364 0)
(1.0051 -0.00541458 0)
(1.00773 -0.00539809 0)
(1.01024 -0.0053743 0)
(1.01263 -0.00534335 0)
(1.01489 -0.00530544 0)
(1.017 -0.0052608 0)
(1.01895 -0.00520969 0)
(1.02075 -0.00515241 0)
(1.02238 -0.00508927 0)
(1.02383 -0.00502059 0)
(1.02512 -0.00494672 0)
(1.02622 -0.004868 0)
(1.02715 -0.00478476 0)
(1.0279 -0.00469734 0)
(1.02848 -0.00460605 0)
(1.02889 -0.00451118 0)
(1.02914 -0.004413 0)
(1.02923 -0.00431173 0)
(1.02918 -0.00420758 0)
(1.02899 -0.00410071 0)
(1.02867 -0.00399123 0)
(1.02824 -0.00387925 0)
(1.02771 -0.0037648 0)
(1.02708 -0.00364791 0)
(1.02637 -0.00352855 0)
(1.02559 -0.00340669 0)
(1.02475 -0.00328226 0)
(1.02386 -0.00315517 0)
(1.02294 -0.00302534 0)
(1.02199 -0.00289265 0)
(1.02102 -0.00275698 0)
(1.02005 -0.00261824 0)
(1.01908 -0.00247631 0)
(1.01811 -0.00233107 0)
(1.01717 -0.00218244 0)
(1.01625 -0.0020303 0)
(1.01536 -0.00187456 0)
(1.01451 -0.00171514 0)
(1.01372 -0.00155196 0)
(1.01297 -0.00138491 0)
(1.0123 -0.00121393 0)
(1.01169 -0.00103892 0)
(1.01116 -0.000859776 0)
(1.01073 -0.000676413 0)
(1.01038 -0.000488718 0)
(1.01015 -0.000296547 0)
(1.01003 -9.96615e-05 0)
(0.908496 -7.67813e-05 2.35362e-26)
(0.908589 -0.000241616 6.72072e-26)
(0.908775 -0.00040617 -6.71e-25)
(0.909053 -0.000570254 6.38e-25)
(0.909424 -0.000733678 -1.11791e-24)
(0.909885 -0.000896253 1.23578e-24)
(0.910437 -0.00105779 8.96892e-25)
(0.911078 -0.00121812 -4.75478e-25)
(0.911806 -0.00137705 1.1465e-25)
(0.912621 -0.0015344 -3.1259e-24)
(0.913519 -0.00169001 3.20489e-24)
(0.914501 -0.00184371 -3.05328e-24)
(0.915562 -0.00199534 7.76323e-25)
(0.916701 -0.00214474 2.78866e-24)
(0.917916 -0.00229176 -2.74766e-24)
(0.919204 -0.00243626 -1.26846e-24)
(0.920563 -0.00257809 1.65437e-24)
(0.921989 -0.00271713 3.5935e-24)
(0.92348 -0.00285325 -2.90663e-24)
(0.925033 -0.00298633 9.5777e-25)
(0.926644 -0.00311628 2.59834e-25)
(0.92831 -0.00324297 6.27777e-25)
(0.930029 -0.00336633 4.67392e-25)
(0.931796 -0.00348626 -3.76095e-24)
(0.933608 -0.00360269 2.76856e-24)
(0.935462 -0.00371554 -3.18275e-25)
(0.937355 -0.00382476 -2.26998e-24)
(0.939282 -0.00393029 6.13454e-25)
(0.941241 -0.00403209 -7.7043e-26)
(0.943227 -0.00413011 -6.68526e-25)
(0.945238 -0.00422433 6.2661e-25)
(0.947269 -0.00431472 4.96806e-25)
(0.949318 -0.00440128 3.76687e-25)
(0.95138 -0.00448399 -4.20154e-25)
(0.953452 -0.00456285 1.24296e-24)
(0.955531 -0.00463786 -3.19539e-25)
(0.957613 -0.00470905 3.315e-25)
(0.959696 -0.00477643 -6.23402e-25)
(0.961776 -0.00484002 -3.07627e-26)
(0.96385 -0.00489983 -1.45206e-25)
(0.908776 0.000417486 5.00688e-25)
(0.908589 0.000252961 6.50653e-26)
(0.908496 8.81415e-05 2.32676e-26)
)
;
    }
    cylinder
    {
        type            fixedValue;
        value           nonuniform 0();
    }
    top
    {
        type            symmetryPlane;
    }
    bottom
    {
        type            symmetryPlane;
    }
    defaultFaces
    {
        type            empty;
    }
    procBoundary31to14
    {
        type            processor;
        value           nonuniform List<vector> 4((0.781005 0.000291227 -2.93866e-24) (0.781269 -9.47839e-05 7.48842e-24) (0.781337 0.00106191 7.19136e-24) (0.781028 0.000677022 -3.18538e-24));
    }
    procBoundary31to15
    {
        type            processor;
        value           nonuniform List<vector> 
12
(
(0.909055 0.000581525 6.49944e-25)
(0.798112 0.00111452 -1.82791e-23)
(0.808889 0.000834361 1.36733e-23)
(0.823884 0.000630157 -4.91214e-25)
(0.832763 0.000571605 5.33002e-24)
(0.847805 0.000521776 -4.11168e-24)
(0.854454 0.000565486 2.22268e-24)
(0.869928 0.000522476 4.08914e-24)
(0.873488 0.000554028 4.61144e-24)
(0.889943 0.00053107 -1.56714e-24)
(0.892465 0.000497956 1.76392e-24)
(0.892465 0.000497956 1.76392e-24)
)
;
    }
    procBoundary31to30
    {
        type            processor;
        value           nonuniform List<vector> 
99
(
(0.781819 -0.000480319 1.03073e-23)
(0.782652 -0.000864691 2.0454e-23)
(0.783765 -0.00124721 -6.91455e-23)
(0.785156 -0.00162721 -2.15191e-24)
(0.786819 -0.00200402 4.72768e-23)
(0.788749 -0.002377 -7.68995e-23)
(0.790939 -0.00274551 1.92191e-23)
(0.793381 -0.00310893 2.29577e-23)
(0.796068 -0.0034667 8.30413e-23)
(0.798992 -0.00381823 -4.55036e-23)
(0.802141 -0.004163 3.2428e-23)
(0.805507 -0.00450051 -2.036e-23)
(0.809078 -0.00483029 3.48659e-23)
(0.812844 -0.00515189 -3.04341e-23)
(0.816792 -0.00546492 3.23413e-24)
(0.82091 -0.00576899 -3.29576e-24)
(0.825187 -0.0060638 1.12501e-22)
(0.829609 -0.00634903 -8.48179e-23)
(0.834164 -0.00662443 2.13532e-23)
(0.838838 -0.00688979 -9.10963e-23)
(0.84362 -0.00714492 -4.18944e-23)
(0.848495 -0.00738967 1.96765e-23)
(0.85345 -0.00762395 1.27429e-22)
(0.858474 -0.00784767 -1.19049e-22)
(0.863553 -0.00806079 2.57656e-23)
(0.868675 -0.00826333 -8.25272e-23)
(0.873828 -0.00845529 1.33134e-22)
(0.879 -0.00863674 -3.0455e-23)
(0.884179 -0.00880778 3.27501e-24)
(0.889354 -0.00896851 -8.53241e-23)
(0.894515 -0.00911909 1.13447e-22)
(0.899651 -0.00925967 -8.1785e-23)
(0.904753 -0.00939045 3.37674e-23)
(0.909812 -0.00951163 1.58025e-23)
(0.914818 -0.00962341 4.69955e-23)
(0.919763 -0.00972617 -1.89895e-25)
(0.924641 -0.00982053 4.9e-24)
(0.929443 -0.00990627 1.58339e-23)
(0.938516 -0.00940467 0)
(0.938516 -0.00940467 0)
(0.944934 -0.00949727 0)
(0.951349 -0.00957798 0)
(0.957738 -0.00964544 0)
(0.964078 -0.00969928 0)
(0.970344 -0.00973941 0)
(0.976512 -0.00976573 0)
(0.982558 -0.0097782 0)
(0.988457 -0.00977683 0)
(0.994185 -0.00976175 0)
(0.999719 -0.00973312 0)
(1.00504 -0.0096912 0)
(1.01012 -0.00963633 0)
(1.01495 -0.00956889 0)
(1.01951 -0.00948935 0)
(1.02378 -0.00939822 0)
(1.02775 -0.00929606 0)
(1.03142 -0.00918349 0)
(1.03477 -0.00906113 0)
(1.0378 -0.00892965 0)
(1.04051 -0.00878973 0)
(1.04291 -0.00864205 0)
(1.04499 -0.00848727 0)
(1.04676 -0.00832605 0)
(1.04824 -0.00815901 0)
(1.04944 -0.00798673 0)
(1.05037 -0.00780977 0)
(1.05104 -0.0076286 0)
(1.05148 -0.00744367 0)
(1.05169 -0.00725533 0)
(1.05171 -0.00706392 0)
(1.05156 -0.00686966 0)
(1.05124 -0.00667274 0)
(1.05077 -0.00647331 0)
(1.05019 -0.00627142 0)
(1.0495 -0.00606712 0)
(1.04872 -0.00586038 0)
(1.04787 -0.00565118 0)
(1.04696 -0.00543943 0)
(1.046 -0.00522505 0)
(1.045 -0.00500793 0)
(1.04399 -0.00478794 0)
(1.04295 -0.00456496 0)
(1.04191 -0.00433885 0)
(1.04087 -0.00410947 0)
(1.03985 -0.00387667 0)
(1.03883 -0.00364029 0)
(1.03785 -0.00340017 0)
(1.03689 -0.00315614 0)
(1.03597 -0.002908 0)
(1.03509 -0.00265558 0)
(1.03427 -0.00239867 0)
(1.03351 -0.00213704 0)
(1.03281 -0.00187046 0)
(1.03218 -0.0015987 0)
(1.03164 -0.00132148 0)
(1.03119 -0.00103854 0)
(1.03084 -0.000749574 0)
(1.0306 -0.000454306 0)
(1.03047 -0.000152532 0)
)
;
    }
}


// ************************************************************************* //
