/*--------------------------------*- C++ -*----------------------------------*\
  =========                 |
  \\      /  F ield         | OpenFOAM: The Open Source CFD Toolbox
   \\    /   O peration     | Website:  https://openfoam.org
    \\  /    A nd           | Version:  7
     \\/     M anipulation  |
\*---------------------------------------------------------------------------*/
FoamFile
{
    version     2.0;
    format      ascii;
    class       volVectorField;
    location    "55";
    object      U;
}
// * * * * * * * * * * * * * * * * * * * * * * * * * * * * * * * * * * * * * //

dimensions      [0 1 -1 0 0 0 0];

internalField   nonuniform List<vector> 
1063
(
(0.532925 -0.0607281 -1.86657e-23)
(0.553733 0.00761131 -5.97937e-23)
(0.564984 0.0577889 1.42212e-22)
(0.569173 0.075056 -3.00657e-23)
(0.576103 0.0600179 -5.16967e-23)
(0.594813 0.0267216 3.4275e-23)
(0.611951 -0.00616635 8.23968e-23)
(0.628022 -0.0257846 1.57244e-24)
(0.637194 -0.0293394 3.61216e-23)
(0.652051 -0.0212721 5.88795e-23)
(0.665057 -0.00890393 2.7036e-23)
(0.532343 -0.0611807 -1.5674e-22)
(0.550163 0.00704289 -1.05284e-22)
(0.560799 0.0574961 -7.12508e-23)
(0.566466 0.0748456 -6.33715e-24)
(0.575995 0.0596042 -7.33099e-24)
(0.597058 0.0261775 -1.73938e-22)
(0.61551 -0.00664767 3.49439e-23)
(0.631689 -0.0261372 -1.90278e-23)
(0.640119 -0.0296643 -1.47202e-22)
(0.653865 -0.0216451 -1.16335e-22)
(0.665949 -0.00934503 5.29653e-23)
(0.532334 -0.0615217 1.0792e-22)
(0.54711 0.00651569 3.64103e-23)
(0.557117 0.0571789 5.94545e-23)
(0.564272 0.0745706 1.17797e-22)
(0.576383 0.0591215 1.43228e-22)
(0.599749 0.0255875 1.44263e-22)
(0.61948 -0.00714345 -1.05544e-22)
(0.635752 -0.0264783 -2.32675e-23)
(0.643447 -0.0299638 1.67936e-22)
(0.656075 -0.0219922 5.17525e-23)
(0.667227 -0.00976871 -1.78392e-22)
(0.532908 -0.0617499 -2.17418e-23)
(0.544588 0.00603086 -8.1178e-23)
(0.553953 0.0568374 2.5987e-22)
(0.562596 0.0742315 -1.87051e-22)
(0.577262 0.0585712 -8.99283e-23)
(0.602875 0.0249529 1.44337e-23)
(0.623845 -0.00765297 -4.70905e-23)
(0.640198 -0.026808 2.22623e-22)
(0.647166 -0.0302382 -1.0551e-22)
(0.658674 -0.0223133 -3.87988e-24)
(0.668886 -0.0101745 -4.53904e-24)
(0.534069 -0.0618648 -7.74371e-23)
(0.542609 0.00558953 4.6752e-22)
(0.551316 0.0564721 -1.26986e-22)
(0.561441 0.0738292 6.63717e-23)
(0.578626 0.0579551 -2.71316e-22)
(0.606422 0.0242754 -1.29929e-23)
(0.628591 -0.00817549 1.41259e-22)
(0.645013 -0.0271262 -1.93657e-22)
(0.651265 -0.0304876 1.30026e-22)
(0.661657 -0.0226081 -8.66049e-23)
(0.670923 -0.010562 1.20831e-22)
(0.53582 -0.0618664 -1.27218e-22)
(0.541185 0.00519272 -2.95821e-22)
(0.549217 0.0560834 -3.9853e-22)
(0.560808 0.0733645 2.17063e-22)
(0.580468 0.057275 1.07403e-22)
(0.610376 0.0235568 -2.64183e-22)
(0.633701 -0.00871025 9.61555e-23)
(0.650182 -0.0274331 8.44549e-23)
(0.655732 -0.0307122 2.14532e-23)
(0.665012 -0.0228767 2.10799e-22)
(0.673332 -0.0109308 -1.93377e-22)
(0.538161 -0.061755 -5.77247e-23)
(0.540325 0.00484138 4.53788e-23)
(0.547663 0.0556722 6.54808e-23)
(0.560696 0.0728391 -6.35871e-23)
(0.582778 0.0565331 8.65574e-23)
(0.614724 0.022799 8.09742e-23)
(0.639159 -0.00925646 -2.76649e-22)
(0.655687 -0.0277289 -2.4154e-22)
(0.660553 -0.0309126 5.0419e-23)
(0.668732 -0.0231194 -5.93589e-23)
(0.676106 -0.0112807 4.95597e-23)
(0.541091 -0.0615317 2.36499e-22)
(0.540037 0.00453639 3.41627e-22)
(0.546659 0.0552396 1.9855e-22)
(0.561105 0.0722546 -3.7754e-22)
(0.585545 0.0557318 2.0183e-22)
(0.619449 0.0220039 4.44901e-22)
(0.644946 -0.00981334 -2.6072e-22)
(0.661511 -0.0280137 -2.40602e-22)
(0.665713 -0.0310891 2.14776e-22)
(0.672804 -0.0233362 8.19358e-23)
(0.679236 -0.0116114 5.80432e-23)
(0.544603 -0.0611979 3.93827e-22)
(0.540324 0.00427851 -4.35247e-22)
(0.546209 0.0547867 -2.26178e-22)
(0.56203 0.071613 -6.8996e-23)
(0.588759 0.0548738 -7.60906e-22)
(0.624535 0.0211738 1.16535e-22)
(0.651043 -0.01038 -5.75887e-23)
(0.667637 -0.0282879 5.0762e-22)
(0.671197 -0.0312424 -5.22259e-22)
(0.677216 -0.0235275 -1.97426e-23)
(0.682714 -0.0119228 2.04884e-22)
(0.548693 -0.0607557 -3.1051e-22)
(0.541189 0.00406836 1.52376e-22)
(0.546314 0.0543149 3.99165e-22)
(0.563466 0.0709166 6.30229e-22)
(0.592406 0.053962 4.74388e-22)
(0.629965 0.0203108 -3.94627e-22)
(0.657433 -0.0109558 7.0919e-22)
(0.674045 -0.0285516 -7.49635e-23)
(0.676986 -0.0313732 1.25199e-22)
(0.681955 -0.0236937 -6.75293e-23)
(0.686528 -0.0122147 -1.11609e-22)
(0.553349 -0.0602075 -1.653e-24)
(0.542634 0.00390648 -9.79176e-23)
(0.546975 0.0538258 -3.6535e-22)
(0.565407 0.0701679 -7.67439e-22)
(0.596474 0.0529995 3.0928e-23)
(0.635722 0.0194172 -2.87225e-22)
(0.664094 -0.0115396 2.34358e-23)
(0.680717 -0.0288054 3.7967e-22)
(0.683065 -0.0314821 2.14262e-22)
(0.687008 -0.0238353 -3.14567e-22)
(0.690669 -0.0124872 7.8672e-23)
(0.558559 -0.0595564 -4.69233e-22)
(0.544657 0.00379323 5.35788e-22)
(0.548189 0.0533212 4.58377e-23)
(0.567844 0.0693698 3.67984e-22)
(0.600948 0.0519893 1.92635e-22)
(0.641788 0.0184956 5.37525e-22)
(0.671008 -0.0121307 -4.63796e-22)
(0.687632 -0.0290495 -3.26915e-22)
(0.689415 -0.0315701 5.03211e-23)
(0.692358 -0.0239528 2.87531e-22)
(0.695123 -0.0127402 -4.94865e-23)
(0.56431 -0.058806 5.18989e-22)
(0.547254 0.00372883 -7.31316e-22)
(0.549953 0.0528029 2.26736e-22)
(0.570769 0.0685251 -2.65992e-22)
(0.605814 0.050935 -4.23682e-22)
(0.648144 0.0175483 1.16884e-22)
(0.678154 -0.0127281 3.84013e-22)
(0.69477 -0.0292844 -1.45145e-22)
(0.696017 -0.031638 -2.02599e-22)
(0.69799 -0.024047 2.83424e-22)
(0.699878 -0.0129739 8.32403e-23)
(0.570585 -0.0579601 3.29342e-22)
(0.550419 0.00371334 1.91165e-22)
(0.552262 0.0522729 -6.61813e-23)
(0.574171 0.0676371 -4.20751e-22)
(0.611055 0.04984 3.54813e-22)
(0.654772 0.0165779 -3.36e-22)
(0.685513 -0.0133309 -2.84556e-22)
(0.702112 -0.0295105 -3.79394e-22)
(0.702852 -0.0316867 4.04113e-23)
(0.703888 -0.0241185 -4.72286e-22)
(0.704919 -0.0131885 -7.29381e-23)
(0.577364 -0.0570233 -5.3312e-22)
(0.554146 0.00374661 3.61915e-22)
(0.555108 0.0517333 2.10028e-22)
(0.578039 0.0667092 1.0059e-21)
(0.616656 0.0487079 -6.60753e-22)
(0.661654 0.0155871 -6.8805e-23)
(0.693064 -0.0139382 3.48597e-22)
(0.709637 -0.0297281 4.86333e-22)
(0.7099 -0.0317173 -1.44619e-22)
(0.710034 -0.0241682 3.33845e-22)
(0.710233 -0.0133841 7.31051e-24)
(0.584627 -0.0560004 9.27876e-23)
(0.558423 0.00382833 -8.0428e-22)
(0.558484 0.0511863 5.06345e-22)
(0.582361 0.0657448 -5.39516e-22)
(0.6226 0.0475425 1.0234e-21)
(0.668771 0.0145784 -2.72998e-23)
(0.700788 -0.0145489 -6.64812e-22)
(0.717324 -0.0299378 -1.60716e-22)
(0.717143 -0.0317308 1.6927e-22)
(0.716412 -0.024197 -7.51523e-23)
(0.715803 -0.013561 -7.65622e-24)
(0.59235 -0.0548967 1.77332e-22)
(0.56324 0.00395797 8.96026e-23)
(0.562379 0.0506341 -4.72292e-22)
(0.587123 0.0647476 -5.40184e-23)
(0.628872 0.0463476 3.43183e-23)
(0.676105 0.0135547 -8.22577e-23)
(0.708664 -0.015162 5.37248e-22)
(0.725153 -0.0301399 3.55293e-22)
(0.724559 -0.0317282 -1.97167e-22)
(0.723002 -0.0242056 -1.25573e-22)
(0.721614 -0.0137196 2.62367e-22)
(0.60051 -0.053718 4.85963e-23)
(0.568583 0.00413479 7.87387e-23)
(0.566782 0.0500789 -1.64885e-22)
(0.592311 0.0637212 -1.68613e-22)
(0.635453 0.0451269 -1.10582e-21)
(0.683638 0.0125186 4.83336e-23)
(0.716674 -0.0157766 -2.98429e-22)
(0.733105 -0.0303348 1.5543e-22)
(0.73213 -0.0317106 4.53785e-22)
(0.729787 -0.0241952 4.91001e-23)
(0.72765 -0.0138603 -1.98267e-22)
(0.609079 -0.0524702 2.09261e-22)
(0.574437 0.00435782 2.01748e-22)
(0.571681 0.049523 6.15058e-22)
(0.597911 0.0626694 -5.48804e-23)
(0.642327 0.0438845 7.53819e-22)
(0.691351 0.0114728 4.92077e-24)
(0.724798 -0.0163915 5.57793e-23)
(0.741159 -0.0305231 3.96059e-23)
(0.739834 -0.0316792 -4.94598e-22)
(0.736749 -0.0241666 1.1271e-22)
(0.733894 -0.0139835 4.82517e-23)
(0.618029 -0.0511596 -4.55464e-22)
(0.580784 0.00462586 -1.72082e-22)
(0.577062 0.0489686 -3.41867e-22)
(0.603909 0.0615962 -2.773e-23)
(0.649478 0.0426241 9.13049e-23)
(0.699228 0.0104202 3.84637e-22)
(0.733019 -0.0170056 -5.74065e-22)
(0.749296 -0.0307049 -2.48595e-22)
(0.747652 -0.031635 7.22297e-23)
(0.743867 -0.0241211 -2.1258e-22)
(0.740329 -0.0140898 -2.09688e-22)
(0.627332 -0.0497927 -1.24706e-22)
(0.587606 0.00493748 9.20539e-23)
(0.58291 0.0484181 -3.90875e-23)
(0.610287 0.0605052 -3.48685e-22)
(0.656888 0.0413498 4.13234e-22)
(0.707251 0.00936341 2.23339e-22)
(0.741317 -0.017618 -3.27594e-22)
(0.757498 -0.0308808 -1.56998e-22)
(0.755566 -0.0315791 1.02518e-23)
(0.751125 -0.0240595 1.01419e-23)
(0.746938 -0.0141795 -9.47447e-23)
(0.636957 -0.0483766 5.49631e-22)
(0.594883 0.00529101 -3.80383e-22)
(0.589209 0.0478734 -1.07542e-22)
(0.617031 0.0594005 6.04175e-22)
(0.664541 0.0400654 -1.21906e-22)
(0.715404 0.00830528 -5.11253e-22)
(0.749677 -0.0182273 8.95052e-22)
(0.765745 -0.0310509 4.66218e-22)
(0.763554 -0.0315127 3.73693e-22)
(0.758502 -0.0239831 -1.12583e-22)
(0.753703 -0.0142535 4.50235e-23)
(0.646872 -0.046918 1.45349e-22)
(0.602593 0.00568454 1.01954e-22)
(0.595943 0.0473366 -7.8939e-23)
(0.624123 0.0582858 -1.00282e-22)
(0.67242 0.0387747 -1.15523e-21)
(0.723669 0.0072485 8.72018e-22)
(0.75808 -0.0188326 -1.53482e-22)
(0.774021 -0.0312157 -3.81196e-22)
(0.7716 -0.0314368 -1.81466e-22)
(0.765981 -0.0238929 1.72975e-23)
(0.760606 -0.0143121 2.87662e-22)
(0.610713 0.00611591 2.38088e-22)
(0.603095 0.0468097 -2.22954e-22)
(0.631548 0.0571649 4.66694e-22)
(0.680509 0.0374817 1.00946e-21)
(0.732032 0.00619579 -2.79066e-22)
(0.766511 -0.0194327 -4.661e-22)
(0.782307 -0.0313753 -2.4629e-22)
(0.779683 -0.0313525 -3.84015e-22)
(0.773544 -0.0237901 1.06996e-22)
(0.767632 -0.0143562 -2.68513e-22)
(0.61922 0.00658275 -1.69704e-22)
(0.610645 0.0462944 6.26699e-22)
(0.639289 0.0560416 -6.62643e-22)
(0.688791 0.03619 -6.50592e-22)
(0.740477 0.00514981 4.76848e-22)
(0.774954 -0.0200263 5.7478e-22)
(0.790589 -0.03153 -1.13845e-22)
(0.787788 -0.0312608 2.20178e-22)
(0.781172 -0.0236757 1.13896e-22)
(0.774761 -0.0143864 5.75339e-23)
(0.628088 0.00708244 -3.63077e-22)
(0.618576 0.0457926 -6.42951e-24)
(0.647329 0.0549194 9.6219e-22)
(0.697251 0.0349034 6.47204e-22)
(0.748989 0.00411321 -1.9312e-22)
(0.783395 -0.0206124 -7.88342e-22)
(0.798849 -0.03168 6.29069e-22)
(0.795896 -0.0311627 -1.908e-23)
(0.788847 -0.0235509 1.9682e-22)
(0.781977 -0.0144033 -1.84081e-22)
(0.637292 0.00761213 6.87751e-23)
(0.626867 0.0453055 3.54363e-22)
(0.655651 0.053802 -1.3454e-21)
(0.705873 0.0336255 -3.08328e-22)
(0.757554 0.00308861 -9.90343e-23)
(0.79182 -0.0211898 4.33873e-23)
(0.807074 -0.0318253 -5.51555e-22)
(0.803991 -0.0310592 -1.53463e-22)
(0.796553 -0.0234169 8.98693e-23)
(0.789264 -0.0144078 2.95666e-22)
(0.646804 0.00816879 -1.68736e-22)
(0.635499 0.0448346 -1.50168e-22)
(0.664238 0.0526927 5.40003e-22)
(0.714642 0.0323599 4.19443e-22)
(0.766158 0.00207872 -2.92594e-22)
(0.800215 -0.0217572 7.35867e-22)
(0.815249 -0.0319662 2.82984e-22)
(0.812058 -0.0309512 3.63248e-22)
(0.804273 -0.0232746 -3.10389e-22)
(0.796603 -0.0144005 -6.76086e-23)
(0.656596 0.00874917 9.0312e-23)
(0.644451 0.0443809 -7.53016e-22)
(0.673075 0.0515949 2.55137e-22)
(0.723544 0.0311098 -8.79848e-22)
(0.774788 0.00108626 -3.69324e-22)
(0.808568 -0.0223136 -6.68827e-22)
(0.82336 -0.0321026 -4.00671e-23)
(0.820081 -0.0308395 -2.43712e-22)
(0.811991 -0.0231252 1.58804e-22)
(0.80398 -0.0143822 6.91764e-24)
(0.666642 0.00934985 2.31177e-22)
(0.653703 0.0439454 2.19941e-22)
(0.682143 0.0505117 -6.91574e-22)
(0.732562 0.0298787 2.05167e-22)
(0.783431 0.000114264 5.50436e-22)
(0.816867 -0.0228578 5.46544e-22)
(0.831397 -0.0322346 3.01573e-22)
(0.828046 -0.030725 3.79837e-22)
(0.819692 -0.0229696 8.33796e-23)
(0.811378 -0.0143537 -1.86572e-22)
(0.676911 0.00996723 -2.95711e-23)
(0.663233 0.0435287 1.35949e-22)
(0.691427 0.0494461 2.73902e-22)
(0.741684 0.0286698 2.80078e-22)
(0.792075 -0.000838791 -1.04785e-21)
(0.825101 -0.0233888 -1.65159e-22)
(0.839346 -0.0323622 4.65122e-23)
(0.83594 -0.0306085 -3.03021e-22)
(0.82736 -0.022809 -3.41497e-22)
(0.818783 -0.0143157 2.4879e-22)
(0.687376 0.0105975 6.72153e-23)
(0.673021 0.0431313 2.39595e-22)
(0.700911 0.048401 4.60928e-23)
(0.750895 0.0274862 3.01233e-22)
(0.800709 -0.00176974 6.21619e-22)
(0.833259 -0.0239053 2.72719e-22)
(0.847198 -0.0324853 -4.14495e-23)
(0.843751 -0.0304906 -7.18706e-23)
(0.834982 -0.0226443 -3.0206e-23)
(0.826178 -0.0142689 -1.76978e-22)
(0.698006 0.011237 -2.2734e-22)
(0.683046 0.0427535 8.81588e-24)
(0.710579 0.0473788 2.66303e-22)
(0.760182 0.0263306 1.81123e-22)
(0.80932 -0.00267274 -5.75429e-22)
(0.841332 -0.0244063 1.61485e-22)
(0.854942 -0.0326039 -6.61269e-23)
(0.851466 -0.030372 1.61615e-22)
(0.842544 -0.0224763 -5.3287e-23)
(0.83355 -0.0142142 7.37513e-23)
(0.708774 0.0118825 1.27176e-23)
(0.693285 0.042395 -5.50202e-24)
(0.720414 0.0463816 -3.64778e-22)
(0.769532 0.0252053 2.93316e-22)
(0.817898 -0.00354796 1.21047e-24)
(0.84931 -0.0248911 -6.45717e-22)
(0.862569 -0.0327178 8.76144e-23)
(0.859076 -0.0302531 -1.03131e-22)
(0.850034 -0.0223058 8.30795e-23)
(0.840886 -0.0141522 3.47719e-23)
(0.719649 0.0125295 2.27251e-22)
(0.703719 0.0420556 -1.99243e-24)
(0.730403 0.0454118 -5.89932e-24)
(0.778932 0.0241133 1.22234e-22)
(0.826432 -0.00439353 1.93118e-22)
(0.857186 -0.0253582 5.92553e-22)
(0.870072 -0.0328267 -2.64444e-22)
(0.86657 -0.0301344 -1.25194e-22)
(0.85744 -0.0221338 5.70146e-23)
(0.848172 -0.0140836 1.02507e-22)
(0.730602 0.0131676 -4.43094e-23)
(0.714326 0.0417355 9.20553e-23)
(0.740531 0.0444768 6.26323e-23)
(0.788369 0.0230637 -1.48725e-22)
(0.834912 -0.00520322 -3.17819e-22)
(0.86495 -0.0258057 2.45742e-23)
(0.877442 -0.0329316 1.88118e-22)
(0.87394 -0.0300185 -8.65034e-23)
(0.864751 -0.0219625 6.77292e-23)
(0.855396 -0.0140101 -1.20574e-24)
(0.741605 0.0137863 2.12196e-23)
(0.725084 0.041435 -1.38753e-22)
(0.750783 0.0435849 9.4386e-23)
(0.797832 0.0220656 -2.88232e-22)
(0.843329 -0.00597121 2.68711e-24)
(0.872596 -0.0262327 1.30137e-22)
(0.884674 -0.0330346 6.01118e-23)
(0.881176 -0.0299082 4.23827e-23)
(0.871957 -0.021795 -1.46257e-22)
(0.862546 -0.0139339 1.06179e-23)
(0.752629 0.0144323 -5.05747e-23)
(0.735974 0.0411497 -1.13238e-23)
(0.761146 0.0426958 2.65902e-22)
(0.807308 0.0210712 -9.27918e-23)
(0.851671 -0.00672918 -2.04634e-22)
(0.880116 -0.026649 -1.41351e-23)
(0.89176 -0.0331295 1.41213e-22)
(0.888273 -0.0297918 -8.6484e-24)
(0.879049 -0.0216206 -6.48528e-23)
(0.869612 -0.0138486 3.43814e-23)
(0.765958 0.0154072 0)
(0.749299 0.0408178 0)
(0.773858 0.0414881 0)
(0.818875 0.0197022 0)
(0.86179 -0.00775291 0)
(0.889194 -0.0271749 0)
(0.900301 -0.0332097 0)
(0.896843 -0.0295946 0)
(0.887653 -0.021356 0)
(0.878227 -0.0137055 0)
(0.876657 -0.00833844 0)
(0.782262 0.0170719 0)
(0.765753 0.0406655 0)
(0.789506 0.039988 0)
(0.832999 0.0178438 0)
(0.874048 -0.0092042 0)
(0.900096 -0.0279454 0)
(0.91048 -0.0333539 0)
(0.90703 -0.0293438 0)
(0.897903 -0.0209976 0)
(0.88853 -0.0134919 0)
(0.886562 -0.00835804 0)
(0.798848 0.0187474 0)
(0.78265 0.0405457 0)
(0.805549 0.0385173 0)
(0.847395 0.0160183 0)
(0.886462 -0.0106231 0)
(0.911053 -0.0286987 0)
(0.920641 -0.0334959 0)
(0.917181 -0.029096 0)
(0.908147 -0.020638 0)
(0.898877 -0.0132699 0)
(0.89655 -0.00836448 0)
(0.815645 0.0203576 0)
(0.799929 0.0404123 0)
(0.821939 0.0370811 0)
(0.862025 0.0142602 0)
(0.899001 -0.0119722 0)
(0.922038 -0.0294046 0)
(0.930759 -0.0336192 0)
(0.927265 -0.0288465 0)
(0.918352 -0.0202792 0)
(0.909233 -0.0130424 0)
(0.906588 -0.00835834 0)
(0.832577 0.0219264 0)
(0.817518 0.0402769 0)
(0.838621 0.0356753 0)
(0.876845 0.0125559 0)
(0.911629 -0.0132648 0)
(0.933019 -0.0300691 0)
(0.940805 -0.0337234 0)
(0.937251 -0.0285927 0)
(0.928483 -0.0199185 0)
(0.919562 -0.0128076 0)
(0.916642 -0.00833859 0)
(0.849562 0.0234539 0)
(0.835338 0.0401431 0)
(0.855528 0.0343022 0)
(0.891807 0.0109057 0)
(0.924308 -0.0145004 0)
(0.943965 -0.0306911 0)
(0.95075 -0.0338075 0)
(0.94711 -0.0283343 0)
(0.938508 -0.0195566 0)
(0.929827 -0.0125663 0)
(0.926673 -0.00830554 0)
(0.866512 0.0249241 0)
(0.8533 0.0400063 0)
(0.87259 0.0329666 0)
(0.906853 0.0093179 0)
(0.936993 -0.0156707 0)
(0.954843 -0.0312645 0)
(0.960565 -0.0338684 0)
(0.95681 -0.0280713 0)
(0.948389 -0.0191952 0)
(0.939988 -0.0123203 0)
(0.936645 -0.00826002 0)
(0.883338 0.0263204 0)
(0.871313 0.0398605 0)
(0.889727 0.0316726 0)
(0.921923 0.00780089 0)
(0.949638 -0.0167676 0)
(0.965616 -0.031783 0)
(0.970221 -0.0339028 0)
(0.966321 -0.0278033 0)
(0.958094 -0.0188357 0)
(0.950008 -0.0120713 0)
(0.946518 -0.00820292 0)
(0.899947 0.0276277 0)
(0.889277 0.0396997 0)
(0.906854 0.0304231 0)
(0.936947 0.00636145 0)
(0.962191 -0.0177841 0)
(0.976247 -0.0322411 0)
(0.979687 -0.0339074 0)
(0.975613 -0.0275297 0)
(0.967586 -0.0184795 0)
(0.959847 -0.0118211 0)
(0.956253 -0.00813516 0)
(0.916244 0.0288318 0)
(0.907088 0.0395178 0)
(0.923879 0.0292205 0)
(0.951855 0.00500562 0)
(0.974599 -0.0187138 0)
(0.986698 -0.0326334 0)
(0.988935 -0.033879 0)
(0.984655 -0.0272498 0)
(0.976833 -0.0181277 0)
(0.969467 -0.0115711 0)
(0.965809 -0.00805779 0)
(0.932138 0.0299187 0)
(0.924639 0.0393081 0)
(0.940707 0.0280663 0)
(0.966567 0.00373882 0)
(0.986805 -0.0195509 0)
(0.996927 -0.0329552 0)
(0.997934 -0.0338146 0)
(0.99342 -0.0269629 0)
(0.985802 -0.0177812 0)
(0.97883 -0.0113231 0)
(0.975147 -0.00797192 0)
(0.947539 0.0308756 0)
(0.941823 0.0390637 0)
(0.957237 0.0269612 0)
(0.981005 0.00256562 0)
(0.998748 -0.0202902 0)
(1.00689 -0.0332019 0)
(1.00665 -0.0337112 0)
(1.00188 -0.0266679 0)
(0.994462 -0.0174409 0)
(0.9879 -0.0110786 0)
(0.984228 -0.00787874 0)
(0.962358 0.0316904 0)
(0.958531 0.0387774 0)
(0.973368 0.0259052 0)
(0.995085 0.00148964 0)
(1.01037 -0.0209276 0)
(1.01656 -0.03337 0)
(1.01507 -0.033566 0)
(1.01001 -0.0263638 0)
(1.00278 -0.0171074 0)
(0.996642 -0.010839 0)
(0.993015 -0.0077795 0)
(0.976518 0.0323529 0)
(0.974659 0.0384425 0)
(0.988998 0.0248976 0)
(1.00873 0.000513403 0)
(1.02161 -0.0214597 0)
(1.02587 -0.0334561 0)
(1.02314 -0.0333767 0)
(1.01778 -0.0260498 0)
(1.01074 -0.0167812 0)
(1.00502 -0.0106056 0)
(1.00147 -0.00767546 0)
(0.989946 0.0328545 0)
(0.990106 0.0380522 0)
(1.00403 0.0239367 0)
(1.02184 -0.000361637 0)
(1.0324 -0.0218845 0)
(1.03481 -0.0334582 0)
(1.03085 -0.0331413 0)
(1.02518 -0.0257246 0)
(1.01831 -0.0164627 0)
(1.01301 -0.0103796 0)
(1.00956 -0.00756787 0)
(1.00258 0.0331889 0)
(1.00478 0.0376005 0)
(1.01836 0.0230203 0)
(1.03436 -0.00113538 0)
(1.0427 -0.022201 0)
(1.04331 -0.0333748 0)
(1.03818 -0.032858 0)
(1.03218 -0.0253872 0)
(1.02546 -0.0161519 0)
(1.02059 -0.0101621 0)
(1.01726 -0.00745798 0)
(1.01436 0.0333517 0)
(1.0186 0.0370821 0)
(1.03192 0.0221454 0)
(1.04621 -0.00180901 0)
(1.05244 -0.0224096 0)
(1.05136 -0.0332056 0)
(1.04509 -0.0325259 0)
(1.03876 -0.0250368 0)
(1.03219 -0.0158487 0)
(1.02772 -0.00995381 0)
(1.02453 -0.00734699 0)
(1.02526 0.0333416 0)
(1.03148 0.0364926 0)
(1.04461 0.0213086 0)
(1.05732 -0.00238482 0)
(1.06158 -0.0225119 0)
(1.05891 -0.0329512 0)
(1.05157 -0.0321445 0)
(1.04491 -0.0246725 0)
(1.03847 -0.0155529 0)
(1.03439 -0.0097554 0)
(1.03136 -0.00723601 0)
(1.03525 0.0331594 0)
(1.04338 0.0358289 0)
(1.05637 0.0205059 0)
(1.06763 -0.00286635 0)
(1.07007 -0.0225107 0)
(1.06594 -0.0326131 0)
(1.0576 -0.0317137 0)
(1.05063 -0.0242934 0)
(1.04429 -0.0152642 0)
(1.04059 -0.00956725 0)
(1.03772 -0.00712606 0)
(1.04432 0.0328089 0)
(1.05425 0.0350889 0)
(1.06716 0.0197332 0)
(1.07709 -0.00325826 0)
(1.07788 -0.0224103 0)
(1.07242 -0.0321941 0)
(1.06317 -0.0312342 0)
(1.0559 -0.0238992 0)
(1.04966 -0.0149819 0)
(1.04631 -0.00938953 0)
(1.0436 -0.00701805 0)
(1.05246 0.0322964 0)
(1.06405 0.0342722 0)
(1.07692 0.0189861 0)
(1.08568 -0.00356623 0)
(1.08499 -0.0222159 0)
(1.07834 -0.0316977 0)
(1.06826 -0.0307074 0)
(1.06071 -0.0234894 0)
(1.05455 -0.0147053 0)
(1.05153 -0.00922219 0)
(1.04899 -0.00691273 0)
(1.05969 0.0316306 0)
(1.07279 0.0333799 0)
(1.08564 0.0182602 0)
(1.09336 -0.00379677 0)
(1.09136 -0.0219336 0)
(1.08367 -0.0311283 0)
(1.07288 -0.0301349 0)
(1.06508 -0.0230638 0)
(1.05899 -0.0144337 0)
(1.05626 -0.00906493 0)
(1.05388 -0.00681071 0)
(1.06604 0.0308226 0)
(1.08046 0.0324145 0)
(1.0933 0.0175515 0)
(1.10012 -0.00395706 0)
(1.097 -0.0215708 0)
(1.08843 -0.0304912 0)
(1.07701 -0.0295193 0)
(1.06899 -0.0226225 0)
(1.06296 -0.0141663 0)
(1.0605 -0.00891727 0)
(1.05828 -0.00671242 0)
(1.07155 0.0298857 0)
(1.0871 0.03138 0)
(1.09992 0.0168559 0)
(1.10598 -0.00405478 0)
(1.1019 -0.0211351 0)
(1.0926 -0.0297923 0)
(1.08067 -0.0288634 0)
(1.07247 -0.0221657 0)
(1.06648 -0.013902 0)
(1.06425 -0.00877848 0)
(1.06217 -0.0066181 0)
(1.07626 0.0288344 0)
(1.09272 0.0302819 0)
(1.10553 0.0161702 0)
(1.11094 -0.00409785 0)
(1.10608 -0.0206351 0)
(1.0962 -0.0290379 0)
(1.08387 -0.0281704 0)
(1.07551 -0.0216938 0)
(1.06956 -0.01364 0)
(1.06754 -0.00864767 0)
(1.06559 -0.00652781 0)
(1.08023 0.0276848 0)
(1.0974 0.0291269 0)
(1.11015 0.0154913 0)
(1.11503 -0.00409426 0)
(1.10956 -0.0200793 0)
(1.09925 -0.0282349 0)
(1.0866 -0.0274439 0)
(1.07813 -0.0212074 0)
(1.07222 -0.0133791 0)
(1.07037 -0.00852376 0)
(1.06853 -0.00644142 0)
(1.08353 0.0264536 0)
(1.10118 0.0279229 0)
(1.11385 0.0148171 0)
(1.1183 -0.00405185 0)
(1.11237 -0.0194766 0)
(1.10175 -0.0273902 0)
(1.0889 -0.0266878 0)
(1.08036 -0.0207073 0)
(1.07448 -0.0131184 0)
(1.07277 -0.00840554 0)
(1.07102 -0.00635861 0)
(1.08622 0.025158 0)
(1.10414 0.0266785 0)
(1.11669 0.014146 0)
(1.1208 -0.00397811 0)
(1.11453 -0.0188355 0)
(1.10375 -0.0265108 0)
(1.09079 -0.025906 0)
(1.08221 -0.0201943 0)
(1.07635 -0.0128568 0)
(1.07476 -0.00829165 0)
(1.07308 -0.00627889 0)
(1.08836 0.0238149 0)
(1.10636 0.0254031 0)
(1.11874 0.0134771 0)
(1.12258 -0.00388001 0)
(1.11611 -0.0181643 0)
(1.10526 -0.0256037 0)
(1.09228 -0.0251025 0)
(1.0837 -0.0196692 0)
(1.07787 -0.0125933 0)
(1.07636 -0.00818065 0)
(1.07474 -0.00620159 0)
(1.09002 0.0224409 0)
(1.10792 0.0241062 0)
(1.12008 0.0128101 0)
(1.12371 -0.00376389 0)
(1.11714 -0.0174711 0)
(1.10634 -0.0246754 0)
(1.09341 -0.0242813 0)
(1.08487 -0.0191332 0)
(1.07905 -0.0123269 0)
(1.07761 -0.00807103 0)
(1.07601 -0.00612592 0)
(1.09127 0.0210515 0)
(1.1089 0.0227975 0)
(1.12078 0.0121457 0)
(1.12425 -0.00363532 0)
(1.11768 -0.0167629 0)
(1.107 -0.0237323 0)
(1.0942 -0.0234462 0)
(1.08573 -0.0185872 0)
(1.07993 -0.0120568 0)
(1.07852 -0.00796123 0)
(1.07693 -0.00605092 0)
(1.09216 0.0196613 0)
(1.10938 0.0214865 0)
(1.12094 0.0114848 0)
(1.12428 -0.0034991 0)
(1.11778 -0.0160465 0)
(1.10731 -0.0227802 0)
(1.09469 -0.0226008 0)
(1.08631 -0.0180322 0)
(1.08054 -0.0117818 0)
(1.07914 -0.00784968 0)
(1.07754 -0.00597555 0)
(1.09275 0.0182834 0)
(1.10944 0.0201823 0)
(1.12063 0.0108289 0)
(1.12386 -0.00335915 0)
(1.11749 -0.0153275 0)
(1.10729 -0.0218242 0)
(1.09491 -0.0217485 0)
(1.08664 -0.017469 0)
(1.08089 -0.0115013 0)
(1.07949 -0.00773483 0)
(1.07786 -0.0058987 0)
(1.0931 0.0169292 0)
(1.10916 0.0188934 0)
(1.11993 0.0101799 0)
(1.12307 -0.0032186 0)
(1.11688 -0.0146109 0)
(1.10698 -0.0208691 0)
(1.09488 -0.0208923 0)
(1.08676 -0.0168985 0)
(1.08102 -0.0112144 0)
(1.0796 -0.00761515 0)
(1.07792 -0.00581918 0)
(1.09323 0.0156087 0)
(1.10858 0.0176274 0)
(1.1189 0.00953983 0)
(1.12196 -0.0030798 0)
(1.11598 -0.0139009 0)
(1.10643 -0.0199188 0)
(1.09465 -0.020035 0)
(1.08667 -0.0163215 0)
(1.08096 -0.0109202 0)
(1.0795 -0.00748921 0)
(1.07776 -0.00573578 0)
(1.0932 0.0143302 0)
(1.10778 0.0163913 0)
(1.11762 0.00891103 0)
(1.1206 -0.00294437 0)
(1.11486 -0.0132007 0)
(1.10567 -0.0189767 0)
(1.09422 -0.0191788 0)
(1.08642 -0.0157387 0)
(1.08073 -0.0106183 0)
(1.07922 -0.00735563 0)
(1.0774 -0.0056473 0)
(1.09303 0.0131003 0)
(1.10681 0.0151907 0)
(1.11614 0.00829573 0)
(1.11904 -0.00281333 0)
(1.11354 -0.0125129 0)
(1.10474 -0.0180456 0)
(1.09365 -0.0183258 0)
(1.08602 -0.0151508 0)
(1.08035 -0.0103079 0)
(1.07879 -0.00721315 0)
(1.07688 -0.00555256 0)
(1.09276 0.0119244 0)
(1.10571 0.0140307 0)
(1.11452 0.00769618 0)
(1.11733 -0.00268716 0)
(1.11208 -0.0118395 0)
(1.10367 -0.0171277 0)
(1.09294 -0.0174776 0)
(1.0855 -0.014558 0)
(1.07985 -0.00998849 0)
(1.07823 -0.00706061 0)
(1.07621 -0.00545042 0)
(1.09239 0.0108063 0)
(1.10451 0.0129152 0)
(1.11279 0.00711441 0)
(1.1155 -0.00256593 0)
(1.1105 -0.0111817 0)
(1.10248 -0.0162246 0)
(1.09213 -0.0166356 0)
(1.08488 -0.013961 0)
(1.07925 -0.00965965 0)
(1.07756 -0.00689698 0)
(1.07544 -0.00533981 0)
(1.09195 0.00974883 0)
(1.10324 0.0118472 0)
(1.11099 0.00655227 0)
(1.1136 -0.00244936 0)
(1.10884 -0.0105403 0)
(1.10121 -0.0153376 0)
(1.09122 -0.0158008 0)
(1.08417 -0.01336 0)
(1.07857 -0.00932099 0)
(1.0768 -0.00672137 0)
(1.07457 -0.00521976 0)
(1.09146 0.00875364 0)
(1.10193 0.0108291 0)
(1.10915 0.00601139 0)
(1.11165 -0.00233697 0)
(1.10713 -0.00991572 0)
(1.09987 -0.0144673 0)
(1.09025 -0.014974 0)
(1.08339 -0.0127551 0)
(1.07781 -0.0089722 0)
(1.07598 -0.00653302 0)
(1.07362 -0.00508936 0)
(1.09091 0.00782161 0)
(1.1006 0.00986232 0)
(1.1073 0.00549316 0)
(1.10968 -0.00222805 0)
(1.10538 -0.00930785 0)
(1.09849 -0.0136142 0)
(1.08923 -0.0141556 0)
(1.08255 -0.0121467 0)
(1.07701 -0.00861303 0)
(1.0751 -0.00633127 0)
(1.07263 -0.00494784 0)
(1.09033 0.00695288 0)
(1.09926 0.00894767 0)
(1.10546 0.00499868 0)
(1.10771 -0.00212186 0)
(1.10363 -0.00871646 0)
(1.09707 -0.0127783 0)
(1.08817 -0.0133459 0)
(1.08168 -0.0115348 0)
(1.07616 -0.0082433 0)
(1.07419 -0.00611563 0)
(1.07159 -0.00479452 0)
(1.08973 0.006147 0)
(1.09793 0.00808544 0)
(1.10363 0.00452874 0)
(1.10576 -0.00201757 0)
(1.10187 -0.00814104 0)
(1.09565 -0.0119597 0)
(1.08708 -0.012545 0)
(1.08077 -0.0109194 0)
(1.07528 -0.00786289 0)
(1.07325 -0.00588568 0)
(1.07053 -0.00462884 0)
(1.0891 0.00540305 0)
(1.09661 0.00727541 0)
(1.10184 0.00408391 0)
(1.10384 -0.00191436 0)
(1.10013 -0.00758091 0)
(1.09423 -0.0111577 0)
(1.08598 -0.011753 0)
(1.07985 -0.0103005 0)
(1.07439 -0.00747172 0)
(1.07229 -0.00564114 0)
(1.06946 -0.00445034 0)
(1.08846 0.0047197 0)
(1.09531 0.00651693 0)
(1.10009 0.00366451 0)
(1.10197 -0.00181141 0)
(1.09843 -0.00703525 0)
(1.09281 -0.010372 0)
(1.08488 -0.0109694 0)
(1.07892 -0.00967802 0)
(1.07349 -0.00706975 0)
(1.07134 -0.00538181 0)
(1.06839 -0.00425867 0)
(1.0878 0.00409527 0)
(1.09405 0.00580897 0)
(1.0984 0.00327061 0)
(1.10015 -0.00170796 0)
(1.09676 -0.00650314 0)
(1.09142 -0.00960163 0)
(1.08379 -0.010194 0)
(1.07799 -0.00905187 0)
(1.07259 -0.00665695 0)
(1.07038 -0.00510757 0)
(1.06733 -0.00405356 0)
(1.08715 0.0035278 0)
(1.09282 0.00515016 0)
(1.09677 0.00290208 0)
(1.09839 -0.00160328 0)
(1.09515 -0.00598357 0)
(1.09007 -0.00884584 0)
(1.08271 -0.00942613 0)
(1.07707 -0.00842181 0)
(1.0717 -0.00623332 0)
(1.06944 -0.00481838 0)
(1.06629 -0.00383487 0)
(1.0865 0.00301507 0)
(1.09164 0.00453885 0)
(1.09521 0.00255849 0)
(1.09671 -0.0014967 0)
(1.09359 -0.00547545 0)
(1.08875 -0.00810353 0)
(1.08165 -0.00866522 0)
(1.07616 -0.0077876 0)
(1.07083 -0.00579885 0)
(1.06853 -0.00451425 0)
(1.06527 -0.00360249 0)
(1.08587 0.0025546 0)
(1.09052 0.00397307 0)
(1.09373 0.00223922 0)
(1.09511 -0.00138763 0)
(1.09211 -0.00497758 0)
(1.08749 -0.00737351 0)
(1.08063 -0.00791041 0)
(1.07529 -0.00714889 0)
(1.06998 -0.00535355 0)
(1.06764 -0.00419525 0)
(1.0643 -0.00335643 0)
(1.08525 0.00214367 0)
(1.08945 0.00345052 0)
(1.09234 0.0019436 0)
(1.09361 -0.0012755 0)
(1.09071 -0.00448874 0)
(1.08629 -0.00665443 0)
(1.07966 -0.00716074 0)
(1.07444 -0.00650527 0)
(1.06917 -0.00489738 0)
(1.0668 -0.00386149 0)
(1.06337 -0.00309674 0)
(1.08466 0.00177928 0)
(1.08845 0.00296867 0)
(1.09104 0.00167052 0)
(1.0922 -0.00115986 0)
(1.0894 -0.00400759 0)
(1.08516 -0.00594478 0)
(1.07873 -0.00641508 0)
(1.07364 -0.00585621 0)
(1.0684 -0.00443031 0)
(1.06599 -0.00351312 0)
(1.06249 -0.00282355 0)
(1.0841 0.00145817 0)
(1.08753 0.00252462 0)
(1.08985 0.00141867 0)
(1.09091 -0.00104031 0)
(1.08819 -0.00353272 0)
(1.08412 -0.00524288 0)
(1.07787 -0.00567212 0)
(1.07289 -0.0052011 0)
(1.06768 -0.00395225 0)
(1.06525 -0.00315033 0)
(1.06167 -0.00253704 0)
(1.08358 0.00117674 0)
(1.08669 0.00211515 0)
(1.08877 0.00118653 0)
(1.08974 -0.000916525 0)
(1.08709 -0.00306263 0)
(1.08316 -0.00454687 0)
(1.07708 -0.00493038 0)
(1.0722 -0.00453922 0)
(1.06701 -0.0034631 0)
(1.06456 -0.00277335 0)
(1.06092 -0.00223746 0)
(1.08311 0.000931098 0)
(1.08594 0.0017366 0)
(1.08781 0.000972284 0)
(1.0887 -0.000788271 0)
(1.08611 -0.0025957 0)
(1.08231 -0.00385468 0)
(1.07638 -0.00418814 0)
(1.07158 -0.0038697 0)
(1.06642 -0.00296269 0)
(1.06395 -0.00238242 0)
(1.06026 -0.0019251 0)
(1.0827 0.000716869 0)
(1.08529 0.00138493 0)
(1.08698 0.000773771 0)
(1.0878 -0.000655393 0)
(1.08526 -0.00213021 0)
(1.08157 -0.00316399 0)
(1.07576 -0.0034435 0)
(1.07104 -0.00319154 0)
(1.0659 -0.00245083 0)
(1.06341 -0.00197784 0)
(1.05967 -0.00160034 0)
(1.08236 0.000529272 0)
(1.08475 0.00105557 0)
(1.0863 0.000588508 0)
(1.08706 -0.000517825 0)
(1.08456 -0.00166427 0)
(1.08095 -0.00247223 0)
(1.07525 -0.00269425 0)
(1.07059 -0.00250359 0)
(1.06547 -0.00192727 0)
(1.06297 -0.00155995 0)
(1.05919 -0.0012636 0)
(1.08208 0.000362999 0)
(1.08433 0.000743342 0)
(1.08576 0.00041356 0)
(1.08648 -0.000375635 0)
(1.08401 -0.00119585 0)
(1.08047 -0.00177653 0)
(1.07484 -0.00193791 0)
(1.07023 -0.00180451 0)
(1.06513 -0.00139171 0)
(1.06262 -0.00112914 0)
(1.05881 -0.000915402 0)
(1.0819 0.000212155 0)
(1.08404 0.00044259 0)
(1.0854 0.000245612 0)
(1.08608 -0.000228916 0)
(1.08364 -0.000722752 0)
(1.08014 -0.0010737 0)
(1.07456 -0.00117177 0)
(1.06999 -0.00109278 0)
(1.06489 -0.000843817 0)
(1.06237 -0.000685834 0)
(1.05855 -0.000556323 0)
(1.0818 6.98983e-05 0)
(1.08389 0.000147162 0)
(1.08521 8.1467e-05 0)
(1.08588 -7.72225e-05 0)
(1.08344 -0.00024237 0)
(1.07997 -0.000360037 0)
(1.07442 -0.000392941 0)
(1.06986 -0.000366773 0)
(1.06477 -0.000283373 0)
(1.06225 -0.000230559 0)
(1.05842 -0.000187073 0)
)
;

boundaryField
{
    inlet
    {
        type            uniformFixedValue;
        uniformValue    constant (1 0 0);
        value           nonuniform 0();
    }
    outlet
    {
        type            pressureInletOutletVelocity;
        value           nonuniform 0();
    }
    cylinder
    {
        type            fixedValue;
        value           nonuniform 0();
    }
    top
    {
        type            symmetryPlane;
    }
    bottom
    {
        type            symmetryPlane;
    }
    defaultFaces
    {
        type            empty;
    }
    procBoundary30to14
    {
        type            processor;
        value           nonuniform List<vector> 
11
(
(0.534074 -0.0601653 -5.6068e-24)
(0.557801 0.0082197 -3.00268e-23)
(0.569659 0.0580573 5.46285e-23)
(0.572385 0.0752018 5.08865e-23)
(0.57671 0.0603616 -4.23434e-23)
(0.593023 0.0272184 -1.32464e-23)
(0.608814 -0.00570018 -2.17448e-23)
(0.624764 -0.0254207 -8.39763e-24)
(0.63468 -0.0289893 -8.98416e-24)
(0.650639 -0.0208734 1.49427e-23)
(0.664552 -0.00844597 1.9777e-23)
)
;
    }
    procBoundary30to29
    {
        type            processor;
        value           nonuniform List<vector> 
99
(
(0.527357 -0.118298 -3.60545e-25)
(0.531544 -0.117975 1.67918e-22)
(0.536311 -0.117507 -1.00879e-22)
(0.541645 -0.116899 -2.17224e-22)
(0.547533 -0.116153 2.37765e-23)
(0.553957 -0.115273 -1.7358e-23)
(0.560899 -0.114264 -2.42973e-22)
(0.568338 -0.113132 6.85349e-22)
(0.57625 -0.111884 -4.28779e-22)
(0.58461 -0.110526 3.39592e-22)
(0.59339 -0.109065 -4.43761e-22)
(0.602562 -0.10751 -1.23929e-22)
(0.612096 -0.105868 5.82557e-22)
(0.621959 -0.104149 -2.47605e-22)
(0.632119 -0.102361 -1.92956e-22)
(0.642543 -0.100514 6.14074e-23)
(0.653197 -0.0986173 -3.22703e-22)
(0.664045 -0.0966797 1.82583e-22)
(0.675053 -0.0947109 -1.54558e-23)
(0.686188 -0.0927206 -2.52029e-22)
(0.697414 -0.0907179 3.08903e-22)
(0.708698 -0.088712 -9.83196e-23)
(0.720007 -0.0867117 -1.62741e-22)
(0.657045 -0.0454241 3.20081e-22)
(0.657045 -0.0454241 3.20081e-22)
(0.667444 -0.0439022 2.76798e-23)
(0.678036 -0.0423596 -2.72475e-23)
(0.688787 -0.0408033 -6.44695e-23)
(0.699665 -0.0392408 -3.60333e-23)
(0.710636 -0.0376789 1.32873e-22)
(0.721668 -0.0361248 1.61212e-23)
(0.732729 -0.0345852 -1.45144e-23)
(0.743789 -0.0330667 1.68192e-23)
(0.754817 -0.0315752 -2.26454e-22)
(0.765785 -0.0301152 4.87184e-23)
(0.776665 -0.0286932 -3.28219e-23)
(0.787432 -0.0273278 1.19792e-22)
(0.798061 -0.0260363 1.27549e-22)
(0.808532 -0.0247237 3.76701e-24)
(0.820976 -0.0228216 0)
(0.835874 -0.0200334 0)
(0.850721 -0.0172997 0)
(0.865459 -0.0146834 0)
(0.880027 -0.0121545 0)
(0.894365 -0.00971578 0)
(0.908408 -0.00738532 0)
(0.922095 -0.00517993 0)
(0.935367 -0.00311349 0)
(0.948166 -0.00119829 0)
(0.96044 0.000554768 0)
(0.972143 0.00213677 0)
(0.983233 0.00354094 0)
(0.993677 0.0047626 0)
(1.00345 0.00579963 0)
(1.01254 0.0066524 0)
(1.02093 0.00732382 0)
(1.02863 0.0078193 0)
(1.03565 0.0081466 0)
(1.042 0.00831568 0)
(1.04772 0.00833836 0)
(1.05284 0.00822807 0)
(1.05738 0.00799946 0)
(1.0614 0.00766801 0)
(1.06493 0.00724962 0)
(1.06803 0.00676023 0)
(1.07073 0.00621542 0)
(1.07308 0.00563011 0)
(1.07512 0.00501825 0)
(1.07688 0.00439262 0)
(1.0784 0.00376466 0)
(1.07971 0.00314439 0)
(1.08084 0.00254037 0)
(1.0818 0.00195975 0)
(1.08262 0.00140832 0)
(1.0833 0.000890627 0)
(1.08388 0.00041012 0)
(1.08435 -3.07516e-05 0)
(1.08472 -0.000430288 0)
(1.08501 -0.000787466 0)
(1.08521 -0.00110186 0)
(1.08534 -0.00137344 0)
(1.0854 -0.00160258 0)
(1.0854 -0.00178995 0)
(1.08534 -0.00193613 0)
(1.08523 -0.00204213 0)
(1.08507 -0.00210923 0)
(1.08488 -0.00213859 0)
(1.08465 -0.00213151 0)
(1.08441 -0.00208942 0)
(1.08414 -0.00201388 0)
(1.08387 -0.00190646 0)
(1.08359 -0.00176895 0)
(1.08333 -0.00160321 0)
(1.08308 -0.00141127 0)
(1.08285 -0.0011954 0)
(1.08266 -0.000957947 0)
(1.0825 -0.000701508 0)
(1.08239 -0.000429114 0)
(1.08233 -0.000144665 0)
)
;
    }
    procBoundary30to31
    {
        type            processor;
        value           nonuniform List<vector> 
99
(
(0.68558 0.00141729 -5.133e-23)
(0.685964 0.000957644 5.31215e-23)
(0.686708 0.000504674 -5.55376e-24)
(0.687809 5.90493e-05 -2.23822e-23)
(0.689264 -0.000378608 2.67493e-23)
(0.691069 -0.000807846 4.32771e-24)
(0.693219 -0.00122811 -2.20535e-22)
(0.695708 -0.00163873 3.21948e-22)
(0.698529 -0.00203921 2.93642e-23)
(0.701673 -0.00242908 -2.83082e-22)
(0.70513 -0.00280791 1.6375e-22)
(0.708892 -0.00317528 7.90298e-23)
(0.712947 -0.00353082 -2.01006e-22)
(0.717283 -0.00387419 1.3537e-22)
(0.721888 -0.0042051 4.6586e-23)
(0.726749 -0.00452328 -5.47774e-23)
(0.731852 -0.00482852 -2.20307e-22)
(0.737183 -0.00512064 5.0058e-22)
(0.742728 -0.00539953 4.71572e-23)
(0.748472 -0.00566508 -6.98821e-22)
(0.7544 -0.00591726 4.95177e-22)
(0.760495 -0.00615606 1.07122e-22)
(0.766743 -0.00638151 -1.75346e-22)
(0.773127 -0.0065937 -3.32433e-22)
(0.779633 -0.00679274 1.72805e-22)
(0.786243 -0.0069788 9.69015e-24)
(0.792944 -0.00715205 -3.35361e-23)
(0.799719 -0.00731272 1.38661e-22)
(0.806553 -0.00746108 -2.28316e-23)
(0.813431 -0.0075974 9.21668e-23)
(0.820339 -0.007722 -1.47177e-22)
(0.827263 -0.00783523 -1.24534e-22)
(0.834188 -0.00793743 3.14735e-22)
(0.841103 -0.00802895 -6.88407e-23)
(0.847993 -0.00811017 -4.9111e-23)
(0.854847 -0.00818194 -7.97087e-24)
(0.861653 -0.00824543 -1.15757e-23)
(0.8684 -0.00829832 -3.26535e-24)
(0.8684 -0.00829832 -3.26535e-24)
(0.879978 -0.00710964 0)
(0.889436 -0.00733504 0)
(0.898991 -0.00754534 0)
(0.908613 -0.00773812 0)
(0.918268 -0.00791271 0)
(0.927922 -0.00806877 0)
(0.93754 -0.00820595 0)
(0.947085 -0.00832397 0)
(0.956519 -0.00842267 0)
(0.965802 -0.00850207 0)
(0.974898 -0.00856232 0)
(0.983767 -0.00860372 0)
(0.992372 -0.00862673 0)
(1.00068 -0.00863192 0)
(1.00865 -0.00862002 0)
(1.01625 -0.00859186 0)
(1.02347 -0.0085484 0)
(1.03026 -0.00849066 0)
(1.0366 -0.00841974 0)
(1.04249 -0.00833679 0)
(1.04791 -0.00824297 0)
(1.05284 -0.00813945 0)
(1.05729 -0.00802737 0)
(1.06125 -0.0079078 0)
(1.06473 -0.00778176 0)
(1.06775 -0.00765016 0)
(1.07031 -0.00751382 0)
(1.07243 -0.00737341 0)
(1.07415 -0.00722948 0)
(1.07548 -0.00708244 0)
(1.07645 -0.00693255 0)
(1.07709 -0.00677993 0)
(1.07743 -0.00662457 0)
(1.0775 -0.00646636 0)
(1.07734 -0.00630505 0)
(1.07697 -0.00614032 0)
(1.07643 -0.00597178 0)
(1.07574 -0.00579898 0)
(1.07492 -0.00562145 0)
(1.074 -0.00543869 0)
(1.07301 -0.00525022 0)
(1.07196 -0.00505556 0)
(1.07086 -0.00485426 0)
(1.06974 -0.00464592 0)
(1.06861 -0.00443018 0)
(1.06748 -0.00420669 0)
(1.06636 -0.0039752 0)
(1.06526 -0.00373545 0)
(1.06419 -0.00348725 0)
(1.06317 -0.00323045 0)
(1.06219 -0.00296492 0)
(1.06127 -0.00269055 0)
(1.06041 -0.00240729 0)
(1.05963 -0.00211509 0)
(1.05893 -0.00181393 0)
(1.05832 -0.00150383 0)
(1.05782 -0.00118481 0)
(1.05743 -0.000856939 0)
(1.05715 -0.0005203 0)
(1.05701 -0.0001749 0)
)
;
    }
}


// ************************************************************************* //
