/*--------------------------------*- C++ -*----------------------------------*\
  =========                 |
  \\      /  F ield         | OpenFOAM: The Open Source CFD Toolbox
   \\    /   O peration     | Website:  https://openfoam.org
    \\  /    A nd           | Version:  7
     \\/     M anipulation  |
\*---------------------------------------------------------------------------*/
FoamFile
{
    version     2.0;
    format      ascii;
    class       volVectorField;
    location    "67";
    object      U;
}
// * * * * * * * * * * * * * * * * * * * * * * * * * * * * * * * * * * * * * //

dimensions      [0 1 -1 0 0 0 0];

internalField   nonuniform List<vector> 
1063
(
(-0.014581 0.0174824 -5.8682e-20)
(-0.011342 0.0158031 2.35821e-19)
(-0.0128925 0.0109006 -3.00472e-20)
(-0.00762615 0.0140539 3.51695e-20)
(0.00790483 0.0152629 -1.388e-19)
(-0.010911 0.00964476 2.10455e-19)
(-0.00340223 0.0122482 -1.32599e-19)
(0.0150227 0.0131344 1.18151e-19)
(0.0444405 0.0131728 6.68528e-20)
(-0.00677095 0.00427443 -2.7308e-19)
(-0.0086188 0.0083364 -1.02005e-19)
(0.00136061 0.010401 -1.77565e-19)
(0.0229186 0.0110048 -2.05245e-19)
(0.056098 0.0110389 1.2344e-19)
(0.100915 0.0112792 1.29832e-19)
(-0.00612558 0.00377135 2.347e-19)
(-0.00599511 0.00698422 6.03964e-20)
(0.00669259 0.00852949 1.11536e-19)
(0.0316282 0.00890053 6.14642e-20)
(0.0688105 0.00900711 7.27608e-20)
(0.118185 0.00963464 -1.84183e-19)
(0.179567 0.0114448 2.23659e-20)
(-0.00536566 0.0032459 -1.19444e-20)
(-0.00301923 0.00559822 7.98042e-21)
(0.0126229 0.00665251 -5.0344e-20)
(0.0411843 0.00685023 -1.22367e-19)
(0.0826078 0.00711587 -1.12594e-19)
(0.13675 0.00823904 3.6322e-19)
(0.203283 0.0108711 3.89334e-20)
(0.281566 0.0155349 1.67165e-20)
(-0.00448298 0.00270124 -1.30371e-21)
(0.000329226 0.00418978 5.2247e-20)
(0.0191794 0.00479103 -8.10217e-20)
(0.0516165 0.00488486 2.96194e-19)
(0.0975135 0.00540568 5.86209e-20)
(0.156616 0.00714078 -2.36077e-19)
(0.228425 0.0107221 -2.84482e-20)
(0.312051 0.0166322 2.05806e-20)
(0.406041 0.0251585 -1.03376e-19)
(-0.00346926 0.00214106 -6.0193e-20)
(0.00407004 0.00277166 1.30936e-19)
(0.026388 0.00296793 1.5876e-19)
(0.0629505 0.00303754 -3.23114e-19)
(0.113545 0.00391894 7.10351e-20)
(0.17778 0.00638922 1.86004e-19)
(0.254954 0.0110498 -7.03116e-20)
(0.343893 0.0183284 -2.22018e-19)
(0.442776 0.0284266 -3.05373e-20)
(0.549031 0.0412731 1.35946e-19)
(-0.00231634 0.00156961 1.6734e-21)
(0.00822216 0.00135813 -1.13279e-19)
(0.0342722 0.00120807 -1.45825e-19)
(0.0752073 0.00134343 8.408e-20)
(0.13071 0.00269965 -3.44802e-19)
(0.200228 0.00603414 -1.35695e-19)
(0.28282 0.0119049 -5.06191e-20)
(0.376987 0.0206685 -7.72031e-21)
(0.48051 0.0324212 -2.09406e-19)
(0.590375 0.0469541 -1.68862e-19)
(0.702849 0.0637372 1.71433e-19)
(-0.00101621 0.00099175 9.34274e-20)
(0.0128034 -3.51135e-05 -2.84053e-19)
(0.0428529 -0.000461807 8.25285e-20)
(0.0884027 -0.000160427 3.07987e-20)
(0.149011 0.00179303 8.53453e-20)
(0.223932 0.0061252 2.33816e-19)
(0.311952 0.0133358 -6.69098e-20)
(0.411209 0.0236921 -7.07652e-20)
(0.519056 0.0371653 2.37165e-19)
(0.632032 0.0533917 1.13582e-20)
(0.746014 0.0716729 5.56496e-20)
(0.856558 0.0910338 5.2032e-21)
(0.959389 0.110341 -7.21704e-20)
(0.000438887 0.000412939 7.68191e-21)
(0.0178301 -0.00139089 1.23461e-19)
(0.0521474 -0.00201315 2.07246e-19)
(0.102547 -0.0014354 -2.29596e-19)
(0.168438 0.00124509 1.08246e-19)
(0.248853 0.00671124 1.21065e-20)
(0.342265 0.0153878 4.25674e-20)
(0.446419 0.0274331 9.84522e-20)
(0.558214 0.0426738 -1.27634e-19)
(0.673751 0.0605755 6.14631e-20)
(0.788559 0.0802666 4.38019e-20)
(0.898036 0.100627 -4.84928e-20)
(0.997985 0.120439 1.74678e-19)
(1.08515 0.13856 -1.12005e-19)
(0.00205629 -0.000160726 -1.87553e-19)
(0.0233168 -0.00269057 8.94821e-20)
(0.0621696 -0.00341571 -1.28535e-19)
(0.117642 -0.00244149 2.20179e-19)
(0.188973 0.00110214 1.46994e-19)
(0.274938 0.00783967 -6.87693e-20)
(0.373661 0.0181024 1.08037e-19)
(0.482459 0.0319191 5.7233e-20)
(0.597772 0.0489525 2.41615e-19)
(0.715278 0.0684857 -1.38576e-19)
(0.830219 0.0894738 -1.63065e-19)
(0.937923 0.110667 9.49303e-20)
(1.03438 0.130789 -6.20764e-20)
(1.11674 0.148721 5.04329e-20)
(1.1836 0.163652 -2.52755e-19)
(0.00384286 -0.000722526 5.88642e-20)
(0.0292762 -0.00391417 -3.02935e-20)
(0.0729288 -0.00463775 -4.2102e-20)
(0.133687 -0.00313771 -1.27874e-19)
(0.210588 0.0014103 -2.39047e-19)
(0.30212 0.00955575 3.90674e-20)
(0.406022 0.0215165 -1.14577e-19)
(0.519161 0.0371705 -1.74265e-19)
(0.637512 0.0559992 -1.73694e-19)
(0.756364 0.0770944 1.12928e-19)
(0.870747 0.0992441 8.12985e-20)
(0.976016 0.12109 1.63507e-19)
(1.06844 0.141326 -1.81773e-19)
(1.14567 0.158889 -4.20755e-22)
(1.20687 0.173087 3.12733e-20)
(1.25266 0.183633 -7.16049e-21)
(1.28472 0.190645 -1.44072e-19)
(0.00580483 -0.00126512 9.00543e-20)
(0.0357185 -0.00504037 -1.94348e-20)
(0.0844299 -0.00564622 1.16735e-19)
(0.150668 -0.00348244 1.79024e-19)
(0.233245 0.00221492 2.52791e-19)
(0.330321 0.0119019 -8.73572e-20)
(0.439222 0.0256617 -7.05707e-20)
(0.556344 0.0432006 2.43205e-19)
(0.67721 0.063803 7.0933e-21)
(0.796769 0.0863663 3.52927e-20)
(0.909921 0.109523 1.15939e-19)
(1.01215 0.13183 -2.07215e-19)
(1.1001 0.151988 2.57798e-20)
(1.17196 0.169017 -7.0369e-20)
(1.2275 0.182364 -2.25564e-20)
(1.26785 0.191897 7.30368e-20)
(1.29511 0.197871 -8.67023e-20)
(1.31181 0.200668 1.40883e-20)
(0.0079477 -0.00178058 1.31594e-19)
(0.0426511 -0.00604669 -6.5948e-20)
(0.0966726 -0.00640703 -1.19131e-19)
(0.168568 -0.00343383 3.7519e-20)
(0.256893 0.00356004 -1.42119e-19)
(0.359449 0.0149173 8.0155e-20)
(0.473121 0.030564 1.30553e-19)
(0.593822 0.050015 -3.15308e-19)
(0.716648 0.0723455 1.07834e-20)
(0.836269 0.0962602 4.34948e-20)
(0.947544 0.120253 -1.02023e-19)
(1.04619 0.142828 1.60595e-19)
(1.1293 0.162722 1.10756e-19)
(1.19566 0.179068 3.78238e-20)
(1.24561 0.191465 2.05788e-19)
(1.28079 0.199941 -1.99878e-19)
(1.3036 0.204878 1.21013e-19)
(1.31674 0.206764 1.68579e-19)
(1.32287 0.206587 -1.18387e-19)
(1.324 0.20355 3.26615e-20)
(0.0102761 -0.00226039 -3.71421e-20)
(0.0500786 -0.00690957 -2.02427e-19)
(0.109651 -0.00688528 5.56086e-20)
(0.18736 -0.00295025 -3.18819e-20)
(0.281473 0.00548779 -1.13347e-20)
(0.389404 0.0186367 3.48875e-20)
(0.507568 0.0362432 7.7833e-23)
(0.631403 0.0576119 1.86719e-19)
(0.755609 0.0816012 2.48885e-20)
(0.874654 0.10673 -1.63843e-19)
(0.983451 0.131377 -3.48102e-21)
(1.07804 0.154024 -1.282e-21)
(1.15605 0.173479 -7.66938e-20)
(1.21685 0.189011 -2.73398e-21)
(1.26137 0.200381 -1.44737e-19)
(1.29166 0.207773 5.62401e-20)
(1.31039 0.211686 1.29789e-19)
(1.32035 0.212696 -6.43585e-20)
(1.32414 0.211777 7.29128e-20)
(1.32368 0.208264 1.29463e-19)
(0.0127937 -0.00269553 3.11533e-20)
(0.0580025 -0.0076046 2.15546e-20)
(0.123355 -0.00704568 1.19928e-19)
(0.207008 -0.00199077 1.08506e-20)
(0.306916 0.00803782 -8.08175e-20)
(0.42007 0.0230906 -6.44649e-20)
(0.542406 0.0427127 1.68353e-21)
(0.668894 0.0659825 8.36666e-20)
(0.793889 0.0915383 5.18889e-20)
(0.911736 0.117726 6.41853e-20)
(1.01751 0.142838 8.53101e-21)
(1.10765 0.165367 -6.70124e-20)
(1.18037 0.184221 3.25639e-20)
(1.23565 0.198825 8.77476e-20)
(1.27493 0.209108 -1.49926e-19)
(1.30066 0.215405 1.12355e-19)
(1.31568 0.218317 -2.09917e-19)
(1.32282 0.218491 5.96193e-20)
(1.32459 0.216877 5.68433e-22)
(1.32277 0.212921 -2.70895e-20)
(0.0155032 -0.00307649 -8.1633e-20)
(0.0664207 -0.00810666 -1.5293e-19)
(0.137766 -0.00685278 1.34288e-20)
(0.22747 -0.000515654 -1.06807e-19)
(0.333141 0.0112467 1.11979e-19)
(0.451327 0.0283043 5.22141e-21)
(0.577472 0.0499792 9.59531e-20)
(0.706103 0.0751111 -2.12887e-19)
(0.831292 0.10212 -2.50259e-19)
(0.947353 0.129198 1.60013e-20)
(1.04961 0.15458 9.63786e-20)
(1.13499 0.176807 -1.05822e-20)
(1.20232 0.194914 -1.36451e-19)
(1.25216 0.208495 -1.02507e-19)
(1.28646 0.21765 8.45964e-20)
(1.30796 0.222852 -2.68465e-20)
(1.31963 0.224793 -2.62164e-20)
(1.3243 0.224173 -5.51373e-20)
(1.32434 0.221908 -8.22539e-21)
(1.32139 0.217539 4.66158e-20)
(0.0184058 -0.00339339 2.64199e-20)
(0.0753275 -0.00839016 2.05091e-19)
(0.15286 -0.00627143 -3.37908e-20)
(0.248694 0.00151315 1.13703e-19)
(0.36006 0.0151476 -8.61613e-20)
(0.483044 0.0342977 -1.2551e-20)
(0.612599 0.058043 -2.0142e-19)
(0.742846 0.0849757 1.62074e-20)
(0.867642 0.113305 2.07003e-19)
(0.981365 0.141093 1.71688e-19)
(1.07968 0.166552 -3.65391e-20)
(1.16007 0.188303 4.48303e-20)
(1.22197 0.205532 1.26713e-19)
(1.26654 0.218013 1.55403e-20)
(1.29613 0.226013 -7.64931e-20)
(1.31374 0.230134 1.24664e-19)
(1.32242 0.231138 4.34072e-20)
(1.32493 0.229766 -9.16223e-20)
(1.32348 0.22689 2.94507e-20)
(1.31958 0.222136 -5.49479e-20)
(0.0215017 -0.00363598 7.23819e-20)
(0.0847134 -0.00842931 -2.15269e-19)
(0.16861 -0.00526716 9.12442e-20)
(0.27062 0.00413152 -4.92833e-20)
(0.387577 0.0197695 -3.90031e-20)
(0.515086 0.0410849 7.03649e-20)
(0.647621 0.0668979 4.00782e-20)
(0.778943 0.0955487 -1.16654e-21)
(0.902776 0.125049 -2.72509e-20)
(1.01366 0.15336 -1.40267e-19)
(1.10767 0.178706 -1.51007e-19)
(1.1829 0.199818 -9.95358e-20)
(1.23942 0.216055 -6.43924e-20)
(1.2789 0.227377 2.42967e-20)
(1.3041 0.234209 -4.67051e-20)
(1.31816 0.237267 5.5396e-21)
(1.32418 0.237373 8.64048e-20)
(1.32481 0.23529 3.58173e-20)
(1.32211 0.231841 -7.86594e-20)
(1.31742 0.226725 2.97559e-20)
(0.0247897 -0.00379379 -2.81131e-20)
(0.0945651 -0.00819834 -2.36253e-20)
(0.184979 -0.00380654 1.94524e-20)
(0.293182 0.00737267 -1.89052e-19)
(0.415588 0.0251369 1.44178e-19)
(0.547312 0.0486744 -8.19096e-20)
(0.682374 0.0765315 4.68076e-22)
(0.814227 0.106798 1.46054e-19)
(0.936553 0.137306 -6.97774e-20)
(1.04414 0.165948 -2.45952e-20)
(1.13357 0.190996 1.08122e-19)
(1.20355 0.211321 -1.0632e-19)
(1.25477 0.22647 3.62371e-20)
(1.28941 0.236587 -9.00604e-20)
(1.31052 0.242251 1.49841e-19)
(1.32138 0.244273 -1.12012e-19)
(1.32505 0.243519 -6.67103e-20)
(1.32405 0.240763 5.79564e-20)
(1.32029 0.236773 -1.42612e-20)
(1.31495 0.231316 -5.07429e-20)
(0.0282671 -0.00385622 -3.53275e-20)
(0.104865 -0.00767179 1.00366e-19)
(0.201925 -0.00185764 -3.24005e-20)
(0.316306 0.0112667 7.11553e-21)
(0.443982 0.0312696 -3.50229e-20)
(0.57958 0.0570685 1.53871e-20)
(0.716695 0.0869256 4.79947e-20)
(0.848543 0.118686 -1.14685e-19)
(0.968849 0.150028 -1.74079e-20)
(1.07274 0.178808 4.33239e-20)
(1.15736 0.203383 -5.79042e-20)
(1.22207 0.222788 7.27688e-20)
(1.26814 0.236768 6.7321e-20)
(1.2982 0.24565 1.56944e-19)
(1.31553 0.250152 -4.26463e-20)
(1.32351 0.251169 -1.00011e-20)
(1.32511 0.249593 -5.72651e-20)
(1.32273 0.246201 -2.41018e-20)
(1.31807 0.241697 3.91539e-20)
(1.3122 0.235918 -6.66291e-20)
(0.472644 0.0381821 -4.27754e-20)
(0.611747 0.0662636 1.02451e-19)
(0.750429 0.0980565 8.19701e-20)
(0.881747 0.131174 6.75628e-20)
(0.999561 0.163167 2.20823e-20)
(1.09942 0.191896 -9.22013e-21)
(1.17908 0.215831 4.97147e-20)
(1.23855 0.234198 -4.61584e-20)
(1.27965 0.246943 -2.50732e-20)
(1.3054 0.254572 -8.15225e-20)
(1.31929 0.257928 -1.79232e-20)
(1.32469 0.257972 1.01704e-19)
(1.32449 0.255613 5.31979e-20)
(1.32092 0.251616 -8.80145e-21)
(1.31551 0.246624 2.86402e-20)
(1.30919 0.240534 9.22198e-20)
(0.913713 0.144218 -2.51401e-20)
(1.02861 0.176675 3.40919e-20)
(1.12416 0.205167 -1.5333e-20)
(1.19876 0.22831 1.7067e-20)
(1.25306 0.245534 4.47433e-20)
(1.28941 0.256994 2.99624e-20)
(1.31115 0.263363 -1.998e-20)
(1.3219 0.265593 -4.1312e-21)
(1.325 0.264699 -1.54731e-20)
(1.32324 0.261592 -7.99904e-20)
(1.31866 0.257018 6.5376e-21)
(1.31263 0.251557 -5.20174e-20)
(1.30595 0.245168 -8.18845e-21)
(1.26571 0.256785 4.67363e-20)
(1.29755 0.266921 -3.45971e-20)
(1.31557 0.272031 -2.2087e-20)
(1.32348 0.273162 5.81345e-21)
(1.32456 0.271362 2.02654e-20)
(1.32144 0.267541 4.66107e-20)
(1.31601 0.262415 -1.15369e-20)
(1.30947 0.256502 4.1007e-20)
(1.30249 0.249822 -4.7521e-20)
(1.31915 0.273469 -6.52731e-20)
(1.31301 0.267812 1.27885e-20)
(1.30604 0.26146 -3.491e-20)
(1.29883 0.254493 1.51013e-20)
(1.29236 0.249551 1.45514e-20)
(1.29613 0.245272 7.88883e-21)
(1.29972 0.241005 6.22968e-21)
(1.30313 0.236753 1.85954e-20)
(1.30634 0.232517 1.60063e-21)
(1.30936 0.228295 2.70058e-21)
(1.31216 0.224088 -9.56145e-22)
(1.31473 0.21989 1.90767e-20)
(1.31704 0.215696 5.95531e-21)
(1.31905 0.211498 6.30829e-21)
(1.32071 0.207284 -2.78213e-20)
(1.28698 0.245387 1.1159e-20)
(1.29082 0.241393 -1.62357e-20)
(1.2945 0.237407 -2.42208e-20)
(1.29802 0.233432 1.64286e-21)
(1.30137 0.229471 1.54445e-20)
(1.30455 0.225525 -1.48146e-20)
(1.30755 0.221595 2.21841e-20)
(1.31036 0.21768 -1.8086e-20)
(1.31296 0.213777 -4.71739e-21)
(1.31533 0.209882 -1.18165e-21)
(1.31745 0.205987 -2.36314e-21)
(1.28137 0.241046 -1.84008e-21)
(1.28527 0.237331 2.44313e-20)
(1.28904 0.23362 2.12679e-20)
(1.29265 0.229917 1.20957e-20)
(1.29612 0.226224 5.80681e-21)
(1.29945 0.222545 2.312e-20)
(1.30261 0.218881 -1.65527e-20)
(1.30562 0.215232 -1.11268e-20)
(1.30845 0.211599 7.51826e-23)
(1.31111 0.207981 1.52665e-20)
(1.31356 0.204373 1.41588e-21)
(1.27561 0.236547 -1.37006e-20)
(1.27956 0.233101 -1.22482e-20)
(1.28338 0.229655 -1.80034e-21)
(1.28707 0.226213 -9.56695e-21)
(1.29064 0.222778 -7.93677e-21)
(1.29408 0.219353 1.74746e-20)
(1.29738 0.215939 1.19442e-20)
(1.30055 0.212539 1.47258e-20)
(1.30357 0.209154 -3.26792e-20)
(1.30644 0.205783 -2.87239e-20)
(1.30915 0.202425 -9.11926e-21)
(1.26984 0.231909 3.31275e-21)
(1.27378 0.228712 -5.93423e-21)
(1.27762 0.225513 1.12441e-21)
(1.28136 0.222316 -1.87377e-20)
(1.28499 0.219123 1.60637e-20)
(1.2885 0.215937 7.33695e-21)
(1.29191 0.212759 -1.03479e-20)
(1.2952 0.209591 -1.6377e-20)
(1.29836 0.206435 3.46963e-20)
(1.30141 0.203292 2.523e-20)
(1.30432 0.20016 1.86896e-20)
(1.26418 0.227171 2.0957e-21)
(1.26808 0.224199 5.40009e-21)
(1.2719 0.221226 5.306e-21)
(1.27563 0.218254 5.59004e-21)
(1.27927 0.215286 1.1765e-21)
(1.28282 0.212322 -2.7953e-20)
(1.28628 0.209364 1.29811e-21)
(1.28965 0.206414 2.92726e-20)
(1.29292 0.203473 1.89714e-20)
(1.29608 0.200542 6.52404e-21)
(1.29914 0.197622 -2.80705e-20)
(1.25873 0.222376 7.54908e-22)
(1.26255 0.219607 6.0533e-21)
(1.26631 0.216837 -1.43304e-20)
(1.26999 0.21407 1.0348e-20)
(1.27361 0.211305 1.67062e-20)
(1.27716 0.208544 1.28613e-20)
(1.28063 0.205789 8.57027e-21)
(1.28402 0.203041 1.00589e-21)
(1.28734 0.2003 -3.57543e-21)
(1.29058 0.197568 -6.00305e-21)
(1.29373 0.194844 1.76674e-20)
(1.25356 0.217561 -1.09812e-20)
(1.25728 0.214973 -1.28446e-21)
(1.26094 0.212386 7.93042e-21)
(1.26455 0.209801 -2.18401e-20)
(1.26811 0.207219 -2.43156e-20)
(1.2716 0.204642 -2.09012e-20)
(1.27505 0.202071 1.35275e-20)
(1.27843 0.199506 -1.64526e-20)
(1.28175 0.196949 -2.23927e-20)
(1.28502 0.194399 1.96957e-20)
(1.28821 0.191857 1.29194e-23)
(1.24866 0.212745 1.30582e-21)
(1.25227 0.210322 -6.46047e-21)
(1.25583 0.2079 -8.49852e-21)
(1.25935 0.20548 1.10038e-20)
(1.26282 0.203063 1.4779e-21)
(1.26624 0.200652 3.45006e-20)
(1.26962 0.198246 -3.69335e-20)
(1.27296 0.195848 -4.3293e-21)
(1.27625 0.193456 1.53521e-20)
(1.27949 0.191072 -4.98392e-21)
(1.28269 0.188696 -2.06332e-20)
(1.28583 0.186328 6.81657e-21)
(1.24402 0.20794 1.36991e-20)
(1.24752 0.205668 7.89483e-21)
(1.25097 0.203397 2.51245e-21)
(1.25439 0.201128 -7.43974e-21)
(1.25776 0.198862 2.62062e-22)
(1.2611 0.196601 -1.17462e-20)
(1.2644 0.194345 5.22443e-21)
(1.26767 0.192096 3.14923e-20)
(1.2709 0.189855 -4.1005e-20)
(1.27409 0.187621 -9.31096e-23)
(1.27725 0.185395 -8.97324e-22)
(1.28037 0.183177 4.40076e-21)
(1.23959 0.203146 -2.03352e-21)
(1.24299 0.201015 5.25262e-21)
(1.24634 0.198885 -4.15631e-22)
(1.24966 0.196756 3.52896e-21)
(1.25294 0.194629 1.8563e-20)
(1.25619 0.192506 -3.30714e-21)
(1.2594 0.190389 2.02314e-20)
(1.26259 0.188277 -1.60748e-20)
(1.26574 0.186172 3.00902e-20)
(1.26887 0.184075 -2.32175e-20)
(1.27197 0.181985 -7.44505e-21)
(1.27504 0.179904 1.43655e-20)
(1.23535 0.198362 -5.46716e-21)
(1.23865 0.196365 -3.94812e-21)
(1.24191 0.194366 -1.40153e-21)
(1.24513 0.192368 -1.53511e-22)
(1.24832 0.190372 -9.79982e-21)
(1.25148 0.188379 -4.23876e-21)
(1.25461 0.186389 9.87602e-21)
(1.25771 0.184405 1.94159e-20)
(1.26079 0.182427 -8.13645e-22)
(1.26384 0.180455 6.52863e-21)
(1.26687 0.178491 -7.70755e-21)
(1.26987 0.176535 -2.5204e-20)
(1.23127 0.193587 -1.57834e-21)
(1.23447 0.191715 -3.34716e-21)
(1.23763 0.189841 -2.44529e-22)
(1.24077 0.187967 1.18773e-20)
(1.24387 0.186093 -1.63367e-20)
(1.24695 0.184222 8.53255e-21)
(1.25 0.182353 -1.90503e-20)
(1.25302 0.180488 -1.69199e-20)
(1.25602 0.178629 -1.92079e-20)
(1.25899 0.176775 2.10818e-20)
(1.26195 0.174927 1.27883e-20)
(1.26488 0.173087 -1.10522e-20)
(1.22732 0.18882 -4.99115e-21)
(1.23043 0.187066 -2.87646e-22)
(1.2335 0.185309 9.56765e-21)
(1.23655 0.183552 -8.09986e-21)
(1.23958 0.181794 7.56919e-21)
(1.24257 0.180038 1.5817e-21)
(1.24554 0.178283 1.2411e-20)
(1.24849 0.176532 -1.35845e-20)
(1.25141 0.174784 6.76971e-21)
(1.25431 0.173041 -1.2081e-20)
(1.25719 0.171304 2.07311e-20)
(1.26006 0.169572 -4.22165e-21)
(1.22348 0.184062 1.29593e-20)
(1.2265 0.182418 -1.18524e-22)
(1.22949 0.180772 3.06838e-22)
(1.23246 0.179124 -3.26227e-21)
(1.23541 0.177476 3.04104e-21)
(1.23833 0.175828 -1.19145e-20)
(1.24122 0.174182 -2.35907e-20)
(1.24409 0.172537 2.15175e-21)
(1.24695 0.170896 2.06383e-21)
(1.24978 0.169258 1.04226e-20)
(1.25259 0.167625 -1.42863e-20)
(1.25538 0.165997 2.29641e-20)
(1.21975 0.179315 -8.68345e-21)
(1.22268 0.177775 -5.77076e-21)
(1.22559 0.176232 -1.04258e-20)
(1.22848 0.174687 3.23548e-21)
(1.23135 0.173142 3.1754e-21)
(1.23419 0.171596 -1.1602e-20)
(1.23701 0.170051 3.48791e-21)
(1.23982 0.168508 9.40484e-21)
(1.2426 0.166967 4.27779e-21)
(1.24536 0.165429 -2.33019e-20)
(1.24811 0.163894 -3.43985e-21)
(1.25084 0.162364 1.25092e-20)
(1.21611 0.174582 2.51091e-21)
(1.21896 0.173138 1.21561e-20)
(1.22179 0.171691 6.28864e-21)
(1.22459 0.170243 -1.62252e-22)
(1.22738 0.168794 3.91593e-21)
(1.23016 0.167344 6.75735e-21)
(1.23291 0.165895 1.33054e-20)
(1.23564 0.164447 -1.02799e-20)
(1.23836 0.163001 -1.41141e-20)
(1.24106 0.161557 2.1745e-20)
(1.24374 0.160116 1.96398e-21)
(1.2464 0.158678 -1.12298e-20)
(1.21255 0.169864 5.02621e-21)
(1.21532 0.16851 -7.81213e-21)
(1.21807 0.167153 -6.64437e-21)
(1.2208 0.165795 5.72511e-21)
(1.22351 0.164436 -6.52006e-21)
(1.22621 0.163076 3.79027e-21)
(1.22889 0.161717 -4.86759e-21)
(1.23156 0.160358 1.89629e-20)
(1.23421 0.159001 1.04611e-20)
(1.23684 0.157645 -1.62181e-20)
(1.23946 0.156292 2.62026e-21)
(1.24207 0.154942 -3.32899e-21)
(1.20907 0.165165 -1.0256e-20)
(1.21176 0.163894 3.6387e-21)
(1.21443 0.162622 -1.42979e-21)
(1.21708 0.161347 -3.30517e-21)
(1.21972 0.160072 -5.22906e-21)
(1.22235 0.158796 -2.86673e-21)
(1.22496 0.15752 -1.37235e-22)
(1.22756 0.156245 6.29812e-21)
(1.23014 0.154971 -1.09005e-20)
(1.23271 0.153699 1.06495e-20)
(1.23527 0.152428 -2.04658e-20)
(1.23781 0.151161 1.70961e-21)
(1.20566 0.160486 1.03449e-20)
(1.20827 0.159294 7.36381e-22)
(1.21086 0.158099 -2.18849e-21)
(1.21344 0.156903 -1.40773e-21)
(1.216 0.155706 6.93632e-21)
(1.21856 0.154508 -2.27399e-21)
(1.2211 0.15331 -1.63919e-20)
(1.22363 0.152113 -1.97094e-20)
(1.22615 0.150917 1.64867e-22)
(1.22865 0.149722 -1.44852e-20)
(1.23115 0.148529 2.79976e-20)
(1.23363 0.147338 7.91059e-21)
(1.20232 0.155831 -7.1279e-21)
(1.20484 0.154711 -5.13809e-21)
(1.20736 0.153589 2.01577e-21)
(1.20986 0.152465 6.15233e-21)
(1.21235 0.151341 3.70674e-21)
(1.21484 0.150216 1.12556e-20)
(1.21731 0.149091 -1.61164e-21)
(1.21977 0.147966 2.06334e-20)
(1.22222 0.146842 7.23413e-21)
(1.22467 0.14572 1.2799e-20)
(1.2271 0.144599 -1.12682e-20)
(1.22952 0.14348 -7.39681e-21)
(1.19903 0.151201 1.07805e-21)
(1.20148 0.150148 2.57438e-21)
(1.20392 0.149093 2.75979e-21)
(1.20634 0.148038 -6.7422e-21)
(1.20877 0.146981 -4.25751e-21)
(1.21118 0.145924 2.41987e-22)
(1.21358 0.144866 1.72378e-21)
(1.21598 0.143809 -9.29274e-21)
(1.21836 0.142753 -6.71364e-21)
(1.22074 0.141698 -1.12233e-20)
(1.22311 0.140644 -4.0549e-21)
(1.22548 0.139592 1.16122e-20)
(1.1958 0.146598 9.22767e-22)
(1.19817 0.145608 1.01549e-21)
(1.20053 0.144616 -2.17174e-21)
(1.20289 0.143623 6.17417e-21)
(1.20524 0.14263 1.16768e-21)
(1.20758 0.141635 2.44866e-21)
(1.20991 0.140641 1.21541e-20)
(1.21224 0.139647 8.42658e-21)
(1.21456 0.138653 4.02448e-21)
(1.21688 0.13766 5.88883e-21)
(1.21919 0.136669 -1.83823e-21)
(1.22149 0.135679 2.11302e-21)
(1.19261 0.142025 3.17727e-21)
(1.19491 0.141093 1.89889e-21)
(1.1972 0.14016 1.82571e-21)
(1.19948 0.139225 -2.56203e-22)
(1.20176 0.13829 2.5538e-21)
(1.20403 0.137354 -1.04529e-20)
(1.2063 0.136418 -1.23257e-20)
(1.20856 0.135482 -6.08198e-21)
(1.21082 0.134547 -8.13199e-21)
(1.21307 0.133612 -1.50094e-21)
(1.21531 0.132679 3.48731e-22)
(1.21755 0.131747 3.15173e-21)
(1.18947 0.137484 -2.52028e-21)
(1.1917 0.136607 3.29031e-22)
(1.19391 0.135727 -1.6141e-22)
(1.19613 0.134847 -7.62633e-21)
(1.19833 0.133966 3.73526e-22)
(1.20054 0.133085 7.29093e-21)
(1.20274 0.132203 5.15731e-22)
(1.20493 0.131321 -7.53007e-21)
(1.20712 0.13044 1.52712e-20)
(1.20931 0.129559 6.24223e-21)
(1.21149 0.128679 -4.70523e-21)
(1.21367 0.127801 -1.4282e-20)
(1.18638 0.132977 8.795e-22)
(1.18853 0.132149 -4.53726e-21)
(1.19067 0.131321 3.24571e-21)
(1.19282 0.130491 2.82288e-21)
(1.19496 0.12966 -5.96995e-21)
(1.19709 0.128829 -5.75792e-21)
(1.19922 0.127998 4.92694e-21)
(1.20135 0.127167 1.6516e-20)
(1.20348 0.126336 -4.38966e-21)
(1.2056 0.125505 -4.83225e-21)
(1.20772 0.124675 5.67155e-21)
(1.20984 0.123846 1.40124e-20)
(1.18332 0.128505 2.82221e-22)
(1.1854 0.127724 2.23357e-21)
(1.18748 0.126943 -2.94848e-21)
(1.18955 0.12616 2.57791e-21)
(1.19162 0.125376 -3.06123e-22)
(1.19369 0.124592 9.17816e-22)
(1.19575 0.123808 -3.67248e-21)
(1.19782 0.123023 -1.53453e-21)
(1.19988 0.122239 -5.6405e-22)
(1.20194 0.121455 8.42089e-21)
(1.20399 0.120671 8.8796e-22)
(1.20605 0.119888 -1.18197e-20)
(1.18031 0.124071 5.89095e-22)
(1.18232 0.123334 2.38972e-21)
(1.18432 0.122595 1.23752e-21)
(1.18633 0.121856 1.85321e-21)
(1.18833 0.121117 4.32534e-21)
(1.19033 0.120376 3.00835e-21)
(1.19233 0.119635 -1.77402e-21)
(1.19433 0.118894 -9.93699e-21)
(1.19632 0.118153 8.32746e-23)
(1.19832 0.117412 -1.05452e-20)
(1.20031 0.116672 -7.72083e-21)
(1.2023 0.115932 7.44157e-21)
(1.17732 0.119675 -1.93644e-21)
(1.17927 0.118979 -4.56202e-21)
(1.1812 0.118281 -3.27743e-22)
(1.18314 0.117583 -4.23222e-21)
(1.18508 0.116884 9.83808e-22)
(1.18701 0.116184 -3.03992e-21)
(1.18895 0.115484 6.3973e-21)
(1.19088 0.114783 4.11529e-21)
(1.19281 0.114082 -5.3091e-21)
(1.19475 0.113382 6.75228e-22)
(1.19668 0.112681 8.69336e-22)
(1.19861 0.111981 -5.39887e-21)
(1.17438 0.11532 8.25036e-22)
(1.17625 0.114661 5.94597e-21)
(1.17812 0.114002 6.89188e-23)
(1.18 0.113342 2.9641e-21)
(1.18187 0.112681 -3.33942e-21)
(1.18374 0.112019 1.30473e-21)
(1.18561 0.111356 -6.70844e-22)
(1.18748 0.110694 -1.62456e-21)
(1.18935 0.11003 1.35746e-22)
(1.19122 0.109367 4.17437e-21)
(1.19308 0.108704 8.32032e-21)
(1.19495 0.108041 5.42587e-21)
(1.17146 0.111006 8.19442e-22)
(1.17327 0.110383 -5.38861e-22)
(1.17508 0.10976 9.49026e-23)
(1.17689 0.109135 -2.31834e-21)
(1.17869 0.108509 2.61978e-21)
(1.1805 0.107883 4.11536e-21)
(1.18231 0.107256 -3.15436e-21)
(1.18412 0.106628 -2.0271e-21)
(1.18592 0.106 8.76118e-21)
(1.18773 0.105372 -2.49702e-21)
(1.18953 0.104744 1.41699e-21)
(1.19134 0.104115 -5.6895e-21)
(1.16858 0.106736 8.67126e-22)
(1.17033 0.106146 -6.23056e-22)
(1.17207 0.105556 9.19743e-22)
(1.17382 0.104964 -4.39431e-21)
(1.17556 0.104372 5.45911e-22)
(1.1773 0.103779 -7.85601e-22)
(1.17905 0.103185 7.82281e-22)
(1.18079 0.10259 -1.42182e-21)
(1.18254 0.101995 -6.44718e-21)
(1.18428 0.1014 2.54743e-21)
(1.18603 0.100804 -5.95278e-22)
(1.18777 0.100208 4.52521e-21)
(1.16573 0.102509 -5.98244e-22)
(1.16741 0.101951 -2.46918e-21)
(1.1691 0.101392 -8.12991e-22)
(1.17078 0.100832 2.29927e-21)
(1.17246 0.100271 -1.51026e-21)
(1.17415 0.0997086 6.38017e-22)
(1.17583 0.0991458 3.36296e-22)
(1.17751 0.0985823 1.74807e-21)
(1.1792 0.0980181 -1.16991e-21)
(1.18088 0.0974534 -4.51149e-21)
(1.18257 0.0968882 -1.48998e-21)
(1.18425 0.0963227 -2.88782e-21)
(1.16292 0.0983263 4.285e-22)
(1.16454 0.097798 -2.69233e-22)
(1.16616 0.0972685 2.32155e-21)
(1.16778 0.096738 5.63794e-22)
(1.1694 0.0962064 -4.44702e-22)
(1.17103 0.0956739 -4.93306e-21)
(1.17265 0.0951404 3.30393e-21)
(1.17427 0.0946061 -1.53302e-21)
(1.1759 0.0940711 1.00606e-21)
(1.17752 0.0935353 -1.49098e-21)
(1.17915 0.092999 2.23295e-21)
(1.18077 0.0924621 4.90431e-21)
(1.16013 0.0941901 -1.71748e-21)
(1.1617 0.0936897 -1.10179e-21)
(1.16326 0.0931881 -4.36754e-21)
(1.16482 0.0926854 4.34301e-22)
(1.16639 0.0921816 3.90691e-22)
(1.16795 0.0916768 3.76743e-23)
(1.16951 0.091171 -5.55707e-21)
(1.17108 0.0906643 1.46245e-21)
(1.17264 0.0901567 -1.09682e-21)
(1.17421 0.0896483 1.35447e-21)
(1.17578 0.0891391 2.77701e-21)
(1.17734 0.0886292 3.31321e-21)
(1.15738 0.0900994 1.83327e-21)
(1.15889 0.0896255 2.24667e-21)
(1.1604 0.0891505 3.56901e-21)
(1.1619 0.0886742 -1.54463e-21)
(1.16341 0.0881968 2.76443e-21)
(1.16491 0.0877183 1.96673e-21)
(1.16642 0.0872388 1.68069e-21)
(1.16793 0.0867582 2.46146e-21)
(1.16944 0.0862766 -2.29367e-21)
(1.17095 0.0857941 3.92424e-21)
(1.17245 0.0853107 -3.28307e-21)
(1.17396 0.0848265 -1.09972e-20)
(1.15467 0.0860555 -1.68847e-21)
(1.15612 0.0856068 -3.28733e-23)
(1.15757 0.0851568 -1.51994e-21)
(1.15902 0.0847057 -9.55527e-23)
(1.16047 0.0842533 -2.09077e-21)
(1.16192 0.0837999 -5.28839e-21)
(1.16337 0.0833452 2.44325e-21)
(1.16483 0.0828895 -1.90217e-22)
(1.16628 0.0824327 2.63531e-21)
(1.16773 0.0819749 1.58144e-21)
(1.16918 0.081516 7.70804e-22)
(1.17063 0.0810562 2.99079e-21)
(1.152 0.0820578 3.9943e-22)
(1.15339 0.0816331 1.79393e-22)
(1.15479 0.0812072 -1.36004e-21)
(1.15619 0.08078 2.54322e-21)
(1.15758 0.0803516 6.64806e-22)
(1.15898 0.079922 3.87373e-21)
(1.16037 0.0794912 1.61248e-21)
(1.16177 0.0790593 -3.19565e-21)
(1.16317 0.0786262 -1.35728e-21)
(1.16456 0.0781919 -7.18373e-22)
(1.16596 0.0777565 -9.48386e-22)
(1.16736 0.07732 4.1143e-21)
(1.14936 0.0781068 4.47336e-22)
(1.15071 0.0777051 -3.49714e-22)
(1.15205 0.0773021 2.42488e-21)
(1.1534 0.0768979 -3.05539e-21)
(1.15474 0.0764924 -8.12654e-22)
(1.15608 0.0760856 -3.90051e-21)
(1.15743 0.0756777 -3.58763e-21)
(1.15877 0.0752685 1.59854e-21)
(1.16011 0.074858 1.39373e-22)
(1.16145 0.0744463 1.26479e-21)
(1.1628 0.0740334 3.30918e-22)
(1.16414 0.0736193 -1.33458e-21)
(1.14678 0.0742013 -5.25268e-22)
(1.14807 0.0738217 -2.76471e-22)
(1.14936 0.0734408 2.48269e-22)
(1.15065 0.0730587 -5.84466e-22)
(1.15195 0.0726753 1.27838e-21)
(1.15324 0.0722906 1.19948e-21)
(1.15453 0.0719046 5.6216e-23)
(1.15582 0.0715173 2.87941e-21)
(1.15711 0.0711287 -1.77125e-21)
(1.1584 0.0707388 -4.66626e-22)
(1.15969 0.0703476 -4.23459e-21)
(1.16098 0.069955 4.33813e-21)
(1.14423 0.0703417 7.21425e-23)
(1.14548 0.0699834 -8.58226e-22)
(1.14672 0.0696238 6.3322e-22)
(1.14797 0.0692629 -3.69591e-23)
(1.14921 0.0689007 9.66865e-22)
(1.15045 0.0685372 2.32092e-22)
(1.15169 0.0681724 -8.5159e-23)
(1.15293 0.0678063 -2.9033e-21)
(1.15417 0.0674388 6.53571e-23)
(1.15541 0.0670699 3.02873e-21)
(1.15665 0.0666997 1.45056e-21)
(1.15789 0.066328 1.49112e-21)
(1.14174 0.0665261 3.5425e-22)
(1.14294 0.0661884 1.25944e-21)
(1.14414 0.0658495 -4.12392e-22)
(1.14533 0.0655092 1.01645e-22)
(1.14653 0.0651677 -2.5845e-21)
(1.14772 0.0648248 -1.89985e-21)
(1.14892 0.0644805 1.01695e-21)
(1.15011 0.0641349 1.61951e-21)
(1.1513 0.0637879 2.05658e-21)
(1.15249 0.0634395 -2.69487e-21)
(1.15368 0.0630897 1.21383e-21)
(1.15487 0.0627384 -3.02092e-21)
(1.13931 0.0627531 1.13593e-21)
(1.14046 0.0624356 -6.23436e-22)
(1.14161 0.0621167 -3.95802e-22)
(1.14276 0.0617966 -4.36716e-22)
(1.14391 0.0614752 1.56266e-21)
(1.14506 0.0611524 1.53682e-21)
(1.14621 0.0608282 3.68907e-22)
(1.14736 0.0605026 1.10737e-21)
(1.1485 0.0601756 -4.58758e-22)
(1.14964 0.0598472 2.77672e-21)
(1.15079 0.0595172 -2.89988e-21)
(1.15193 0.0591858 1.03609e-21)
(1.13694 0.0590225 -2.01633e-21)
(1.13805 0.0587245 3.64525e-22)
(1.13916 0.0584251 1.99091e-22)
(1.14026 0.0581245 7.63215e-22)
(1.14137 0.0578226 4.98946e-22)
(1.14247 0.0575194 2.45324e-22)
(1.14357 0.0572147 -1.43058e-21)
(1.14468 0.0569087 -2.0272e-21)
(1.14577 0.0566012 6.52141e-22)
(1.14687 0.0562923 -1.4264e-21)
(1.14797 0.0559819 3.32051e-21)
(1.14906 0.0556699 -1.54516e-21)
(1.13463 0.055331 6.83261e-22)
(1.1357 0.0550521 1.01499e-21)
(1.13677 0.0547719 -4.44422e-22)
(1.13783 0.0544905 -9.00259e-22)
(1.1389 0.0542078 -2.58252e-22)
(1.13996 0.0539237 2.86754e-22)
(1.14102 0.0536383 2.55378e-21)
(1.14208 0.0533515 2.25921e-21)
(1.14313 0.0530632 -1.52494e-21)
(1.14418 0.0527734 -7.483e-22)
(1.14524 0.0524822 -3.98385e-21)
(1.14629 0.0521894 1.50648e-21)
(1.1324 0.0516772 -7.23851e-22)
(1.13343 0.051417 4.83119e-22)
(1.13446 0.0511556 2.64471e-22)
(1.13548 0.050893 1.25113e-22)
(1.13651 0.0506291 -8.05742e-22)
(1.13753 0.0503639 5.61189e-22)
(1.13855 0.0500973 -2.08914e-21)
(1.13956 0.0498294 2.39181e-22)
(1.14058 0.04956 -1.1171e-21)
(1.14159 0.0492891 1.29373e-21)
(1.1426 0.0490168 -1.45625e-21)
(1.1436 0.0487428 2.47717e-21)
(1.13025 0.0480578 -1.16795e-22)
(1.13124 0.0478161 9.08162e-24)
(1.13223 0.0475732 -7.54885e-23)
(1.13322 0.0473291 3.98236e-22)
(1.1342 0.0470838 5.50471e-22)
(1.13518 0.0468372 -8.46032e-22)
(1.13616 0.0465892 -3.5684e-22)
(1.13714 0.0463399 -1.65517e-21)
(1.13812 0.0460892 1.37221e-22)
(1.13909 0.045837 -2.45925e-23)
(1.14006 0.0455834 -7.07767e-22)
(1.14102 0.0453282 2.29528e-21)
(1.12819 0.04447 -4.9074e-22)
(1.12914 0.0442465 4.71907e-22)
(1.13009 0.0440219 -5.87889e-22)
(1.13105 0.0437961 -2.89591e-22)
(1.13199 0.0435691 7.42948e-22)
(1.13294 0.0433408 1.03922e-21)
(1.13388 0.0431113 -1.85704e-21)
(1.13482 0.0428804 8.08429e-22)
(1.13576 0.0426482 -1.96188e-22)
(1.1367 0.0424146 1.12819e-21)
(1.13763 0.0421795 1.28358e-21)
(1.13855 0.0419428 -1.44042e-21)
(1.12621 0.04091 1.28942e-22)
(1.12714 0.0407045 -3.15443e-22)
(1.12806 0.040498 3.802e-22)
(1.12897 0.0402903 1.07598e-21)
(1.12989 0.0400814 -1.25043e-21)
(1.1308 0.0398714 6.47379e-23)
(1.13171 0.0396601 -1.00188e-21)
(1.13261 0.0394476 2.72253e-21)
(1.13352 0.0392337 -1.36438e-21)
(1.13442 0.0390185 1.83343e-21)
(1.13531 0.0388019 -1.72103e-21)
(1.1362 0.0385837 1.65636e-21)
(1.13709 0.0383641 -4.37977e-21)
(1.12435 0.0373736 -6.57539e-22)
(1.12524 0.037186 -1.13329e-22)
(1.12613 0.0369973 -4.46897e-23)
(1.12701 0.0368076 2.27838e-22)
(1.1279 0.0366168 -3.3534e-22)
(1.12878 0.0364249 5.00977e-22)
(1.12965 0.0362318 7.191e-22)
(1.13052 0.0360375 -5.22794e-22)
(1.13139 0.0358419 -2.50994e-21)
(1.13226 0.035645 1.49202e-21)
(1.13312 0.0354468 -1.81656e-23)
(1.13398 0.0352471 1.46269e-21)
(1.13483 0.035046 -6.06951e-23)
(1.12259 0.0338561 4.86748e-22)
(1.12345 0.0336862 2.53065e-23)
(1.12431 0.0335154 8.85491e-22)
(1.12517 0.0333436 -1.48066e-22)
(1.12602 0.0331707 -1.14941e-21)
(1.12687 0.0329968 1.14384e-22)
(1.12772 0.0328218 -8.76827e-23)
(1.12856 0.0326457 3.23283e-22)
(1.1294 0.0324684 1.97386e-21)
(1.13023 0.0322898 -1.66868e-21)
(1.13106 0.03211 -1.85926e-22)
(1.13189 0.0319288 -9.69416e-22)
(1.13271 0.0317462 1.44708e-21)
(1.12096 0.0303519 -5.62464e-23)
(1.12179 0.0301997 -3.60294e-22)
(1.12263 0.0300466 7.41007e-23)
(1.12345 0.0298926 -2.23179e-22)
(1.12428 0.0297377 9.22174e-22)
(1.1251 0.0295818 -4.02064e-22)
(1.12592 0.0294249 -9.1056e-22)
(1.12673 0.0292669 1.88174e-23)
(1.12754 0.0291078 -2.68635e-23)
(1.12835 0.0289476 2.14059e-21)
(1.12915 0.0287861 -9.59308e-22)
(1.12995 0.0286235 -1.00292e-21)
(1.13074 0.0284595 3.10986e-22)
(1.11945 0.026855 3.20323e-22)
(1.12026 0.0267205 4.2952e-22)
(1.12107 0.0265852 -4.44362e-22)
(1.12188 0.026449 -1.06711e-21)
(1.12268 0.026312 3.21699e-22)
(1.12348 0.0261741 2.72162e-22)
(1.12427 0.0260353 4.33319e-22)
(1.12506 0.0258955 -9.01549e-22)
(1.12584 0.0257547 6.77587e-22)
(1.12662 0.0256128 5.92698e-22)
(1.12739 0.0254699 -1.16794e-21)
(1.12817 0.0253257 1.86818e-21)
(1.12893 0.0251804 -3.92532e-22)
(1.11809 0.023358 5.44552e-23)
(1.11888 0.0232412 2.14109e-22)
(1.11967 0.0231236 1.8527e-22)
(1.12045 0.0230053 1.24478e-21)
(1.12123 0.0228862 -1.78654e-22)
(1.122 0.0227664 -1.70272e-22)
(1.12277 0.0226457 -3.38406e-22)
(1.12354 0.0225242 5.92726e-22)
(1.1243 0.0224017 -4.97912e-22)
(1.12505 0.0222783 -1.6111e-22)
(1.12581 0.0221539 -7.38922e-22)
(1.12655 0.0220284 -3.8217e-22)
(1.12729 0.0219019 7.16117e-22)
(1.11688 0.0198546 2.64835e-22)
(1.11765 0.0197554 -8.39923e-22)
(1.11842 0.0196556 -1.70147e-22)
(1.11918 0.0195552 8.00509e-22)
(1.11994 0.0194541 -1.1991e-21)
(1.12069 0.0193524 1.25713e-21)
(1.12144 0.0192499 -6.71232e-23)
(1.12219 0.0191466 -1.23395e-21)
(1.12293 0.0190426 1.00187e-21)
(1.12366 0.0189377 -1.43167e-22)
(1.12439 0.0188319 -2.14986e-23)
(1.12512 0.0187252 1.75729e-21)
(1.12584 0.0186176 -1.13677e-21)
(1.11584 0.0163325 -6.92842e-22)
(1.11659 0.0162512 3.68081e-22)
(1.11734 0.0161693 8.94181e-24)
(1.11809 0.016087 -3.64023e-22)
(1.11883 0.0160041 -2.50197e-22)
(1.11956 0.0159206 1.57025e-21)
(1.1203 0.0158365 -4.97257e-22)
(1.12102 0.0157517 2.93191e-22)
(1.12175 0.0156663 4.07995e-22)
(1.12246 0.0155802 -7.45723e-22)
(1.12318 0.0154933 -7.30613e-22)
(1.12388 0.0154057 -1.55746e-22)
(1.12458 0.0153172 -2.88458e-23)
(1.11497 0.0127883 1.36175e-22)
(1.11571 0.0127248 -1.41759e-21)
(1.11645 0.0126608 1.42463e-21)
(1.11718 0.0125964 -8.57577e-22)
(1.1179 0.0125316 7.25054e-22)
(1.11863 0.0124663 5.59926e-24)
(1.11934 0.0124005 -5.74867e-22)
(1.12006 0.0123341 3.4662e-22)
(1.12076 0.0122673 -3.32609e-22)
(1.12147 0.0121998 1.64518e-21)
(1.12216 0.0121318 -3.84515e-21)
(1.12286 0.0120631 -7.46153e-22)
(1.12354 0.0119937 3.18773e-21)
(1.1143 0.00919967 2.96137e-22)
(1.11502 0.00915448 -2.97739e-22)
(1.11575 0.00910902 2.14257e-22)
(1.11647 0.00906325 1.14134e-21)
(1.11718 0.00901716 -1.8414e-21)
(1.11789 0.00897073 8.75802e-22)
(1.1186 0.00892395 -4.00572e-22)
(1.1193 0.00887678 3.03784e-22)
(1.11999 0.00882921 -6.24153e-22)
(1.12068 0.0087812 3.02556e-21)
(1.12137 0.00873275 -4.05393e-21)
(1.12205 0.00868383 3.0085e-22)
(1.12272 0.0086344 1.50421e-21)
(1.11383 0.00557217 -1.11172e-22)
(1.11455 0.00554449 -6.59361e-22)
(1.11526 0.00551663 1.0182e-21)
(1.11597 0.00548856 -2.09751e-22)
(1.11668 0.00546028 2.74278e-22)
(1.11738 0.00543177 -8.85524e-22)
(1.11808 0.00540303 4.75097e-22)
(1.11877 0.00537404 6.86337e-22)
(1.11946 0.00534479 -2.86911e-22)
(1.12014 0.00531527 -1.34857e-21)
(1.12082 0.00528547 1.25891e-22)
(1.12149 0.00525537 8.87516e-22)
(1.12216 0.00522496 8.06324e-22)
(1.11356 0.00186641 -8.77724e-22)
(1.11428 0.00185886 3.50305e-22)
(1.11499 0.00185124 5.32122e-22)
(1.11569 0.00184354 6.75657e-22)
(1.11639 0.00183575 -7.84243e-22)
(1.11709 0.00182784 -7.05548e-22)
(1.11778 0.00181982 3.03156e-23)
(1.11847 0.00181168 -5.51308e-22)
(1.11915 0.00180339 9.63082e-22)
(1.11983 0.00179495 2.16566e-21)
(1.1205 0.00178635 -1.94317e-21)
(1.12117 0.00177757 3.05481e-22)
(1.12183 0.00176861 -1.24541e-21)
)
;

boundaryField
{
    inlet
    {
        type            uniformFixedValue;
        uniformValue    constant (1 0 0);
        value           nonuniform 0();
    }
    outlet
    {
        type            pressureInletOutletVelocity;
        value           nonuniform 0();
    }
    cylinder
    {
        type            fixedValue;
        value           uniform (0 0 0);
    }
    top
    {
        type            symmetryPlane;
    }
    bottom
    {
        type            symmetryPlane;
    }
    defaultFaces
    {
        type            empty;
    }
    procBoundary23to7
    {
        type            processor;
        value           nonuniform List<vector> 6((-0.016006 0.0132258 -1.53063e-19) (-0.014584 0.0120964 1.6267e-19) (-0.014584 0.0120964 1.6267e-19) (-0.00775047 0.0052034 2.36283e-19) (-0.00730992 0.00475251 -1.81863e-19) (-0.00730992 0.00475251 -1.81863e-19));
    }
    procBoundary23to22
    {
        type            processor;
        value           nonuniform List<vector> 
84
(
(0.0319298 -0.00381261 6.75687e-21)
(0.115592 -0.0068248 5.1487e-20)
(0.219402 0.000609597 -4.1893e-20)
(0.339912 0.0158401 -7.66171e-20)
(0.339912 0.0158401 -7.66171e-20)
(0.501456 0.0458839 1.05986e-19)
(0.643669 0.0762504 1.01674e-19)
(0.783429 0.109896 -1.365e-20)
(0.783429 0.109896 -1.365e-20)
(0.944329 0.157776 4.62713e-20)
(1.05592 0.190507 6.82571e-20)
(1.14694 0.218581 -3.48466e-20)
(1.21645 0.240792 3.92421e-20)
(1.21645 0.240792 3.92421e-20)
(1.2766 0.267941 1.88877e-21)
(1.30418 0.276727 1.9518e-20)
(1.31878 0.280586 -3.93963e-20)
(1.32413 0.280645 2.98464e-20)
(1.32343 0.277975 5.28916e-21)
(1.32343 0.277975 5.28916e-21)
(1.31641 0.279382 -2.20276e-20)
(1.30967 0.273211 8.90367e-22)
(1.30237 0.266431 3.21528e-20)
(1.29495 0.259181 -1.59678e-20)
(1.28842 0.253838 7.01886e-22)
(1.28298 0.249385 -3.09693e-20)
(1.27732 0.244761 2.23122e-20)
(1.27154 0.239992 -1.66766e-20)
(1.26579 0.235103 8.16038e-21)
(1.26019 0.23014 1.05907e-20)
(1.25484 0.225144 -8.92744e-21)
(1.24978 0.220147 -4.70262e-21)
(1.245 0.215168 8.2419e-21)
(1.24047 0.21021 -2.33576e-21)
(1.23616 0.205274 6.58519e-21)
(1.23202 0.200357 -2.52297e-21)
(1.22804 0.195456 -2.20347e-21)
(1.22418 0.190571 1.61396e-21)
(1.22043 0.185703 -1.1352e-21)
(1.21679 0.180853 -5.77044e-22)
(1.21323 0.176023 2.94269e-21)
(1.20976 0.171216 -4.52183e-21)
(1.20637 0.166433 4.58072e-21)
(1.20304 0.161677 -2.15483e-21)
(1.19978 0.156949 -7.58331e-22)
(1.19657 0.152251 2.65389e-21)
(1.19342 0.147586 -2.19823e-22)
(1.19031 0.142956 -1.21575e-21)
(1.18725 0.138361 1.06368e-21)
(1.18423 0.133803 -1.39352e-21)
(1.18124 0.129284 1.55762e-21)
(1.1783 0.124806 -2.28459e-21)
(1.17538 0.12037 1.72194e-21)
(1.1725 0.115977 -2.18814e-22)
(1.16965 0.111627 2.80539e-22)
(1.16684 0.107324 -1.77656e-21)
(1.16405 0.103066 1.27898e-21)
(1.16129 0.0988533 5.76854e-22)
(1.15857 0.0946893 -1.59964e-21)
(1.15588 0.0905721 9.65571e-22)
(1.15322 0.0865029 -9.2192e-22)
(1.1506 0.0824812 4.01513e-22)
(1.14802 0.0785072 -1.06936e-21)
(1.14548 0.0745795 1.26373e-21)
(1.14299 0.0706988 -3.04041e-22)
(1.14055 0.0668626 -2.12499e-22)
(1.13816 0.0630694 2.66113e-22)
(1.13583 0.0593193 -5.06744e-23)
(1.13357 0.0556087 4.64646e-22)
(1.13137 0.0519361 -5.83476e-22)
(1.12926 0.0482984 -4.45256e-22)
(1.12723 0.0446925 -1.06801e-22)
(1.12529 0.0411145 3.99849e-22)
(1.12345 0.0375603 -4.66385e-22)
(1.12173 0.0340251 8.99193e-23)
(1.12012 0.0305032 -3.16895e-22)
(1.11864 0.0269888 2.09309e-22)
(1.1173 0.0234743 3.91529e-22)
(1.11611 0.0199532 -1.27597e-22)
(1.11508 0.0164134 -3.1508e-22)
(1.11423 0.0128515 -2.68843e-22)
(1.11356 0.00924459 6.42805e-22)
(1.1131 0.00559966 -3.90481e-22)
(1.11284 0.0018739 2.4249e-22)
)
;
    }
    procBoundary23to24
    {
        type            processor;
        value           nonuniform List<vector> 
96
(
(-0.0173741 0.0190802 1.73334e-20)
(-0.00414818 0.0194233 2.20048e-19)
(0.00152756 0.0173664 -2.57143e-19)
(0.00152756 0.0173664 -2.57143e-19)
(0.0338029 0.0153729 1.89735e-20)
(0.0338029 0.0153729 1.89735e-20)
(0.0849218 0.0131259 4.84074e-20)
(0.0849218 0.0131259 4.84074e-20)
(0.157299 0.0123901 1.38724e-20)
(0.157299 0.0123901 1.38724e-20)
(0.252524 0.0149877 -2.95848e-19)
(0.252524 0.0149877 -2.95848e-19)
(0.370473 0.0225862 -1.23117e-19)
(0.370473 0.0225862 -1.23117e-19)
(0.508246 0.0363495 2.02482e-19)
(0.508246 0.0363495 2.02482e-19)
(0.659342 0.0564967 2.69652e-19)
(0.659342 0.0564967 2.69652e-19)
(0.813728 0.0819492 1.94954e-19)
(0.813728 0.0819492 1.94954e-19)
(0.918761 0.100566 -2.93981e-19)
(1.05093 0.128463 -6.55259e-20)
(1.05093 0.128463 -6.55259e-20)
(1.15758 0.154088 -3.74966e-19)
(1.15758 0.154088 -3.74966e-19)
(1.23501 0.175147 -7.83088e-21)
(1.23501 0.175147 -7.83088e-21)
(1.27221 0.183185 -5.36676e-20)
(1.30538 0.194384 4.38416e-20)
(1.30538 0.194384 4.38416e-20)
(1.32063 0.201281 -3.88405e-20)
(1.32063 0.201281 -3.88405e-20)
(1.32365 0.198755 1.38878e-19)
(1.32198 0.203038 -9.73001e-21)
(1.32198 0.203038 -9.73001e-21)
(1.31926 0.202085 -1.96597e-21)
(1.31578 0.20077 -1.06495e-20)
(1.31169 0.199079 2.38253e-20)
(1.30708 0.197041 -3.66994e-20)
(1.30208 0.194712 4.49119e-20)
(1.29679 0.19213 -1.3562e-20)
(1.29134 0.189324 -7.61794e-21)
(1.29134 0.189324 -7.61794e-21)
(1.28892 0.183967 -1.82178e-20)
(1.28345 0.180968 2.09018e-21)
(1.27808 0.177832 -8.08202e-21)
(1.27285 0.174587 1.60274e-20)
(1.26779 0.171255 -1.72424e-20)
(1.2629 0.167848 9.35662e-21)
(1.25816 0.164375 4.29326e-21)
(1.25355 0.160839 2.08338e-21)
(1.24906 0.157245 -1.80954e-20)
(1.24466 0.153596 3.0509e-20)
(1.24035 0.149896 -1.84509e-20)
(1.23611 0.14615 1.54113e-20)
(1.23194 0.142364 -6.35964e-21)
(1.22783 0.138542 1.68044e-21)
(1.22379 0.134691 -5.71073e-21)
(1.21979 0.130816 6.2346e-21)
(1.21585 0.126924 -1.68846e-21)
(1.21195 0.123019 -3.40925e-21)
(1.2081 0.119107 1.87248e-21)
(1.2043 0.115193 -6.50822e-21)
(1.20054 0.111282 4.58451e-21)
(1.19682 0.107379 -2.98682e-21)
(1.19315 0.103487 4.69472e-21)
(1.18952 0.0996122 -7.46936e-21)
(1.18594 0.0957569 3.12069e-21)
(1.1824 0.0919247 4.07767e-21)
(1.17891 0.0881187 -1.6496e-21)
(1.17547 0.0843414 8.55441e-21)
(1.17208 0.0805954 -7.01061e-21)
(1.16875 0.0768823 4.60371e-21)
(1.16548 0.0732039 2.26215e-21)
(1.16227 0.0695612 4.73238e-22)
(1.15913 0.065955 -1.42789e-21)
(1.15606 0.0623856 8.37856e-22)
(1.15306 0.0588528 -3.52682e-21)
(1.15015 0.0553563 3.69663e-21)
(1.14733 0.051895 -1.08985e-21)
(1.14461 0.0484673 -5.51058e-22)
(1.14199 0.0450714 1.68332e-21)
(1.13948 0.0417047 2.30548e-22)
(1.13948 0.0417047 2.30548e-22)
(1.13797 0.0381429 6.1346e-22)
(1.13568 0.0348434 -6.80424e-22)
(1.13353 0.0315622 1.15017e-21)
(1.13153 0.0282942 9.55079e-23)
(1.12969 0.0250339 1.04772e-21)
(1.12803 0.0217743 4.47656e-22)
(1.12655 0.018509 8.1877e-22)
(1.12528 0.0152279 -1.65996e-21)
(1.12422 0.0119237 2.16961e-21)
(1.12339 0.00858445 5.22533e-22)
(1.12282 0.00519423 1.46649e-21)
(1.12249 0.00175946 -3.07283e-21)
)
;
    }
}


// ************************************************************************* //
