/*--------------------------------*- C++ -*----------------------------------*\
  =========                 |
  \\      /  F ield         | OpenFOAM: The Open Source CFD Toolbox
   \\    /   O peration     | Website:  https://openfoam.org
    \\  /    A nd           | Version:  7
     \\/     M anipulation  |
\*---------------------------------------------------------------------------*/
FoamFile
{
    version     2.0;
    format      ascii;
    class       surfaceScalarField;
    location    "22";
    object      phi;
}
// * * * * * * * * * * * * * * * * * * * * * * * * * * * * * * * * * * * * * //

dimensions      [0 3 -1 0 0 0 0];

internalField   nonuniform List<scalar> 
2015
(
6.14779e-06
-5.35382e-05
2.48836e-05
-0.000199535
5.68118e-05
-0.000389221
-0.000621339
6.44609e-06
-5.99843e-05
2.59071e-05
-0.000218996
5.88045e-05
-0.000422119
0.000104958
-0.000667492
0.000163266
-0.000949918
0.000231529
-0.00126064
-0.00158786
6.73711e-06
-6.67214e-05
2.68873e-05
-0.000239147
6.06727e-05
-0.000455904
0.000107652
-0.000714472
0.000166413
-0.00100868
0.000234438
-0.00132866
0.000308238
-0.00166166
0.000383775
-0.0019936
0.000457059
-0.00231123
0.000524757
-0.00260413
-0.00286609
7.01887e-06
-7.37403e-05
2.78171e-05
-0.000259945
6.24017e-05
-0.000490489
0.000110059
-0.000762129
0.00016906
-0.00106768
0.000236584
-0.00139618
0.00030892
-0.00173399
0.000381956
-0.00206663
0.000451805
-0.00238108
0.000515388
-0.00266772
0.000570796
-0.00292149
0.000617363
-0.00314196
0.000655486
-0.00333239
0.000686296
-0.00349851
0.00071128
-0.00364699
-0.00378437
7.28943e-06
-8.10297e-05
2.86894e-05
-0.000281345
6.39776e-05
-0.000525777
0.000112157
-0.000810308
0.000171185
-0.00112671
0.000237954
-0.00146295
0.000308569
-0.00180461
0.000378888
-0.00213695
0.00044517
-0.00244736
0.000504612
-0.00272716
0.00055564
-0.00297252
0.000597904
-0.00318422
0.000632038
-0.00336653
0.000659303
-0.00352577
0.000681218
-0.0036689
0.000699265
-0.00380242
0.000714703
-0.00393169
0.000728482
-0.00406071
0.000741251
-0.00419208
-0.00432737
0.000753369
7.54682e-06
-8.85765e-05
2.94975e-05
-0.000303295
6.53876e-05
-0.000561667
0.000113929
-0.000858849
0.000172771
-0.00118555
0.000238542
-0.00152872
0.000307198
-0.00187326
0.000374616
-0.00220437
0.000437233
-0.00250998
0.000492541
-0.00278246
0.000539292
-0.00301927
0.000577428
-0.00322235
0.000607786
-0.00339688
0.000631722
-0.00354971
0.000650762
-0.00368794
0.000666324
-0.00381798
0.000679575
-0.00394494
0.000691363
-0.00407249
0.000702249
-0.00420297
-0.00433764
0.000712524
7.78918e-06
-9.63657e-05
3.02351e-05
-0.000325741
6.66202e-05
-0.000598052
0.00011536
-0.000907589
0.000173806
-0.001244
0.000238347
-0.00159327
0.000304832
-0.00193975
0.000369195
-0.00226873
0.000428082
-0.00256886
0.000479288
-0.00283367
0.000521884
-0.00306187
0.000556072
-0.00325654
0.000582858
-0.00342367
0.000603667
-0.00357052
0.000620005
-0.00370428
0.00063322
-0.0038312
0.000644379
-0.0039561
0.000654238
-0.00408235
0.000663276
-0.004212
-0.0043461
0.000671728
8.01468e-06
-0.00010438
3.08964e-05
-0.000348623
6.76651e-05
-0.000634821
0.00011644
-0.000956364
0.000174285
-0.00130184
0.000237379
-0.00165636
0.000301502
-0.00200387
0.000362684
-0.00232991
0.000417806
-0.00262399
0.000464968
-0.00288083
0.00050354
-0.00310044
0.00053396
-0.00328696
0.000557371
-0.00344708
0.000575237
-0.00358838
0.000589028
-0.00371807
0.000600012
-0.00384218
0.000609162
-0.00396525
0.000617142
-0.00409033
0.000624361
-0.00421922
-0.00435274
0.000631001
8.22163e-06
-0.000112602
3.14761e-05
-0.000371878
6.85139e-05
-0.000671859
0.000117159
-0.00100501
0.000174204
-0.00135889
0.000235649
-0.00171781
0.000297244
-0.00206547
0.000355149
-0.00238782
0.000406496
-0.00267533
0.000449689
-0.00292402
0.000484379
-0.00313513
0.00051121
-0.00331379
0.00053143
-0.0034673
0.000546521
-0.00360347
0.000557903
-0.00372945
0.000566757
-0.00385103
0.000573963
-0.00397246
0.000580105
-0.00409647
0.000585526
-0.00422464
-0.00435758
0.000590366
8.4093e-06
-0.000121011
3.19713e-05
-0.00039544
6.91621e-05
-0.00070905
0.000117515
-0.00105336
0.000173571
-0.00141494
0.000233184
-0.00177742
0.000292109
-0.00212439
0.000346665
-0.00244238
0.000394251
-0.00272292
0.000433565
-0.00296334
0.00046452
-0.00316609
0.000487934
-0.00333721
0.000505138
-0.0034845
0.000517606
-0.00361594
0.000526696
-0.00373854
0.000533505
-0.00385784
0.000538823
-0.00397777
0.000543159
-0.00410081
0.0005468
-0.00422828
-0.00436063
0.000549848
8.57456e-06
-0.000129586
3.23744e-05
-0.000419239
6.9599e-05
-0.000746274
0.000117499
-0.00110126
0.000172384
-0.00146983
0.000229996
-0.00183503
0.00028613
-0.00218052
0.000337289
-0.00249353
0.000381145
-0.00276677
0.000416683
-0.00299888
0.000444052
-0.00319346
0.000464216
-0.00335737
0.000478562
-0.00349885
0.000488543
-0.00362592
0.000495448
-0.00374545
0.000500284
-0.00386268
0.00050376
-0.00398125
0.000506315
-0.00410337
0.000508188
-0.00423016
-0.00436189
0.000509451
8.71692e-06
-0.000138303
3.26837e-05
-0.000443206
6.98232e-05
-0.000783414
0.000117114
-0.00114855
0.000170659
-0.00152337
0.000226119
-0.00189049
0.000279363
-0.00223377
0.0003271
-0.00254127
0.000367275
-0.00280695
0.000399147
-0.00303075
0.000423076
-0.00321738
0.00044015
-0.00337445
0.000451785
-0.00351049
0.000459401
-0.00363354
0.00046421
-0.00375026
0.000467135
-0.0038656
0.000468805
-0.00398292
0.000469601
-0.00410416
0.000469717
-0.00423027
-0.00436137
0.0004692
8.83521e-06
-0.000147138
3.28964e-05
-0.000467267
6.98325e-05
-0.00082035
0.000116363
-0.00119508
0.00016841
-0.00157542
0.000221586
-0.00194367
0.000271862
-0.00228405
0.000316169
-0.00258558
0.000352726
-0.00284351
0.000381048
-0.00305907
0.000401682
-0.00323802
0.000415814
-0.00338858
0.000424874
-0.00351955
0.000430232
-0.0036389
0.000433023
-0.00375305
0.000434088
-0.00386667
0.000433982
-0.00398281
0.000433034
-0.00410321
0.000431402
-0.00422864
-0.00435908
0.00042911
8.92843e-06
-0.000156066
3.30106e-05
-0.00049135
6.96262e-05
-0.000856965
0.000115252
-0.00124071
0.000165654
-0.00162582
0.000216431
-0.00199444
0.00026368
-0.0023313
0.000304566
-0.00262646
0.000337578
-0.00287652
0.000362469
-0.00308396
0.00037995
-0.0032555
0.00039128
-0.00339991
0.000397885
-0.00352615
0.000401081
-0.00364209
0.000401922
-0.00375389
0.000401168
-0.00386591
0.000399312
-0.00398096
0.000396633
-0.00410054
0.000393259
-0.00422527
-0.00435502
0.000389197
8.99574e-06
-0.000165062
3.30249e-05
-0.000515379
6.92051e-05
-0.000893146
0.000113788
-0.00128529
0.000162413
-0.00167445
0.000210691
-0.00204272
0.000254873
-0.00237548
0.000292362
-0.00266395
0.00032191
-0.00290607
0.00034349
-0.00310554
0.000357952
-0.00326996
0.00036661
-0.00340857
0.000370872
-0.00353041
0.000371989
-0.00364321
0.000370937
-0.00375284
0.000368401
-0.00386338
0.000364813
-0.00397737
0.000360414
-0.00409614
0.000355304
-0.00422016
-0.00434919
0.000349476
9.03648e-06
-0.000174099
3.29385e-05
-0.000539281
6.85715e-05
-0.000928779
0.000111981
-0.0013287
0.000158708
-0.00172117
0.000204405
-0.00208842
0.000245494
-0.00241657
0.000279623
-0.00269808
0.000305795
-0.00293224
0.000324182
-0.00312393
0.000335755
-0.00328153
0.000341861
-0.00341467
0.000343878
-0.00353243
0.00034299
-0.00364232
0.000340094
-0.00374994
0.000335805
-0.00385909
0.000330503
-0.00397207
0.000324392
0.00031755
0.000309962
9.05018e-06
-0.000183149
3.27516e-05
-0.000562982
6.77289e-05
-0.000963756
0.000109843
-0.00137082
0.000154564
-0.00176589
0.000197613
-0.00213147
0.000235597
-0.00245455
0.000266413
-0.0027289
0.0002893
-0.00295513
0.000304613
-0.00313924
0.000313419
-0.00329034
0.000317084
-0.00341834
0.000316944
-0.00353229
0.000314115
-0.00363949
0.000309418
0.0003034
9.03653e-06
-0.000192185
3.24648e-05
-0.000586411
6.66821e-05
-0.000997973
0.000107387
-0.00141152
0.000150007
-0.00180851
0.000190355
-0.00217181
0.000225237
-0.00248943
0.000252793
-0.00275645
0.000272491
-0.00297482
0.000284844
-0.0031516
0.000290998
-0.00329649
0.000292322
0.000290106
8.99541e-06
-0.000201181
3.20793e-05
-0.000609494
6.5437e-05
-0.00103133
0.000104629
-0.00145071
0.000145064
-0.00184895
0.000182671
-0.00220942
0.000214464
-0.00252123
0.000238823
-0.00278081
0.000255427
0.000264931
8.92686e-06
-0.000210108
3.1597e-05
-0.000632165
6.40005e-05
-0.00106373
0.000101583
-0.00148829
0.000139763
-0.00188713
0.000174601
0.000203327
8.83108e-06
-0.000218939
3.10201e-05
-0.000654354
6.23804e-05
-0.00109509
9.82668e-05
8.70841e-06
-0.000227647
3.03515e-05
0.000227647
0.000218938
0.000210107
0.00020118
0.00290129
0.000579104
-0.00289003
0.0029125
0.000619791
0.00292366
0.000660567
0.00293477
0.000701411
0.000742305
0.00295867
0.000567595
-0.00294716
0.00297016
0.000608299
0.00298164
0.00064909
0.0029931
0.000689949
0.000730855
0.0030167
0.00055587
-0.00300497
0.00302845
0.000596546
0.00304023
0.000637308
0.00305204
0.000678138
0.000719017
0.00307576
0.000544025
-0.00306391
0.00308769
0.000584618
0.0030997
0.000625298
0.00311179
0.000666047
0.000706848
0.00313628
0.000532166
-0.00312443
0.00314828
0.000572621
0.00316041
0.000613164
0.00317268
0.000653777
0.000694443
0.00319862
0.000520383
-0.00318684
0.00321059
0.000560651
0.00322275
0.000601006
0.00323509
0.000641431
0.00068191
0.00326297
0.000508724
-0.00325131
0.00327486
0.000548768
0.00328697
0.000588896
0.00329931
0.00062909
0.000669336
0.00332942
0.000497206
-0.0033179
0.00334119
0.000536998
0.00335322
0.000576867
0.00336551
0.000616799
0.000656778
0.00339796
0.000485821
-0.00338657
0.00340961
0.000525339
0.00342155
0.000564928
0.00343378
0.000604573
0.00064426
0.00346853
0.000474555
-0.00345726
0.00348009
0.00051378
0.00349195
0.000553069
0.00350411
0.000592408
0.000631783
0.00354109
0.000463393
-0.00352993
0.00355257
0.000502305
0.00356436
0.000541276
0.00357647
0.000580293
0.000619339
0.00361562
0.000452323
-0.00360455
0.00362702
0.000490904
0.00363876
0.000529539
0.00365084
0.000568215
0.000606916
0.0036921
0.000441339
-0.00368112
0.00370344
0.000479569
0.00371513
0.000517849
0.00372718
0.000556166
0.000594504
0.00377055
0.000430439
-0.00375965
0.00378182
0.000468298
0.00379347
0.000506203
0.00380549
0.000544141
0.000582097
0.00385098
0.000419621
-0.00384017
0.00386219
0.000457088
0.0038738
0.000494599
0.0038858
0.00053214
0.000569695
0.00393343
0.000408886
-0.00392269
0.00394457
0.000445941
0.00395614
0.000483037
0.00396812
0.00052016
0.000557296
0.0040179
0.000398232
-0.00400725
0.00402899
0.000434855
0.00404051
0.000471517
0.00405247
0.000508203
0.000544901
0.00410444
0.00038766
-0.00409387
0.00411547
0.000423831
0.00412694
0.000460039
0.00413888
0.00049627
0.00053251
0.00419308
0.000377169
-0.00418259
0.00420404
0.00041287
0.00421547
0.000448605
0.00422738
0.00048436
0.000520124
0.00428384
0.00036676
-0.00427343
0.00429474
0.00040197
0.00430613
0.000437213
0.00431802
0.000472475
0.000507743
0.00437676
0.000356432
-0.00436644
0.0043876
0.000391133
0.00439895
0.000425866
0.00441081
0.000460615
0.000495369
0.00447188
0.000346185
-0.00446164
0.00448266
0.000380359
0.00449396
0.000414561
0.0045058
0.00044878
0.000483002
0.00456924
0.000336019
-0.00455907
0.00457995
0.000369646
0.00459121
0.000403301
0.00460302
0.00043697
0.000470641
0.00466886
0.000325934
-0.00465878
0.00467951
0.000358996
0.00469073
0.000392084
0.00470252
0.000425186
0.000458288
0.00477081
0.000315927
-0.0047608
0.0047814
0.000348406
0.00479257
0.00038091
0.00480433
0.000413426
0.000445942
0.00487511
0.000306
-0.00486519
0.00488564
0.000337878
0.00489677
0.00036978
0.00490851
0.000401693
0.000433604
0.00498183
0.000296152
-0.00497198
0.00499229
0.000327411
0.00500338
0.000358693
0.00501509
0.000389984
0.000421273
0.00509099
0.000286383
-0.00508122
0.0051014
0.000317005
0.00511244
0.000347648
0.00512413
0.0003783
0.00040895
0.00520266
0.000276692
-0.00519297
0.00521301
0.000306659
0.00522401
0.000336645
0.00523567
0.00036664
0.000396632
0.00531689
0.000267077
-0.00530727
0.00532718
0.000296371
0.00533814
0.000325683
0.00534977
0.000355004
0.00038432
0.00543372
0.000257538
-0.00542418
0.00544395
0.000286141
0.00545487
0.000314762
0.00546649
0.000343389
0.000372013
0.00555322
0.000248074
-0.00554376
0.0055634
0.000275968
0.00557428
0.000303879
0.00558587
0.000331796
0.000359709
0.00567545
0.000238681
-0.00566605
0.00568557
0.000265848
0.00569641
0.000293032
0.00570799
0.000320222
0.000347407
0.00580046
0.00022936
-0.00579114
0.00581053
0.000255783
0.00582134
0.000282222
0.0058329
0.000308665
0.000335105
0.00592833
0.000220109
-0.00591908
0.00593835
0.00024577
0.00594912
0.000271445
0.00596066
0.000297125
0.000322801
0.00605913
0.000210927
-0.00604995
0.00606909
0.000235807
0.00607984
0.0002607
0.00609136
0.000285599
0.000310493
0.00619292
0.00020181
-0.0061838
0.00620283
0.000225891
0.00621355
0.000249986
0.00622506
0.000274084
0.000298178
0.00632979
0.000192757
-0.00632073
0.00633966
0.000216021
0.00635034
0.000239298
0.00636185
0.000262579
0.000285854
0.00646981
0.000183766
-0.00646082
0.00647964
0.000206194
0.0064903
0.000228634
0.0065018
0.000251079
0.000273518
0.00661308
0.000174833
-0.00660414
0.00662286
0.000196407
0.00663351
0.000217992
0.006645
0.000239581
0.000261166
0.00675968
0.000165955
-0.0067508
0.00676943
0.000186656
0.00678005
0.000207367
0.00679155
0.000228083
0.000248794
0.00690972
0.00015713
-0.0069009
0.00691944
0.000176937
0.00693005
0.000196756
0.00694155
0.000216579
0.000236397
0.00706329
0.000148351
-0.00705451
0.00707298
0.000167247
0.00708359
0.000186153
0.0070951
0.000205063
0.00022397
0.00722053
0.000139616
-0.00721179
0.00723019
0.00015758
0.00724079
0.000175555
0.00725232
0.000193534
0.000211509
0.00738153
0.00013092
-0.00737284
0.00739118
0.000147933
0.00740178
0.000164957
0.00741333
0.000181983
0.000199007
0.00754644
0.000122259
-0.00753777
0.00755607
0.0001383
0.00756667
0.000154351
0.00757825
0.000170406
0.000186458
0.00771537
0.000113627
-0.00770674
0.007725
0.000128675
0.00773562
0.000143733
0.00774723
0.000158795
0.000173855
0.00788849
0.000105016
-0.00787988
0.00789811
0.000119051
0.00790875
0.000133095
0.0079204
0.000147143
0.000161189
0.00806594
9.64214e-05
-0.00805735
0.00807557
0.000109421
0.00808624
0.000122429
0.00809794
0.000135441
0.000148452
0.00824789
8.78343e-05
-0.0082393
0.00825753
9.97764e-05
0.00826824
0.000111727
0.00828
0.000123681
0.000135635
0.00843451
7.92466e-05
-0.00842593
0.00844418
9.01087e-05
0.00845493
0.000100979
0.00846676
0.000111852
0.000122726
0.008626
7.0649e-05
-0.0086174
0.0086357
8.04076e-05
0.00864651
9.01736e-05
0.00865842
9.99435e-05
0.000109713
0.00882255
6.20311e-05
-0.00881394
0.0088323
7.06623e-05
0.00884317
7.93005e-05
0.00885517
8.79423e-05
9.65846e-05
0.00902439
5.33816e-05
-0.00901574
0.00903419
6.08607e-05
0.00904515
6.83463e-05
0.00905725
7.58354e-05
8.3325e-05
0.00923174
4.46876e-05
-0.00922304
0.00924161
5.09892e-05
0.00925266
5.72966e-05
0.00926489
6.36071e-05
6.99188e-05
0.00944485
3.59352e-05
-0.00943609
0.0094548
4.10331e-05
0.00946596
4.61358e-05
0.00947833
5.12416e-05
5.63483e-05
0.00966398
2.71078e-05
-0.00965515
0.00967404
3.09747e-05
0.00968533
3.48455e-05
0.00969785
3.87189e-05
4.25932e-05
0.00988941
1.81902e-05
-0.00988049
0.00989959
2.0798e-05
0.00991102
2.34085e-05
0.00992372
2.60209e-05
2.86341e-05
0.0101215
9.15852e-06
-0.0101124
0.0101318
1.04778e-05
0.0101434
1.17986e-05
0.0101563
1.31205e-05
1.4443e-05
0.0103603
-0.0103511
0.0103708
0.0103826
0.0103957
0.00282117
0.000298238
0.00283282
0.000337828
0.00284439
0.000377622
0.0028559
0.000417605
0.00286733
0.000457761
0.00287871
0.000498075
0.000538531
0.00287762
0.000286547
0.00288928
0.000326169
0.00290091
0.000365993
0.00291251
0.000406005
0.00292408
0.000446187
0.00293563
0.000486525
0.000527003
0.00293519
0.000275003
0.00294675
0.000314602
0.00295835
0.000354402
0.00296996
0.000394388
0.0029816
0.000434544
0.00299327
0.000474856
0.000515305
0.00299458
0.000263728
0.00300593
0.000303249
0.00301736
0.00034297
0.00302888
0.000382874
0.00304047
0.000422948
0.00305215
0.000463177
0.000503543
0.00305612
0.000252792
0.00306717
0.000292191
0.00307836
0.000331785
0.00308967
0.000371559
0.00310112
0.0004115
0.00311271
0.000451593
0.000491823
0.00311987
0.000242212
0.00313061
0.000281454
0.00314151
0.000320885
0.00315258
0.000360491
0.00316382
0.00040026
0.00317524
0.000440175
0.000480223
0.00318578
0.000231971
0.00319621
0.000271028
0.00320682
0.000310269
0.00321764
0.000349679
0.00322865
0.000389244
0.00323987
0.000428951
0.000468784
0.00325373
0.000222031
0.00326387
0.000260886
0.00327423
0.000299915
0.0032848
0.000339106
0.0032956
0.000378445
0.00330663
0.000417918
0.000457512
0.00332365
0.000212381
0.00333353
0.000251008
0.00334364
0.000289803
0.003354
0.000328753
0.0033646
0.000367844
0.00337545
0.000407063
0.000446395
0.00339548
0.000202999
0.00340512
0.000241374
0.00341501
0.000279912
0.00342516
0.000318599
0.00343559
0.000357421
0.00344628
0.000396365
0.000435416
0.0034692
0.000193871
0.00347861
0.000231971
0.00348829
0.000270228
0.00349826
0.00030863
0.00350852
0.000347162
0.00351907
0.00038581
0.00042456
0.00354482
0.000184989
0.003554
0.00022279
0.00356349
0.000260744
0.00357328
0.000298837
0.00358338
0.000337057
0.0035938
0.000375388
0.000413816
0.00362235
0.000176339
0.00363132
0.000213821
0.00364061
0.000251451
0.00365023
0.000289215
0.00366019
0.000327101
0.00367048
0.000365093
0.000403179
0.00370184
0.000167931
0.00371059
0.00020507
0.00371969
0.000242352
0.00372914
0.000279764
0.00373895
0.000317293
0.00374912
0.000354925
0.000392647
0.0037833
0.000159758
0.00379184
0.000196531
0.00380075
0.000233443
0.00381003
0.00027048
0.00381969
0.000307631
0.00382974
0.000344882
0.000382218
0.00386676
0.000151818
0.00387509
0.000188202
0.00388381
0.000224721
0.00389293
0.000261362
0.00390244
0.000298114
0.00391236
0.000334961
0.000371892
0.00395224
0.000144108
0.00396036
0.000180081
0.0039689
0.000216185
0.00397785
0.000252409
0.00398723
0.000288739
0.00399703
0.000325163
0.000361667
0.00403975
0.000136609
0.00404768
0.000172154
0.00405604
0.000207826
0.00406483
0.000243614
0.00407407
0.000279505
0.00408375
0.000315486
0.000351543
0.00412938
0.000129335
0.00413711
0.00016443
0.00414528
0.000199649
0.00415392
0.00023498
0.00416301
0.000270411
0.00417257
0.000305929
0.000341521
0.00422113
0.000122282
0.00422865
0.000156907
0.00423665
0.000191653
0.00424512
0.000226507
0.00425407
0.000261458
0.00426351
0.000296493
0.0003316
0.00431503
0.000115447
0.00432235
0.000149583
0.00433017
0.000183835
0.00433848
0.000218193
0.0043473
0.000252644
0.00435661
0.000287177
0.000321779
0.00441112
0.000108831
0.00441825
0.000142456
0.00442589
0.000176195
0.00443404
0.000210037
0.00444272
0.000243969
0.00445191
0.00027798
0.000312058
0.00450944
0.000102431
0.00451637
0.000135526
0.00452383
0.000168731
0.00453183
0.000202037
0.00454037
0.000235431
0.00454945
0.000268902
0.000302437
0.00461002
9.6241e-05
0.00461676
0.000128787
0.00462405
0.000161441
0.00463189
0.000194192
0.00464029
0.000227029
0.00464926
0.000259941
0.000292914
0.00471288
9.02526e-05
0.00471944
0.000122232
0.00472656
0.000154317
0.00473426
0.000186496
0.00474253
0.000218759
0.00475137
0.000251094
0.000283488
0.00481814
8.44737e-05
0.0048245
0.000115869
0.00483145
0.000147366
0.004839
0.000178955
0.00484713
0.000210625
0.00485586
0.000242364
0.000274161
0.00492579
7.89048e-05
0.00493197
0.000109697
0.00493874
0.000140588
0.00494613
0.000171567
0.00495413
0.000202625
0.00496275
0.00023375
0.000264931
0.00503589
7.35433e-05
0.00504188
0.000103713
0.00504849
0.000133978
0.00505572
0.00016433
0.00506359
0.000194758
0.00507209
0.000225251
0.000255797
0.00514849
6.83873e-05
0.00515429
9.79164e-05
0.00516073
0.000127538
0.00516781
0.000157244
0.00517555
0.000187023
0.00518393
0.000216865
0.00024676
0.00526363
6.34363e-05
0.00526925
9.2306e-05
0.00527552
0.000121266
0.00528245
0.000150307
0.00529006
0.000179419
0.00529833
0.000208593
0.000237817
0.00538138
5.86909e-05
0.00538681
8.68815e-05
0.00539291
0.00011516
0.0053997
0.000143518
0.00540717
0.000171945
0.00541533
0.000200432
0.000228968
0.00550178
5.41447e-05
0.00550702
8.16384e-05
0.00551296
0.000109219
0.00551961
0.000136876
0.00552695
0.0001646
0.005535
0.000192382
0.000220211
0.00562487
4.97901e-05
0.00562993
7.65717e-05
0.00563572
0.000103435
0.00564222
0.000130374
0.00564944
0.000157378
0.00565739
0.000184438
0.000211543
0.00575077
4.56346e-05
0.00575566
7.16856e-05
0.00576128
9.78155e-05
0.00576764
0.000124018
0.00577473
0.000150283
0.00578257
0.000176602
0.000202966
0.00587952
4.16797e-05
0.00588422
6.69803e-05
0.00588968
9.23576e-05
0.00589589
0.000117805
0.00590286
0.000143313
0.00591059
0.000168873
0.000194476
0.00601117
3.79213e-05
0.0060157
6.24531e-05
0.006021
8.70592e-05
0.00602707
0.000111733
0.00603392
0.000136466
0.00604154
0.000161249
0.000186073
0.00614581
3.43577e-05
0.00615016
5.81022e-05
0.0061553
8.19185e-05
0.00616124
0.0001058
0.00616796
0.000129739
0.00617548
0.000153727
0.000177755
0.00628351
3.0987e-05
0.00628769
5.39258e-05
0.00629267
7.69341e-05
0.00629847
0.000100006
0.00630508
0.000123132
0.0063125
0.000146306
0.000169518
0.00642435
2.78076e-05
0.00642836
4.99223e-05
0.00643319
7.21039e-05
0.00643885
9.43463e-05
0.00644534
0.000116642
0.00645266
0.000138983
0.000161362
0.00656843
2.48181e-05
0.00657226
4.60901e-05
0.00657694
6.7426e-05
0.00658246
8.88207e-05
0.00658884
0.000110267
0.00659606
0.000131757
0.000153282
0.00671582
2.20188e-05
0.00671948
4.24289e-05
0.00672401
6.28996e-05
0.0067294
8.3427e-05
0.00673566
0.000104004
0.0067428
0.000124623
0.000145277
0.00686663
1.94092e-05
0.00687012
3.89344e-05
0.0068745
5.85207e-05
0.00687977
7.81622e-05
0.00688592
9.78512e-05
0.00689296
0.000117581
0.000137344
0.00702092
1.69696e-05
0.00702426
3.55992e-05
0.00702849
5.42831e-05
0.00703364
7.30193e-05
0.00703969
9.18011e-05
0.00704664
0.000110622
0.000129475
0.00717888
1.47166e-05
0.00718205
3.24257e-05
0.00718615
5.01878e-05
0.00719117
6.79995e-05
0.00719711
8.5855e-05
0.00720399
0.000103748
0.000121671
0.00734058
1.26447e-05
0.0073436
2.94138e-05
0.00734755
4.62332e-05
0.00735245
6.31001e-05
0.0073583
8.00087e-05
0.00736509
9.69529e-05
0.000113926
0.00750615
1.07487e-05
0.00750901
2.65577e-05
0.00751283
4.24145e-05
0.00751761
5.8316e-05
0.00752336
7.42575e-05
0.00753008
9.02329e-05
0.000106236
0.00767573
9.02526e-06
0.00767843
2.3854e-05
0.00768212
3.87274e-05
0.00768679
5.36434e-05
0.00769245
6.8597e-05
0.0076991
8.35829e-05
9.85954e-05
0.00784944
7.4711e-06
0.007852
2.12987e-05
0.00785556
3.51679e-05
0.00786012
4.90773e-05
0.0078657
6.30222e-05
0.00787228
7.69975e-05
9.0998e-05
0.00802745
6.08197e-06
0.00802986
1.88876e-05
0.0080333
3.17313e-05
0.00803776
4.46128e-05
0.00804326
5.75274e-05
0.00804979
7.04706e-05
8.34376e-05
0.00820992
4.85401e-06
0.00821219
1.66157e-05
0.00821551
2.84122e-05
0.00821988
4.02439e-05
0.0082253
5.21065e-05
0.00823177
6.39957e-05
7.59071e-05
0.00839701
3.78206e-06
0.00839915
1.44778e-05
0.00840235
2.52051e-05
0.00840663
3.59646e-05
0.00841199
4.67526e-05
0.00841842
5.75652e-05
6.83985e-05
0.00858891
2.86066e-06
0.00859092
1.2468e-05
0.00859402
2.21032e-05
0.00859822
3.17677e-05
0.00860351
4.14583e-05
0.00860991
5.11713e-05
6.09033e-05
0.00878582
2.08362e-06
0.00878771
1.05796e-05
0.00879071
1.90993e-05
0.00879484
2.76455e-05
0.00880008
3.62149e-05
0.00880645
4.48048e-05
5.34118e-05
0.00898795
1.44459e-06
0.00898972
8.80497e-06
0.00899263
1.61856e-05
0.00899669
2.35891e-05
0.00900189
3.10133e-05
0.00900824
3.84556e-05
4.5913e-05
0.00919551
9.34719e-07
0.00919718
7.13595e-06
0.00920001
1.33524e-05
0.00920401
1.95888e-05
0.00920918
2.58428e-05
0.00921553
3.21124e-05
3.83951e-05
0.00940875
5.46975e-07
0.00941033
5.56303e-06
0.00941309
1.05903e-05
0.00941704
1.56338e-05
0.00942219
2.06921e-05
0.00942854
2.57631e-05
3.08451e-05
0.00962792
2.67938e-07
0.00962941
4.07453e-06
0.00963211
7.88645e-06
0.00963604
1.1711e-05
0.00964118
1.55469e-05
0.00964755
1.93927e-05
2.32471e-05
0.00985331
9.46394e-08
0.00985472
2.66123e-06
0.00985737
5.23097e-06
0.00986128
7.80907e-06
0.00986643
1.03951e-05
0.00987283
1.29879e-05
1.55869e-05
0.0100852
-5.261e-09
0.0100865
1.30399e-06
0.0100892
2.60354e-06
0.0100931
3.90744e-06
0.0100982
5.21541e-06
0.0101047
6.52689e-06
7.84148e-06
0.0103237
0.010325
0.0103277
0.0103316
0.0103368
0.0103433
)
;

boundaryField
{
    inlet
    {
        type            calculated;
        value           nonuniform 0();
    }
    outlet
    {
        type            calculated;
        value           nonuniform 0();
    }
    cylinder
    {
        type            calculated;
        value           uniform 0;
    }
    top
    {
        type            symmetryPlane;
        value           uniform 0;
    }
    bottom
    {
        type            symmetryPlane;
        value           nonuniform 0();
    }
    defaultFaces
    {
        type            empty;
        value           nonuniform 0();
    }
    procBoundary22to5
    {
        type            processor;
        value           nonuniform List<scalar> 2(-0.000236206 8.55934e-06);
    }
    procBoundary22to6
    {
        type            processor;
        value           nonuniform List<scalar> 7(8.70842e-06 8.83109e-06 8.92688e-06 8.99543e-06 0.000192185 -5.35378e-05 6.14779e-06);
    }
    procBoundary22to7
    {
        type            processor;
        value           uniform 4.739e-05;
    }
    procBoundary22to21
    {
        type            processor;
        value           nonuniform List<scalar> 
87
(
-0.00409002
-0.00421332
-0.0043416
-0.00374525
-0.00385307
0.000296396
-0.00396506
-0.00341966
-0.00353007
0.000285392
-0.00363478
-0.00299143
-0.0031611
0.00026854
-0.0033001
-0.00224426
-0.00254995
0.000224557
-0.00280204
-0.00152418
0.000134132
-0.00192299
-0.000675997
6.0585e-05
-0.00112533
8.55933e-06
-0.000236206
-0.00280944
-0.00286593
-0.00292364
-0.0029833
-0.00304518
-0.00310929
-0.00317554
-0.00324379
-0.003314
-0.0033861
-0.00346008
-0.00353594
-0.0036137
-0.00369343
-0.00377513
-0.00385882
-0.00394453
-0.00403225
-0.00412211
-0.00421408
-0.00430819
-0.0044045
-0.00450304
-0.00460383
-0.00470689
-0.00481236
-0.00492022
-0.00503053
-0.00514333
-0.00525868
-0.00537664
-0.00549723
-0.00562051
-0.00574662
-0.00587556
-0.00600741
-0.00614225
-0.00628014
-0.00642118
-0.00656544
-0.00671302
-0.00686402
-0.00701848
-0.00717663
-0.00733851
-0.00750426
-0.007674
-0.00784789
-0.00802606
-0.00820869
-0.00839594
-0.00858799
-0.00878504
-0.00898731
-0.009195
-0.00940837
-0.00962764
-0.00985313
-0.0100851
-0.0103237
)
;
    }
    procBoundary22to23
    {
        type            processor;
        value           nonuniform List<scalar> 
84
(
4.73904e-05
0.0001808
0.000357293
0.000576154
0.000101997
0.00089161
0.00119237
0.00151287
0.000306517
0.00191806
0.00223794
0.00253643
0.00280622
0.000584624
0.00309539
0.00329427
0.0034677
0.00362201
0.00376368
0.000731967
0.00391625
0.00404693
0.00417931
0.00431525
0.00294584
0.00300455
0.00306388
0.00312396
0.00318509
0.00324763
0.00331188
0.00337807
0.0034463
0.00351659
0.00358892
0.00366326
0.00373959
0.0038179
0.0038982
0.00398051
0.00406486
0.00415127
0.00423977
0.0043304
0.00442318
0.00451816
0.00461538
0.00471487
0.00481667
0.00492084
0.00502742
0.00513645
0.00524799
0.00536209
0.0054788
0.00559818
0.00572029
0.0058452
0.00597297
0.00610367
0.00623738
0.00637417
0.00651413
0.00665736
0.00680393
0.00695395
0.00710753
0.00726478
0.00742583
0.0075908
0.00775983
0.00793307
0.00811067
0.00829281
0.00847967
0.00867143
0.0088683
0.00907051
0.00927829
0.0094919
0.0097116
0.00993768
0.0101705
0.0104101
)
;
    }
}


// ************************************************************************* //
