/*--------------------------------*- C++ -*----------------------------------*\
  =========                 |
  \\      /  F ield         | OpenFOAM: The Open Source CFD Toolbox
   \\    /   O peration     | Website:  https://openfoam.org
    \\  /    A nd           | Version:  7
     \\/     M anipulation  |
\*---------------------------------------------------------------------------*/
FoamFile
{
    version     2.0;
    format      ascii;
    class       volScalarField;
    location    "40";
    object      p;
}
// * * * * * * * * * * * * * * * * * * * * * * * * * * * * * * * * * * * * * //

dimensions      [0 2 -2 0 0 0 0];

internalField   nonuniform List<scalar> 
1063
(
-0.206431
-0.188859
-0.30134
-0.29454
-0.290993
-0.282512
-0.275258
-0.264077
-0.252884
-0.2385
-0.223618
-0.20637
-0.188928
-0.301423
-0.294633
-0.291073
-0.282555
-0.275238
-0.263983
-0.252729
-0.238328
-0.223483
-0.206333
-0.189021
-0.301515
-0.294744
-0.291167
-0.282616
-0.275236
-0.26391
-0.252597
-0.238177
-0.223368
-0.206321
-0.189137
-0.301619
-0.294864
-0.291274
-0.282692
-0.275252
-0.263859
-0.252488
-0.238051
-0.223272
-0.206332
-0.189273
-0.301731
-0.294996
-0.291394
-0.282785
-0.275286
-0.263828
-0.252403
-0.237951
-0.223238
-0.206361
-0.189426
-0.301853
-0.295141
-0.291526
-0.282894
-0.275339
-0.263819
-0.252341
-0.237876
-0.223191
-0.206432
-0.189612
-0.301983
-0.295297
-0.291671
-0.283018
-0.275409
-0.263831
-0.252302
-0.237826
-0.223178
-0.206533
-0.189837
-0.30212
-0.295463
-0.291826
-0.283157
-0.275496
-0.263864
-0.252286
-0.237801
-0.223194
-0.206634
-0.190055
-0.302264
-0.295638
-0.291992
-0.283309
-0.2756
-0.263917
-0.252292
-0.2378
-0.223234
-0.206762
-0.190295
-0.302413
-0.295822
-0.292168
-0.283475
-0.275719
-0.263989
-0.252321
-0.237823
-0.223298
-0.206914
-0.190557
-0.302568
-0.296013
-0.292353
-0.283653
-0.275854
-0.264081
-0.252371
-0.23787
-0.223384
-0.207088
-0.190837
-0.296211
-0.292548
-0.283842
-0.276003
-0.264191
-0.252443
-0.23794
-0.223493
-0.207282
-0.191133
-0.296414
-0.292751
-0.284042
-0.276165
-0.264319
-0.252535
-0.238032
-0.223624
-0.207496
-0.191445
-0.296621
-0.292962
-0.284252
-0.27634
-0.264463
-0.252646
-0.238145
-0.223775
-0.207728
-0.191772
-0.296832
-0.293176
-0.284469
-0.276527
-0.264624
-0.252776
-0.238279
-0.223946
-0.207977
-0.192113
-0.297044
-0.29339
-0.284694
-0.276725
-0.264799
-0.252924
-0.238433
-0.224137
-0.208243
-0.192466
-0.297257
-0.293606
-0.284926
-0.276931
-0.264989
-0.253089
-0.238606
-0.224345
-0.208525
-0.192832
-0.297471
-0.293823
-0.285162
-0.277147
-0.265192
-0.25327
-0.238796
-0.22457
-0.208822
-0.193209
-0.297682
-0.294039
-0.285402
-0.27737
-0.265406
-0.253466
-0.239003
-0.224811
-0.209132
-0.193596
-0.297891
-0.294254
-0.285645
-0.2776
-0.265631
-0.253675
-0.239226
-0.225068
-0.209455
-0.193993
-0.298095
-0.294468
-0.285888
-0.277834
-0.265867
-0.253898
-0.239464
-0.225338
-0.20979
-0.194398
-0.298296
-0.294675
-0.286135
-0.278072
-0.266111
-0.254133
-0.239716
-0.225622
-0.210136
-0.19481
-0.298491
-0.294878
-0.28638
-0.278313
-0.266364
-0.254379
-0.23998
-0.225918
-0.210492
-0.19523
-0.298678
-0.295077
-0.286622
-0.278557
-0.266622
-0.254634
-0.240257
-0.226225
-0.210857
-0.195656
-0.298857
-0.295268
-0.286862
-0.278801
-0.266887
-0.254899
-0.240545
-0.226542
-0.211231
-0.196088
-0.299027
-0.295452
-0.287098
-0.279045
-0.267156
-0.255171
-0.240842
-0.226869
-0.211612
-0.196524
-0.299185
-0.295626
-0.287328
-0.279287
-0.267428
-0.25545
-0.241149
-0.227205
-0.212
-0.196965
-0.299332
-0.295791
-0.287553
-0.279527
-0.267703
-0.255735
-0.241464
-0.227548
-0.212394
-0.19741
-0.299467
-0.295944
-0.28777
-0.279764
-0.267979
-0.256025
-0.241786
-0.227898
-0.212793
-0.197858
-0.299587
-0.296085
-0.287979
-0.279996
-0.268256
-0.256319
-0.242114
-0.228255
-0.213197
-0.198308
-0.299692
-0.296213
-0.288178
-0.280222
-0.268532
-0.256616
-0.242448
-0.228616
-0.213606
-0.198761
-0.299781
-0.296326
-0.288367
-0.280442
-0.268807
-0.256916
-0.242787
-0.228983
-0.214018
-0.199215
-0.299853
-0.296424
-0.288545
-0.280655
-0.269079
-0.257216
-0.24313
-0.229354
-0.214433
-0.199672
-0.299907
-0.296505
-0.288711
-0.280859
-0.269349
-0.257518
-0.243476
-0.229729
-0.214852
-0.200129
-0.299941
-0.296569
-0.288863
-0.281054
-0.269613
-0.257818
-0.243824
-0.230105
-0.215271
-0.200586
-0.299956
-0.296616
-0.289001
-0.281238
-0.269871
-0.258115
-0.24417
-0.230481
-0.215689
-0.201041
-0.299944
-0.296643
-0.289126
-0.281415
-0.27013
-0.258419
-0.244528
-0.230869
-0.216118
-0.201506
-0.299943
-0.296648
-0.289242
-0.281595
-0.270405
-0.258747
-0.244918
-0.231291
-0.216583
-0.202005
-0.299821
-0.296629
-0.289328
-0.281735
-0.270629
-0.259019
-0.24525
-0.23166
-0.216999
-0.20246
-0.300025
-0.296626
-0.289372
-0.281782
-0.270704
-0.259105
-0.245374
-0.231822
-0.21722
-0.202733
-0.186969
-0.299312
-0.296157
-0.288955
-0.281375
-0.270355
-0.258799
-0.245145
-0.231656
-0.217129
-0.202698
-0.186994
-0.298745
-0.295518
-0.288356
-0.28078
-0.269819
-0.258314
-0.244746
-0.231327
-0.216879
-0.202505
-0.186865
-0.298066
-0.294807
-0.287696
-0.280131
-0.26924
-0.257792
-0.244318
-0.230975
-0.21661
-0.202296
-0.186722
-0.297268
-0.294006
-0.286962
-0.27942
-0.268613
-0.257232
-0.243863
-0.2306
-0.216323
-0.202072
-0.186568
-0.296348
-0.293095
-0.286133
-0.278625
-0.267917
-0.256616
-0.243361
-0.230187
-0.216002
-0.201817
-0.186389
-0.295294
-0.29206
-0.285198
-0.277738
-0.267144
-0.255935
-0.242807
-0.229728
-0.215642
-0.201527
-0.186179
-0.294098
-0.290896
-0.28415
-0.276752
-0.26629
-0.255186
-0.242199
-0.229222
-0.215241
-0.2012
-0.185939
-0.292748
-0.289595
-0.282985
-0.275665
-0.265352
-0.254367
-0.241532
-0.228666
-0.214798
-0.200836
-0.185668
-0.291241
-0.288152
-0.281697
-0.274471
-0.264326
-0.253474
-0.240804
-0.228058
-0.21431
-0.200433
-0.185366
-0.289572
-0.286565
-0.280285
-0.27317
-0.26321
-0.252505
-0.240014
-0.227397
-0.213777
-0.199992
-0.185033
-0.287745
-0.284837
-0.278748
-0.271761
-0.262004
-0.25146
-0.239161
-0.226682
-0.213198
-0.199511
-0.184669
-0.285764
-0.282971
-0.27709
-0.270247
-0.260709
-0.25034
-0.238245
-0.225912
-0.212573
-0.198992
-0.184275
-0.283638
-0.280972
-0.275316
-0.268632
-0.259327
-0.249146
-0.237266
-0.22509
-0.211904
-0.198436
-0.183851
-0.281381
-0.278855
-0.273434
-0.266922
-0.257863
-0.247882
-0.236227
-0.224216
-0.211191
-0.197844
-0.183401
-0.279006
-0.276632
-0.271453
-0.265126
-0.256322
-0.246552
-0.235131
-0.223294
-0.210438
-0.197219
-0.182925
-0.276531
-0.274315
-0.269385
-0.263252
-0.254712
-0.245161
-0.233982
-0.222326
-0.209646
-0.196563
-0.182427
-0.273971
-0.27192
-0.267242
-0.261311
-0.253041
-0.243716
-0.232784
-0.221316
-0.20882
-0.19588
-0.181907
-0.271341
-0.26946
-0.265036
-0.259313
-0.251316
-0.242223
-0.231543
-0.220269
-0.207961
-0.195172
-0.181369
-0.268657
-0.266949
-0.262779
-0.257267
-0.249546
-0.240688
-0.230263
-0.219189
-0.207075
-0.194442
-0.180815
-0.265929
-0.264398
-0.260481
-0.255184
-0.247737
-0.239118
-0.228951
-0.218079
-0.206164
-0.193694
-0.180248
-0.263169
-0.261817
-0.258151
-0.253071
-0.245898
-0.237519
-0.227609
-0.216945
-0.205232
-0.19293
-0.179669
-0.260384
-0.259214
-0.255796
-0.250935
-0.244034
-0.235896
-0.226244
-0.21579
-0.204282
-0.192153
-0.17908
-0.257583
-0.256596
-0.253424
-0.248783
-0.242151
-0.234254
-0.224858
-0.214617
-0.203317
-0.191364
-0.178484
-0.254769
-0.253969
-0.25104
-0.246618
-0.240252
-0.232597
-0.223457
-0.213429
-0.20234
-0.190567
-0.177882
-0.251948
-0.251336
-0.248648
-0.244446
-0.238343
-0.230928
-0.222042
-0.212229
-0.201352
-0.189763
-0.177275
-0.249123
-0.248701
-0.246251
-0.242269
-0.236426
-0.229251
-0.220616
-0.21102
-0.200355
-0.188954
-0.176664
-0.246298
-0.246068
-0.243853
-0.240091
-0.234505
-0.227567
-0.219182
-0.209803
-0.199352
-0.18814
-0.17605
-0.243477
-0.243439
-0.241456
-0.237914
-0.23258
-0.22588
-0.217742
-0.208581
-0.198344
-0.187323
-0.175434
-0.240662
-0.240817
-0.239064
-0.23574
-0.230656
-0.224191
-0.216298
-0.207355
-0.197332
-0.186505
-0.174816
-0.237857
-0.238206
-0.236679
-0.233573
-0.228735
-0.222503
-0.214852
-0.206126
-0.196318
-0.185685
-0.174198
-0.235066
-0.235607
-0.234303
-0.231414
-0.226818
-0.220817
-0.213406
-0.204897
-0.195303
-0.184866
-0.17358
-0.232292
-0.233025
-0.23194
-0.229266
-0.224908
-0.219137
-0.211962
-0.20367
-0.194289
-0.184048
-0.172963
-0.229539
-0.230462
-0.229593
-0.227131
-0.223008
-0.217463
-0.210522
-0.202445
-0.193276
-0.183232
-0.172347
-0.226812
-0.227922
-0.227265
-0.225014
-0.22112
-0.215799
-0.209088
-0.201225
-0.192267
-0.182419
-0.171733
-0.224114
-0.225409
-0.224959
-0.222915
-0.219247
-0.214148
-0.207662
-0.200012
-0.191262
-0.181611
-0.171123
-0.221449
-0.222926
-0.222679
-0.22084
-0.217392
-0.212511
-0.206248
-0.198807
-0.190265
-0.180808
-0.170516
-0.218823
-0.220478
-0.220429
-0.21879
-0.215559
-0.210891
-0.204847
-0.197613
-0.189275
-0.180012
-0.169914
-0.21624
-0.218068
-0.218212
-0.21677
-0.21375
-0.209292
-0.203461
-0.196433
-0.188296
-0.179225
-0.169317
-0.213704
-0.215702
-0.216033
-0.214784
-0.211969
-0.207716
-0.202095
-0.195268
-0.187329
-0.178447
-0.168728
-0.211222
-0.213382
-0.213895
-0.212834
-0.210219
-0.206167
-0.20075
-0.19412
-0.186377
-0.177681
-0.168147
-0.208797
-0.211115
-0.211804
-0.210925
-0.208504
-0.204648
-0.19943
-0.192993
-0.185441
-0.176928
-0.167575
-0.206435
-0.208906
-0.209764
-0.209062
-0.206829
-0.203163
-0.198138
-0.19189
-0.184523
-0.17619
-0.167014
-0.204143
-0.206758
-0.207779
-0.207248
-0.205197
-0.201715
-0.196878
-0.190813
-0.183627
-0.175469
-0.166466
-0.201924
-0.204679
-0.205855
-0.205489
-0.203612
-0.200308
-0.195652
-0.189765
-0.182755
-0.174766
-0.165931
-0.199786
-0.202672
-0.203997
-0.203789
-0.20208
-0.198946
-0.194464
-0.188749
-0.181909
-0.174085
-0.165411
-0.197734
-0.200745
-0.202211
-0.202154
-0.200604
-0.197635
-0.193319
-0.187769
-0.181092
-0.173427
-0.164909
-0.195774
-0.198903
-0.200502
-0.200588
-0.199191
-0.196377
-0.192221
-0.186828
-0.180308
-0.172794
-0.164426
-0.193914
-0.197152
-0.198877
-0.199098
-0.197844
-0.195179
-0.191173
-0.185931
-0.179559
-0.17219
-0.163964
-0.192159
-0.1955
-0.197341
-0.197689
-0.196571
-0.194044
-0.190181
-0.18508
-0.178848
-0.171617
-0.163525
-0.190518
-0.193953
-0.195902
-0.196368
-0.195375
-0.192979
-0.189249
-0.18428
-0.17818
-0.171078
-0.163111
-0.188996
-0.192518
-0.194567
-0.195141
-0.194265
-0.191989
-0.188382
-0.183536
-0.177559
-0.170576
-0.162726
-0.187604
-0.191204
-0.193342
-0.194016
-0.193246
-0.19108
-0.187585
-0.182852
-0.176987
-0.170114
-0.162371
-0.186348
-0.190019
-0.192237
-0.193
-0.192325
-0.190258
-0.186864
-0.182233
-0.176469
-0.169695
-0.162049
-0.185239
-0.18897
-0.191259
-0.1921
-0.191509
-0.189529
-0.186226
-0.181685
-0.17601
-0.169324
-0.161764
-0.184285
-0.188069
-0.190418
-0.191326
-0.190806
-0.188902
-0.185675
-0.181212
-0.175614
-0.169003
-0.161517
-0.183498
-0.187324
-0.189723
-0.190685
-0.190225
-0.188383
-0.18522
-0.18082
-0.175286
-0.168738
-0.161313
-0.182888
-0.186748
-0.189184
-0.190189
-0.189775
-0.18798
-0.184866
-0.180516
-0.175031
-0.168532
-0.161154
-0.182468
-0.18635
-0.188813
-0.189846
-0.189464
-0.187702
-0.184622
-0.180306
-0.174855
-0.16839
-0.161044
-0.18225
-0.186144
-0.18862
-0.189669
-0.189303
-0.187559
-0.184496
-0.180198
-0.174764
-0.168316
-0.160987
)
;

boundaryField
{
    inlet
    {
        type            zeroGradient;
    }
    outlet
    {
        type            fixedValue;
        value           nonuniform 0();
    }
    cylinder
    {
        type            zeroGradient;
    }
    top
    {
        type            symmetryPlane;
    }
    bottom
    {
        type            symmetryPlane;
    }
    defaultFaces
    {
        type            empty;
    }
    procBoundary27to11
    {
        type            processor;
        value           nonuniform List<scalar> 
12
(
-0.301269
-0.294461
-0.290928
-0.282485
-0.275297
-0.264192
-0.253061
-0.2387
-0.223776
-0.223776
-0.206516
-0.188813
)
;
    }
    procBoundary27to12
    {
        type            processor;
        value           uniform -0.170203;
    }
    procBoundary27to26
    {
        type            processor;
        value           nonuniform List<scalar> 
100
(
-0.301274
-0.301343
-0.301423
-0.301516
-0.301619
-0.301732
-0.301855
-0.301987
-0.302126
-0.302272
-0.302424
-0.302726
-0.302726
-0.302886
-0.303048
-0.303211
-0.303373
-0.303533
-0.303691
-0.303844
-0.303993
-0.304136
-0.304269
-0.304394
-0.30451
-0.304616
-0.30471
-0.304791
-0.304858
-0.304911
-0.304947
-0.304966
-0.304968
-0.30495
-0.304912
-0.304852
-0.304772
-0.304669
-0.304527
-0.304347
-0.304239
-0.303702
-0.303007
-0.302219
-0.301316
-0.300272
-0.299074
-0.29771
-0.296173
-0.294458
-0.292563
-0.290493
-0.288256
-0.285866
-0.283339
-0.280693
-0.277946
-0.275118
-0.272224
-0.269279
-0.266297
-0.263286
-0.260256
-0.257213
-0.254161
-0.251106
-0.248051
-0.245
-0.241956
-0.238924
-0.235906
-0.232907
-0.22993
-0.226979
-0.22406
-0.221176
-0.218333
-0.215534
-0.212785
-0.21009
-0.207455
-0.204885
-0.202385
-0.199961
-0.197619
-0.195363
-0.193201
-0.191139
-0.189184
-0.187341
-0.185619
-0.184024
-0.182566
-0.181252
-0.180092
-0.179096
-0.178274
-0.177637
-0.177198
-0.176971
)
;
    }
    procBoundary27to28
    {
        type            processor;
        value           nonuniform List<scalar> 
100
(
-0.170394
-0.170607
-0.170837
-0.171083
-0.171369
-0.171666
-0.171974
-0.172301
-0.172645
-0.173004
-0.173376
-0.173762
-0.17416
-0.17457
-0.17499
-0.175419
-0.175858
-0.176305
-0.176759
-0.17722
-0.177686
-0.178159
-0.178636
-0.179118
-0.179603
-0.180093
-0.180585
-0.181079
-0.181576
-0.182075
-0.182575
-0.183077
-0.18358
-0.184085
-0.184588
-0.185089
-0.1856
-0.186148
-0.186647
-0.186647
-0.170636
-0.170711
-0.170638
-0.170556
-0.170468
-0.170359
-0.170227
-0.170072
-0.169894
-0.169693
-0.16947
-0.169223
-0.168956
-0.168668
-0.168361
-0.168037
-0.167697
-0.167343
-0.166977
-0.1666
-0.166214
-0.16582
-0.165421
-0.165016
-0.164608
-0.164196
-0.163781
-0.163365
-0.162946
-0.162527
-0.162107
-0.161686
-0.161266
-0.160846
-0.160426
-0.160008
-0.159592
-0.159179
-0.158769
-0.158362
-0.157961
-0.157565
-0.157175
-0.156793
-0.15642
-0.156057
-0.155705
-0.155366
-0.15504
-0.154731
-0.154439
-0.154166
-0.153914
-0.153686
-0.153483
-0.153307
-0.153161
-0.153048
-0.152969
-0.152929
)
;
    }
}


// ************************************************************************* //
