/*--------------------------------*- C++ -*----------------------------------*\
  =========                 |
  \\      /  F ield         | OpenFOAM: The Open Source CFD Toolbox
   \\    /   O peration     | Website:  https://openfoam.org
    \\  /    A nd           | Version:  7
     \\/     M anipulation  |
\*---------------------------------------------------------------------------*/
FoamFile
{
    version     2.0;
    format      ascii;
    class       volScalarField;
    location    "26";
    object      p;
}
// * * * * * * * * * * * * * * * * * * * * * * * * * * * * * * * * * * * * * //

dimensions      [0 2 -2 0 0 0 0];

internalField   nonuniform List<scalar> 
1062
(
-0.345505
-0.348117
-0.346902
-0.35088
-0.349494
-0.353799
-0.352228
-0.356882
-0.360135
-0.281074
-0.268116
-0.25589
-0.244465
-0.356039
-0.340959
-0.326031
-0.311488
-0.297487
-0.284124
-0.271433
-0.25942
-0.248205
-0.408469
-0.396826
-0.384104
-0.37052
-0.356373
-0.341983
-0.327645
-0.313596
-0.300005
-0.28698
-0.274572
-0.262783
-0.251788
-0.43901
-0.431703
-0.423787
-0.415033
-0.405272
-0.39443
-0.382553
-0.369806
-0.356443
-0.342754
-0.329022
-0.315486
-0.302322
-0.289651
-0.277538
-0.265985
-0.255219
-0.454581
-0.446438
-0.440256
-0.433713
-0.426724
-0.419227
-0.411015
-0.401917
-0.391835
-0.380773
-0.368846
-0.356263
-0.343284
-0.330173
-0.317165
-0.304446
-0.292144
-0.28034
-0.269033
-0.258505
-0.448483
-0.440693
-0.43473
-0.428429
-0.42174
-0.414631
-0.406919
-0.398438
-0.389071
-0.378789
-0.367661
-0.355852
-0.343586
-0.331107
-0.318645
-0.306385
-0.294466
-0.282985
-0.271935
-0.261652
-0.442419
-0.434988
-0.429249
-0.423185
-0.41678
-0.410031
-0.402779
-0.394867
-0.38617
-0.37663
-0.366275
-0.355227
-0.343674
-0.331837
-0.319932
-0.308148
-0.296627
-0.285481
-0.274698
-0.264669
-0.436413
-0.429346
-0.423835
-0.418004
-0.411871
-0.405455
-0.398624
-0.391236
-0.383163
-0.374322
-0.36471
-0.354407
-0.343563
-0.332372
-0.321036
-0.309741
-0.298632
-0.287834
-0.277328
-0.26756
-0.430489
-0.423789
-0.418507
-0.412908
-0.407034
-0.400928
-0.394484
-0.387576
-0.380079
-0.371895
-0.362991
-0.35341
-0.343266
-0.332723
-0.321967
-0.311173
-0.30049
-0.290052
-0.279833
-0.270335
-0.424667
-0.418335
-0.413285
-0.407915
-0.402289
-0.396472
-0.390383
-0.383914
-0.376946
-0.369373
-0.36114
-0.352256
-0.342799
-0.332903
-0.322731
-0.312452
-0.302207
-0.292142
-0.282219
-0.273
-0.418965
-0.413
-0.408183
-0.403041
-0.397655
-0.392109
-0.386344
-0.380275
-0.373791
-0.366785
-0.359182
-0.350964
-0.342176
-0.332922
-0.32334
-0.313583
-0.303789
-0.294111
-0.284495
-0.275565
-0.413399
-0.407798
-0.403214
-0.398298
-0.393145
-0.387853
-0.382389
-0.376683
-0.37064
-0.364154
-0.357139
-0.349554
-0.341414
-0.332792
-0.3238
-0.314575
-0.305245
-0.295966
-0.286666
-0.278037
-0.407983
-0.402741
-0.39839
-0.393698
-0.388772
-0.383721
-0.378533
-0.373159
-0.367516
-0.361505
-0.355036
-0.348047
-0.340529
-0.332525
-0.324121
-0.315435
-0.306578
-0.297713
-0.402727
-0.397837
-0.393718
-0.389248
-0.384544
-0.379723
-0.374791
-0.369719
-0.364439
-0.358861
-0.352893
-0.346462
-0.339537
-0.332133
-0.324312
-0.316168
-0.307796
-0.397641
-0.393095
-0.389206
-0.384957
-0.380469
-0.375868
-0.371175
-0.366378
-0.361427
-0.356241
-0.350732
-0.344819
-0.338455
-0.331631
-0.324381
-0.392731
-0.388521
-0.384858
-0.380827
-0.376552
-0.372162
-0.367694
-0.363151
-0.358496
-0.353665
-0.348572
-0.343138
-0.337299
-0.331029
-0.388004
-0.384118
-0.380678
-0.376862
-0.372795
-0.368611
-0.364355
-0.360045
-0.35566
-0.351148
-0.346433
-0.341435
-0.383462
-0.379889
-0.376668
-0.373063
-0.369201
-0.365215
-0.361162
-0.357069
-0.35293
-0.348705
-0.34433
-0.379109
-0.375835
-0.372827
-0.36943
-0.36577
-0.361977
-0.358117
-0.354227
-0.350313
-0.346348
-0.374944
-0.371957
-0.369156
-0.365962
-0.362499
-0.358896
-0.355222
-0.351523
-0.347816
-0.370967
-0.368252
-0.365652
-0.362657
-0.359387
-0.355968
-0.352475
-0.348958
-0.367176
-0.36472
-0.362312
-0.35951
-0.35643
-0.353192
-0.349874
-0.363569
-0.361356
-0.359134
-0.356519
-0.353624
-0.350563
-0.360141
-0.358157
-0.356113
-0.353679
-0.350963
-0.356889
-0.355118
-0.353243
-0.350985
-0.353806
-0.352234
-0.35052
-0.350886
-0.3495
-0.348124
-0.346908
-0.345511
-0.0810988
-0.0821331
-0.083166
-0.0841974
-0.0852273
-0.0862554
-0.0872818
-0.0883062
-0.0893287
-0.0903492
-0.0913674
-0.0923834
-0.0933971
-0.0811911
-0.082233
-0.0832735
-0.0843123
-0.0853494
-0.0863847
-0.087418
-0.0884492
-0.0894783
-0.0905051
-0.0915294
-0.0925513
-0.0935705
-0.0813548
-0.0824043
-0.0834522
-0.0844984
-0.0855429
-0.0865854
-0.0876258
-0.088664
-0.0897
-0.0907335
-0.0917644
-0.0927927
-0.0938182
-0.0815804
-0.082641
-0.0837
-0.0847572
-0.0858125
-0.0868658
-0.087917
-0.0889658
-0.0900122
-0.091056
-0.0920972
-0.0931355
-0.0818741
-0.0829475
-0.0840193
-0.0850892
-0.0861572
-0.087223
-0.0882866
-0.0893477
-0.0904063
-0.0914623
-0.0925153
-0.0935655
-0.0822263
-0.083315
-0.0844019
-0.085487
-0.08657
-0.0876508
-0.0887293
-0.0898053
-0.0908786
-0.0919491
-0.0930167
-0.0940812
-0.0826398
-0.0837457
-0.0848499
-0.0859522
-0.0870523
-0.0881502
-0.0892456
-0.0903385
-0.0914285
-0.0925157
-0.0935999
-0.0946808
-0.0831106
-0.084236
-0.0853595
-0.0864811
-0.0876004
-0.0887174
-0.089832
-0.0909438
-0.0920528
-0.0931588
-0.0942617
-0.0953613
-0.0836393
-0.0847861
-0.085931
-0.0870738
-0.0882144
-0.0893526
-0.0904882
-0.0916211
-0.0927511
-0.093878
-0.0950016
-0.0961219
-0.0842245
-0.0853947
-0.0865629
-0.0877291
-0.0888929
-0.0900543
-0.091213
-0.092369
-0.0935219
-0.0946717
-0.0958182
-0.0969612
-0.0848664
-0.0860619
-0.0872555
-0.0884468
-0.0896359
-0.0908224
-0.0920063
-0.0931872
-0.0943651
-0.0955398
-0.0967111
-0.0978789
-0.0855647
-0.0867875
-0.0880084
-0.089227
-0.0904432
-0.0916568
-0.0928677
-0.0940756
-0.0952804
-0.096482
-0.09768
-0.0988745
-0.0863199
-0.087572
-0.088822
-0.0900697
-0.091315
-0.0925576
-0.0937975
-0.0950343
-0.096268
-0.0974983
-0.0987251
-0.0999482
-0.0871325
-0.0884157
-0.0896968
-0.0909756
-0.0922519
-0.0935255
-0.0947962
-0.0960639
-0.0973283
-0.0985893
-0.0998467
-0.1011
-0.0880032
-0.0893195
-0.0906336
-0.0919454
-0.0932545
-0.094561
-0.0958645
-0.0971649
-0.0984619
-0.0997556
-0.101046
-0.102332
-0.0889331
-0.0902844
-0.0916334
-0.09298
-0.094324
-0.0956652
-0.0970033
-0.0983383
-0.0996699
-0.100998
-0.102322
-0.103643
-0.0899233
-0.0913115
-0.0926973
-0.0940807
-0.0954613
-0.0968391
-0.0982138
-0.0995853
-0.100953
-0.102318
-0.103678
-0.105035
-0.0909753
-0.0924023
-0.0938269
-0.0952489
-0.0966681
-0.0980843
-0.0994974
-0.100907
-0.102313
-0.103716
-0.105115
-0.10651
-0.0920907
-0.0935583
-0.0950235
-0.096486
-0.0979456
-0.0994022
-0.100856
-0.102305
-0.103752
-0.105194
-0.106633
-0.108068
-0.0932708
-0.0947811
-0.0962888
-0.0977937
-0.0992957
-0.100794
-0.10229
-0.103782
-0.10527
-0.106755
-0.108235
-0.109711
-0.0945179
-0.0960727
-0.0976249
-0.0991741
-0.10072
-0.102263
-0.103802
-0.105338
-0.10687
-0.108398
-0.109922
-0.111442
-0.095834
-0.0974353
-0.0990338
-0.100629
-0.102221
-0.10381
-0.105395
-0.106977
-0.108554
-0.110128
-0.111697
-0.113262
-0.0972213
-0.0988711
-0.100518
-0.102161
-0.103801
-0.105438
-0.10707
-0.108699
-0.110324
-0.111945
-0.113561
-0.115173
-0.0986825
-0.100383
-0.102079
-0.103773
-0.105462
-0.107148
-0.108831
-0.110509
-0.112182
-0.113852
-0.115517
-0.117177
-0.10022
-0.101972
-0.103721
-0.105466
-0.107208
-0.108945
-0.110678
-0.112407
-0.114131
-0.115851
-0.117567
-0.119277
-0.101837
-0.103643
-0.105446
-0.107245
-0.109039
-0.11083
-0.112615
-0.114397
-0.116174
-0.117946
-0.119713
-0.121475
-0.103536
-0.105398
-0.107257
-0.109111
-0.11096
-0.112805
-0.114646
-0.116481
-0.118312
-0.120138
-0.121958
-0.123774
-0.10532
-0.107241
-0.109157
-0.111068
-0.112974
-0.114876
-0.116772
-0.118663
-0.120549
-0.12243
-0.124305
-0.126175
-0.107194
-0.109174
-0.111149
-0.113119
-0.115084
-0.117043
-0.118997
-0.120945
-0.122888
-0.124826
-0.126757
-0.128683
-0.109159
-0.111201
-0.113237
-0.115267
-0.117292
-0.119311
-0.121324
-0.123331
-0.125332
-0.127327
-0.129316
-0.131299
-0.11122
-0.113325
-0.115424
-0.117517
-0.119603
-0.121683
-0.123756
-0.125824
-0.127884
-0.129938
-0.131985
-0.134026
-0.113381
-0.115551
-0.117714
-0.119871
-0.12202
-0.124162
-0.126298
-0.128426
-0.130547
-0.132661
-0.134768
-0.136867
-0.115646
-0.117882
-0.120112
-0.122333
-0.124547
-0.126753
-0.128951
-0.131142
-0.133325
-0.1355
-0.137667
-0.139826
-0.118018
-0.120324
-0.12262
-0.124908
-0.127188
-0.129459
-0.131721
-0.133975
-0.13622
-0.138457
-0.140685
-0.142904
-0.120503
-0.122878
-0.125244
-0.1276
-0.129947
-0.132284
-0.134611
-0.136929
-0.139237
-0.141536
-0.143826
-0.146106
-0.123106
-0.125552
-0.127988
-0.130413
-0.132827
-0.135231
-0.137625
-0.140007
-0.14238
-0.144741
-0.147093
-0.149433
-0.12583
-0.128349
-0.130856
-0.133351
-0.135834
-0.138306
-0.140766
-0.143214
-0.14565
-0.148075
-0.150488
-0.15289
-0.12868
-0.131273
-0.133852
-0.136419
-0.138972
-0.141512
-0.144038
-0.146552
-0.149053
-0.15154
-0.154015
-0.156477
-0.131662
-0.13433
-0.136983
-0.139621
-0.142244
-0.144853
-0.147447
-0.150026
-0.152591
-0.155141
-0.157678
-0.1602
-0.134781
-0.137525
-0.140252
-0.142962
-0.145656
-0.148333
-0.150995
-0.153639
-0.156268
-0.158881
-0.161478
-0.164059
-0.138042
-0.140862
-0.143664
-0.146447
-0.149212
-0.151958
-0.154686
-0.157396
-0.160088
-0.162762
-0.165419
-0.168058
-0.14145
-0.144348
-0.147225
-0.150081
-0.152916
-0.15573
-0.158525
-0.161299
-0.164053
-0.166788
-0.169503
-0.172199
-0.145012
-0.147987
-0.150939
-0.153867
-0.156772
-0.159655
-0.162515
-0.165352
-0.168168
-0.170961
-0.173733
-0.176483
-0.148732
-0.151785
-0.154811
-0.157812
-0.160786
-0.163736
-0.16666
-0.169559
-0.172434
-0.175284
-0.178111
-0.152618
-0.155747
-0.158848
-0.161919
-0.164962
-0.167976
-0.170963
-0.173922
-0.176854
-0.179759
-0.182638
-0.156674
-0.15988
-0.163053
-0.166194
-0.169303
-0.17238
-0.175427
-0.178443
-0.18143
-0.184387
-0.187315
-0.160906
-0.164187
-0.167432
-0.17064
-0.173813
-0.176952
-0.180056
-0.183126
-0.186164
-0.189169
-0.192143
-0.165321
-0.168676
-0.171989
-0.175263
-0.178497
-0.181693
-0.184851
-0.187972
-0.191057
-0.194107
-0.197121
-0.169926
-0.173351
-0.176731
-0.180067
-0.183359
-0.186608
-0.189816
-0.192983
-0.19611
-0.199199
-0.20225
-0.174726
-0.17822
-0.181663
-0.185056
-0.188402
-0.1917
-0.194952
-0.19816
-0.201324
-0.204446
-0.207526
-0.179729
-0.183287
-0.186789
-0.190236
-0.193629
-0.19697
-0.200261
-0.203503
-0.206697
-0.209845
-0.212948
-0.184942
-0.18856
-0.192115
-0.19561
-0.199045
-0.202423
-0.205745
-0.209013
-0.212229
-0.215395
-0.218512
-0.190373
-0.194045
-0.197648
-0.201183
-0.204653
-0.20806
-0.211405
-0.21469
-0.217918
-0.221092
-0.224213
-0.19603
-0.19975
-0.203393
-0.206962
-0.210458
-0.213883
-0.217241
-0.220533
-0.223762
-0.226932
-0.230044
-0.201921
-0.205682
-0.209358
-0.21295
-0.216462
-0.219896
-0.223254
-0.226541
-0.229758
-0.232909
-0.235997
-0.208056
-0.211849
-0.215547
-0.219152
-0.222667
-0.226096
-0.229442
-0.232708
-0.235898
-0.239015
-0.242064
-0.214442
-0.218255
-0.221962
-0.225567
-0.229072
-0.232481
-0.235798
-0.239026
-0.24217
-0.245234
-0.248222
-0.22109
-0.224911
-0.228615
-0.232203
-0.235681
-0.239052
-0.24232
-0.245489
-0.248565
-0.251551
-0.254452
-0.228016
-0.231835
-0.235523
-0.239083
-0.242519
-0.245837
-0.249039
-0.252132
-0.255118
-0.258004
-0.260792
-0.23518
-0.238983
-0.242642
-0.246161
-0.249545
-0.252799
-0.255927
-0.258936
-0.261828
-0.26461
-0.267285
)
;

boundaryField
{
    inlet
    {
        type            zeroGradient;
    }
    outlet
    {
        type            fixedValue;
        value           nonuniform 0();
    }
    cylinder
    {
        type            zeroGradient;
    }
    top
    {
        type            symmetryPlane;
    }
    bottom
    {
        type            symmetryPlane;
    }
    defaultFaces
    {
        type            empty;
    }
    procBoundary7to6
    {
        type            processor;
        value           nonuniform List<scalar> 
83
(
-0.277823
-0.264612
-0.252186
-0.240561
-0.355423
-0.339669
-0.32417
-0.309152
-0.29476
-0.29476
-0.411472
-0.398989
-0.385397
-0.370967
-0.370967
-0.444291
-0.436646
-0.428278
-0.418939
-0.418939
-0.452197
-0.445799
-0.445799
-0.0800633
-0.0801479
-0.0803039
-0.0805183
-0.0807991
-0.081136
-0.0815321
-0.0819836
-0.0824908
-0.0830526
-0.0836691
-0.0843401
-0.085066
-0.0858474
-0.0866849
-0.0875798
-0.088533
-0.0895462
-0.0906207
-0.0917581
-0.0929604
-0.0942299
-0.0955686
-0.0969792
-0.0984642
-0.100027
-0.101669
-0.103396
-0.105209
-0.107112
-0.109109
-0.111204
-0.113401
-0.115705
-0.118119
-0.120649
-0.123299
-0.126074
-0.128979
-0.13202
-0.135202
-0.138531
-0.142013
-0.145653
-0.149458
-0.153434
-0.157588
-0.161926
-0.166454
-0.171182
-0.176114
-0.181261
-0.18663
-0.19223
-0.198072
-0.204165
-0.210519
-0.217147
-0.224061
-0.231228
)
;
    }
    procBoundary7to8
    {
        type            processor;
        value           nonuniform List<scalar> 
100
(
-0.28874
-0.280426
-0.269859
-0.28874
-0.299358
-0.316781
-0.299358
-0.308903
-0.316781
-0.32434
-0.336086
-0.32434
-0.330343
-0.336086
-0.33973
-0.33973
-0.342279
-0.342279
-0.344086
-0.344086
-0.345443
-0.345443
-0.346531
-0.346531
-0.347415
-0.347415
-0.348077
-0.348077
-0.348444
-0.348444
-0.34843
-0.34843
-0.347938
-0.347938
-0.345491
-0.344454
-0.344454
-0.343041
-0.0944083
-0.0945869
-0.0948408
-0.0941708
-0.0941708
-0.0946125
-0.0951425
-0.0957584
-0.0964574
-0.0972386
-0.0981006
-0.0990429
-0.100065
-0.101167
-0.10235
-0.103614
-0.104959
-0.106388
-0.1079
-0.109498
-0.111183
-0.112958
-0.114822
-0.11678
-0.118833
-0.120983
-0.123232
-0.125584
-0.128039
-0.130602
-0.133275
-0.13606
-0.13896
-0.141977
-0.145115
-0.148377
-0.151764
-0.15528
-0.158927
-0.162707
-0.166624
-0.17068
-0.174875
-0.179213
-0.180914
-0.180914
-0.18549
-0.190214
-0.195085
-0.200102
-0.205264
-0.210567
-0.216009
-0.221584
-0.227284
-0.233102
-0.239027
-0.245048
-0.25114
-0.257275
-0.263489
-0.269859
)
;
    }
    procBoundary7to22
    {
        type            processor;
        value           uniform -0.460683;
    }
    procBoundary7to23
    {
        type            processor;
        value           nonuniform List<scalar> 6(-0.347932 -0.350514 -0.355112 -0.355112 -0.358151 -0.363563);
    }
    procBoundary7to24
    {
        type            processor;
        value           nonuniform List<scalar> 4(-0.343035 -0.344447 -0.344447 -0.345485);
    }
}


// ************************************************************************* //
