/*--------------------------------*- C++ -*----------------------------------*\
  =========                 |
  \\      /  F ield         | OpenFOAM: The Open Source CFD Toolbox
   \\    /   O peration     | Website:  https://openfoam.org
    \\  /    A nd           | Version:  7
     \\/     M anipulation  |
\*---------------------------------------------------------------------------*/
FoamFile
{
    version     2.0;
    format      ascii;
    class       surfaceScalarField;
    location    "25";
    object      phi;
}
// * * * * * * * * * * * * * * * * * * * * * * * * * * * * * * * * * * * * * //

dimensions      [0 3 -1 0 0 0 0];

internalField   nonuniform List<scalar> 
2812
(
0.0104094
-4.74773e-05
0.0104495
-4.01126e-05
0.0104817
-3.2226e-05
0.0105056
-2.38682e-05
0.0105207
-1.50702e-05
0.0105265
-5.8662e-06
0.0105228
3.70079e-06
0.0105093
1.35782e-05
0.0104856
2.36954e-05
0.0104516
3.39506e-05
0.0104074
4.41978e-05
0.0103532
5.42405e-05
0.0102893
6.38339e-05
0.0102167
7.26865e-05
0.0101362
8.04884e-05
0.0100492
8.69412e-05
0.00995745
9.1785e-05
0.0098626
9.48491e-05
0.00976653
9.6065e-05
0.00967107
9.5463e-05
0.00957787
9.31936e-05
0.00948839
8.9489e-05
0.00940376
8.46217e-05
0.00932484
7.89211e-05
0.00925212
7.27186e-05
0.00918583
6.62924e-05
0.00912591
5.99231e-05
0.00907208
5.38338e-05
0.00902401
4.80688e-05
0.00898135
4.26589e-05
0.00894358
3.77669e-05
0.00891015
3.34354e-05
0.00888063
2.95111e-05
0.00885457
2.60646e-05
0.00883117
2.33971e-05
0.00880984
2.13368e-05
0.00879068
1.91538e-05
0.00877403
1.66492e-05
0.00875929
1.4741e-05
0.00874503
1.42596e-05
0.00873056
1.44754e-05
0.00871694
1.36171e-05
0.00870595
1.09877e-05
0.00869791
8.0416e-06
0.0086909
7.01239e-06
0.00868232
8.58179e-06
0.00867127
1.1043e-05
0.00865962
1.16534e-05
0.00865086
8.75925e-06
0.00864797
2.89392e-06
0.00865172
-3.75535e-06
0.00866052
-8.79348e-06
0.00867136
-1.08487e-05
0.0086813
-9.94079e-06
0.00868839
-7.0845e-06
0.00869197
-3.58582e-06
0.00869247
-4.98446e-07
0.00869083
1.63854e-06
0.00868811
2.72404e-06
0.00868512
2.99033e-06
0.00868242
2.69775e-06
0.00868021
2.21415e-06
0.00867861
1.59382e-06
0.00867741
1.20064e-06
6.43352e-07
0.0102047
-9.40431e-05
0.010244
-7.94491e-05
0.0102756
-6.38216e-05
0.010299
-4.72605e-05
0.0103138
-2.98299e-05
0.0103195
-1.15976e-05
0.0103159
7.35303e-06
0.0103025
2.69196e-05
0.0102793
4.69629e-05
0.0102459
6.72827e-05
0.0102025
8.759e-05
0.0101493
0.000107496
0.0100866
0.000126515
0.0100152
0.000144067
0.00993617
0.000159537
0.00985078
0.00017233
0.00976063
0.000181929
0.00966749
0.000187994
0.00957317
0.00019039
0.00947945
0.000189178
0.00938799
0.000184657
0.00930018
0.000177292
0.00921718
0.000167624
0.00913979
0.000156308
0.00906851
0.000144001
0.00900355
0.000131258
0.00894484
0.000118633
0.0088921
0.000106567
0.00884502
9.5148e-05
0.00880325
8.4434e-05
0.00876627
7.47465e-05
0.00873353
6.61707e-05
0.00870464
5.84048e-05
0.00867912
5.1587e-05
0.00865621
4.63099e-05
0.00863531
4.22329e-05
0.00861655
3.79135e-05
0.00860024
3.2959e-05
0.0085858
2.91841e-05
0.00857182
2.82321e-05
0.00855764
2.86611e-05
0.00854429
2.69676e-05
0.00853351
2.17693e-05
0.00852561
1.59406e-05
0.00851872
1.39003e-05
0.0085103
1.70004e-05
0.00849948
2.18676e-05
0.00848805
2.3078e-05
0.00847945
1.73594e-05
0.00847658
5.76655e-06
0.0084802
-7.37551e-06
0.00848874
-1.73309e-05
0.00849928
-2.13882e-05
0.00850892
-1.95882e-05
0.00851578
-1.39397e-05
0.00851922
-7.02587e-06
0.00851965
-9.29904e-07
0.008518
3.28416e-06
0.00851531
5.41852e-06
0.00851237
5.93454e-06
0.00850972
5.3474e-06
0.00850754
4.3858e-06
0.00850598
3.15461e-06
0.00850481
2.3767e-06
1.2718e-06
0.0100063
-0.000139728
0.0100448
-0.000118022
0.0100758
-9.47876e-05
0.0100987
-7.01683e-05
0.0101131
-4.42606e-05
0.0101187
-1.71647e-05
0.0101151
1.09982e-05
0.0101019
4.00794e-05
0.010079
6.98743e-05
0.0100462
0.000100087
0.0100035
0.000130289
0.00995107
0.000159901
0.00988939
0.000188198
0.00981914
0.000214315
0.00974135
0.00023733
0.00965733
0.000256353
0.00956864
0.000270613
0.00947703
0.000279602
0.0093843
0.000283122
0.00929221
0.000281268
0.00920238
0.000274491
0.00911619
0.000263485
0.00903475
0.00024906
0.00895886
0.000232193
0.008889
0.000213866
0.00882535
0.000194902
0.00876786
0.000176128
0.00871623
0.000158195
0.00867015
0.00014123
0.00862927
0.000125317
0.00859308
0.000110929
0.00856106
9.81963e-05
0.00853279
8.66741e-05
0.00850781
7.65642e-05
0.00848538
6.87382e-05
0.00846493
6.26892e-05
0.00844656
5.62815e-05
0.00843058
4.89335e-05
0.00841643
4.33343e-05
0.00840274
4.19225e-05
0.00838884
4.25645e-05
0.00837574
4.00639e-05
0.00836515
3.23629e-05
0.00835737
2.37168e-05
0.00835059
2.06796e-05
0.00834233
2.52653e-05
0.00833172
3.24798e-05
0.00832051
3.42824e-05
0.00831205
2.58195e-05
0.00830917
8.65233e-06
0.0083126
-1.08087e-05
0.00832081
-2.55449e-05
0.00833097
-3.15408e-05
0.00834024
-2.88619e-05
0.00834679
-2.049e-05
0.00835002
-1.02557e-05
0.00835034
-1.24415e-06
0.00834865
4.97252e-06
0.00834596
8.10639e-06
0.00834305
8.84553e-06
0.00834044
7.95534e-06
0.00833831
6.51673e-06
0.00833678
4.68293e-06
0.00833563
3.5263e-06
1.88503e-06
0.00981369
-0.000184567
0.00985152
-0.000155853
0.00988186
-0.000125133
0.00990429
-9.25904e-05
0.00991838
-5.83516e-05
0.00992376
-2.25478e-05
0.00992009
1.46656e-05
0.00990707
5.30979e-05
0.00988447
9.2483e-05
0.00985212
0.000132432
0.00981003
0.000172381
0.00975837
0.000211562
0.00969755
0.000249011
0.00962829
0.000283576
0.0095516
0.000314027
0.00946877
0.00033918
0.00938137
0.000358008
0.00929114
0.000369839
0.00919984
0.000374415
0.00910924
0.000371869
0.00902093
0.000362806
0.00893626
0.000348154
0.00885632
0.000328995
0.0087819
0.000306623
0.00871342
0.000282339
0.00865109
0.000257238
0.0085948
0.000232411
0.00854428
0.000208714
0.00849921
0.000186309
0.00845922
0.000165299
0.00842385
0.000146305
0.00839254
0.000129502
0.0083649
0.000114311
0.00834048
0.000100991
0.00831854
9.06796e-05
0.00829852
8.27044e-05
0.00828054
7.42578e-05
0.0082649
6.45749e-05
0.00825104
5.71954e-05
0.00823763
5.53352e-05
0.008224
5.61913e-05
0.00821115
5.29158e-05
0.00820073
4.27832e-05
0.00819306
3.1387e-05
0.00818638
2.73647e-05
0.00817825
3.33858e-05
0.00816785
4.2885e-05
0.00815686
4.5274e-05
0.00814852
3.41552e-05
0.00814559
1.15805e-05
0.0081488
-1.401e-05
0.00815663
-3.33766e-05
0.00816632
-4.12385e-05
0.00817515
-3.76914e-05
0.00818133
-2.66697e-05
0.0081843
-1.32191e-05
0.00818445
-1.39724e-06
0.00818269
6.73481e-06
0.00817999
1.08076e-05
0.0081771
1.17346e-05
0.00817453
1.0527e-05
0.00817243
8.60869e-06
0.00817094
6.17879e-06
0.00816982
4.64855e-06
2.48223e-06
0.0096267
-0.000228591
0.0096638
-0.000192961
0.00969354
-0.000154866
0.00971547
-0.000114526
0.00972921
-7.20943e-05
0.0097344
-2.77303e-05
0.00973068
1.83805e-05
0.00971777
6.60105e-05
0.00969542
0.000114836
0.00966347
0.00016438
0.00962191
0.000213945
0.00957089
0.000262575
0.00951083
0.000309069
0.00944243
0.000351983
0.00936668
0.000389777
0.00928489
0.000420967
0.00919863
0.000444271
0.00910961
0.000458855
0.00901962
0.000464404
0.0089304
0.000461098
0.0088435
0.000449701
0.00876027
0.00043138
0.00868178
0.000407488
0.00860877
0.000379636
0.00854166
0.000349445
0.00848062
0.000318279
0.00842554
0.000287488
0.00837613
0.000258123
0.00833206
0.000230379
0.00829299
0.000204375
0.00825843
0.000180867
0.00822785
0.000160079
0.00820085
0.000141308
0.00817698
0.000124866
0.00815552
0.000112134
0.00813595
0.000102278
0.00811836
9.1843e-05
0.00810305
7.98854e-05
0.00808948
7.0771e-05
0.00807634
6.84748e-05
0.00806298
6.95474e-05
0.00805037
6.55324e-05
0.00804011
5.30432e-05
0.00803253
3.89659e-05
0.00802592
3.39687e-05
0.00801794
4.13706e-05
0.00800773
5.30891e-05
0.00799695
5.60595e-05
0.00798872
4.238e-05
0.00798573
1.45761e-05
0.00798866
-1.69408e-05
0.00799606
-4.07751e-05
0.00800524
-5.04222e-05
0.00801357
-4.60157e-05
0.00801932
-3.24214e-05
0.00802197
-1.58671e-05
0.00802192
-1.35102e-06
0.00802006
8.59811e-06
0.00801732
1.35396e-05
0.00801445
1.46116e-05
0.00801191
1.3067e-05
0.00800985
1.06632e-05
0.00800839
7.64225e-06
0.00800729
5.74271e-06
3.06272e-06
0.00944497
-0.000271828
0.00948138
-0.000229363
0.00951051
-0.000183996
0.00953196
-0.000135976
0.00954534
-8.54817e-05
0.00955031
-3.26981e-05
0.00954653
2.21645e-05
0.00953369
7.88471e-05
0.00951155
0.000136974
0.00947995
0.000195984
0.00943885
0.000255048
0.0093884
0.000313027
0.00932899
0.000368474
0.00926132
0.000419655
0.00918638
0.000464709
0.0091055
0.000501851
0.00902023
0.000529541
0.0089323
0.000546783
0.00884349
0.000553214
0.00875552
0.000549066
0.00866995
0.000535269
0.0085881
0.000513234
0.008511
0.000484593
0.00843936
0.000451272
0.0083736
0.000415209
0.00831384
0.000378038
0.00825996
0.000341363
0.00821166
0.000306423
0.0081686
0.000273439
0.00813044
0.00024254
0.0080967
0.00021461
0.00806685
0.000189922
0.0080405
0.000167661
0.00801718
0.000148185
0.00799621
0.0001331
0.00797708
0.000121412
0.00795988
0.000109038
0.0079449
9.48674e-05
0.00793161
8.40652e-05
0.00791874
8.13461e-05
0.00790564
8.26387e-05
0.00789325
7.79216e-05
0.00788314
6.31536e-05
0.00787564
4.64663e-05
0.00786911
4.05033e-05
0.00786125
4.92285e-05
0.00785124
6.30976e-05
0.00784066
6.66451e-05
0.00783253
5.05054e-05
0.00782945
1.76603e-05
0.00783208
-1.95682e-05
0.007839
-4.76967e-05
0.00784762
-5.90414e-05
0.00785538
-5.37821e-05
0.00786066
-3.76956e-05
0.00786295
-1.81574e-05
0.00786267
-1.07261e-06
0.00786068
1.05857e-05
0.0078579
1.63172e-05
0.00785503
1.74848e-05
0.00785252
1.55794e-05
0.0078505
1.26816e-05
0.00784907
9.07333e-06
0.007848
6.80814e-06
3.62592e-06
0.00926825
-0.000314303
0.00930396
-0.000265074
0.0093325
-0.00021253
0.00935346
-0.000156941
0.00936649
-9.8508e-05
0.00937123
-3.74396e-05
0.00936736
2.60355e-05
0.00935457
9.16335e-05
0.00933261
0.000158931
0.00930131
0.00022729
0.0092606
0.000295752
0.00921064
0.000362992
0.00915179
0.00042732
0.00908475
0.000486699
0.00901051
0.000538945
0.0089304
0.000581961
0.008846
0.000613947
0.00875903
0.000633748
0.00867129
0.000640957
0.00858449
0.00063587
0.00850017
0.00061959
0.00841962
0.000593781
0.00834385
0.000560359
0.00827356
0.000521565
0.00820912
0.000479653
0.00815063
0.000436528
0.00809795
0.000394042
0.00805075
0.000353615
0.00800871
0.000315489
0.00797145
0.000279793
0.00793853
0.00024753
0.00790943
0.000219028
0.00788372
0.000193369
0.00786095
0.000170949
0.00784047
0.000153582
0.00782178
0.000140108
0.00780497
0.000125845
0.00779031
0.000109523
0.0077773
9.70819e-05
0.00776469
9.39545e-05
0.00775186
9.54713e-05
0.00773969
9.00906e-05
0.00772972
7.31237e-05
0.00772228
5.3899e-05
0.00771581
4.69789e-05
0.00770807
5.69674e-05
0.00769825
7.29163e-05
0.00768786
7.70363e-05
0.00767982
5.85408e-05
0.00767663
2.08502e-05
0.00767893
-2.1865e-05
0.00768534
-5.41048e-05
0.00769335
-6.7053e-05
0.00770051
-6.09457e-05
0.00770527
-4.24501e-05
0.00770717
-2.00539e-05
0.00770663
-5.34036e-07
0.0077045
1.27173e-05
0.00770166
1.9153e-05
0.00769878
2.03614e-05
0.0076963
1.80676e-05
0.00769431
1.46649e-05
0.00769291
1.04721e-05
0.00769188
7.84431e-06
4.17135e-06
0.00909627
-0.000356034
0.0091313
-0.000300107
0.00915925
-0.000240472
0.00917972
-0.000177419
0.00919238
-0.000111168
0.00919689
-4.1945e-05
0.00919292
3.00086e-05
0.00918016
0.000104391
0.00915835
0.000180738
0.0091273
0.000258338
0.00908695
0.000336109
0.0090374
0.000412538
0.00897903
0.000485687
0.00891252
0.000553211
0.00883888
0.00061259
0.00875943
0.000661409
0.00867577
0.000697603
0.00858966
0.000719858
0.00850288
0.000727734
0.00841716
0.000721598
0.00833401
0.000702737
0.00825471
0.00067308
0.00818024
0.00063483
0.00811126
0.000590547
0.00804811
0.000542799
0.00799088
0.000493762
0.00793939
0.000445534
0.0078933
0.000399702
0.00785226
0.000356528
0.00781592
0.000316134
0.00778382
0.000279628
0.00775545
0.000247396
0.00773039
0.000218428
0.00770818
0.000193159
0.00768818
0.00017358
0.00766992
0.000158368
0.0076535
0.000142266
0.00763917
0.000123855
0.00762643
0.000109825
0.00761408
0.000106305
0.0076015
0.000108051
0.00758954
0.000102046
0.0075797
8.29611e-05
0.00757233
6.12731e-05
0.0075659
5.3405e-05
0.00755828
6.45955e-05
0.00754864
8.25511e-05
0.00753844
8.72384e-05
0.00753049
6.64939e-05
0.00752718
2.41599e-05
0.00752912
-2.3809e-05
0.00753498
-5.99688e-05
0.00754235
-7.44206e-05
0.00754888
-6.74685e-05
0.00755307
-4.66492e-05
0.00755455
-2.15264e-05
0.00755372
2.88214e-07
0.00755143
1.50094e-05
0.00754853
2.20574e-05
0.00754564
2.3247e-05
0.00754318
2.05342e-05
0.00754123
1.6614e-05
0.00753986
1.18384e-05
0.00753885
8.85077e-06
4.69863e-06
0.00892879
-0.000397037
0.00896316
-0.00033447
0.00899051
-0.000267827
0.0090105
-0.00019741
0.00902279
-0.000123458
0.00902705
-4.62064e-05
0.00902297
3.40961e-05
0.00901022
0.000117138
0.00898854
0.00020242
0.00895771
0.000289162
0.00891766
0.000376163
0.00886847
0.000461724
0.00881051
0.00054365
0.00874444
0.000619279
0.00867129
0.000685743
0.0085924
0.000740299
0.00850939
0.000780614
0.00842403
0.000805214
0.00833813
0.000813634
0.0082534
0.000806328
0.00817136
0.000784777
0.00809326
0.000751182
0.00802005
0.000708047
0.00795235
0.000658247
0.00789048
0.000604666
0.00783449
0.000549755
0.00778418
0.000495847
0.00773919
0.000444689
0.00769916
0.000396559
0.00766373
0.000351563
0.00763245
0.000310905
0.00760482
0.000275025
0.00758041
0.000242841
0.00755875
0.000214817
0.00753923
0.0001931
0.0075214
0.000176197
0.00750537
0.000158303
0.00749136
0.000137866
0.00747888
0.000122299
0.00746678
0.000118405
0.00745445
0.000120384
0.0074427
0.000113793
0.00743299
9.26718e-05
0.00742567
6.8596e-05
0.00741928
5.97903e-05
0.00741176
7.21207e-05
0.0074023
9.20077e-05
0.00739228
9.72557e-05
0.00738441
7.43707e-05
0.00738097
2.76e-05
0.00738254
-2.53822e-05
0.00738784
-6.5264e-05
0.00739453
-8.11146e-05
0.00740038
-7.3319e-05
0.00740399
-5.02633e-05
0.00740502
-2.25497e-05
0.00740389
1.41351e-06
0.00740143
1.74755e-05
0.00739844
2.50389e-05
0.00739555
2.61465e-05
0.0073931
2.29814e-05
0.00739118
1.85295e-05
0.00738985
1.31724e-05
0.00738887
9.82718e-06
5.20745e-06
0.00876559
-0.000437324
0.00879929
-0.000368171
0.00882606
-0.000294598
0.00884557
-0.000216915
0.00885748
-0.000135374
0.0088615
-5.02175e-05
0.00885728
3.83077e-05
0.00884453
0.000129887
0.00882296
0.000223995
0.00879233
0.00031979
0.00875254
0.000415955
0.00870366
0.0005106
0.00864604
0.000601272
0.00858034
0.000684979
0.00850759
0.00075849
0.00842917
0.000818724
0.00834671
0.000863073
0.00826202
0.000889905
0.00817691
0.00089874
0.00809311
0.000890131
0.00801212
0.000865765
0.00793517
0.000828132
0.00786317
0.000780044
0.00779673
0.000724691
0.00773612
0.000665274
0.00768136
0.000604518
0.00763222
0.000544987
0.00758832
0.000488581
0.0075493
0.000435585
0.00751478
0.000386085
0.00748432
0.000341362
0.00745743
0.000301917
0.00743366
0.000266609
0.00741255
0.000235925
0.00739351
0.000212145
0.0073761
0.000193598
0.00736045
0.000173959
0.00734676
0.000151558
0.00733455
0.000134509
0.00732269
0.000130258
0.0073106
0.000132476
0.00729906
0.000125336
0.00728947
0.00010226
0.00728219
7.5874e-05
0.00727584
6.61424e-05
0.00726841
7.95506e-05
0.00725912
0.000101292
0.00724929
0.000107093
0.00724148
8.21755e-05
0.0072379
3.11782e-05
0.00723909
-2.65714e-05
0.0072438
-6.99707e-05
0.0072498
-8.71108e-05
0.00725495
-7.84717e-05
0.00725795
-5.32683e-05
0.00725851
-2.31034e-05
0.00725706
2.85746e-06
0.00725441
2.01264e-05
0.00725135
2.81041e-05
0.00724843
2.90633e-05
0.007246
2.54108e-05
0.00724412
2.04118e-05
0.00724282
1.4474e-05
0.00724187
1.07732e-05
5.69759e-06
0.00860646
-0.000476905
0.0086395
-0.000401217
0.00866569
-0.000320787
0.00868471
-0.000235932
0.00869625
-0.000146913
0.0087
-5.39736e-05
0.00869566
4.26506e-05
0.0086829
0.00014265
0.00866141
0.000245481
0.00863096
0.000350247
0.00859139
0.000455517
0.00854278
0.000559213
0.00848544
0.000658612
0.00842004
0.000750381
0.00834762
0.000830912
0.00826957
0.00089677
0.00818758
0.000945065
0.00810347
0.000974012
0.00801909
0.000983124
0.00793615
0.000973068
0.00785616
0.000945755
0.00778032
0.000903973
0.00770951
0.000850853
0.0076443
0.000789904
0.00758494
0.000724641
0.00753139
0.000658064
0.00748341
0.000592966
0.00744061
0.000531383
0.00740258
0.000473609
0.00736897
0.000419701
0.00733932
0.000371005
0.00731316
0.000328077
0.00729004
0.000289734
0.00726948
0.000256489
0.0072509
0.000230721
0.00723392
0.000210576
0.00721864
0.000189237
0.00720527
0.000164935
0.00719332
0.000146457
0.0071817
0.000141873
0.00716985
0.000144333
0.0071585
0.000136681
0.00714903
0.000111731
0.00714179
8.31117e-05
0.00713547
7.24681e-05
0.00712813
8.68928e-05
0.00711901
0.000110411
0.00710935
0.000116752
0.00710161
8.99112e-05
0.00709789
3.48996e-05
0.00709869
-2.73669e-05
0.00710279
-7.40741e-05
0.00710807
-9.23906e-05
0.0071125
-8.29064e-05
0.00711488
-5.56451e-05
0.00711495
-2.31713e-05
0.00711317
4.63216e-06
0.00711033
2.29704e-05
0.00710718
3.12581e-05
0.00710424
3.20001e-05
0.00710183
2.78236e-05
0.00709998
2.22614e-05
0.00709871
1.57431e-05
0.00709779
1.16887e-05
6.16888e-06
0.00845119
-0.000515785
0.00848359
-0.000433609
0.00850919
-0.000346395
0.00852772
-0.000254461
0.00853888
-0.000158075
0.00854238
-5.74716e-05
0.0085379
4.713e-05
0.00852512
0.000155436
0.00850371
0.00026689
0.00847341
0.00038055
0.00843405
0.000494876
0.00838566
0.000607599
0.00832855
0.000715719
0.00826339
0.000815547
0.00819122
0.000903078
0.00811348
0.000974511
0.00803188
0.00102667
0.00794828
0.00105761
0.00786456
0.00106685
0.00778243
0.00105519
0.00770339
0.00102479
0.00762863
0.000978739
0.00755898
0.000920501
0.00749498
0.000853906
0.00743684
0.000782782
0.00738449
0.000710407
0.00733767
0.000639791
0.00729595
0.000573102
0.00725892
0.000510638
0.0072262
0.000452419
0.00719737
0.000399838
0.00717194
0.000353508
0.00714945
0.000312221
0.00712943
0.000276512
0.00711132
0.000248834
0.00709476
0.000227137
0.00707985
0.000204141
0.00706679
0.000177997
0.0070551
0.00015815
0.00704372
0.000153254
0.00703209
0.000155962
0.00702094
0.000147829
0.00701158
0.000121084
0.00700438
9.03128e-05
0.00699808
7.87739e-05
0.00699082
9.41549e-05
0.00698186
0.000119369
0.00697237
0.000126239
0.0069647
9.75794e-05
0.00696084
3.87667e-05
0.00696123
-2.77626e-05
0.00696472
-7.75637e-05
0.00696927
-9.69399e-05
0.00697297
-8.66077e-05
0.00697471
-5.73794e-05
0.00697428
-2.27417e-05
0.00697216
6.74657e-06
0.00696912
2.60133e-05
0.00696587
3.45042e-05
0.00696291
3.49586e-05
0.00696052
3.02205e-05
0.0069587
2.40783e-05
0.00695746
1.69797e-05
0.00695658
1.25734e-05
6.62123e-06
0.00829961
-0.000553969
0.00833136
-0.00046535
0.00835638
-0.000371422
0.00837442
-0.0002725
0.0083852
-0.000168857
0.00838844
-6.07094e-05
0.00838382
5.17488e-05
0.00837101
0.000168247
0.00834967
0.000288229
0.00831951
0.000410713
0.00828033
0.000534055
0.00823214
0.000655791
0.00817522
0.000772637
0.00811023
0.000880531
0.00803826
0.000975054
0.00796075
0.00105202
0.00787947
0.00110795
0.00779632
0.00114076
0.0077132
0.00114998
0.00763183
0.00113656
0.00755371
0.00110291
0.00747999
0.00105246
0.00741148
0.000989014
0.00734867
0.000916717
0.00729173
0.000839714
0.00724058
0.000761558
0.0071949
0.000685473
0.00715426
0.000613746
0.00711822
0.000546676
0.0070864
0.000484242
0.00705837
0.000427868
0.00703366
0.000378217
0.0070118
0.000334075
0.00699232
0.000295999
0.00697466
0.000266489
0.00695851
0.000243286
0.00694398
0.000218674
0.00693123
0.00019075
0.00691978
0.000169591
0.00690863
0.000164409
0.00689723
0.000167367
0.00688627
0.000158786
0.00687703
0.000130323
0.00686986
9.74798e-05
0.00686357
8.50653e-05
0.00685638
0.000101344
0.00684758
0.000128173
0.00683826
0.000135554
0.00683066
0.00010518
0.00682665
4.27799e-05
0.00682664
-2.77556e-05
0.00682951
-8.04329e-05
0.00683332
-0.000100749
0.00683628
-8.9565e-05
0.00683736
-5.84608e-05
0.00683642
-2.18059e-05
0.00683396
9.20669e-06
0.00683072
2.9259e-05
0.00682738
3.78447e-05
0.0068244
3.79398e-05
0.00682201
3.26017e-05
0.00682023
2.58625e-05
0.00681903
1.81837e-05
0.00681817
1.34274e-05
7.05459e-06
0.00815155
-0.000591457
0.00818264
-0.00049644
0.00820708
-0.000395867
0.00822463
-0.00029005
0.00823503
-0.000179258
0.00823801
-6.36864e-05
0.00823325
5.65081e-05
0.00822041
0.000181088
0.00819913
0.000309505
0.0081691
0.000440746
0.00813008
0.00057307
0.00808206
0.000703816
0.00802529
0.000829405
0.00796044
0.000945384
0.0078886
0.00104689
0.00781127
0.00112935
0.00773024
0.00118897
0.00764748
0.00122351
0.00756491
0.00123255
0.00748426
0.00121721
0.00740702
0.00118015
0.00733432
0.00112517
0.00726692
0.00105641
0.00720528
0.000978355
0.00714955
0.00089545
0.00709957
0.000811531
0.00705502
0.000730021
0.00701545
0.000653321
0.0069804
0.000581729
0.00694946
0.000515179
0.00692223
0.000455102
0.00689823
0.00040221
0.00687701
0.000355301
0.00685805
0.000314958
0.00684084
0.000283694
0.0068251
0.00025903
0.00681093
0.00023284
0.00679849
0.000203195
0.00678729
0.000180785
0.00677636
0.000175343
0.00676517
0.000178555
0.00675441
0.000169551
0.00674528
0.000139446
0.00673815
0.000104614
0.00673186
9.13475e-05
0.00672474
0.000108467
0.00671609
0.000136829
0.00670694
0.000144701
0.0066994
0.000112714
0.00669525
4.69377e-05
0.00669484
-2.73457e-05
0.00669708
-8.26787e-05
0.00670015
-0.000103813
0.00670235
-9.17715e-05
0.00670278
-5.88831e-05
0.00670133
-2.03591e-05
0.00669852
1.20159e-05
0.00669507
3.27093e-05
0.00669163
4.12803e-05
0.00668863
4.09438e-05
0.00668626
3.49672e-05
0.00668451
2.76138e-05
0.00668334
1.9355e-05
0.00668252
1.42504e-05
7.469e-06
0.00800682
-0.000628249
0.00803726
-0.000526878
0.00806112
-0.000419729
0.00807818
-0.000307108
0.0080882
-0.000189279
0.00809092
-6.6403e-05
0.00808602
6.14073e-05
0.00807315
0.000193958
0.00805194
0.000330718
0.00802203
0.000470657
0.00798316
0.000611935
0.00793528
0.000751697
0.00787863
0.000886054
0.00781387
0.00101015
0.00774211
0.00111865
0.0076649
0.00120656
0.00758408
0.00126979
0.00750166
0.00130594
0.00741959
0.00131463
0.00733962
0.00129717
0.00726323
0.00125654
0.00719152
0.00119688
0.00712522
0.00112271
0.00706474
0.00103883
0.00701019
0.000950005
0.00696138
0.000860336
0.00691796
0.000773447
0.00687944
0.000691836
0.00684537
0.000615806
0.00681531
0.000545236
0.00678886
0.000481549
0.00676558
0.000425497
0.00674497
0.000375907
0.00672654
0.000333394
0.00670977
0.000300456
0.00669443
0.000274374
0.00668063
0.000246644
0.00666849
0.000215335
0.00665753
0.000191736
0.00664681
0.000186064
0.00663584
0.00018953
0.00662526
0.000180129
0.00661625
0.000148455
0.00660915
0.000111718
0.00660287
9.76253e-05
0.00659581
0.000115532
0.00658729
0.000145343
0.00657831
0.000153683
0.00657085
0.000120177
0.00656655
5.12367e-05
0.00656574
-2.65355e-05
0.00656736
-8.43013e-05
0.00656968
-0.000106129
0.00657113
-9.32244e-05
0.00657089
-5.86435e-05
0.00656893
-1.83995e-05
0.00656577
1.5175e-05
0.00656212
3.63643e-05
0.00655859
4.48106e-05
0.00655556
4.39703e-05
0.00655321
3.73165e-05
0.00655149
2.93321e-05
0.00655035
2.04934e-05
0.00654956
1.50426e-05
7.86452e-06
0.0078653
-0.000664341
0.00789508
-0.000556661
0.00791836
-0.000443005
0.00793492
-0.000323674
0.00794457
-0.000198921
0.00794702
-6.88607e-05
0.00794199
6.64441e-05
0.00792909
0.000206855
0.00790794
0.000351869
0.00787815
0.000500446
0.00783943
0.000650659
0.00779167
0.00079945
0.00773511
0.000942614
0.0076704
0.00107486
0.00759868
0.00119037
0.00752154
0.00128371
0.00744087
0.00135045
0.00735874
0.00138807
0.00727714
0.00139623
0.00719782
0.00137648
0.00712226
0.0013321
0.00705153
0.00126761
0.00698631
0.00118793
0.00692698
0.00109817
0.00687359
0.00100339
0.00682594
0.000907986
0.00678363
0.000815761
0.00674616
0.000729301
0.00671306
0.000648913
0.00668387
0.000574421
0.0066582
0.000507217
0.00663561
0.000448084
0.00661562
0.0003959
0.0065977
0.000351313
0.00658138
0.000316781
0.00656642
0.000289326
0.00655298
0.00026009
0.00654114
0.000227176
0.00653042
0.00020245
0.00651991
0.000196577
0.00650914
0.000200298
0.00649875
0.000190519
0.00648986
0.000157347
0.00648279
0.00011879
0.00647651
0.000103903
0.0064695
0.000122546
0.00646112
0.000153721
0.0064523
0.0001625
0.00644491
0.000127569
0.00644048
5.56722e-05
0.00643927
-2.53295e-05
0.00644027
-8.53039e-05
0.00644184
-0.0001077
0.00644254
-9.39242e-05
0.00644164
-5.77426e-05
0.00643917
-1.59278e-05
0.00643566
1.86827e-05
0.0064318
4.02225e-05
0.00642818
4.84343e-05
0.00642513
4.7018e-05
0.0064228
3.96491e-05
0.00642112
3.1017e-05
0.00642001
2.1599e-05
0.00641925
1.5804e-05
8.24126e-06
0.00772682
-0.000699729
0.00775595
-0.000585786
0.00777864
-0.000465694
0.00779471
-0.000339748
0.00780397
-0.000208183
0.00780617
-7.10621e-05
0.007801
7.16146e-05
0.00778808
0.000219774
0.007767
0.000372954
0.00773733
0.000530114
0.00769874
0.000689246
0.0076511
0.000847089
0.00759461
0.000999106
0.00752992
0.00113955
0.00745819
0.0012621
0.00738107
0.00136083
0.00730052
0.001431
0.00721864
0.00146994
0.00713747
0.00147741
0.00705878
0.00145517
0.00698403
0.00140685
0.00691425
0.00133739
0.0068501
0.00125208
0.0067919
0.00115636
0.00673967
0.00105562
0.00669317
0.000954492
0.00665196
0.000856973
0.00661553
0.000765725
0.00658339
0.000681058
0.00655506
0.000602743
0.00653017
0.000532116
0.00650827
0.000469983
0.00648888
0.000415288
0.00647147
0.000368725
0.00645557
0.000332678
0.00644101
0.000303891
0.00642791
0.000273182
0.00641637
0.000238719
0.00640589
0.000212932
0.00639558
0.000206889
0.00638501
0.000210863
0.00637481
0.000200723
0.00636603
0.00016612
0.00635899
0.000125831
0.00635271
0.000110184
0.00634574
0.000129515
0.00633749
0.000161969
0.00632884
0.000171155
0.00632152
0.000134886
0.00631696
6.02381e-05
0.00631536
-2.37345e-05
0.00631575
-8.56921e-05
0.00631658
-0.000108529
0.00631653
-9.38747e-05
0.00631497
-5.6184e-05
0.00631199
-1.29477e-05
0.00630814
2.25356e-05
0.00630408
4.42809e-05
0.00630036
5.2149e-05
0.0062973
5.00855e-05
0.00629498
4.19639e-05
0.00629333
3.26681e-05
0.00629226
2.26717e-05
0.00629153
1.65347e-05
8.59938e-06
0.00759126
-0.000734408
0.00761972
-0.000614247
0.00764182
-0.000487791
0.0076574
-0.000355328
0.00766628
-0.000217069
0.00766823
-7.30105e-05
0.00766293
7.69137e-05
0.00765
0.00023271
0.00762899
0.000393966
0.00759944
0.000559658
0.00756099
0.000727699
0.00751346
0.000894623
0.00745701
0.00105555
0.00739231
0.00120425
0.00732055
0.00133386
0.00724341
0.00143797
0.00716293
0.00151148
0.00708127
0.0015516
0.0070005
0.00155818
0.00692241
0.00153326
0.00684844
0.00148082
0.00677961
0.00140622
0.00671652
0.00131517
0.00665945
0.00121344
0.00660837
0.0011067
0.006563
0.000999866
0.00652287
0.000897096
0.00648748
0.000801118
0.00645629
0.000712252
0.00642882
0.000630211
0.00640468
0.000556257
0.00638346
0.000491203
0.00636467
0.00043408
0.00634776
0.000385636
0.00633228
0.000348153
0.0063181
0.000318077
0.00630535
0.000285926
0.0062941
0.000249969
0.00628385
0.000223187
0.00627373
0.000217006
0.00626336
0.00022123
0.00625335
0.00021074
0.00624469
0.000174774
0.00623768
0.000132841
0.00623139
0.000116473
0.00622446
0.000136446
0.00621634
0.000170093
0.00620784
0.000179649
0.00620061
0.000142125
0.00619592
6.49273e-05
0.00619394
-2.17589e-05
0.00619372
-8.54739e-05
0.00619382
-0.000108624
0.00619303
-9.30826e-05
0.00619082
-5.39739e-05
0.00618733
-9.46515e-06
0.00618314
2.67284e-05
0.00617889
4.85352e-05
0.00617508
5.59515e-05
0.006172
5.31706e-05
0.0061697
4.42599e-05
0.00616809
3.4285e-05
0.00616705
2.37114e-05
0.00616635
1.72349e-05
8.93909e-06
0.00745849
-0.000768369
0.00748628
-0.000642038
0.00750778
-0.000509295
0.00752287
-0.000370415
0.00753138
-0.000225579
0.00753308
-7.47104e-05
0.00752766
8.23348e-05
0.00751471
0.000245653
0.00749378
0.000414897
0.00746437
0.00058907
0.00742605
0.000766014
0.00737862
0.000942058
0.00732221
0.00111196
0.00725747
0.00126899
0.00718564
0.0014057
0.00710845
0.00151515
0.00702801
0.00159192
0.00694654
0.00163307
0.00686614
0.00163858
0.00678863
0.00161077
0.00671545
0.001554
0.00664755
0.00147411
0.00658551
0.00137721
0.00652955
0.0012694
0.00647961
0.00115664
0.00643536
0.00104412
0.00639632
0.000936139
0.00636194
0.00083549
0.00633169
0.000742504
0.00630507
0.000656836
0.00628168
0.000579649
0.00626112
0.000511755
0.00624292
0.000452286
0.0062265
0.000402054
0.00621144
0.000363213
0.00619763
0.000331889
0.00618523
0.000298326
0.00617427
0.000260931
0.00616423
0.00023322
0.0061543
0.000226935
0.00614413
0.000231403
0.0061343
0.000220572
0.00612577
0.000183304
0.00611879
0.000139817
0.00611249
0.000122773
0.00610559
0.000143346
0.00609759
0.000178099
0.00608925
0.000187985
0.0060821
0.000149281
0.00607729
6.97317e-05
0.00607494
-1.94124e-05
0.00607413
-8.46593e-05
0.0060735
-0.000107994
0.00607197
-9.1557e-05
0.00606912
-5.11213e-05
0.00606514
-5.48838e-06
0.00606062
3.12538e-05
0.00605617
5.29797e-05
0.00605229
5.98378e-05
0.00604919
5.62709e-05
0.00604691
4.65357e-05
0.00604533
3.58672e-05
0.00604432
2.4718e-05
0.00604365
1.79048e-05
9.26063e-06
0.00732838
0.00735549
-0.000669155
0.0073764
-0.000530201
0.00739099
-0.000385008
0.00739913
-0.000233716
0.00740059
-7.61667e-05
0.00739505
8.78701e-05
0.00738211
0.000258595
0.00736127
0.000435737
0.007332
0.000618342
0.00729382
0.000804188
0.00724649
0.000989396
0.0071901
0.00116835
0.0071253
0.00133378
0.00705337
0.00147763
0.0069761
0.00159242
0.00689567
0.00167236
0.00681436
0.00171439
0.00673432
0.00171862
0.00665738
0.00168771
0.00658496
0.00162643
0.006518
0.00154108
0.006457
0.00143821
0.00640215
0.00132425
0.00635334
0.00120545
0.00631019
0.00108726
0.00627222
0.000974116
0.00623885
0.000868853
0.00620953
0.000771824
0.00618374
0.000682626
0.00616109
0.000602305
0.00614119
0.000531649
0.00612356
0.000469915
0.00610763
0.000417988
0.00609298
0.000377867
0.00607953
0.000345334
0.00606747
0.000310388
0.00605679
0.00027161
0.00604697
0.000243037
0.00603723
0.000236681
0.00602725
0.000241385
0.0060176
0.000230216
0.0060092
0.000191708
0.00600225
0.00014676
0.00599594
0.000129087
0.00598906
0.000150221
0.00598117
0.000185992
0.00597299
0.000196162
0.00596592
0.000156351
0.00596101
7.46428e-05
0.00595831
-1.67059e-05
0.00595691
-8.32601e-05
0.00595556
-0.000106652
0.00595332
-8.93098e-05
0.00594983
-4.76374e-05
0.00594537
-1.02767e-06
0.00594052
3.61033e-05
0.00593589
5.76077e-05
0.00593193
6.38031e-05
0.00592882
5.93834e-05
0.00592656
4.87898e-05
0.00592502
3.74141e-05
0.00592404
2.56915e-05
0.0059234
1.85446e-05
9.56426e-06
0.00722726
-0.000695589
0.00724757
-0.000550506
0.00726166
-0.000399107
0.00726943
-0.000241483
0.00727065
-7.73853e-05
0.00726501
9.35109e-05
0.00725208
0.000271523
0.00723134
0.000456474
0.00720222
0.000647461
0.0071642
0.000842212
0.00711696
0.00103664
0.00706058
0.00122473
0.00699572
0.00139865
0.00692366
0.00154968
0.00684629
0.00166979
0.00676584
0.00175281
0.00668466
0.00179556
0.00660497
0.00179832
0.00652858
0.00176409
0.00645692
0.00169809
0.00639088
0.00160712
0.00633092
0.00149816
0.00627717
0.001378
0.00622948
0.00125314
0.00618744
0.0011293
0.00615052
0.00101104
0.00611815
0.000901218
0.00608975
0.000800223
0.00606478
0.000707594
0.00604285
0.000624235
0.0060236
0.000550898
0.00600654
0.000486979
0.00599108
0.000433446
0.00597683
0.000392121
0.00596374
0.000358418
0.00595202
0.000322117
0.00594162
0.00028201
0.00593201
0.000252645
0.00592244
0.000246251
0.00591264
0.00025118
0.00590319
0.000239673
0.00589491
0.000199983
0.005888
0.000153667
0.00588167
0.000135419
0.00587481
0.000157079
0.00586703
0.000193779
0.00585901
0.000204184
0.00585203
0.00016333
0.00584702
7.96516e-05
0.00584396
-1.36515e-05
0.00584199
-8.12897e-05
0.00583995
-0.00010461
0.005837
-8.6355e-05
0.0058329
-4.35358e-05
0.00582796
3.90474e-06
0.0058228
4.12666e-05
0.005818
6.24113e-05
0.00581396
6.78422e-05
0.00581084
6.2505e-05
0.00580861
5.10206e-05
0.00580709
3.89252e-05
0.00580615
2.66319e-05
0.00580554
1.91548e-05
9.85031e-06
0.00710147
-0.000721335
0.00712117
-0.000570207
0.00713477
-0.000412711
0.00714217
-0.000248884
0.00714316
-7.83727e-05
0.00713743
9.92473e-05
0.00712452
0.000284426
0.0071039
0.000477092
0.00707495
0.000676416
0.00703709
0.000880076
0.00698995
0.00108378
0.00693358
0.00128109
0.00686862
0.0014636
0.00679642
0.00162188
0.00671892
0.0017473
0.00663843
0.0018333
0.00655738
0.00187661
0.00647801
0.00187769
0.00640217
0.00183992
0.00633126
0.00176901
0.00626614
0.00167224
0.00620721
0.00155709
0.00615456
0.00610798
0.00606703
0.00603115
0.00599977
0.00597228
0.00594813
0.00592691
0.00590829
0.00589179
0.00587679
0.00586293
0.0058502
0.0058388
0.00582868
0.00581927
0.00580987
0.00580026
0.00579099
0.00578285
0.00577598
0.00576963
0.00576278
0.0057551
0.00574723
0.00574035
0.00573525
0.00573186
0.00572933
0.00572661
0.00572296
0.00571826
0.00571287
0.0057074
0.00570243
0.00569832
0.0056952
0.00569299
0.00569152
0.00569061
0.00569003
0.00697802
0.00699711
0.00701023
0.00701726
0.00701803
0.0070122
0.00699934
0.00697886
0.00695008
0.00691239
0.00686536
0.006809
0.00674394
0.00667158
0.00659392
0.00651338
0.00643243
0.00635338
0.00627809
0.00620793
0.00614372
)
;

boundaryField
{
    inlet
    {
        type            calculated;
        value           nonuniform 0();
    }
    outlet
    {
        type            calculated;
        value           nonuniform List<scalar> 
22
(
0.00867677
0.00850418
0.00833502
0.00816922
0.00800671
0.00784744
0.00769133
0.00753833
0.00738836
0.00724138
0.00709732
0.00695613
0.00681774
0.0066821
0.00654917
0.00641887
0.00629117
0.00616601
0.00604333
0.0059231
0.00580526
0.00568976
)
;
    }
    cylinder
    {
        type            calculated;
        value           nonuniform 0();
    }
    top
    {
        type            symmetryPlane;
        value           nonuniform 0();
    }
    bottom
    {
        type            symmetryPlane;
        value           uniform 0;
    }
    defaultFaces
    {
        type            empty;
        value           nonuniform 0();
    }
    procBoundary1to0
    {
        type            processor;
        value           nonuniform List<scalar> 
24
(
-0.0103619
-0.0101581
-0.00996057
-0.00976885
-0.00958267
-0.00940174
-0.00922578
-0.00905454
-0.00888779
-0.0087253
-0.00856688
-0.00841231
-0.00826143
-0.00811406
-0.00797003
-0.00782921
-0.00769143
-0.00755658
-0.00742452
-0.00729514
-0.000801604
-0.00720083
-0.00707572
-0.00695297
)
;
    }
    procBoundary1to3
    {
        type            processor;
        value           nonuniform List<scalar> 
65
(
0.00143065
0.00129972
0.00117025
0.00104692
0.000932597
0.000827713
0.000731751
0.000645451
0.000569514
0.000503487
0.000448438
0.000405982
0.000371148
0.000333518
0.000292138
0.000262049
0.000255649
0.000260791
0.00024894
0.000208126
0.000160538
0.000141771
0.000163924
0.000201465
0.00021205
0.000170214
8.47489e-05
-1.02617e-05
-7.87626e-05
-0.000101886
-8.27089e-05
-3.88321e-05
9.2948e-06
4.6732e-05
6.73819e-05
7.19491e-05
6.5632e-05
5.32263e-05
4.03999e-05
2.75393e-05
1.97355e-05
1.01191e-05
-0.000746383
-0.000589301
-0.000425823
-0.000255921
-7.9136e-05
0.000105069
0.00029729
0.000497576
0.000705188
0.000917768
0.00113081
0.00133746
0.00152866
0.00169424
0.00182496
0.00191385
0.00195755
0.00195674
0.00191522
0.00183917
0.00173644
0.00608583
0.00161498
)
;
    }
}


// ************************************************************************* //
