/*--------------------------------*- C++ -*----------------------------------*\
  =========                 |
  \\      /  F ield         | OpenFOAM: The Open Source CFD Toolbox
   \\    /   O peration     | Website:  https://openfoam.org
    \\  /    A nd           | Version:  7
     \\/     M anipulation  |
\*---------------------------------------------------------------------------*/
FoamFile
{
    version     2.0;
    format      ascii;
    class       volVectorField;
    location    "35";
    object      U;
}
// * * * * * * * * * * * * * * * * * * * * * * * * * * * * * * * * * * * * * //

dimensions      [0 1 -1 0 0 0 0];

internalField   nonuniform List<vector> 
1063
(
(0.891452 0.340063 -2.09947e-19)
(0.880991 0.335427 1.39982e-19)
(0.860533 0.349934 -1.22308e-20)
(0.870668 0.330525 -9.63957e-20)
(0.849919 0.344424 -8.00968e-20)
(0.860492 0.325335 7.51665e-20)
(0.82788 0.358222 -2.00629e-20)
(0.839434 0.338589 -1.56593e-19)
(0.850474 0.319842 6.53166e-20)
(0.81693 0.351756 -2.88107e-20)
(0.829094 0.332423 -3.60138e-20)
(0.840623 0.314036 9.95025e-20)
(0.806142 0.344927 3.63589e-20)
(0.818916 0.325924 2.29305e-21)
(0.830947 0.30791 -2.77999e-19)
(0.78217 0.357123 -1.51383e-20)
(0.795531 0.337737 -8.92168e-21)
(0.808912 0.31909 -5.66914e-20)
(0.821457 0.301464 2.02716e-19)
(0.771076 0.349212 -6.6959e-20)
(0.785113 0.330187 2.36041e-19)
(0.799097 0.311923 3.37958e-20)
(0.812159 0.294697 -4.02213e-20)
(0.760197 0.340916 -3.34333e-20)
(0.774903 0.322281 -1.29633e-20)
(0.789482 0.304423 7.39972e-21)
(0.803065 0.287611 3.08247e-20)
(0.733396 0.351637 1.30822e-19)
(0.74955 0.33224 9.3093e-20)
(0.764915 0.314022 4.60638e-20)
(0.78008 0.296593 9.27177e-20)
(0.794183 0.280211 -7.47072e-20)
(0.722307 0.342119 -2.37232e-19)
(0.73915 0.32319 -2.06286e-19)
(0.755163 0.305415 -4.12941e-20)
(0.770904 0.28844 -2.54068e-20)
(0.785524 0.2725 6.7048e-20)
(0.711493 0.332206 9.07448e-20)
(0.729013 0.313772 1.74022e-19)
(0.74566 0.296467 2.66606e-20)
(0.761965 0.279967 -7.36083e-20)
(0.777098 0.264486 1.13281e-19)
(0.681794 0.341004 -5.87862e-20)
(0.700971 0.321905 3.66278e-20)
(0.719153 0.303994 -1.9598e-19)
(0.736421 0.287185 -1.09838e-19)
(0.753276 0.27118 4.65497e-20)
(0.768914 0.256174 -6.85918e-20)
(0.67089 0.329743 2.18555e-19)
(0.690758 0.311226 -9.72333e-20)
(0.709585 0.293865 1.16599e-19)
(0.727457 0.277576 1.54931e-19)
(0.744848 0.262088 9.81463e-20)
(0.760983 0.247571 2.40439e-20)
(0.66033 0.318086 -2.02213e-19)
(0.680869 0.300179 7.15366e-20)
(0.700322 0.283393 -7.17643e-20)
(0.718783 0.267648 -1.71144e-19)
(0.736693 0.252698 8.79091e-20)
(0.753315 0.238687 7.09012e-21)
(0.650128 0.306043 7.02519e-20)
(0.671318 0.288774 9.45217e-20)
(0.69138 0.27259 2.71839e-19)
(0.71041 0.257412 5.28327e-20)
(0.728822 0.243018 -1.31431e-19)
(0.74592 0.229528 -3.75267e-20)
(0.617279 0.311343 1.90798e-20)
(0.640302 0.293629 -8.93924e-20)
(0.662121 0.277024 -1.66123e-19)
(0.68277 0.261464 -5.59841e-20)
(0.70235 0.246876 4.17086e-20)
(0.721246 0.233057 -5.05879e-20)
(0.738807 0.220105 -5.17373e-20)
(0.607193 0.297836 -1.16639e-19)
(0.630867 0.280854 2.57009e-19)
(0.653291 0.264939 1.94139e-19)
(0.674506 0.250028 -1.54968e-19)
(0.694615 0.236051 -1.30792e-19)
(0.713976 0.222827 6.85888e-20)
(0.731986 0.210428 6.91359e-20)
(0.597539 0.283958 2.75943e-20)
(0.621838 0.267735 -2.51376e-19)
(0.644842 0.252534 8.73371e-20)
(0.6666 0.238294 4.12445e-20)
(0.687216 0.224948 1.58261e-19)
(0.707022 0.212335 1.55703e-19)
(0.725466 0.200505 -8.99044e-20)
(0.588332 0.269723 3.94534e-20)
(0.613228 0.254284 7.09164e-20)
(0.636787 0.239821 -1.32123e-19)
(0.659065 0.226273 -5.02246e-20)
(0.680165 0.21358 -1.66951e-20)
(0.700396 0.201595 2.28955e-20)
(0.719256 0.190349 1.27078e-19)
(0.552662 0.270771 1.94058e-19)
(0.579588 0.255148 -2.61317e-19)
(0.605051 0.240519 2.25493e-21)
(0.629139 0.226815 1.42056e-20)
(0.65191 0.213981 1.29453e-20)
(0.673472 0.201958 -7.86721e-20)
(0.694105 0.190617 -7.16793e-20)
(0.713365 0.179969 -1.36825e-19)
(0.543815 0.254987 -6.98017e-20)
(0.571319 0.240251 1.73728e-19)
(0.597321 0.226453 -1.28318e-19)
(0.621909 0.21353 8.45312e-20)
(0.645148 0.201429 -6.38793e-20)
(0.667146 0.190095 7.69692e-20)
(0.688161 0.179413 2.42673e-21)
(0.7078 0.169379 1.17304e-19)
(0.535491 0.238874 -2.43205e-20)
(0.563541 0.225048 7.0049e-20)
(0.590049 0.212104 1.0405e-19)
(0.615108 0.199983 -9.1137e-20)
(0.638789 0.188633 6.78517e-20)
(0.661197 0.178005 -7.09551e-20)
(0.682571 0.167996 -8.7153e-21)
(0.70257 0.158588 -9.2806e-20)
(0.527703 0.222453 -4.03419e-20)
(0.556264 0.209559 5.45917e-20)
(0.583247 0.197489 2.53682e-20)
(0.608748 0.186188 -7.32435e-21)
(0.632842 0.175607 5.95146e-21)
(0.655635 0.1657 -7.62785e-20)
(0.677343 0.156378 -4.48305e-20)
(0.697681 0.14761 1.6176e-19)
(0.520464 0.205742 1.21197e-20)
(0.5495 0.193802 -1.07345e-19)
(0.576926 0.182626 -6.20854e-20)
(0.602838 0.172162 1.23727e-19)
(0.627316 0.162366 1.08374e-20)
(0.650467 0.153196 9.74367e-20)
(0.672487 0.144573 -6.34193e-20)
(0.693142 0.136458 8.25083e-20)
(0.513786 0.188765 -8.23218e-20)
(0.543261 0.177797 1.96308e-19)
(0.571095 0.167531 7.39681e-20)
(0.597387 0.157922 -1.52602e-19)
(0.622221 0.148927 1.51363e-20)
(0.645701 0.140507 -6.38413e-20)
(0.668008 0.132594 2.39777e-20)
(0.688957 0.125143 -3.11791e-20)
(0.50768 0.171541 1.46684e-19)
(0.537557 0.161563 3.51257e-20)
(0.565765 0.152225 -1.56849e-19)
(0.592404 0.143485 7.36784e-20)
(0.617563 0.135304 -8.10025e-20)
(0.641345 0.127647 -9.86004e-21)
(0.663915 0.120456 7.71471e-20)
(0.685133 0.11368 -1.39774e-19)
(0.502156 0.154093 -3.35137e-20)
(0.532397 0.145122 -7.41719e-20)
(0.560943 0.136726 1.38628e-19)
(0.587896 0.128869 -1.5679e-19)
(0.61335 0.121514 2.121e-20)
(0.637406 0.114632 -1.39276e-20)
(0.660212 0.108172 -4.82826e-20)
(0.681676 0.102081 3.47374e-20)
(0.464823 0.144939 -9.00532e-20)
(0.497222 0.136443 -7.65813e-20)
(0.527788 0.128493 9.44889e-21)
(0.556637 0.121054 -5.83444e-21)
(0.583872 0.114091 7.97858e-21)
(0.609588 0.107575 4.79482e-20)
(0.633888 0.101478 8.44753e-21)
(0.656907 0.0957566 -1.02759e-20)
(0.67859 0.0903604 -3.25142e-20)
(0.46018 0.126006 8.50042e-20)
(0.492887 0.118615 1.19129e-20)
(0.52374 0.111698 -3.11232e-20)
(0.552854 0.105227 4.10367e-20)
(0.580336 0.0991705 2.95527e-20)
(0.606284 0.0935023 6.93959e-20)
(0.630798 0.0881992 7.14277e-21)
(0.654003 0.0832254 6.39038e-20)
(0.67588 0.0785318 1.13101e-19)
(0.456187 0.106906 -1.3992e-20)
(0.489158 0.100631 -1.96654e-20)
(0.520257 0.0947592 -4.8778e-20)
(0.5496 0.0892658 5.816e-21)
(0.577295 0.0841251 -5.567e-21)
(0.603442 0.0793139 -4.40844e-20)
(0.628141 0.074813 -3.14593e-20)
(0.651506 0.0705931 -3.16394e-20)
(0.67355 0.0666092 -8.17292e-20)
(0.452849 0.0876626 2.14793e-20)
(0.486042 0.0825145 -7.53295e-21)
(0.517346 0.0776974 3.27529e-20)
(0.54688 0.0731908 -1.57994e-20)
(0.574754 0.0689737 -5.63447e-20)
(0.601067 0.0650271 -5.86028e-21)
(0.625921 0.0613352 6.33187e-21)
(0.649419 0.0578748 -5.05457e-20)
(0.671604 0.0546068 3.34685e-20)
(0.450171 0.0683024 -2.43691e-20)
(0.483542 0.0642896 4.18202e-20)
(0.515012 0.0605348 3.09857e-20)
(0.5447 0.0570222 -1.20014e-20)
(0.572716 0.0537354 4.80176e-20)
(0.599163 0.0506595 7.4185e-20)
(0.62414 0.0477823 1.04986e-20)
(0.647746 0.0450861 -1.02473e-21)
(0.670043 0.042539 -5.25581e-20)
(0.44816 0.0488509 -1.18629e-20)
(0.481664 0.04598 -1.29567e-20)
(0.513258 0.0432937 -1.34787e-20)
(0.543061 0.0407808 5.08153e-21)
(0.571184 0.0384294 -4.16417e-20)
(0.597732 0.0362289 1.6982e-20)
(0.622802 0.0341707 6.49549e-21)
(0.646489 0.0322423 -8.71395e-21)
(0.66887 0.0304202 2.362e-20)
(0.446817 0.0293342 1.88021e-20)
(0.48041 0.0276098 -1.02791e-20)
(0.512087 0.0259964 5.31672e-21)
(0.541967 0.0244871 9.496e-21)
(0.570162 0.0230749 2.05648e-20)
(0.596777 0.0217533 -4.0626e-20)
(0.621909 0.0205172 -1.18744e-21)
(0.645649 0.0193592 1.47002e-20)
(0.668088 0.0182649 3.23042e-22)
(0.621462 0.0068385 7.5807e-22)
(0.645229 0.00645247 1.37426e-21)
(0.667696 0.00608764 5.91438e-21)
(0.916919 0.145955 0)
(0.912748 0.16275 0)
(0.909608 0.180806 0)
(0.907264 0.20027 0)
(0.906682 0.22081 0)
(0.906935 0.242832 0)
(0.910316 0.265267 0)
(0.913726 0.289914 0)
(0.923617 0.312121 0)
(0.921388 0.146986 0)
(0.917913 0.16356 0)
(0.915569 0.181305 0)
(0.914035 0.200355 0)
(0.914392 0.220341 0)
(0.915497 0.241692 0)
(0.919936 0.263191 0)
(0.924111 0.286894 0)
(0.935072 0.307162 0)
(0.925922 0.148005 0)
(0.923106 0.164291 0)
(0.9215 0.181631 0)
(0.920712 0.200152 0)
(0.921904 0.219435 0)
(0.923777 0.239947 0)
(0.929063 0.260282 0)
(0.933899 0.282787 0)
(0.945316 0.30107 0)
(0.930534 0.148984 0)
(0.928344 0.164981 0)
(0.927424 0.181923 0)
(0.927326 0.199925 0)
(0.929253 0.21853 0)
(0.931819 0.238237 0)
(0.937759 0.257493 0)
(0.943181 0.278863 0)
(0.954786 0.295629 0)
(0.935219 0.149783 0)
(0.93363 0.16547 0)
(0.933348 0.181998 0)
(0.933893 0.199471 0)
(0.936464 0.217401 0)
(0.939658 0.236317 0)
(0.946102 0.254552 0)
(0.952045 0.274855 0)
(0.963712 0.290363 0)
(0.939965 0.150376 0)
(0.938951 0.165724 0)
(0.939262 0.181808 0)
(0.940406 0.198727 0)
(0.94354 0.215959 0)
(0.947299 0.234077 0)
(0.954129 0.251312 0)
(0.960514 0.27057 0)
(0.972154 0.284921 0)
(0.944755 0.150774 0)
(0.944291 0.165757 0)
(0.945152 0.181371 0)
(0.946852 0.197716 0)
(0.950476 0.214234 0)
(0.954734 0.231549 0)
(0.961861 0.247806 0)
(0.968604 0.266034 0)
(0.980145 0.279302 0)
(0.949572 0.150982 0)
(0.949634 0.165578 0)
(0.951003 0.180702 0)
(0.953215 0.19646 0)
(0.957267 0.21226 0)
(0.96196 0.228775 0)
(0.96931 0.244088 0)
(0.976334 0.261308 0)
(0.987723 0.273574 0)
(0.954398 0.150998 0)
(0.954959 0.165191 0)
(0.956798 0.17981 0)
(0.959481 0.194974 0)
(0.963906 0.210056 0)
(0.968973 0.225781 0)
(0.976488 0.240187 0)
(0.983725 0.256431 0)
(0.994922 0.267768 0)
(0.959216 0.150823 0)
(0.960249 0.164598 0)
(0.962521 0.178701 0)
(0.965632 0.193266 0)
(0.970382 0.207638 0)
(0.975768 0.222587 0)
(0.983398 0.236125 0)
(0.990793 0.251427 0)
(1.00177 0.261899 0)
(0.964007 0.150458 0)
(0.965485 0.163803 0)
(0.968156 0.177381 0)
(0.971654 0.191348 0)
(0.976686 0.205021 0)
(0.982339 0.219208 0)
(0.990043 0.231919 0)
(0.997546 0.246316 0)
(1.00828 0.255984 0)
(0.968756 0.149905 0)
(0.970649 0.16281 0)
(0.973685 0.175861 0)
(0.97753 0.18923 0)
(0.982804 0.20222 0)
(0.988679 0.215663 0)
(0.996422 0.227587 0)
(1.00399 0.241116 0)
(1.01446 0.250037 0)
(0.973448 0.149168 0)
(0.975726 0.161624 0)
(0.979094 0.174146 0)
(0.983247 0.186923 0)
(0.988728 0.199246 0)
(0.994782 0.211968 0)
(1.00253 0.223144 0)
(1.01013 0.235843 0)
(1.02033 0.244072 0)
(0.978068 0.148249 0)
(0.980701 0.160252 0)
(0.984368 0.172248 0)
(0.988793 0.184438 0)
(0.994445 0.196115 0)
(1.00064 0.208137 0)
(1.00837 0.218604 0)
(1.01597 0.230513 0)
(1.02589 0.2381 0)
(0.982603 0.147153 0)
(0.985561 0.1587 0)
(0.989497 0.170173 0)
(0.994157 0.181787 0)
(0.99995 0.192837 0)
(1.00625 0.204184 0)
(1.01394 0.21398 0)
(1.02151 0.225137 0)
(1.03115 0.232131 0)
(0.987042 0.145885 0)
(0.990295 0.156975 0)
(0.994469 0.167931 0)
(0.999331 0.178979 0)
(1.00523 0.189425 0)
(1.01161 0.200122 0)
(1.01924 0.209285 0)
(1.02675 0.219729 0)
(1.0361 0.226173 0)
(0.991375 0.144451 0)
(0.994893 0.155083 0)
(0.999275 0.165532 0)
(1.00431 0.176027 0)
(1.01029 0.185891 0)
(1.01672 0.195964 0)
(1.02426 0.204528 0)
(1.03171 0.214298 0)
(1.04076 0.220235 0)
(0.995592 0.142856 0)
(0.999347 0.153035 0)
(1.00391 0.162985 0)
(1.00908 0.172941 0)
(1.01513 0.182246 0)
(1.02158 0.191722 0)
(1.02901 0.199721 0)
(1.03637 0.208854 0)
(1.04514 0.214323 0)
(0.999686 0.141107 0)
(1.00365 0.150836 0)
(1.00837 0.160299 0)
(1.01365 0.169732 0)
(1.01973 0.1785 0)
(1.02618 0.187406 0)
(1.0335 0.194874 0)
(1.04075 0.203406 0)
(1.04923 0.208444 0)
(1.00365 0.139211 0)
(1.0078 0.148496 0)
(1.01264 0.157485 0)
(1.01802 0.16641 0)
(1.0241 0.174665 0)
(1.03053 0.183028 0)
(1.03773 0.189996 0)
(1.04486 0.197963 0)
(1.05305 0.202602 0)
(1.00748 0.137174 0)
(1.01178 0.146023 0)
(1.01673 0.15455 0)
(1.02217 0.162986 0)
(1.02825 0.170751 0)
(1.03464 0.178597 0)
(1.04169 0.185095 0)
(1.0487 0.19253 0)
(1.05661 0.196802 0)
(1.01116 0.135003 0)
(1.0156 0.143425 0)
(1.02063 0.151504 0)
(1.02611 0.159469 0)
(1.03216 0.166766 0)
(1.0385 0.174122 0)
(1.04541 0.180179 0)
(1.05229 0.187115 0)
(1.05992 0.191049 0)
(1.01471 0.132706 0)
(1.01926 0.140711 0)
(1.02434 0.148357 0)
(1.02985 0.155869 0)
(1.03586 0.162721 0)
(1.04213 0.169611 0)
(1.04889 0.175255 0)
(1.05562 0.181723 0)
(1.06298 0.185346 0)
(1.0181 0.130289 0)
(1.02274 0.137887 0)
(1.02787 0.145116 0)
(1.03338 0.152193 0)
(1.03934 0.158622 0)
(1.04552 0.165073 0)
(1.05213 0.170329 0)
(1.05871 0.176359 0)
(1.0658 0.179696 0)
(1.02134 0.127759 0)
(1.02605 0.134963 0)
(1.03121 0.141789 0)
(1.03671 0.148451 0)
(1.0426 0.154479 0)
(1.04869 0.160514 0)
(1.05513 0.165407 0)
(1.06156 0.171026 0)
(1.0684 0.1741 0)
(1.07477 0.180428 0)
(1.02443 0.125124 0)
(1.0292 0.131946 0)
(1.03436 0.138385 0)
(1.03984 0.14465 0)
(1.04565 0.150297 0)
(1.05164 0.15594 0)
(1.05792 0.160494 0)
(1.06419 0.165729 0)
(1.07078 0.16856 0)
(1.07699 0.174458 0)
(1.02737 0.12239 0)
(1.03217 0.128842 0)
(1.03733 0.134911 0)
(1.04277 0.140797 0)
(1.04849 0.146084 0)
(1.05438 0.151357 0)
(1.0605 0.155594 0)
(1.06661 0.160469 0)
(1.07296 0.163078 0)
(1.079 0.168574 0)
(1.03015 0.119564 0)
(1.03497 0.125659 0)
(1.04011 0.131373 0)
(1.0455 0.136899 0)
(1.05114 0.141846 0)
(1.05691 0.14677 0)
(1.06287 0.150711 0)
(1.06882 0.15525 0)
(1.07494 0.157654 0)
(1.08081 0.162774 0)
(1.03277 0.116651 0)
(1.03761 0.122404 0)
(1.04272 0.127778 0)
(1.04805 0.132961 0)
(1.05359 0.137587 0)
(1.05925 0.142183 0)
(1.06504 0.145848 0)
(1.07083 0.150072 0)
(1.07673 0.152288 0)
(1.08244 0.157057 0)
(1.03524 0.113659 0)
(1.04007 0.119081 0)
(1.04515 0.124132 0)
(1.05041 0.12899 0)
(1.05585 0.133312 0)
(1.06139 0.1376 0)
(1.06702 0.141007 0)
(1.07265 0.144936 0)
(1.07833 0.146979 0)
(1.08389 0.151421 0)
(1.03756 0.110593 0)
(1.04238 0.115699 0)
(1.0474 0.12044 0)
(1.0526 0.12499 0)
(1.05793 0.129026 0)
(1.06334 0.133024 0)
(1.06882 0.13619 0)
(1.0743 0.139844 0)
(1.07977 0.141728 0)
(1.08517 0.145864 0)
(1.03973 0.107458 0)
(1.04452 0.11226 0)
(1.04949 0.116708 0)
(1.05461 0.120965 0)
(1.05983 0.124732 0)
(1.06512 0.128457 0)
(1.07044 0.131398 0)
(1.07577 0.134796 0)
(1.08105 0.136533 0)
(1.08628 0.140382 0)
(1.04175 0.104259 0)
(1.04651 0.108772 0)
(1.05142 0.11294 0)
(1.05645 0.11692 0)
(1.06156 0.120433 0)
(1.06673 0.123902 0)
(1.0719 0.126633 0)
(1.07707 0.129792 0)
(1.08216 0.131393 0)
(1.08725 0.134974 0)
(1.04362 0.101002 0)
(1.04834 0.105238 0)
(1.05319 0.109139 0)
(1.05813 0.112857 0)
(1.06313 0.116132 0)
(1.06817 0.119361 0)
(1.0732 0.121896 0)
(1.07822 0.12483 0)
(1.08313 0.126307 0)
(1.08807 0.129637 0)
(1.04535 0.0976904 0)
(1.05002 0.101662 0)
(1.0548 0.105311 0)
(1.05965 0.108781 0)
(1.06454 0.111831 0)
(1.06946 0.114834 0)
(1.07434 0.117186 0)
(1.07922 0.11991 0)
(1.08397 0.121273 0)
(1.08875 0.124368 0)
(1.04694 0.094329 0)
(1.05156 0.0980479 0)
(1.05626 0.101458 0)
(1.06103 0.104693 0)
(1.06581 0.107531 0)
(1.07061 0.110323 0)
(1.07534 0.112504 0)
(1.08008 0.115032 0)
(1.08467 0.116288 0)
(1.08931 0.119163 0)
(1.0484 0.0909213 0)
(1.05296 0.0943996 0)
(1.05759 0.097582 0)
(1.06226 0.100596 0)
(1.06693 0.103235 0)
(1.07161 0.105828 0)
(1.07621 0.10785 0)
(1.08081 0.110193 0)
(1.08524 0.111352 0)
(1.08974 0.11402 0)
(1.05423 0.0907198 0)
(1.05877 0.0936866 0)
(1.06335 0.0964914 0)
(1.06791 0.098943 0)
(1.07247 0.101349 0)
(1.07695 0.103221 0)
(1.08142 0.105393 0)
(1.0857 0.10646 0)
(1.09007 0.108936 0)
(1.05536 0.0870111 0)
(1.05983 0.0897733 0)
(1.06431 0.0923803 0)
(1.06877 0.0946554 0)
(1.07321 0.0968853 0)
(1.07756 0.0986182 0)
(1.0819 0.100628 0)
(1.08605 0.101612 0)
(1.09028 0.103905 0)
(1.05637 0.0832754 0)
(1.06076 0.0858438 0)
(1.06515 0.0882638 0)
(1.06951 0.0903726 0)
(1.07384 0.0924374 0)
(1.07807 0.0940395 0)
(1.08228 0.0958985 0)
(1.0863 0.0968045 0)
(1.09041 0.0989267 0)
(1.05727 0.0795147 0)
(1.06157 0.0818991 0)
(1.06588 0.0841423 0)
(1.07013 0.0860945 0)
(1.07435 0.0880039 0)
(1.07847 0.0894835 0)
(1.08256 0.0912004 0)
(1.08645 0.0920342 0)
(1.09044 0.0939955 0)
(1.05805 0.0757302 0)
(1.06228 0.0779401 0)
(1.06649 0.080016 0)
(1.07065 0.0818204 0)
(1.07476 0.0835835 0)
(1.07877 0.0849481 0)
(1.08275 0.0865316 0)
(1.08652 0.0872982 0)
(1.09039 0.0891081 0)
(1.05873 0.0719228 0)
(1.06288 0.073967 0)
(1.06701 0.0758846 0)
(1.07106 0.0775496 0)
(1.07508 0.0791747 0)
(1.07898 0.0804313 0)
(1.08285 0.0818893 0)
(1.08652 0.0825932 0)
(1.09026 0.0842604 0)
(1.05932 0.068093 0)
(1.06339 0.0699799 0)
(1.06743 0.0717475 0)
(1.07139 0.0732806 0)
(1.07531 0.0747756 0)
(1.07911 0.0759307 0)
(1.08287 0.0772704 0)
(1.08644 0.0779159 0)
(1.09008 0.0794484 0)
(1.05981 0.064241 0)
(1.06381 0.0659781 0)
(1.06776 0.0676035 0)
(1.07164 0.0690119 0)
(1.07547 0.070384 0)
(1.07917 0.0714433 0)
(1.08283 0.0726715 0)
(1.0863 0.0732624 0)
(1.08983 0.0746676 0)
(1.06022 0.0603663 0)
(1.06414 0.0619609 0)
(1.06802 0.0634511 0)
(1.07181 0.0647414 0)
(1.07555 0.0659972 0)
(1.07916 0.0669662 0)
(1.08273 0.0680891 0)
(1.08611 0.0686286 0)
(1.08954 0.0699134 0)
(1.06055 0.0564681 0)
(1.06441 0.0579269 0)
(1.06821 0.0592885 0)
(1.07192 0.0604666 0)
(1.07557 0.0616122 0)
(1.0791 0.0624958 0)
(1.08258 0.063519 0)
(1.08587 0.0640104 0)
(1.0892 0.0651811 0)
(1.06082 0.0525452 0)
(1.0646 0.0538742 0)
(1.06833 0.0551133 0)
(1.07197 0.0561848 0)
(1.07554 0.0572256 0)
(1.07898 0.0580282 0)
(1.08238 0.058957 0)
(1.08559 0.0594029 0)
(1.08884 0.0604653 0)
(1.06102 0.0485958 0)
(1.06474 0.0498005 0)
(1.0684 0.0509227 0)
(1.07197 0.0518924 0)
(1.07546 0.0528336 0)
(1.07883 0.0535593 0)
(1.08215 0.0543983 0)
(1.08529 0.0548011 0)
(1.08845 0.0557605 0)
(1.06117 0.0446176 0)
(1.06483 0.0457031 0)
(1.06842 0.0467133 0)
(1.07192 0.0475858 0)
(1.07535 0.0484319 0)
(1.07865 0.0490842 0)
(1.08189 0.0498377 0)
(1.08496 0.0501997 0)
(1.08804 0.0510608 0)
(1.06128 0.0406077 0)
(1.06488 0.0415786 0)
(1.06841 0.0424812 0)
(1.07185 0.0432605 0)
(1.0752 0.0440156 0)
(1.07844 0.0445977 0)
(1.08161 0.0452695 0)
(1.08463 0.0455925 0)
(1.08763 0.0463598 0)
(1.06134 0.0365628 0)
(1.06489 0.0374229 0)
(1.06837 0.038222 0)
(1.07175 0.0389116 0)
(1.07504 0.0395792 0)
(1.07822 0.040094 0)
(1.08133 0.0406874 0)
(1.08429 0.0409731 0)
(1.08722 0.0416504 0)
(1.06138 0.0324787 0)
(1.06488 0.0332316 0)
(1.0683 0.0339305 0)
(1.07163 0.0345335 0)
(1.07487 0.0351168 0)
(1.078 0.0355667 0)
(1.08105 0.0360846 0)
(1.08396 0.0363344 0)
(1.08682 0.0369251 0)
(1.06139 0.0283508 0)
(1.06484 0.0289994 0)
(1.06822 0.029601 0)
(1.0715 0.03012 0)
(1.07469 0.0306216 0)
(1.07777 0.0310085 0)
(1.08077 0.0314535 0)
(1.08364 0.0316685 0)
(1.08645 0.0321756 0)
(1.06138 0.0241735 0)
(1.0648 0.0247201 0)
(1.06813 0.0252268 0)
(1.07137 0.0256638 0)
(1.07452 0.0260859 0)
(1.07756 0.0264116 0)
(1.08051 0.0267857 0)
(1.08334 0.0269668 0)
(1.0861 0.0273927 0)
(1.06136 0.0199405 0)
(1.06474 0.020387 0)
(1.06804 0.0208005 0)
(1.07125 0.0211572 0)
(1.07436 0.0215014 0)
(1.07736 0.0217671 0)
(1.08028 0.0220719 0)
(1.08307 0.0222198 0)
(1.08579 0.0225665 0)
(1.06133 0.0156448 0)
(1.06469 0.0159921 0)
(1.06796 0.0163138 0)
(1.07114 0.0165911 0)
(1.07422 0.0168586 0)
(1.07719 0.0170652 0)
(1.08008 0.0173019 0)
(1.08284 0.0174169 0)
(1.08553 0.0176858 0)
(1.06131 0.0112779 0)
(1.06464 0.0115267 0)
(1.06789 0.011757 0)
(1.07105 0.0119556 0)
(1.0741 0.012147 0)
(1.07706 0.0122949 0)
(1.07991 0.0124641 0)
(1.08266 0.0125465 0)
(1.08532 0.0127385 0)
(1.06129 0.00683082 0)
(1.06461 0.00698083 0)
(1.06784 0.00711967 0)
(1.07098 0.00723934 0)
(1.07402 0.00735471 0)
(1.07696 0.00744376 0)
(1.0798 0.00754575 0)
(1.08253 0.00759528 0)
(1.08517 0.00771106 0)
(1.06128 0.00229296 0)
(1.06459 0.00234319 0)
(1.06782 0.0023897 0)
(1.07095 0.00242974 0)
(1.07398 0.00246841 0)
(1.07691 0.00249813 0)
(1.07974 0.00253242 0)
(1.08247 0.00254865 0)
(1.0851 0.00258815 0)
(0.802841 0.00313267 4.69339e-23)
(0.783592 0.00353102 -1.30535e-21)
(0.763051 0.00397109 -6.2974e-22)
(0.740912 0.00447714 1.76228e-21)
(0.717417 0.00501021 -9.86977e-22)
(0.691978 0.00570371 -9.91021e-22)
(0.802969 0.00940316 -2.15045e-21)
(0.783748 0.0105981 6.86641e-22)
(0.763241 0.0119181 -8.91964e-22)
(0.741141 0.0134359 2.29944e-21)
(0.717694 0.0150345 -4.78081e-21)
(0.692313 0.017114 1.38838e-21)
(0.803226 0.015669 -5.31457e-21)
(0.78406 0.0176592 5.52421e-21)
(0.763621 0.0198571 4.58701e-21)
(0.741599 0.0223841 -6.26658e-21)
(0.71825 0.0250452 3.01604e-21)
(0.692983 0.0285064 1.85111e-21)
(0.803611 0.0219273 -1.11298e-21)
(0.784527 0.0247101 -5.39052e-21)
(0.76419 0.0277827 2.6684e-21)
(0.742286 0.0313148 -1.66645e-21)
(0.719083 0.0350332 6.29669e-21)
(0.693987 0.039869 2.31411e-21)
(0.804123 0.0281748 1.99873e-21)
(0.78515 0.0317468 -2.42632e-21)
(0.764948 0.0356896 7.26472e-21)
(0.7432 0.0402211 -5.04671e-21)
(0.720191 0.0449895 -1.42573e-20)
(0.695324 0.0511898 1.24155e-20)
(0.804764 0.0344085 6.0334e-21)
(0.785927 0.0387654 -8.55939e-21)
(0.765895 0.0435725 1.03081e-20)
(0.744342 0.0490959 -9.25039e-21)
(0.721576 0.0549052 -6.29634e-21)
(0.696993 0.0624572 1.62423e-20)
(0.805531 0.0406254 -1.23861e-21)
(0.786859 0.0457618 -8.01277e-21)
(0.76703 0.0514261 1.46931e-20)
(0.745709 0.0579325 -3.8921e-21)
(0.723234 0.0647712 -1.03011e-20)
(0.698991 0.0736592 -4.56791e-21)
(0.806426 0.0468225 1.12173e-20)
(0.787945 0.052732 -1.49161e-20)
(0.768352 0.0592451 5.86335e-21)
(0.747302 0.0667239 6.11679e-21)
(0.725165 0.0745786 1.28686e-20)
(0.701317 0.0847841 3.02571e-21)
(0.807447 0.0529968 -3.17483e-21)
(0.789184 0.0596722 7.4955e-21)
(0.76986 0.0670244 6.46387e-21)
(0.749119 0.0754632 -1.15062e-20)
(0.727366 0.0843187 1.43576e-20)
(0.703967 0.0958205 -5.34455e-21)
(0.808594 0.0591454 2.28727e-20)
(0.790575 0.0665783 -1.50918e-20)
(0.771553 0.0747588 -6.81311e-21)
(0.751158 0.0841438 1.43893e-20)
(0.729836 0.0939827 -1.94986e-20)
(0.706939 0.106757 2.89943e-20)
(0.809866 0.0652652 -8.29998e-21)
(0.792118 0.0734466 -1.76828e-20)
(0.77343 0.0824431 1.58655e-20)
(0.753417 0.092759 3.66232e-21)
(0.732573 0.103562 2.48082e-21)
(0.71023 0.117581 -3.43389e-20)
(0.811262 0.0713535 -8.6735e-21)
(0.793812 0.0802731 2.6647e-20)
(0.77549 0.0900722 -2.41077e-20)
(0.755895 0.101302 3.00991e-20)
(0.735573 0.113047 -1.01219e-20)
(0.713835 0.128283 -2.32916e-20)
(0.812783 0.0774072 1.27459e-20)
(0.795655 0.0870542 9.50261e-21)
(0.77773 0.0976412 -3.83862e-20)
(0.75859 0.109766 4.4091e-20)
(0.738834 0.122431 -3.23194e-20)
(0.717751 0.138851 -2.18537e-20)
(0.814427 0.0834236 5.09842e-21)
(0.797647 0.0937859 5.62722e-21)
(0.780151 0.105145 -2.10294e-21)
(0.7615 0.118146 2.3678e-20)
(0.742352 0.131704 -1.60061e-20)
(0.721973 0.149273 -9.71599e-21)
(0.816193 0.0893999 -7.00979e-21)
(0.799786 0.100465 -1.15211e-20)
(0.782749 0.112579 1.64167e-20)
(0.764622 0.126433 2.95862e-21)
(0.746126 0.140859 2.77545e-20)
(0.726497 0.159541 -1.3423e-20)
(0.81808 0.0953332 8.02993e-21)
(0.802071 0.107087 1.49473e-20)
(0.785523 0.119938 -2.0329e-20)
(0.767953 0.134623 2.67353e-20)
(0.75015 0.149887 -1.05833e-20)
(0.731317 0.169641 -3.18774e-20)
(0.834862 0.0901602 6.05697e-21)
(0.820088 0.101221 9.89908e-21)
(0.804502 0.113649 2.72657e-21)
(0.788472 0.127217 -2.23429e-20)
(0.771492 0.142709 3.5597e-21)
(0.754422 0.158781 4.96774e-21)
(0.736428 0.179565 7.0227e-21)
(0.836607 0.0954042 9.02985e-21)
(0.822215 0.10706 1.14035e-20)
(0.807076 0.120147 8.02719e-21)
(0.791593 0.134412 -8.65144e-21)
(0.775235 0.150685 -2.15399e-20)
(0.758937 0.167531 1.56401e-20)
(0.741824 0.189303 -2.33974e-20)
(0.83845 0.10061 -2.84118e-20)
(0.824462 0.112849 5.05614e-21)
(0.809792 0.126578 2.07654e-20)
(0.794884 0.141518 -1.80743e-20)
(0.779179 0.158545 -1.26746e-20)
(0.763692 0.176132 4.05057e-21)
(0.7475 0.198843 2.01888e-21)
(0.840391 0.105777 8.85644e-21)
(0.826826 0.118583 -2.07509e-20)
(0.812648 0.132938 2.35183e-20)
(0.798344 0.14853 -2.35725e-20)
(0.783323 0.166282 2.01346e-20)
(0.768682 0.184575 2.41383e-20)
(0.753448 0.208177 -4.47363e-21)
(0.842429 0.110901 1.39111e-20)
(0.829306 0.124262 -2.56904e-20)
(0.815645 0.139224 -2.03432e-21)
(0.80197 0.155444 3.68029e-20)
(0.787661 0.173893 -5.39498e-20)
(0.773902 0.192852 -9.55134e-21)
(0.759664 0.217296 2.99082e-20)
(0.844563 0.115982 1.14002e-20)
(0.831903 0.129881 -4.04622e-20)
(0.818779 0.145433 6.37786e-21)
(0.805759 0.162256 9.08914e-21)
(0.792192 0.18137 -4.90244e-21)
(0.779347 0.200958 2.20522e-20)
(0.766139 0.226189 -4.84344e-20)
(0.846793 0.121017 -9.28657e-24)
(0.834615 0.13544 1.78454e-20)
(0.82205 0.151561 9.92876e-21)
(0.809711 0.168961 -1.85643e-21)
(0.796913 0.188708 -9.22098e-21)
(0.785014 0.208884 2.19651e-20)
(0.772866 0.23485 -5.49932e-20)
(0.849119 0.126005 2.05768e-20)
(0.837441 0.140934 -1.58657e-20)
(0.825456 0.157606 -8.9753e-21)
(0.813822 0.175554 6.73712e-20)
(0.801819 0.195902 -5.58031e-20)
(0.790898 0.216624 -1.62971e-20)
(0.77984 0.243269 4.85461e-20)
(0.851539 0.130944 -7.54872e-21)
(0.840381 0.146363 -2.68564e-20)
(0.828995 0.163564 2.45863e-21)
(0.818091 0.182033 2.48989e-20)
(0.806908 0.202947 2.16595e-20)
(0.796992 0.224172 -1.70511e-21)
(0.787052 0.251438 -7.84937e-20)
(0.864815 0.121243 6.21029e-21)
(0.854055 0.135832 2.52221e-21)
(0.843433 0.151723 -2.31888e-20)
(0.832668 0.169432 -9.0515e-21)
(0.822516 0.188391 1.58744e-20)
(0.812177 0.209839 -2.05672e-20)
(0.803293 0.23152 -3.62908e-21)
(0.794496 0.259351 2.29482e-20)
(0.866969 0.125631 -1.64303e-20)
(0.856665 0.140668 -1.64605e-20)
(0.846599 0.157012 -2.37673e-21)
(0.836472 0.175207 -6.92513e-22)
(0.827095 0.194626 2.37053e-21)
(0.817623 0.216572 -4.35494e-21)
(0.809796 0.238664 -2.86551e-21)
(0.802164 0.267 2.13591e-21)
(0.869204 0.129978 -8.75192e-21)
(0.859371 0.14545 1.6648e-20)
(0.849877 0.162228 -5.80821e-21)
(0.840407 0.180886 2.6706e-20)
(0.831826 0.200733 7.83049e-21)
(0.823242 0.223141 2.51449e-20)
(0.816495 0.245596 -4.89879e-20)
(0.81005 0.274379 7.99365e-21)
(0.87152 0.134285 -2.08064e-20)
(0.862174 0.150175 -2.62639e-21)
(0.853269 0.167369 2.81147e-20)
(0.844473 0.186467 1.67884e-20)
(0.836709 0.206708 -1.88988e-20)
(0.829032 0.229544 8.32212e-21)
(0.823387 0.25231 -5.20935e-20)
(0.818147 0.281482 3.85446e-20)
(0.873921 0.138549 -8.66435e-21)
(0.865074 0.154843 8.47294e-22)
(0.856775 0.172433 -1.84503e-20)
(0.848669 0.191945 1.31972e-20)
(0.841742 0.212548 -1.96604e-20)
(0.834991 0.235776 6.49965e-20)
(0.830469 0.2588 -4.3439e-20)
(0.826449 0.288306 2.34137e-20)
(0.876408 0.14277 -9.07287e-21)
(0.868074 0.159452 -3.34454e-20)
(0.860396 0.177418 2.02465e-20)
(0.852996 0.19732 -1.20031e-20)
(0.846927 0.218248 3.87348e-20)
(0.841117 0.241832 9.10902e-21)
(0.837736 0.26506 -3.92755e-20)
(0.834951 0.294847 -2.54422e-20)
(0.878986 0.146947 -2.69816e-20)
(0.871179 0.163999 4.63026e-20)
(0.864137 0.182322 -3.42402e-20)
(0.857457 0.202586 1.38017e-20)
(0.852264 0.223805 -5.08681e-20)
(0.847408 0.247711 -1.50362e-21)
(0.845188 0.271083 3.4974e-20)
(0.84365 0.301103 4.10892e-21)
(0.88166 0.151078 -3.23221e-20)
(0.874393 0.168485 -1.41522e-21)
(0.868001 0.187144 3.70879e-20)
(0.862056 0.207742 -7.41247e-21)
(0.857757 0.229217 1.6848e-21)
(0.853864 0.253407 3.75102e-20)
(0.852825 0.276863 -1.30751e-20)
(0.852542 0.307076 2.57549e-21)
(0.891497 0.139011 2.12857e-21)
(0.884439 0.155163 1.74399e-20)
(0.877725 0.172906 -2.64967e-21)
(0.871997 0.191882 1.43771e-20)
(0.866799 0.212784 1.71387e-20)
(0.863411 0.23448 -2.24227e-20)
(0.860488 0.258917 -1.75384e-21)
(0.860653 0.282393 1.52435e-20)
(0.86163 0.312771 1.52307e-20)
(0.893905 0.142721 -2.0037e-20)
(0.887335 0.159202 1.26977e-20)
(0.881189 0.177263 1.39248e-20)
(0.876137 0.196535 -2.9247e-20)
(0.871697 0.217711 -1.09233e-20)
(0.869236 0.239594 -7.54538e-21)
(0.867287 0.264237 3.58665e-20)
(0.868681 0.287668 -1.83436e-20)
(0.870915 0.318199 -2.58995e-20)
(0.896436 0.146391 -2.91341e-21)
(0.890368 0.163188 -7.35598e-21)
(0.884802 0.18155 3.71262e-20)
(0.880439 0.201098 -1.45775e-20)
(0.876771 0.222513 2.21994e-20)
(0.875248 0.244554 -3.0854e-20)
(0.874274 0.269357 -1.42715e-20)
(0.876929 0.29268 4.10683e-20)
(0.880406 0.323372 -2.97463e-20)
(0.899116 0.150012 1.99918e-20)
(0.893565 0.167113 1.3662e-21)
(0.888596 0.185757 5.12217e-21)
(0.884934 0.205563 -8.28401e-21)
(0.882049 0.227184 1.52893e-20)
(0.881477 0.249355 -1.55333e-20)
(0.881473 0.274268 1.44827e-21)
(0.885432 0.297426 -5.63071e-21)
(0.890119 0.328313 -3.49147e-21)
(0.901982 0.153624 1.54659e-20)
(0.896971 0.171019 -1.55023e-20)
(0.892617 0.189928 -2.03525e-20)
(0.889675 0.209973 1.1978e-20)
(0.887583 0.231766 -8.27928e-21)
(0.887973 0.254042 -1.46766e-20)
(0.888932 0.279007 3.02244e-20)
(0.894248 0.30196 -9.81487e-21)
(0.900078 0.333119 6.11259e-21)
(0.905094 0.157338 -2.62326e-20)
(0.900654 0.175017 1.33065e-20)
(0.896939 0.194171 -6.41384e-23)
(0.894743 0.214428 2.81712e-20)
(0.893456 0.236342 -2.761e-20)
(0.894827 0.258679 3.02589e-20)
(0.896732 0.28359 -2.12147e-21)
(0.903486 0.306332 -2.1546e-20)
(0.910307 0.337873 -2.3656e-21)
(0.908542 0.160789 -3.29655e-21)
(0.90472 0.178712 -2.63445e-21)
(0.90168 0.198061 6.40933e-21)
(0.900275 0.218481 -9.37187e-21)
(0.899802 0.240441 2.5474e-20)
(0.902194 0.262786 -1.98736e-20)
(0.905008 0.287468 -4.23694e-21)
(0.91334 0.309966 -1.66529e-21)
(0.920836 0.341808 1.66245e-20)
)
;

boundaryField
{
    inlet
    {
        type            uniformFixedValue;
        uniformValue    constant (1 0 0);
        value           nonuniform 0();
    }
    outlet
    {
        type            pressureInletOutletVelocity;
        value           nonuniform 0();
    }
    cylinder
    {
        type            fixedValue;
        value           nonuniform 0();
    }
    top
    {
        type            symmetryPlane;
    }
    bottom
    {
        type            symmetryPlane;
    }
    defaultFaces
    {
        type            empty;
    }
    procBoundary18to2
    {
        type            processor;
        value           nonuniform List<vector> 
16
(
(0.446145 0.00977812 -8.39995e-21)
(0.479783 0.00920317 5.10716e-21)
(0.511501 0.00866524 1.50483e-21)
(0.54142 0.00816203 -3.09046e-21)
(0.569651 0.0076912 -3.62674e-21)
(0.596299 0.0072506 -8.56779e-21)
(0.596299 0.0072506 -8.56779e-21)
(0.621462 -0.0068486 1.10448e-21)
(0.64523 -0.00646215 9.58324e-22)
(0.667696 -0.00609692 6.30071e-21)
(0.802841 -0.00313935 2.58798e-22)
(0.783592 -0.0035381 -1.54056e-21)
(0.763051 -0.00397858 -5.5997e-22)
(0.740912 -0.00448506 1.98134e-21)
(0.717417 -0.00501859 3.75098e-23)
(0.691978 -0.00571254 -2.06711e-21)
)
;
    }
    procBoundary18to17
    {
        type            processor;
        value           nonuniform List<vector> 
105
(
(0.92163 0.130511 0)
(0.913306 0.144124 -6.52451e-22)
(0.925455 0.13169 0)
(0.929373 0.132906 0)
(0.933391 0.134083 0)
(0.937505 0.135103 0)
(0.9417 0.135945 0)
(0.945959 0.136619 0)
(0.950267 0.137125 0)
(0.954605 0.13746 0)
(0.958958 0.137623 0)
(0.963308 0.137613 0)
(0.96764 0.137429 0)
(0.971938 0.137071 0)
(0.976191 0.136542 0)
(0.980384 0.135843 0)
(0.984507 0.134977 0)
(0.988549 0.133948 0)
(0.992501 0.132759 0)
(0.996356 0.131416 0)
(1.0001 0.129923 0)
(1.00374 0.128286 0)
(1.00726 0.126511 0)
(1.01066 0.124603 0)
(1.01392 0.122568 0)
(1.01706 0.120412 0)
(1.02006 0.118141 0)
(1.02293 0.115763 0)
(1.02565 0.113281 0)
(1.02824 0.110703 0)
(1.03069 0.108034 0)
(1.03299 0.10528 0)
(1.03516 0.102445 0)
(1.03718 0.0995362 0)
(1.03907 0.096557 0)
(1.04082 0.0935125 0)
(1.04245 0.0904069 0)
(1.04394 0.0872442 0)
(1.04972 0.0874706 0)
(1.04972 0.0874706 0)
(1.05092 0.0839801 0)
(1.052 0.0804522 0)
(1.05296 0.0768893 0)
(1.05381 0.0732931 0)
(1.05456 0.0696652 0)
(1.05521 0.0660064 0)
(1.05577 0.0623175 0)
(1.05625 0.0585985 0)
(1.05665 0.0548493 0)
(1.05698 0.0510689 0)
(1.05724 0.0472563 0)
(1.05745 0.0434096 0)
(1.05761 0.0395266 0)
(1.05772 0.0356043 0)
(1.0578 0.0316392 0)
(1.05785 0.0276272 0)
(1.05788 0.0235634 0)
(1.05789 0.0194421 0)
(1.0579 0.0152568 0)
(1.05789 0.011 0)
(1.05789 0.00666321 0)
(1.05788 0.00223682 0)
(0.820741 0.00278031 -5.22219e-22)
(0.820846 0.00834611 -1.94274e-21)
(0.821056 0.0139085 4.3991e-22)
(0.82137 0.0194651 -3.31253e-21)
(0.821789 0.0250137 -3.78391e-21)
(0.822313 0.030552 -4.63954e-21)
(0.822941 0.0360777 5.53222e-22)
(0.823672 0.0415887 -1.33486e-21)
(0.824508 0.0470826 6.16805e-21)
(0.825446 0.0525572 1.83595e-20)
(0.826487 0.0580104 -8.23392e-21)
(0.82763 0.06344 -1.30292e-20)
(0.828875 0.0688439 1.83122e-20)
(0.830222 0.0742199 -2.81847e-21)
(0.831669 0.079566 2.75567e-21)
(0.833215 0.0848801 2.33414e-20)
(0.833215 0.0848801 2.33414e-20)
(0.849032 0.0801497 2.05838e-21)
(0.850464 0.0848422 -4.59438e-21)
(0.851977 0.0895063 1.02279e-21)
(0.853571 0.0941406 -2.05936e-21)
(0.855245 0.0987436 -1.13781e-20)
(0.857 0.103314 -1.48481e-20)
(0.858834 0.10785 2.82037e-21)
(0.860748 0.112351 2.07205e-20)
(0.862742 0.116816 -4.75477e-21)
(0.862742 0.116816 -4.75477e-21)
(0.875339 0.108127 6.37264e-21)
(0.877103 0.112097 -2.05052e-20)
(0.878935 0.116038 -2.86016e-22)
(0.880837 0.119948 1.22657e-20)
(0.88281 0.123826 2.92904e-21)
(0.884857 0.127673 -3.61271e-20)
(0.886983 0.131486 -8.96698e-21)
(0.889194 0.135265 1.34087e-20)
(0.889194 0.135265 1.34087e-20)
(0.899019 0.124144 3.179e-20)
(0.901017 0.127529 -1.81496e-20)
(0.903123 0.130883 -2.21491e-20)
(0.905362 0.134198 1.2217e-20)
(0.907767 0.137512 -1.0139e-20)
(0.910389 0.140932 -2.43848e-20)
(0.913306 0.144124 -6.52451e-22)
)
;
    }
    procBoundary18to19
    {
        type            processor;
        value           nonuniform List<vector> 
110
(
(0.923147 0.35267 1.74655e-19)
(0.912733 0.348765 -3.38935e-20)
(0.902039 0.344476 -1.61044e-19)
(0.902039 0.344476 -1.61044e-19)
(0.882053 0.360001 4.65742e-20)
(0.871254 0.355124 -8.56911e-20)
(0.871254 0.355124 -8.56911e-20)
(0.850193 0.370065 1.08052e-19)
(0.838973 0.364325 -1.58155e-19)
(0.838973 0.364325 -1.58155e-19)
(0.816577 0.378509 -3.24335e-20)
(0.804937 0.371775 1.72448e-20)
(0.793463 0.364645 -7.55138e-20)
(0.793463 0.364645 -7.55138e-20)
(0.76815 0.377745 -2.04546e-20)
(0.756336 0.369456 -1.61624e-19)
(0.744745 0.360751 2.15491e-19)
(0.744745 0.360751 2.15491e-19)
(0.716393 0.372302 -1.39022e-19)
(0.704563 0.362293 -1.46725e-20)
(0.693025 0.351857 -3.37164e-20)
(0.693025 0.351857 -3.37164e-20)
(0.661612 0.361357 1.26786e-19)
(0.649965 0.349482 2.47743e-20)
(0.638682 0.337179 -1.4491e-19)
(0.627781 0.324462 4.27525e-22)
(0.627781 0.324462 4.27525e-22)
(0.592978 0.330245 -1.27875e-19)
(0.582192 0.315961 -6.53406e-21)
(0.571866 0.301276 -1.03368e-19)
(0.562018 0.286207 1.30929e-19)
(0.562018 0.286207 1.30929e-19)
(0.524179 0.287449 1.50782e-19)
(0.514709 0.270722 -2.37399e-19)
(0.505799 0.253639 1.83606e-19)
(0.497461 0.236224 -1.04806e-19)
(0.489711 0.218497 -1.29132e-19)
(0.482561 0.200482 2.70883e-20)
(0.476022 0.182201 1.37297e-19)
(0.470106 0.163679 -6.18444e-20)
(0.470106 0.163679 -6.18444e-20)
(0.430469 0.154002 2.27055e-20)
(0.425496 0.133892 -8.71999e-20)
(0.421218 0.113601 3.91431e-20)
(0.417642 0.0931558 2.1694e-20)
(0.414774 0.0725845 3.17094e-20)
(0.412619 0.0519147 2.4112e-21)
(0.41118 0.0311744 -1.63032e-20)
(1.07949 0.179756 1.04125e-22)
(1.08148 0.173788 -8.86286e-22)
(1.08328 0.16791 4.00359e-22)
(1.0849 0.16212 1.66625e-21)
(1.08634 0.156417 -1.91678e-21)
(1.08761 0.150797 -1.83341e-21)
(1.08872 0.145258 2.85654e-21)
(1.08968 0.139797 -2.57823e-21)
(1.0905 0.134411 3.2293e-22)
(1.09118 0.129096 -1.14153e-21)
(1.09174 0.12385 2.01559e-21)
(1.09218 0.11867 -1.05178e-21)
(1.0925 0.113551 8.45014e-22)
(1.09272 0.108491 1.9896e-21)
(1.09285 0.103486 -2.57871e-21)
(1.09288 0.0985311 1.1425e-21)
(1.09283 0.0936241 1.84514e-22)
(1.0927 0.0887604 -1.13131e-21)
(1.09251 0.0839362 -5.18777e-22)
(1.09226 0.0791471 1.26003e-21)
(1.09196 0.0743887 -5.3038e-22)
(1.09161 0.0696565 2.23753e-21)
(1.09123 0.0649454 -3.08688e-21)
(1.09082 0.0602503 2.03976e-21)
(1.09039 0.0555657 -9.60098e-22)
(1.08995 0.0508856 3.25385e-22)
(1.0895 0.0462034 1.68765e-22)
(1.08907 0.0415124 5.44325e-24)
(1.08865 0.0368049 1.76026e-22)
(1.08825 0.0320726 2.25084e-22)
(1.08789 0.0273065 -6.90098e-22)
(1.08756 0.0224965 3.3569e-22)
(1.08729 0.0176317 -7.36605e-23)
(1.08707 0.0126997 3.89805e-22)
(1.08692 0.0076876 2.27406e-23)
(1.08684 0.0025794 -1.78875e-22)
(0.930979 0.344546 0)
(0.930979 0.344546 0)
(0.941446 0.336856 0)
(0.951684 0.32834 0)
(0.961497 0.321143 0)
(0.970743 0.314378 0)
(0.979445 0.307521 0)
(0.987656 0.300558 0)
(0.995413 0.293558 0)
(1.00274 0.286544 0)
(1.00967 0.279526 0)
(1.01621 0.272513 0)
(1.02239 0.265521 0)
(1.02823 0.258564 0)
(1.03372 0.251653 0)
(1.0389 0.244798 0)
(1.04375 0.238006 0)
(1.04831 0.231283 0)
(1.05256 0.224636 0)
(1.05652 0.218067 0)
(1.0602 0.21158 0)
(1.06361 0.205177 0)
(1.06676 0.198859 0)
(1.06967 0.192628 0)
(1.07233 0.186484 0)
(1.07233 0.186484 0)
)
;
    }
}


// ************************************************************************* //
