/*--------------------------------*- C++ -*----------------------------------*\
  =========                 |
  \\      /  F ield         | OpenFOAM: The Open Source CFD Toolbox
   \\    /   O peration     | Website:  https://openfoam.org
    \\  /    A nd           | Version:  7
     \\/     M anipulation  |
\*---------------------------------------------------------------------------*/
FoamFile
{
    version     2.0;
    format      ascii;
    class       volScalarField;
    location    "41";
    object      p;
}
// * * * * * * * * * * * * * * * * * * * * * * * * * * * * * * * * * * * * * //

dimensions      [0 2 -2 0 0 0 0];

internalField   nonuniform List<scalar> 
1062
(
-0.170062
-0.152133
-0.160874
-0.152731
-0.14407
-0.135084
-0.125955
-0.116843
-0.107877
-0.0991552
-0.0907419
-0.0826806
-0.0749983
-0.160929
-0.152767
-0.144089
-0.135088
-0.125948
-0.116827
-0.107856
-0.0991303
-0.0907157
-0.0826542
-0.0749723
-0.161034
-0.152836
-0.144125
-0.135096
-0.125933
-0.116796
-0.107813
-0.0990821
-0.0906651
-0.0826032
-0.0749219
-0.161187
-0.152936
-0.144178
-0.135108
-0.125911
-0.11675
-0.107752
-0.099012
-0.0905915
-0.0825293
-0.074849
-0.161383
-0.153065
-0.144244
-0.135121
-0.125882
-0.11669
-0.107672
-0.0989213
-0.0904965
-0.0824339
-0.074755
-0.16162
-0.15322
-0.144324
-0.135136
-0.125846
-0.116616
-0.107575
-0.0988111
-0.0903814
-0.0823186
-0.0746414
-0.161894
-0.153398
-0.144415
-0.135152
-0.125802
-0.116529
-0.10746
-0.0986823
-0.0902474
-0.0821847
-0.0745097
-0.162203
-0.153598
-0.144515
-0.135167
-0.12575
-0.116429
-0.107329
-0.098536
-0.0900956
-0.0820334
-0.0743612
-0.162543
-0.153818
-0.144624
-0.135181
-0.125689
-0.116315
-0.107183
-0.0983728
-0.0899271
-0.081866
-0.0741971
-0.162912
-0.154054
-0.144739
-0.135193
-0.12562
-0.116189
-0.107021
-0.0981936
-0.0897428
-0.0816835
-0.0740186
-0.163308
-0.154306
-0.144859
-0.135202
-0.125541
-0.116049
-0.106844
-0.0979991
-0.0895438
-0.0814872
-0.0738269
-0.163728
-0.154571
-0.144983
-0.135206
-0.125452
-0.115896
-0.106652
-0.09779
-0.089331
-0.0812779
-0.073623
-0.164169
-0.154848
-0.145109
-0.135205
-0.125353
-0.115729
-0.106446
-0.0975668
-0.0891051
-0.0810567
-0.0734081
-0.164631
-0.155135
-0.145237
-0.135199
-0.125243
-0.115549
-0.106225
-0.0973302
-0.088867
-0.0808246
-0.0731829
-0.16511
-0.15543
-0.145364
-0.135185
-0.125121
-0.115356
-0.105991
-0.0970807
-0.0886175
-0.0805824
-0.0729486
-0.165605
-0.155732
-0.145489
-0.135164
-0.124988
-0.115148
-0.105744
-0.096819
-0.0883573
-0.0803311
-0.0727061
-0.166114
-0.156039
-0.145612
-0.135134
-0.124843
-0.114928
-0.105483
-0.0965455
-0.0880872
-0.0800714
-0.0724561
-0.166636
-0.156351
-0.145732
-0.135095
-0.124684
-0.114693
-0.105209
-0.0962608
-0.0878079
-0.0798042
-0.0721995
-0.167169
-0.156665
-0.145846
-0.135046
-0.124513
-0.114445
-0.104922
-0.0959654
-0.0875201
-0.0795302
-0.0719372
-0.167711
-0.15698
-0.145955
-0.134987
-0.124328
-0.114183
-0.104622
-0.0956599
-0.0872244
-0.0792503
-0.0716698
-0.157296
-0.146058
-0.134916
-0.124129
-0.113907
-0.104311
-0.0953447
-0.0869216
-0.0789652
-0.0713981
-0.157612
-0.146153
-0.134833
-0.123917
-0.113618
-0.103987
-0.0950203
-0.0866122
-0.0786755
-0.0711229
-0.157926
-0.14624
-0.134738
-0.12369
-0.113314
-0.103652
-0.0946874
-0.086297
-0.0783819
-0.0708447
-0.158237
-0.146319
-0.13463
-0.123448
-0.112997
-0.103306
-0.0943463
-0.0859765
-0.0780852
-0.0705643
-0.158545
-0.146387
-0.13451
-0.123192
-0.112667
-0.102948
-0.0939976
-0.0856513
-0.077786
-0.0702823
-0.158849
-0.146446
-0.134375
-0.122921
-0.112323
-0.10258
-0.0936418
-0.0853221
-0.0774848
-0.0699991
-0.159149
-0.146494
-0.134226
-0.122635
-0.111966
-0.102201
-0.0932793
-0.0849894
-0.0771823
-0.0697155
-0.159443
-0.146531
-0.134064
-0.122334
-0.111596
-0.101813
-0.0929109
-0.0846537
-0.076879
-0.0694319
-0.159731
-0.146557
-0.133887
-0.122019
-0.111212
-0.101415
-0.0925368
-0.0843158
-0.0765756
-0.0691489
-0.160013
-0.146571
-0.133695
-0.121688
-0.110817
-0.101008
-0.0921577
-0.0839761
-0.0762725
-0.0688669
-0.160287
-0.146572
-0.133489
-0.121343
-0.110409
-0.100592
-0.0917741
-0.0836351
-0.0759703
-0.0685864
-0.160555
-0.146562
-0.133269
-0.120983
-0.109989
-0.100168
-0.0913866
-0.0832935
-0.0756694
-0.0683079
-0.160815
-0.146539
-0.133034
-0.120609
-0.109558
-0.0997369
-0.0909957
-0.0829517
-0.0753704
-0.0680318
-0.161067
-0.146503
-0.132785
-0.120221
-0.109115
-0.0992985
-0.0906019
-0.0826102
-0.0750737
-0.0677584
-0.16131
-0.146455
-0.132522
-0.11982
-0.108663
-0.0988537
-0.0902059
-0.0822696
-0.0747797
-0.0674882
-0.161546
-0.146395
-0.132245
-0.119407
-0.108201
-0.0984033
-0.0898083
-0.0819304
-0.0744889
-0.0672216
-0.161772
-0.146323
-0.131956
-0.118982
-0.107731
-0.097948
-0.0894097
-0.081593
-0.0742015
-0.0669588
-0.161991
-0.14624
-0.131656
-0.118546
-0.107253
-0.0974888
-0.0890108
-0.0812579
-0.0739179
-0.0667001
-0.1622
-0.146146
-0.131344
-0.118101
-0.106769
-0.0970265
-0.0886121
-0.0809255
-0.0736385
-0.0664458
-0.162401
-0.146043
-0.131024
-0.117648
-0.106279
-0.0965622
-0.0882144
-0.0805963
-0.0733634
-0.0661961
-0.162594
-0.14593
-0.130695
-0.117189
-0.105786
-0.0960968
-0.0878184
-0.0802705
-0.0730928
-0.0659511
-0.162778
-0.14581
-0.13036
-0.116726
-0.105291
-0.0956316
-0.0874246
-0.0799484
-0.0728269
-0.0657111
-0.162954
-0.145684
-0.130021
-0.116259
-0.104795
-0.0951678
-0.0870337
-0.0796305
-0.0725658
-0.0654761
-0.163123
-0.145553
-0.129679
-0.115793
-0.104301
-0.0947064
-0.0866463
-0.0793168
-0.0723095
-0.065246
-0.163283
-0.145418
-0.129337
-0.115328
-0.103809
-0.0942488
-0.0862632
-0.0790076
-0.0720579
-0.0650211
-0.163437
-0.145282
-0.128997
-0.114867
-0.103323
-0.0937961
-0.0858848
-0.0787031
-0.0718112
-0.0648011
-0.163583
-0.145145
-0.128662
-0.114413
-0.102843
-0.0933495
-0.0855117
-0.0784034
-0.0715691
-0.0645861
-0.163723
-0.14501
-0.128332
-0.113967
-0.102371
-0.0929103
-0.0851445
-0.0781085
-0.0713315
-0.0643759
-0.163856
-0.144878
-0.128011
-0.113532
-0.10191
-0.0924796
-0.0847837
-0.0778186
-0.0710983
-0.0641704
-0.163984
-0.144751
-0.127701
-0.113109
-0.10146
-0.0920583
-0.0844297
-0.0775336
-0.0708695
-0.0639694
-0.164106
-0.144629
-0.127402
-0.112701
-0.101024
-0.0916474
-0.084083
-0.0772538
-0.0706446
-0.0637728
-0.164222
-0.144514
-0.127117
-0.112308
-0.100602
-0.0912479
-0.0837439
-0.076979
-0.0704238
-0.0635804
-0.164334
-0.144406
-0.126846
-0.111933
-0.100196
-0.0908604
-0.0834128
-0.0767093
-0.0702067
-0.0633921
-0.16444
-0.144306
-0.126592
-0.111576
-0.0998061
-0.0904857
-0.08309
-0.0764448
-0.0699933
-0.0632075
-0.164541
-0.144215
-0.126353
-0.111238
-0.0994336
-0.0901242
-0.0827757
-0.0761853
-0.0697832
-0.0630265
-0.164637
-0.144131
-0.126131
-0.110919
-0.0990788
-0.0897761
-0.08247
-0.0759308
-0.0695762
-0.0628487
-0.16473
-0.144059
-0.125927
-0.110622
-0.0987433
-0.0894429
-0.0821739
-0.075682
-0.069373
-0.0626746
-0.16483
-0.144005
-0.125747
-0.110349
-0.0984295
-0.0891272
-0.0818905
-0.0754425
-0.0691771
-0.0625076
-0.164928
-0.143955
-0.125576
-0.110089
-0.0981282
-0.0888224
-0.081616
-0.07521
-0.0689869
-0.0623455
-0.164887
-0.143805
-0.125339
-0.109787
-0.0977997
-0.0884946
-0.0813156
-0.0749464
-0.0687624
-0.0621501
-0.186211
-0.164647
-0.143569
-0.125103
-0.109539
-0.0975375
-0.0882171
-0.0810332
-0.0746702
-0.0685071
-0.0619238
-0.185651
-0.164069
-0.142999
-0.124571
-0.109054
-0.0971096
-0.0878389
-0.0806993
-0.0743696
-0.0682342
-0.0616724
-0.184976
-0.163368
-0.14231
-0.123939
-0.108497
-0.0966366
-0.0874392
-0.0803597
-0.0740695
-0.06796
-0.061413
-0.184354
-0.162726
-0.141684
-0.123365
-0.10799
-0.0962043
-0.0870703
-0.0800425
-0.0737864
-0.0677001
-0.0611673
-0.18376
-0.16212
-0.141097
-0.122829
-0.107515
-0.0957958
-0.0867171
-0.0797344
-0.0735085
-0.067444
-0.0609262
-0.183169
-0.161525
-0.140524
-0.122309
-0.107055
-0.0953986
-0.0863711
-0.0794299
-0.0732318
-0.0671885
-0.0606861
-0.182583
-0.16094
-0.139966
-0.121805
-0.10661
-0.0950135
-0.0860334
-0.07913
-0.0729574
-0.0669341
-0.0604474
-0.182005
-0.16037
-0.139427
-0.121321
-0.106183
-0.0946427
-0.0857054
-0.0788358
-0.0726858
-0.0666815
-0.0602106
-0.181436
-0.159815
-0.138908
-0.120857
-0.105775
-0.0942867
-0.0853875
-0.0785472
-0.0724171
-0.0664305
-0.0599757
-0.180876
-0.159276
-0.138409
-0.120415
-0.105386
-0.0939459
-0.0850798
-0.0782645
-0.0721512
-0.0661812
-0.0597428
-0.180325
-0.158753
-0.137931
-0.119994
-0.105017
-0.0936206
-0.0847827
-0.0779876
-0.0718882
-0.0659334
-0.0595116
-0.179784
-0.158246
-0.137473
-0.119596
-0.104668
-0.0933114
-0.0844963
-0.0777167
-0.071628
-0.0656871
-0.0592823
-0.179253
-0.157757
-0.137038
-0.119221
-0.10434
-0.0930185
-0.0842211
-0.077452
-0.0713707
-0.0654424
-0.0590547
-0.178733
-0.157285
-0.136624
-0.118869
-0.104034
-0.0927426
-0.0839572
-0.0771937
-0.0711164
-0.0651991
-0.0588289
-0.178223
-0.156831
-0.136233
-0.11854
-0.103749
-0.092484
-0.0837051
-0.0769418
-0.070865
-0.0649573
-0.0586048
-0.177724
-0.156395
-0.135866
-0.118237
-0.103487
-0.092243
-0.0834649
-0.0766966
-0.0706166
-0.0647169
-0.0583824
-0.177236
-0.155977
-0.135521
-0.117957
-0.103247
-0.0920201
-0.083237
-0.0764582
-0.0703713
-0.0644779
-0.0581617
-0.17676
-0.155579
-0.135201
-0.117704
-0.103031
-0.0918156
-0.0830217
-0.0762268
-0.0701292
-0.0642403
-0.0579425
-0.176297
-0.155199
-0.134904
-0.117475
-0.102838
-0.0916298
-0.082819
-0.0760025
-0.0698902
-0.064004
-0.057725
-0.175845
-0.154839
-0.134632
-0.117272
-0.102669
-0.091463
-0.0826294
-0.0757854
-0.0696544
-0.0637692
-0.057509
-0.175407
-0.154499
-0.134385
-0.117096
-0.102524
-0.0913155
-0.082453
-0.0755757
-0.069422
-0.0635358
-0.0572946
-0.174981
-0.154178
-0.134162
-0.116945
-0.102404
-0.0911874
-0.0822899
-0.0753735
-0.0691929
-0.0633038
-0.0570818
-0.174569
-0.153878
-0.133964
-0.116821
-0.102307
-0.0910788
-0.0821403
-0.075179
-0.0689673
-0.0630733
-0.0568705
-0.174171
-0.153598
-0.133792
-0.116723
-0.102236
-0.09099
-0.0820043
-0.0749921
-0.0687453
-0.0628443
-0.056661
-0.173788
-0.153339
-0.133644
-0.116652
-0.102188
-0.0909208
-0.081882
-0.0748132
-0.068527
-0.062617
-0.0564532
-0.173419
-0.153101
-0.133522
-0.116607
-0.102165
-0.0908713
-0.0817733
-0.0746422
-0.0683124
-0.0623915
-0.0562473
-0.173066
-0.152884
-0.133425
-0.116589
-0.102166
-0.0908413
-0.0816783
-0.0744792
-0.0681018
-0.062168
-0.0560433
-0.172729
-0.152688
-0.133353
-0.116596
-0.102192
-0.0908306
-0.081597
-0.0743242
-0.0678954
-0.0619465
-0.0558416
-0.172408
-0.152514
-0.133306
-0.116629
-0.10224
-0.0908391
-0.0815291
-0.0741774
-0.0676931
-0.0617275
-0.0556422
-0.172105
-0.152361
-0.133284
-0.116688
-0.102312
-0.0908663
-0.0814745
-0.0740389
-0.0674953
-0.061511
-0.0554455
-0.171819
-0.15223
-0.133287
-0.116771
-0.102407
-0.090912
-0.0814332
-0.0739101
-0.0673023
-0.0612975
-0.0552518
-0.171552
-0.152121
-0.133314
-0.116879
-0.102524
-0.0909755
-0.0814066
-0.0737907
-0.0671153
-0.0610871
-0.0550613
-0.171303
-0.152034
-0.133365
-0.117011
-0.102662
-0.0910562
-0.0813941
-0.0736662
-0.0669342
-0.0608804
-0.0548744
-0.171074
-0.15197
-0.133439
-0.117166
-0.102821
-0.091154
-0.0813818
-0.073563
-0.0667467
-0.0606778
-0.0546916
-0.170865
-0.151927
-0.133537
-0.117343
-0.102999
-0.0912733
-0.0813928
-0.0734682
-0.0665771
-0.0604808
-0.0545133
-0.170677
-0.151907
-0.133657
-0.117542
-0.103197
-0.0914146
-0.0814157
-0.0733802
-0.0664132
-0.0602898
-0.05434
-0.170509
-0.151908
-0.1338
-0.117761
-0.103413
-0.0915038
-0.081448
-0.0733001
-0.0662546
-0.060102
-0.0541721
-0.170364
-0.151932
-0.133964
-0.118
-0.103646
-0.091674
-0.081491
-0.0732286
-0.0661025
-0.059923
-0.0540101
-0.170241
-0.151978
-0.134149
-0.118259
-0.103895
-0.0918509
-0.0815446
-0.0731658
-0.0659577
-0.0597493
-0.0538546
-0.17014
-0.152045
-0.134354
-0.118535
-0.104159
-0.0920346
-0.0816085
-0.0731117
-0.0658206
-0.0595814
-0.0537061
)
;

boundaryField
{
    inlet
    {
        type            zeroGradient;
    }
    outlet
    {
        type            fixedValue;
        value           nonuniform 0();
    }
    cylinder
    {
        type            zeroGradient;
    }
    top
    {
        type            symmetryPlane;
    }
    bottom
    {
        type            symmetryPlane;
    }
    defaultFaces
    {
        type            empty;
    }
    procBoundary12to11
    {
        type            processor;
        value           nonuniform List<scalar> 
102
(
-0.16831
-0.168384
-0.168527
-0.168734
-0.169
-0.169322
-0.169696
-0.170118
-0.170583
-0.17109
-0.171635
-0.172216
-0.172828
-0.173471
-0.174141
-0.174836
-0.175555
-0.176294
-0.177054
-0.177831
-0.168261
-0.168261
-0.168819
-0.169382
-0.16995
-0.170521
-0.171096
-0.171672
-0.172249
-0.172827
-0.173404
-0.173981
-0.174556
-0.175128
-0.175698
-0.176265
-0.176828
-0.177386
-0.177939
-0.178486
-0.179025
-0.179556
-0.180077
-0.180587
-0.181086
-0.18157
-0.182039
-0.182493
-0.182928
-0.183345
-0.183742
-0.184119
-0.184475
-0.18481
-0.185123
-0.185414
-0.185683
-0.185932
-0.186176
-0.186408
-0.186467
-0.186467
-0.207359
-0.206853
-0.206257
-0.205701
-0.20516
-0.204616
-0.20407
-0.203525
-0.20298
-0.202437
-0.201895
-0.201354
-0.200816
-0.200279
-0.199745
-0.199214
-0.198686
-0.198162
-0.197643
-0.197128
-0.196618
-0.196114
-0.195616
-0.195125
-0.194643
-0.194169
-0.193705
-0.19325
-0.192807
-0.192377
-0.19196
-0.191558
-0.191171
-0.1908
-0.190448
-0.190114
-0.1898
-0.189507
-0.189236
-0.188988
)
;
    }
    procBoundary12to13
    {
        type            processor;
        value           nonuniform List<scalar> 
99
(
-0.0677149
-0.0676893
-0.0676399
-0.0675683
-0.0674761
-0.0673647
-0.0672357
-0.0670902
-0.0669296
-0.066755
-0.0665677
-0.0663686
-0.0661587
-0.0659392
-0.0657108
-0.0654746
-0.0652312
-0.0649816
-0.0647265
-0.0644666
-0.0642027
-0.0639353
-0.0636651
-0.0633927
-0.0631187
-0.0628436
-0.062568
-0.0622922
-0.0620168
-0.0617422
-0.0614688
-0.061197
-0.0609273
-0.06066
-0.0603954
-0.0601339
-0.0598758
-0.0596215
-0.0593712
-0.0591251
-0.0588836
-0.0586468
-0.0584149
-0.0581882
-0.0579666
-0.0577503
-0.0575394
-0.057334
-0.0571338
-0.0569391
-0.0567496
-0.0565653
-0.0563861
-0.0562118
-0.0560423
-0.055877
-0.0557167
-0.0555639
-0.0554159
-0.0552394
-0.0550458
-0.0548144
-0.054568
-0.0543352
-0.0541088
-0.0538843
-0.053662
-0.0534425
-0.0532259
-0.0530121
-0.0528012
-0.0525932
-0.0523882
-0.052186
-0.0519867
-0.0517903
-0.0515969
-0.0514063
-0.0512186
-0.0510338
-0.0508519
-0.0506729
-0.0504969
-0.0503239
-0.0501539
-0.0499871
-0.0498237
-0.0496636
-0.0495071
-0.0493545
-0.0492059
-0.0490615
-0.0489218
-0.0487869
-0.0486573
-0.0485332
-0.0484151
-0.0483032
-0.0481981
)
;
    }
    procBoundary12to27
    {
        type            processor;
        value           uniform -0.188763;
    }
    procBoundary12to28
    {
        type            processor;
        value           nonuniform List<scalar> 
12
(
-0.170006
-0.134578
-0.152243
-0.134578
-0.118828
-0.104437
-0.0922296
-0.0816823
-0.0730663
-0.0656915
-0.059421
-0.0535652
)
;
    }
    procBoundary12to29
    {
        type            processor;
        value           uniform -0.0481002;
    }
}


// ************************************************************************* //
