/*--------------------------------*- C++ -*----------------------------------*\
  =========                 |
  \\      /  F ield         | OpenFOAM: The Open Source CFD Toolbox
   \\    /   O peration     | Website:  https://openfoam.org
    \\  /    A nd           | Version:  7
     \\/     M anipulation  |
\*---------------------------------------------------------------------------*/
FoamFile
{
    version     2.0;
    format      ascii;
    class       volScalarField;
    location    "99";
    object      p;
}
// * * * * * * * * * * * * * * * * * * * * * * * * * * * * * * * * * * * * * //

dimensions      [0 2 -2 0 0 0 0];

internalField   nonuniform List<scalar> 
1063
(
0.121732
0.122247
0.123281
0.12475
0.126634
0.128896
0.131514
0.134457
0.137703
0.141217
0.121319
0.12182
0.122827
0.124257
0.126089
0.128285
0.130821
0.133665
0.136792
0.140165
0.120887
0.121375
0.122353
0.123741
0.125517
0.12764
0.130088
0.132825
0.135825
0.139048
0.120435
0.120909
0.121856
0.1232
0.124915
0.126964
0.129318
0.131944
0.13481
0.137877
0.119963
0.120421
0.121337
0.122634
0.124288
0.126258
0.128516
0.131026
0.133756
0.136662
0.11947
0.119912
0.120794
0.122044
0.123633
0.125523
0.127682
0.130074
0.132663
0.135405
0.118955
0.119381
0.120229
0.121429
0.122952
0.124758
0.126815
0.129085
0.13153
0.134104
0.118418
0.118826
0.119639
0.120788
0.122243
0.123963
0.125915
0.128059
0.130357
0.132759
0.117858
0.118249
0.119025
0.120121
0.121505
0.123136
0.124981
0.126997
0.129144
0.131371
0.117275
0.117647
0.118386
0.119427
0.120738
0.122279
0.124012
0.125897
0.12789
0.129939
0.116668
0.117021
0.117721
0.118706
0.119942
0.121389
0.12301
0.12476
0.126597
0.128465
0.116037
0.11637
0.11703
0.117957
0.119117
0.120468
0.121973
0.123587
0.125264
0.12695
0.11538
0.115694
0.116313
0.11718
0.118261
0.119515
0.120901
0.122376
0.123892
0.125393
0.114699
0.114992
0.115569
0.116375
0.117375
0.118529
0.119795
0.121129
0.122482
0.123797
0.113991
0.114263
0.114797
0.115541
0.116459
0.117511
0.118655
0.119846
0.121034
0.122163
0.113258
0.113508
0.113998
0.114678
0.115513
0.116461
0.117482
0.118528
0.11955
0.120491
0.112498
0.112726
0.113171
0.113787
0.114536
0.115379
0.116275
0.117175
0.118031
0.118785
0.111712
0.111917
0.112317
0.112866
0.113529
0.114266
0.115035
0.115789
0.116478
0.117045
0.110899
0.111081
0.111434
0.111917
0.112492
0.113122
0.113763
0.11437
0.114892
0.115274
0.11006
0.110218
0.110524
0.110938
0.111426
0.111947
0.11246
0.11292
0.113276
0.113474
0.109193
0.109328
0.109586
0.109932
0.11033
0.110742
0.111128
0.111441
0.111632
0.111647
0.1083
0.108411
0.108621
0.108897
0.109205
0.109509
0.109766
0.109933
0.109961
0.109797
0.107381
0.107467
0.107629
0.107835
0.108053
0.108247
0.108377
0.108399
0.108265
0.107926
0.106435
0.106497
0.10661
0.106746
0.106874
0.106959
0.106962
0.10684
0.106548
0.106036
0.105464
0.105501
0.105566
0.105632
0.10567
0.105646
0.105523
0.105259
0.104811
0.104132
0.104468
0.10448
0.104496
0.104492
0.10444
0.104309
0.104061
0.103658
0.103058
0.102216
0.103448
0.103435
0.103402
0.103328
0.103187
0.102949
0.102579
0.10204
0.101291
0.100291
0.102403
0.102366
0.102285
0.102141
0.101912
0.101569
0.101079
0.100407
0.0995138
0.0983619
0.101337
0.101275
0.101145
0.100933
0.100617
0.100171
0.0995633
0.098761
0.097729
0.0964313
0.100249
0.100163
0.0999855
0.0997057
0.0993043
0.0987565
0.0980341
0.0971061
0.09594
0.0945031
0.0991411
0.0990306
0.0988066
0.0984602
0.0979747
0.0973281
0.0964942
0.0954448
0.0941502
0.0925809
0.0980148
0.0978805
0.0976104
0.0971986
0.0966311
0.0958882
0.0949465
0.0937803
0.0923631
0.0906687
0.0968717
0.096714
0.0963989
0.0959231
0.0952756
0.0944395
0.0933939
0.092116
0.0905823
0.0887702
0.0957137
0.0955332
0.095174
0.0946359
0.093911
0.0929848
0.0918394
0.090455
0.0888113
0.0868891
0.094543
0.0943401
0.0939381
0.0933397
0.0925398
0.0915271
0.0902864
0.088801
0.0870539
0.0850294
0.0933618
0.0931373
0.0926938
0.092037
0.091165
0.0900694
0.0887381
0.0871574
0.0853138
0.0831948
0.0921727
0.0919271
0.0914436
0.0907307
0.0897897
0.0886151
0.087198
0.085528
0.0835946
0.0813891
0.0909783
0.0907125
0.0901906
0.0894239
0.088417
0.0871676
0.0856697
0.0839163
0.0819002
0.0796159
0.0897817
0.0894965
0.0889378
0.0881198
0.0870504
0.0857303
0.0841569
0.0823261
0.0802343
0.0778791
0.088586
0.0882823
0.0876885
0.086822
0.0856934
0.0843071
0.0826633
0.0807613
0.0786006
0.0761822
0.0873947
0.0870733
0.0864464
0.0855339
0.0843499
0.0829017
0.0811929
0.0792258
0.077003
0.0745287
0.0862113
0.0858733
0.0852151
0.0842595
0.0830236
0.0815181
0.0797495
0.0777233
0.0754452
0.0729223
0.0850399
0.0846861
0.0839987
0.0830028
0.0817187
0.0801603
0.0783372
0.0762579
0.0739309
0.0713662
0.0838844
0.083516
0.0828012
0.0817679
0.0804395
0.0788327
0.0769602
0.0748335
0.0724639
0.0698641
0.0827493
0.0823673
0.0816272
0.0805594
0.0791902
0.0775395
0.0756227
0.0734542
0.0710479
0.0684191
0.0816392
0.0812446
0.0804812
0.0793819
0.0779756
0.0762852
0.074329
0.072124
0.0696867
0.0670346
0.080559
0.0801528
0.0793681
0.0782401
0.0768003
0.0750744
0.0730835
0.0708471
0.0683841
0.0657139
0.0795138
0.079097
0.078293
0.0771391
0.0756693
0.0739119
0.0718908
0.0696277
0.0671438
0.0644604
0.0785089
0.0780826
0.0772612
0.076084
0.0745876
0.0728027
0.0707556
0.0684701
0.0659697
0.0632773
0.0775501
0.0771151
0.0762783
0.0750805
0.0735606
0.0717518
0.0696825
0.0673788
0.0648658
0.0621682
0.0766431
0.0762005
0.07535
0.0741341
0.0725938
0.0707644
0.0686766
0.0663582
0.0638361
0.0611364
0.0757942
0.0753449
0.0744824
0.0732508
0.0716929
0.0698462
0.067743
0.0654132
0.0628849
0.0601857
0.0750098
0.0745547
0.0736818
0.0724367
0.070864
0.0690027
0.0668871
0.0645486
0.0620166
0.0593199
0.056486
0.0742967
0.0738365
0.0729548
0.0716984
0.0701131
0.0682399
0.0661145
0.0637696
0.061236
0.0585431
0.0557194
0.0736619
0.0731974
0.0723083
0.0710425
0.069447
0.0675641
0.0654311
0.0630818
0.0605479
0.0578598
0.0550464
0.0731127
0.0726447
0.0717496
0.0704761
0.0688724
0.0669819
0.0648432
0.062491
0.0599578
0.0572748
0.0544713
0.0726567
0.0721859
0.071286
0.0700066
0.0683965
0.0665003
0.0643574
0.0620034
0.0594715
0.0567934
0.0539988
0.072302
0.0718291
0.0709256
0.0696418
0.0680271
0.0661267
0.0639809
0.0616259
0.0590955
0.0564215
0.0536342
0.0720569
0.0715824
0.0706765
0.0693898
0.067772
0.065869
0.0637214
0.0613659
0.0588366
0.0561658
0.0533837
0.07193
0.0714545
0.0705474
0.0692593
0.06764
0.0657356
0.0635871
0.0612314
0.0587028
0.0560337
0.0532544
0.134661
0.137447
0.14072
0.144474
0.148714
0.153445
0.158679
0.164427
0.128688
0.129295
0.130536
0.132303
0.134596
0.137379
0.140648
0.144398
0.148633
0.153358
0.158585
0.164325
0.128624
0.12923
0.130469
0.132234
0.134524
0.137303
0.140568
0.144312
0.148541
0.153259
0.158478
0.164208
0.128554
0.129158
0.130395
0.132157
0.134444
0.137219
0.140478
0.144217
0.148439
0.153148
0.158358
0.164077
0.128477
0.12908
0.130314
0.132074
0.134357
0.137127
0.140381
0.144112
0.148326
0.153026
0.158224
0.16393
0.128394
0.128995
0.130227
0.131983
0.134262
0.137028
0.140274
0.143999
0.148203
0.152892
0.158077
0.163768
0.128305
0.128904
0.130134
0.131886
0.13416
0.13692
0.14016
0.143875
0.14807
0.152747
0.157918
0.163591
0.128209
0.128806
0.130033
0.131782
0.134051
0.136805
0.140036
0.143743
0.147926
0.15259
0.157745
0.163399
0.128107
0.128702
0.129926
0.13167
0.133934
0.136681
0.139905
0.143601
0.147773
0.152421
0.157559
0.163192
0.127999
0.128592
0.129813
0.131552
0.13381
0.13655
0.139765
0.14345
0.147609
0.152242
0.157361
0.162971
0.127885
0.128475
0.129693
0.131427
0.133679
0.136412
0.139617
0.143291
0.147435
0.152051
0.157149
0.162735
0.127764
0.128352
0.129566
0.131295
0.133541
0.136265
0.13946
0.143122
0.147251
0.151849
0.156925
0.162484
0.127637
0.128223
0.129433
0.131157
0.133396
0.136111
0.139295
0.142944
0.147057
0.151636
0.156688
0.162219
0.127505
0.128088
0.129294
0.131013
0.133246
0.135949
0.139123
0.142757
0.146853
0.151411
0.156439
0.16194
0.127366
0.127946
0.129148
0.130861
0.133083
0.13578
0.138942
0.142562
0.14664
0.151176
0.156178
0.161646
0.127221
0.127799
0.128996
0.130704
0.132916
0.135604
0.138753
0.142357
0.146417
0.15093
0.155904
0.161338
0.12707
0.127645
0.128838
0.130539
0.132744
0.13542
0.138556
0.142145
0.146184
0.150673
0.155618
0.161017
0.126913
0.127485
0.128673
0.130369
0.132561
0.13523
0.138352
0.141923
0.145942
0.150406
0.155319
0.160681
0.12675
0.12732
0.128503
0.130192
0.132364
0.135031
0.13814
0.141694
0.145691
0.150128
0.155009
0.160332
0.126581
0.127149
0.128327
0.13001
0.132197
0.134826
0.13792
0.141456
0.14543
0.14984
0.154688
0.126407
0.126972
0.128145
0.129821
0.13199
0.134613
0.137693
0.141209
0.145161
0.149542
0.154354
0.126227
0.126789
0.127956
0.129625
0.131783
0.134395
0.137459
0.140955
0.144882
0.149233
0.154009
0.126041
0.1266
0.127763
0.129424
0.131571
0.13417
0.137217
0.140693
0.144595
0.148915
0.153653
0.125849
0.126406
0.127563
0.129216
0.131353
0.133938
0.136968
0.140423
0.144299
0.148587
0.153286
0.125652
0.126206
0.127358
0.129003
0.131129
0.1337
0.136713
0.140145
0.143994
0.148249
0.152907
0.125449
0.126001
0.127147
0.128783
0.130899
0.133455
0.13645
0.13986
0.143681
0.147902
0.152518
0.125241
0.125791
0.126931
0.128554
0.130662
0.133204
0.13618
0.139567
0.143359
0.147545
0.152118
0.125028
0.125575
0.12671
0.128332
0.13042
0.132947
0.135904
0.139267
0.14303
0.147179
0.151708
0.124809
0.125354
0.126483
0.128094
0.130172
0.132684
0.135621
0.13896
0.142692
0.146804
0.151287
0.124585
0.125128
0.126251
0.127851
0.129919
0.132415
0.135332
0.138645
0.142347
0.146421
0.150856
0.124356
0.124897
0.126013
0.127605
0.12966
0.132141
0.135036
0.138324
0.141994
0.146028
0.150416
0.124122
0.124661
0.12577
0.127353
0.129396
0.13186
0.134735
0.137996
0.141633
0.145627
0.149965
0.123882
0.12442
0.125526
0.127097
0.129127
0.131574
0.134427
0.137661
0.141265
0.145218
0.149505
0.123638
0.124174
0.125273
0.126836
0.128852
0.131282
0.134113
0.13732
0.14089
0.144801
0.149036
0.123389
0.123924
0.125016
0.12657
0.128573
0.130985
0.133794
0.136973
0.140508
0.144376
0.148557
0.123135
0.123669
0.124754
0.126299
0.128288
0.130683
0.133468
0.136619
0.140118
0.143942
0.148069
0.122877
0.123409
0.124489
0.126023
0.127999
0.130376
0.133138
0.136259
0.139721
0.1435
0.147572
0.122614
0.123145
0.124219
0.125745
0.127707
0.130067
0.132806
0.135899
0.139326
0.143061
0.147077
0.122346
0.122878
0.123946
0.125464
0.127413
0.129756
0.132474
0.135539
0.138932
0.142623
0.146586
0.122073
0.122602
0.123661
0.125164
0.127094
0.129411
0.132097
0.135124
0.138468
0.142102
0.145993
)
;

boundaryField
{
    inlet
    {
        type            zeroGradient;
    }
    outlet
    {
        type            fixedValue;
        value           nonuniform 0();
    }
    cylinder
    {
        type            zeroGradient;
    }
    top
    {
        type            symmetryPlane;
    }
    bottom
    {
        type            symmetryPlane;
    }
    defaultFaces
    {
        type            empty;
    }
    procBoundary16to0
    {
        type            processor;
        value           nonuniform List<scalar> 
13
(
0.128746
0.129354
0.130596
0.132366
0.132366
0.134718
0.137508
0.140783
0.144541
0.148785
0.15352
0.15876
0.164513
)
;
    }
    procBoundary16to1
    {
        type            processor;
        value           uniform 0.170707;
    }
    procBoundary16to17
    {
        type            processor;
        value           nonuniform List<scalar> 
102
(
0.144966
0.144966
0.143749
0.142457
0.141102
0.1397
0.138252
0.136757
0.135214
0.133625
0.131989
0.13031
0.128587
0.126821
0.125016
0.123172
0.121291
0.119377
0.117431
0.115456
0.113455
0.111431
0.109388
0.107328
0.105255
0.103174
0.101087
0.0989982
0.0969122
0.0948326
0.0927634
0.0907087
0.0886724
0.0866585
0.084671
0.0827136
0.0807903
0.0789046
0.0770602
0.0752606
0.0735091
0.0718089
0.0701633
0.0685753
0.0670478
0.0655837
0.0641858
0.0628568
0.0615994
0.0604165
0.0593107
0.058285
0.0573423
0.0573423
0.0535417
0.0527922
0.0521356
0.0515754
0.051116
0.0507619
0.0505189
0.0503935
0.170597
0.170469
0.170324
0.170162
0.169982
0.169784
0.16957
0.169338
0.169089
0.168824
0.168541
0.168242
0.167926
0.167593
0.167244
0.166879
0.166498
0.166101
0.159969
0.159969
0.159593
0.159203
0.158801
0.158385
0.157957
0.157517
0.157064
0.156599
0.156122
0.155634
0.155134
0.154622
0.1541
0.153567
0.153023
0.152467
0.151901
0.151339
0.150781
0.150101
)
;
    }
}


// ************************************************************************* //
