/*--------------------------------*- C++ -*----------------------------------*\
  =========                 |
  \\      /  F ield         | OpenFOAM: The Open Source CFD Toolbox
   \\    /   O peration     | Website:  https://openfoam.org
    \\  /    A nd           | Version:  7
     \\/     M anipulation  |
\*---------------------------------------------------------------------------*/
FoamFile
{
    version     2.0;
    format      ascii;
    class       volScalarField;
    location    "55";
    object      p;
}
// * * * * * * * * * * * * * * * * * * * * * * * * * * * * * * * * * * * * * //

dimensions      [0 2 -2 0 0 0 0];

internalField   nonuniform List<scalar> 
1450
(
-0.172609
-0.182146
-0.190556
-0.19763
-0.14795
-0.159749
-0.170013
-0.179547
-0.187994
-0.195139
-0.145475
-0.157225
-0.167493
-0.177019
-0.185494
-0.192702
-0.1431
-0.154789
-0.165051
-0.174563
-0.183059
-0.190323
-0.140825
-0.15244
-0.16269
-0.172184
-0.180693
-0.188006
-0.138651
-0.150182
-0.160412
-0.169883
-0.178399
-0.185755
-0.136576
-0.148015
-0.158219
-0.167663
-0.17618
-0.183573
-0.134601
-0.145941
-0.156113
-0.165527
-0.17404
-0.181463
-0.132725
-0.143962
-0.154096
-0.163478
-0.171983
-0.17943
-0.130948
-0.142078
-0.15217
-0.161518
-0.17001
-0.177478
-0.12927
-0.140291
-0.150338
-0.15965
-0.168127
-0.17561
-0.127692
-0.138603
-0.148603
-0.157878
-0.166336
-0.17383
-0.126213
-0.137015
-0.146965
-0.156203
-0.164641
-0.172142
-0.124834
-0.135529
-0.145429
-0.154629
-0.163046
-0.170551
-0.123556
-0.134147
-0.143997
-0.15316
-0.161555
-0.16906
-0.12238
-0.132872
-0.142672
-0.151798
-0.160171
-0.167675
-0.121307
-0.131705
-0.141457
-0.150548
-0.158899
-0.166401
-0.120339
-0.130649
-0.140355
-0.149414
-0.157744
-0.165241
-0.119477
-0.129707
-0.139371
-0.148401
-0.15671
-0.164203
-0.118726
-0.128884
-0.13851
-0.147512
-0.155803
-0.163291
-0.118086
-0.128183
-0.137775
-0.146755
-0.15503
-0.162512
-0.117564
-0.127609
-0.137173
-0.146133
-0.154395
-0.161872
-0.117162
-0.127167
-0.13671
-0.145656
-0.153906
-0.16138
-0.116887
-0.126865
-0.136393
-0.145328
-0.153572
-0.161042
-0.116742
-0.126708
-0.136229
-0.14516
-0.1534
-0.160869
-0.0869529
-0.0903682
-0.09377
-0.0971572
-0.0859027
-0.089231
-0.0925469
-0.0958489
-0.0991357
-0.102406
-0.105659
-0.108893
-0.112108
-0.115301
-0.118473
-0.0849003
-0.0881448
-0.0913775
-0.0945971
-0.0978022
-0.100992
-0.104164
-0.107318
-0.110453
-0.113568
-0.116661
-0.119732
-0.12278
-0.125804
-0.128803
-0.131776
-0.0839442
-0.0871077
-0.0902602
-0.0934002
-0.0965264
-0.0996373
-0.102732
-0.105809
-0.108867
-0.111905
-0.114922
-0.117917
-0.120889
-0.123837
-0.126762
-0.12966
-0.132535
-0.135378
-0.138213
-0.141004
-0.0830328
-0.0861184
-0.0891935
-0.0922568
-0.0953067
-0.098342
-0.101361
-0.104363
-0.107347
-0.110311
-0.113254
-0.116175
-0.119075
-0.12195
-0.124801
-0.127627
-0.130429
-0.1332
-0.135961
-0.138679
-0.0821649
-0.0851755
-0.0881761
-0.0911654
-0.0941419
-0.0971041
-0.100051
-0.102981
-0.105892
-0.108785
-0.111657
-0.114507
-0.117336
-0.12014
-0.122922
-0.125677
-0.128409
-0.13111
-0.133799
-0.136447
-0.0813392
-0.0842777
-0.0872067
-0.0901248
-0.0930305
-0.0959224
-0.0987992
-0.101659
-0.104502
-0.107325
-0.110129
-0.112911
-0.115671
-0.118408
-0.121121
-0.123809
-0.126473
-0.129107
-0.131728
-0.134308
-0.0805545
-0.0834237
-0.0862839
-0.0891337
-0.0919714
-0.0947957
-0.0976052
-0.100399
-0.103175
-0.105932
-0.108669
-0.111386
-0.11408
-0.116752
-0.1194
-0.122022
-0.124622
-0.127191
-0.129746
-0.132262
-0.0798096
-0.0826125
-0.0854068
-0.0881909
-0.0909634
-0.0937229
-0.0964678
-0.099197
-0.101909
-0.104603
-0.107277
-0.10993
-0.112562
-0.115171
-0.117756
-0.120316
-0.122853
-0.125361
-0.127853
-0.130307
-0.0791037
-0.0818431
-0.0845742
-0.0872955
-0.0900055
-0.0927028
-0.095386
-0.0980536
-0.100704
-0.103337
-0.10595
-0.108543
-0.111115
-0.113664
-0.116189
-0.11869
-0.121168
-0.123616
-0.126048
-0.128443
-0.0784357
-0.0811144
-0.0837852
-0.0864465
-0.0890968
-0.0917347
-0.0943587
-0.0969674
-0.0995597
-0.102134
-0.104689
-0.107225
-0.109739
-0.11223
-0.114699
-0.117143
-0.119564
-0.121956
-0.124331
-0.12667
-0.077805
-0.0804258
-0.083039
-0.0856431
-0.0882364
-0.0908176
-0.0933852
-0.0959378
-0.0984742
-0.100993
-0.103493
-0.105973
-0.108433
-0.11087
-0.113284
-0.115674
-0.118041
-0.12038
-0.122701
-0.124987
-0.0772107
-0.0797765
-0.0823349
-0.0848845
-0.0874236
-0.0899508
-0.0924647
-0.0949639
-0.0974472
-0.0999132
-0.102361
-0.104789
-0.107196
-0.109581
-0.111945
-0.114283
-0.116599
-0.118887
-0.121158
-0.123394
-0.0766522
-0.0791657
-0.0816722
-0.08417
-0.0866576
-0.0891337
-0.0915966
-0.0940452
-0.0964781
-0.0988941
-0.101292
-0.10367
-0.106028
-0.108365
-0.11068
-0.11297
-0.115238
-0.117479
-0.119701
-0.12189
-0.0761292
-0.0785932
-0.0810505
-0.0834994
-0.0859383
-0.0883658
-0.0907806
-0.0931813
-0.0955666
-0.0979352
-0.100286
-0.102618
-0.10493
-0.10722
-0.109489
-0.111734
-0.113957
-0.116153
-0.118331
-0.120476
-0.0756406
-0.0780583
-0.0804692
-0.0828719
-0.0852649
-0.0876468
-0.0900162
-0.0923718
-0.0947123
-0.0970364
-0.0993431
-0.101631
-0.103899
-0.106147
-0.108373
-0.110576
-0.112757
-0.114911
-0.117047
-0.119151
-0.075186
-0.0775605
-0.079928
-0.0822874
-0.0846373
-0.0869764
-0.0893032
-0.0916165
-0.093915
-0.0961975
-0.0984628
-0.10071
-0.102938
-0.105145
-0.107331
-0.109495
-0.111637
-0.113753
-0.11585
-0.117917
-0.0747664
-0.0771003
-0.0794272
-0.0817461
-0.0840557
-0.0863547
-0.0886418
-0.0909156
-0.0931749
-0.0954186
-0.0976454
-0.0998544
-0.102045
-0.104215
-0.106364
-0.108492
-0.110597
-0.112678
-0.11474
-0.116773
-0.0743825
-0.0766782
-0.0789671
-0.0812482
-0.0835203
-0.085782
-0.0880321
-0.0902692
-0.0924922
-0.0946999
-0.0968913
-0.0990652
-0.101221
-0.103357
-0.105472
-0.107567
-0.109639
-0.111689
-0.113718
-0.11572
-0.0740333
-0.0762937
-0.0785475
-0.0807937
-0.0830311
-0.0852584
-0.0874743
-0.0896777
-0.0918673
-0.094042
-0.0962008
-0.0983426
-0.100466
-0.102571
-0.104656
-0.106721
-0.108764
-0.110784
-0.112785
-0.114759
-0.0737193
-0.0759472
-0.0781689
-0.080383
-0.0825887
-0.0847845
-0.0869692
-0.0891417
-0.0913009
-0.0934456
-0.0955748
-0.0976875
-0.0997828
-0.10186
-0.103917
-0.105955
-0.107972
-0.109967
-0.111942
-0.113893
-0.0734408
-0.0756394
-0.0778317
-0.0800169
-0.0821936
-0.0843609
-0.0865174
-0.0886621
-0.0907938
-0.0929116
-0.0950143
-0.0971011
-0.099171
-0.101223
-0.103257
-0.105271
-0.107265
-0.109238
-0.111191
-0.113121
-0.0731986
-0.0753707
-0.0775369
-0.0796959
-0.0818469
-0.0839886
-0.08612
-0.0882399
-0.0903473
-0.0924412
-0.0945206
-0.0965847
-0.0986325
-0.100663
-0.102676
-0.10467
-0.106645
-0.108599
-0.110534
-0.112447
-0.0729935
-0.0751423
-0.0772853
-0.0794214
-0.0815497
-0.083669
-0.0857783
-0.0878765
-0.0899627
-0.092036
-0.0940954
-0.09614
-0.098169
-0.100182
-0.102177
-0.104155
-0.106114
-0.108053
-0.109974
-0.111874
-0.0728265
-0.0749553
-0.0770783
-0.0791947
-0.0813034
-0.0834034
-0.0854938
-0.0875736
-0.0896419
-0.0916978
-0.0937404
-0.0957689
-0.0977826
-0.0997807
-0.101762
-0.103727
-0.105674
-0.107603
-0.109513
-0.111404
-0.0726999
-0.0748119
-0.0769183
-0.0790182
-0.0811107
-0.0831948
-0.0852696
-0.0873343
-0.089388
-0.0914299
-0.0934592
-0.0954751
-0.097477
-0.099464
-0.101436
-0.103391
-0.10533
-0.107251
-0.109156
-0.111041
-0.0726121
-0.0747106
-0.0768036
-0.0788903
-0.08097
-0.0830416
-0.0851045
-0.0871577
-0.0892005
-0.0912322
-0.093252
-0.0952593
-0.0972533
-0.0992336
-0.101199
-0.10315
-0.105086
-0.107005
-0.108908
-0.110793
-0.0725776
-0.0746661
-0.0767485
-0.0788244
-0.0808932
-0.0829542
-0.0850069
-0.0870503
-0.089084
-0.0911072
-0.0931194
-0.0951199
-0.0971082
-0.0990838
-0.101046
-0.102995
-0.10493
-0.10685
-0.108756
-0.110647
-0.073182
-0.0766361
-0.0800855
-0.083525
-0.048894
-0.0522624
-0.055635
-0.0590098
-0.0623847
-0.0657577
-0.0691269
-0.0724894
-0.0758529
-0.0792121
-0.0825627
-0.0326424
-0.0358438
-0.0390861
-0.0423457
-0.0456095
-0.048877
-0.0521502
-0.0554287
-0.0587105
-0.0619938
-0.0652764
-0.0685565
-0.0718314
-0.0751077
-0.0783803
-0.0816451
-0.0203123
-0.023611
-0.0269017
-0.0300302
-0.0331042
-0.0362103
-0.0393561
-0.0425203
-0.0456907
-0.0488663
-0.0520484
-0.055237
-0.05843
-0.0616255
-0.0648215
-0.068016
-0.0712068
-0.0743992
-0.0775884
-0.0807707
-0.021166
-0.0243497
-0.027529
-0.0305629
-0.033548
-0.0365639
-0.0396181
-0.0426918
-0.0457732
-0.0488611
-0.0519566
-0.0550592
-0.0581674
-0.0612789
-0.0643918
-0.0675044
-0.0706142
-0.073726
-0.0768351
-0.079938
-0.0219796
-0.0250549
-0.0281291
-0.0310733
-0.0339744
-0.0369047
-0.0398722
-0.0428598
-0.0458567
-0.048861
-0.0518738
-0.0548946
-0.0579216
-0.0609529
-0.0639864
-0.0670203
-0.0700526
-0.073087
-0.0761192
-0.0791457
-0.0227545
-0.0257276
-0.0287027
-0.031562
-0.0343835
-0.0372329
-0.0401182
-0.0430242
-0.0459407
-0.0488656
-0.0517997
-0.0547424
-0.057692
-0.0606466
-0.0636041
-0.0665628
-0.0695207
-0.072481
-0.0754393
-0.0783926
-0.0234916
-0.0263687
-0.0292503
-0.0320295
-0.0347756
-0.0375486
-0.0403562
-0.0431848
-0.0460249
-0.0488744
-0.0517336
-0.054602
-0.0574778
-0.0603592
-0.0632441
-0.0661309
-0.0690176
-0.0719068
-0.0747945
-0.0776776
-0.0241922
-0.0269789
-0.0297726
-0.0324761
-0.0351511
-0.0378519
-0.0405861
-0.0433414
-0.0461092
-0.048887
-0.0516751
-0.0544727
-0.0572783
-0.0600899
-0.0629056
-0.0657237
-0.0685423
-0.0713636
-0.0741836
-0.0769995
-0.0248572
-0.0275591
-0.0302701
-0.0329022
-0.0355102
-0.038143
-0.0408078
-0.0434939
-0.0461931
-0.048903
-0.0516235
-0.054354
-0.0570928
-0.059838
-0.0625878
-0.0653403
-0.0680939
-0.0708505
-0.0736059
-0.0763575
-0.0254874
-0.0281098
-0.0307432
-0.0333081
-0.0358531
-0.0384219
-0.0410213
-0.0436421
-0.0462764
-0.048922
-0.0515786
-0.0542454
-0.0569207
-0.0596029
-0.0622899
-0.0649801
-0.0676717
-0.0703665
-0.0730603
-0.0757505
-0.0260836
-0.0286316
-0.0311923
-0.0336942
-0.0361799
-0.0386885
-0.0412266
-0.0437858
-0.046359
-0.0489439
-0.05154
-0.0541464
-0.0567617
-0.0593839
-0.0620114
-0.0646423
-0.067275
-0.0699111
-0.0725462
-0.075178
-0.0266462
-0.029125
-0.0316178
-0.0340606
-0.0364908
-0.0389431
-0.0414236
-0.0439249
-0.0464405
-0.0489682
-0.0515072
-0.0540567
-0.0566151
-0.0591807
-0.0617516
-0.0643263
-0.066903
-0.0694835
-0.0720629
-0.074639
-0.0271759
-0.0295904
-0.0320199
-0.0344075
-0.0367858
-0.0391855
-0.0416122
-0.0440592
-0.0465208
-0.0489947
-0.05148
-0.0539758
-0.0564806
-0.0589927
-0.0615103
-0.0640317
-0.0665554
-0.0690833
-0.0716098
-0.0741331
-0.0276729
-0.0300279
-0.0323988
-0.0347351
-0.0370651
-0.0394158
-0.0417923
-0.0441887
-0.0465998
-0.0490232
-0.0514582
-0.0539035
-0.0563579
-0.0588195
-0.0612866
-0.0637579
-0.0662319
-0.0687103
-0.0711869
-0.07366
-0.0281375
-0.0304379
-0.0327546
-0.0350433
-0.0373286
-0.039634
-0.0419639
-0.0443132
-0.0466773
-0.0490537
-0.0514416
-0.0538399
-0.0562471
-0.0586613
-0.0610808
-0.0635035
-0.0659282
-0.0683613
-0.0707915
-0.0732179
-0.0285698
-0.0308203
-0.0330873
-0.0353323
-0.0375764
-0.0398399
-0.0421268
-0.0444326
-0.046753
-0.0490858
-0.05143
-0.0537845
-0.0561481
-0.058519
-0.060896
-0.0632774
-0.0656611
-0.0680398
-0.0704224
-0.0728058
-0.0289699
-0.0311751
-0.0333968
-0.0356018
-0.0378082
-0.0400335
-0.0422809
-0.0445467
-0.0468268
-0.0491192
-0.0514229
-0.0537369
-0.0560597
-0.0583898
-0.0607257
-0.0630654
-0.0654065
-0.0677428
-0.0700838
-0.0724266
-0.0293377
-0.0315021
-0.033683
-0.0358518
-0.038024
-0.0402145
-0.042426
-0.0446551
-0.0468984
-0.0491537
-0.0514201
-0.0536965
-0.0559814
-0.0582734
-0.0605708
-0.0628718
-0.0651743
-0.0674739
-0.0697769
-0.0720812
-0.0296728
-0.0318012
-0.0339457
-0.0360821
-0.0382236
-0.0403828
-0.0425619
-0.044758
-0.0469677
-0.0491893
-0.0514216
-0.0536635
-0.0559137
-0.0581707
-0.0604329
-0.0626987
-0.064966
-0.0672314
-0.0694993
-0.0717677
-0.029975
-0.032072
-0.0341845
-0.0362924
-0.0384068
-0.0405382
-0.0426885
-0.044855
-0.0470346
-0.0492258
-0.0514273
-0.0536381
-0.0558568
-0.0580821
-0.0603123
-0.0625458
-0.064781
-0.0670149
-0.0692505
-0.0714863
-0.0302438
-0.0323139
-0.034399
-0.0364823
-0.0385732
-0.0406805
-0.0428056
-0.044946
-0.0470991
-0.0492633
-0.0514374
-0.0536204
-0.0558109
-0.0580076
-0.060209
-0.0624135
-0.0646196
-0.0668247
-0.0690312
-0.0712375
-0.0304783
-0.0325263
-0.0345886
-0.0366513
-0.0387225
-0.0408094
-0.042913
-0.045031
-0.0471611
-0.0493018
-0.051452
-0.0536105
-0.0557761
-0.0579476
-0.0601234
-0.0623022
-0.0644823
-0.0666617
-0.0688419
-0.0710217
-0.0306778
-0.0327085
-0.0347526
-0.036799
-0.0388543
-0.0409246
-0.0430104
-0.0451098
-0.0472206
-0.0493414
-0.0514711
-0.0536086
-0.0557528
-0.0579023
-0.0600559
-0.0622121
-0.0643696
-0.0665262
-0.0686834
-0.0708399
-0.030841
-0.0328593
-0.0348901
-0.0369244
-0.0389678
-0.0410254
-0.0430975
-0.0451822
-0.0472775
-0.0493822
-0.0514952
-0.0536154
-0.0557416
-0.0578727
-0.0600074
-0.0621443
-0.0642822
-0.0664193
-0.0685567
-0.0706931
-0.0309667
-0.0329776
-0.035
-0.0370264
-0.0390621
-0.0411109
-0.0431732
-0.0452472
-0.047331
-0.0494235
-0.0515236
-0.0536303
-0.0557425
-0.0578591
-0.0599788
-0.0621005
-0.0642228
-0.0663434
-0.0684639
-0.0705834
-0.0310533
-0.033062
-0.0350816
-0.0371055
-0.039138
-0.0411825
-0.0432391
-0.0453063
-0.0473824
-0.0494662
-0.0515568
-0.0536531
-0.0557542
-0.0578589
-0.059966
-0.0620747
-0.0641841
-0.0662935
-0.0684023
-0.070509
-0.0310952
-0.0331056
-0.0351278
-0.0371557
-0.0391919
-0.0412391
-0.0432973
-0.0453647
-0.04744
-0.0495219
-0.0516094
-0.0537016
-0.0557974
-0.057896
-0.0599961
-0.0620966
-0.0641958
-0.0662916
-0.0683878
-0.0704841
0.0769226
0.0752899
0.0686312
0.0627065
0.0510779
0.040711
0.0264525
0.013351
-0.000606863
-0.0132783
0.0757436
0.0740514
0.0670726
0.0609344
0.0491899
0.038677
0.0246254
0.0116492
-0.00196387
-0.0143209
0.074572
0.0728202
0.0655448
0.0591929
0.0473623
0.0367125
0.0228704
0.0100272
-0.00325853
-0.015313
0.0734109
0.0715989
0.0640511
0.0574852
0.0455961
0.0348194
0.0211864
0.00848309
-0.00449199
-0.0162563
0.0722633
0.0703905
0.0625944
0.0558149
0.0438921
0.0329994
0.0195729
0.00701524
-0.00566533
-0.0171522
0.0711324
0.069198
0.0611779
0.0541854
0.0422514
0.0312542
0.0180294
0.00562191
-0.00677951
-0.018002
0.0700217
0.0680246
0.0598045
0.0526006
0.0406747
0.0295852
0.0165557
0.00430152
-0.00783545
-0.0188065
0.0689345
0.0668737
0.0584773
0.0510642
0.0391632
0.027994
0.0151519
0.00305258
-0.008834
-0.0195669
0.0678746
0.0657491
0.0571994
0.0495802
0.0377179
0.0264818
0.0138182
0.00187381
-0.00977593
-0.0202837
0.0668456
0.0646548
0.0559739
0.0481527
0.0363402
0.0250499
0.0125552
0.000764102
-0.0106619
-0.0209577
0.0658516
0.0635948
0.0548038
0.0467859
0.0350316
0.0236994
0.0113634
-0.000277389
-0.0114925
-0.0215892
0.0648966
0.0625736
0.0536924
0.0454839
0.0337937
0.0224316
0.0102439
-0.00125126
-0.0122682
-0.0221787
0.0639849
0.0615959
0.0526427
0.0442512
0.0326286
0.0212475
0.00919753
-0.00215783
-0.0129893
-0.0227264
0.0631208
0.0606666
0.0516582
0.0430921
0.0315386
0.0201484
0.0082257
-0.0029971
-0.013656
-0.0232324
0.0623088
0.0597909
0.0507422
0.0420112
0.0305263
0.0191358
0.00732977
-0.0037688
-0.0142681
-0.0236967
0.0615537
0.0589743
0.0498983
0.0410133
0.0295947
0.018211
0.00651139
-0.00447231
-0.0148253
-0.024119
0.0608602
0.0582226
0.0491303
0.040103
0.0287471
0.0173761
0.00577239
-0.0051067
-0.0153272
-0.0244991
0.0602335
0.0575418
0.0484419
0.0392853
0.0279875
0.0166329
0.00511483
-0.00567068
-0.0157728
-0.0248363
0.0596787
0.056938
0.0478375
0.0385655
0.02732
0.015984
0.00454108
-0.00616262
-0.0161611
-0.0251298
0.0592013
0.0564179
0.0473212
0.0379489
0.0267493
0.0154324
0.00405381
-0.00658051
-0.0164905
-0.0253786
0.0588068
0.0559882
0.0468977
0.0374415
0.0262805
0.0149814
0.00365607
-0.0069219
-0.0167591
-0.0255814
0.058501
0.0556562
0.046572
0.0370493
0.0259194
0.0146353
0.0033514
-0.00718387
-0.0169646
-0.0257366
0.0582897
0.0554277
0.0463504
0.0367785
0.0256722
0.0143983
0.00314406
-0.00736312
-0.0171041
-0.0258421
0.0581828
0.0553062
0.0462416
0.0366359
0.0255462
0.0142753
0.00303905
-0.00745594
-0.0171744
-0.025896
)
;

boundaryField
{
    inlet
    {
        type            zeroGradient;
    }
    outlet
    {
        type            fixedValue;
        value           nonuniform 0();
    }
    cylinder
    {
        type            zeroGradient;
    }
    top
    {
        type            symmetryPlane;
    }
    bottom
    {
        type            symmetryPlane;
    }
    defaultFaces
    {
        type            empty;
    }
    procBoundary14to12
    {
        type            processor;
        value           nonuniform List<scalar> 
65
(
-0.175279
-0.184812
-0.193176
-0.200173
-0.150527
-0.150527
-0.162357
-0.162357
-0.0880526
-0.0915578
-0.0950486
-0.0985238
-0.100529
-0.100529
-0.103883
-0.107219
-0.110535
-0.113832
-0.117107
-0.12036
-0.121622
-0.121622
-0.124749
-0.12785
-0.130928
-0.133978
-0.134727
-0.134727
-0.137645
-0.140556
-0.143423
-0.0739107
-0.077459
-0.0810018
-0.0845337
-0.0489176
-0.0523859
-0.055857
-0.0593289
-0.0627994
-0.0662666
-0.0697286
-0.0697286
-0.0321622
-0.0354642
-0.0388082
-0.042168
-0.0455299
-0.0455299
-0.0194171
-0.0228379
-0.0262465
-0.0294748
-0.0294748
-0.0121835
0.0781065
0.0765332
0.0702177
0.0645058
0.0530253
0.0428125
0.0283526
0.0151343
0.000813754
-0.0121835
)
;
    }
    procBoundary14to13
    {
        type            processor;
        value           nonuniform List<scalar> 3(-0.203459 -0.201048 -0.198687);
    }
    procBoundary14to15
    {
        type            processor;
        value           nonuniform List<scalar> 
22
(
-0.19638
-0.19413
-0.19194
-0.189814
-0.187756
-0.18577
-0.18386
-0.18203
-0.180283
-0.178625
-0.17706
-0.175592
-0.174226
-0.172967
-0.171821
-0.170794
-0.16989
-0.169118
-0.168484
-0.167995
-0.167659
-0.167487
)
;
    }
}


// ************************************************************************* //
