/*--------------------------------*- C++ -*----------------------------------*\
  =========                 |
  \\      /  F ield         | OpenFOAM: The Open Source CFD Toolbox
   \\    /   O peration     | Website:  https://openfoam.org
    \\  /    A nd           | Version:  7
     \\/     M anipulation  |
\*---------------------------------------------------------------------------*/
FoamFile
{
    version     2.0;
    format      ascii;
    class       volScalarField;
    location    "73";
    object      p;
}
// * * * * * * * * * * * * * * * * * * * * * * * * * * * * * * * * * * * * * //

dimensions      [0 2 -2 0 0 0 0];

internalField   nonuniform List<scalar> 
1063
(
0.133397
0.133985
0.135159
0.136829
0.138971
0.141546
0.144527
0.147885
0.151594
0.155623
0.13309
0.133665
0.134813
0.136447
0.13854
0.141052
0.143955
0.147219
0.150815
0.154709
0.132765
0.133326
0.134447
0.13604
0.138079
0.140522
0.14334
0.146501
0.149975
0.153724
0.132421
0.132968
0.134059
0.13561
0.137591
0.139961
0.142689
0.145742
0.149087
0.152685
0.132057
0.13259
0.13365
0.135157
0.137078
0.139372
0.142008
0.144949
0.148161
0.151603
0.131674
0.132191
0.13322
0.13468
0.136539
0.138755
0.141295
0.144121
0.147196
0.150477
0.13127
0.131771
0.132767
0.134178
0.135973
0.138108
0.140549
0.143256
0.146191
0.149307
0.130845
0.131329
0.13229
0.133652
0.13538
0.137431
0.139769
0.142354
0.145145
0.148093
0.130398
0.130864
0.13179
0.1331
0.134759
0.136723
0.138956
0.141415
0.144057
0.146833
0.129928
0.130376
0.131265
0.132522
0.134109
0.135984
0.138108
0.140438
0.142929
0.145529
0.129435
0.129865
0.130715
0.131917
0.13343
0.135213
0.137226
0.139423
0.141759
0.14418
0.128918
0.129328
0.13014
0.131284
0.132722
0.13441
0.136308
0.13837
0.140548
0.142787
0.128377
0.128767
0.129538
0.130623
0.131983
0.133575
0.135356
0.137279
0.139296
0.141352
0.127811
0.12818
0.128909
0.129934
0.131214
0.132707
0.134368
0.13615
0.138005
0.139874
0.127219
0.127568
0.128254
0.129216
0.130415
0.131805
0.133345
0.134984
0.136673
0.138355
0.126601
0.126928
0.12757
0.12847
0.129584
0.130871
0.132286
0.133781
0.135303
0.136795
0.125958
0.126262
0.126859
0.127693
0.128723
0.129904
0.131193
0.132541
0.133895
0.135198
0.125287
0.125569
0.12612
0.126888
0.12783
0.128904
0.130066
0.131265
0.13245
0.133563
0.12459
0.124848
0.125353
0.126052
0.126906
0.127872
0.128904
0.129954
0.130969
0.131893
0.123865
0.1241
0.124557
0.125187
0.125952
0.126807
0.127709
0.128609
0.129455
0.130189
0.123113
0.123324
0.123732
0.124293
0.124967
0.125711
0.126482
0.127231
0.127908
0.128455
0.122334
0.12252
0.122879
0.12337
0.123951
0.124584
0.125224
0.125822
0.12633
0.126692
0.121528
0.121689
0.121998
0.122417
0.122907
0.123427
0.123935
0.124384
0.124724
0.124902
0.120694
0.12083
0.12109
0.121436
0.121833
0.12224
0.122617
0.122917
0.123092
0.12309
0.119834
0.119944
0.120153
0.120428
0.120731
0.121026
0.121272
0.121424
0.121435
0.121257
0.118947
0.119032
0.11919
0.119392
0.119602
0.119785
0.119901
0.119906
0.119757
0.119406
0.118034
0.118093
0.118201
0.11833
0.118447
0.118519
0.118506
0.118367
0.118061
0.117541
0.117096
0.11713
0.117187
0.117243
0.117268
0.117229
0.117089
0.116809
0.116348
0.115665
0.116134
0.116142
0.116149
0.116132
0.116066
0.115917
0.115652
0.115233
0.114623
0.113781
0.115148
0.11513
0.115087
0.114999
0.114842
0.114585
0.114197
0.113643
0.112887
0.111893
0.114141
0.114097
0.114004
0.113845
0.113598
0.113235
0.112727
0.112042
0.111146
0.110005
0.113112
0.113043
0.112901
0.112672
0.112337
0.111871
0.111246
0.110432
0.109401
0.10812
0.112064
0.11197
0.111779
0.111482
0.11106
0.110493
0.109754
0.108818
0.107656
0.106242
0.110998
0.11088
0.110641
0.110277
0.109771
0.109105
0.108256
0.107201
0.105915
0.104375
0.109917
0.109774
0.109489
0.109059
0.108471
0.107709
0.106755
0.105586
0.104182
0.102523
0.108822
0.108656
0.108326
0.107831
0.107163
0.10631
0.105253
0.103976
0.10246
0.100689
0.107716
0.107526
0.107152
0.106596
0.105851
0.104909
0.103755
0.102374
0.100753
0.0988781
0.106601
0.106389
0.105973
0.105356
0.104538
0.10351
0.102263
0.100785
0.0990652
0.0970933
0.105481
0.105247
0.104789
0.104115
0.103226
0.102117
0.100782
0.0992127
0.0974002
0.0953387
0.104357
0.104104
0.103606
0.102876
0.101919
0.100734
0.0993159
0.0976602
0.095762
0.0936183
0.103235
0.102961
0.102426
0.101643
0.100622
0.0993638
0.0978678
0.0961319
0.0941547
0.091936
0.102117
0.101824
0.101252
0.10042
0.0993377
0.0980111
0.0964421
0.094632
0.0925822
0.0902956
0.101007
0.100696
0.10009
0.0992102
0.0980706
0.0966799
0.0950432
0.0931646
0.0910486
0.0887011
0.0999088
0.0995804
0.0989427
0.0980184
0.0968251
0.0953747
0.0936753
0.091734
0.0895581
0.0871562
0.0988273
0.0984828
0.0978148
0.0968488
0.0956056
0.0940999
0.0923429
0.0903445
0.0881147
0.0856648
0.0977669
0.0974073
0.0967111
0.0957064
0.0944168
0.0928602
0.0910506
0.0890006
0.0867228
0.0842309
0.0967325
0.0963588
0.0956364
0.0945959
0.0932637
0.0916605
0.0898031
0.0877068
0.0853866
0.0828584
0.0957292
0.0953425
0.094596
0.0935226
0.0921514
0.0905059
0.0886055
0.0864679
0.0841105
0.0815512
0.0947626
0.0943639
0.0935953
0.0924918
0.0910852
0.0894015
0.0874626
0.0852886
0.082899
0.0803134
0.0938382
0.0934286
0.0926399
0.0915092
0.0900707
0.0883527
0.0863798
0.0841739
0.0817566
0.0791492
0.0929622
0.0925427
0.0917359
0.0905808
0.0891136
0.0873654
0.0853624
0.0831289
0.0806881
0.0780629
0.0921407
0.0917123
0.0908894
0.0897125
0.0882201
0.0864452
0.0844161
0.082159
0.0796985
0.0770591
0.0913804
0.0909441
0.0901069
0.088911
0.0873965
0.0855983
0.0835469
0.0812697
0.078793
0.0761424
0.0733427
0.090688
0.0902449
0.0893953
0.0881828
0.0866492
0.0848312
0.0827607
0.0804668
0.077977
0.0753179
0.0725151
0.0900709
0.0896218
0.0887615
0.087535
0.0859853
0.0841506
0.0820642
0.0797566
0.0772564
0.0745909
0.0717866
0.0895363
0.0890823
0.0882131
0.0869749
0.0854118
0.0835634
0.0814641
0.0791456
0.0766372
0.0739672
0.0711625
0.0890921
0.088634
0.0877577
0.0865101
0.0849364
0.083077
0.0809677
0.0786406
0.0761262
0.0734531
0.0706488
0.0887462
0.088285
0.0874033
0.0861487
0.084567
0.0826994
0.0805825
0.0782492
0.0757304
0.0730553
0.0702517
0.088507
0.0880436
0.0871582
0.0858988
0.0843118
0.0824387
0.0803167
0.0779794
0.0754578
0.0727815
0.0699786
0.0883832
0.0879185
0.0870311
0.0857694
0.0841796
0.0823037
0.0801792
0.0778398
0.0753168
0.07264
0.0698375
0.143256
0.146171
0.149593
0.15351
0.157928
0.162849
0.168283
0.174236
0.137089
0.137728
0.139032
0.140889
0.143294
0.146211
0.149634
0.153553
0.157973
0.162896
0.168332
0.174287
0.137116
0.137756
0.139061
0.140918
0.143324
0.146241
0.149665
0.153586
0.158007
0.16293
0.168367
0.174322
0.137137
0.137777
0.139082
0.14094
0.143346
0.146264
0.149688
0.153609
0.15803
0.162953
0.168389
0.174342
0.137151
0.137791
0.139096
0.140954
0.14336
0.146278
0.149702
0.153622
0.158042
0.162963
0.168397
0.174346
0.137159
0.137799
0.139103
0.140961
0.143367
0.146284
0.149707
0.153626
0.158044
0.162962
0.168393
0.174336
0.137159
0.137799
0.139104
0.140961
0.143366
0.146282
0.149704
0.15362
0.158035
0.162949
0.168375
0.174307
0.137154
0.137793
0.139097
0.140953
0.143357
0.146272
0.149691
0.153604
0.158016
0.162925
0.168346
0.174259
0.137141
0.13778
0.139083
0.140938
0.143341
0.146253
0.149669
0.153579
0.157986
0.162888
0.1683
0.174245
0.137122
0.13776
0.139062
0.140916
0.143317
0.146226
0.149639
0.153544
0.157945
0.162841
0.168221
0.174161
0.137096
0.137734
0.139034
0.140887
0.143285
0.146192
0.1496
0.1535
0.157895
0.162785
0.168196
0.174067
0.137063
0.1377
0.139
0.14085
0.143246
0.146149
0.149553
0.153446
0.157834
0.162712
0.168096
0.173963
0.137024
0.137661
0.138958
0.140806
0.143199
0.146098
0.149496
0.153384
0.157763
0.162617
0.167994
0.173846
0.136979
0.137614
0.13891
0.140756
0.143144
0.146039
0.149431
0.153311
0.157684
0.162548
0.167882
0.173714
0.136927
0.137561
0.138854
0.140698
0.143082
0.145972
0.149358
0.15323
0.157595
0.162444
0.167756
0.173568
0.136868
0.137501
0.138792
0.140632
0.143013
0.145897
0.149276
0.15314
0.157489
0.162323
0.167618
0.173407
0.136803
0.137435
0.138724
0.14056
0.142936
0.145814
0.149186
0.153041
0.157357
0.162191
0.167468
0.173232
0.136732
0.137362
0.138648
0.140482
0.142853
0.145724
0.149087
0.152936
0.15728
0.162048
0.167306
0.173043
0.136654
0.137283
0.138566
0.140396
0.142761
0.145626
0.148981
0.152821
0.157135
0.161893
0.167132
0.17284
0.13657
0.137197
0.138478
0.140303
0.142663
0.145521
0.148866
0.152689
0.156989
0.16173
0.166945
0.13648
0.137106
0.138383
0.140204
0.142558
0.145408
0.148744
0.152527
0.156834
0.161557
0.166747
0.136384
0.137007
0.138281
0.140098
0.142446
0.145287
0.148616
0.152445
0.156668
0.161373
0.166536
0.136281
0.136903
0.138174
0.139985
0.142326
0.14516
0.148478
0.152268
0.156494
0.161178
0.166313
0.136172
0.136793
0.13806
0.139866
0.142201
0.145025
0.148327
0.1521
0.156312
0.160974
0.166079
0.136057
0.136676
0.137939
0.139741
0.142068
0.144884
0.148174
0.151929
0.156122
0.160759
0.165833
0.135936
0.136553
0.137813
0.139609
0.141928
0.144736
0.148032
0.151749
0.155922
0.160534
0.165576
0.135809
0.136425
0.13768
0.139471
0.141783
0.144577
0.147855
0.151561
0.155714
0.160299
0.165307
0.135677
0.136291
0.137542
0.139327
0.141631
0.14441
0.147673
0.151365
0.155497
0.160055
0.165027
0.135538
0.13615
0.137397
0.139176
0.141472
0.144263
0.147487
0.151162
0.155272
0.1598
0.164736
0.135394
0.136004
0.137247
0.13902
0.141305
0.144078
0.147294
0.150952
0.155038
0.159536
0.164435
0.135244
0.135853
0.137091
0.138858
0.141139
0.14389
0.147095
0.150734
0.154795
0.159263
0.164123
0.135088
0.135696
0.136929
0.138689
0.140966
0.1437
0.146889
0.150508
0.154545
0.158981
0.1638
0.134927
0.135533
0.136763
0.138512
0.140779
0.143503
0.146677
0.150275
0.154286
0.158689
0.163468
0.13476
0.135365
0.136589
0.138345
0.140588
0.143301
0.146458
0.150036
0.154019
0.158389
0.163125
0.134588
0.135192
0.136407
0.138155
0.140392
0.143092
0.146232
0.149788
0.153745
0.15808
0.162772
0.13441
0.135013
0.136236
0.137962
0.140191
0.142877
0.146
0.149534
0.153462
0.157762
0.162409
0.134228
0.134829
0.136043
0.137766
0.139985
0.142657
0.145761
0.149273
0.153172
0.157435
0.162036
0.13404
0.134643
0.135849
0.137566
0.139775
0.142434
0.145521
0.149011
0.152882
0.157109
0.161665
0.133846
0.134449
0.135651
0.137363
0.139562
0.142209
0.14528
0.148749
0.152594
0.156787
0.1613
0.133648
0.134247
0.135442
0.137142
0.139325
0.141951
0.144996
0.148432
0.152236
0.15638
0.16083
)
;

boundaryField
{
    inlet
    {
        type            zeroGradient;
    }
    outlet
    {
        type            fixedValue;
        value           nonuniform 0();
    }
    cylinder
    {
        type            zeroGradient;
    }
    top
    {
        type            symmetryPlane;
    }
    bottom
    {
        type            symmetryPlane;
    }
    defaultFaces
    {
        type            empty;
    }
    procBoundary16to0
    {
        type            processor;
        value           nonuniform List<scalar> 
13
(
0.137055
0.137693
0.138997
0.140852
0.140852
0.14321
0.146124
0.149543
0.153458
0.157873
0.16279
0.16822
0.17417
)
;
    }
    procBoundary16to1
    {
        type            processor;
        value           uniform 0.18073;
    }
    procBoundary16to17
    {
        type            processor;
        value           nonuniform List<scalar> 
102
(
0.159936
0.159936
0.158864
0.157709
0.156492
0.155227
0.153915
0.152555
0.151145
0.149687
0.148181
0.146628
0.145029
0.143385
0.141697
0.139967
0.138196
0.136387
0.134542
0.132663
0.130753
0.128814
0.12685
0.124864
0.122859
0.120838
0.118804
0.116763
0.114717
0.11267
0.110626
0.108589
0.106563
0.104552
0.10256
0.100592
0.0986497
0.0967386
0.0948621
0.093024
0.0912281
0.089478
0.0877773
0.0861296
0.0845383
0.0830071
0.0815393
0.0801385
0.0788082
0.0775518
0.0763732
0.0752761
0.0742645
0.0742645
0.0704182
0.0695936
0.068869
0.0682491
0.0677395
0.067346
0.0670755
0.0669359
0.180782
0.180818
0.180836
0.180831
0.180801
0.180805
0.180739
0.180664
0.180575
0.18047
0.180347
0.180208
0.180052
0.179878
0.179688
0.179482
0.179258
0.179019
0.172622
0.172622
0.172391
0.172146
0.171888
0.171616
0.171331
0.171032
0.170721
0.170397
0.170061
0.169712
0.169351
0.168979
0.168594
0.168198
0.167791
0.167371
0.16694
0.166512
0.166092
0.165546
)
;
    }
}


// ************************************************************************* //
