/*--------------------------------*- C++ -*----------------------------------*\
  =========                 |
  \\      /  F ield         | OpenFOAM: The Open Source CFD Toolbox
   \\    /   O peration     | Website:  https://openfoam.org
    \\  /    A nd           | Version:  7
     \\/     M anipulation  |
\*---------------------------------------------------------------------------*/
FoamFile
{
    version     2.0;
    format      ascii;
    class       volVectorField;
    location    "77";
    object      U;
}
// * * * * * * * * * * * * * * * * * * * * * * * * * * * * * * * * * * * * * //

dimensions      [0 1 -1 0 0 0 0];

internalField   nonuniform List<vector> 
1062
(
(0.454477 0.0069932 -8.82113e-21)
(0.488494 0.00668012 5.36743e-21)
(0.520531 0.00639807 1.58231e-21)
(0.550711 0.00614387 -3.25581e-21)
(0.579148 0.00591431 -3.82505e-21)
(0.605949 0.00570634 -9.03915e-21)
(0.454612 -0.0128074 3.82879e-21)
(0.488628 -0.0119347 -4.71127e-21)
(0.520662 -0.0111068 -9.01302e-21)
(0.550839 -0.0103222 2.34694e-21)
(0.579273 -0.00957929 6.21823e-21)
(0.606072 -0.0088769 1.38042e-20)
(0.631336 -0.00821437 1.16482e-21)
(0.655158 -0.00758969 1.01113e-21)
(0.677635 -0.006996 6.66493e-21)
(0.455441 -0.032594 9.65528e-21)
(0.489408 -0.0305364 -1.5798e-20)
(0.521398 -0.0285992 1.30911e-20)
(0.551533 -0.0267763 4.83815e-21)
(0.579927 -0.0250615 2.53102e-20)
(0.606688 -0.0234493 -3.65793e-20)
(0.631917 -0.0219356 -1.08458e-21)
(0.655709 -0.0205133 1.14471e-20)
(0.678153 -0.0191658 1.14612e-21)
(0.456961 -0.05234 -2.41434e-20)
(0.490835 -0.0491 5.6539e-21)
(0.522738 -0.046056 -2.07469e-20)
(0.552792 -0.0431971 1.62189e-20)
(0.581109 -0.0405125 -4.50046e-20)
(0.607798 -0.0379924 9.7015e-21)
(0.63296 -0.0356292 -1.75741e-20)
(0.656694 -0.0334106 2.99644e-20)
(0.679076 -0.031311 1.07882e-20)
(0.459171 -0.0720188 -6.23502e-21)
(0.492907 -0.0676009 4.16881e-20)
(0.52468 -0.0634542 1.21019e-21)
(0.554613 -0.0595631 -1.01109e-20)
(0.582818 -0.0559123 7.57715e-20)
(0.6094 -0.0524876 5.78418e-20)
(0.634463 -0.0492779 -5.94913e-21)
(0.658111 -0.0462655 7.86439e-21)
(0.680402 -0.0434165 -3.13742e-20)
(0.462067 -0.0916038 1.06345e-21)
(0.49562 -0.0860145 -2.99297e-20)
(0.527222 -0.0807709 4.99535e-20)
(0.556995 -0.0758532 -2.12836e-20)
(0.58505 -0.0712411 -4.74372e-20)
(0.611492 -0.0669164 -1.10159e-20)
(0.636425 -0.0628645 5.56173e-21)
(0.65996 -0.0590619 -2.74167e-20)
(0.682131 -0.0554673 2.41854e-20)
(0.465646 -0.111069 -1.57905e-20)
(0.49897 -0.104316 1.13198e-20)
(0.530359 -0.0979835 -8.17019e-20)
(0.559933 -0.0920461 2.78054e-20)
(0.587803 -0.0864792 -2.15938e-20)
(0.614071 -0.0812606 -1.54926e-20)
(0.638842 -0.076372 -3.09359e-20)
(0.662236 -0.0717836 -8.46438e-20)
(0.684259 -0.0674484 -3.98005e-20)
(0.469901 -0.130387 2.66382e-20)
(0.502953 -0.122482 9.65449e-21)
(0.534088 -0.115069 2.43129e-20)
(0.563425 -0.108121 -2.27958e-20)
(0.591073 -0.101607 1.13879e-19)
(0.617133 -0.095502 -9.90312e-21)
(0.641711 -0.0897834 4.92871e-20)
(0.664938 -0.0844147 6.27263e-20)
(0.686785 -0.0793451 8.40285e-20)
(0.474827 -0.149534 -1.00352e-20)
(0.507562 -0.140488 9.0186e-21)
(0.538402 -0.132006 4.11137e-21)
(0.567464 -0.124057 -3.28666e-20)
(0.594856 -0.116606 8.18026e-20)
(0.620675 -0.109623 -2.83029e-20)
(0.645028 -0.103082 2.00023e-20)
(0.66806 -0.0969395 4.184e-20)
(0.689704 -0.0911426 -3.48177e-20)
(0.51279 -0.158309 -2.99949e-20)
(0.543295 -0.148772 -1.71686e-19)
(0.572044 -0.139833 1.27339e-19)
(0.599145 -0.131456 -6.79655e-20)
(0.62469 -0.123605 -1.68233e-20)
(0.648788 -0.116251 -3.78146e-20)
(0.6716 -0.109343 -2.41677e-20)
(0.693012 -0.102826 5.58528e-20)
(0.51863 -0.175924 2.36236e-20)
(0.54876 -0.165345 1.33159e-19)
(0.577159 -0.15543 -2.31859e-19)
(0.603934 -0.146138 1.21224e-19)
(0.629173 -0.137431 -9.55808e-20)
(0.652986 -0.129275 -2.04394e-20)
(0.675551 -0.121608 7.43912e-20)
(0.696706 -0.114382 -5.93167e-20)
(0.525073 -0.193308 -9.59017e-20)
(0.554788 -0.181703 1.24235e-19)
(0.582802 -0.170828 6.73617e-20)
(0.609216 -0.160635 -1.32537e-19)
(0.634118 -0.151083 7.03553e-20)
(0.657616 -0.142136 -6.57242e-20)
(0.679907 -0.133722 -1.06887e-20)
(0.700781 -0.125796 -1.0756e-19)
(0.532108 -0.21044 8.37475e-20)
(0.561371 -0.197827 -1.34496e-19)
(0.588963 -0.186006 -1.04155e-20)
(0.614984 -0.174927 1.03954e-19)
(0.639517 -0.164546 1.70025e-20)
(0.662672 -0.15482 9.99963e-20)
(0.684664 -0.145668 -9.88393e-20)
(0.70523 -0.137053 9.52965e-20)
(0.539725 -0.227296 1.94058e-20)
(0.568498 -0.213694 6.44719e-22)
(0.595633 -0.200947 9.90647e-20)
(0.621229 -0.188998 -1.42445e-20)
(0.645362 -0.177801 -1.20642e-19)
(0.668145 -0.167311 -2.73587e-20)
(0.689813 -0.157433 1.87908e-20)
(0.710048 -0.14814 5.50968e-20)
(0.547912 -0.243857 -3.85753e-20)
(0.576158 -0.229286 -1.16389e-20)
(0.602803 -0.21563 7.60638e-20)
(0.627942 -0.202829 -7.07881e-20)
(0.651646 -0.190834 9.38943e-20)
(0.674029 -0.179594 -7.19e-20)
(0.695348 -0.169002 1.30966e-20)
(0.715229 -0.159044 -8.55744e-20)
(0.556657 -0.260099 1.08478e-19)
(0.584341 -0.244583 -3.56545e-20)
(0.610462 -0.230039 -1.03331e-19)
(0.635113 -0.216405 1.4395e-19)
(0.658359 -0.203628 -4.63127e-20)
(0.680314 -0.191654 8.42721e-21)
(0.70126 -0.180362 6.26955e-20)
(0.720765 -0.169752 1.16219e-19)
(0.593033 -0.259564 -2.25647e-19)
(0.618598 -0.244155 5.76088e-21)
(0.64273 -0.229707 -7.46974e-20)
(0.665491 -0.216168 3.63142e-20)
(0.686992 -0.203477 -4.8099e-21)
(0.707542 -0.191498 -8.9935e-20)
(0.726649 -0.180251 -2.07569e-19)
(0.602221 -0.274213 6.41414e-20)
(0.627199 -0.257961 1.0428e-19)
(0.650784 -0.242721 -2.04691e-19)
(0.673032 -0.228438 -6.05358e-21)
(0.694054 -0.215049 -1.01185e-19)
(0.714183 -0.202399 3.86656e-20)
(0.732874 -0.190528 1.93087e-19)
(0.611891 -0.288512 -3.67465e-20)
(0.636253 -0.27144 -2.96375e-19)
(0.659263 -0.255431 3.86224e-22)
(0.680971 -0.240426 1.4661e-19)
(0.701489 -0.226356 1.45295e-19)
(0.721176 -0.213051 1.24582e-19)
(0.739431 -0.200571 -1.17894e-19)
(0.622029 -0.302442 2.4363e-20)
(0.645744 -0.284577 3.0194e-19)
(0.668152 -0.267822 1.35875e-19)
(0.689296 -0.252116 -1.64713e-19)
(0.709286 -0.237386 -6.06122e-20)
(0.72851 -0.223443 8.14823e-20)
(0.746312 -0.210369 4.74093e-20)
(0.632619 -0.315988 2.01703e-19)
(0.655661 -0.297357 -1.26203e-19)
(0.677441 -0.279881 -1.86041e-19)
(0.697997 -0.263496 -6.60064e-20)
(0.717435 -0.248127 1.32694e-20)
(0.736174 -0.233562 -1.20183e-19)
(0.753507 -0.219911 1.29972e-19)
(0.665987 -0.309765 -4.85297e-21)
(0.687115 -0.291592 8.17303e-20)
(0.707059 -0.274552 3.8612e-19)
(0.725925 -0.258567 -3.49847e-20)
(0.74416 -0.243399 -1.19584e-19)
(0.761008 -0.229185 -2.23694e-20)
(0.676707 -0.321786 -1.99363e-19)
(0.697159 -0.302944 1.31098e-19)
(0.716471 -0.285274 -1.0779e-19)
(0.734743 -0.268694 -1.08827e-19)
(0.752454 -0.252942 2.92296e-20)
(0.768805 -0.238182 -5.66276e-20)
(0.687805 -0.333409 2.77253e-19)
(0.70756 -0.313925 -1.29178e-19)
(0.726219 -0.29565 6.17157e-20)
(0.743878 -0.278498 1.47803e-19)
(0.761047 -0.262182 9.95217e-20)
(0.776888 -0.246891 3.78202e-20)
(0.699265 -0.344619 -7.59774e-20)
(0.718302 -0.324522 3.82483e-20)
(0.736289 -0.305668 -2.42166e-19)
(0.753317 -0.287969 4.57181e-20)
(0.769927 -0.271109 -1.20981e-19)
(0.785247 -0.255303 4.74559e-20)
(0.72937 -0.334726 1.5414e-19)
(0.746667 -0.31532 1.44764e-19)
(0.763047 -0.297099 -1.2399e-22)
(0.779083 -0.279715 -1.11303e-19)
(0.793873 -0.263411 6.99773e-20)
(0.740747 -0.344527 -1.48395e-19)
(0.757339 -0.324597 -1.31113e-19)
(0.773055 -0.305879 -1.00661e-19)
(0.788501 -0.287993 -5.50025e-20)
(0.802755 -0.271205 4.24196e-20)
(0.752417 -0.353915 -6.95415e-20)
(0.768288 -0.333489 1.6353e-19)
(0.783327 -0.314301 -5.2345e-20)
(0.798171 -0.295936 1.80627e-19)
(0.811883 -0.278679 -1.10901e-19)
(0.779501 -0.34199 -3.06475e-20)
(0.79385 -0.322359 -3.11356e-20)
(0.808081 -0.303538 7.12821e-20)
(0.821247 -0.285826 -7.43661e-20)
(0.79096 -0.350093 -3.09648e-20)
(0.804609 -0.330047 1.36638e-19)
(0.818217 -0.310793 1.12361e-19)
(0.830837 -0.292642 -6.749e-22)
(0.802651 -0.357793 6.99939e-20)
(0.81559 -0.337361 -9.05508e-20)
(0.828567 -0.317699 -6.37396e-20)
(0.840643 -0.299121 2.44814e-19)
(0.826778 -0.344297 -1.61033e-19)
(0.839118 -0.324253 1.21969e-19)
(0.850656 -0.305262 -3.9807e-19)
(0.838157 -0.350852 -5.16252e-20)
(0.849858 -0.330454 6.06153e-20)
(0.860868 -0.311063 9.6938e-20)
(0.84971 -0.357025 1.34562e-19)
(0.86077 -0.336304 -1.40982e-19)
(0.871268 -0.316528 1.60326e-19)
(0.871841 -0.341804 -3.3338e-20)
(0.881847 -0.321662 8.23473e-20)
(0.883049 -0.346959 1.51337e-19)
(0.892595 -0.326475 -1.84995e-19)
(0.903499 -0.330984 1.5262e-19)
(0.914542 -0.335212 -2.00123e-20)
(0.920099 -0.153613 3.47717e-21)
(0.917347 -0.171368 2.23682e-21)
(0.915427 -0.190617 -6.46857e-21)
(0.915267 -0.210958 8.59772e-21)
(0.916072 -0.232938 -2.81641e-20)
(0.919934 -0.255254 2.07856e-20)
(0.924224 -0.280139 3.85315e-21)
(0.934266 -0.302483 1.93871e-21)
(0.943809 -0.335276 -1.60124e-20)
(0.91659 -0.150441 2.72667e-20)
(0.913203 -0.167976 -1.23727e-20)
(0.910589 -0.187057 2.53369e-21)
(0.909609 -0.207266 -2.85519e-20)
(0.909572 -0.229237 2.68001e-20)
(0.912367 -0.251585 -1.40599e-22)
(0.915708 -0.276753 -2.995e-20)
(0.924083 -0.299423 2.14671e-20)
(0.932894 -0.33184 6.4666e-22)
(0.913381 -0.146976 -2.11275e-20)
(0.909399 -0.164245 1.26343e-20)
(0.906118 -0.183103 1.55226e-20)
(0.904357 -0.203123 -1.00184e-20)
(0.903477 -0.225003 9.22196e-21)
(0.905237 -0.247322 1.34121e-20)
(0.907587 -0.272572 -3.15022e-20)
(0.914431 -0.295517 1.10632e-20)
(0.92218 -0.327465 -5.96701e-21)
(0.910397 -0.143592 -1.75096e-20)
(0.905849 -0.160583 4.13809e-22)
(0.901923 -0.179194 -1.04826e-21)
(0.899403 -0.198996 3.32725e-22)
(0.897691 -0.220727 -1.53246e-20)
(0.898431 -0.242971 1.58372e-20)
(0.899772 -0.268186 3.42575e-22)
(0.905174 -0.2914 4.82816e-21)
(0.911695 -0.323023 1.46368e-21)
(0.907589 -0.140198 9.54819e-21)
(0.902495 -0.156899 1.12877e-20)
(0.897941 -0.175245 -3.36025e-20)
(0.894681 -0.194808 2.8348e-20)
(0.892146 -0.216353 1.94098e-20)
(0.89188 -0.238496 -4.49602e-21)
(0.892203 -0.263617 1.52206e-20)
(0.896225 -0.287056 -3.84523e-20)
(0.901447 -0.318453 1.76739e-21)
(0.904923 -0.136751 1.92506e-20)
(0.899299 -0.15315 -1.34612e-20)
(0.894134 -0.171212 -2.74859e-20)
(0.890146 -0.190516 1.75907e-20)
(0.886802 -0.211839 3.54446e-21)
(0.885543 -0.233854 9.8882e-21)
(0.884844 -0.258828 -4.83513e-20)
(0.887536 -0.282426 1.96224e-20)
(0.891425 -0.313644 2.34387e-20)
(0.902377 -0.133258 -4.89522e-21)
(0.896238 -0.149343 -1.47622e-20)
(0.890475 -0.167101 1.2529e-20)
(0.885774 -0.186126 -3.07009e-21)
(0.881632 -0.207192 -1.58151e-20)
(0.879396 -0.229044 2.83568e-20)
(0.877675 -0.253824 1.12882e-20)
(0.879076 -0.277511 -2.09845e-20)
(0.88162 -0.308569 2.4368e-20)
(0.893294 -0.145484 2.19945e-20)
(0.886949 -0.162918 2.35928e-21)
(0.881548 -0.181642 -4.02258e-20)
(0.876622 -0.202417 1.43821e-20)
(0.873425 -0.224072 5.21965e-22)
(0.870687 -0.248617 -3.03125e-20)
(0.870827 -0.272322 2.03724e-20)
(0.872026 -0.303214 -1.14638e-20)
(0.890457 -0.141573 4.10162e-20)
(0.883543 -0.158665 -5.92518e-20)
(0.877456 -0.177068 3.5887e-20)
(0.87176 -0.197521 -2.24196e-20)
(0.867622 -0.218941 4.53981e-20)
(0.863873 -0.243212 -1.3058e-20)
(0.862779 -0.266866 -3.54582e-20)
(0.86264 -0.297566 3.07306e-21)
(0.887719 -0.137612 5.44398e-21)
(0.880251 -0.154343 3.94594e-20)
(0.873493 -0.172403 -2.71061e-20)
(0.867041 -0.192504 2.27428e-20)
(0.861983 -0.213653 -3.69829e-20)
(0.857232 -0.237613 -1.4715e-21)
(0.854926 -0.26115 4.01525e-20)
(0.853462 -0.291621 2.74121e-20)
(0.885074 -0.133602 1.13575e-20)
(0.877066 -0.149955 3.59134e-21)
(0.869654 -0.16765 9.26212e-21)
(0.862461 -0.187372 -2.12363e-20)
(0.856503 -0.208211 2.01569e-20)
(0.850765 -0.231824 -7.35975e-20)
(0.847268 -0.25518 4.51088e-20)
(0.844494 -0.285376 -2.1357e-20)
(0.882519 -0.129544 1.18644e-20)
(0.873985 -0.145501 4.6694e-21)
(0.865936 -0.162812 -2.9425e-20)
(0.858019 -0.182126 -2.88513e-20)
(0.851182 -0.20262 1.42589e-20)
(0.844472 -0.225848 -1.45717e-20)
(0.839806 -0.248966 5.2504e-20)
(0.835739 -0.278831 -4.48101e-20)
(0.880051 -0.125438 4.61629e-21)
(0.871006 -0.140985 -9.69577e-21)
(0.862338 -0.157889 1.83934e-20)
(0.853713 -0.176772 -7.14617e-21)
(0.84602 -0.196882 -2.54125e-21)
(0.838357 -0.219691 -1.23504e-20)
(0.832543 -0.242513 5.32403e-20)
(0.827201 -0.271991 -4.14109e-21)
(0.877669 -0.121287 3.34255e-20)
(0.868128 -0.136407 -9.71696e-21)
(0.858858 -0.152885 -1.20959e-21)
(0.849544 -0.17131 -1.39318e-20)
(0.841016 -0.191004 1.76392e-21)
(0.832422 -0.213356 -4.28461e-21)
(0.825482 -0.235829 -1.11144e-20)
(0.818888 -0.26486 -7.1832e-21)
(0.875371 -0.117091 -1.13027e-20)
(0.86535 -0.131769 3.00393e-21)
(0.855496 -0.147802 3.00137e-20)
(0.845511 -0.165746 -6.35178e-22)
(0.836173 -0.184988 -2.04378e-20)
(0.826669 -0.206847 2.5996e-20)
(0.818629 -0.22892 8.88589e-21)
(0.810804 -0.257444 -1.42485e-20)
(0.862671 -0.127074 1.64549e-20)
(0.852253 -0.142642 1.54006e-20)
(0.841617 -0.160082 2.24787e-20)
(0.831491 -0.17884 -3.56108e-20)
(0.821101 -0.200169 3.25202e-20)
(0.811986 -0.221794 -3.68993e-20)
(0.802957 -0.249751 7.14157e-20)
(0.860091 -0.122323 -1.03095e-20)
(0.849127 -0.137407 3.43329e-20)
(0.837862 -0.154321 -1.67097e-20)
(0.826972 -0.172564 -6.53846e-20)
(0.815722 -0.193328 4.77108e-20)
(0.80556 -0.214457 2.26439e-20)
(0.795354 -0.241787 -5.66816e-20)
(0.857611 -0.117518 -5.71913e-21)
(0.846121 -0.1321 -1.36114e-20)
(0.834246 -0.148467 1.08613e-21)
(0.822617 -0.166164 1.45932e-20)
(0.810534 -0.186328 6.21987e-21)
(0.799355 -0.206916 -3.49277e-20)
(0.788002 -0.23356 1.19815e-20)
(0.85523 -0.112662 -1.41429e-20)
(0.843234 -0.126724 3.66449e-20)
(0.830772 -0.142523 -5.29153e-21)
(0.81843 -0.159645 -1.52476e-20)
(0.805541 -0.179176 4.45228e-21)
(0.793376 -0.199178 -1.22e-20)
(0.780907 -0.225079 -4.58484e-21)
(0.85295 -0.107756 -3.38629e-20)
(0.840467 -0.121282 1.93504e-20)
(0.827441 -0.136492 6.79655e-21)
(0.814413 -0.153012 -5.00921e-20)
(0.800746 -0.171875 5.86805e-20)
(0.787628 -0.191251 7.2437e-21)
(0.774078 -0.216353 -3.01539e-20)
(0.85077 -0.102801 1.56581e-20)
(0.837821 -0.115775 1.81868e-20)
(0.824254 -0.130377 -2.51576e-20)
(0.810566 -0.14627 2.93239e-20)
(0.796152 -0.164434 -2.19348e-20)
(0.782116 -0.183141 -4.206e-20)
(0.767521 -0.207391 1.80423e-21)
(0.848691 -0.0978011 5.88612e-21)
(0.835297 -0.110208 6.36537e-21)
(0.821212 -0.124183 -2.22853e-20)
(0.806893 -0.139422 1.90202e-20)
(0.791762 -0.156856 1.23301e-20)
(0.776844 -0.174857 1.00239e-20)
(0.761243 -0.198201 -6.13534e-20)
(0.846714 -0.092757 1.56488e-20)
(0.832896 -0.104582 -1.2683e-20)
(0.818317 -0.117913 -7.78929e-21)
(0.803395 -0.132475 3.02236e-21)
(0.78758 -0.149149 2.42801e-20)
(0.771817 -0.166406 -2.65837e-20)
(0.755249 -0.188796 3.07016e-20)
(0.844839 -0.0876711 -1.72487e-20)
(0.830619 -0.0989004 -1.49473e-20)
(0.81557 -0.11157 -9.01816e-21)
(0.800075 -0.125432 3.04896e-20)
(0.783607 -0.141319 -1.16374e-20)
(0.76704 -0.157796 -7.68234e-21)
(0.749548 -0.179183 2.53461e-21)
(0.843068 -0.0825454 4.68372e-21)
(0.828466 -0.0931662 1.50569e-20)
(0.812974 -0.105159 -1.34137e-20)
(0.796934 -0.118299 1.17928e-20)
(0.779848 -0.133371 -1.71399e-20)
(0.762516 -0.149036 2.93347e-20)
(0.744144 -0.169374 -1.68995e-20)
(0.826439 -0.0873823 -2.54213e-22)
(0.810528 -0.0986821 1.64411e-20)
(0.793975 -0.111081 -7.00166e-22)
(0.776304 -0.125313 -4.07327e-21)
(0.758249 -0.140133 -3.28294e-20)
(0.739043 -0.15938 3.41531e-20)
(0.824539 -0.0815514 -6.23071e-21)
(0.808234 -0.0921443 -7.8848e-21)
(0.791199 -0.103783 5.86962e-21)
(0.772978 -0.117151 -1.94656e-20)
(0.754243 -0.131095 1.92901e-20)
(0.734251 -0.14921 -7.34573e-21)
(0.822766 -0.0756766 -3.50386e-21)
(0.806093 -0.0855491 -2.2337e-20)
(0.788609 -0.0964093 3.6535e-20)
(0.769874 -0.108892 -3.91908e-20)
(0.750502 -0.121933 1.08115e-20)
(0.729772 -0.138878 3.4365e-20)
(0.82112 -0.0697608 -1.74393e-21)
(0.804108 -0.0789005 -1.13112e-20)
(0.786205 -0.0889658 1.60329e-20)
(0.766992 -0.100542 -4.45712e-20)
(0.747029 -0.112653 3.5242e-20)
(0.725612 -0.128392 -1.18913e-20)
(0.819604 -0.0638071 1.36406e-20)
(0.802278 -0.0722025 1.46389e-20)
(0.783989 -0.0814576 -1.13348e-20)
(0.764336 -0.0921074 -3.20332e-21)
(0.743826 -0.103265 -6.92606e-21)
(0.721775 -0.117766 3.99338e-20)
(0.818218 -0.0578185 -1.9948e-20)
(0.800604 -0.065459 9.98162e-21)
(0.781963 -0.0738899 1.00971e-21)
(0.761907 -0.0835963 -2.15149e-20)
(0.740898 -0.0937782 7.47869e-21)
(0.718265 -0.107011 -2.65242e-20)
(0.816961 -0.0517981 -2.27508e-21)
(0.799088 -0.0586741 -8.3224e-21)
(0.780129 -0.0662682 1.36554e-21)
(0.759708 -0.0750152 1.77976e-20)
(0.738246 -0.0842011 -1.22522e-20)
(0.715085 -0.0961384 -6.29273e-21)
(0.815836 -0.0457491 -7.35593e-21)
(0.797731 -0.0518519 1.93358e-20)
(0.778486 -0.0585978 -9.28278e-21)
(0.757739 -0.066371 -3.9435e-21)
(0.735872 -0.0745428 -4.26264e-21)
(0.712239 -0.08516 -3.68933e-21)
(0.814842 -0.0396745 -1.24949e-21)
(0.796533 -0.0449966 4.66663e-21)
(0.777037 -0.0508841 -1.49264e-20)
(0.756002 -0.0576709 5.53725e-22)
(0.733779 -0.0648126 6.65303e-21)
(0.709731 -0.0740879 1.0467e-20)
(0.81398 -0.0335775 -7.17933e-21)
(0.795494 -0.0381122 1.34936e-20)
(0.775782 -0.0431326 -1.59499e-20)
(0.7545 -0.048922 1.12994e-20)
(0.731968 -0.0550196 5.52285e-21)
(0.707561 -0.0629342 -1.76812e-20)
(0.81325 -0.0274612 -1.12186e-21)
(0.794616 -0.031203 1.492e-22)
(0.774722 -0.0353489 -2.48275e-21)
(0.753231 -0.0401315 1.95332e-21)
(0.730441 -0.0451732 1.54162e-20)
(0.705734 -0.0517112 -1.12583e-20)
(0.812653 -0.021329 2.18493e-21)
(0.793899 -0.0242731 6.169e-21)
(0.773857 -0.0275384 -4.88256e-21)
(0.752199 -0.0313066 6.49452e-21)
(0.7292 -0.0352826 -5.54748e-21)
(0.70425 -0.0404309 -5.70651e-21)
(0.812189 -0.015184 4.72926e-21)
(0.793344 -0.0173269 -2.03232e-21)
(0.773189 -0.0197067 -2.62502e-21)
(0.751403 -0.0224545 6.56652e-21)
(0.728245 -0.0253573 -4.21943e-21)
(0.703111 -0.0291058 1.02094e-21)
(0.811858 -0.00902942 2.03126e-21)
(0.79295 -0.0103685 -2.96922e-21)
(0.772718 -0.0118594 -2.5964e-22)
(0.750844 -0.0135825 -4.45844e-21)
(0.727577 -0.0154066 4.63646e-21)
(0.702318 -0.017748 -2.80942e-21)
(0.81166 -0.00286878 2.74501e-22)
(0.792718 -0.00340235 -1.65306e-21)
(0.772443 -0.00400219 -5.9589e-22)
(0.750523 -0.00469793 2.11155e-21)
(0.727196 -0.00543992 3.84468e-23)
(0.701872 -0.00636985 -2.18961e-21)
(1.04735 -0.00168759 0)
(1.0499 -0.00171373 0)
(1.05237 -0.00173488 0)
(1.05474 -0.00175265 0)
(1.05703 -0.00176535 0)
(1.05922 -0.00177652 0)
(1.06133 -0.00178122 0)
(1.06334 -0.00178864 0)
(1.06525 -0.00178361 0)
(1.04741 -0.00502999 0)
(1.04997 -0.00510826 0)
(1.05244 -0.00517166 0)
(1.05483 -0.00522491 0)
(1.05713 -0.00526311 0)
(1.05933 -0.00529659 0)
(1.06144 -0.00531098 0)
(1.06346 -0.00533305 0)
(1.06539 -0.00531883 0)
(1.04751 -0.00831292 0)
(1.05009 -0.00844345 0)
(1.05259 -0.00854933 0)
(1.055 -0.00863837 0)
(1.05731 -0.0087024 0)
(1.05954 -0.00875859 0)
(1.06167 -0.00878306 0)
(1.06371 -0.0088203 0)
(1.06565 -0.00879717 0)
(1.04767 -0.0115481 0)
(1.05027 -0.0117319 0)
(1.0528 -0.0118812 0)
(1.05523 -0.0120069 0)
(1.05758 -0.0120977 0)
(1.05983 -0.0121775 0)
(1.06199 -0.0122128 0)
(1.06406 -0.0122661 0)
(1.06602 -0.0122345 0)
(1.04786 -0.014746 0)
(1.0505 -0.0149846 0)
(1.05306 -0.0151789 0)
(1.05553 -0.015343 0)
(1.05791 -0.0154618 0)
(1.06021 -0.0155667 0)
(1.0624 -0.0156138 0)
(1.0645 -0.0156846 0)
(1.0665 -0.0156452 0)
(1.04808 -0.0179157 0)
(1.05076 -0.0182115 0)
(1.05337 -0.0184529 0)
(1.05589 -0.0186574 0)
(1.05831 -0.0188062 0)
(1.06065 -0.018938 0)
(1.06288 -0.0189985 0)
(1.06504 -0.0190884 0)
(1.06708 -0.0190418 0)
(1.04832 -0.0210651 0)
(1.05106 -0.0214211 0)
(1.05371 -0.0217124 0)
(1.05629 -0.02196 0)
(1.05876 -0.0221411 0)
(1.06115 -0.0223022 0)
(1.06344 -0.0223777 0)
(1.06565 -0.0224889 0)
(1.06773 -0.022436 0)
(1.04857 -0.0242012 0)
(1.05137 -0.0246209 0)
(1.05409 -0.0249655 0)
(1.05672 -0.0252595 0)
(1.05926 -0.0254756 0)
(1.06171 -0.0256688 0)
(1.06405 -0.0257614 0)
(1.06632 -0.0258965 0)
(1.06846 -0.0258382 0)
(1.04883 -0.02733 0)
(1.0517 -0.0278177 0)
(1.05448 -0.0282195 0)
(1.05718 -0.0285635 0)
(1.05978 -0.0288181 0)
(1.0623 -0.0290466 0)
(1.06471 -0.0291588 0)
(1.06706 -0.0293206 0)
(1.06925 -0.0292581 0)
(1.04909 -0.0304565 0)
(1.05202 -0.0310171 0)
(1.05487 -0.0314805 0)
(1.05765 -0.031879 0)
(1.06033 -0.0321757 0)
(1.06293 -0.0324434 0)
(1.06541 -0.0325779 0)
(1.06783 -0.0327698 0)
(1.0701 -0.0327045 0)
(1.04933 -0.0335852 0)
(1.05234 -0.034224 0)
(1.05527 -0.0347542 0)
(1.05813 -0.0352121 0)
(1.06089 -0.0355552 0)
(1.06357 -0.0358661 0)
(1.06614 -0.0360262 0)
(1.06864 -0.0362521 0)
(1.07098 -0.0361856 0)
(1.04955 -0.0367197 0)
(1.05264 -0.0374428 0)
(1.05566 -0.0380454 0)
(1.0586 -0.038568 0)
(1.06145 -0.0389623 0)
(1.06423 -0.0393214 0)
(1.06688 -0.0395107 0)
(1.06948 -0.0397747 0)
(1.0719 -0.0397089 0)
(1.04974 -0.0398628 0)
(1.05292 -0.0406768 0)
(1.05602 -0.041358 0)
(1.05906 -0.0419516 0)
(1.06201 -0.0424024 0)
(1.06488 -0.0428149 0)
(1.06763 -0.0430374 0)
(1.07033 -0.0433445 0)
(1.07284 -0.0432814 0)
(1.04989 -0.0430168 0)
(1.05315 -0.043929 0)
(1.05636 -0.0446958 0)
(1.0595 -0.0453668 0)
(1.06254 -0.0458801 0)
(1.06552 -0.0463519 0)
(1.06837 -0.0466122 0)
(1.07118 -0.0469677 0)
(1.07379 -0.0469097 0)
(1.04998 -0.0461833 0)
(1.05335 -0.0472017 0)
(1.05665 -0.0480614 0)
(1.0599 -0.0488173 0)
(1.06305 -0.0493994 0)
(1.06614 -0.0499371 0)
(1.0691 -0.0502401 0)
(1.07202 -0.05065 0)
(1.07474 -0.0505999 0)
(1.05002 -0.0493633 0)
(1.05349 -0.0504964 0)
(1.0569 -0.0514571 0)
(1.06025 -0.0523058 0)
(1.06352 -0.052964 0)
(1.06673 -0.0535747 0)
(1.06981 -0.0539261 0)
(1.07285 -0.0543968 0)
(1.07568 -0.0543577 0)
(1.04999 -0.0525572 0)
(1.05356 -0.0538142 0)
(1.05708 -0.0548848 0)
(1.06055 -0.055835 0)
(1.06394 -0.056577 0)
(1.06728 -0.0572685 0)
(1.07048 -0.0576742 0)
(1.07365 -0.058213 0)
(1.0766 -0.0581884 0)
(1.04989 -0.0557649 0)
(1.05356 -0.0571556 0)
(1.05719 -0.0583455 0)
(1.06079 -0.0594065 0)
(1.0643 -0.0602407 0)
(1.06777 -0.0610216 0)
(1.0711 -0.0614885 0)
(1.07442 -0.0621032 0)
(1.07749 -0.062097 0)
(1.0497 -0.0589858 0)
(1.05348 -0.0605206 0)
(1.05723 -0.06184 0)
(1.06095 -0.0630219 0)
(1.0646 -0.0639574 0)
(1.0682 -0.0648369 0)
(1.07167 -0.0653724 0)
(1.07513 -0.0660717 0)
(1.07835 -0.0660882 0)
(1.04941 -0.0622185 0)
(1.0533 -0.0639086 0)
(1.05717 -0.0653682 0)
(1.06103 -0.0666819 0)
(1.06481 -0.0677286 0)
(1.06856 -0.0687167 0)
(1.07217 -0.0693288 0)
(1.07579 -0.0701221 0)
(1.07915 -0.0701664 0)
(1.04903 -0.0654613 0)
(1.05303 -0.0673185 0)
(1.05702 -0.0689298 0)
(1.06101 -0.0703868 0)
(1.06493 -0.0715554 0)
(1.06884 -0.0726631 0)
(1.0726 -0.0733606 0)
(1.07638 -0.0742582 0)
(1.07989 -0.0743356 0)
(1.04853 -0.0687119 0)
(1.05264 -0.0707485 0)
(1.05676 -0.0725238 0)
(1.06089 -0.0741365 0)
(1.06496 -0.0754385 0)
(1.06902 -0.0766774 0)
(1.07294 -0.0774699 0)
(1.07689 -0.0784829 0)
(1.08057 -0.0785995 0)
(1.04792 -0.0719675 0)
(1.05214 -0.0741965 0)
(1.05638 -0.0761487 0)
(1.06065 -0.0779303 0)
(1.06487 -0.0793779 0)
(1.06909 -0.0807607 0)
(1.07319 -0.0816586 0)
(1.07731 -0.082799 0)
(1.08116 -0.0829616 0)
(1.04719 -0.0752248 0)
(1.05152 -0.0776598 0)
(1.05588 -0.0798024 0)
(1.06029 -0.081767 0)
(1.06467 -0.0833733 0)
(1.06906 -0.0849136 0)
(1.07332 -0.0859281 0)
(1.07763 -0.0872091 0)
(1.08167 -0.0874252 0)
(1.04632 -0.0784799 0)
(1.05076 -0.0811351 0)
(1.05525 -0.0834825 0)
(1.0598 -0.0856449 0)
(1.06434 -0.0874238 0)
(1.0689 -0.0891361 0)
(1.07334 -0.0902795 0)
(1.07784 -0.0917152 0)
(1.08207 -0.0919929 0)
(1.04532 -0.0817285 0)
(1.04986 -0.0846186 0)
(1.05448 -0.0871859 0)
(1.05917 -0.0895615 0)
(1.06387 -0.091528 0)
(1.0686 -0.093428 0)
(1.07324 -0.0947133 0)
(1.07792 -0.096319 0)
(1.08236 -0.0966674 0)
(1.04417 -0.0849659 0)
(1.04881 -0.088106 0)
(1.05355 -0.0909087 0)
(1.05839 -0.0935142 0)
(1.06325 -0.0956841 0)
(1.06816 -0.0977883 0)
(1.07299 -0.0992296 0)
(1.07788 -0.101022 0)
(1.08254 -0.101451 0)
(1.04288 -0.0881868 0)
(1.04761 -0.0915925 0)
(1.05247 -0.0946469 0)
(1.05745 -0.0974995 0)
(1.06247 -0.0998895 0)
(1.06756 -0.102216 0)
(1.0726 -0.103828 0)
(1.07769 -0.105824 0)
(1.08258 -0.106345 0)
(1.04143 -0.0913853 0)
(1.04625 -0.0950726 0)
(1.05122 -0.0983957 0)
(1.05634 -0.101513 0)
(1.06153 -0.104141 0)
(1.06681 -0.106708 0)
(1.07204 -0.108508 0)
(1.07735 -0.110727 0)
(1.08247 -0.111352 0)
(1.03983 -0.0945554 0)
(1.04472 -0.0985406 0)
(1.0498 -0.10215 0)
(1.05506 -0.105551 0)
(1.06041 -0.108435 0)
(1.06587 -0.111263 0)
(1.07132 -0.113268 0)
(1.07685 -0.11573 0)
(1.08222 -0.116471 0)
(1.03806 -0.0976905 0)
(1.04302 -0.10199 0)
(1.04821 -0.105903 0)
(1.05359 -0.109608 0)
(1.05911 -0.112768 0)
(1.06475 -0.115877 0)
(1.07042 -0.118106 0)
(1.07616 -0.120833 0)
(1.08179 -0.121706 0)
(1.03613 -0.100783 0)
(1.04115 -0.105414 0)
(1.04643 -0.109649 0)
(1.05194 -0.113678 0)
(1.05762 -0.117134 0)
(1.06344 -0.120546 0)
(1.06933 -0.12302 0)
(1.0753 -0.126035 0)
(1.0812 -0.127054 0)
(1.03403 -0.103827 0)
(1.03909 -0.108805 0)
(1.04446 -0.113381 0)
(1.05008 -0.117754 0)
(1.05592 -0.121528 0)
(1.06193 -0.125267 0)
(1.06803 -0.128006 0)
(1.07423 -0.131333 0)
(1.08041 -0.132517 0)
(1.03176 -0.106813 0)
(1.03685 -0.112155 0)
(1.04229 -0.117091 0)
(1.04803 -0.121829 0)
(1.05401 -0.125944 0)
(1.0602 -0.130034 0)
(1.06653 -0.133061 0)
(1.07296 -0.136727 0)
(1.07943 -0.138093 0)
(1.02931 -0.109734 0)
(1.03443 -0.115457 0)
(1.03993 -0.120771 0)
(1.04576 -0.125897 0)
(1.05189 -0.130374 0)
(1.05825 -0.134841 0)
(1.0648 -0.13818 0)
(1.07146 -0.142212 0)
(1.07824 -0.143781 0)
(1.0267 -0.112582 0)
(1.03181 -0.1187 0)
(1.03736 -0.124412 0)
(1.04328 -0.129948 0)
(1.04955 -0.134812 0)
(1.05607 -0.139682 0)
(1.06285 -0.143358 0)
(1.06973 -0.147786 0)
(1.07682 -0.14958 0)
(1.02392 -0.115347 0)
(1.02901 -0.121877 0)
(1.03459 -0.128006 0)
(1.04057 -0.133973 0)
(1.04697 -0.139248 0)
(1.05365 -0.144548 0)
(1.06065 -0.148589 0)
(1.06776 -0.153444 0)
(1.07517 -0.155486 0)
(1.02096 -0.118021 0)
(1.02602 -0.124977 0)
(1.0316 -0.131542 0)
(1.03764 -0.137962 0)
(1.04415 -0.143675 0)
(1.05097 -0.149433 0)
(1.0582 -0.153866 0)
(1.06553 -0.15918 0)
(1.07327 -0.161498 0)
(1.01784 -0.120596 0)
(1.02283 -0.127992 0)
(1.02841 -0.13501 0)
(1.03448 -0.141907 0)
(1.04109 -0.148081 0)
(1.04805 -0.154327 0)
(1.05549 -0.159183 0)
(1.06304 -0.16499 0)
(1.07112 -0.16761 0)
(1.01455 -0.123061 0)
(1.01945 -0.13091 0)
(1.025 -0.1384 0)
(1.03109 -0.145794 0)
(1.03778 -0.152457 0)
(1.04486 -0.15922 0)
(1.05251 -0.164529 0)
(1.06027 -0.170865 0)
(1.06869 -0.173818 0)
(1.0111 -0.12541 0)
(1.01589 -0.133723 0)
(1.02138 -0.141701 0)
(1.02746 -0.149614 0)
(1.03422 -0.156791 0)
(1.04139 -0.164102 0)
(1.04925 -0.169897 0)
(1.0572 -0.176799 0)
(1.06598 -0.180116 0)
(1.00749 -0.127631 0)
(1.01214 -0.136418 0)
(1.01756 -0.144901 0)
(1.02359 -0.153353 0)
(1.0304 -0.161071 0)
(1.03765 -0.16896 0)
(1.0457 -0.175276 0)
(1.05384 -0.182782 0)
(1.06297 -0.1865 0)
(1.00373 -0.129717 0)
(1.00821 -0.138987 0)
(1.01352 -0.147989 0)
(1.01949 -0.157001 0)
(1.02632 -0.165286 0)
(1.03363 -0.173784 0)
(1.04186 -0.180655 0)
(1.05017 -0.188805 0)
(1.05966 -0.19296 0)
(0.999824 -0.13166 0)
(1.00411 -0.141419 0)
(1.00928 -0.150953 0)
(1.01515 -0.160543 0)
(1.02198 -0.169422 0)
(1.02932 -0.178559 0)
(1.03771 -0.186022 0)
(1.04617 -0.194858 0)
(1.05603 -0.19949 0)
(0.99578 -0.133451 0)
(0.999834 -0.143703 0)
(1.00484 -0.153782 0)
(1.01058 -0.163967 0)
(1.01737 -0.173465 0)
(1.02473 -0.183272 0)
(1.03326 -0.191365 0)
(1.04186 -0.200929 0)
(1.05207 -0.20608 0)
(0.991607 -0.135082 0)
(0.995399 -0.14583 0)
(1.0002 -0.156465 0)
(1.00579 -0.167258 0)
(1.01251 -0.177402 0)
(1.01984 -0.187908 0)
(1.0285 -0.19667 0)
(1.0372 -0.207005 0)
(1.04778 -0.212722 0)
(0.987315 -0.136546 0)
(0.990812 -0.14779 0)
(0.995379 -0.158989 0)
(1.00077 -0.170405 0)
(1.0074 -0.181218 0)
(1.01466 -0.192452 0)
(1.02342 -0.201924 0)
(1.03221 -0.213072 0)
(1.04314 -0.219404 0)
(0.982916 -0.137836 0)
(0.986085 -0.149574 0)
(0.990383 -0.161343 0)
(0.995535 -0.173393 0)
(1.00203 -0.184899 0)
(1.0092 -0.196887 0)
(1.01803 -0.207111 0)
(1.02688 -0.219117 0)
(1.03815 -0.226115 0)
(0.978423 -0.138947 0)
(0.98123 -0.151174 0)
(0.985224 -0.163517 0)
(0.990098 -0.176209 0)
(0.99643 -0.18843 0)
(1.00346 -0.201199 0)
(1.01233 -0.212217 0)
(1.0212 -0.225124 0)
(1.03281 -0.232844 0)
(0.973851 -0.139874 0)
(0.976262 -0.152583 0)
(0.979917 -0.1655 0)
(0.98447 -0.178839 0)
(0.990594 -0.191796 0)
(0.997435 -0.205368 0)
(1.00632 -0.217224 0)
(1.01517 -0.231074 0)
(1.0271 -0.239575 0)
(0.969214 -0.140611 0)
(0.971198 -0.153793 0)
(0.974476 -0.167281 0)
(0.978665 -0.18127 0)
(0.984538 -0.194981 0)
(0.991144 -0.209376 0)
(0.999999 -0.222115 0)
(1.00878 -0.236949 0)
(1.02102 -0.246293 0)
(0.964531 -0.141156 0)
(0.966055 -0.154798 0)
(0.968919 -0.168852 0)
(0.972698 -0.18349 0)
(0.978274 -0.197969 0)
(0.984591 -0.213204 0)
(0.993372 -0.226871 0)
(1.00204 -0.242728 0)
(1.01457 -0.252981 0)
(0.959818 -0.141506 0)
(0.960853 -0.155594 0)
(0.963264 -0.170202 0)
(0.966587 -0.185486 0)
(0.971816 -0.200743 0)
(0.977782 -0.216832 0)
(0.986438 -0.231472 0)
(0.994933 -0.248389 0)
(1.00771 -0.259622 0)
(0.955096 -0.14166 0)
(0.955612 -0.156176 0)
(0.957529 -0.171324 0)
(0.96035 -0.187247 0)
(0.965175 -0.203286 0)
(0.970723 -0.220237 0)
(0.979194 -0.235896 0)
(0.987442 -0.253904 0)
(1.00043 -0.266199 0)
(0.950382 -0.141617 0)
(0.950353 -0.156541 0)
(0.951731 -0.172209 0)
(0.954003 -0.188758 0)
(0.95836 -0.205576 0)
(0.963421 -0.223394 0)
(0.971632 -0.240109 0)
(0.97955 -0.259232 0)
(0.992689 -0.272677 0)
(0.945695 -0.141372 0)
(0.945094 -0.156677 0)
(0.945888 -0.172838 0)
(0.947565 -0.189993 0)
(0.951377 -0.207576 0)
(0.95588 -0.226254 0)
(0.96374 -0.244056 0)
(0.971235 -0.264304 0)
(0.984454 -0.278986 0)
(0.941054 -0.140914 0)
(0.939854 -0.15657 0)
(0.940016 -0.173195 0)
(0.941051 -0.190931 0)
(0.944233 -0.209256 0)
(0.948109 -0.228786 0)
(0.955499 -0.247702 0)
(0.962479 -0.269093 0)
(0.975692 -0.285127 0)
(0.936473 -0.140275 0)
(0.934647 -0.156263 0)
(0.934125 -0.173334 0)
(0.934471 -0.191642 0)
(0.936927 -0.210712 0)
(0.940105 -0.231111 0)
(0.946869 -0.251207 0)
(0.953256 -0.273805 0)
(0.96634 -0.291479 0)
(0.931956 -0.139594 0)
(0.929471 -0.155913 0)
(0.92821 -0.173439 0)
(0.927808 -0.192332 0)
(0.92943 -0.212175 0)
(0.931834 -0.233481 0)
(0.937765 -0.254849 0)
(0.94347 -0.278715 0)
(0.956156 -0.298549 0)
(0.927494 -0.138858 0)
(0.924309 -0.155434 0)
(0.922248 -0.173317 0)
(0.92103 -0.192671 0)
(0.921705 -0.213128 0)
(0.923246 -0.235163 0)
(0.928116 -0.257563 0)
(0.933024 -0.282419 0)
(0.944664 -0.304389 0)
)
;

boundaryField
{
    inlet
    {
        type            uniformFixedValue;
        uniformValue    constant (1 0 0);
        value           nonuniform 0();
    }
    outlet
    {
        type            pressureInletOutletVelocity;
        value           nonuniform 0();
    }
    cylinder
    {
        type            fixedValue;
        value           nonuniform 0();
    }
    top
    {
        type            symmetryPlane;
    }
    bottom
    {
        type            symmetryPlane;
    }
    defaultFaces
    {
        type            empty;
    }
    procBoundary2to1
    {
        type            processor;
        value           nonuniform List<vector> 
104
(
(0.923879 -0.137159 8.27422e-22)
(0.923879 -0.137159 8.27422e-22)
(0.920914 -0.134223 2.72163e-20)
(0.918214 -0.131035 8.77169e-21)
(0.915713 -0.127935 -1.50554e-20)
(0.913368 -0.124832 2.84464e-20)
(0.91115 -0.121688 2.60919e-20)
(0.909037 -0.118508 -3.40919e-20)
(0.899935 -0.129727 -1.55492e-20)
(0.899935 -0.129727 -1.55492e-20)
(0.897588 -0.126156 6.06917e-21)
(0.895326 -0.122548 4.28746e-20)
(0.893146 -0.118902 -8.55137e-21)
(0.891042 -0.11522 3.24357e-21)
(0.889012 -0.111502 -1.30866e-20)
(0.887055 -0.107751 2.96513e-20)
(0.885168 -0.103965 1.48263e-21)
(0.873158 -0.112853 6.96446e-21)
(0.873158 -0.112853 6.96446e-21)
(0.871027 -0.108572 -1.09099e-20)
(0.86898 -0.10425 -1.93015e-20)
(0.867016 -0.0998892 2.39052e-20)
(0.865136 -0.0954906 9.53711e-21)
(0.863339 -0.0910557 6.2801e-22)
(0.861626 -0.0865858 -6.0494e-22)
(0.859997 -0.0820826 1.61679e-20)
(0.858453 -0.0775476 -2.08633e-20)
(0.856994 -0.0729824 -2.79941e-21)
(0.8414 -0.0773822 -5.05581e-21)
(0.8414 -0.0773822 -5.05581e-21)
(0.839836 -0.0721835 4.97228e-22)
(0.838377 -0.0669516 -6.20035e-21)
(0.837023 -0.0616887 -3.22964e-21)
(0.835775 -0.056397 3.19811e-20)
(0.834634 -0.0510789 -1.01158e-20)
(0.8336 -0.0457366 -1.19172e-20)
(0.832673 -0.0403724 3.48743e-21)
(0.831853 -0.0349888 -3.77183e-21)
(0.831142 -0.029588 6.11021e-21)
(0.830539 -0.0241725 5.19504e-21)
(0.830045 -0.0187447 5.41094e-22)
(0.829659 -0.0133069 2.4043e-21)
(0.829383 -0.00786171 -7.86688e-22)
(0.829216 -0.00241178 -8.20735e-22)
(1.04472 -0.00165702 0)
(1.04476 -0.00493847 0)
(1.04485 -0.00816043 0)
(1.04498 -0.0113338 0)
(1.04514 -0.0144682 0)
(1.04531 -0.0175721 0)
(1.04551 -0.0206526 0)
(1.04571 -0.0237161 0)
(1.04591 -0.026768 0)
(1.04609 -0.0298127 0)
(1.04626 -0.032854 0)
(1.04641 -0.0358949 0)
(1.04651 -0.0389377 0)
(1.04658 -0.041984 0)
(1.04659 -0.0450348 0)
(1.04653 -0.0480906 0)
(1.04641 -0.0511512 0)
(1.04621 -0.0542159 0)
(1.04592 -0.0572833 0)
(1.04554 -0.0603518 0)
(1.04506 -0.0634189 0)
(1.04447 -0.066482 0)
(1.04377 -0.0695376 0)
(1.04295 -0.0725821 0)
(1.042 -0.0756112 0)
(1.04091 -0.0786202 0)
(1.03969 -0.081604 0)
(1.03833 -0.0845572 0)
(1.03683 -0.0874737 0)
(1.03517 -0.0903475 0)
(1.03337 -0.0931718 0)
(1.03141 -0.0959399 0)
(1.0293 -0.0986445 0)
(1.02703 -0.101278 0)
(1.02461 -0.103834 0)
(1.02204 -0.106303 0)
(1.01931 -0.108678 0)
(1.01643 -0.110952 0)
(1.01341 -0.113116 0)
(1.01025 -0.115163 0)
(1.00695 -0.117085 0)
(1.00351 -0.118874 0)
(0.999956 -0.120524 0)
(0.996279 -0.122028 0)
(0.992493 -0.12338 0)
(0.988606 -0.124574 0)
(0.984629 -0.125605 0)
(0.980573 -0.126469 0)
(0.976451 -0.127161 0)
(0.972277 -0.12768 0)
(0.968065 -0.128024 0)
(0.963833 -0.128192 0)
(0.959596 -0.128183 0)
(0.955374 -0.127999 0)
(0.951184 -0.127643 0)
(0.947044 -0.127111 0)
(0.942972 -0.126396 0)
(0.938983 -0.125522 0)
(0.935084 -0.124606 0)
(0.931268 -0.123689 0)
)
;
    }
    procBoundary2to3
    {
        type            processor;
        value           nonuniform List<vector> 
109
(
(0.419367 -0.0347767 -2.14197e-20)
(0.420986 -0.055784 -8.28305e-21)
(0.423344 -0.0767191 3.15604e-20)
(0.426437 -0.0975535 4.62606e-20)
(0.43026 -0.118259 5.67699e-20)
(0.434807 -0.138807 -1.18109e-19)
(0.440072 -0.15917 3.94325e-20)
(0.480415 -0.168483 1.14167e-20)
(0.480415 -0.168483 1.14167e-20)
(0.486657 -0.18721 9.83798e-20)
(0.493544 -0.205688 2.08289e-20)
(0.501065 -0.223895 -2.77578e-20)
(0.509207 -0.241806 -5.97025e-20)
(0.517959 -0.259399 1.21597e-19)
(0.527307 -0.276649 -1.87366e-19)
(0.565945 -0.276003 -1.90478e-19)
(0.565945 -0.276003 -1.90478e-19)
(0.575763 -0.291549 2.15686e-19)
(0.586095 -0.306719 -2.20369e-19)
(0.596926 -0.321492 8.34207e-20)
(0.608239 -0.335852 -1.23334e-19)
(0.643644 -0.329134 6.52489e-21)
(0.643644 -0.329134 6.52489e-21)
(0.655089 -0.341864 -1.13567e-19)
(0.666936 -0.354166 3.81778e-20)
(0.679167 -0.366025 5.42766e-20)
(0.71107 -0.355407 5.28632e-20)
(0.71107 -0.355407 5.28632e-20)
(0.723201 -0.365761 8.5419e-20)
(0.735642 -0.375671 -1.51288e-19)
(0.764363 -0.362882 2.44295e-20)
(0.764363 -0.362882 2.44295e-20)
(0.776567 -0.371421 -7.24058e-20)
(0.789012 -0.379526 -2.1199e-19)
(0.814555 -0.365084 -8.30782e-20)
(0.814555 -0.365084 -8.30782e-20)
(0.826655 -0.371964 8.53554e-20)
(0.838935 -0.378428 -7.17443e-20)
(0.86142 -0.362816 8.06123e-21)
(0.86142 -0.362816 8.06123e-21)
(0.873268 -0.368223 2.26382e-19)
(0.894373 -0.351776 -6.89749e-20)
(0.894373 -0.351776 -6.89749e-20)
(0.90578 -0.356259 1.10573e-19)
(0.925706 -0.339206 1.25217e-20)
(0.925706 -0.339206 1.25217e-20)
(0.936956 -0.343074 -1.78066e-20)
(0.947869 -0.346522 1.59365e-19)
(0.954124 -0.337909 0)
(1.06709 -0.00179432 0)
(1.06723 -0.00534953 0)
(1.06752 -0.00884872 0)
(1.06792 -0.0123082 0)
(1.06844 -0.0157425 0)
(1.06907 -0.0191648 0)
(1.06978 -0.0225871 0)
(1.07058 -0.0260205 0)
(1.07145 -0.0294749 0)
(1.07238 -0.0329597 0)
(1.07335 -0.0364835 0)
(1.07437 -0.0400545 0)
(1.07542 -0.0436802 0)
(1.07648 -0.0473677 0)
(1.07756 -0.0511239 0)
(1.07863 -0.0549549 0)
(1.0797 -0.0588671 0)
(1.08074 -0.062866 0)
(1.08174 -0.0669571 0)
(1.08271 -0.0711458 0)
(1.08363 -0.075437 0)
(1.08448 -0.0798353 0)
(1.08526 -0.0843454 0)
(1.08595 -0.0889714 0)
(1.08655 -0.0937174 0)
(1.08705 -0.0985872 0)
(1.08744 -0.103584 0)
(1.08769 -0.108712 0)
(1.08781 -0.113973 0)
(1.08778 -0.11937 0)
(1.0876 -0.124906 0)
(1.08724 -0.130582 0)
(1.08669 -0.136401 0)
(1.08595 -0.142363 0)
(1.085 -0.148469 0)
(1.08383 -0.154719 0)
(1.08243 -0.161113 0)
(1.08077 -0.16765 0)
(1.07885 -0.174328 0)
(1.07666 -0.181145 0)
(1.07418 -0.188098 0)
(1.07139 -0.195183 0)
(1.06828 -0.202395 0)
(1.06485 -0.209728 0)
(1.06107 -0.217177 0)
(1.05694 -0.224733 0)
(1.05245 -0.232387 0)
(1.04758 -0.240129 0)
(1.04233 -0.247947 0)
(1.03669 -0.255826 0)
(1.03063 -0.263751 0)
(1.02414 -0.271705 0)
(1.0172 -0.279674 0)
(1.00979 -0.287648 0)
(1.00188 -0.295599 0)
(0.993426 -0.303453 0)
(0.984377 -0.311221 0)
(0.974708 -0.319464 0)
(0.964563 -0.329138 0)
(0.954124 -0.337909 0)
)
;
    }
    procBoundary2to18
    {
        type            processor;
        value           nonuniform List<vector> 
16
(
(0.455034 0.0267811 1.97647e-20)
(0.489008 0.0252834 -1.0814e-20)
(0.521005 0.0238925 5.59588e-21)
(0.551148 0.0226004 1.00051e-20)
(0.579551 0.0213993 2.16908e-20)
(0.606321 0.0202818 -4.28752e-20)
(0.631217 0.00551717 8.00684e-22)
(0.631217 0.00551717 8.00684e-22)
(0.655042 0.00534386 1.45328e-21)
(0.677522 0.00518331 6.26446e-21)
(0.811596 0.00329515 4.57705e-23)
(0.792648 0.00356757 -1.40285e-21)
(0.772366 0.00385951 -6.7187e-22)
(0.750439 0.0041919 1.87939e-21)
(0.727103 0.00453321 -1.04956e-21)
(0.701773 0.00501596 -1.04877e-21)
)
;
    }
    procBoundary2to19
    {
        type            processor;
        value           nonuniform List<vector> 2((0.41835 0.00733951 -6.03117e-21) (0.418488 -0.0137259 -4.73524e-21));
    }
}


// ************************************************************************* //
