/*--------------------------------*- C++ -*----------------------------------*\
  =========                 |
  \\      /  F ield         | OpenFOAM: The Open Source CFD Toolbox
   \\    /   O peration     | Website:  https://openfoam.org
    \\  /    A nd           | Version:  7
     \\/     M anipulation  |
\*---------------------------------------------------------------------------*/
FoamFile
{
    version     2.0;
    format      ascii;
    class       surfaceScalarField;
    location    "82";
    object      phi;
}
// * * * * * * * * * * * * * * * * * * * * * * * * * * * * * * * * * * * * * //

dimensions      [0 3 -1 0 0 0 0];

internalField   nonuniform List<scalar> 
2014
(
0.00183814
-0.00856861
0.00180598
-0.0140955
0.00176875
-0.0178388
0.00179109
-0.0170219
0.00185135
-0.0110535
0.0018879
-0.00243191
0.0018909
0.00716652
0.00191069
0.0156414
0.0193419
0.00161813
0.00833153
0.00177071
-0.00147314
0.00183393
-0.00863183
0.00179893
-0.0140605
0.00176089
-0.0178007
0.00178525
-0.0170463
0.00184811
-0.0111164
0.00188727
-0.00247107
0.0018936
0.00716019
0.0019164
0.0156186
0.0193056
0.00162021
0.0082265
0.00176896
-0.00162189
0.00182919
-0.00869206
0.00179141
-0.0140227
0.00175242
-0.0177617
0.00177869
-0.0170726
0.00184419
-0.0111819
0.00188604
-0.00251292
0.00189571
0.00715052
0.00192145
0.0155929
0.0192683
0.00162188
0.00812537
0.00176663
-0.00176664
0.00182393
-0.00874936
0.0017834
-0.0139822
0.00174333
-0.0177217
0.00177139
-0.0171006
0.00183959
-0.0112501
0.00188419
-0.00255752
0.00189721
0.0071375
0.00192585
0.0155642
0.0192302
0.00162314
0.00802838
0.00176372
-0.00190722
0.00181813
-0.00880376
0.00177492
-0.013939
0.00173361
-0.0176804
0.00176334
-0.0171304
0.00183428
-0.011321
0.00188173
-0.00260497
0.00189811
0.00712112
0.00192958
0.0155328
0.0191912
0.001624
0.00793575
0.00176024
-0.00204346
0.00181179
-0.00885532
0.00176595
-0.0138932
0.00172328
-0.0176377
0.00175453
-0.0171616
0.00182826
-0.0113947
0.00187865
-0.00265536
0.00189842
0.00710134
0.00193266
0.0154985
0.0191514
0.00162447
0.00784774
0.00175619
-0.00217518
0.00180492
-0.00890404
0.00175649
-0.0138447
0.00171232
-0.0175935
0.00174496
-0.0171943
0.00182153
-0.0114713
0.00187495
-0.00270878
0.00189814
0.00707816
0.00193509
0.0154616
0.0191108
0.00162456
0.00776459
0.00175158
-0.00230219
0.0017975
-0.00894997
0.00174655
-0.0137938
0.00170074
-0.0175477
0.0017346
-0.0172281
0.00181407
-0.0115508
0.00187064
-0.00276535
0.00189725
0.00705155
0.00193686
0.015422
0.0190693
0.00162426
0.00768656
0.00174641
-0.00242434
0.00178955
-0.0089931
0.00173613
-0.0137404
0.00168854
-0.0175001
0.00172347
-0.017263
0.00180587
-0.0116332
0.00186571
-0.00282519
0.00189578
0.00702147
0.00193798
0.0153798
0.0190271
0.00162358
0.00761391
0.00174068
-0.00254144
0.00178105
-0.00903347
0.00172522
-0.0136845
0.00167574
-0.0174506
0.00171155
-0.0172989
0.00179693
-0.0117186
0.00186015
-0.00288841
0.00189372
0.0069879
0.00193844
0.015335
0.0189841
0.00162252
0.00754691
0.0017344
-0.00265332
0.00177201
-0.00907108
0.00171383
-0.0136264
0.00166232
-0.0173991
0.00169884
-0.0173354
0.00178725
-0.011807
0.00185398
-0.00295515
0.00189107
0.00695081
0.00193827
0.0152878
0.0189404
0.00162107
0.00748582
0.00172757
-0.00275982
0.00176243
-0.00910594
0.00170196
-0.0135659
0.0016483
-0.0173455
0.00168534
-0.0173724
0.0017768
-0.0118984
0.00184718
-0.00302552
0.00188784
0.00691015
0.00193745
0.0152382
0.0188959
0.00161923
0.0074309
0.0017202
-0.00286079
0.00175232
-0.00913806
0.00168961
-0.0135032
0.00163369
-0.0172896
0.00167106
-0.0174098
0.0017656
-0.011993
0.00183977
-0.00309969
0.00188403
0.00686589
0.001936
0.0151863
0.0188507
0.001617
0.00738243
0.00171228
-0.00295606
0.00174167
-0.00916745
0.00167678
-0.0134383
0.00161849
-0.0172313
0.001656
-0.0174473
0.00175364
-0.0120906
0.00183172
-0.00317778
0.00187964
0.00681798
0.00193392
0.015132
0.0188047
0.00161437
0.00734067
0.00170381
-0.00304551
0.00173049
-0.00919413
0.00166348
-0.0133713
0.00160271
-0.0171705
0.00164016
-0.0174847
0.0017409
-0.0121913
0.00182306
-0.00325994
0.00187468
0.00676636
0.00193121
0.0150755
0.0187581
0.00161133
0.00730586
0.0016948
-0.00312897
0.00171878
-0.00921811
0.0016497
-0.0133022
0.00158637
-0.0171072
0.00162356
-0.0175219
0.00172738
-0.0122952
0.00181377
-0.00334632
0.00186914
0.00671098
0.00192788
0.0150167
0.0187107
0.00160789
0.00727827
0.00168525
-0.00320634
0.00170655
-0.00923941
0.00163546
-0.0132311
0.00156948
-0.0170412
0.00160619
-0.0175586
0.00171309
-0.0124021
0.00180384
-0.00343707
0.00186304
0.00665179
0.00192394
0.0149558
0.0186627
0.00160404
0.00725813
0.00167517
-0.00327746
0.00169381
-0.00925805
0.00162075
-0.013158
0.00155204
-0.0169725
0.00158809
-0.0175947
0.00169802
-0.012512
0.00179329
-0.00353234
0.00185636
0.00658872
0.00191939
0.0148928
0.0186139
0.00159978
0.00724569
0.00166455
-0.00334223
0.00168055
-0.00927405
0.00160559
-0.0130831
0.00153408
-0.016901
0.00156925
-0.0176299
0.00168216
-0.0126249
0.0017821
-0.00363229
0.00184913
0.00652169
0.00191425
0.0148277
0.0185644
0.00159511
0.00724115
0.0016534
-0.00340051
0.00166678
-0.00928744
0.00158997
-0.0130063
0.0015156
-0.0168266
0.0015497
-0.017664
0.00166551
-0.0127407
0.00177027
-0.00373705
0.00184134
0.00645063
0.00190852
0.0147605
0.0185143
0.00159003
0.00724473
0.00164172
-0.0034522
0.00165251
-0.00929823
0.00157391
-0.0129277
0.00149663
-0.0167493
0.00152945
-0.0176968
0.00164808
-0.0128593
0.0017578
-0.00384677
0.00183298
0.00637545
0.0019022
0.0146913
0.0184634
0.00158455
0.00725664
0.00162952
-0.00349716
0.00163774
-0.00930645
0.00155741
-0.0128473
0.00147717
-0.0166691
0.00150851
-0.0177281
0.00162987
-0.0129807
0.00174469
-0.00396159
0.00182408
0.00629606
0.00189531
0.01462
0.0184118
0.00157866
0.00727704
0.0016168
-0.0035353
0.00162248
-0.00931214
0.00154049
-0.0127653
0.00145725
-0.0165858
0.00148691
-0.0177578
0.00161087
-0.0131047
0.00173092
-0.00408163
0.00181461
0.00621236
0.00188785
0.0145468
0.0183594
0.00157239
0.0073061
0.00160357
-0.00356649
0.00160673
-0.0093153
0.00152315
-0.0126818
0.00143687
-0.0164995
0.00146465
-0.0177856
0.00159109
-0.0132311
0.00171649
-0.00420702
0.00180459
0.00612425
0.00187984
0.0144715
0.0183063
0.00156573
0.00734399
0.00158985
-0.00359061
0.0015905
-0.00931595
0.00150541
-0.0125967
0.00141606
-0.0164102
0.00144177
-0.0178113
0.00157055
-0.0133599
0.00170139
-0.00433787
0.00179402
0.00603162
0.00187127
0.0143943
0.0182525
0.0015587
0.00739081
0.00157563
-0.00360755
0.00157379
-0.00931411
0.00148727
-0.0125102
0.00139483
-0.0163178
0.00141827
-0.0178347
0.00154924
-0.0134908
0.00168562
-0.00447425
0.0017829
0.00593434
0.00186217
0.014315
0.0181979
0.00155131
0.0074467
0.00156094
-0.00361717
0.0015566
-0.00930977
0.00146876
-0.0124223
0.00137319
-0.0162222
0.00139417
-0.0178557
0.00152718
-0.0136239
0.00166918
-0.00461626
0.00177123
0.0058323
0.00185253
0.0142337
0.0181425
0.0015436
0.00751172
0.00154579
-0.00361936
0.00153895
-0.00930293
0.00144987
-0.0123332
0.00135117
-0.0161235
0.00136951
-0.017874
0.00150438
-0.0137587
0.00165205
-0.00476393
0.001759
0.00572535
0.00184237
0.0141504
0.0180864
0.00153557
0.00758596
0.00153018
-0.00361397
0.00152082
-0.00929357
0.00143062
-0.012243
0.00132876
-0.0160216
0.0013443
-0.0178896
0.00148086
-0.0138953
0.00163423
-0.0049173
0.00174622
0.00561335
0.00183169
0.0140649
0.0180294
0.00152726
0.00766945
0.00151415
-0.00360086
0.00150223
-0.00928165
0.00141102
-0.0121518
0.001306
-0.0159166
0.00131857
-0.0179021
0.00145663
-0.0140333
0.00161571
-0.00507638
0.00173288
0.00549618
0.0018205
0.0139773
0.0179716
0.0015187
0.0077622
0.00149771
-0.00357987
0.00148319
-0.00926712
0.00139109
-0.0120597
0.0012829
-0.0158084
0.00129235
-0.0179116
0.00143171
-0.0141727
0.00159648
-0.00524115
0.00171899
0.00537367
0.00180882
0.0138874
0.0179129
0.00150993
0.0078642
0.00148089
-0.00355084
0.00146368
-0.00924992
0.00137084
-0.0119669
0.00125948
-0.0156971
0.00126566
-0.0179178
0.00140613
-0.0143132
0.00157654
-0.00541156
0.00170452
0.00524568
0.00179664
0.0137953
0.0178534
0.001501
0.0079754
0.00146372
-0.00351356
0.00144373
-0.00922993
0.00135026
-0.0118734
0.00123576
-0.0155826
0.00123852
-0.0179205
0.00137988
-0.0144545
0.00155587
-0.00558755
0.00168949
0.00511207
0.00178397
0.0137009
0.017793
0.00149196
0.0080957
0.00144622
-0.00346781
0.00142333
-0.00920704
0.00132938
-0.0117795
0.00121175
-0.0154649
0.00121096
-0.0179197
0.00135301
-0.0145966
0.00153449
-0.00576903
0.00167387
0.00497269
0.00177082
0.0136039
0.0177316
0.0014829
0.00822498
0.00142843
-0.00341334
0.00140249
-0.0091811
0.00130819
-0.0116852
0.00118748
-0.0153442
0.00118302
-0.0179153
0.00132553
-0.0147391
0.00151239
-0.00595589
0.00165766
0.00482742
0.00175719
0.0135044
0.0176693
0.0014739
0.00836306
0.00141038
-0.00334982
0.0013812
-0.00915192
0.00128671
-0.0115907
0.00116298
-0.0152205
0.00115469
-0.017907
0.00129747
-0.0148819
0.00148957
-0.00614799
0.00164083
0.00467616
0.00174308
0.0134021
0.0176059
0.00146518
0.00850967
0.00139219
-0.00327683
0.0013595
-0.00911923
0.00126494
-0.0114961
0.00113824
-0.0150938
0.00112599
-0.0178947
0.00126878
-0.0150247
0.00146598
-0.00634519
0.00162333
0.00451881
0.00172847
0.013297
0.0175415
0.00145719
0.0086644
0.00137406
-0.00319369
0.00133742
-0.00908259
0.00124291
-0.0114016
0.00111333
-0.0149642
0.00109689
-0.0178783
0.00123942
-0.0151672
0.00144153
-0.0065473
0.00160504
0.0043553
0.0017133
0.0131887
0.0174759
0.00144991
0.00882708
0.0013557
-0.00309949
0.00131486
-0.00904175
0.00122062
-0.0113074
0.00108829
-0.0148319
0.00106762
-0.0178576
0.00120975
-0.0153093
0.00141648
-0.00675403
0.001586
0.00418577
0.00169752
0.0130772
0.0174088
0.0014414
0.00133565
-0.00299373
0.00129144
-0.00899754
0.00119788
-0.0112138
0.00106306
-0.0146971
0.00103863
-0.0178332
0.00118091
-0.0154516
0.00139217
-0.00696528
0.00156711
0.00401083
0.0016815
0.0129628
0.0173404
0.00264736
-0.00330632
0.00276928
-0.00911947
0.00272576
-0.0111703
0.00262068
-0.014592
0.00255309
-0.0177656
0.00250706
-0.0154056
0.00241329
-0.00687151
0.00228417
0.00413994
0.00221802
0.013029
0.0172911
0.0027288
-0.00361796
0.00284785
-0.00923851
0.0028001
-0.0111226
0.00268913
-0.014481
0.00261661
-0.0176931
0.00256659
-0.0153555
0.00246686
-0.00677178
0.00233029
0.00427651
0.0022589
0.0131004
0.0172398
0.00281591
-0.00392825
0.00292968
-0.00935228
0.00287612
-0.011069
0.00275886
-0.0143638
0.00268128
-0.0176155
0.00262713
-0.0153014
0.00252132
-0.00666597
0.00237691
0.00442092
0.00230008
0.0131772
0.0171861
0.00290774
-0.00423615
0.00301433
-0.00945887
0.00295398
-0.0110086
0.00283006
-0.0142398
0.00274715
-0.0175326
0.00268869
-0.0152429
0.00257665
-0.00655393
0.00242404
0.00457353
0.00234143
0.0132598
0.0171296
0.00300382
-0.00454006
0.00310157
-0.00955662
0.00303371
-0.0109408
0.00290281
-0.0141089
0.00281425
-0.017444
0.00275128
-0.01518
0.00263282
-0.00643547
0.00247163
0.00473472
0.00238296
0.0133485
0.0170697
0.00310392
-0.00483799
0.00319129
-0.00964399
0.00311534
-0.0108648
0.00297712
-0.0139707
0.00288257
-0.0173495
0.00281491
-0.0151123
0.00268983
-0.00631039
0.00251963
0.00490493
0.00242463
0.0134435
0.0170058
0.00320788
-0.00512769
0.00328341
-0.00971952
0.00319883
-0.0107802
0.00305301
-0.0138249
0.0029521
-0.0172486
0.00287954
-0.0150397
0.00274765
-0.0061785
0.00256797
0.00508461
0.00246643
0.013545
0.0169373
0.0033156
-0.00540679
0.00337784
-0.00978176
0.00328419
-0.0106866
0.00313048
-0.0136712
0.00302281
-0.0171409
0.00294514
-0.0149621
0.00280623
-0.00603959
0.00261658
0.00527425
0.00250834
0.0136532
0.0168634
0.00342696
-0.00567284
0.0034745
-0.0098293
0.00337137
-0.0105835
0.00320951
-0.0135093
0.00309466
-0.017026
0.00301164
-0.0148791
0.00286549
-0.00589344
0.0026654
0.00547434
0.00255036
0.0137683
0.0167833
0.00354185
-0.00592331
0.0035733
-0.00986075
0.00346034
-0.0104705
0.0032901
-0.0133391
0.00316761
-0.0169035
0.00307898
-0.0147904
0.00292536
-0.00573982
0.00271433
0.00568538
0.0025925
0.0138901
0.0166959
0.00366011
-0.00615558
0.00367412
-0.00987477
0.00355105
-0.0103474
0.00337224
-0.0131603
0.00324161
-0.0167729
0.00314706
-0.0146959
0.00298572
-0.00557848
0.0027633
0.0059078
0.0026348
0.0140186
0.0166004
0.00378154
-0.00636701
0.00377683
-0.00987006
0.00364346
-0.0102141
0.00345592
-0.0129727
0.00331662
-0.0166336
0.00321579
-0.014595
0.00304646
-0.00540914
0.00281225
0.00614201
0.0026773
0.0141535
0.0164955
0.00390592
-0.00655491
0.00388126
-0.0098454
0.00373751
-0.0100703
0.00354112
-0.0127763
0.00339257
-0.0164851
0.00328504
-0.0144875
0.00310743
-0.00523154
0.00286112
0.00638833
0.00272006
0.0142946
0.01638
0.00403295
-0.00671658
0.00398725
-0.0097997
0.00383313
-0.00991619
0.00362783
-0.012571
0.00346938
-0.0163266
0.00335467
-0.0143728
0.00316851
-0.00504537
0.00290988
0.00664696
0.00276318
0.0144413
0.0162527
0.0041623
-0.0068494
0.00409458
-0.00973198
0.00393024
-0.00975185
0.00371602
-0.0123568
0.003547
-0.0161576
0.00342454
-0.0142504
0.00322953
-0.00485035
0.00295851
0.00691798
0.00280677
0.014593
0.0161123
0.00429356
-0.00695082
0.00420306
-0.00964148
0.00402877
-0.00957755
0.00380569
-0.0121338
0.00362534
-0.0159773
0.00349448
-0.0141195
0.00329036
-0.00464623
0.003007
0.00720133
0.00285101
0.014749
0.0159572
0.00442629
-0.00701851
0.00431245
-0.00952764
0.00412863
-0.00939373
0.00389681
-0.0119019
0.00370431
-0.0157848
0.00356432
-0.0139795
0.00335086
-0.00443277
0.0030554
0.00749679
0.00289608
0.0149083
0.0157861
0.00455999
-0.00705037
0.00442251
-0.00939017
0.00422973
-0.00920095
0.00398937
-0.0116616
0.00378384
-0.0155792
0.00363386
-0.0138295
0.0034109
-0.0042098
0.00310374
0.00780395
0.00294226
0.0150698
0.0155972
0.0046941
-0.00704472
0.00453302
-0.00922908
0.004332
-0.00899993
0.00408336
-0.0114129
0.00386383
-0.0153597
0.00370291
-0.0136686
0.00347035
-0.00397725
0.0031521
0.0081222
0.00298987
0.0152321
0.0153888
0.00482806
-0.0070004
0.00464373
-0.00904476
0.00443533
-0.00879152
0.00417876
-0.0111564
0.0039442
-0.0151251
0.00377127
-0.0134957
0.00352911
-0.00373508
0.00320059
0.00845072
0.00303933
0.0153933
0.0151589
0.00496126
-0.00691693
0.00475445
-0.00883795
0.00453964
-0.00857671
0.00427556
-0.0108923
0.00402488
-0.0148745
0.00383873
-0.0133095
0.00358704
-0.00348338
0.00324937
0.00878839
0.00309118
0.0155515
0.0149057
0.00509313
-0.00679467
0.004865
-0.00860982
0.00464485
-0.00835657
0.00437376
-0.0106212
0.00410579
-0.0146065
0.00390509
-0.0131088
0.00364401
-0.00322231
0.00329861
0.00913379
0.00314606
0.0157041
0.0146268
0.00522309
-0.00663502
0.00497523
-0.00836195
0.0047509
-0.00813224
0.00447337
-0.0103437
0.00418688
-0.01432
0.00397011
-0.012892
0.0036999
-0.00295211
0.00334858
0.00948511
0.00320479
0.0158478
0.01432
0.00535069
-0.00644047
0.00508507
-0.00809632
0.0048577
-0.00790488
0.00457439
-0.0100604
0.00426814
-0.0140137
0.00403357
-0.0126575
0.00375455
-0.00267309
0.0033996
0.00984006
0.00326835
0.0159791
0.013983
0.00547557
-0.00621476
0.00519451
-0.00781525
0.00496521
-0.00767558
0.00467684
-0.00977199
0.00434955
-0.0136865
0.00409527
-0.0124032
0.00380781
-0.00238563
0.0034521
0.0101958
0.00333791
0.0160933
0.0136135
0.00559753
-0.00596277
0.00530362
-0.00752134
0.00507339
-0.00744536
0.00478072
-0.00947933
0.00443118
-0.0133369
0.00415499
-0.012127
0.00385952
-0.00209016
0.00350662
0.0105487
0.00341482
0.0161851
0.0132093
0.00571657
-0.00569035
0.00541256
-0.00721733
0.00518221
-0.00721501
0.00488607
-0.00918318
0.0045131
-0.0129639
0.00421258
-0.0118265
0.00390957
-0.00178715
0.00356385
0.0108944
0.00350063
0.0162483
0.0127685
0.0058329
-0.00540402
0.00552155
-0.00690599
0.00529165
-0.0069851
0.00499288
-0.00888442
0.00459547
-0.0125665
0.00426791
-0.0114989
0.00395786
-0.0014771
0.00362462
0.0112276
0.00359702
0.0162759
0.0122897
0.00594693
-0.00511045
0.00563092
-0.00658997
0.00540171
-0.0067559
0.00510119
-0.0085839
0.00467854
-0.0121439
0.00432099
-0.0111414
0.00400442
-0.00116053
0.00369
0.0115421
0.00370582
0.0162601
0.0117719
0.00605923
-0.00481596
0.00574101
-0.00627174
0.00551243
-0.00652732
0.00521101
-0.00828247
0.00476264
-0.0116955
0.00437194
-0.0107507
0.0040494
-0.00083799
0.00376123
0.0118302
0.00382893
0.0161924
0.0112151
0.00617045
-0.00452601
0.00585222
-0.00595351
0.00562387
-0.00629898
0.00532233
-0.00798093
0.00484821
-0.0112214
0.00442112
-0.0103236
0.00409316
-0.000510034
0.00383981
0.0120836
0.00396824
0.0160639
0.0106202
0.00628123
-0.00424493
0.00596497
-0.00563724
0.00573613
-0.00607014
0.00543517
-0.00767997
0.00493582
-0.010722
0.00446915
-0.00985691
0.00413638
-0.000177267
0.00392747
0.0122925
0.00412552
0.0158659
0.00998946
0.00639218
-0.00397572
0.00607966
-0.00532473
0.00584937
-0.00583985
0.00554951
-0.0073801
0.00502618
-0.0101987
0.00451706
-0.0093478
0.00418017
0.000159631
0.00402621
0.0124464
0.00430237
0.0155897
0.00932625
0.00650377
-0.00372019
0.00619668
-0.00501765
0.00596384
-0.005607
0.00566533
-0.0070816
0.00512015
-0.00965353
0.0045664
-0.00879405
0.0042262
0.000499829
0.00413826
0.0125344
0.00450001
0.015228
0.00863554
0.00661636
-0.00347906
0.00631637
-0.00471765
0.00607985
-0.00537048
0.00578263
-0.00678437
0.00521872
-0.00908962
0.00461931
-0.00819463
0.00427692
0.000842215
0.0042661
0.0125452
0.00471923
0.0147749
0.00792377
0.00673025
-0.00325219
0.00643899
-0.00442638
0.00619785
-0.00512935
0.0059014
-0.00648791
0.00532299
-0.00851122
0.00467868
-0.00755032
0.0043357
0.0011852
0.00441238
0.0124685
0.00496023
0.014227
0.0056852
0.00719881
0.0022026
0.00684567
-0.00303881
0.00656472
-0.00414544
0.00631838
-0.00488301
0.00602169
-0.00619123
0.00543408
-0.00792361
0.00474821
-0.00686444
0.004407
0.0015264
0.00457992
0.0122956
0.00522255
0.0135844
0.00595153
0.00646983
0.00166749
0.00696285
-0.00283771
0.00669366
-0.00387625
0.00644206
-0.0046314
0.00614365
-0.00589282
0.00555309
-0.00733306
0.0048324
-0.00614375
0.00449655
0.00186225
0.00477164
0.0120205
0.00550507
0.0128509
0.00622771
0.00574718
0.00118588
0.00708208
-0.00264741
0.00682576
-0.00361994
0.00656955
-0.00437518
0.00626755
-0.00559082
0.00568091
-0.00674642
0.00493637
-0.0053992
0.00461132
0.0021873
0.00499054
0.0116413
0.00580602
0.0120355
0.00651098
0.00504222
0.0007642
0.00720374
-0.00246636
0.0069609
-0.0033771
0.00670149
-0.00411577
0.00639392
-0.00528325
0.00581814
-0.00617063
0.00506544
-0.0046465
0.00475937
0.00249337
0.00523976
0.0111609
0.00612309
0.0111521
0.00679816
0.00436715
0.000407638
0.00732831
-0.00229318
0.0070989
-0.00314769
0.0068384
-0.00385527
0.00652353
-0.00496838
0.00596495
-0.00561206
0.00522437
-0.00390593
0.0049492
0.00276855
0.00552232
0.0105878
0.00645338
0.0102211
0.00708561
0.00373491
0.000119787
0.00745633
-0.00212675
0.0072396
-0.00293096
0.00698056
-0.00359623
0.00665748
-0.00464529
0.00612116
-0.00507574
0.00541622
-0.00320098
0.00518805
0.00299672
0.00584016
0.00993567
0.00679298
0.00926826
0.0073692
0.00315869
-9.78953e-05
0.00758838
-0.00196641
0.00738297
-0.00272554
0.007128
-0.00334126
0.00679712
-0.00431442
0.0062864
-0.00456501
0.00564101
-0.0025556
0.0054789
0.00315884
0.00619184
0.00922272
0.00713614
0.00832395
0.00764429
0.00265055
-0.000246692
0.007725
-0.00181191
0.00752915
-0.0025297
0.00728046
-0.00309256
0.00694389
-0.00397785
0.00646046
-0.00408159
0.00589482
-0.00198996
0.00581684
0.00323682
0.00656957
0.00847
0.00747452
0.007419
0.00790585
0.00221922
-0.000331442
0.00786661
-0.00166333
0.00767851
-0.0023416
0.00743755
-0.0028516
0.00709901
-0.00363931
0.00664356
-0.00362614
0.00617002
-0.00151642
0.00618728
0.00321955
0.00695768
0.00769961
0.00779748
0.0065792
0.00814925
0.00186745
-0.000360865
0.00801352
-0.00152092
0.00783157
-0.00215964
0.00759892
-0.00261896
0.00726327
-0.00330366
0.00683631
-0.00319918
0.00645686
-0.00113696
0.00656832
0.00310809
0.0073352
0.00693273
0.00809426
0.00582013
0.00837129
0.00159043
-0.000347119
0.00816588
-0.0013849
0.00798891
-0.00198267
0.00776443
-0.00239448
0.00743683
-0.00297606
0.00703924
-0.00280159
0.00674614
-0.000843864
0.00693737
0.00291686
0.00768244
0.00618765
0.00835749
0.00514508
0.00857148
0.00137643
-0.0003043
0.00832379
-0.0012553
0.00815112
-0.00181001
0.0079342
-0.00217755
0.00761922
-0.00266108
0.00725233
-0.00243471
0.00703121
-0.000622741
0.00727845
0.00266962
0.0079879
0.00547821
0.00858593
0.00454706
0.00875244
0.00120991
-0.000246315
0.0084873
-0.00113192
0.00831867
-0.00164137
0.00810863
-0.00196751
0.00780958
-0.00236203
0.00747458
-0.00209971
0.00730893
-0.000457091
0.00758609
0.00239246
0.00825129
0.00481301
0.00878479
0.00401356
0.00891932
0.00107538
-0.000184882
0.00865653
-0.00101429
0.00849191
-0.00147675
0.00828822
-0.00176383
0.00800689
-0.0020807
0.00770409
-0.00179691
0.00757912
-0.000332122
0.00786396
0.00210763
0.00848118
0.00419579
0.00896338
0.00353136
0.00907841
0.000960353
-0.000128337
0.00883164
-0.000901762
0.0086711
-0.00131621
0.00847347
-0.0015662
0.00821021
-0.00181744
0.00793876
-0.00152546
0.00784322
-0.000236585
0.00812049
0.00183036
0.00868976
0.00362652
0.00913175
0.00308936
0.00923573
0.000856373
-8.14238e-05
0.0090129
-0.000793616
0.00885644
-0.00115975
0.00866473
-0.00137449
0.00841879
-0.0015715
0.00817668
-0.00128335
0.00810307
-0.000162976
0.00836447
0.00156896
0.00888821
0.00310278
0.00929823
0.00267935
0.00939612
0.000758479
-4.58653e-05
0.00920061
-0.000689093
0.00904809
-0.00100723
0.00886221
-0.00118862
0.00863215
-0.00134144
0.00841652
-0.00106772
0.00836008
-0.000106538
0.00860261
0.00132643
0.00908453
0.00262086
0.00946848
0.0022954
0.00956303
0.000663921
-2.12347e-05
0.00939514
-0.000587464
0.00924623
-0.000858317
0.00906597
-0.00100837
0.00884995
-0.00112542
0.0086574
-0.000875168
0.00861517
-6.43034e-05
0.00883905
0.00110255
0.00928346
0.00217645
0.00964587
0.00193299
0.0097387
0.000571089
-5.86779e-06
0.00959688
-0.000488036
0.00945106
-0.000712497
0.00927602
-0.000833322
0.009072
-0.000921402
0.00889889
-0.000702062
0.00886872
-3.41324e-05
0.00907592
0.000895348
0.00948753
0.00176484
0.00983227
0.00158826
0.00992453
0.000478827
2.41028e-06
0.00980625
-0.000390146
0.00966283
-0.000569076
0.00949228
-0.000662777
0.00929811
-0.000727227
0.00914074
-0.000544695
0.00912082
-1.42147e-05
0.00931417
0.000702003
0.00969807
0.00138094
0.0100287
0.0012576
0.0101214
0.000386169
5.77291e-06
0.0100237
-0.00029313
0.00988181
-0.000427201
0.00971473
-0.000495698
0.00952812
-0.00054061
0.00938284
-0.000399422
0.00937137
-2.74165e-06
0.00955406
0.000519311
0.00991587
0.00101914
0.0102361
0.000937372
0.0103299
0.000292342
6.04228e-06
0.0102497
-0.000196295
0.0101083
-0.000285872
0.00994336
-0.000330725
0.00976183
-0.000359076
0.00962505
-0.000262638
0.00962014
2.16212e-06
0.00979557
0.000343881
0.0101415
0.000673199
0.0104551
0.000623772
0.0105507
0.000196787
4.5659e-06
0.0104847
-9.8887e-05
0.0103428
-0.000143933
0.0101782
-0.000166171
0.00999902
-0.000179883
0.00986709
-0.000130705
0.00986678
2.46689e-06
0.0100385
0.000172186
0.0103756
0.000336126
0.0106867
0.000312645
0.0107843
9.91658e-05
2.25033e-06
0.0107292
0.0105853
0.0104191
0.0102392
0.0101085
0.010111
0.0102832
0.0106193
0.010932
0.0110311
)
;

boundaryField
{
    inlet
    {
        type            calculated;
        value           nonuniform 0();
    }
    outlet
    {
        type            calculated;
        value           nonuniform 0();
    }
    cylinder
    {
        type            calculated;
        value           nonuniform 0();
    }
    top
    {
        type            symmetryPlane;
        value           uniform 0;
    }
    bottom
    {
        type            symmetryPlane;
        value           nonuniform 0();
    }
    defaultFaces
    {
        type            empty;
        value           nonuniform 0();
    }
    procBoundary28to12
    {
        type            processor;
        value           nonuniform List<scalar> 
12
(
-0.00844026
-0.00177188
0.00132055
0.00850235
0.0141277
0.017876
0.0169996
0.0109932
0.00239535
-0.00716952
-0.0156612
-0.0193772
)
;
    }
    procBoundary28to27
    {
        type            processor;
        value           nonuniform List<scalar> 
100
(
-0.0015094
-0.00151518
-0.00152075
-0.00152614
-0.00153138
-0.00153646
-0.00154141
-0.00154623
-0.00155093
-0.00155552
-0.00155998
-0.00156432
-0.00156853
-0.0015726
-0.00157653
-0.0015803
-0.00158391
-0.00158734
-0.00159058
-0.00159362
-0.00159645
-0.00159907
-0.00160145
-0.00160361
-0.00160552
-0.0016072
-0.00160862
-0.00160981
-0.00161075
-0.00161145
-0.00161193
-0.00161219
-0.00161227
-0.00161218
-0.00161198
-0.00161179
-0.00161192
-0.00161259
-0.0016129
0.00899859
-0.00233477
-0.00241716
-0.00250562
-0.00259984
-0.00269991
-0.00280599
-0.00291818
-0.00303649
-0.00316091
-0.00329138
-0.00342783
-0.00357011
-0.00371802
-0.00387128
-0.00402948
-0.00419213
-0.00435861
-0.00452813
-0.00469975
-0.00487238
-0.00504473
-0.00521538
-0.00538275
-0.00554524
-0.00570128
-0.00584953
-0.00598898
-0.00611923
-0.0062405
-0.00635373
-0.0064604
-0.00656232
-0.00666138
-0.0067593
-0.0068575
-0.00695713
-0.00705905
-0.00716395
-0.00727238
-0.00738479
-0.0075015
-0.00762276
-0.00774872
-0.0078795
-0.00801519
-0.00815593
-0.0083019
-0.00845338
-0.00861069
-0.00877416
-0.00894417
-0.00912104
-0.00930513
-0.00949677
-0.00969631
-0.00990414
-0.0101207
-0.0103465
-0.0105821
-0.0108281
)
;
    }
    procBoundary28to29
    {
        type            processor;
        value           nonuniform List<scalar> 
101
(
0.00194604
0.0019527
0.00195867
0.00196396
0.00196856
0.00197249
0.00197573
0.0019783
0.0019802
0.00198144
0.00198201
0.00198194
0.00198121
0.00197985
0.00197785
0.00197523
0.001972
0.00196816
0.00196372
0.0019587
0.0019531
0.00194692
0.0019402
0.00193292
0.0019251
0.00191676
0.0019079
0.00189853
0.00188866
0.00187831
0.00186747
0.00185617
0.0018444
0.00183218
0.00181952
0.00180642
0.0017929
0.00177896
0.0017646
0.00174983
0.00226733
0.00231024
0.00235378
0.00239796
0.00244285
0.00248848
0.00253492
0.00258223
0.00263051
0.00267985
0.00273038
0.00278222
0.00283552
0.00289046
0.00294722
0.00300604
0.00306724
0.00313116
0.00319828
0.00326915
0.00334444
0.00342494
0.00351156
0.00360534
0.00370742
0.00381902
0.00394142
0.00407588
0.00422362
0.00438573
0.00456309
0.0047563
0.00496558
0.00519072
0.005431
-0.00278386
0.00626646
0.00648664
0.00670932
0.00693266
0.00715472
0.00737346
0.00758688
0.00779308
0.0079906
0.00817867
0.00835755
0.00852866
0.00869446
0.00885789
0.00902186
0.00918882
0.00936056
0.0095384
0.00972334
0.00991625
0.010118
0.0103296
0.0105521
0.0107866
0.0110334
)
;
    }
}


// ************************************************************************* //
