/*--------------------------------*- C++ -*----------------------------------*\
  =========                 |
  \\      /  F ield         | OpenFOAM: The Open Source CFD Toolbox
   \\    /   O peration     | Website:  https://openfoam.org
    \\  /    A nd           | Version:  7
     \\/     M anipulation  |
\*---------------------------------------------------------------------------*/
FoamFile
{
    version     2.0;
    format      ascii;
    class       volScalarField;
    location    "39";
    object      p;
}
// * * * * * * * * * * * * * * * * * * * * * * * * * * * * * * * * * * * * * //

dimensions      [0 2 -2 0 0 0 0];

internalField   nonuniform List<scalar> 
1063
(
-0.00238954
-0.00204105
-0.00169836
-0.00145219
-0.00110269
-0.000883176
-0.000625736
-0.000495787
-0.000291309
-0.000198369
0.000117171
-0.00238961
-0.00204117
-0.00169852
-0.00145237
-0.00110284
-0.000883284
-0.000625817
-0.000495848
-0.000291383
-0.00019841
0.000117116
-0.00238988
-0.00204146
-0.00169883
-0.00145269
-0.00110311
-0.000883475
-0.000625969
-0.00049597
-0.000291535
-0.000198493
0.000117006
-0.00239037
-0.00204192
-0.00169929
-0.00145316
-0.00110349
-0.000883749
-0.00062619
-0.000496152
-0.000291764
-0.000198621
0.00011684
-0.00239107
-0.00204255
-0.0016999
-0.00145377
-0.001104
-0.000884107
-0.000626482
-0.000496394
-0.000292069
-0.000198791
0.000116619
-0.00239198
-0.00204336
-0.00170066
-0.00145452
-0.00110461
-0.000884548
-0.000626844
-0.000496695
-0.00029245
-0.000199004
0.000116341
-0.0023931
-0.00204433
-0.00170158
-0.00145541
-0.00110535
-0.000885072
-0.000627275
-0.000497054
-0.000292906
-0.00019926
0.000116009
-0.00239443
-0.00204548
-0.00170264
-0.00145645
-0.00110619
-0.000885678
-0.000627776
-0.000497472
-0.000293436
-0.000199557
0.000115621
-0.00239597
-0.0020468
-0.00170384
-0.00145762
-0.00110715
-0.000886365
-0.000628346
-0.000497947
-0.000294038
-0.000199895
0.000115178
-0.00239772
-0.00204828
-0.0017052
-0.00145892
-0.00110823
-0.000887134
-0.000628985
-0.000498478
-0.000294711
-0.000200274
0.00011468
-0.00239968
-0.00204993
-0.00170669
-0.00146036
-0.00110941
-0.000887983
-0.000629691
-0.000499065
-0.000295453
-0.000200692
0.000114127
-0.00240184
-0.00205175
-0.00170833
-0.00146193
-0.00111071
-0.000888912
-0.000630466
-0.000499705
-0.000296263
-0.000201148
0.00011352
-0.00240421
-0.00205373
-0.00171011
-0.00146362
-0.00111211
-0.000889919
-0.000631307
-0.000500399
-0.000297139
-0.000201643
0.000112859
-0.00240678
-0.00205588
-0.00171202
-0.00146544
-0.00111362
-0.000891005
-0.000632215
-0.000501144
-0.000298079
-0.000202173
0.000112144
-0.00240955
-0.00205818
-0.00171408
-0.00146738
-0.00111524
-0.000892169
-0.000633189
-0.00050194
-0.000299081
-0.00020274
0.000111376
-0.00241252
-0.00206065
-0.00171626
-0.00146944
-0.00111696
-0.000893409
-0.000634228
-0.000502785
-0.000300141
-0.00020334
0.000110554
-0.00241569
-0.00206327
-0.00171858
-0.00147162
-0.00111879
-0.000894724
-0.000635332
-0.000503677
-0.00030126
-0.000203974
0.00010968
-0.00241906
-0.00206605
-0.00172102
-0.0014739
-0.00112072
-0.000896115
-0.0006365
-0.000504616
-0.000302432
-0.000204639
0.000108754
-0.00242261
-0.00206898
-0.00172359
-0.00147629
-0.00112275
-0.000897578
-0.000637731
-0.000505599
-0.000303657
-0.000205335
0.000107776
-0.00242636
-0.00207206
-0.00172628
-0.00147878
-0.00112487
-0.000899114
-0.000639024
-0.000506625
-0.000304932
-0.000206059
0.000106748
-0.00243029
-0.00207528
-0.00172909
-0.00148138
-0.0011271
-0.000900722
-0.000640378
-0.000507693
-0.000306254
-0.000206812
0.000105669
-0.00243441
-0.00207866
-0.00173202
-0.00148406
-0.00112941
-0.0009024
-0.000641793
-0.000508801
-0.00030762
-0.000207591
0.00010454
-0.00243871
-0.00208217
-0.00173507
-0.00148684
-0.00113182
-0.000904147
-0.000643268
-0.000509948
-0.000309028
-0.000208395
0.000103363
-0.00244319
-0.00208583
-0.00173822
-0.00148971
-0.00113432
-0.000905961
-0.000644802
-0.000511131
-0.000310476
-0.000209222
0.000102137
-0.00244784
-0.00208962
-0.00174149
-0.00149267
-0.0011369
-0.000907843
-0.000646393
-0.00051235
-0.000311959
-0.000210071
0.000100865
-0.00245267
-0.00209355
-0.00174486
-0.0014957
-0.00113958
-0.00090979
-0.000648042
-0.000513602
-0.000313477
-0.000210941
9.95452e-05
-0.00245766
-0.00209761
-0.00174833
-0.00149881
-0.00114233
-0.000911801
-0.000649746
-0.000514887
-0.000315026
-0.00021183
9.81805e-05
-0.00246281
-0.0021018
-0.0017519
-0.001502
-0.00114516
-0.000913874
-0.000651505
-0.000516203
-0.000316603
-0.000212737
9.67712e-05
-0.00246813
-0.00210612
-0.00175557
-0.00150525
-0.00114808
-0.000916009
-0.000653318
-0.000517548
-0.000318207
-0.00021366
9.53184e-05
-0.0024736
-0.00211056
-0.00175933
-0.00150857
-0.00115107
-0.000918205
-0.000655183
-0.000518921
-0.000319834
-0.000214597
9.38233e-05
-0.00247922
-0.00211512
-0.00176318
-0.00151195
-0.00115413
-0.000920459
-0.0006571
-0.00052032
-0.000321482
-0.000215549
9.22868e-05
-0.00248499
-0.0021198
-0.00176712
-0.00151539
-0.00115726
-0.00092277
-0.000659068
-0.000521746
-0.000323148
-0.000216512
9.07103e-05
-0.00249091
-0.00212459
-0.00177114
-0.00151889
-0.00116046
-0.000925137
-0.000661085
-0.000523195
-0.000324831
-0.000217487
8.90949e-05
-0.00249696
-0.0021295
-0.00177525
-0.00152244
-0.00116373
-0.000927559
-0.00066315
-0.000524667
-0.000326528
-0.00021847
8.74419e-05
-0.00250315
-0.00213451
-0.00177943
-0.00152604
-0.00116706
-0.000930033
-0.000665262
-0.000526161
-0.000328237
-0.000219462
8.57527e-05
-0.00250946
-0.00213962
-0.00178369
-0.00152968
-0.00117045
-0.000932555
-0.000667417
-0.000527674
-0.000329956
-0.000220461
8.40286e-05
-0.00251589
-0.00214484
-0.00178802
-0.00153337
-0.00117389
-0.000935129
-0.000669619
-0.000529208
-0.000331682
-0.000221466
8.22704e-05
-0.00252254
-0.00215023
-0.00179247
-0.00153712
-0.00117743
-0.000937785
-0.000671889
-0.000530774
-0.000333415
-0.000222481
8.04777e-05
-0.00252946
-0.00215584
-0.00179709
-0.00154098
-0.00118107
-0.000940534
-0.000674231
-0.000532372
-0.000335154
-0.000223502
7.86554e-05
-0.00253592
-0.00216106
-0.00180143
-0.0015447
-0.00118454
-0.000943086
-0.000676431
-0.000533887
-0.000336894
-0.000224487
7.68278e-05
-0.00216565
-0.00180558
-0.00154861
-0.001188
-0.000945447
-0.000678589
-0.000535465
-0.00033905
-0.000225606
7.45917e-05
-0.00217208
-0.00181108
-0.00155314
-0.0011924
-0.000948801
-0.000681622
-0.000537557
-0.000341445
-0.0002269
7.17906e-05
-0.00217857
-0.0018166
-0.00155753
-0.00119679
-0.000952249
-0.000684765
-0.000539692
-0.000343794
-0.000228179
6.88739e-05
-0.00218525
-0.00182227
-0.00156203
-0.0012013
-0.000955792
-0.00068801
-0.00054188
-0.000346179
-0.000229462
6.58378e-05
-0.00219221
-0.00182818
-0.00156667
-0.00120599
-0.000959481
-0.000691397
-0.000544142
-0.000348603
-0.000230751
6.26732e-05
-0.00219948
-0.00183433
-0.00157144
-0.00121085
-0.000963327
-0.000694936
-0.000546483
-0.000351056
-0.000232039
5.93789e-05
-0.00220704
-0.00184071
-0.00157633
-0.00121587
-0.000967328
-0.000698628
-0.000548903
-0.000353531
-0.000233321
5.59564e-05
-0.0022149
-0.00184733
-0.00158134
-0.00122105
-0.000971483
-0.000702473
-0.000551403
-0.000356025
-0.000234591
5.24074e-05
-0.00222305
-0.00185419
-0.00158647
-0.00122639
-0.000975794
-0.000706473
-0.000553983
-0.000358535
-0.000235845
4.87343e-05
-0.00223151
-0.00186129
-0.00159173
-0.00123189
-0.000980259
-0.00071063
-0.000556646
-0.000361058
-0.000237077
4.49401e-05
-0.00224026
-0.00186863
-0.0015971
-0.00123754
-0.000984878
-0.000714944
-0.000559393
-0.000363593
-0.000238283
4.10287e-05
-0.00224932
-0.00187621
-0.00160258
-0.00124333
-0.000989651
-0.000719414
-0.000562227
-0.000366137
-0.000239457
3.7005e-05
-0.00225867
-0.00188404
-0.00160819
-0.00124927
-0.000994573
-0.000724041
-0.000565148
-0.000368689
-0.000240595
3.28747e-05
-0.0022683
-0.00189211
-0.00161391
-0.00125534
-0.000999644
-0.000728823
-0.000568158
-0.000371248
-0.000241692
2.86443e-05
-0.00227823
-0.00190042
-0.00161975
-0.00126154
-0.00100486
-0.000733757
-0.00057126
-0.000373816
-0.000242743
2.43213e-05
-0.00228843
-0.00190897
-0.00162571
-0.00126787
-0.00101021
-0.000738841
-0.000574453
-0.000376391
-0.000243745
1.9914e-05
-0.00229891
-0.00191775
-0.00163179
-0.00127432
-0.0010157
-0.000744071
-0.00057774
-0.000378977
-0.000244695
1.54316e-05
-0.00230964
-0.00192677
-0.00163798
-0.00128088
-0.00102132
-0.000749442
-0.000581121
-0.000381575
-0.00024559
1.08839e-05
-0.00232063
-0.00193601
-0.0016443
-0.00128755
-0.00102706
-0.000754949
-0.000584596
-0.000384189
-0.000246427
6.28158e-06
-0.00233186
-0.00194547
-0.00165074
-0.00129431
-0.00103291
-0.000760584
-0.000588163
-0.000386821
-0.000247206
1.63579e-06
-0.00234331
-0.00195514
-0.00165729
-0.00130116
-0.00103887
-0.00076634
-0.000591823
-0.000389476
-0.000247925
-3.04176e-06
-0.00235498
-0.00196502
-0.00166397
-0.0013081
-0.00104492
-0.00077221
-0.000595573
-0.000392158
-0.000248587
-7.73896e-06
-0.00236684
-0.00197508
-0.00167077
-0.00131511
-0.00105107
-0.000778183
-0.00059941
-0.000394873
-0.000249192
-1.24434e-05
-0.00237888
-0.00198532
-0.00167768
-0.0013222
-0.00105729
-0.00078425
-0.000603329
-0.000397623
-0.000249742
-1.71426e-05
-0.00239109
-0.00199573
-0.00168471
-0.00132935
-0.00106358
-0.0007904
-0.000607326
-0.000400415
-0.000250241
-2.18239e-05
-0.00240343
-0.00200629
-0.00169185
-0.00133656
-0.00106993
-0.000796621
-0.000611394
-0.000403252
-0.000250693
-2.64748e-05
-0.00241591
-0.00201698
-0.0016991
-0.00134382
-0.00107633
-0.000802902
-0.000615526
-0.000406139
-0.000251105
-3.10831e-05
-0.0024285
-0.00202779
-0.00170645
-0.00135112
-0.00108277
-0.000809231
-0.000619713
-0.000409079
-0.000251481
-3.5637e-05
-0.00244117
-0.0020387
-0.0017139
-0.00135847
-0.00108923
-0.000815594
-0.000623945
-0.000412073
-0.000251829
-4.01248e-05
-0.00245391
-0.00204968
-0.00172144
-0.00136585
-0.00109571
-0.000821978
-0.000628213
-0.000415125
-0.000252156
-4.45358e-05
-0.0024667
-0.00206073
-0.00172906
-0.00137326
-0.0011022
-0.000828371
-0.000632504
-0.000418235
-0.000252471
-4.88595e-05
-0.00247951
-0.00207181
-0.00173675
-0.00138069
-0.00110868
-0.000834758
-0.000636805
-0.000421401
-0.000252782
-5.30864e-05
-0.00249234
-0.00208291
-0.00174451
-0.00138813
-0.00111515
-0.000841128
-0.000641105
-0.000424622
-0.000253097
-5.72076e-05
-0.00250515
-0.002094
-0.00175231
-0.00139558
-0.00112159
-0.000847465
-0.000645389
-0.000427896
-0.000253425
-6.1215e-05
-0.00251792
-0.00210506
-0.00176015
-0.00140304
-0.00112799
-0.000853758
-0.000649645
-0.000431217
-0.000253775
-6.51011e-05
-0.00253063
-0.00211607
-0.00176801
-0.00141048
-0.00113434
-0.000859994
-0.000653857
-0.000434581
-0.000254155
-6.88594e-05
-0.00254327
-0.002127
-0.00177588
-0.00141791
-0.00114064
-0.000866158
-0.000658013
-0.000437979
-0.000254572
-7.2484e-05
-0.0025558
-0.00213783
-0.00178373
-0.00142531
-0.00114686
-0.00087224
-0.000662098
-0.000441404
-0.000255033
-7.59698e-05
-0.0025682
-0.00214854
-0.00179155
-0.00143267
-0.001153
-0.000878225
-0.0006661
-0.000444847
-0.000255543
-7.93123e-05
-0.00258045
-0.00215909
-0.00179933
-0.00143998
-0.00115905
-0.000884101
-0.000670005
-0.000448297
-0.000256108
-8.25076e-05
-0.00259252
-0.00216947
-0.00180703
-0.00144723
-0.001165
-0.000889856
-0.000673803
-0.000451743
-0.00025673
-8.55525e-05
-0.00260438
-0.00217965
-0.00181465
-0.00145439
-0.00117082
-0.000895478
-0.000677481
-0.000455173
-0.000257413
-8.84443e-05
-0.002616
-0.00218961
-0.00182215
-0.00146145
-0.00117651
-0.000900952
-0.000681029
-0.000458573
-0.000258156
-9.11809e-05
-0.00262736
-0.00219931
-0.00182951
-0.0014684
-0.00118206
-0.000906267
-0.000684437
-0.00046193
-0.000258959
-9.37604e-05
-0.00263842
-0.00220872
-0.00183671
-0.00147521
-0.00118745
-0.000911409
-0.000687696
-0.000465228
-0.000259819
-9.61817e-05
-0.00264915
-0.00221783
-0.00184373
-0.00148185
-0.00119266
-0.000916364
-0.000690799
-0.000468455
-0.000260731
-9.84437e-05
-0.00265951
-0.00222661
-0.00185052
-0.00148831
-0.00119768
-0.000921119
-0.000693737
-0.000471592
-0.000261691
-0.000100546
-0.00266946
-0.00223501
-0.00185708
-0.00149456
-0.00120249
-0.000925659
-0.000696504
-0.000474626
-0.000262688
-0.000102488
-0.00267896
-0.00224301
-0.00186336
-0.00150056
-0.00120707
-0.00092997
-0.000699094
-0.000477539
-0.000263714
-0.000104271
-0.00268798
-0.00225058
-0.00186933
-0.00150629
-0.00121141
-0.000934035
-0.000701502
-0.000480314
-0.000264757
-0.000105894
-0.00269646
-0.00225767
-0.00187496
-0.00151172
-0.00121548
-0.000937838
-0.000703722
-0.000482935
-0.000265803
-0.000107358
-0.00270436
-0.00226427
-0.00188022
-0.0015168
-0.00121927
-0.000941362
-0.00070575
-0.000485383
-0.000266837
-0.000108664
-0.00271163
-0.00227032
-0.00188507
-0.00152151
-0.00122274
-0.000944589
-0.000707579
-0.000487641
-0.000267841
-0.000109813
-0.00271821
-0.00227579
-0.00188946
-0.00152579
-0.00122587
-0.000947499
-0.000709207
-0.00048969
-0.000268797
-0.000110806
-0.00272404
-0.00228063
-0.00189337
-0.00152961
-0.00122865
-0.000950072
-0.000710626
-0.000491511
-0.000269684
-0.000111645
-0.00272908
-0.0022848
-0.00189674
-0.00153292
-0.00123104
-0.000952285
-0.00071183
-0.000493084
-0.000270482
-0.000112332
-0.00273325
-0.00228825
-0.00189954
-0.00153567
-0.00123302
-0.000954115
-0.000712814
-0.000494389
-0.000271167
-0.000112867
-0.00273649
-0.00229093
-0.00190171
-0.00153781
-0.00123455
-0.000955536
-0.000713566
-0.000495406
-0.000271717
-0.000113253
-0.00273872
-0.00229278
-0.0019032
-0.00153931
-0.00123559
-0.000956523
-0.000714076
-0.00049611
-0.00027212
-0.000113483
-0.00273987
-0.00229374
-0.00190396
-0.0015401
-0.00123611
-0.000957046
-0.000714333
-0.00049646
-0.000272376
-0.000113554
0.000117
-0.00239005
-0.00204134
-0.0016985
-0.00145227
-0.00110273
-0.000883213
-0.000625786
-0.000495845
-0.000291393
-0.00019842
0.000117112
-0.00238969
-0.00204111
-0.00169836
-0.00145215
-0.00110265
-0.000883153
-0.000625726
-0.000495786
-0.000291312
-0.000198373
0.000117169
)
;

boundaryField
{
    inlet
    {
        type            zeroGradient;
    }
    outlet
    {
        type            fixedValue;
        value           uniform 0;
    }
    cylinder
    {
        type            zeroGradient;
    }
    top
    {
        type            symmetryPlane;
    }
    bottom
    {
        type            symmetryPlane;
    }
    defaultFaces
    {
        type            empty;
    }
    procBoundary31to14
    {
        type            processor;
        value           nonuniform List<scalar> 4(-0.00280518 -0.00280521 -0.00280592 -0.00280542);
    }
    procBoundary31to15
    {
        type            processor;
        value           nonuniform List<scalar> 
12
(
0.000116831
-0.00239062
-0.00204174
-0.0016988
-0.00145252
-0.00110293
-0.000883358
-0.000625917
-0.000495965
-0.000291552
-0.000198511
-0.000198511
)
;
    }
    procBoundary31to30
    {
        type            processor;
        value           nonuniform List<scalar> 
99
(
-0.0028055
-0.00280606
-0.00280688
-0.00280797
-0.00280932
-0.00281093
-0.0028128
-0.00281493
-0.00281731
-0.00281995
-0.00282284
-0.00282598
-0.00282936
-0.00283299
-0.00283686
-0.00284096
-0.00284529
-0.00284984
-0.00285463
-0.00285962
-0.00286484
-0.00287026
-0.00287588
-0.0028817
-0.00288772
-0.00289392
-0.00290031
-0.00290688
-0.00291361
-0.00292052
-0.00292759
-0.00293481
-0.00294218
-0.00294969
-0.00295734
-0.00296522
-0.00297343
-0.00298112
-0.00254173
-0.00254173
-0.00254967
-0.00255766
-0.00256588
-0.00257445
-0.00258338
-0.00259267
-0.0026023
-0.00261229
-0.00262262
-0.00263329
-0.00264431
-0.00265566
-0.00266734
-0.00267933
-0.00269163
-0.00270423
-0.00271712
-0.00273028
-0.00274371
-0.00275737
-0.00277127
-0.00278538
-0.00279969
-0.00281418
-0.00282883
-0.00284363
-0.00285856
-0.0028736
-0.00288872
-0.00290392
-0.00291917
-0.00293445
-0.00294973
-0.00296501
-0.00298024
-0.0029954
-0.00301048
-0.00302544
-0.00304024
-0.00305487
-0.00306928
-0.00308344
-0.00309731
-0.00311084
-0.00312401
-0.00313674
-0.00314901
-0.00316075
-0.00317192
-0.00318244
-0.00319226
-0.0032013
-0.00320951
-0.00321681
-0.00322311
-0.00322833
-0.00323239
-0.0032352
-0.00323665
)
;
    }
}


// ************************************************************************* //
