/*--------------------------------*- C++ -*----------------------------------*\
  =========                 |
  \\      /  F ield         | OpenFOAM: The Open Source CFD Toolbox
   \\    /   O peration     | Website:  https://openfoam.org
    \\  /    A nd           | Version:  7
     \\/     M anipulation  |
\*---------------------------------------------------------------------------*/
FoamFile
{
    version     2.0;
    format      ascii;
    class       surfaceScalarField;
    location    "84";
    object      phi;
}
// * * * * * * * * * * * * * * * * * * * * * * * * * * * * * * * * * * * * * //

dimensions      [0 3 -1 0 0 0 0];

internalField   nonuniform List<scalar> 
2014
(
0.00147315
-0.0156052
-0.00698651
0.000977839
0.0152004
0.000905931
0.0180824
0.000823235
0.0189794
0.00104095
0.0124675
0.00137503
-0.000144412
0.00160747
-0.0100046
0.00168464
-0.0142526
0.0016012
-0.0163053
0.00147508
-0.018008
0.00146635
-0.0155964
-0.00713224
0.000968352
0.0150156
0.000900414
0.0181503
0.00083297
0.0190469
0.0010613
0.0122392
0.00138684
-0.000469952
0.00160757
-0.0102254
0.00167861
-0.0143236
0.00159276
-0.0162195
0.00146629
-0.0178815
0.00145926
-0.0155894
-0.00728108
0.000958847
0.014821
0.000895376
0.0182138
0.000843875
0.0190984
0.00108203
0.012001
0.0013983
-0.000786224
0.00160716
-0.0104342
0.00167214
-0.0143886
0.00158406
-0.0161314
0.00145725
-0.0177547
0.00145187
-0.015584
-0.00743285
0.000949347
0.014617
0.0008909
0.0182722
0.000855902
0.0191334
0.00110299
0.0117539
0.00140936
-0.00109259
0.00160623
-0.0106311
0.00166522
-0.0144476
0.00157509
-0.0160413
0.00144794
-0.0176276
0.00144413
-0.0155802
-0.00758738
0.000939871
0.014404
0.000887074
0.018325
0.000868997
0.0191515
0.00112405
0.0114989
0.00141997
-0.00138851
0.00160476
-0.0108159
0.00165785
-0.0145007
0.00156585
-0.0159493
0.00143833
-0.0175001
0.001436
-0.0155779
-0.00774452
0.000930437
0.0141824
0.000883982
0.0183715
0.000883108
0.0191523
0.00114509
0.0112369
0.0014301
-0.00167351
0.00160277
-0.0109885
0.00165001
-0.0145479
0.00155633
-0.0158556
0.00142841
-0.0173721
0.00142745
-0.0155769
-0.00790414
0.000921056
0.0139526
0.00088171
0.0184108
0.00089818
0.0191359
0.00116598
0.0109691
0.00143969
-0.00194723
0.00160023
-0.0111491
0.00164169
-0.0145894
0.00154652
-0.0157604
0.00141814
-0.0172438
0.00141843
-0.0155772
-0.00806613
0.000911741
0.0137147
0.000880334
0.0184423
0.000914158
0.019102
0.00118661
0.0106966
0.00144873
-0.00220935
0.00159714
-0.0112975
0.00163289
-0.0146251
0.00153641
-0.0156639
0.00140753
-0.0171149
0.0014089
-0.0155786
-0.00823039
0.000902498
0.013469
0.00087992
0.0184648
0.000930984
0.019051
0.00120688
0.0104207
0.00145718
-0.00245965
0.00159349
-0.0114338
0.00162359
-0.0146552
0.00152598
-0.0155663
0.00139654
-0.0169854
0.00139883
-0.0155809
-0.00839686
0.000893332
0.0132155
0.00088052
0.0184776
0.000948595
0.0189829
0.00122671
0.0101426
0.001465
-0.00269794
0.00158929
-0.0115581
0.00161378
-0.0146797
0.00151524
-0.0154678
0.00138517
-0.0168554
0.00138818
-0.0155839
-0.00856547
0.000884243
0.00088217
0.0184797
0.000966922
0.0188981
0.00124603
0.00986351
0.00147219
-0.00292409
0.00158452
-0.0116704
0.00160346
-0.0146986
0.00150417
-0.0153685
0.00137341
-0.0167246
0.00137691
-0.0155874
-0.00873617
0.000884889
0.0184701
0.000985886
0.0187971
0.00126477
0.00958462
0.00147871
-0.00313803
0.00157918
-0.0117709
0.00159262
-0.0147121
0.00149276
-0.0152686
0.00136124
-0.0165931
0.00136499
-0.0155911
-0.00890892
0.000888676
0.0184477
0.0010054
0.0186804
0.00128289
0.00930712
0.00148454
-0.00333968
0.00157327
-0.0118596
0.00158125
-0.0147201
0.001481
-0.0151684
0.00134865
-0.0164608
0.0013524
-0.0155949
-0.00908369
0.000893519
0.0184116
0.00102537
0.0185486
0.00130035
0.00903215
0.00148968
-0.00352901
0.00156677
-0.0119367
0.00156934
-0.0147226
0.00146888
-0.0150679
0.00133565
-0.0163275
0.00133909
-0.0155983
-0.00926043
0.000899387
0.0183607
0.00104571
0.0184022
0.00131711
0.00876075
0.00149411
-0.00370601
0.00155969
-0.0120023
0.00155689
-0.0147198
0.00145639
-0.0149674
0.00132223
-0.0161934
0.00132506
-0.0156012
-0.00943908
0.000906245
0.0182943
0.0010663
0.0182422
0.00133314
0.0084939
0.00149781
-0.00387068
0.00155203
-0.0120565
0.0015439
-0.0147117
0.00144351
-0.014867
0.00130838
-0.0160582
0.00131029
-0.0156031
-0.00961959
0.000914048
0.0182113
0.00108704
0.0180692
0.00134844
0.0082325
0.00150079
-0.00402302
0.00154377
-0.0120995
0.00153037
-0.0146983
0.00143024
-0.0147669
0.00129411
-0.0159221
0.00129477
-0.0156037
-0.00980186
0.00092275
0.0181109
0.00110785
0.0178841
0.00136299
0.00797736
0.00150302
-0.00416305
0.00153491
-0.0121314
0.00151629
-0.0146797
0.00141656
-0.0146671
0.00127943
-0.015785
0.0012785
-0.0156028
-0.00998579
0.000932303
0.0179923
0.00112862
0.0176878
0.00137677
0.00772921
0.00150451
-0.00429079
0.00152545
-0.0121523
0.00150166
-0.0146559
0.00140247
-0.0145679
0.00126434
-0.0156469
0.00126147
-0.0155999
-0.0101712
0.000942662
0.0178546
0.00114927
0.0174812
0.00138978
0.0074887
0.00150525
-0.00440627
0.00151539
-0.0121625
0.00148649
-0.014627
0.00138794
-0.0144694
0.00124885
-0.0155078
0.0012437
-0.0155948
-0.010358
0.000953781
0.0176972
0.00116972
0.0172652
0.00140201
0.00725641
0.00150524
-0.0045095
0.00150472
-0.0121619
0.00147077
-0.014593
0.00137296
-0.0143716
0.00123298
-0.0153678
0.00122519
-0.015587
-0.0105458
0.000965619
0.0175195
0.0011899
0.017041
0.00141346
0.00703285
0.00150448
-0.00460052
0.00149345
-0.0121509
0.00145451
-0.0145541
0.00135754
-0.0142746
0.00121673
-0.015227
0.00120597
-0.0155762
-0.0107345
0.000978132
0.017321
0.00120977
0.0168093
0.00142413
0.00681848
0.00150296
-0.00467935
0.00148156
-0.0121295
0.00143771
-0.0145103
0.00134166
-0.0141786
0.00120013
-0.0150855
0.00118605
-0.0155621
-0.0109236
0.000991277
0.0171013
0.00122926
0.0165713
0.00143403
0.00661371
0.0015007
-0.00474602
0.00146907
-0.0120979
0.00142037
-0.0144616
0.00132532
-0.0140835
0.00118318
-0.0149433
0.00116545
-0.0155444
-0.0111129
0.001005
0.0168604
0.00124833
0.016328
0.00144315
0.00641889
0.00149769
-0.00480056
0.00145596
-0.0120561
0.0014025
-0.0144081
0.0013085
-0.0139895
0.00116589
-0.0148007
0.00114419
-0.0155227
-0.011302
0.00101926
0.0165984
0.00126694
0.0160803
0.0014515
0.00623433
0.00149394
-0.00484299
0.00144225
-0.0120045
0.00138409
-0.0143499
0.00129122
-0.0138967
0.00114827
-0.0146577
0.00112231
-0.0154967
-0.0114903
0.00103399
0.0163156
0.00128507
0.0158293
0.0014591
0.00606031
0.00148945
-0.00487335
0.00142793
-0.0119429
0.00136514
-0.0142871
0.00127346
-0.013805
0.00113034
-0.0145146
0.00109983
-0.0154662
-0.0116775
0.00104913
0.0160128
0.00130269
0.0155757
0.00146596
0.00589704
0.00148425
-0.00489164
0.00141302
-0.0118717
0.00134567
-0.0142198
0.00125523
-0.0137145
0.00111209
-0.0143715
0.00107679
-0.0154309
-0.0118631
0.0010646
0.015691
0.00131978
0.0153205
0.0014721
0.00574472
0.00147834
-0.00489787
0.0013975
-0.0117909
0.00132567
-0.014148
0.00123653
-0.0136254
0.00109354
-0.0142285
0.00105323
-0.0153906
-0.0120465
0.00108032
0.0153516
0.00133632
0.0150645
0.00147756
0.00560347
0.00147174
-0.00489205
0.00138139
-0.0117005
0.00130515
-0.0140717
0.00121736
-0.0135376
0.00107468
-0.0140858
0.00102919
-0.0153451
-0.0122272
0.0010962
0.0149964
0.0013523
0.0148084
0.00148238
0.00547338
0.00146447
-0.00487413
0.0013647
-0.0116007
0.0012841
-0.0139911
0.00119773
-0.0134513
0.00105552
-0.0139436
0.00100471
-0.0152943
-0.0124048
0.00111215
0.0146274
0.00136774
0.0145528
0.00148663
0.00535449
0.00145656
-0.00484407
0.00134742
-0.0114916
0.00126252
-0.0139062
0.00117762
-0.0133664
0.00103606
-0.013802
0.000979838
-0.0152381
-0.0125785
0.0011281
0.014247
0.00138266
0.0142983
0.0014904
0.00524675
0.00144805
-0.00480172
0.00132957
-0.0113731
0.00124043
-0.0138171
0.00115704
-0.013283
0.00101632
-0.0136613
0.000954621
-0.0151764
-0.012748
0.00114395
0.0138579
0.00139714
0.0140451
0.0014938
0.00515008
0.00143894
-0.00474686
0.00131117
-0.0112453
0.00121784
-0.0137238
0.00113602
-0.0132012
0.0009963
-0.0135216
0.000929109
-0.0151092
-0.0129127
0.0011597
0.0134627
0.00141132
0.0137935
0.001497
0.00506441
0.00142928
-0.00467914
0.00129221
-0.0111083
0.00119475
-0.0136263
0.00111454
-0.0131209
0.000976002
-0.013383
0.000903332
-0.0150366
-0.013072
0.00117549
0.0130643
0.00142565
0.0135433
0.00150042
0.00498963
0.00141915
-0.00459786
0.00127262
-0.0109617
0.00117103
-0.0135247
0.00109251
-0.0130424
0.000955371
-0.0132459
0.000877264
-0.0149584
-0.0132256
0.00119207
0.0126648
0.00144125
0.0132941
0.00150497
0.00492592
0.00140886
-0.00450176
0.00125243
-0.0108053
0.00114662
-0.0134189
0.00106987
-0.0129657
0.000934429
-0.0131105
0.000850923
-0.0148749
-0.0133727
0.00121122
0.0122656
0.00145956
0.0130458
0.00151077
0.0048747
0.00139826
-0.00438925
0.00123208
-0.0106391
0.00112221
-0.013309
0.00104717
-0.0128906
0.000913521
-0.0129768
0.000824706
-0.0147861
-0.013513
0.00123607
0.0118688
0.00148058
0.0128013
0.00151468
0.0048406
0.00138548
-0.00426004
0.00121189
-0.0104655
0.00109892
-0.0131961
0.00102524
-0.0128169
0.000893036
-0.0128446
0.000799267
-0.0146924
-0.0136469
0.00122781
0.0115826
0.00198383
0.0120452
0.00270955
0.00411489
0.00303101
-0.0045815
0.00301824
-0.0104528
0.00286146
-0.0130393
0.00267957
-0.012635
0.00247122
-0.0126363
0.0022872
-0.0145083
0.00223036
-0.0135901
-0.00678219
0.00140656
0.0112803
0.0021682
0.0112836
0.00286069
0.00342239
0.00314866
-0.00486947
0.00311511
-0.0104192
0.00294336
-0.0128675
0.00275309
-0.0124448
0.00254039
-0.0124236
0.00234999
-0.0143179
0.00228523
-0.0135253
-0.00679784
0.00160043
0.0109629
0.0023636
0.0105204
0.00301937
0.00276662
0.00327192
-0.00512202
0.00321392
-0.0103612
0.00302548
-0.0126791
0.00282619
-0.0122455
0.00260956
-0.0122069
0.00241366
-0.014122
0.00234133
-0.013453
-0.00680744
0.00180981
0.0106298
0.00256862
0.00976162
0.00318343
0.0021518
0.0033979
-0.00533648
0.00331369
-0.010277
0.00310829
-0.0124737
0.00290003
-0.0120372
0.00267975
-0.0119867
0.00247855
-0.0139208
0.00239843
-0.0133729
-0.00681063
0.00203283
0.0102801
0.00278114
0.00901331
0.00335113
0.00158181
0.00352497
-0.00551032
0.00341385
-0.0101659
0.00319183
-0.0122517
0.00297492
-0.0118203
0.00275124
-0.011763
0.00254475
-0.0137144
0.0024565
-0.0132846
-0.00680698
0.00226703
0.00991258
0.00299883
0.00828151
0.0035206
0.00106003
0.00365189
-0.00564161
0.00351397
-0.010028
0.00327602
-0.0120137
0.00305093
-0.0115952
0.00282413
-0.0115362
0.00261231
-0.0135025
0.0025155
-0.0131878
-0.00679606
0.0025095
0.00952609
0.00321918
0.00757183
0.00368986
0.000589356
0.0037776
-0.00572935
0.00361366
-0.00986403
0.00336079
-0.0117609
0.00312805
-0.0113625
0.00289843
-0.0113066
0.00268122
-0.0132853
0.0025754
-0.013082
-0.00677743
0.00275696
0.00911942
0.00343954
0.00688925
0.00385688
0.00017201
0.00390114
-0.00577361
0.0037126
-0.00967549
0.00344603
-0.0114943
0.00320628
-0.0111227
0.00297416
-0.0110744
0.00275147
-0.0130626
0.00263617
-0.0129667
-0.00675069
0.0030057
0.00869175
0.00365702
0.00623794
0.00401971
-0.000190679
0.00402163
-0.00577553
0.00381051
-0.00946438
0.0035317
-0.0112155
0.00328563
-0.0108767
0.00305133
-0.0108401
0.00282305
-0.0128344
0.00269777
-0.0128414
-0.00671542
0.00325181
0.00824297
0.00386854
0.00562121
0.00417647
-0.000498607
0.00413834
-0.0057374
0.00390719
-0.00923322
0.00361776
-0.010926
0.00336609
-0.010625
0.00312994
-0.010604
0.00289596
-0.0126004
0.00276017
-0.0127056
-0.0066712
0.00349135
0.00777406
0.00407101
0.00504155
0.00432553
-0.000753124
0.00425073
-0.0056626
0.0040025
-0.00898499
0.00370422
-0.0106278
0.00344767
-0.0103685
0.00321001
-0.0103663
0.00297018
-0.0123605
0.00282329
-0.0125587
-0.00661756
0.00372058
0.00728735
0.00426153
0.00450059
0.00446555
-0.00095714
0.00435843
-0.00555548
0.00409643
-0.00872299
0.0037911
-0.0103224
0.00353039
-0.0101077
0.00329155
-0.0101275
0.00304571
-0.0121147
0.00288709
-0.0124001
-0.00655401
0.00393614
0.00678659
0.0044377
0.00399903
0.00459564
-0.00111508
0.00446133
-0.00542117
0.00418902
-0.00845068
0.00387847
-0.0100119
0.00361427
-0.00984353
0.00337457
-0.00988779
0.00312254
-0.0118627
0.00295148
-0.0122291
-0.00647994
0.00413535
0.00627696
0.00459788
0.0035365
0.00471545
-0.00123265
0.00455957
-0.00526529
0.00428041
-0.00817152
0.00396641
-0.00969788
0.00369935
-0.00957648
0.00345909
-0.00964752
0.00320069
-0.0116043
0.00301637
-0.0120447
-0.00639465
0.00431657
0.00576472
0.00474143
0.00311164
0.00482522
-0.00131644
0.00465353
-0.00509359
0.00437082
-0.00788881
0.00405502
-0.00938209
0.00378567
-0.00930712
0.0035451
-0.00940696
0.00328016
-0.0113393
0.00308164
-0.0118462
-0.00629729
0.00447939
0.00525675
0.00486883
0.0027222
0.00492577
-0.00137339
0.00474382
-0.00491164
0.00446051
-0.0076055
0.00414443
-0.00906601
0.00387327
-0.00903596
0.00363263
-0.00916631
0.00336097
-0.0110677
0.00314718
-0.0116324
-0.00618683
0.00462479
0.00475985
0.00498157
0.00236542
0.00501838
-0.00141019
0.00483117
-0.00472443
0.00454978
-0.00732411
0.00423477
-0.008751
0.00396221
-0.0087634
0.00372166
-0.00892576
0.00344313
-0.0107891
0.00321288
-0.0114022
-0.00606204
0.00475486
0.00428019
0.00508197
0.00203831
0.00510465
-0.00143287
0.00491642
-0.00453621
0.00463896
-0.00704665
0.00432617
-0.00843822
0.00405255
-0.00848978
0.0038122
-0.00868542
0.00352669
-0.0105036
0.00327864
-0.0111541
-0.00592149
0.00487253
0.00382276
0.00517279
0.00173805
0.0051863
-0.00144638
0.0050004
-0.00435031
0.00472834
-0.00677459
0.00441876
-0.00812864
0.00414436
-0.00821537
0.00390425
-0.00844531
0.0036117
-0.0102111
0.00334438
-0.0108868
-0.00576345
0.00498101
0.00339119
0.00525692
0.00146214
0.00526502
-0.00145447
0.0050839
-0.0041692
0.0048182
-0.00650889
0.00451265
-0.00782309
0.00423772
-0.00794044
0.00399779
-0.00820537
0.0036982
-0.0099115
0.00341008
-0.0105987
-0.00558591
0.00508344
0.0029877
0.00533703
0.00120855
0.00534231
-0.00145976
0.00516761
-0.00399449
0.0049088
-0.00625008
0.00460797
-0.00752225
0.00433274
-0.00766522
0.00409281
-0.00796544
0.00378628
-0.00960497
0.00347577
-0.0102882
-0.00538654
0.00518251
0.00261328
0.00541538
0.000975681
0.00541944
-0.00146381
0.00525212
-0.00382717
0.00500036
-0.00599833
0.0047048
-0.00722668
0.00442953
-0.00738996
0.00418932
-0.00772523
0.00387603
-0.00929167
0.00354156
-0.00995369
-0.00516267
0.00528037
0.00226796
0.00549377
0.000762279
0.00549738
-0.00146742
0.00533789
-0.00366768
0.00509309
-0.00575352
0.00480323
-0.00693683
0.00452823
-0.00711495
0.00428733
-0.00748434
0.00396754
-0.00897189
0.00360769
-0.00959384
-0.00491132
0.00537857
0.00195104
0.00557352
0.000567332
0.00557687
-0.00147078
0.0054253
-0.0035161
0.00518715
-0.00551538
0.00490334
-0.00665301
0.00462897
-0.00684058
0.00438687
-0.00724224
0.00406096
-0.00864597
0.00367453
-0.0092074
-0.00462928
0.00547816
0.00166143
0.00565552
0.000389975
0.00565844
-0.0014737
0.00551463
-0.00337229
0.00528273
-0.00528348
0.00500519
-0.00637547
0.00473193
-0.00656732
0.004488
-0.00699832
0.00415641
-0.00831439
0.00374263
-0.00879362
-0.00431328
0.0055798
0.00139774
0.00574037
0.000229409
0.00574243
-0.00147576
0.00560608
-0.00323594
0.00538
-0.00505741
0.00510883
-0.0061043
0.00483728
-0.00629577
0.00459083
-0.00675186
0.00425406
-0.00797763
0.00381278
-0.00835234
-0.00396027
0.00568387
0.00115852
0.00582844
8.48377e-05
0.00582912
-0.00147644
0.00569981
-0.00310663
0.00547914
-0.00483674
0.00521433
-0.00583949
0.00494519
-0.00602663
0.00469551
-0.00650218
0.00435408
-0.00763619
0.00388601
-0.00788428
-0.00356787
0.00579056
0.000942293
0.00591994
-4.45401e-05
0.00591868
-0.00147519
0.00579595
-0.00298389
0.00558034
-0.00462113
0.00532174
-0.00558088
0.00505583
-0.00576072
0.00480228
-0.00624864
0.00445664
-0.00729056
0.00396363
-0.00739126
-0.00313493
0.00589996
0.000747635
0.00601499
-0.000159571
0.00601127
-0.00147147
0.00589457
-0.00286719
0.0056838
-0.00441036
0.00543113
-0.00532821
0.00516933
-0.00549892
0.00491144
-0.00599075
0.00456196
-0.00694108
0.00404722
-0.00687652
-0.00266244
0.00601213
0.000573183
0.00611366
-0.000261096
0.00610702
-0.00146483
0.00599576
-0.00275593
0.00578971
-0.00420432
0.00554261
-0.0050811
0.00528578
-0.0052421
0.00502337
-0.00572833
0.00467028
-0.00658799
0.00413858
-0.00634483
-0.00215449
0.00612711
0.000417644
0.00621596
-0.000349953
0.00620606
-0.00145492
0.00609957
-0.00264944
0.00589828
-0.00400302
0.00565633
-0.00483915
0.00540524
-0.00499101
0.00513852
-0.00546161
0.00478189
-0.00623137
0.00423962
-0.00580255
-0.00161948
0.00624492
0.000279788
0.00632192
-0.000426954
0.00630851
-0.00144151
0.0062061
-0.00254704
0.00600967
-0.0038066
0.00577248
-0.00460195
0.00552769
-0.00474622
0.00525736
-0.00519128
0.0048972
-0.00587121
0.00435222
-0.00525758
-0.00107105
0.00636561
0.000158436
0.00643152
-0.000492871
0.00641449
-0.00142447
0.00631543
-0.00244798
0.00612405
-0.00361522
0.0058913
-0.00436921
0.00565307
-0.00450799
0.00538036
-0.00491857
0.00501676
-0.00550761
0.00447791
-0.00471873
-0.000528635
0.00648924
5.24546e-05
0.00654479
-0.000548426
0.00652411
-0.00140379
0.00642768
-0.00235155
0.00624152
-0.00342906
0.00601309
-0.00414077
0.00578135
-0.00427625
0.00550791
-0.00464514
0.00514129
-0.00514098
0.00461773
-0.00419517
-1.66038e-05
0.00661589
-3.92595e-05
0.00666175
-0.000594288
0.00663748
-0.00137952
0.00654302
-0.00225709
0.00636219
-0.00324823
0.00613813
-0.00391671
0.00591249
-0.00405061
0.00564025
-0.0043729
0.00527171
-0.00477244
0.00477197
-0.00369543
0.000438474
0.00674563
-0.000117759
0.00678242
-0.000631079
0.00675468
-0.00135177
0.0066616
-0.00216401
0.00648614
-0.00307277
0.00626671
-0.00369728
0.00604658
-0.00383048
0.00577748
-0.0041038
0.00540912
-0.00440408
0.00494016
-0.00322646
0.00081248
0.00687855
-0.0001841
0.00690686
-0.000659386
0.00687578
-0.00132069
0.00678362
-0.00207185
0.00661345
-0.0029026
0.00639904
-0.00348287
0.00618379
-0.00361523
0.00591951
-0.00383951
0.00555466
-0.00403924
0.00512146
-0.00279326
0.00108949
0.00701475
-0.000239278
0.00703513
-0.000679768
0.00700085
-0.00128641
0.00690928
-0.00198028
0.00674423
-0.00273756
0.00653529
-0.00327393
0.0063244
-0.00340434
0.0060662
-0.00358131
0.00570923
-0.00368228
0.00531482
-0.00239884
0.001266
0.00715432
-0.000284241
0.00716732
-0.000692767
0.00712998
-0.00124908
0.00703876
-0.00188905
0.00687862
-0.00257742
0.00667554
-0.00307085
0.00646874
-0.00319755
0.00621746
-0.00333002
0.00587325
-0.00333806
0.00551905
-0.00204464
0.0013515
0.00729735
-0.000319882
0.0073035
-0.000698913
0.00726324
-0.00120882
0.00717223
-0.00179805
0.00701678
-0.00242197
0.00681983
-0.0028739
0.00661715
-0.00299486
0.00637332
-0.00308619
0.00604642
-0.00301117
0.00573261
-0.00173083
0.00136482
0.00744397
-0.000347038
0.00744378
-0.000698723
0.00740072
-0.00116576
0.00730987
-0.00170719
0.0071589
-0.00227101
0.00696821
-0.0026832
0.00676988
-0.00279653
0.00653393
-0.00285025
0.00622786
-0.0027051
0.00595354
-0.00145651
0.00132817
0.00759429
-0.000366489
0.00758826
-0.000692695
0.00754255
-0.00112004
0.00745181
-0.00161645
0.00730516
-0.00212437
0.00712072
-0.00249876
0.00692713
-0.00260294
0.00669953
-0.00262265
0.00641633
-0.0024219
0.00617956
-0.00121973
0.00126157
0.00774845
-0.000378958
0.00773706
-0.000681308
0.00768883
-0.00107181
0.00759821
-0.00152583
0.00745574
-0.0019819
0.00727746
-0.00232048
0.00708904
-0.00241452
0.00687032
-0.00240393
0.00661051
-0.00216209
0.00640854
-0.00101776
0.00117985
0.00790659
-0.000385116
0.0078903
-0.000665015
0.00783971
-0.00102122
0.00774921
-0.00143534
0.0076108
-0.00184349
0.00743853
-0.00214821
0.00725566
-0.00223164
0.0070464
-0.00219467
0.00680938
-0.00192507
0.00663875
-0.000847131
0.00109226
0.00806888
-0.000385585
0.0080481
-0.000644239
0.00799533
-0.00096845
0.00790498
-0.00134498
0.00777049
-0.001709
0.00760407
-0.00198179
0.00742702
-0.0020546
0.00722773
-0.00199538
0.00701218
-0.00170952
0.00686913
-0.000704079
0.00100371
0.00823548
-0.00038094
0.00821062
-0.000619377
0.00815584
-0.000913668
0.00806565
-0.00125479
0.00793496
-0.0015783
0.00777423
-0.00182106
0.00760317
-0.00188354
0.0074142
-0.00180641
0.00721849
-0.0015138
0.00709914
-0.000584732
0.000916465
0.0084066
-0.000371708
0.00837802
-0.000590796
0.0083214
-0.00085705
0.00823141
-0.00116481
0.00810433
-0.00145123
0.00794914
-0.00166587
0.00778414
-0.00171854
0.00760562
-0.00162789
0.00742802
-0.0013362
0.00732871
-0.000485422
0.000831486
0.00858242
-0.000358373
0.00855046
-0.000558838
0.00849217
-0.000798759
0.00840242
-0.00107505
0.00827876
-0.00132757
0.00812893
-0.00151605
0.00796995
-0.00155955
0.00780178
-0.00145972
0.00764065
-0.00117507
0.00755802
-0.000402794
0.000749204
0.00876317
-0.000341377
0.00872815
-0.000523818
0.00866834
-0.000738944
0.00857885
-0.000985567
0.00845839
-0.00120711
0.00831372
-0.00137137
0.00816065
-0.00140649
0.00800249
-0.00130156
0.00785626
-0.00102885
0.00778739
-0.000333921
0.000669912
0.00894909
-0.000321114
0.0089113
-0.000486027
0.00885009
-0.000677735
0.00876089
-0.000896364
0.00864338
-0.0010896
0.0085036
-0.0012316
0.00835628
-0.00125917
0.0082076
-0.00115288
0.00807478
-0.000896033
0.00801718
-0.000276324
0.000593869
0.00914043
-0.000297941
0.00910013
-0.000445729
0.00903763
-0.00061524
0.00894871
-0.000807442
0.00883388
-0.000974769
0.00869869
-0.00109641
0.00855686
-0.00111734
0.00841699
-0.001013
0.00829613
-0.000775178
0.00824775
-0.000227948
0.000521294
0.00933746
-0.000272173
0.00929489
-0.000403162
0.0092312
-0.000551544
0.00914252
-0.00071877
0.00903007
-0.000862318
0.00889909
-0.000965428
0.00876243
-0.000980673
0.00863058
-0.00088115
0.00852026
-0.000664863
0.00847942
-0.000187103
0.000452318
0.00954048
-0.000244089
0.00949586
-0.000358536
0.00943102
-0.000486708
0.00934253
-0.000630277
0.00923214
-0.000751927
0.00910491
-0.000838206
0.00897299
-0.000848752
0.00884832
-0.000756477
0.00874715
-0.000563696
0.00871244
-0.000152395
0.000386942
0.00974982
-0.000213935
0.00970331
-0.000312029
0.00963737
-0.000420768
0.00954895
-0.000541849
0.00944026
-0.000643237
0.00931628
-0.00071423
0.00918858
-0.000721052
0.00907017
-0.000638068
0.00897679
-0.000470312
0.00894704
-0.000122653
0.000325018
0.00996582
-0.000181927
0.00991759
-0.000263793
0.00985055
-0.000353728
0.00976202
-0.000453326
0.00965463
-0.000535845
0.00953332
-0.000592916
0.00940921
-0.000596943
0.0092961
-0.000524958
0.00920917
-0.000383378
0.00918339
-9.68789e-05
0.000266248
0.0101889
-0.000148252
0.010139
-0.000213947
0.0100709
-0.000285566
0.00998203
-0.000364499
0.00987548
-0.000429297
0.00975617
-0.000473604
0.00963491
-0.000475682
0.00952607
-0.00041612
0.00944428
-0.000301588
0.00942161
-7.42074e-05
0.000210197
0.0104194
-0.000113078
0.010368
-0.000162585
0.0102987
-0.000216223
0.0102093
-0.000275103
0.010103
-0.000323074
0.009985
-0.000355552
0.00986572
-0.000356409
0.00976006
-0.000310455
0.00968213
-0.000223661
0.00966178
-5.38566e-05
0.000156299
0.0106578
-7.65546e-05
0.010605
-0.000109777
0.0105344
-0.000145607
0.0104441
-0.000184819
0.0103376
-0.000216584
0.01022
-0.000237922
0.0101017
-0.000238141
0.009998
-0.00020677
0.00992264
-0.000148307
0.0099039
-3.51168e-05
0.000103872
0.0109046
-3.882e-05
0.0108504
-5.55727e-05
0.0107784
-7.35899e-05
0.0106868
-9.32669e-05
0.0105794
-0.000109151
0.0104612
-0.000119761
0.0103428
-0.000119757
0.0102398
-0.000103751
0.0101657
-7.4195e-05
0.0101479
-1.73291e-05
5.21285e-05
0.0111602
0.0111046
0.011031
0.0109378
0.0108286
0.0107088
0.0105891
0.0104853
0.0104111
0.0103938
)
;

boundaryField
{
    inlet
    {
        type            calculated;
        value           nonuniform 0();
    }
    outlet
    {
        type            calculated;
        value           nonuniform 0();
    }
    cylinder
    {
        type            calculated;
        value           nonuniform 0();
    }
    top
    {
        type            symmetryPlane;
        value           uniform 0;
    }
    bottom
    {
        type            symmetryPlane;
        value           nonuniform 0();
    }
    defaultFaces
    {
        type            empty;
        value           nonuniform 0();
    }
    procBoundary27to11
    {
        type            processor;
        value           nonuniform List<scalar> 
12
(
-0.0153749
-0.0180105
-0.0188967
-0.0126852
-0.00018967
0.00977219
0.0141754
0.0163888
-0.00148364
0.0181341
0.0156156
0.00684411
)
;
    }
    procBoundary27to12
    {
        type            processor;
        value           uniform 0.00161556;
    }
    procBoundary27to26
    {
        type            processor;
        value           nonuniform List<scalar> 
100
(
-0.000803329
-0.000783562
-0.000764222
-0.000745328
-0.00072688
-0.000708859
-0.000691221
-0.000673896
-0.000656792
-0.000639787
-0.000622737
0.012954
-0.000875228
-0.000866285
-0.000857406
-0.000848584
-0.000839809
-0.000831067
-0.000822352
-0.000813659
-0.000804999
-0.000796392
-0.000787902
-0.00077961
-0.000771627
-0.000764099
-0.000757216
-0.000751199
-0.000746299
-0.000742786
-0.00074093
-0.00074099
-0.000743194
-0.000747738
-0.000754791
-0.000764518
-0.000777067
-0.000792583
-0.00081203
-0.000839206
-0.000941649
-0.00110431
-0.00128301
-0.00147671
-0.00168309
-0.00189952
-0.00212301
-0.0023503
-0.00257803
-0.00280303
-0.00302245
-0.00323387
-0.00343538
-0.00362572
-0.00380433
-0.00397142
-0.00412789
-0.0042752
-0.0044151
-0.00454944
-0.00467995
-0.0048081
-0.00493505
-0.00506166
-0.00518855
-0.00531612
-0.00544465
-0.00557433
-0.00570531
-0.00583768
-0.00597157
-0.00610706
-0.00624425
-0.00638326
-0.00652417
-0.00666713
-0.00681221
-0.00695957
-0.00710935
-0.00726171
-0.00741681
-0.00757484
-0.00773598
-0.00790043
-0.00806841
-0.00824013
-0.00841583
-0.00859575
-0.00878017
-0.00896935
-0.0091636
-0.00936323
-0.00956857
-0.00977997
-0.00999783
-0.0102225
-0.0104545
-0.0106943
-0.0109423
-0.011199
)
;
    }
    procBoundary27to28
    {
        type            processor;
        value           nonuniform List<scalar> 
100
(
0.00161207
0.00160811
0.00160364
0.00159866
0.00159314
0.00158706
0.00158041
0.00157317
0.0015653
0.00155679
0.00154761
0.00153775
0.00152716
0.00151583
0.00150372
0.0014908
0.00147704
0.00146242
0.0014469
0.00143045
0.00141304
0.00139463
0.0013752
0.00135474
0.00133323
0.00131066
0.00128703
0.00126235
0.00123664
0.00120993
0.00118224
0.00115362
0.00112411
0.00109378
0.00106268
0.0010308
0.000998072
0.00096501
0.000933164
0.0067609
0.00225165
0.00230088
0.00235093
0.00240162
0.00245285
0.00250457
0.00255677
0.00260943
0.00266251
0.00271594
0.00276966
0.00282354
0.00287741
0.00293108
0.00298427
0.00303671
0.00308809
0.00313808
0.00318634
0.00323254
0.0032764
0.00331769
0.00335634
0.00339249
0.00342663
0.00345978
0.00349361
0.0035307
0.00357473
0.00363063
0.00370461
0.00380379
0.0039355
0.0041057
0.00431689
0.00456615
0.00484445
0.00513831
0.00543355
0.00571929
0.00599019
0.00624616
0.00649025
0.00672635
0.00695768
0.00718638
0.00741369
0.0076403
0.00786668
0.00809323
0.00832033
0.00854839
0.00877782
0.00900897
0.00924216
0.00947766
0.00971568
0.00995633
0.0101997
0.0104459
)
;
    }
}


// ************************************************************************* //
