/*--------------------------------*- C++ -*----------------------------------*\
  =========                 |
  \\      /  F ield         | OpenFOAM: The Open Source CFD Toolbox
   \\    /   O peration     | Website:  https://openfoam.org
    \\  /    A nd           | Version:  7
     \\/     M anipulation  |
\*---------------------------------------------------------------------------*/
FoamFile
{
    version     2.0;
    format      ascii;
    class       volScalarField;
    location    "5";
    object      p;
}
// * * * * * * * * * * * * * * * * * * * * * * * * * * * * * * * * * * * * * //

dimensions      [0 2 -2 0 0 0 0];

internalField   nonuniform List<scalar> 
1450
(
5.15177e-07
3.41284e-07
2.23847e-07
1.45269e-07
9.31121e-08
5.86961e-08
3.64368e-08
2.21573e-08
1.29905e-08
7.34952e-09
3.95084e-09
1.82404e-09
7.37057e-10
1.73406e-10
-3.36613e-10
-3.40033e-10
-1.65453e-10
-9.72887e-11
-9.51583e-11
-7.04119e-11
-0.141164
-0.107614
-0.0777137
-0.0531383
-0.0341696
-0.0202727
-0.0105645
-0.00409905
-2.26582e-05
0.00236357
0.00359724
0.00407486
0.0040801
0.00381072
0.00340078
0.00293789
0.00247639
0.00204744
0.00166644
0.00133877
0.00106358
0.000836762
0.000652589
0.000504888
0.000387746
0.000295758
0.000224091
0.000168735
0.000126194
9.38081e-05
6.92571e-05
5.082e-05
3.70497e-05
2.68361e-05
1.93111e-05
1.38041e-05
9.80117e-06
6.91144e-06
4.83969e-06
3.36487e-06
2.32239e-06
1.59088e-06
1.0813e-06
7.28929e-07
4.87274e-07
3.2271e-07
2.1158e-07
1.37227e-07
8.78822e-08
5.53325e-08
3.42833e-08
2.07871e-08
1.21318e-08
6.80917e-09
3.61144e-09
1.61649e-09
6.02067e-10
8.48367e-11
-3.82382e-10
-3.70937e-10
-1.92992e-10
-1.16911e-10
-1.03491e-10
-6.89659e-11
-0.138379
-0.106502
-0.0778381
-0.0540423
-0.0354753
-0.0217118
-0.0119688
-0.00537714
-0.00113547
0.00142336
0.00281967
0.00344194
0.00357122
0.00340555
0.00308072
0.00268667
0.00228024
0.00189495
0.00154833
0.00124759
0.000993431
0.000782973
0.000611486
0.000473601
0.000364023
0.000277844
0.000210624
0.000158657
0.000118695
8.82535e-05
6.51694e-05
4.78271e-05
3.48715e-05
2.52604e-05
1.81783e-05
1.29948e-05
9.22677e-06
6.50642e-06
4.55602e-06
3.16755e-06
2.18609e-06
1.4974e-06
1.01765e-06
6.85908e-07
4.5841e-07
3.03496e-07
1.98891e-07
1.28908e-07
8.24736e-08
5.18533e-08
3.20559e-08
1.93699e-08
1.12437e-08
6.25181e-09
3.26113e-09
1.40178e-09
4.63286e-10
-5.5925e-12
-4.28629e-10
-4.01586e-10
-2.21538e-10
-1.37475e-10
-1.11364e-10
-6.76009e-11
-0.13562
-0.105349
-0.0778902
-0.05487
-0.0367159
-0.0231026
-0.0133415
-0.00663757
-0.00224079
0.000483865
0.00203872
0.00280346
0.00305589
0.00299387
0.00275456
0.00243001
0.0020794
0.00173852
0.00142699
0.00115381
0.000921197
0.000727536
0.000569096
0.000441317
0.000339535
0.000259346
0.000196715
0.000148246
0.000110947
8.25141e-05
6.09452e-05
4.47339e-05
3.26203e-05
2.36319e-05
1.70075e-05
1.21583e-05
8.63303e-06
6.08776e-06
4.26279e-06
2.96359e-06
2.0452e-06
1.40076e-06
9.51851e-07
6.41438e-07
4.28574e-07
2.83635e-07
1.85774e-07
1.20309e-07
7.68836e-08
4.82562e-08
2.97535e-08
1.79052e-08
1.03255e-08
5.67658e-09
2.89927e-09
1.17984e-09
3.20795e-10
-9.81213e-11
-4.76311e-10
-4.33017e-10
-2.50621e-10
-1.57991e-10
-1.1885e-10
-6.67065e-11
-0.132889
-0.104158
-0.0778728
-0.0556225
-0.0378912
-0.0244442
-0.0146813
-0.00787884
-0.00333724
-0.000453776
0.00125526
0.00216007
0.00253458
0.00257598
0.0024225
0.00216804
0.00187395
0.00157819
0.00130242
0.00105741
0.000846876
0.000670449
0.000525416
0.000408031
0.000314276
0.00024026
0.000182361
0.000137499
0.000102947
7.65883e-05
5.6583e-05
4.15396e-05
3.02954e-05
2.19498e-05
1.57981e-05
1.12944e-05
8.01976e-06
5.65532e-06
3.95992e-06
2.7529e-06
1.89967e-06
1.30094e-06
8.83886e-07
5.95504e-07
3.97756e-07
2.6312e-07
1.72226e-07
1.11427e-07
7.11098e-08
4.45401e-08
2.73751e-08
1.63928e-08
9.37702e-09
5.08241e-09
2.52602e-09
9.50719e-10
1.74261e-10
-1.92753e-10
-5.25802e-10
-4.65592e-10
-2.79759e-10
-1.78323e-10
-1.266e-10
-6.62295e-11
-0.130187
-0.102933
-0.0777888
-0.0563013
-0.0390013
-0.0257356
-0.0159868
-0.00909947
-0.00442347
-0.00138842
0.000470189
0.00151243
0.00200776
0.00215224
0.00208477
0.00190089
0.00166397
0.00141403
0.00117467
0.000958413
0.000770472
0.000611712
0.000480442
0.000373741
0.000288243
0.000220582
0.000167558
0.000126415
9.46951e-05
7.04747e-05
5.2082e-05
3.82435e-05
2.78962e-05
2.0214e-05
1.455e-05
1.04027e-05
7.38681e-06
5.209e-06
3.64731e-06
2.53545e-06
1.74946e-06
1.19792e-06
8.13737e-07
5.48095e-07
3.65949e-07
2.41947e-07
1.58242e-07
1.02261e-07
6.51508e-08
4.0704e-08
2.49203e-08
1.48321e-08
8.3979e-09
4.46919e-09
2.14123e-09
7.14389e-10
2.36465e-11
-2.89505e-10
-5.77103e-10
-4.99283e-10
-3.08959e-10
-1.98498e-10
-1.34625e-10
-6.61371e-11
-0.127514
-0.101677
-0.0776409
-0.0569082
-0.0400465
-0.0269762
-0.0172568
-0.010298
-0.00549811
-0.00231891
-0.000315556
0.000861267
0.00147597
0.001723
0.00174162
0.00162875
0.00144958
0.00124609
0.00104378
0.000856848
0.000691999
0.000551331
0.000434177
0.000338446
0.000261436
0.000200313
0.000152306
0.000114992
8.61892e-05
6.41725e-05
4.74416e-05
3.4845e-05
2.54223e-05
1.84241e-05
1.3263e-05
9.48313e-06
6.73409e-06
4.74873e-06
3.32493e-06
2.3112e-06
1.59455e-06
1.09167e-06
7.41394e-07
4.99202e-07
3.33147e-07
2.20112e-07
1.43821e-07
9.28077e-08
5.90055e-08
3.67473e-08
2.23886e-08
1.3223e-08
7.38803e-09
3.83683e-09
1.74484e-09
4.70818e-10
-1.31068e-10
-3.8843e-10
-6.30158e-10
-5.34019e-10
-3.38241e-10
-2.18562e-10
-1.42899e-10
-6.63925e-11
-0.124874
-0.100392
-0.0774323
-0.057445
-0.0410274
-0.0281654
-0.0184901
-0.0114732
-0.00655983
-0.00324408
-0.00110102
0.000207312
0.000939741
0.00128867
0.00139334
0.00135181
0.00123091
0.00107447
0.000909795
0.000752744
0.000611475
0.000489318
0.000386627
0.000302149
0.000233856
0.000179451
0.000136604
0.000103231
7.74295e-05
5.76817e-05
4.26614e-05
3.1344e-05
2.28736e-05
1.65799e-05
1.1937e-05
8.53569e-06
6.06154e-06
4.27447e-06
2.99275e-06
2.08012e-06
1.43494e-06
9.82197e-07
6.66851e-07
4.48822e-07
2.99348e-07
1.97612e-07
1.28961e-07
8.30676e-08
5.26735e-08
3.26699e-08
1.97797e-08
1.15654e-08
6.34735e-09
3.18532e-09
1.33681e-09
2.19997e-10
-2.89894e-10
-4.8955e-10
-6.84943e-10
-5.69771e-10
-3.67626e-10
-2.3854e-10
-1.51408e-10
-6.69731e-11
-0.122266
-0.0990825
-0.0771658
-0.0579134
-0.0419443
-0.0293027
-0.0196856
-0.0126235
-0.00760729
-0.00416272
-0.00188523
-0.00044866
0.000399675
0.000849673
0.00104024
0.00107027
0.0010081
0.000899258
0.000772783
0.000646143
0.000528929
0.000425689
0.000337803
0.000264858
0.000205507
0.000158001
0.000120454
9.11317e-05
6.84163e-05
5.10024e-05
3.77418e-05
2.77406e-05
2.02502e-05
1.46817e-05
1.05719e-05
7.56036e-06
5.36918e-06
3.78623e-06
2.65078e-06
1.84223e-06
1.27061e-06
8.6949e-07
5.90109e-07
3.96956e-07
2.64552e-07
1.74449e-07
1.13663e-07
7.30405e-08
4.61549e-08
2.84717e-08
1.70939e-08
9.85906e-09
5.27591e-09
2.51467e-09
9.17129e-10
-3.80686e-11
-4.52831e-10
-5.92879e-10
-7.41447e-10
-6.06526e-10
-3.97131e-10
-2.5845e-10
-1.60142e-10
-6.78612e-11
-0.119692
-0.0977507
-0.0768446
-0.0583155
-0.0427983
-0.0303879
-0.0208424
-0.0137478
-0.00863921
-0.00507367
-0.00266717
-0.00110585
-0.000143614
0.00040648
0.00068265
0.000784392
0.000781323
0.000720575
0.000632825
0.0005371
0.000444395
0.000360468
0.00028772
0.000226583
0.000176396
0.000135966
0.00010386
7.86966e-05
5.91513e-05
4.41356e-05
3.26835e-05
2.40353e-05
1.75525e-05
1.27295e-05
9.16807e-06
6.55725e-06
4.65708e-06
3.28406e-06
2.29905e-06
1.59756e-06
1.1016e-06
7.53567e-07
5.11177e-07
3.43609e-07
2.28764e-07
1.50626e-07
9.79283e-08
6.27274e-08
3.94503e-08
2.41533e-08
1.43313e-08
8.10436e-09
4.17382e-09
1.82497e-09
4.85841e-10
-3.03345e-10
-6.19866e-10
-6.9842e-10
-7.9965e-10
-6.44268e-10
-4.26769e-10
-2.78306e-10
-1.6909e-10
-6.90388e-11
-0.117154
-0.0963999
-0.0764717
-0.0586536
-0.04359
-0.0314208
-0.0219596
-0.014845
-0.0096543
-0.00597573
-0.00344583
-0.00176342
-0.000689479
-4.04185e-05
0.000320937
0.000494429
0.000550771
0.000538554
0.000490012
0.000425677
0.000357917
0.000293685
0.000236399
0.000187337
0.000146532
0.000113352
8.68248e-05
6.59291e-05
4.96366e-05
3.70831e-05
2.74875e-05
2.0229e-05
1.47809e-05
1.07238e-05
7.72569e-06
5.52659e-06
3.92541e-06
2.76809e-06
1.93763e-06
1.34614e-06
9.27925e-07
6.34451e-07
4.3007e-07
2.88793e-07
1.9199e-07
1.26146e-07
8.176e-08
5.21306e-08
3.25612e-08
1.97157e-08
1.14925e-08
6.30159e-09
3.04133e-09
1.11638e-09
4.30303e-11
-5.75773e-10
-7.9097e-10
-8.06163e-10
-8.5953e-10
-6.82974e-10
-4.56549e-10
-2.98121e-10
-1.78244e-10
-7.04876e-11
-0.114653
-0.0950333
-0.0760503
-0.0589297
-0.0443206
-0.0324014
-0.0230364
-0.0159137
-0.0106513
-0.00686773
-0.00422017
-0.00242052
-0.00123724
-0.000490499
-4.45024e-05
0.000200674
0.000316655
0.000353346
0.000344452
0.000311951
0.00026955
0.000225377
0.000183866
0.00014714
0.00011593
9.0171e-05
6.93567e-05
5.2834e-05
3.98759e-05
2.98473e-05
2.21558e-05
1.63229e-05
1.19365e-05
8.66526e-06
6.24526e-06
4.46871e-06
3.17439e-06
2.23846e-06
1.56665e-06
1.08807e-06
7.49655e-07
5.1218e-07
3.46816e-07
2.32524e-07
1.54242e-07
1.01018e-07
6.51633e-08
4.12532e-08
2.54898e-08
1.51601e-08
8.57852e-09
4.45132e-09
1.87882e-09
3.89142e-10
-4.11169e-10
-8.55268e-10
-9.66096e-10
-9.16087e-10
-9.21056e-10
-7.22619e-10
-4.86478e-10
-3.17906e-10
-1.87589e-10
-7.21902e-11
-0.11219
-0.0936537
-0.0755836
-0.0591464
-0.0449914
-0.0333299
-0.0240724
-0.0169531
-0.0116291
-0.00774848
-0.00498915
-0.00307626
-0.00178618
-0.000943204
-0.000413245
-9.65526e-05
7.92071e-05
0.000165123
0.00019627
0.000196011
0.000179355
0.000155591
0.000130154
0.000106015
8.46048e-05
6.64332e-05
5.14638e-05
3.94175e-05
2.98736e-05
2.24314e-05
1.66908e-05
1.23187e-05
9.02055e-06
6.55482e-06
4.72741e-06
3.38406e-06
2.40436e-06
1.6954e-06
1.18626e-06
8.23456e-07
5.66861e-07
3.86807e-07
2.61448e-07
1.74828e-07
1.15537e-07
7.52523e-08
4.81454e-08
3.01e-08
1.8239e-08
1.04887e-08
5.59048e-09
2.55432e-09
6.86772e-10
-3.56437e-10
-8.7657e-10
-1.14171e-09
-1.14518e-09
-1.02816e-09
-9.84192e-10
-7.63176e-10
-5.16559e-10
-3.37671e-10
-1.97116e-10
-7.41299e-11
-0.109767
-0.0922644
-0.0750747
-0.059306
-0.0456035
-0.0342064
-0.0250669
-0.0179621
-0.0125865
-0.00861683
-0.00575171
-0.00372975
-0.00233556
-0.00139795
-0.000784835
-0.000396907
-0.000161312
-2.59248e-05
4.56048e-05
7.79589e-05
8.74085e-05
8.43795e-05
7.53025e-05
6.39902e-05
5.25783e-05
4.21541e-05
3.31572e-05
2.56878e-05
1.96357e-05
1.48399e-05
1.10954e-05
8.21875e-06
6.03458e-06
4.39361e-06
3.17299e-06
2.27323e-06
1.61571e-06
1.13922e-06
7.96671e-07
5.52433e-07
3.79642e-07
2.58397e-07
1.74014e-07
1.15734e-07
7.58941e-08
4.88629e-08
3.07153e-08
1.86768e-08
1.08127e-08
5.70387e-09
2.53003e-09
6.11603e-10
-5.34146e-10
-1.11994e-09
-1.35292e-09
-1.43495e-09
-1.32813e-09
-1.14233e-09
-1.04889e-09
-8.04613e-10
-5.46791e-10
-3.57421e-10
-2.06811e-10
-7.62908e-11
-0.107386
-0.0908681
-0.0745269
-0.0594112
-0.0461585
-0.0350315
-0.0260197
-0.01894
-0.0135223
-0.00947164
-0.00650678
-0.00438006
-0.00288462
-0.00185411
-0.00115879
-0.000700015
-0.000404621
-0.000219584
-0.000107385
-4.20891e-05
-6.20512e-06
1.18059e-05
1.93565e-05
2.10994e-05
1.98749e-05
1.73519e-05
1.44502e-05
1.16545e-05
9.16924e-06
7.07783e-06
5.37358e-06
4.02576e-06
2.98064e-06
2.18307e-06
1.58302e-06
1.13697e-06
8.08988e-07
5.70269e-07
3.98134e-07
2.75184e-07
1.8812e-07
1.27037e-07
8.45695e-08
5.52817e-08
3.53403e-08
2.1867e-08
1.28846e-08
6.99129e-09
3.21583e-09
8.08824e-10
-6.00815e-10
-1.37556e-09
-1.78313e-09
-1.90086e-09
-1.83992e-09
-1.73479e-09
-1.51484e-09
-1.25853e-09
-1.11511e-09
-8.46895e-10
-5.77169e-10
-3.77159e-10
-2.16663e-10
-7.86583e-11
-0.105047
-0.089468
-0.0739435
-0.0594645
-0.0466581
-0.0358058
-0.0269303
-0.0198858
-0.0144355
-0.0103118
-0.0072533
-0.00502624
-0.00343255
-0.00231105
-0.00153459
-0.00100548
-0.00065041
-0.000415622
-0.000262525
-0.000164002
-0.000101388
-6.20576e-05
-3.76298e-05
-2.26176e-05
-1.3476e-05
-7.95168e-06
-4.64116e-06
-2.67057e-06
-1.51704e-06
-8.48394e-07
-4.70032e-07
-2.56886e-07
-1.3884e-07
-7.50318e-08
-4.12331e-08
-2.38423e-08
-1.5181e-08
-1.09938e-08
-9.0361e-09
-8.07222e-09
-7.55229e-09
-7.17099e-09
-6.81393e-09
-6.48146e-09
-6.09266e-09
-5.71407e-09
-5.33277e-09
-4.94752e-09
-4.54568e-09
-4.19258e-09
-3.79959e-09
-3.40562e-09
-3.05918e-09
-2.69858e-09
-2.33719e-09
-2.04101e-09
-1.70518e-09
-1.37669e-09
-1.18277e-09
-8.89984e-10
-6.07684e-10
-3.96886e-10
-2.2666e-10
-8.1219e-11
-0.102752
-0.0880669
-0.0733277
-0.0594688
-0.0471039
-0.0365298
-0.0277988
-0.0207989
-0.0153252
-0.0111362
-0.0079902
-0.00566734
-0.00397855
-0.00276808
-0.00191169
-0.00131286
-0.000898344
-0.00061378
-0.000419618
-0.000287631
-0.000198029
-0.000137128
-9.55949e-05
-6.71149e-05
-4.74403e-05
-3.37313e-05
-2.40982e-05
-1.72735e-05
-1.24129e-05
-8.93127e-06
-6.42995e-06
-4.62517e-06
-3.32094e-06
-2.3786e-06
-1.69826e-06
-1.20812e-06
-8.56035e-07
-6.04035e-07
-4.24463e-07
-2.97076e-07
-2.07197e-07
-1.44104e-07
-1.00053e-07
-6.94988e-08
-4.83669e-08
-3.38551e-08
-2.39201e-08
-1.71287e-08
-1.24647e-08
-9.29574e-09
-7.06336e-09
-5.47671e-09
-4.36112e-09
-3.51235e-09
-2.84426e-09
-2.35332e-09
-1.89898e-09
-1.49671e-09
-1.25181e-09
-9.33833e-10
-6.38324e-10
-4.16597e-10
-2.36788e-10
-8.39602e-11
-0.100503
-0.0866679
-0.0726828
-0.0594267
-0.0474978
-0.0372045
-0.0286251
-0.0216787
-0.0161904
-0.0119437
-0.00871644
-0.00630239
-0.00452175
-0.00322449
-0.00228951
-0.0016217
-0.00114806
-0.000813779
-0.00057845
-0.000412814
-0.000296005
-0.000213312
-0.000154468
-0.00011234
-8.19785e-05
-5.99576e-05
-4.38989e-05
-3.21382e-05
-2.35065e-05
-1.7162e-05
-1.24997e-05
-9.07441e-06
-6.56226e-06
-4.72518e-06
-3.38631e-06
-2.4146e-06
-1.71268e-06
-1.20823e-06
-8.47707e-07
-5.91521e-07
-4.10602e-07
-2.83616e-07
-1.95049e-07
-1.33704e-07
-9.14377e-08
-6.25264e-08
-4.28577e-08
-2.95393e-08
-2.05329e-08
-1.44952e-08
-1.03887e-08
-7.58666e-09
-5.68757e-09
-4.34131e-09
-3.36062e-09
-2.67141e-09
-2.09604e-09
-1.61846e-09
-1.32215e-09
-9.78392e-10
-6.6907e-10
-4.36287e-10
-2.47035e-10
-8.68694e-11
-0.098301
-0.0852737
-0.0720121
-0.0593411
-0.0478418
-0.0378309
-0.0294093
-0.0225247
-0.0170302
-0.0127334
-0.00943094
-0.00693039
-0.0050613
-0.00367955
-0.00266745
-0.0019315
-0.00139917
-0.00101531
-0.000738784
-0.000539368
-0.000395177
-0.000290505
-0.000214171
-0.000158233
-0.000117046
-8.65971e-05
-6.40185e-05
-4.72461e-05
-3.47839e-05
-2.55305e-05
-1.86719e-05
-1.35992e-05
-9.85886e-06
-7.11192e-06
-5.10333e-06
-3.64184e-06
-2.58408e-06
-1.82284e-06
-1.27826e-06
-8.91052e-07
-6.17522e-07
-4.25541e-07
-2.91687e-07
-1.99019e-07
-1.35253e-07
-9.16933e-08
-6.21228e-08
-4.21645e-08
-2.87405e-08
-1.97848e-08
-1.37715e-08
-9.73292e-09
-7.03692e-09
-5.18445e-09
-3.88564e-09
-2.9949e-09
-2.29616e-09
-1.74181e-09
-1.39369e-09
-1.02361e-09
-6.99903e-10
-4.55947e-10
-2.57388e-10
-8.99381e-11
-0.0961471
-0.0838874
-0.0713189
-0.0592151
-0.048138
-0.0384099
-0.0301516
-0.0233365
-0.0178439
-0.0135042
-0.0101327
-0.00755037
-0.0055963
-0.00413248
-0.00304485
-0.00224175
-0.00165126
-0.00121805
-0.000900363
-0.000667095
-0.000495391
-0.00036859
-0.000274614
-0.000204726
-0.000152592
-0.000113612
-8.44284e-05
-6.25759e-05
-4.62295e-05
-3.40251e-05
-2.4938e-05
-1.81932e-05
-1.32062e-05
-9.53554e-06
-6.84696e-06
-4.88814e-06
-3.46905e-06
-2.44703e-06
-1.71553e-06
-1.19526e-06
-8.27676e-07
-5.69683e-07
-3.89836e-07
-2.65356e-07
-1.79754e-07
-1.21316e-07
-8.16892e-08
-5.4987e-08
-3.70764e-08
-2.51572e-08
-1.72073e-08
-1.19126e-08
-8.40732e-09
-6.04064e-09
-4.41864e-09
-3.3234e-09
-2.49909e-09
-1.86661e-09
-1.46634e-09
-1.06944e-09
-7.30811e-10
-4.7558e-10
-2.67847e-10
-9.31636e-11
-0.0940432
-0.0825118
-0.0706066
-0.0590515
-0.0483885
-0.038943
-0.0308525
-0.0241138
-0.0186306
-0.0142553
-0.0108206
-0.00816131
-0.00612583
-0.0045825
-0.00342106
-0.0025519
-0.00190387
-0.00142164
-0.0010629
-0.000795775
-0.00059648
-0.000447436
-0.000335698
-0.000251745
-0.000188559
-0.000140959
-0.000105096
-7.81037e-05
-5.78254e-05
-4.26327e-05
-3.12883e-05
-2.28495e-05
-1.65991e-05
-1.19923e-05
-8.61455e-06
-6.15162e-06
-4.36624e-06
-3.07986e-06
-2.15885e-06
-1.50369e-06
-1.04074e-06
-7.15825e-07
-4.89346e-07
-3.32613e-07
-2.24872e-07
-1.5135e-07
-1.01527e-07
-6.79874e-08
-4.55278e-08
-3.06043e-08
-2.06907e-08
-1.41223e-08
-9.79666e-09
-6.90853e-09
-4.95879e-09
-3.65643e-09
-2.70456e-09
-1.99268e-09
-1.53996e-09
-1.11581e-09
-7.61765e-10
-4.9517e-10
-2.78401e-10
-9.65444e-11
-0.0919908
-0.0811498
-0.0698785
-0.0588534
-0.0485956
-0.0394314
-0.0315124
-0.0248565
-0.0193898
-0.0149856
-0.0114937
-0.00876221
-0.00664898
-0.00502878
-0.00379537
-0.00286135
-0.00215653
-0.00162569
-0.00122611
-0.000925169
-0.000698256
-0.0005269
-0.000397313
-0.000299205
-0.000224884
-0.00016859
-0.000125987
-9.38027e-05
-6.95517e-05
-5.13385e-05
-3.7712e-05
-2.756e-05
-2.00319e-05
-1.44781e-05
-1.04031e-05
-7.4301e-06
-5.27411e-06
-3.72023e-06
-2.60747e-06
-1.8158e-06
-1.25636e-06
-8.63717e-07
-5.90048e-07
-4.00676e-07
-2.7053e-07
-1.81744e-07
-1.21603e-07
-8.11437e-08
-5.40805e-08
-3.61169e-08
-2.42159e-08
-1.63584e-08
-1.12026e-08
-7.78646e-09
-5.5049e-09
-3.99303e-09
-2.9119e-09
-2.11974e-09
-1.61433e-09
-1.16246e-09
-7.9261e-10
-5.14615e-10
-2.88912e-10
-1.00058e-10
-0.0899912
-0.0798042
-0.0691379
-0.0586238
-0.0487617
-0.0398766
-0.032132
-0.0255644
-0.0201209
-0.0156943
-0.0121511
-0.00935207
-0.00716479
-0.00547047
-0.00416704
-0.00316948
-0.00240873
-0.00182979
-0.00138964
-0.00105502
-0.000800517
-0.000606826
-0.000459338
-0.000347014
-0.000261496
-0.000196452
-0.000147059
-0.000109643
-8.13859e-05
-6.0126e-05
-4.41967e-05
-3.23158e-05
-2.3498e-05
-1.69882e-05
-1.22091e-05
-8.72118e-06
-6.19095e-06
-4.36695e-06
-3.06054e-06
-2.13101e-06
-1.47412e-06
-1.01308e-06
-6.91753e-07
-4.69417e-07
-3.16644e-07
-2.12441e-07
-1.41879e-07
-9.44309e-08
-6.27183e-08
-4.16848e-08
-2.77764e-08
-1.86168e-08
-1.26225e-08
-8.67259e-09
-6.05541e-09
-4.33186e-09
-3.12012e-09
-2.24733e-09
-1.68914e-09
-1.20901e-09
-8.23029e-10
-5.33768e-10
-2.99232e-10
-1.03602e-10
-0.0880462
-0.0784779
-0.0683882
-0.058366
-0.0488893
-0.0402801
-0.0327118
-0.0262375
-0.0208234
-0.0163806
-0.0127916
-0.00992987
-0.00767229
-0.0059067
-0.00453531
-0.00347566
-0.00265993
-0.00203351
-0.00155314
-0.00118504
-0.000903043
-0.000687041
)
;

boundaryField
{
    inlet
    {
        type            zeroGradient;
    }
    outlet
    {
        type            fixedValue;
        value           uniform 0;
    }
    cylinder
    {
        type            zeroGradient;
    }
    top
    {
        type            symmetryPlane;
    }
    bottom
    {
        type            symmetryPlane;
    }
    defaultFaces
    {
        type            empty;
    }
    procBoundary13to11
    {
        type            processor;
        value           nonuniform List<scalar> 
65
(
5.42083e-07
3.59216e-07
2.35729e-07
1.53041e-07
9.80891e-08
6.2028e-08
3.85211e-08
2.34198e-08
1.38564e-08
7.8383e-09
4.22692e-09
2.20333e-09
8.55482e-10
5.44605e-11
-1.65982e-10
-3.34131e-10
-2.38236e-10
-1.59112e-11
-2.6484e-11
-2.36898e-11
-0.143973
-0.108682
-0.0775145
-0.0521565
-0.0327987
-0.0187864
-0.00913027
-0.00280483
0.0010963
0.00330341
0.0043706
0.00470161
0.00458211
0.0042091
0.00371456
0.00318355
0.00266779
0.00219596
0.0017813
0.00142732
0.00113164
0.000888911
0.000692413
0.000535186
0.000410709
0.000313093
0.000237119
0.000178484
0.000133447
9.91799e-05
7.32096e-05
5.37139e-05
3.91556e-05
2.83594e-05
2.04063e-05
1.45864e-05
1.03565e-05
7.30295e-06
5.11395e-06
3.55558e-06
2.45417e-06
1.68126e-06
1.14279e-06
7.70572e-07
7.70572e-07
)
;
    }
    procBoundary13to12
    {
        type            processor;
        value           nonuniform List<scalar> 
20
(
-0.174924
-0.17024
-0.165678
-0.161235
-0.156906
-0.152691
-0.148585
-0.144587
-0.140694
-0.136905
-0.133218
-0.12963
-0.126141
-0.122749
-0.119453
-0.116252
-0.113145
-0.110131
-0.10721
-0.104381
)
;
    }
    procBoundary13to14
    {
        type            processor;
        value           nonuniform List<scalar> 3(-0.101644 -0.098998 -0.0964438);
    }
    procBoundary13to15
    {
        type            processor;
        value           nonuniform List<scalar> 
65
(
-0.00052164
-0.000395069
-0.000298318
-0.000224486
-0.000168269
-0.00012559
-9.33033e-05
-6.89766e-05
-5.0729e-05
-3.71071e-05
-2.69901e-05
-1.95173e-05
-1.4029e-05
-1.00222e-05
-7.11485e-06
-5.01867e-06
-3.51711e-06
-2.44868e-06
-1.69357e-06
-1.1636e-06
-7.9426e-07
-5.38684e-07
-3.63124e-07
-2.4338e-07
-1.62313e-07
-1.07817e-07
-7.14405e-08
-4.72854e-08
-3.13637e-08
-2.09067e-08
-1.40454e-08
-9.56851e-09
-6.6284e-09
-4.64161e-09
-3.32235e-09
-2.42518e-09
-1.72843e-09
-1.2616e-09
-8.77511e-10
-5.3706e-10
-3.01097e-10
-1.02311e-10
-0.0861572
-0.0771739
-0.0676327
-0.0580831
-0.0489808
-0.0406437
-0.0332529
-0.0268759
-0.0214968
-0.0170437
-0.0134144
-0.0104946
-0.00817051
-0.00633656
-0.00489939
-0.00377919
-0.00290956
-0.00223636
-0.00171625
-0.00131494
-0.00100559
-0.00052164
-0.000767358
)
;
    }
}


// ************************************************************************* //
