/*--------------------------------*- C++ -*----------------------------------*\
  =========                 |
  \\      /  F ield         | OpenFOAM: The Open Source CFD Toolbox
   \\    /   O peration     | Website:  https://openfoam.org
    \\  /    A nd           | Version:  7
     \\/     M anipulation  |
\*---------------------------------------------------------------------------*/
FoamFile
{
    version     2.0;
    format      ascii;
    class       volScalarField;
    location    "41";
    object      p;
}
// * * * * * * * * * * * * * * * * * * * * * * * * * * * * * * * * * * * * * //

dimensions      [0 2 -2 0 0 0 0];

internalField   nonuniform List<scalar> 
1063
(
-0.00287809
-0.00248754
-0.00202862
-0.0017114
-0.0013793
-0.00110051
-0.000794406
-0.000562447
-0.000289885
-0.000266997
9.20685e-05
-0.00287815
-0.00248753
-0.00202861
-0.00171145
-0.00137941
-0.00110064
-0.000794532
-0.00056253
-0.000289952
-0.000267046
9.1997e-05
-0.00287845
-0.00248774
-0.00202878
-0.00171164
-0.00137965
-0.00110088
-0.000794756
-0.000562673
-0.000290074
-0.00026714
9.18529e-05
-0.00287901
-0.00248817
-0.00202911
-0.00171196
-0.00138002
-0.00110124
-0.000795077
-0.000562877
-0.00029025
-0.00026728
9.16366e-05
-0.00287981
-0.00248881
-0.00202962
-0.00171241
-0.00138052
-0.0011017
-0.000795494
-0.000563141
-0.000290481
-0.000267465
9.13481e-05
-0.00288086
-0.00248967
-0.0020303
-0.00171301
-0.00138115
-0.00110227
-0.000796007
-0.000563466
-0.000290766
-0.000267694
9.0988e-05
-0.00288215
-0.00249075
-0.00203114
-0.00171374
-0.00138191
-0.00110296
-0.000796616
-0.000563851
-0.000291104
-0.000267967
9.05565e-05
-0.00288369
-0.00249204
-0.00203215
-0.0017146
-0.0013828
-0.00110375
-0.000797319
-0.000564296
-0.000291497
-0.000268283
9.00543e-05
-0.00288547
-0.00249354
-0.00203334
-0.00171559
-0.00138381
-0.00110464
-0.000798115
-0.000564801
-0.000291943
-0.000268641
8.94819e-05
-0.00288749
-0.00249525
-0.00203469
-0.00171672
-0.00138495
-0.00110564
-0.000799004
-0.000565366
-0.000292442
-0.000269039
8.884e-05
-0.00288975
-0.00249717
-0.00203621
-0.00171799
-0.00138621
-0.00110675
-0.000799985
-0.00056599
-0.000292993
-0.000269478
8.81294e-05
-0.00289224
-0.0024993
-0.0020379
-0.00171938
-0.00138759
-0.00110796
-0.000801056
-0.000566674
-0.000293597
-0.000269954
8.7351e-05
-0.00289498
-0.00250163
-0.00203976
-0.0017209
-0.00138909
-0.00110927
-0.000802216
-0.000567417
-0.000294254
-0.000270467
8.65056e-05
-0.00289794
-0.00250417
-0.00204178
-0.00172255
-0.00139071
-0.00111067
-0.000803464
-0.000568219
-0.000294961
-0.000271016
8.55943e-05
-0.00290113
-0.0025069
-0.00204397
-0.00172433
-0.00139244
-0.00111218
-0.000804798
-0.00056908
-0.00029572
-0.000271599
8.46181e-05
-0.00290455
-0.00250983
-0.00204632
-0.00172623
-0.00139428
-0.00111378
-0.000806216
-0.000569999
-0.00029653
-0.000272213
8.35782e-05
-0.0029082
-0.00251295
-0.00204883
-0.00172826
-0.00139624
-0.00111547
-0.000807718
-0.000570977
-0.00029739
-0.000272858
8.24759e-05
-0.00291207
-0.00251627
-0.00205151
-0.0017304
-0.0013983
-0.00111725
-0.000809301
-0.000572012
-0.0002983
-0.000273531
8.13124e-05
-0.00291615
-0.00251976
-0.00205435
-0.00173267
-0.00140047
-0.00111911
-0.000810963
-0.000573104
-0.000299258
-0.000274231
8.0089e-05
-0.00292045
-0.00252345
-0.00205735
-0.00173506
-0.00140274
-0.00112107
-0.000812704
-0.000574254
-0.000300265
-0.000274956
7.88072e-05
-0.00292495
-0.0025273
-0.0020605
-0.00173756
-0.00140511
-0.0011231
-0.000814519
-0.00057546
-0.00030132
-0.000275704
7.74686e-05
-0.00292967
-0.00253134
-0.00206381
-0.00174018
-0.00140758
-0.00112521
-0.000816409
-0.000576723
-0.000302423
-0.000276473
7.60745e-05
-0.00293458
-0.00253554
-0.00206727
-0.0017429
-0.00141015
-0.00112741
-0.00081837
-0.000578042
-0.000303572
-0.000277261
7.46266e-05
-0.0029397
-0.00253991
-0.00207088
-0.00174574
-0.0014128
-0.00112967
-0.000820401
-0.000579416
-0.000304767
-0.000278066
7.31265e-05
-0.002945
-0.00254444
-0.00207464
-0.00174869
-0.00141554
-0.00113201
-0.0008225
-0.000580844
-0.000306007
-0.000278887
7.15759e-05
-0.0029505
-0.00254914
-0.00207855
-0.00175174
-0.00141837
-0.00113442
-0.000824664
-0.000582328
-0.000307292
-0.000279722
6.99765e-05
-0.00295619
-0.00255398
-0.0020826
-0.00175489
-0.00142128
-0.0011369
-0.000826891
-0.000583864
-0.00030862
-0.000280568
6.83301e-05
-0.00296205
-0.00255897
-0.0020868
-0.00175815
-0.00142427
-0.00113944
-0.000829179
-0.000585454
-0.000309992
-0.000281424
6.66384e-05
-0.0029681
-0.00256411
-0.00209113
-0.0017615
-0.00142734
-0.00114204
-0.000831526
-0.000587097
-0.000311406
-0.000282288
6.49032e-05
-0.00297431
-0.00256939
-0.0020956
-0.00176495
-0.00143048
-0.0011447
-0.00083393
-0.000588791
-0.000312862
-0.000283159
6.31264e-05
-0.00298069
-0.00257481
-0.0021002
-0.0017685
-0.00143369
-0.00114742
-0.000836388
-0.000590536
-0.000314358
-0.000284035
6.13097e-05
-0.00298724
-0.00258036
-0.00210492
-0.00177213
-0.00143697
-0.00115019
-0.000838899
-0.000592332
-0.000315894
-0.000284914
5.94551e-05
-0.00299394
-0.00258603
-0.00210978
-0.00177586
-0.00144032
-0.00115301
-0.000841459
-0.000594177
-0.00031747
-0.000285796
5.75644e-05
-0.00300081
-0.00259183
-0.00211476
-0.00177967
-0.00144373
-0.00115588
-0.000844068
-0.000596071
-0.000319083
-0.000286678
5.56395e-05
-0.00300781
-0.00259775
-0.00211986
-0.00178357
-0.00144719
-0.0011588
-0.000846721
-0.000598013
-0.000320734
-0.000287559
5.36821e-05
-0.00301496
-0.00260377
-0.00212506
-0.00178755
-0.00145072
-0.00116176
-0.000849416
-0.000599999
-0.00032242
-0.000288438
5.16942e-05
-0.00302224
-0.0026099
-0.00213038
-0.00179161
-0.0014543
-0.00116477
-0.000852152
-0.000602033
-0.000324144
-0.000289315
4.96773e-05
-0.00302976
-0.00261621
-0.00213588
-0.0017958
-0.00145796
-0.00116784
-0.000854949
-0.000604138
-0.000325915
-0.000290191
4.76336e-05
-0.00303759
-0.00262277
-0.00214161
-0.00180015
-0.00146173
-0.00117099
-0.00085781
-0.000606312
-0.000327732
-0.000291064
4.55669e-05
-0.00304487
-0.00262891
-0.00214693
-0.0018042
-0.00146532
-0.001174
-0.000860558
-0.000608337
-0.000329474
-0.000291897
4.34797e-05
-0.0026347
-0.00215174
-0.00180788
-0.001469
-0.00117713
-0.000863521
-0.000610291
-0.00033135
-0.000292835
4.08757e-05
-0.00264211
-0.00215836
-0.00181301
-0.00147356
-0.00118095
-0.000867144
-0.000613035
-0.00033393
-0.000293943
3.77672e-05
-0.00264946
-0.00216506
-0.00181821
-0.0014781
-0.00118474
-0.000870768
-0.000615889
-0.000336637
-0.000295028
3.45885e-05
-0.00265702
-0.00217196
-0.00182357
-0.00148276
-0.00118863
-0.000874491
-0.00061884
-0.000339452
-0.000296099
3.13104e-05
-0.00266488
-0.00217918
-0.00182917
-0.0014876
-0.00119266
-0.000878343
-0.000621924
-0.000342404
-0.000297155
2.79296e-05
-0.00267306
-0.00218672
-0.00183502
-0.00149261
-0.00119681
-0.00088232
-0.000625149
-0.000345502
-0.000298194
2.44516e-05
-0.00268153
-0.00219457
-0.00184111
-0.00149779
-0.00120109
-0.000886416
-0.000628515
-0.000348751
-0.000299212
2.08814e-05
-0.0026903
-0.00220274
-0.00184745
-0.00150314
-0.0012055
-0.000890628
-0.000632022
-0.000352152
-0.000300205
1.72234e-05
-0.00269937
-0.00221123
-0.00185405
-0.00150866
-0.00121003
-0.000894954
-0.00063567
-0.000355711
-0.000301171
1.34828e-05
-0.00270874
-0.00222003
-0.0018609
-0.00151435
-0.00121469
-0.000899392
-0.000639458
-0.000359431
-0.000302108
9.66512e-06
-0.00271839
-0.00222913
-0.001868
-0.00152021
-0.00121946
-0.000903938
-0.000643386
-0.000363314
-0.000303014
5.77668e-06
-0.00272835
-0.00223855
-0.00187536
-0.00152624
-0.00122436
-0.000908589
-0.00064745
-0.000367365
-0.000303888
1.82422e-06
-0.00273859
-0.00224826
-0.00188297
-0.00153244
-0.00122937
-0.000913341
-0.000651648
-0.000371586
-0.000304731
-2.18504e-06
-0.00274912
-0.00225826
-0.00189084
-0.00153881
-0.00123451
-0.000918191
-0.000655976
-0.000375977
-0.000305541
-6.24344e-06
-0.00275994
-0.00226855
-0.00189896
-0.00154534
-0.00123976
-0.000923134
-0.00066043
-0.00038054
-0.00030632
-1.0343e-05
-0.00277103
-0.00227912
-0.00190733
-0.00155204
-0.00124513
-0.000928166
-0.000665002
-0.000385275
-0.000307069
-1.44753e-05
-0.00278239
-0.00228994
-0.00191594
-0.00155891
-0.00125061
-0.000933284
-0.000669687
-0.000390182
-0.000307791
-1.86319e-05
-0.00279402
-0.00230102
-0.00192479
-0.00156594
-0.00125621
-0.000938483
-0.000674477
-0.000395257
-0.000308489
-2.2804e-05
-0.00280591
-0.00231233
-0.00193387
-0.00157313
-0.00126191
-0.00094376
-0.000679364
-0.000400499
-0.000309166
-2.69829e-05
-0.00281804
-0.00232387
-0.00194316
-0.00158048
-0.00126773
-0.000949109
-0.000684337
-0.000405902
-0.000309826
-3.11597e-05
-0.00283042
-0.00233561
-0.00195267
-0.00158798
-0.00127365
-0.000954528
-0.000689389
-0.000411461
-0.000310473
-3.53257e-05
-0.00284303
-0.00234754
-0.00196238
-0.00159563
-0.00127967
-0.000960012
-0.000694508
-0.00041717
-0.000311112
-3.94724e-05
-0.00285586
-0.00235965
-0.00197228
-0.00160343
-0.00128579
-0.000965558
-0.000699683
-0.000423019
-0.000311748
-4.35914e-05
-0.0028689
-0.00237192
-0.00198235
-0.00161136
-0.00129201
-0.000971164
-0.000704903
-0.000428998
-0.000312386
-4.76746e-05
-0.00288214
-0.00238433
-0.00199257
-0.00161941
-0.00129832
-0.000976825
-0.000710158
-0.000435097
-0.000313031
-5.17142e-05
-0.00289556
-0.00239687
-0.00200293
-0.00162759
-0.00130471
-0.000982539
-0.000715436
-0.000441302
-0.000313688
-5.57028e-05
-0.00290915
-0.00240951
-0.00201342
-0.00163588
-0.00131119
-0.000988303
-0.000720725
-0.0004476
-0.00031436
-5.96334e-05
-0.00292289
-0.00242224
-0.00202401
-0.00164427
-0.00131773
-0.000994115
-0.000726015
-0.000453975
-0.000315053
-6.34994e-05
-0.00293677
-0.00243505
-0.00203469
-0.00165274
-0.00132435
-0.00099997
-0.000731296
-0.000460411
-0.000315769
-6.72945e-05
-0.00295078
-0.00244791
-0.00204543
-0.0016613
-0.00133102
-0.00100587
-0.000736556
-0.00046689
-0.000316511
-7.10129e-05
-0.00296488
-0.0024608
-0.00205622
-0.00166992
-0.00133775
-0.0010118
-0.000741787
-0.000473393
-0.00031728
-7.46493e-05
-0.00297907
-0.00247372
-0.00206703
-0.00167858
-0.00134451
-0.00101777
-0.000746979
-0.000479903
-0.000318079
-7.81986e-05
-0.00299332
-0.00248664
-0.00207785
-0.00168728
-0.0013513
-0.00102377
-0.000752123
-0.000486399
-0.000318908
-8.16562e-05
-0.00300761
-0.00249955
-0.00208865
-0.001696
-0.00135811
-0.0010298
-0.000757212
-0.000492862
-0.000319765
-8.50176e-05
-0.00302192
-0.00251242
-0.0020994
-0.00170472
-0.00136492
-0.00103584
-0.000762237
-0.000499273
-0.000320651
-8.82789e-05
-0.00303622
-0.00252523
-0.0021101
-0.00171342
-0.00137173
-0.0010419
-0.000767193
-0.00050561
-0.000321563
-9.14363e-05
-0.00305048
-0.00253798
-0.00212071
-0.00172209
-0.00137851
-0.00104796
-0.000772071
-0.000511856
-0.000322498
-9.44862e-05
-0.00306469
-0.00255063
-0.00213121
-0.00173071
-0.00138526
-0.00105403
-0.000776866
-0.000517991
-0.000323455
-9.74252e-05
-0.0030788
-0.00256317
-0.00214158
-0.00173926
-0.00139195
-0.00106008
-0.00078157
-0.000523997
-0.000324428
-0.00010025
-0.00309278
-0.00257557
-0.0021518
-0.00174771
-0.00139858
-0.0010661
-0.000786178
-0.000529855
-0.000325414
-0.000102958
-0.00310661
-0.0025878
-0.00216184
-0.00175606
-0.00140512
-0.00107209
-0.000790683
-0.00053555
-0.000326409
-0.000105547
-0.00312025
-0.00259985
-0.00217168
-0.00176427
-0.00141156
-0.00107804
-0.000795079
-0.000541066
-0.000327409
-0.000108013
-0.00313367
-0.00261167
-0.00218129
-0.00177232
-0.00141788
-0.00108391
-0.000799358
-0.000546387
-0.000328407
-0.000110355
-0.00314681
-0.00262325
-0.00219065
-0.0017802
-0.00142406
-0.00108971
-0.000803513
-0.000551499
-0.0003294
-0.00011257
-0.00315965
-0.00263455
-0.00219973
-0.00178787
-0.00143008
-0.0010954
-0.000807535
-0.000556389
-0.000330383
-0.000114656
-0.00317214
-0.00264553
-0.00220851
-0.00179532
-0.00143592
-0.00110097
-0.000811417
-0.000561046
-0.00033135
-0.000116611
-0.00318423
-0.00265616
-0.00221696
-0.00180252
-0.00144156
-0.0011064
-0.000815148
-0.000565457
-0.000332296
-0.000118435
-0.00319587
-0.0026664
-0.00222504
-0.00180943
-0.00144698
-0.00111166
-0.000818719
-0.000569613
-0.000333217
-0.000120125
-0.00320702
-0.0026762
-0.00223274
-0.00181604
-0.00145215
-0.00111673
-0.000822117
-0.000573504
-0.000334106
-0.00012168
-0.00321762
-0.00268552
-0.00224001
-0.00182231
-0.00145706
-0.00112157
-0.00082533
-0.000577123
-0.000334959
-0.000123101
-0.00322761
-0.0026943
-0.00224682
-0.00182821
-0.00146167
-0.00112617
-0.000828345
-0.000580459
-0.000335769
-0.000124385
-0.00323693
-0.00270251
-0.00225315
-0.0018337
-0.00146596
-0.00113048
-0.000831147
-0.000583507
-0.000336532
-0.000125534
-0.00324551
-0.00271007
-0.00225894
-0.00183876
-0.00146991
-0.00113447
-0.00083372
-0.000586259
-0.000337242
-0.000126546
-0.0032533
-0.00271694
-0.00226418
-0.00184334
-0.00147348
-0.00113811
-0.000836046
-0.000588706
-0.000337892
-0.000127423
-0.00326022
-0.00272304
-0.0022688
-0.00184741
-0.00147664
-0.00114136
-0.000838106
-0.000590842
-0.000338475
-0.000128165
-0.00326619
-0.00272832
-0.00227278
-0.00185092
-0.00147937
-0.00114417
-0.000839881
-0.000592657
-0.000338985
-0.000128772
-0.00327114
-0.0027327
-0.00227607
-0.00185383
-0.00148162
-0.00114652
-0.000841348
-0.000594142
-0.000339413
-0.000129246
-0.00327499
-0.00273611
-0.00227862
-0.0018561
-0.00148337
-0.00114835
-0.000842484
-0.000595286
-0.00033975
-0.000129587
-0.00327764
-0.00273847
-0.00228036
-0.00185767
-0.00148456
-0.00114962
-0.000843268
-0.000596061
-0.000340003
-0.000129789
-0.00327899
-0.00273972
-0.00228123
-0.00185851
-0.00148517
-0.00115028
-0.000843693
-0.000596425
-0.000340183
-0.000129851
9.18472e-05
-0.00287871
-0.0024882
-0.00202913
-0.00171171
-0.00137947
-0.00110059
-0.000794444
-0.000562463
-0.000289914
-0.000267039
9.19935e-05
-0.00287828
-0.00248776
-0.00202879
-0.00171149
-0.00137932
-0.00110049
-0.000794376
-0.000562425
-0.000289872
-0.000266995
9.20673e-05
)
;

boundaryField
{
    inlet
    {
        type            zeroGradient;
    }
    outlet
    {
        type            fixedValue;
        value           uniform 0;
    }
    cylinder
    {
        type            zeroGradient;
    }
    top
    {
        type            symmetryPlane;
    }
    bottom
    {
        type            symmetryPlane;
    }
    defaultFaces
    {
        type            empty;
    }
    procBoundary31to14
    {
        type            processor;
        value           nonuniform List<scalar> 4(-0.00336628 -0.00336657 -0.00336655 -0.00336627);
    }
    procBoundary31to15
    {
        type            processor;
        value           nonuniform List<scalar> 
12
(
9.16283e-05
-0.00287939
-0.00248886
-0.00202964
-0.00171207
-0.00137975
-0.00110079
-0.000794608
-0.000562562
-0.00029001
-0.000267129
-0.000267129
)
;
    }
    procBoundary31to30
    {
        type            processor;
        value           nonuniform List<scalar> 
99
(
-0.00336715
-0.00336802
-0.00336917
-0.0033706
-0.00337231
-0.0033743
-0.00337656
-0.00337911
-0.00338192
-0.00338501
-0.00338837
-0.00339199
-0.00339587
-0.00340002
-0.00340442
-0.00340907
-0.00341397
-0.00341912
-0.00342451
-0.00343015
-0.00343601
-0.00344211
-0.00344843
-0.00345498
-0.00346174
-0.00346872
-0.00347591
-0.00348331
-0.0034909
-0.00349869
-0.00350668
-0.00351485
-0.0035232
-0.00353172
-0.00354041
-0.0035494
-0.00355878
-0.00356747
-0.00305156
-0.00305156
-0.00306049
-0.00306944
-0.00307865
-0.00308828
-0.00309832
-0.00310878
-0.00311965
-0.00313093
-0.00314263
-0.00315474
-0.00316728
-0.00318023
-0.00319359
-0.00320737
-0.00322155
-0.00323612
-0.00325108
-0.00326641
-0.0032821
-0.00329814
-0.00331451
-0.00333119
-0.00334815
-0.00336539
-0.00338287
-0.00340057
-0.00341846
-0.00343651
-0.0034547
-0.003473
-0.00349137
-0.00350978
-0.0035282
-0.00354659
-0.00356492
-0.00358315
-0.00360125
-0.00361918
-0.0036369
-0.00365436
-0.00367153
-0.00368836
-0.00370481
-0.00372082
-0.00373636
-0.00375135
-0.00376576
-0.00377952
-0.00379256
-0.00380484
-0.00381627
-0.00382678
-0.0038363
-0.00384475
-0.00385204
-0.00385807
-0.00386276
-0.00386601
-0.0038677
)
;
    }
}


// ************************************************************************* //
