/*--------------------------------*- C++ -*----------------------------------*\
  =========                 |
  \\      /  F ield         | OpenFOAM: The Open Source CFD Toolbox
   \\    /   O peration     | Website:  https://openfoam.org
    \\  /    A nd           | Version:  7
     \\/     M anipulation  |
\*---------------------------------------------------------------------------*/
FoamFile
{
    version     2.0;
    format      ascii;
    class       volScalarField;
    location    "40";
    object      p;
}
// * * * * * * * * * * * * * * * * * * * * * * * * * * * * * * * * * * * * * //

dimensions      [0 2 -2 0 0 0 0];

internalField   nonuniform List<scalar> 
1063
(
0.109372
0.109995
0.11124
0.113012
0.115281
0.118004
0.121153
0.124696
0.128603
0.132838
0.108979
0.109589
0.110807
0.112538
0.114754
0.11741
0.120476
0.123919
0.127707
0.131801
0.108567
0.109162
0.110349
0.112037
0.114195
0.116777
0.119752
0.123086
0.126744
0.130687
0.108132
0.108712
0.109868
0.11151
0.113605
0.116109
0.118989
0.122208
0.12573
0.129513
0.107676
0.108239
0.109362
0.110955
0.112986
0.115409
0.11819
0.121291
0.124673
0.128292
0.107196
0.107743
0.108831
0.110375
0.112339
0.114678
0.117357
0.120335
0.123573
0.127024
0.106693
0.107222
0.108275
0.109766
0.111661
0.113914
0.116487
0.119339
0.122429
0.125707
0.106166
0.106676
0.107692
0.10913
0.110953
0.113116
0.11558
0.118302
0.121239
0.124341
0.105613
0.106105
0.107082
0.108464
0.110213
0.112283
0.114635
0.117223
0.120004
0.122925
0.105035
0.105507
0.106444
0.107769
0.109441
0.111416
0.113651
0.116103
0.118723
0.121459
0.10443
0.104882
0.105778
0.107043
0.108636
0.110512
0.112629
0.11494
0.117397
0.119944
0.103798
0.10423
0.105083
0.106286
0.107798
0.109573
0.111567
0.113734
0.116025
0.118381
0.103139
0.103549
0.104358
0.105498
0.106926
0.108597
0.110467
0.112487
0.114607
0.116769
0.102451
0.102838
0.103603
0.104677
0.10602
0.107584
0.109326
0.111196
0.113144
0.11511
0.101734
0.102099
0.102817
0.103824
0.105079
0.106534
0.108146
0.109864
0.111636
0.113404
0.100987
0.101329
0.101999
0.102938
0.104103
0.105447
0.106926
0.108489
0.110085
0.111652
0.100211
0.100529
0.10115
0.102019
0.103091
0.104323
0.105667
0.107073
0.10849
0.109857
0.0994048
0.0996974
0.10027
0.101066
0.102045
0.103161
0.104368
0.105617
0.106853
0.108019
0.0985677
0.0988351
0.0993566
0.10008
0.100964
0.101963
0.103031
0.10412
0.105176
0.10614
0.0976998
0.0979414
0.0984113
0.0990605
0.0998469
0.100728
0.101657
0.102585
0.103459
0.104222
0.096801
0.0970163
0.0974337
0.0980072
0.0986956
0.0994565
0.100245
0.101011
0.101704
0.102267
0.0958711
0.0960597
0.096424
0.0969207
0.0975099
0.09815
0.0987968
0.0994016
0.0999137
0.100278
0.0949102
0.0950718
0.0953821
0.0958013
0.0962904
0.096809
0.0973137
0.097757
0.0980892
0.0982564
0.0939186
0.0940527
0.0943086
0.0946495
0.0950378
0.0954344
0.095797
0.0960793
0.0962329
0.0962059
0.0928965
0.0930029
0.0932039
0.0934659
0.093753
0.0940274
0.0942482
0.0943704
0.0943473
0.0941292
0.0918443
0.0919227
0.0920686
0.0922513
0.092437
0.0925893
0.0926688
0.0926324
0.092435
0.0920294
0.0907627
0.090813
0.0909035
0.0910067
0.091091
0.0911216
0.0910609
0.0908676
0.0904987
0.0899095
0.0896523
0.0896744
0.0897095
0.0897332
0.0897164
0.0896261
0.0894265
0.0890785
0.0885414
0.0877732
0.0885142
0.088508
0.0884877
0.0884323
0.0883148
0.0881046
0.0877679
0.0872678
0.0865661
0.0856239
0.0873494
0.087315
0.0872396
0.0871053
0.086888
0.0865593
0.0860876
0.0854384
0.0845763
0.0834655
0.0861593
0.0860967
0.0859665
0.0857541
0.0854381
0.0849925
0.0843882
0.0835933
0.0825754
0.0813017
0.0849453
0.0848548
0.0846703
0.0843805
0.0839672
0.0834067
0.0826726
0.0817359
0.080567
0.0791365
0.0837091
0.083591
0.0833528
0.0829868
0.0824777
0.0818047
0.0809439
0.0798695
0.0785548
0.076974
0.0824528
0.0823073
0.0820163
0.0815754
0.0809723
0.0801893
0.0792054
0.0779977
0.0765428
0.0748184
0.0811785
0.081006
0.0806631
0.0801487
0.0794538
0.0785638
0.0774605
0.0761243
0.0745351
0.0726739
0.0798886
0.0796897
0.079296
0.0787098
0.0779255
0.0769316
0.075713
0.0742533
0.0725357
0.070545
0.0785858
0.0783611
0.0779179
0.0772617
0.0763906
0.0752961
0.0739666
0.0723886
0.0705491
0.068436
0.0772731
0.0770232
0.0765318
0.0758078
0.0748526
0.0736614
0.0722254
0.0705347
0.0685796
0.0663515
0.0759538
0.0756794
0.0751413
0.0743517
0.0733155
0.0720313
0.0704936
0.0686959
0.0666317
0.064296
0.0746314
0.0743332
0.07375
0.0728972
0.0717833
0.0704102
0.0687757
0.0668767
0.0647101
0.0622741
0.0733096
0.0729886
0.072362
0.0714486
0.0702603
0.0688024
0.0670763
0.0650819
0.0628194
0.0602905
0.0719926
0.0716497
0.0709816
0.0700102
0.068751
0.0672128
0.0654001
0.0633163
0.0609647
0.0583499
0.0706849
0.070321
0.0696133
0.0685867
0.0672603
0.0656463
0.0637523
0.061585
0.0591507
0.0564573
0.0693912
0.0690073
0.068262
0.0671832
0.0657933
0.0641079
0.0621379
0.059893
0.0573827
0.0546174
0.0681166
0.0677137
0.0669328
0.0658048
0.0643553
0.0626031
0.0605624
0.0582458
0.0556657
0.0528353
0.0668665
0.0664457
0.0656314
0.0644571
0.0629519
0.0611375
0.0590314
0.0566489
0.0540052
0.051116
0.0656465
0.065209
0.0643634
0.0631461
0.0615889
0.059717
0.0575506
0.0551079
0.0524066
0.0494648
0.0644629
0.0640097
0.063135
0.0618777
0.0602726
0.0583478
0.0561262
0.0536288
0.0508757
0.0478871
0.0633219
0.0628542
0.0619527
0.0606585
0.0590094
0.0570361
0.0547645
0.0522177
0.0494182
0.0463883
0.0622304
0.0617494
0.0608232
0.0594953
0.057806
0.0557888
0.0534718
0.0508808
0.0480402
0.0449742
0.0611955
0.0607023
0.0597537
0.0583952
0.0566695
0.0546127
0.0522552
0.0496249
0.0467481
0.0436507
0.0602247
0.0597205
0.0587516
0.0573656
0.0556073
0.0535151
0.0511217
0.0484568
0.0455484
0.0424241
0.0593258
0.0588117
0.0578247
0.0564143
0.0546272
0.0525037
0.0500787
0.0473836
0.0444482
0.041301
0.03797
0.0585069
0.0579841
0.0569812
0.0555494
0.053737
0.0515864
0.0491341
0.0464131
0.0434545
0.0402882
0.0369431
0.0577766
0.0572463
0.0562297
0.0547794
0.0529454
0.0507716
0.048296
0.0455531
0.0425753
0.0393932
0.0360367
0.0571439
0.0566071
0.055579
0.0541133
0.0522612
0.0500679
0.047573
0.0448122
0.0418185
0.0386238
0.0352585
0.0566179
0.0560759
0.0550385
0.0535602
0.0516935
0.0494847
0.0469743
0.0441991
0.041193
0.0379885
0.0346164
0.0562083
0.0556622
0.0546176
0.0531299
0.0512521
0.0490314
0.0465094
0.0437234
0.0407081
0.0374964
0.0341194
0.055925
0.055376
0.0543265
0.0528324
0.0509471
0.0487184
0.0461885
0.0433952
0.0403737
0.0371572
0.0337772
0.0557783
0.0552277
0.0541756
0.0526783
0.0507891
0.0485563
0.0460223
0.0432253
0.0402007
0.0369817
0.0336002
0.121745
0.124877
0.128545
0.132739
0.137458
0.142691
0.148453
0.154747
0.115053
0.115743
0.117149
0.11915
0.121737
0.124868
0.128535
0.132729
0.137447
0.142678
0.148439
0.154731
0.115039
0.115728
0.117134
0.119134
0.12172
0.12485
0.128517
0.13271
0.137425
0.142653
0.148411
0.1547
0.115017
0.115706
0.117111
0.11911
0.121695
0.124824
0.128489
0.13268
0.137391
0.142616
0.148369
0.154653
0.114988
0.115676
0.117081
0.119079
0.121662
0.124789
0.128452
0.132639
0.137346
0.142567
0.148314
0.15459
0.114952
0.11564
0.117043
0.119039
0.121621
0.124745
0.128405
0.132589
0.137289
0.142505
0.148245
0.154511
0.114909
0.115595
0.116998
0.118992
0.121571
0.124692
0.128349
0.132529
0.137222
0.142431
0.148162
0.154417
0.114859
0.115544
0.116945
0.118937
0.121513
0.124631
0.128284
0.132458
0.137144
0.142344
0.148065
0.154308
0.114801
0.115485
0.116884
0.118874
0.121448
0.124561
0.12821
0.132377
0.137055
0.142246
0.147955
0.154183
0.114736
0.115419
0.116816
0.118804
0.121373
0.124483
0.128126
0.132287
0.136955
0.142135
0.147831
0.154043
0.114664
0.115346
0.116741
0.118725
0.121291
0.124396
0.128033
0.132186
0.136843
0.142012
0.147693
0.153887
0.114586
0.115266
0.116658
0.118639
0.121201
0.1243
0.127931
0.132076
0.136722
0.141877
0.147542
0.153716
0.1145
0.115178
0.116568
0.118546
0.121103
0.124196
0.12782
0.131955
0.136589
0.141731
0.147378
0.15353
0.114407
0.115084
0.116471
0.118445
0.120997
0.124084
0.127699
0.131825
0.136446
0.141572
0.1472
0.153329
0.114307
0.114982
0.116366
0.118336
0.120883
0.123964
0.127565
0.131684
0.136292
0.141402
0.14701
0.153113
0.1142
0.114873
0.116254
0.11822
0.120761
0.123836
0.127435
0.131533
0.136128
0.14122
0.146806
0.152882
0.114086
0.114757
0.116135
0.118096
0.120632
0.1237
0.127295
0.131372
0.135954
0.141027
0.14659
0.152637
0.113965
0.114635
0.116009
0.117966
0.120495
0.123556
0.127136
0.131202
0.135769
0.140823
0.14636
0.152377
0.113838
0.114505
0.115876
0.117828
0.12035
0.123403
0.126971
0.131024
0.135574
0.140607
0.146118
0.152103
0.113703
0.114369
0.115736
0.117682
0.120198
0.123241
0.126798
0.130837
0.135369
0.14038
0.145864
0.113563
0.114226
0.115589
0.11753
0.120038
0.123069
0.126616
0.13064
0.135155
0.140141
0.145597
0.113415
0.114077
0.115436
0.117371
0.119872
0.12289
0.126425
0.130435
0.13493
0.139893
0.145318
0.113261
0.113921
0.115275
0.117205
0.119699
0.122724
0.126226
0.130221
0.134696
0.139633
0.145027
0.1131
0.113758
0.115108
0.117032
0.119519
0.122525
0.126019
0.129998
0.134452
0.139363
0.144724
0.112933
0.113589
0.114934
0.116852
0.119328
0.122323
0.125805
0.129767
0.134198
0.139082
0.144409
0.112759
0.113413
0.114754
0.116666
0.119128
0.122115
0.125583
0.129527
0.133936
0.138791
0.144083
0.112579
0.113231
0.114568
0.116474
0.118939
0.1219
0.125354
0.129279
0.133664
0.13849
0.143745
0.112393
0.113043
0.114375
0.116275
0.118729
0.121677
0.125117
0.129023
0.133383
0.138179
0.143397
0.1122
0.112849
0.114176
0.116065
0.118511
0.121448
0.124872
0.128759
0.133094
0.137858
0.143037
0.112002
0.112649
0.113971
0.115844
0.118287
0.121213
0.12462
0.128486
0.132796
0.137527
0.142666
0.111797
0.112442
0.113761
0.115651
0.118057
0.120971
0.124362
0.128206
0.132489
0.137187
0.142285
0.111586
0.11223
0.113543
0.115417
0.117821
0.120722
0.124096
0.127919
0.132174
0.136838
0.141893
0.111369
0.112012
0.113318
0.115183
0.11758
0.120467
0.123823
0.127623
0.131851
0.13648
0.141491
0.111147
0.111789
0.113095
0.114946
0.117332
0.120205
0.123543
0.127321
0.131519
0.136113
0.141079
0.110919
0.111559
0.112859
0.114704
0.117079
0.119937
0.123257
0.127011
0.13118
0.135737
0.140657
0.110685
0.111322
0.112618
0.114456
0.116819
0.119663
0.122963
0.126694
0.130832
0.135351
0.140225
0.110445
0.111087
0.112372
0.114203
0.116555
0.119383
0.122664
0.12637
0.130477
0.134958
0.139783
0.110201
0.11084
0.112122
0.113946
0.116287
0.119101
0.122363
0.126046
0.130123
0.134566
0.139344
0.10995
0.110589
0.111868
0.113685
0.116015
0.118816
0.122061
0.125721
0.129771
0.134178
0.13891
0.109694
0.11033
0.1116
0.113404
0.115717
0.118495
0.121712
0.125337
0.129344
0.133698
0.138367
)
;

boundaryField
{
    inlet
    {
        type            zeroGradient;
    }
    outlet
    {
        type            fixedValue;
        value           nonuniform 0();
    }
    cylinder
    {
        type            zeroGradient;
    }
    top
    {
        type            symmetryPlane;
    }
    bottom
    {
        type            symmetryPlane;
    }
    defaultFaces
    {
        type            empty;
    }
    procBoundary16to0
    {
        type            processor;
        value           nonuniform List<scalar> 
13
(
0.115061
0.11575
0.117157
0.119158
0.119158
0.121745
0.124877
0.128544
0.132739
0.137458
0.142691
0.148453
0.154747
)
;
    }
    procBoundary16to1
    {
        type            processor;
        value           uniform 0.161587;
    }
    procBoundary16to17
    {
        type            processor;
        value           nonuniform List<scalar> 
102
(
0.137365
0.137365
0.136162
0.13487
0.133511
0.1321
0.130638
0.129121
0.127552
0.125928
0.124252
0.122523
0.120743
0.118912
0.117032
0.115104
0.11313
0.111112
0.109051
0.106951
0.104813
0.10264
0.100436
0.0982036
0.0959456
0.0936658
0.0913678
0.0890554
0.0867324
0.0844028
0.0820709
0.0797407
0.0774166
0.0751028
0.0728038
0.070524
0.0682678
0.0660398
0.0638443
0.0616859
0.0595691
0.0574985
0.0554786
0.0535139
0.0516092
0.049769
0.0479981
0.0463014
0.0446838
0.0431506
0.0417068
0.0403583
0.0391106
0.0391106
0.0344826
0.0334471
0.0325343
0.0317514
0.0311062
0.0306071
0.0302636
0.0300861
0.161569
0.161533
0.161479
0.161407
0.161318
0.16121
0.161085
0.160942
0.160781
0.160603
0.160407
0.160194
0.159964
0.159717
0.159453
0.159172
0.158875
0.158561
0.151815
0.151815
0.151512
0.151196
0.150866
0.150522
0.150166
0.149796
0.149413
0.149017
0.148609
0.148188
0.147756
0.147311
0.146855
0.146387
0.145908
0.145417
0.144914
0.144416
0.143925
0.143304
)
;
    }
}


// ************************************************************************* //
