/*--------------------------------*- C++ -*----------------------------------*\
  =========                 |
  \\      /  F ield         | OpenFOAM: The Open Source CFD Toolbox
   \\    /   O peration     | Website:  https://openfoam.org
    \\  /    A nd           | Version:  7
     \\/     M anipulation  |
\*---------------------------------------------------------------------------*/
FoamFile
{
    version     2.0;
    format      ascii;
    class       volScalarField;
    location    "36";
    object      p;
}
// * * * * * * * * * * * * * * * * * * * * * * * * * * * * * * * * * * * * * //

dimensions      [0 2 -2 0 0 0 0];

internalField   nonuniform List<scalar> 
1063
(
-0.347269
-0.349848
-0.354442
-0.352569
-0.350313
-0.357478
-0.355435
-0.353005
-0.350291
-0.362884
-0.360673
-0.358454
-0.355842
-0.352949
-0.349891
-0.366487
-0.364034
-0.361629
-0.35883
-0.355752
-0.352518
-0.349202
-0.370275
-0.367563
-0.364965
-0.361973
-0.358706
-0.355291
-0.3518
-0.348286
-0.374248
-0.371264
-0.368466
-0.365275
-0.361815
-0.358215
-0.354544
-0.350848
-0.347145
-0.378409
-0.375139
-0.372134
-0.36874
-0.365083
-0.361293
-0.357436
-0.353549
-0.349639
-0.345678
-0.382759
-0.379189
-0.375971
-0.372369
-0.368511
-0.364528
-0.360478
-0.356388
-0.352253
-0.348033
-0.343664
-0.387296
-0.383414
-0.379978
-0.376165
-0.372101
-0.36792
-0.363668
-0.359361
-0.354981
-0.350474
-0.345765
-0.340775
-0.335435
-0.39202
-0.387813
-0.384154
-0.380126
-0.375854
-0.371468
-0.367004
-0.362464
-0.357815
-0.352989
-0.347903
-0.342477
-0.336648
-0.33039
-0.396925
-0.392384
-0.388498
-0.384252
-0.379768
-0.37517
-0.370481
-0.365689
-0.360743
-0.355563
-0.350062
-0.344159
-0.337805
-0.330992
-0.323756
-0.402007
-0.397122
-0.393006
-0.38854
-0.383839
-0.379022
-0.374094
-0.369026
-0.363752
-0.358182
-0.352222
-0.345802
-0.338888
-0.331497
-0.323688
-0.315558
-0.3072
-0.407259
-0.402022
-0.397674
-0.392986
-0.388064
-0.383017
-0.377833
-0.372464
-0.366828
-0.360825
-0.354364
-0.347387
-0.339881
-0.33189
-0.3235
-0.314828
-0.305986
-0.297134
-0.412671
-0.407075
-0.402495
-0.397582
-0.392433
-0.387145
-0.381685
-0.375986
-0.36995
-0.363473
-0.356468
-0.348895
-0.340768
-0.332159
-0.323182
-0.313972
-0.304656
-0.295391
-0.286105
-0.277487
-0.418233
-0.412273
-0.407459
-0.402321
-0.39694
-0.391397
-0.385638
-0.379575
-0.373099
-0.366102
-0.358511
-0.350305
-0.341532
-0.332292
-0.322725
-0.312984
-0.303204
-0.29354
-0.283937
-0.275019
-0.423931
-0.417605
-0.412558
-0.407192
-0.40157
-0.395757
-0.389674
-0.383212
-0.376252
-0.36869
-0.360469
-0.351599
-0.342156
-0.332276
-0.32212
-0.311855
-0.301625
-0.291575
-0.281665
-0.272459
-0.429749
-0.423055
-0.417776
-0.412181
-0.406311
-0.40021
-0.393772
-0.386872
-0.379384
-0.371211
-0.362321
-0.352754
-0.342626
-0.332099
-0.321358
-0.31058
-0.299912
-0.289488
-0.279282
-0.269798
-0.435669
-0.428608
-0.4231
-0.417274
-0.411144
-0.404734
-0.39791
-0.39053
-0.382467
-0.373639
-0.364041
-0.353753
-0.342925
-0.33175
-0.320431
-0.309151
-0.298058
-0.287274
-0.276781
-0.267027
-0.441671
-0.434246
-0.428511
-0.422451
-0.416051
-0.409307
-0.402062
-0.394159
-0.385474
-0.375947
-0.365607
-0.354576
-0.343039
-0.331219
-0.31933
-0.307562
-0.296056
-0.284925
-0.274155
-0.264139
-0.447732
-0.439947
-0.433989
-0.427691
-0.421007
-0.413905
-0.406201
-0.397729
-0.388375
-0.378107
-0.366995
-0.355203
-0.342954
-0.330492
-0.318046
-0.305803
-0.293899
-0.282433
-0.271397
-0.261127
-0.453826
-0.445689
-0.43951
-0.432972
-0.425988
-0.418498
-0.410295
-0.401208
-0.391139
-0.380092
-0.368182
-0.355617
-0.342655
-0.329561
-0.316571
-0.303867
-0.29158
-0.279792
-0.268499
-0.257984
-0.430965
-0.423056
-0.414312
-0.404563
-0.393735
-0.381874
-0.369145
-0.355799
-0.342128
-0.328414
-0.314895
-0.301747
-0.289091
-0.276993
-0.265454
-0.254702
-0.407759
-0.396132
-0.383426
-0.369861
-0.355733
-0.341361
-0.327041
-0.313009
-0.299434
-0.286425
-0.274031
-0.262256
-0.251275
-0.355402
-0.340341
-0.325431
-0.310905
-0.29692
-0.283572
-0.270896
-0.258897
-0.247696
-0.280527
-0.267583
-0.255371
-0.24396
-0.234687
-0.238486
-0.24214
-0.245655
-0.249035
-0.252285
-0.255409
-0.258413
-0.261302
-0.26408
-0.266751
-0.227531
-0.231346
-0.23503
-0.238586
-0.242018
-0.245332
-0.248531
-0.251619
-0.254601
-0.257482
-0.260267
-0.220614
-0.224431
-0.228131
-0.231715
-0.235189
-0.238556
-0.24182
-0.244985
-0.248057
-0.251039
-0.253936
-0.213974
-0.217783
-0.221487
-0.225088
-0.228589
-0.231994
-0.235307
-0.238531
-0.241671
-0.244731
-0.247715
-0.207597
-0.211386
-0.21508
-0.218681
-0.222193
-0.225619
-0.228961
-0.232223
-0.235408
-0.238522
-0.241566
-0.20147
-0.205228
-0.2089
-0.212488
-0.215996
-0.219426
-0.222781
-0.226064
-0.229277
-0.232424
-0.235509
-0.195586
-0.199303
-0.202943
-0.206508
-0.210001
-0.213423
-0.216777
-0.220065
-0.22329
-0.226456
-0.229564
-0.189938
-0.193606
-0.197206
-0.200738
-0.204205
-0.207608
-0.210949
-0.214231
-0.217455
-0.220625
-0.223742
-0.184515
-0.188129
-0.191681
-0.195173
-0.198605
-0.201979
-0.205298
-0.208562
-0.211774
-0.214936
-0.21805
-0.221117
-0.17931
-0.182865
-0.186363
-0.189807
-0.193197
-0.196535
-0.199822
-0.203061
-0.206251
-0.209395
-0.212495
-0.215552
-0.174315
-0.177805
-0.181245
-0.184636
-0.187978
-0.191273
-0.194522
-0.197726
-0.200886
-0.204005
-0.207082
-0.210119
-0.169522
-0.172945
-0.176322
-0.179655
-0.182944
-0.18619
-0.189394
-0.192558
-0.195682
-0.198767
-0.201814
-0.204824
-0.164926
-0.168277
-0.171588
-0.174859
-0.17809
-0.181283
-0.184438
-0.187556
-0.190637
-0.193683
-0.196694
-0.199671
-0.160518
-0.163797
-0.167039
-0.170244
-0.173415
-0.17655
-0.179651
-0.182718
-0.185753
-0.188755
-0.191725
-0.194663
-0.156294
-0.159497
-0.162668
-0.165806
-0.168912
-0.171987
-0.175031
-0.178044
-0.181027
-0.183981
-0.186906
-0.189801
-0.152246
-0.155373
-0.158471
-0.16154
-0.16458
-0.167591
-0.170575
-0.173531
-0.17646
-0.179362
-0.182237
-0.185087
-0.148369
-0.151419
-0.154443
-0.157441
-0.160413
-0.16336
-0.166281
-0.169177
-0.172049
-0.174896
-0.17772
-0.180519
-0.144656
-0.147629
-0.150579
-0.153505
-0.156408
-0.159288
-0.162145
-0.16498
-0.167792
-0.170583
-0.173351
-0.176098
-0.141103
-0.143999
-0.146873
-0.149727
-0.15256
-0.155372
-0.158164
-0.160936
-0.163687
-0.166419
-0.169131
-0.171823
-0.137703
-0.140521
-0.143321
-0.146102
-0.148865
-0.151609
-0.154334
-0.157042
-0.159731
-0.162402
-0.165056
-0.167692
-0.13445
-0.137192
-0.139918
-0.142626
-0.145318
-0.147993
-0.150652
-0.153294
-0.155921
-0.158531
-0.161125
-0.163703
-0.13134
-0.134006
-0.136658
-0.139294
-0.141915
-0.144522
-0.147113
-0.149691
-0.152253
-0.154801
-0.157335
-0.159854
-0.128367
-0.130958
-0.133536
-0.136101
-0.138652
-0.14119
-0.143715
-0.146226
-0.148725
-0.15121
-0.153683
-0.156142
-0.125525
-0.128043
-0.130549
-0.133042
-0.135524
-0.137994
-0.140452
-0.142898
-0.145332
-0.147755
-0.150166
-0.152565
-0.12281
-0.125256
-0.12769
-0.130114
-0.132527
-0.134929
-0.137321
-0.139702
-0.142072
-0.144432
-0.146781
-0.149119
-0.120217
-0.122591
-0.124956
-0.127311
-0.129656
-0.131991
-0.134317
-0.136634
-0.13894
-0.141237
-0.143525
-0.145803
-0.117742
-0.120046
-0.122342
-0.124629
-0.126907
-0.129177
-0.131438
-0.13369
-0.135934
-0.138169
-0.140395
-0.142613
-0.115379
-0.117615
-0.119843
-0.122064
-0.124277
-0.126482
-0.128679
-0.130868
-0.133049
-0.135223
-0.137388
-0.139545
-0.113124
-0.115293
-0.117456
-0.119611
-0.12176
-0.123901
-0.126036
-0.128163
-0.130283
-0.132395
-0.134501
-0.136599
-0.110973
-0.113078
-0.115176
-0.117268
-0.119354
-0.121433
-0.123506
-0.125572
-0.127631
-0.129684
-0.13173
-0.133769
-0.108922
-0.110963
-0.112999
-0.115029
-0.117054
-0.119072
-0.121084
-0.123091
-0.125091
-0.127085
-0.129073
-0.131054
-0.106967
-0.108947
-0.110922
-0.112892
-0.114856
-0.116815
-0.118769
-0.120717
-0.122659
-0.124596
-0.126526
-0.128451
-0.105105
-0.107025
-0.108941
-0.110852
-0.112758
-0.11466
-0.116556
-0.118447
-0.120332
-0.122213
-0.124087
-0.125956
-0.103331
-0.105194
-0.107052
-0.108906
-0.110756
-0.112601
-0.114442
-0.116277
-0.118107
-0.119933
-0.121753
-0.123568
-0.101643
-0.10345
-0.105253
-0.107052
-0.108847
-0.110637
-0.112423
-0.114205
-0.115982
-0.117754
-0.119521
-0.121283
-0.100037
-0.10179
-0.10354
-0.105285
-0.107027
-0.108765
-0.110498
-0.112228
-0.113952
-0.115672
-0.117388
-0.119098
-0.0985108
-0.100212
-0.101909
-0.103604
-0.105294
-0.106981
-0.108664
-0.110342
-0.112016
-0.113686
-0.115352
-0.117012
-0.0970612
-0.098712
-0.10036
-0.102004
-0.103645
-0.105283
-0.106916
-0.108546
-0.110171
-0.111793
-0.11341
-0.115022
-0.0956854
-0.0972881
-0.0988878
-0.100484
-0.102078
-0.103668
-0.105254
-0.106836
-0.108415
-0.109989
-0.11156
-0.113125
-0.0943811
-0.0959374
-0.097491
-0.0990417
-0.100589
-0.102133
-0.103674
-0.105211
-0.106745
-0.108274
-0.109799
-0.11132
-0.0931458
-0.0946578
-0.0961672
-0.0976738
-0.0991773
-0.100678
-0.102175
-0.103668
-0.105158
-0.106644
-0.108126
-0.109604
-0.0919775
-0.0934471
-0.0949142
-0.0963785
-0.09784
-0.0992984
-0.100754
-0.102205
-0.103653
-0.105098
-0.106538
-0.107975
-0.0908741
-0.0923032
-0.0937298
-0.0951539
-0.0965752
-0.0979935
-0.0994087
-0.10082
-0.102229
-0.103633
-0.105034
-0.106431
-0.0898338
-0.0912244
-0.0926125
-0.0939982
-0.0953812
-0.0967613
-0.0981383
-0.099512
-0.100882
-0.102249
-0.103612
-0.104971
-0.0888553
-0.0902092
-0.0915608
-0.0929099
-0.0942564
-0.0956001
-0.0969408
-0.0982784
-0.0996125
-0.100943
-0.10227
-0.103593
-0.0879371
-0.0892561
-0.090573
-0.0918875
-0.0931995
-0.0945087
-0.095815
-0.0971181
-0.098418
-0.0997144
-0.101007
-0.102296
-0.0870778
-0.0883639
-0.089648
-0.0909298
-0.092209
-0.0934856
-0.0947594
-0.0960301
-0.0972976
-0.0985616
-0.0998221
-0.101079
-0.0862764
-0.0875316
-0.0887848
-0.0900357
-0.0912842
-0.0925301
-0.0937732
-0.0950133
-0.0962502
-0.0974838
-0.098714
-0.0999404
-0.085532
-0.0867582
-0.0879824
-0.0892044
-0.090424
-0.0916411
-0.0928554
-0.0940668
-0.0952752
-0.0964803
-0.0976819
-0.09888
-0.100074
-0.0848442
-0.0860432
-0.0872403
-0.0884353
-0.089628
-0.0908182
-0.0920057
-0.0931904
-0.094372
-0.0955505
-0.0967256
-0.0978972
-0.0990651
-0.0842123
-0.0853862
-0.0865582
-0.0877281
-0.0888957
-0.0900609
-0.0912236
-0.0923834
-0.0935403
-0.0946942
-0.0958447
-0.0969918
-0.0981352
-0.0836366
-0.0847872
-0.085936
-0.0870827
-0.0882273
-0.0893696
-0.0905093
-0.0916463
-0.0927804
-0.0939115
-0.0950394
-0.096164
-0.0972851
-0.0831167
-0.0842461
-0.0853736
-0.0864993
-0.0876228
-0.088744
-0.0898628
-0.0909789
-0.0920923
-0.0932027
-0.0943101
-0.0954142
-0.0965148
-0.0826539
-0.083764
-0.0848724
-0.0859789
-0.0870833
-0.0881856
-0.0892854
-0.0903827
-0.0914773
-0.0925691
-0.0936579
-0.0947436
-0.0958259
-0.0822476
-0.0833405
-0.0844318
-0.0855213
-0.0866087
-0.0876941
-0.0887771
-0.0898577
-0.0909357
-0.092011
-0.0930834
-0.0941528
-0.095219
-0.0819017
-0.0829795
-0.0840557
-0.0851301
-0.0862026
-0.087273
-0.0883413
-0.0894072
-0.0904706
-0.0915314
-0.0925895
-0.0936446
-0.0946968
-0.0816133
-0.0826783
-0.0837418
-0.0848036
-0.0858635
-0.0869215
-0.0879775
-0.0890311
-0.0900825
-0.0911313
-0.0921775
-0.093221
-0.0942616
-0.0813917
-0.0824457
-0.0834982
-0.0845491
-0.0855982
-0.0866455
-0.0876908
-0.0887339
-0.0897748
-0.0908134
-0.0918495
-0.0928831
-0.0939139
-0.0812309
-0.0822773
-0.0833223
-0.0843658
-0.0854077
-0.0864478
-0.087486
-0.0885222
-0.0895564
-0.0905883
-0.0916178
-0.092645
-0.0936695
-0.08114
-0.0821788
-0.0832163
-0.0842524
-0.085287
-0.08632
-0.0873512
-0.0883807
-0.0894083
-0.0904338
-0.0914573
-0.0924786
-0.0934977
)
;

boundaryField
{
    inlet
    {
        type            zeroGradient;
    }
    outlet
    {
        type            fixedValue;
        value           nonuniform 0();
    }
    cylinder
    {
        type            zeroGradient;
    }
    top
    {
        type            symmetryPlane;
    }
    bottom
    {
        type            symmetryPlane;
    }
    defaultFaces
    {
        type            empty;
    }
    procBoundary23to7
    {
        type            processor;
        value           nonuniform List<scalar> 6(-0.348829 -0.351561 -0.351561 -0.35621 -0.359459 -0.359459);
    }
    procBoundary23to22
    {
        type            processor;
        value           nonuniform List<scalar> 
84
(
-0.459925
-0.451444
-0.44505
-0.438266
-0.438266
-0.435906
-0.427545
-0.418217
-0.418217
-0.410763
-0.398297
-0.384722
-0.370311
-0.370311
-0.35479
-0.339054
-0.323573
-0.308573
-0.294197
-0.294197
-0.27728
-0.264083
-0.251671
-0.24006
-0.230738
-0.223579
-0.216674
-0.210055
-0.203709
-0.197624
-0.19179
-0.186198
-0.180837
-0.175698
-0.170773
-0.166054
-0.161533
-0.157203
-0.153057
-0.149089
-0.145292
-0.141659
-0.138186
-0.134865
-0.131691
-0.128659
-0.125762
-0.122996
-0.120355
-0.117834
-0.115429
-0.113135
-0.110948
-0.108862
-0.106875
-0.104982
-0.10318
-0.101464
-0.099832
-0.0982805
-0.0968067
-0.0954073
-0.09408
-0.0928221
-0.0916313
-0.0905056
-0.0894428
-0.0884412
-0.0874995
-0.0866161
-0.0857897
-0.0850193
-0.0843041
-0.0836434
-0.0830368
-0.0824843
-0.0819857
-0.0815422
-0.0811531
-0.0808224
-0.0805468
-0.0803364
-0.0801832
-0.0800999
)
;
    }
    procBoundary23to24
    {
        type            processor;
        value           nonuniform List<scalar> 
96
(
-0.344824
-0.345343
-0.347761
-0.347761
-0.347775
-0.347775
-0.347407
-0.347407
-0.346746
-0.346746
-0.345862
-0.345862
-0.344774
-0.344774
-0.343418
-0.343418
-0.341614
-0.341614
-0.33907
-0.33907
-0.334181
-0.329702
-0.329702
-0.323712
-0.323712
-0.316169
-0.316169
-0.308304
-0.298776
-0.298776
-0.288175
-0.288175
-0.279873
-0.26932
-0.26932
-0.26296
-0.256755
-0.250629
-0.244546
-0.238534
-0.232618
-0.226809
-0.226809
-0.224141
-0.218567
-0.213118
-0.207799
-0.202615
-0.197571
-0.192669
-0.18791
-0.183295
-0.178824
-0.174496
-0.170311
-0.166266
-0.162359
-0.158588
-0.154952
-0.151447
-0.148071
-0.144821
-0.141695
-0.138689
-0.135802
-0.133029
-0.13037
-0.12782
-0.125377
-0.12304
-0.120804
-0.118668
-0.11663
-0.114687
-0.112836
-0.111077
-0.109407
-0.107823
-0.106326
-0.104912
-0.103581
-0.102332
-0.101163
-0.101163
-0.101265
-0.100229
-0.099275
-0.0984025
-0.097612
-0.0969048
-0.0962819
-0.0957457
-0.0952991
-0.0949419
-0.0946915
-0.0945144
)
;
    }
}


// ************************************************************************* //
