/*--------------------------------*- C++ -*----------------------------------*\
  =========                 |
  \\      /  F ield         | OpenFOAM: The Open Source CFD Toolbox
   \\    /   O peration     | Website:  https://openfoam.org
    \\  /    A nd           | Version:  7
     \\/     M anipulation  |
\*---------------------------------------------------------------------------*/
FoamFile
{
    version     2.0;
    format      ascii;
    class       volScalarField;
    location    "30";
    object      p;
}
// * * * * * * * * * * * * * * * * * * * * * * * * * * * * * * * * * * * * * //

dimensions      [0 2 -2 0 0 0 0];

internalField   nonuniform List<scalar> 
1450
(
0.839831
0.810895
0.787906
0.769419
0.835284
0.80647
0.783587
0.765202
0.82622
0.79765
0.774979
0.756797
0.812701
0.784498
0.762142
0.744263
0.794821
0.767104
0.745166
0.727687
0.772702
0.745589
0.72417
0.707185
0.69212
0.746496
0.720104
0.6993
0.682901
0.668473
0.716383
0.690824
0.67073
0.655003
0.641304
0.682571
0.657953
0.638661
0.623686
0.610801
0.599561
0.64529
0.621721
0.603316
0.58917
0.577175
0.566909
0.604798
0.582378
0.564942
0.551695
0.540661
0.53144
0.523703
0.561374
0.540198
0.523808
0.511522
0.50151
0.493396
0.486855
0.515314
0.495474
0.480199
0.468932
0.459994
0.453039
0.447744
0.443655
0.466936
0.448514
0.434419
0.42422
0.4164
0.410643
0.406634
0.403919
0.41657
0.399644
0.386786
0.377696
0.371028
0.366498
0.363801
0.362486
0.362091
0.364561
0.349198
0.337627
0.329681
0.324189
0.320904
0.319533
0.319629
0.320729
0.322398
0.311261
0.297519
0.287278
0.280502
0.276202
0.27417
0.274125
0.275633
0.278226
0.281458
0.28493
0.257027
0.244958
0.236081
0.230493
0.227391
0.226608
0.22788
0.230784
0.234856
0.23964
0.244723
0.202221
0.191864
0.184377
0.179988
0.178082
0.178535
0.181101
0.185374
0.190896
0.197208
0.203882
0.210545
0.1472
0.138585
0.132507
0.12932
0.128599
0.130263
0.13409
0.139692
0.146622
0.154421
0.162655
0.170936
0.178937
0.0923215
0.085466
0.0808068
0.0788177
0.0792629
0.0821051
0.0871465
0.094025
0.102306
0.111535
0.121278
0.131142
0.140794
0.149974
0.158493
0.0379183
0.0328349
0.029598
0.0287964
0.0303814
0.03436
0.0405608
0.0486487
0.0582066
0.0687899
0.079963
0.0913288
0.102549
0.113356
0.123561
0.133051
-0.015674
-0.0189845
-0.0208032
-0.0204341
-0.0177427
-0.0126778
-0.00538298
0.00383581
0.0145828
0.026424
0.038926
0.0516859
0.0643525
0.0766413
0.0883395
0.0992792
0.109326
-0.0681375
-0.0696824
-0.0700976
-0.0685796
-0.0648206
-0.058726
-0.0504105
-0.0401482
-0.0283111
-0.0153193
-0.00160146
0.0124352
0.0264277
0.0400735
0.0531366
0.0654179
0.0767317
0.0872708
0.0980411
-0.11918
-0.118956
-0.118007
-0.115363
-0.110579
-0.103517
-0.0942592
-0.0830473
-0.070226
-0.0561981
-0.0413845
-0.0261929
-0.0109947
0.00389296
0.0182154
0.0317529
0.0442968
0.0560061
0.0678445
0.077266
-0.168509
-0.166574
-0.164243
-0.160521
-0.154764
-0.146798
-0.136681
-0.124617
-0.110922
-0.0959777
-0.0801927
-0.0639713
-0.0476891
-0.0316738
-0.0161947
-0.00148689
0.0122254
0.0250729
0.0379745
0.0484875
-0.215867
-0.212252
-0.208588
-0.203819
-0.197138
-0.188338
-0.177445
-0.164629
-0.150173
-0.134434
-0.117805
-0.100681
-0.0834387
-0.0664106
-0.049877
-0.0340844
-0.0192681
-0.00532525
0.00861549
0.0202468
-0.261019
-0.255769
-0.250815
-0.24504
-0.23749
-0.227924
-0.216341
-0.202874
-0.18777
-0.17136
-0.154014
-0.136118
-0.118041
-0.100118
-0.0826358
-0.0658495
-0.0500029
-0.0350218
-0.0200892
-0.00736282
-0.303753
-0.296926
-0.29073
-0.283995
-0.275632
-0.265369
-0.253181
-0.239162
-0.223524
-0.206565
-0.188632
-0.170094
-0.151311
-0.132615
-0.114298
-0.0966184
-0.0798283
-0.0638831
-0.0480252
-0.0342504
-0.343885
-0.335549
-0.328165
-0.320521
-0.311403
-0.300514
-0.287803
-0.273329
-0.257267
-0.23988
-0.22149
-0.202442
-0.183084
-0.163743
-0.144711
-0.126247
-0.108613
-0.0917929
-0.0750924
-0.0603261
-0.381258
-0.371493
-0.362983
-0.354484
-0.344669
-0.333223
-0.320071
-0.305237
-0.288857
-0.271161
-0.25244
-0.233014
-0.213215
-0.193361
-0.173738
-0.154611
-0.136241
-0.118649
-0.101201
-0.0854832
-0.415747
-0.404643
-0.395076
-0.385779
-0.375329
-0.363393
-0.349878
-0.334773
-0.318179
-0.300289
-0.28136
-0.261687
-0.241581
-0.221346
-0.201264
-0.181597
-0.162608
-0.144348
-0.126243
-0.109628
-0.447259
-0.434914
-0.424365
-0.414332
-0.403307
-0.390948
-0.377144
-0.361855
-0.345143
-0.327167
-0.30815
-0.288358
-0.268077
-0.247596
-0.227189
-0.207112
-0.187628
-0.16881
-0.150184
-0.133026
-0.475731
-0.462255
-0.450804
-0.440099
-0.428561
-0.415842
-0.40182
-0.386425
-0.369687
-0.351728
-0.332736
-0.312947
-0.292621
-0.272028
-0.251428
-0.231074
-0.21122
-0.191961
-0.172905
-0.155197
-0.501135
-0.486641
-0.474375
-0.463065
-0.451076
-0.438059
-0.423885
-0.408457
-0.391776
-0.373928
-0.355069
-0.335399
-0.315152
-0.294576
-0.273917
-0.253416
-0.233321
-0.213744
-0.194373
-0.176193
-0.523471
-0.508081
-0.495091
-0.483244
-0.470866
-0.457612
-0.443345
-0.427952
-0.411403
-0.393753
-0.375122
-0.35568
-0.33563
-0.315196
-0.294606
-0.274088
-0.253881
-0.234112
-0.214548
-0.196008
-0.474538
-0.460236
-0.444937
-0.428586
-0.41121
-0.392895
-0.373779
-0.354036
-0.333862
-0.313465
-0.293058
-0.272864
-0.253026
-0.23339
-0.214605
-0.310304
-0.290247
-0.270461
-0.25087
-0.23196
0.0307656
0.0285839
0.0263989
0.024212
0.0220242
0.0198367
0.0176507
0.0154675
0.0132883
0.0111143
0.00894676
0.00678677
0.00463553
0.00249457
0.0307854
0.0286036
0.0264173
0.0242276
0.0220357
0.0198429
0.0176506
0.0154599
0.0132723
0.0110891
0.00891156
0.00674105
0.00457888
0.00242626
0.0307772
0.0285888
0.0263946
0.0241962
0.0219946
0.0197912
0.0175874
0.0153846
0.0131842
0.0109875
0.00879607
0.00661122
0.00443436
0.00226697
0.0307487
0.0285485
0.0263417
0.0241297
0.0219137
0.019695
0.0174751
0.0152556
0.0130378
0.0108233
0.00861356
0.00641003
0.0042142
0.00202766
0.0307013
0.0284845
0.0262603
0.0240299
0.0217948
0.0195562
0.0173158
0.015075
0.0128355
0.0105987
0.00836636
0.00613987
0.00392082
0.00171095
0.0306361
0.028398
0.0261516
0.0238983
0.0216395
0.0193766
0.0171112
0.0148449
0.0125793
0.0103161
0.00805695
0.00580337
0.00355699
0.00131976
0.0305544
0.0282904
0.0260172
0.0237365
0.0214496
0.019158
0.0168633
0.0145673
0.0122715
0.00997772
0.00768762
0.00540288
0.00312512
0.000856598
0.0304576
0.0281629
0.0258585
0.0235461
0.0212267
0.0189021
0.0165739
0.0142439
0.0119138
0.00958529
0.00726025
0.00494033
0.00262714
0.00032359
0.0303467
0.028017
0.0256769
0.0233282
0.0209721
0.0186102
0.0162443
0.0138762
0.0115076
0.00914034
0.0067763
0.00441705
0.00206394
-0.000277765
0.030223
0.0278536
0.0254734
0.0230842
0.0206871
0.0182837
0.0158759
0.0134655
0.0110543
0.00864422
0.00623704
0.00383414
0.00143643
-0.000947238
0.0300876
0.0276741
0.0252493
0.0228151
0.0203726
0.0179235
0.0154696
0.0130129
0.0105553
0.00809866
0.00564499
0.00319682
0.000757356
-0.00168038
0.0299416
0.0274793
0.0250055
0.022522
0.0200298
0.0175306
0.0150263
0.012519
0.0100106
0.00750288
0.00499794
0.00249781
4.81345e-06
-0.00248123
0.0297861
0.0272705
0.0247431
0.0222057
0.0196594
0.0171058
0.0145469
0.0119848
0.00942134
0.00685861
0.00429857
0.0017433
-0.000805019
-0.00334533
0.0296223
0.0270486
0.024463
0.0218672
0.0192623
0.0166498
0.014032
0.0114107
0.00878813
0.00616619
0.00354695
0.000932495
-0.001675
-0.0042741
0.0294512
0.0268146
0.024166
0.0215073
0.0188391
0.0161634
0.0134821
0.0107974
0.00811134
0.00542593
0.00274327
6.54861e-05
-0.00260525
-0.00526728
0.029274
0.0265696
0.0238532
0.0211267
0.0183907
0.015647
0.0128978
0.0101452
0.00739124
0.00463804
0.00188771
-0.000857619
-0.00359574
-0.00632487
0.0290918
0.0263144
0.0235253
0.0207261
0.0179175
0.0151012
0.0122794
0.00945433
0.00662802
0.00380262
0.000980246
-0.00183692
-0.00464665
-0.0074471
0.0289056
0.0260501
0.0231831
0.0203062
0.0174201
0.0145263
0.0116272
0.008725
0.00582175
0.00291961
2.07485e-05
-0.00287265
-0.00575833
-0.00863439
0.0287168
0.0257776
0.0228274
0.0198678
0.0168989
0.0139227
0.0109415
0.0079573
0.00497238
0.00198888
-0.000991035
-0.00396516
-0.00693121
-0.00988726
0.0285263
0.025498
0.0224591
0.0194113
0.0163545
0.0132908
0.0102223
0.00715123
0.00407981
0.00101018
-0.00205547
-0.00511492
-0.00816586
-0.0112064
0.0283354
0.025212
0.0220789
0.0189373
0.0157873
0.0126307
0.00946972
0.00630673
0.00314381
-1.68314e-05
-0.00317301
-0.00632252
-0.009463
-0.0125926
0.0281453
0.0249209
0.0216875
0.0184465
0.0151976
0.0119426
0.00868385
0.00542364
0.00216411
-0.00109259
-0.00434424
-0.00758865
-0.0108234
-0.0140467
0.0279572
0.0246254
0.0212858
0.0179393
0.0145857
0.0112266
0.00786459
0.00450177
0.00114031
-0.00221761
-0.00556981
-0.0089141
-0.012248
-0.0155699
0.0277725
0.0243267
0.0208744
0.0174163
0.0139519
0.010483
0.00701186
0.00354082
7.1977e-05
-0.00339252
-0.00685049
-0.0102998
-0.0137379
-0.0171632
0.0275923
0.0240258
0.0204542
0.016878
0.0132966
0.00971158
0.00612548
0.00254044
-0.00104144
-0.00461801
-0.00818714
-0.0117467
-0.0152941
-0.0188279
0.0274181
0.0237236
0.0200258
0.0163249
0.0126198
0.0089125
0.00520524
0.0015002
-0.00220054
-0.00589488
-0.00958071
-0.013256
-0.0169179
-0.0205653
0.0272512
0.0234213
0.01959
0.0157573
0.011922
0.00808568
0.00425086
0.000419609
-0.00340604
-0.00722402
-0.0110323
-0.0148288
-0.0186106
-0.022377
0.0270931
0.0231199
0.0191476
0.0151759
0.0112031
0.00723101
0.003262
-0.000701901
-0.00465871
-0.0086064
-0.012543
-0.0164666
-0.0203737
-0.0242644
0.0269451
0.0228205
0.0186993
0.0145809
0.0104634
0.00634836
0.00223826
-0.00186496
-0.00595941
-0.0100431
-0.014114
-0.0181707
-0.0222086
-0.0262293
0.0268088
0.0225242
0.0182459
0.0139729
0.00970287
0.00543756
0.00117921
-0.00307029
-0.00730909
-0.0115352
-0.0157467
-0.0199425
-0.0241164
-0.028273
0.0266859
0.0222322
0.0177882
0.0133522
0.00892173
0.00449836
8.43162e-05
-0.00431864
-0.00870882
-0.0130843
-0.0174437
-0.021788
-0.0261001
-0.0303978
0.0265779
0.0219457
0.0173269
0.0127193
0.00811995
0.0035305
-0.00104694
-0.00561072
-0.0101593
-0.0146911
-0.019208
-0.0237191
-0.0281663
-0.0326083
0.0264866
0.021666
0.0168629
0.0120745
0.00729751
0.00253357
-0.00221527
-0.0069474
-0.0116612
-0.016355
-0.0210246
-0.0256596
-0.0303026
-0.0349047
0.0264138
0.0213944
0.0163969
0.0114181
0.00645434
0.00150706
-0.00342173
-0.00833055
-0.013218
-0.0180826
-0.0229218
-0.0277294
-0.0325284
-0.0372882
0.0263615
0.0211322
0.0159299
0.0107507
0.00559041
0.000450535
-0.00466708
-0.00976112
-0.0148303
-0.0198736
-0.0248893
-0.0298737
-0.0348349
-0.0397602
0.0263317
0.0208809
0.0154628
0.0100725
0.00470566
-0.000636458
-0.0059521
-0.0112401
-0.0164994
-0.0217289
-0.0269274
-0.0320919
-0.0372268
-0.042325
0.0263268
0.0206422
0.0149966
0.00938414
0.00380004
-0.00175446
-0.00727778
-0.0127689
-0.018227
-0.023651
-0.0290399
-0.0343914
-0.0397084
-0.044986
0.0263489
0.0204177
0.0145323
0.00868596
0.00287344
-0.00290409
-0.00864518
-0.0143491
-0.020015
-0.0256421
-0.0312297
-0.0367755
-0.0422821
-0.0477459
0.0264009
0.0202093
0.014071
0.00797849
0.00192578
-0.00408597
-0.0100555
-0.0159821
-0.0218654
-0.0277046
-0.0334993
-0.0392471
-0.0449509
-0.0506077
0.0264854
0.0200189
0.0136142
0.0072623
0.000956964
-0.00530078
-0.0115098
-0.0176698
-0.0237804
-0.029841
-0.0358515
-0.0418093
-0.047718
-0.0535749
0.0266055
0.0198488
0.013163
0.00653802
-3.30633e-05
-0.00654923
-0.0130096
-0.019414
-0.0257622
-0.0320539
-0.0382895
-0.0444653
-0.0505868
-0.0566512
0.0267646
0.0197013
0.0127191
0.00580638
-0.00104433
-0.00783203
-0.014556
-0.0212165
-0.0278133
-0.0343464
-0.0408166
-0.0472187
-0.0535611
-0.0598403
0.0269662
0.0195791
0.0122842
0.00506819
-0.00207681
-0.0091499
-0.0161506
-0.0230793
-0.0299362
-0.0367211
-0.043436
-0.0500725
-0.0566444
-0.0631465
0.0272144
0.019485
0.0118601
0.00432442
-0.00313042
-0.0105035
-0.0177947
-0.0250047
-0.0321337
-0.0391814
-0.0461526
-0.05303
-0.0598408
-0.066574
0.0275135
0.0194223
0.011449
0.00357618
-0.004205
-0.0118936
-0.0194898
-0.0269945
-0.0344085
-0.0417339
-0.0489871
-0.0561014
-0.0631566
-0.0701281
0.0278683
0.0193945
0.0110533
0.00282472
-0.00530031
-0.0133209
-0.0212372
-0.0290505
-0.036762
-0.0443815
-0.0519519
-0.0592961
-0.0665998
-0.0738143
0.0282839
0.0194055
0.0106755
0.00207153
-0.00641602
-0.014786
-0.0230388
-0.0311755
-0.0391969
-0.0470959
-0.0548244
-0.0625881
-0.0701718
-0.0776362
0.028766
0.0194595
0.0103188
0.00131831
-0.00755164
-0.0162898
-0.0248968
-0.033374
-0.0417228
-0.0499437
-0.0580225
-0.0660247
-0.0738741
-0.0816005
0.0293209
0.0195614
0.00998641
0.00056709
-0.0087064
-0.0178326
-0.0268125
-0.0356478
-0.0443403
-0.0528928
-0.0612976
-0.0695791
-0.0777135
-0.0857129
0.0299552
0.0197163
0.00968213
-0.000179837
-0.00987934
-0.0194147
-0.0287872
-0.0379985
-0.0470505
-0.0559458
-0.064678
-0.0732672
-0.0816993
-0.0899802
0.0306761
0.0199298
0.00941006
-0.000919886
-0.0110693
-0.0210363
-0.0308222
-0.0404291
-0.0498584
-0.0591132
-0.0681867
-0.0770988
-0.0858384
-0.0944093
0.0314914
0.0202083
0.0091747
-0.00165017
-0.012275
-0.0226975
-0.0329193
-0.0429424
-0.0527682
-0.0624006
-0.0718299
-0.081079
-0.0901373
-0.0990078
0.0324095
0.0205582
0.00898098
-0.00236747
-0.0134948
-0.0243984
-0.03508
-0.0455415
-0.0557838
-0.0658127
-0.0756122
-0.0852138
-0.0946035
-0.103783
0.0334391
0.0209868
0.00883426
-0.00306827
-0.014727
-0.0261388
-0.0373056
-0.0482292
-0.0589098
-0.06936
-0.0795417
-0.089511
-0.099245
-0.108745
0.0345898
0.0215017
0.00874028
-0.00374872
-0.0159696
-0.0279186
-0.0395976
-0.0510079
-0.062153
-0.0730642
-0.083631
-0.0939801
-0.104071
-0.113901
0.0358714
0.0221111
0.0087052
-0.00440467
-0.0172203
-0.0297374
-0.0419571
-0.0538802
-0.0655137
-0.076895
-0.0878854
-0.0986302
-0.109089
-0.119261
0.0372945
0.0228236
0.00873556
-0.00503167
-0.018477
-0.0315952
-0.0443867
-0.0568512
-0.0689838
-0.0807243
-0.0922968
-0.103467
-0.114309
-0.124834
0.03887
0.0236482
0.00883823
-0.00562499
-0.019737
-0.0334916
-0.0468885
-0.0599265
-0.0726065
-0.084896
-0.0968967
-0.108497
-0.11974
-0.13063
0.0406091
0.0245943
0.00902042
-0.00617961
-0.0209974
-0.0354259
-0.0494638
-0.0631086
-0.0763637
-0.0891993
-0.101673
-0.113731
-0.125393
-0.13666
0.0425235
0.0256716
0.00928958
-0.00669027
-0.0222554
-0.0373974
-0.0521137
-0.0663987
-0.0802553
-0.0936502
-0.106641
-0.119181
-0.131277
-0.142934
0.0446252
0.0268899
0.00965331
-0.00715162
-0.0235078
-0.0394053
-0.0548396
-0.0698002
-0.0842956
-0.0982748
-0.111814
-0.124855
-0.137402
-0.149461
0.0469259
0.0282591
0.0101194
-0.00755807
-0.0247513
-0.0414484
-0.0576417
-0.0733219
-0.0885338
-0.103094
-0.1172
-0.130763
-0.143779
-0.156251
0.0494389
0.0297902
0.0106964
-0.00790332
-0.0259822
-0.0435251
-0.06052
-0.0769699
-0.0929949
-0.108117
-0.122809
-0.136914
-0.150416
-0.163314
0.0521788
0.0314949
0.0113934
-0.00818109
-0.0271968
-0.0456351
-0.0634786
-0.0807041
-0.097166
-0.113309
-0.128647
-0.143314
-0.157321
-0.170656
0.0551488
0.033376
0.0122124
-0.00839007
-0.0283953
-0.0477804
-0.0665223
-0.0846053
-0.101924
-0.118726
-0.134711
-0.149972
-0.1645
-0.178284
0.0583354
0.035427
0.0131514
-0.00852942
-0.0295751
-0.0499581
-0.0696479
-0.0886339
-0.106816
-0.124327
-0.141006
-0.156887
-0.171956
-0.186199
0.0618182
0.0377175
0.0142703
-0.00854904
-0.0306955
-0.0521358
-0.0728276
-0.0927642
-0.111815
-0.130123
-0.147538
-0.164065
-0.179694
-0.194408
0.0658537
0.0404337
0.0157008
-0.00836114
-0.0317048
-0.0542903
-0.0760663
-0.0970649
-0.117008
-0.136169
-0.154355
-0.171556
-0.187759
-0.202946
0.0699255
0.0431222
0.0170494
-0.008303
-0.0328871
-0.0566565
-0.079565
-0.10173
-0.122528
-0.142547
-0.16151
-0.179393
-0.196171
-0.211823
0.0715622
0.0439062
0.016929
-0.00934754
-0.034863
-0.0595582
-0.083372
-0.106248
-0.128069
-0.148869
-0.168559
-0.187114
-0.204498
-0.220682
)
;

boundaryField
{
    inlet
    {
        type            zeroGradient;
    }
    outlet
    {
        type            fixedValue;
        value           nonuniform 0();
    }
    cylinder
    {
        type            zeroGradient;
    }
    top
    {
        type            symmetryPlane;
    }
    bottom
    {
        type            symmetryPlane;
    }
    defaultFaces
    {
        type            empty;
    }
    procBoundary1to0
    {
        type            processor;
        value           nonuniform List<scalar> 
110
(
0.752708
0.748603
0.740421
0.728219
0.712082
0.712082
0.678485
0.65554
0.629172
0.629172
0.589637
0.558041
0.558041
0.517001
0.481432
0.481432
0.440328
0.402044
0.402044
0.362198
0.362198
0.324253
0.324253
0.288303
0.249746
0.249746
0.216881
0.216881
0.186384
0.186384
0.193059
0.166273
0.166273
0.141808
0.141808
0.118723
0.118723
0.128448
0.106453
0.106453
0.0329419
0.0329603
0.0329576
0.0329394
0.0329073
0.0328622
0.0328054
0.0327379
0.0326609
0.0325757
0.0324832
0.0323848
0.0322816
0.0321748
0.0320656
0.0319553
0.0318451
0.0317362
0.0316302
0.0315283
0.0314319
0.0313425
0.0312615
0.0311906
0.0311313
0.0310853
0.0310543
0.0310401
0.0310445
0.0310695
0.031117
0.0311893
0.0312886
0.0314172
0.0315777
0.0317729
0.0320055
0.0322787
0.032596
0.0329609
0.0333775
0.0338501
0.0343834
0.0349825
0.0356532
0.0364015
0.037234
0.038158
0.0391814
0.0403124
0.0415601
0.0429342
0.0444448
0.0461026
0.0479192
0.0499063
0.0520762
0.0544418
0.0570159
0.0598121
0.0628435
0.066123
0.0696648
0.0734853
0.0775862
0.0819409
0.0866371
0.0920302
0.0975418
0.099926
)
;
    }
    procBoundary1to2
    {
        type            processor;
        value           nonuniform List<scalar> 
92
(
-0.542772
-0.52661
-0.512991
-0.500679
-0.487973
-0.487973
-0.488902
-0.474616
-0.459464
-0.44337
-0.426333
-0.408411
-0.38971
-0.370372
-0.350567
-0.330479
-0.330479
-0.325825
-0.306023
-0.286405
-0.266977
-0.24806
0.000364595
0.000284533
0.000110295
-0.000148304
-0.000488478
-0.000907149
-0.00140175
-0.00197012
-0.00261056
-0.00332272
-0.00410463
-0.00495558
-0.0058745
-0.00686208
-0.00791808
-0.00904257
-0.0102359
-0.0114985
-0.012831
-0.0142341
-0.0157089
-0.0172562
-0.0188772
-0.0205733
-0.0223456
-0.0241958
-0.0261255
-0.0281362
-0.0302299
-0.0324083
-0.0346737
-0.037029
-0.0394754
-0.0420156
-0.0446517
-0.0473868
-0.050224
-0.0531663
-0.0562171
-0.0593797
-0.0626579
-0.0660557
-0.0695773
-0.0732272
-0.0770104
-0.080932
-0.0849968
-0.0892114
-0.0935817
-0.0981143
-0.102816
-0.107695
-0.112759
-0.118017
-0.123478
-0.12915
-0.135044
-0.141169
-0.147536
-0.154154
-0.161033
-0.168181
-0.175607
-0.183319
-0.19132
-0.199612
-0.2082
-0.217107
-0.226335
-0.23565
)
;
    }
    procBoundary1to9
    {
        type            processor;
        value           nonuniform List<scalar> 4(0.839831 0.810895 0.787906 0.769419);
    }
}


// ************************************************************************* //
