/*--------------------------------*- C++ -*----------------------------------*\
  =========                 |
  \\      /  F ield         | OpenFOAM: The Open Source CFD Toolbox
   \\    /   O peration     | Website:  https://openfoam.org
    \\  /    A nd           | Version:  7
     \\/     M anipulation  |
\*---------------------------------------------------------------------------*/
FoamFile
{
    version     2.0;
    format      ascii;
    class       volVectorField;
    location    "55";
    object      U;
}
// * * * * * * * * * * * * * * * * * * * * * * * * * * * * * * * * * * * * * //

dimensions      [0 1 -1 0 0 0 0];

internalField   nonuniform List<vector> 
1450
(
(0.999048 -0.00204346 0)
(1.00254 -0.0238852 0)
(1.00674 -0.0272897 0)
(1.01355 -0.0503603 0)
(1.02313 -0.0548263 0)
(1.03364 -0.0753499 0)
(1.04642 -0.0796151 0)
(1.0596 -0.0945201 0)
(1.07237 -0.0962348 0)
(1.0854 -0.106393 0)
(0.999075 -0.00209958 0)
(1.00246 -0.0243208 0)
(1.00629 -0.0278204 0)
(1.01287 -0.0516651 0)
(1.02221 -0.0561959 0)
(1.03253 -0.0778424 0)
(1.04545 -0.0821958 0)
(1.05868 -0.0981141 0)
(1.07179 -0.099909 0)
(1.08511 -0.110757 0)
(0.999117 -0.00215473 0)
(1.00237 -0.0247147 0)
(1.00583 -0.0283162 0)
(1.01217 -0.0529014 0)
(1.02125 -0.0575065 0)
(1.03135 -0.0802867 0)
(1.04439 -0.0847272 0)
(1.05765 -0.10171 0)
(1.07112 -0.103584 0)
(1.08472 -0.115163 0)
(0.999174 -0.00220882 0)
(1.00226 -0.0250674 0)
(1.00536 -0.0287776 0)
(1.01143 -0.0540674 0)
(1.02022 -0.0587584 0)
(1.0301 -0.0826787 0)
(1.04325 -0.0872081 0)
(1.05652 -0.105306 0)
(1.07037 -0.107259 0)
(1.08425 -0.119612 0)
(0.99925 -0.00226169 0)
(1.00213 -0.0253794 0)
(1.00489 -0.0292051 0)
(1.01066 -0.0551615 0)
(1.01915 -0.0599519 0)
(1.02878 -0.0850146 0)
(1.04202 -0.089637 0)
(1.05527 -0.108902 0)
(1.06952 -0.110933 0)
(1.08367 -0.124106 0)
(0.999344 -0.00231319 0)
(1.00199 -0.0256513 0)
(1.0044 -0.029599 0)
(1.00986 -0.0561823 0)
(1.01802 -0.0610871 0)
(1.02738 -0.08729 0)
(1.04069 -0.0920128 0)
(1.0539 -0.112494 0)
(1.06857 -0.114604 0)
(1.08298 -0.128648 0)
(0.999459 -0.00236317 0)
(1.00182 -0.025884 0)
(1.00392 -0.0299596 0)
(1.00902 -0.0571288 0)
(1.01684 -0.0621644 0)
(1.0259 -0.0895007 0)
(1.03927 -0.0943342 0)
(1.05241 -0.116082 0)
(1.06753 -0.118272 0)
(1.08219 -0.133239 0)
(0.999597 -0.00241143 0)
(1.00163 -0.0260783 0)
(1.00343 -0.0302871 0)
(1.00816 -0.0580001 0)
(1.01561 -0.0631838 0)
(1.02435 -0.0916423 0)
(1.03775 -0.0966002 0)
(1.0508 -0.119663 0)
(1.06637 -0.121935 0)
(1.08127 -0.137881 0)
(0.999759 -0.0024578 0)
(1.00142 -0.0262352 0)
(1.00295 -0.0305818 0)
(1.00725 -0.0587956 0)
(1.01433 -0.0641453 0)
(1.02272 -0.0937106 0)
(1.03613 -0.0988095 0)
(1.04907 -0.123232 0)
(1.06511 -0.125592 0)
(1.08022 -0.142576 0)
(0.999947 -0.00250208 0)
(1.00118 -0.0263557 0)
(1.00247 -0.0308439 0)
(1.00631 -0.0595149 0)
(1.01301 -0.0650491 0)
(1.02102 -0.095701 0)
(1.03441 -0.100961 0)
(1.0472 -0.126787 0)
(1.06373 -0.12924 0)
(1.07905 -0.147325 0)
(1.00016 -0.00254407 0)
(1.00091 -0.0264409 0)
(1.00199 -0.0310736 0)
(1.00534 -0.0601578 0)
(1.01164 -0.0658949 0)
(1.01924 -0.0976093 0)
(1.03257 -0.103054 0)
(1.0452 -0.130323 0)
(1.06222 -0.132879 0)
(1.07773 -0.15213 0)
(1.00041 -0.00258355 0)
(1.00061 -0.026492 0)
(1.00153 -0.0312711 0)
(1.00433 -0.0607245 0)
(1.01023 -0.0666827 0)
(1.01738 -0.0994315 0)
(1.03064 -0.105087 0)
(1.04307 -0.133835 0)
(1.06059 -0.136507 0)
(1.07627 -0.156992 0)
(1.00069 -0.00262027 0)
(1.00028 -0.0265101 0)
(1.00108 -0.0314366 0)
(1.00327 -0.0612154 0)
(1.00879 -0.0674124 0)
(1.01545 -0.101163 0)
(1.02859 -0.107059 0)
(1.04081 -0.137319 0)
(1.05882 -0.140122 0)
(1.07466 -0.161912 0)
(1.00099 -0.00265396 0)
(0.999916 -0.0264966 0)
(1.00064 -0.0315704 0)
(1.00219 -0.0616309 0)
(1.00731 -0.0680836 0)
(1.01344 -0.102801 0)
(1.02644 -0.108968 0)
(1.03842 -0.140769 0)
(1.05692 -0.143722 0)
(1.0729 -0.166891 0)
(1.00134 -0.00268434 0)
(0.999511 -0.0264528 0)
(1.00023 -0.0316729 0)
(1.00106 -0.0619718 0)
(1.0058 -0.0686961 0)
(1.01136 -0.104342 0)
(1.02418 -0.110814 0)
(1.03588 -0.144179 0)
(1.05487 -0.147305 0)
(1.07097 -0.171929 0)
(1.00171 -0.00271105 0)
(0.999066 -0.0263801 0)
(0.99984 -0.0317443 0)
(0.999886 -0.0622393 0)
(1.00427 -0.0692496 0)
(1.00921 -0.105782 0)
(1.02182 -0.112595 0)
(1.03321 -0.147544 0)
(1.05268 -0.150871 0)
(1.06888 -0.177028 0)
(1.00212 -0.00273374 0)
(0.99858 -0.0262801 0)
(0.999476 -0.0317848 0)
(0.998674 -0.0624345 0)
(1.00272 -0.0697441 0)
(1.00698 -0.107118 0)
(1.01935 -0.11431 0)
(1.03041 -0.150856 0)
(1.05033 -0.154416 0)
(1.06661 -0.182186 0)
(1.00256 -0.00275201 0)
(0.998053 -0.0261545 0)
(0.999143 -0.0317948 0)
(0.997418 -0.0625588 0)
(1.00116 -0.0701792 0)
(1.00468 -0.108347 0)
(1.01679 -0.115956 0)
(1.02747 -0.154109 0)
(1.04783 -0.15794 0)
(1.06418 -0.187404 0)
(1.00303 -0.00276545 0)
(0.997486 -0.026005 0)
(0.998842 -0.0317744 0)
(0.996117 -0.062614 0)
(0.999589 -0.0705548 0)
(1.00231 -0.109468 0)
(1.01412 -0.117533 0)
(1.02439 -0.157295 0)
(1.04517 -0.161439 0)
(1.06156 -0.19268 0)
(1.00353 -0.00277364 0)
(0.996881 -0.0258335 0)
(0.998577 -0.0317237 0)
(0.994772 -0.0626022 0)
(0.998024 -0.0708707 0)
(0.999872 -0.110477 0)
(1.01137 -0.119039 0)
(1.02118 -0.160409 0)
(1.04234 -0.164912 0)
(1.05875 -0.198014 0)
(1.00405 -0.00277619 0)
(0.996241 -0.0256419 0)
(0.998346 -0.0316427 0)
(0.993382 -0.0625255 0)
(0.996468 -0.0711268 0)
(0.997358 -0.111372 0)
(1.00852 -0.120472 0)
(1.01783 -0.163441 0)
(1.03933 -0.168356 0)
(1.05576 -0.203403 0)
(1.00458 -0.00277273 0)
(0.995573 -0.0254321 0)
(0.998151 -0.0315315 0)
(0.99195 -0.0623866 0)
(0.99493 -0.0713226 0)
(0.994772 -0.112153 0)
(1.00559 -0.121829 0)
(1.01435 -0.166385 0)
(1.03616 -0.171769 0)
(1.05257 -0.208845 0)
(1.00512 -0.00276297 0)
(0.994882 -0.0252062 0)
(0.997987 -0.0313898 0)
(0.99048 -0.0621884 0)
(0.993414 -0.0714575 0)
(0.992113 -0.112817 0)
(1.00259 -0.123111 0)
(1.01073 -0.169233 0)
(1.0328 -0.175147 0)
(1.04918 -0.214338 0)
(1.09256 -0.105266 1.04055e-21)
(1.09547 -0.104841 -4.22483e-21)
(1.09832 -0.104398 5.06408e-21)
(1.0925 -0.109575 -3.29438e-21)
(1.09552 -0.109128 2.87037e-21)
(1.09847 -0.108662 -6.09394e-21)
(1.10128 -0.108191 -4.60845e-21)
(1.10407 -0.107721 1.39821e-21)
(1.1069 -0.10725 -2.26639e-21)
(1.10978 -0.106777 -2.46213e-21)
(1.11268 -0.106302 -7.32879e-21)
(1.09237 -0.113925 2.46164e-21)
(1.0955 -0.113456 -1.69899e-21)
(1.09856 -0.112967 7.58287e-22)
(1.10147 -0.112472 6.92737e-21)
(1.10434 -0.111977 -8.16144e-21)
(1.10727 -0.111481 -2.55705e-21)
(1.11024 -0.110982 -2.81644e-21)
(1.11323 -0.110481 7.88877e-21)
(1.11623 -0.109979 -1.50507e-21)
(1.11924 -0.109479 -3.74257e-22)
(1.12227 -0.10898 9.72968e-21)
(1.12531 -0.108484 3.10278e-21)
(1.12836 -0.107991 -4.69377e-22)
(1.13142 -0.107503 -5.09614e-21)
(1.09216 -0.118319 7.17015e-22)
(1.09542 -0.117828 1.37571e-21)
(1.0986 -0.117314 1.60457e-21)
(1.1016 -0.116795 2.77501e-21)
(1.10457 -0.116275 5.54347e-22)
(1.1076 -0.115753 1.01976e-20)
(1.11066 -0.115227 1.54571e-21)
(1.11375 -0.114699 -4.25377e-22)
(1.11684 -0.114169 4.31415e-21)
(1.11995 -0.11364 4.57143e-21)
(1.12307 -0.113112 -3.55488e-21)
(1.1262 -0.112586 5.71662e-21)
(1.12934 -0.112063 -3.1566e-21)
(1.13249 -0.111544 9.50532e-21)
(1.13565 -0.11103 1.72449e-21)
(1.13881 -0.110522 1.32619e-21)
(1.14198 -0.110021 2.04008e-21)
(1.14516 -0.109529 -1.99945e-21)
(1.14834 -0.109045 2.73483e-22)
(1.15153 -0.108569 -2.6112e-21)
(1.09187 -0.122758 -5.86582e-21)
(1.09527 -0.122246 -2.94542e-21)
(1.09857 -0.121708 2.60391e-22)
(1.10168 -0.121163 -4.98783e-21)
(1.10475 -0.120618 2.41088e-21)
(1.10788 -0.120069 -4.88815e-21)
(1.11105 -0.119516 6.02848e-22)
(1.11424 -0.118959 1.4038e-22)
(1.11743 -0.1184 3.66469e-21)
(1.12064 -0.117841 9.76762e-22)
(1.12385 -0.117282 -4.41821e-21)
(1.12708 -0.116725 -4.45935e-21)
(1.13032 -0.11617 -5.28073e-21)
(1.13356 -0.115618 -4.76013e-21)
(1.13681 -0.115072 -1.67371e-21)
(1.14006 -0.11453 -1.75345e-21)
(1.14331 -0.113996 1.46342e-21)
(1.14658 -0.113471 2.21072e-21)
(1.14985 -0.112953 7.68942e-22)
(1.15312 -0.112443 2.0381e-21)
(1.0915 -0.127246 3.02294e-21)
(1.09504 -0.126712 1.20322e-21)
(1.09847 -0.126149 -4.77421e-21)
(1.10169 -0.125579 -9.04733e-22)
(1.10487 -0.125007 2.26752e-21)
(1.10811 -0.124432 2.52757e-21)
(1.11139 -0.123849 -3.27806e-21)
(1.11469 -0.123263 -4.21376e-21)
(1.11799 -0.122673 -6.5278e-21)
(1.1213 -0.122083 5.86311e-22)
(1.12461 -0.121492 5.3729e-21)
(1.12794 -0.120902 5.52552e-21)
(1.13128 -0.120314 1.53887e-20)
(1.13462 -0.119728 1.68785e-21)
(1.13796 -0.119146 2.61762e-21)
(1.14131 -0.118569 -5.04464e-21)
(1.14465 -0.118 1.58266e-21)
(1.14801 -0.117439 -3.43927e-21)
(1.15138 -0.116886 -2.0105e-21)
(1.15474 -0.11634 -9.62034e-22)
(1.09103 -0.131785 -1.92829e-22)
(1.09473 -0.131228 -3.04761e-21)
(1.0983 -0.13064 4.86369e-21)
(1.10164 -0.130044 -2.07123e-21)
(1.10494 -0.129446 -4.70752e-21)
(1.10829 -0.128842 -5.13378e-21)
(1.11169 -0.128231 5.46931e-22)
(1.1151 -0.127613 5.10118e-21)
(1.11851 -0.126992 5.15207e-21)
(1.12193 -0.126369 -5.84873e-21)
(1.12535 -0.125745 -1.75552e-21)
(1.12879 -0.12512 4.88502e-21)
(1.13223 -0.124496 -1.55716e-20)
(1.13567 -0.123874 -2.10287e-21)
(1.13911 -0.123256 -1.85047e-21)
(1.14256 -0.122641 -8.8226e-22)
(1.146 -0.122035 -6.21058e-21)
(1.14945 -0.121437 2.4583e-22)
(1.15291 -0.120845 1.9565e-21)
(1.15637 -0.12026 2.65347e-21)
(1.09047 -0.136376 1.22693e-21)
(1.09434 -0.135798 6.10887e-21)
(1.09806 -0.135184 4.72387e-21)
(1.10152 -0.134562 -2.13046e-21)
(1.10494 -0.133937 7.78294e-21)
(1.10842 -0.133304 7.57705e-21)
(1.11194 -0.132662 -2.86658e-21)
(1.11547 -0.132013 -4.34011e-21)
(1.119 -0.131359 -2.00431e-21)
(1.12253 -0.130701 9.06728e-21)
(1.12607 -0.130042 8.10197e-21)
(1.12961 -0.129381 3.83505e-21)
(1.13316 -0.12872 7.04684e-21)
(1.13671 -0.12806 1.62469e-21)
(1.14026 -0.127403 -7.3764e-21)
(1.14381 -0.126748 4.82067e-21)
(1.14735 -0.126102 2.93969e-21)
(1.1509 -0.125464 7.32095e-21)
(1.15446 -0.124831 -1.82274e-21)
(1.15801 -0.124205 -1.9882e-21)
(1.0898 -0.141022 -2.06256e-22)
(1.09385 -0.140422 -5.39953e-21)
(1.09773 -0.139783 -1.21162e-21)
(1.10132 -0.139135 8.28318e-21)
(1.10487 -0.138482 1.37936e-21)
(1.10849 -0.137819 -3.08036e-21)
(1.11214 -0.137146 8.24427e-21)
(1.1158 -0.136463 -3.95856e-21)
(1.11945 -0.135775 -1.11309e-20)
(1.1231 -0.135082 -9.14094e-21)
(1.12676 -0.134386 -1.60909e-20)
(1.13042 -0.133687 -4.21215e-21)
(1.13408 -0.132987 5.62289e-21)
(1.13774 -0.132287 3.33842e-21)
(1.1414 -0.131589 4.94541e-21)
(1.14505 -0.13089 4.65197e-21)
(1.1487 -0.130203 -6.8798e-22)
(1.15235 -0.129522 -5.49198e-21)
(1.15601 -0.128846 3.04159e-21)
(1.15966 -0.128176 -1.65625e-21)
(1.08903 -0.145725 -3.4757e-21)
(1.09327 -0.145103 6.98615e-21)
(1.09732 -0.144439 1.09031e-21)
(1.10105 -0.143764 -4.3975e-21)
(1.10474 -0.143083 -6.27794e-21)
(1.1085 -0.14239 1.46158e-21)
(1.11229 -0.141684 -3.88576e-21)
(1.11608 -0.140967 8.4124e-21)
(1.11986 -0.140243 8.02563e-21)
(1.12364 -0.139513 9.43001e-21)
(1.12742 -0.138778 7.39946e-21)
(1.13121 -0.13804 -6.58074e-21)
(1.13499 -0.137299 -1.26207e-20)
(1.13876 -0.136557 -8.51888e-21)
(1.14254 -0.135815 4.09844e-21)
(1.1463 -0.135071 -2.1086e-21)
(1.15005 -0.134339 3.72124e-21)
(1.15381 -0.133612 5.7467e-21)
(1.15758 -0.132889 -4.32212e-22)
(1.16133 -0.132172 2.1666e-21)
(1.08815 -0.150487 1.04083e-21)
(1.09259 -0.149844 -4.53026e-21)
(1.09681 -0.149155 -1.03717e-20)
(1.1007 -0.148453 -3.09253e-21)
(1.10454 -0.147744 -6.46573e-21)
(1.10844 -0.14702 2.05157e-21)
(1.11238 -0.14628 1.19902e-21)
(1.11631 -0.145528 -9.32267e-22)
(1.12023 -0.144766 4.46979e-21)
(1.12415 -0.143997 -3.93879e-21)
(1.12806 -0.143222 -1.04223e-20)
(1.13197 -0.142442 1.15346e-20)
(1.13587 -0.141658 -4.96025e-21)
(1.13977 -0.140873 1.09945e-20)
(1.14367 -0.140087 -2.91635e-21)
(1.14755 -0.139293 -4.73375e-21)
(1.1514 -0.138513 -4.11858e-21)
(1.15528 -0.137735 -1.70364e-21)
(1.15915 -0.13696 -4.23908e-22)
(1.16302 -0.136193 7.40845e-22)
(1.08716 -0.155309 1.89368e-21)
(1.09181 -0.154646 7.7985e-22)
(1.09622 -0.153932 2.62136e-21)
(1.10026 -0.153204 3.20503e-21)
(1.10425 -0.152466 1.16013e-20)
(1.10832 -0.15171 -6.0462e-21)
(1.11241 -0.150935 8.04135e-22)
(1.1165 -0.150146 9.3803e-22)
(1.12056 -0.149346 -1.36798e-20)
(1.12461 -0.148536 -9.11003e-21)
(1.12866 -0.147718 1.2779e-20)
(1.13271 -0.146894 -1.44802e-20)
(1.13674 -0.146065 1.94534e-20)
(1.14077 -0.145237 1.2884e-21)
(1.1448 -0.144407 -6.82519e-21)
(1.14879 -0.143591 8.31513e-21)
(1.15276 -0.142748 4.67547e-21)
(1.15675 -0.141902 -6.17139e-21)
(1.16074 -0.141068 -8.42494e-22)
(1.16471 -0.140245 -2.28246e-21)
(1.08604 -0.160194 4.29932e-22)
(1.09092 -0.159512 2.95832e-21)
(1.09553 -0.158774 1.02601e-20)
(1.09974 -0.158019 4.30501e-21)
(1.1039 -0.157252 -6.32742e-21)
(1.10813 -0.156463 2.91029e-21)
(1.11239 -0.155653 6.44065e-22)
(1.11663 -0.154826 -9.20575e-21)
(1.12084 -0.153986 -3.21795e-22)
(1.12504 -0.153133 1.74642e-20)
(1.12924 -0.15227 5.39158e-21)
(1.13342 -0.151398 1.20213e-20)
(1.13759 -0.150521 -1.2812e-21)
(1.14174 -0.149644 -1.05538e-20)
(1.14588 -0.148763 4.12885e-22)
(1.15001 -0.147905 1.18523e-21)
(1.15415 -0.147002 -4.27163e-21)
(1.15826 -0.146096 3.33291e-21)
(1.16235 -0.145204 -3.3692e-21)
(1.16643 -0.144322 1.9789e-21)
(1.0848 -0.165143 -1.18928e-21)
(1.08992 -0.164443 -1.26763e-21)
(1.09474 -0.163682 -1.12976e-20)
(1.09912 -0.162901 5.26874e-21)
(1.10346 -0.162105 1.16021e-21)
(1.10787 -0.161283 -1.25331e-20)
(1.1123 -0.160437 1.14353e-20)
(1.1167 -0.15957 7.3684e-21)
(1.12108 -0.158687 1.1188e-20)
(1.12544 -0.157789 -1.65664e-20)
(1.12978 -0.156879 -1.84173e-20)
(1.13411 -0.155957 -1.79207e-20)
(1.13842 -0.155027 -7.66992e-22)
(1.14271 -0.154093 9.21614e-21)
(1.14698 -0.153152 7.38607e-21)
(1.15125 -0.15221 -1.60754e-21)
(1.15553 -0.151262 -6.72883e-21)
(1.15976 -0.150312 -4.1577e-21)
(1.16397 -0.149365 3.99029e-21)
(1.16816 -0.148425 -7.467e-22)
(1.08343 -0.170159 5.03657e-22)
(1.08881 -0.169442 -6.19922e-22)
(1.09384 -0.168658 5.28658e-21)
(1.09841 -0.167852 -1.49992e-20)
(1.10293 -0.167027 6.21648e-21)
(1.10753 -0.166172 9.65463e-21)
(1.11214 -0.165288 -1.12141e-20)
(1.11672 -0.16438 -6.10687e-22)
(1.12127 -0.163453 -5.91989e-21)
(1.12579 -0.162509 1.23254e-20)
(1.1303 -0.161548 9.17306e-23)
(1.13478 -0.160573 1.5442e-20)
(1.13924 -0.159588 -5.97386e-21)
(1.14368 -0.158593 -4.17146e-21)
(1.14809 -0.157591 -5.78232e-22)
(1.15249 -0.156581 -4.41626e-23)
(1.1569 -0.155577 4.1132e-21)
(1.16126 -0.15457 8.88673e-21)
(1.16559 -0.153563 -5.63617e-22)
(1.1699 -0.152557 -2.25516e-21)
(1.08192 -0.175242 -6.76307e-22)
(1.08757 -0.17451 -1.14187e-21)
(1.09283 -0.173706 -4.42629e-21)
(1.09761 -0.172875 6.37449e-21)
(1.10232 -0.172021 -9.52289e-21)
(1.10712 -0.171132 3.17081e-21)
(1.11193 -0.170209 8.20991e-21)
(1.11669 -0.16926 -6.56873e-21)
(1.12141 -0.168288 7.07156e-21)
(1.12611 -0.167294 -1.2006e-20)
(1.13078 -0.16628 1.33968e-20)
(1.13543 -0.16525 -5.85073e-21)
(1.14004 -0.164206 -1.06988e-21)
(1.14463 -0.16315 4.70311e-21)
(1.14919 -0.162085 -7.13048e-21)
(1.15373 -0.161012 -1.52149e-20)
(1.15827 -0.159942 1.07746e-20)
(1.16277 -0.158869 -9.04229e-21)
(1.16723 -0.157793 4.46813e-21)
(1.17167 -0.156719 4.72172e-21)
(1.08027 -0.180393 -1.11349e-21)
(1.08621 -0.17965 -2.96949e-22)
(1.09172 -0.178827 1.19604e-21)
(1.0967 -0.177973 7.6316e-21)
(1.10162 -0.17709 3.12757e-21)
(1.10663 -0.176166 -1.05265e-20)
(1.11164 -0.175205 6.37482e-22)
(1.1166 -0.174213 -9.88041e-22)
(1.12151 -0.173193 -7.48607e-21)
(1.12638 -0.172147 1.72236e-20)
(1.13123 -0.171079 -7.3308e-21)
(1.13605 -0.16999 6.45734e-22)
(1.14083 -0.168885 9.59561e-22)
(1.14558 -0.167765 -1.09945e-20)
(1.15029 -0.166634 4.90703e-21)
(1.15498 -0.165493 2.7517e-21)
(1.15965 -0.164352 -9.26831e-21)
(1.16429 -0.163207 3.60162e-21)
(1.16889 -0.162059 -3.64576e-21)
(1.17345 -0.16091 -3.18535e-21)
(1.07848 -0.185615 1.454e-21)
(1.08472 -0.184863 2.05565e-22)
(1.09048 -0.184023 5.18959e-21)
(1.09568 -0.183147 -1.12959e-20)
(1.10083 -0.182235 -6.99962e-21)
(1.10606 -0.181278 1.21085e-20)
(1.11128 -0.180277 -1.12339e-20)
(1.11644 -0.179241 1.11435e-22)
(1.12155 -0.178172 1.0532e-20)
(1.12662 -0.177073 -5.37164e-21)
(1.13165 -0.175946 1.53409e-20)
(1.13665 -0.174797 1.56597e-21)
(1.1416 -0.173626 -4.42411e-21)
(1.14651 -0.172439 6.09933e-21)
(1.15138 -0.171237 6.03683e-21)
(1.15622 -0.170024 4.71249e-21)
(1.16104 -0.168808 2.422e-21)
(1.16582 -0.167587 5.89131e-21)
(1.17056 -0.16636 1.79986e-21)
(1.17526 -0.165132 -5.50764e-22)
(1.07654 -0.190908 -2.82114e-22)
(1.0831 -0.19015 -7.5837e-22)
(1.08913 -0.189296 -9.87005e-22)
(1.09456 -0.188399 8.49217e-21)
(1.09994 -0.187461 5.51465e-21)
(1.1054 -0.18647 -2.2248e-21)
(1.11085 -0.185429 3.61641e-21)
(1.11623 -0.184347 1.60019e-20)
(1.12154 -0.183227 -1.38961e-20)
(1.12681 -0.182073 1.40001e-21)
(1.13204 -0.180886 -7.72578e-21)
(1.13722 -0.179672 -6.59855e-22)
(1.14235 -0.178433 9.01791e-21)
(1.14744 -0.177174 -2.68099e-21)
(1.15248 -0.175897 -2.27987e-20)
(1.15747 -0.174608 1.2057e-20)
(1.16245 -0.173312 -8.97105e-21)
(1.16737 -0.172009 9.77374e-22)
(1.17225 -0.170699 -6.44055e-22)
(1.17709 -0.169386 2.22293e-21)
(1.07445 -0.196272 5.16394e-21)
(1.08134 -0.195514 7.78902e-22)
(1.08765 -0.194648 -2.58566e-21)
(1.09333 -0.193734 -1.11842e-20)
(1.09895 -0.19277 4.50732e-21)
(1.10466 -0.191745 -2.41377e-21)
(1.11035 -0.190664 -1.03656e-20)
(1.11595 -0.189535 5.22956e-22)
(1.12148 -0.188363 4.56397e-21)
(1.12697 -0.187151 -1.44277e-20)
(1.1324 -0.185901 -3.14207e-22)
(1.13777 -0.184619 3.4202e-21)
(1.14309 -0.183308 -1.20788e-21)
(1.14836 -0.181973 -6.53906e-21)
(1.15357 -0.180615 8.49796e-21)
(1.15873 -0.179245 -1.15801e-20)
(1.16386 -0.177866 -2.03141e-21)
(1.16894 -0.176475 -6.20741e-21)
(1.17397 -0.175075 -4.89723e-21)
(1.17895 -0.173671 -1.18033e-21)
(1.07219 -0.201708 -7.19619e-21)
(1.07943 -0.200954 -6.15381e-22)
(1.08604 -0.200081 -2.76479e-22)
(1.09198 -0.199151 1.22655e-20)
(1.09787 -0.198163 -1.30674e-20)
(1.10384 -0.197105 -5.67453e-21)
(1.10977 -0.195984 7.58234e-21)
(1.11561 -0.194809 -8.8455e-21)
(1.12137 -0.193583 4.18762e-21)
(1.12708 -0.19231 4.39445e-21)
(1.13272 -0.190994 -3.38771e-21)
(1.1383 -0.189641 -1.44447e-20)
(1.14382 -0.188254 -1.03451e-20)
(1.14928 -0.186838 4.87744e-21)
(1.15467 -0.185395 1.83298e-20)
(1.16 -0.183939 1.237e-20)
(1.16529 -0.182469 2.49342e-21)
(1.17054 -0.180985 9.81664e-22)
(1.17571 -0.17949 9.22031e-21)
(1.18083 -0.177989 1.2402e-21)
(1.06977 -0.207217 2.33595e-21)
(1.07737 -0.206472 -1.37795e-21)
(1.08429 -0.205596 4.13716e-22)
(1.09051 -0.204654 -6.11411e-21)
(1.09667 -0.203644 8.21994e-21)
(1.10292 -0.202555 7.97496e-21)
(1.10911 -0.201394 6.53162e-21)
(1.1152 -0.20017 -5.48137e-21)
(1.12121 -0.198889 1.31363e-20)
(1.12715 -0.197554 3.43431e-22)
(1.13302 -0.196169 -1.24001e-20)
(1.13881 -0.194741 8.08244e-21)
(1.14454 -0.193273 -1.06865e-20)
(1.15019 -0.191773 -9.50002e-21)
(1.15577 -0.190239 -1.50002e-20)
(1.16127 -0.188691 -1.84807e-20)
(1.16674 -0.187126 1.14062e-21)
(1.17215 -0.185542 3.1817e-21)
(1.17749 -0.183945 -8.17951e-21)
(1.18276 -0.182339 -3.00249e-21)
(1.06717 -0.212797 -5.66878e-21)
(1.07516 -0.21207 3.29352e-21)
(1.08241 -0.211195 -2.82296e-22)
(1.08891 -0.210245 4.04765e-21)
(1.09537 -0.209215 7.60084e-21)
(1.1019 -0.208096 -6.64962e-21)
(1.10837 -0.206895 4.163e-21)
(1.11473 -0.205623 1.23278e-20)
(1.12099 -0.204285 -1.10745e-20)
(1.12717 -0.202885 1.19576e-22)
(1.13328 -0.201429 2.63525e-20)
(1.1393 -0.199923 1.89125e-20)
(1.14524 -0.19837 1.6151e-20)
(1.15111 -0.196779 2.72902e-20)
(1.15687 -0.195148 -1.20504e-20)
(1.16256 -0.193503 1.10536e-20)
(1.16821 -0.191836 -2.08179e-22)
(1.17379 -0.190146 -1.73521e-21)
(1.17929 -0.18844 -1.13176e-21)
(1.18471 -0.186723 4.07941e-21)
(1.0644 -0.21845 -1.3618e-21)
(1.07278 -0.217746 -2.67165e-21)
(1.08038 -0.21688 5.41882e-22)
(1.08719 -0.215925 -1.10859e-21)
(1.09396 -0.214879 -5.76221e-21)
(1.10079 -0.213732 3.95162e-21)
(1.10755 -0.212492 -8.35202e-21)
(1.11419 -0.211171 -9.5425e-21)
(1.12072 -0.209775 7.99216e-21)
(1.12716 -0.208308 8.85426e-21)
(1.13351 -0.206777 -1.30913e-20)
(1.13977 -0.205189 -3.26793e-20)
(1.14594 -0.203547 1.021e-20)
(1.15202 -0.201862 -1.64018e-20)
(1.15799 -0.200127 5.15564e-21)
(1.16387 -0.198378 -1.30889e-20)
(1.16971 -0.196603 8.46028e-21)
(1.17547 -0.194799 2.91981e-21)
(1.18113 -0.192976 2.75127e-21)
(1.18671 -0.19114 -2.76578e-21)
(1.07821 -0.222651 -1.17974e-22)
(1.08534 -0.221697 -6.18581e-21)
(1.09243 -0.220639 1.97447e-21)
(1.09958 -0.219465 4.56368e-21)
(1.10665 -0.218187 1.27764e-20)
(1.11357 -0.216818 1.61329e-21)
(1.12039 -0.215362 -9.1208e-21)
(1.1271 -0.213827 5.0748e-21)
(1.13371 -0.212218 -2.30604e-21)
(1.14022 -0.210544 1.70901e-20)
(1.14663 -0.208809 -2.58835e-21)
(1.15294 -0.207024 8.22574e-21)
(1.15912 -0.205178 1.67607e-20)
(1.16519 -0.203322 4.91961e-21)
(1.17123 -0.201429 2.44994e-21)
(1.17717 -0.199503 7.51931e-21)
(1.18301 -0.197555 -5.37397e-21)
(1.18876 -0.195592 1.03855e-21)
(1.08335 -0.227562 3.60474e-21)
(1.09078 -0.226496 2.59223e-21)
(1.09827 -0.225299 -8.9922e-21)
(1.10566 -0.223985 -1.42702e-20)
(1.11289 -0.222567 -6.51782e-21)
(1.12 -0.221051 2.03119e-20)
(1.127 -0.219444 -6.49828e-21)
(1.13388 -0.217755 3.2425e-21)
(1.14066 -0.215992 -4.94986e-21)
(1.14731 -0.21416 -2.87016e-20)
(1.15386 -0.212269 3.15144e-21)
(1.16027 -0.210306 -1.28905e-21)
(1.16654 -0.208333 9.15928e-21)
(1.17278 -0.206313 -6.86846e-21)
(1.17892 -0.204257 -1.21168e-20)
(1.18494 -0.202177 8.16836e-22)
(1.19086 -0.200079 -3.5959e-21)
(1.09685 -0.231237 1.91195e-20)
(1.10458 -0.229889 -7.63596e-21)
(1.11213 -0.228422 7.43415e-21)
(1.11955 -0.226845 -1.09239e-20)
(1.12685 -0.225164 -3.52695e-21)
(1.13402 -0.223391 6.07358e-21)
(1.14107 -0.221534 -1.4546e-20)
(1.14799 -0.219605 1.21881e-20)
(1.1548 -0.217607 8.36692e-21)
(1.16143 -0.215511 8.26033e-21)
(1.16792 -0.213414 -1.78585e-20)
(1.17438 -0.211254 6.19045e-21)
(1.18071 -0.209061 2.76321e-21)
(1.18692 -0.206843 2.32163e-21)
(1.19301 -0.2046 6.16892e-21)
(1.1113 -0.234388 1.79429e-20)
(1.11905 -0.232749 -1.32852e-20)
(1.12667 -0.230992 -3.28908e-20)
(1.13414 -0.229131 -1.92105e-20)
(1.14147 -0.227174 7.20369e-21)
(1.14865 -0.225146 -9.85915e-21)
(1.15574 -0.22304 -2.37491e-20)
(1.16258 -0.220988 -3.03e-21)
(1.16931 -0.218658 1.54189e-20)
(1.17601 -0.216291 -5.40115e-21)
(1.18255 -0.213934 1.15857e-20)
(1.18895 -0.211559 -5.03086e-22)
(1.19522 -0.209159 -2.41394e-21)
(1.11849 -0.238766 -7.74329e-21)
(1.12644 -0.236931 2.23019e-20)
(1.13423 -0.234978 1.53151e-20)
(1.14185 -0.232916 1.40364e-20)
(1.14931 -0.230772 8.43696e-21)
(1.15657 -0.228536 -8.60161e-21)
(1.16374 -0.226339 -2.44141e-21)
(1.17088 -0.223873 4.67937e-21)
(1.17775 -0.221366 1.69931e-20)
(1.18446 -0.218854 -1.7736e-20)
(1.19104 -0.216316 -5.8979e-21)
(1.19749 -0.213751 -8.81625e-22)
(1.13429 -0.240938 -1.87783e-20)
(1.14223 -0.238764 -1.4333e-21)
(1.15 -0.236486 2.01262e-20)
(1.15756 -0.234098 -2.24582e-21)
(1.16502 -0.231597 -3.16976e-20)
(1.17237 -0.229085 -1.10956e-20)
(1.17948 -0.226486 -3.33576e-20)
(1.18641 -0.223823 -5.55653e-21)
(1.1932 -0.221116 8.51952e-21)
(1.19984 -0.218377 -1.89102e-21)
(1.15856 -0.239777 9.52129e-21)
(1.16629 -0.237143 5.52799e-21)
(1.17389 -0.234465 1.92267e-21)
(1.18126 -0.231698 2.91982e-20)
(1.18842 -0.228857 1.76776e-21)
(1.19543 -0.225967 3.88642e-22)
(1.20226 -0.223041 6.44516e-21)
(1.1831 -0.236977 -2.50044e-20)
(1.19051 -0.23395 -1.18931e-20)
(1.19773 -0.230867 -1.01596e-20)
(1.20477 -0.227743 -6.05147e-21)
(1.19918 -0.092005 -2.59292e-20)
(1.20193 -0.0916665 2.4269e-20)
(1.20491 -0.0918908 -7.73788e-21)
(1.18742 -0.0964774 2.15864e-20)
(1.19038 -0.0962236 1.01145e-20)
(1.19332 -0.0959739 6.06767e-21)
(1.19626 -0.095755 -2.89939e-21)
(1.19916 -0.0955044 2.02692e-20)
(1.2021 -0.0953687 3.23193e-20)
(1.20492 -0.0950012 -1.85372e-20)
(1.20799 -0.0952255 2.3252e-20)
(1.17163 -0.101897 8.74666e-21)
(1.17471 -0.10154 4.62637e-22)
(1.17779 -0.101195 -7.15512e-21)
(1.18086 -0.100863 -1.98198e-20)
(1.18392 -0.100543 1.37769e-21)
(1.18697 -0.100237 5.70689e-21)
(1.19001 -0.0999413 -2.36284e-20)
(1.19304 -0.0996622 7.66122e-21)
(1.19606 -0.0993873 1.23475e-20)
(1.19907 -0.099145 3.03012e-20)
(1.20205 -0.0988689 -3.38025e-20)
(1.20507 -0.0987146 -1.1385e-21)
(1.20797 -0.0983157 1.08282e-20)
(1.21112 -0.0985381 8.7386e-21)
(1.15471 -0.108102 -1.60067e-22)
(1.1579 -0.107646 -3.02365e-23)
(1.16108 -0.1072 -1.68916e-21)
(1.16426 -0.106765 -2.18358e-21)
(1.16744 -0.106341 -2.98872e-21)
(1.17061 -0.105929 -3.02335e-21)
(1.17378 -0.10553 -1.40489e-20)
(1.17695 -0.105142 1.24311e-21)
(1.1801 -0.104768 -8.98762e-21)
(1.18325 -0.104406 6.7698e-21)
(1.18639 -0.104056 -8.23995e-21)
(1.18952 -0.103721 -1.19926e-20)
(1.19264 -0.103397 -1.26377e-21)
(1.19575 -0.103091 -3.36154e-20)
(1.19884 -0.102788 -3.94035e-20)
(1.20194 -0.10252 1.71639e-21)
(1.20499 -0.102216 -1.62748e-20)
(1.20809 -0.102041 -9.99972e-21)
(1.21106 -0.101608 -9.92276e-21)
(1.21429 -0.101826 -3.84656e-20)
(1.1564 -0.111943 1.45571e-21)
(1.15967 -0.111452 -1.25154e-21)
(1.16293 -0.110972 2.49832e-21)
(1.1662 -0.110504 -1.51638e-21)
(1.16946 -0.110046 2.27801e-21)
(1.17272 -0.109601 1.80405e-21)
(1.17597 -0.109168 1.0051e-20)
(1.17921 -0.108748 6.99921e-21)
(1.18245 -0.108341 1.26936e-20)
(1.18568 -0.107947 1.06715e-20)
(1.1889 -0.107566 -5.06113e-21)
(1.19211 -0.107199 -1.02909e-20)
(1.19531 -0.106844 -1.37286e-21)
(1.1985 -0.106507 2.56519e-20)
(1.20167 -0.106175 1.95528e-20)
(1.20484 -0.105879 -1.41961e-20)
(1.20797 -0.105544 2.94894e-20)
(1.21115 -0.105346 -6.12981e-22)
(1.21419 -0.104877 2.08068e-20)
(1.21751 -0.105088 5.57299e-20)
(1.1581 -0.115803 -1.6634e-21)
(1.16146 -0.115277 1.61889e-21)
(1.16481 -0.11476 5.15394e-21)
(1.16816 -0.114255 -2.02741e-21)
(1.17151 -0.113762 5.84299e-21)
(1.17485 -0.113281 -3.45446e-21)
(1.17819 -0.112812 -3.90485e-21)
(1.18151 -0.112356 -2.80885e-20)
(1.18483 -0.111914 -1.28435e-20)
(1.18814 -0.111485 -1.0558e-20)
(1.19144 -0.111069 -3.43905e-21)
(1.19473 -0.110669 1.79962e-20)
(1.19801 -0.11028 1.57013e-20)
(1.20128 -0.109911 1.21085e-20)
(1.20453 -0.109545 -1.07265e-20)
(1.20778 -0.109219 -1.23995e-20)
(1.21099 -0.108851 6.14623e-21)
(1.21425 -0.108627 3.30524e-20)
(1.21736 -0.108118 -9.29575e-21)
(1.22077 -0.10832 -3.01114e-20)
(1.15982 -0.119685 3.38774e-21)
(1.16327 -0.119119 -1.92444e-21)
(1.16671 -0.118564 -3.94923e-22)
(1.17015 -0.11802 7.34623e-21)
(1.17359 -0.117488 2.37281e-21)
(1.17701 -0.116968 2.33716e-21)
(1.18043 -0.116461 3.67395e-21)
(1.18385 -0.115967 2.77951e-20)
(1.18725 -0.115486 -8.9467e-21)
(1.19064 -0.11502 5.07374e-21)
(1.19402 -0.114567 1.69757e-20)
(1.1974 -0.11413 -1.54344e-20)
(1.20076 -0.113705 -1.98723e-20)
(1.2041 -0.1133 -2.90895e-20)
(1.20743 -0.112898 2.15192e-20)
(1.21076 -0.112538 2.55916e-20)
(1.21405 -0.112134 1.01018e-20)
(1.21738 -0.111881 -3.22228e-20)
(1.22058 -0.111331 2.95867e-20)
(1.22406 -0.111521 1.12091e-21)
(1.16156 -0.123588 -3.24672e-21)
(1.1651 -0.122981 1.7511e-21)
(1.16863 -0.122384 -8.81857e-21)
(1.17216 -0.121799 -4.33256e-21)
(1.17569 -0.121225 -7.01105e-21)
(1.1792 -0.120663 1.20227e-20)
(1.18271 -0.120114 -1.28545e-21)
(1.18621 -0.119579 -1.50938e-20)
(1.1897 -0.119057 -1.10667e-20)
(1.19317 -0.11855 -1.46879e-20)
(1.19664 -0.118057 1.62331e-21)
(1.20009 -0.11758 3.48943e-20)
(1.20353 -0.117116 1.3515e-20)
(1.20696 -0.116672 4.06839e-20)
(1.21037 -0.116232 -3.28511e-20)
(1.21378 -0.115835 -3.98705e-20)
(1.21714 -0.115391 1.58245e-20)
(1.22056 -0.115107 -3.7329e-20)
(1.22382 -0.114512 -6.04276e-20)
(1.22739 -0.114685 -1.63077e-20)
(1.16331 -0.127514 -3.05669e-22)
(1.16695 -0.126862 -2.83671e-21)
(1.17058 -0.126221 6.23285e-21)
(1.1742 -0.12559 3.18947e-22)
(1.17782 -0.124971 -6.20851e-21)
(1.18142 -0.124365 -8.82043e-21)
(1.18502 -0.123771 7.53e-21)
(1.1886 -0.123192 -1.17251e-20)
(1.19218 -0.122626 6.57327e-21)
(1.19574 -0.122075 4.09026e-20)
(1.19929 -0.121538 -2.0953e-21)
(1.20283 -0.121018 2.03268e-21)
(1.20635 -0.120511 1.64253e-20)
(1.20986 -0.120025 -2.13474e-21)
(1.21335 -0.119543 1.58896e-20)
(1.21683 -0.119106 -7.39874e-21)
(1.22027 -0.11862 -5.44749e-20)
(1.22377 -0.118301 8.37304e-21)
(1.22711 -0.117658 5.61039e-20)
(1.23076 -0.117812 2.78423e-22)
(1.16508 -0.131463 3.69783e-21)
(1.16881 -0.130763 2.22311e-22)
(1.17254 -0.130073 -6.47961e-21)
(1.17626 -0.129395 -6.24042e-21)
(1.17997 -0.128728 3.49437e-21)
(1.18367 -0.128073 -5.99604e-21)
(1.18735 -0.127432 1.34421e-21)
(1.19103 -0.126804 2.59967e-20)
(1.19469 -0.126191 1.58353e-20)
(1.19834 -0.125592 -1.9733e-20)
(1.20197 -0.125008 -2.3212e-20)
(1.20559 -0.124442 -3.07081e-20)
(1.2092 -0.123888 -2.4079e-20)
(1.21279 -0.123357 -1.66757e-20)
(1.21635 -0.122829 -7.27956e-21)
(1.21992 -0.122349 3.28677e-20)
(1.22344 -0.121818 2.90211e-20)
(1.22701 -0.12146 -1.31546e-20)
(1.23042 -0.120766 -8.21397e-20)
(1.23415 -0.120896 6.23861e-20)
(1.16687 -0.135434 -1.381e-21)
(1.1707 -0.134683 6.00548e-23)
(1.17453 -0.133942 2.83309e-21)
(1.17835 -0.133212 5.68278e-21)
(1.18215 -0.132493 7.78129e-21)
(1.18594 -0.131787 2.46106e-21)
(1.18972 -0.131094 -1.91666e-20)
(1.19348 -0.130415 1.17721e-20)
(1.19723 -0.12975 -2.56629e-20)
(1.20097 -0.129101 2.28785e-20)
(1.20469 -0.128466 1.06082e-20)
(1.20839 -0.127849 -1.28805e-20)
(1.21208 -0.127246 7.093e-21)
(1.21575 -0.126666 -8.99859e-21)
(1.2194 -0.126089 -9.87858e-21)
(1.22304 -0.125562 3.83451e-20)
(1.22663 -0.124981 2.54454e-20)
(1.23028 -0.12458 9.47825e-20)
(1.23377 -0.123833 5.51174e-20)
(1.23758 -0.123934 -1.41525e-20)
(1.16867 -0.13943 -3.52171e-21)
(1.17261 -0.138624 8.40939e-22)
(1.17654 -0.137827 7.32205e-21)
(1.18046 -0.137042 -6.59731e-21)
(1.18436 -0.136267 -1.1922e-20)
(1.18824 -0.135506 1.12483e-20)
(1.19211 -0.134757 -3.24729e-21)
(1.19597 -0.134023 -3.92861e-20)
(1.19981 -0.133303 3.4606e-20)
(1.20363 -0.132598 -3.39682e-20)
(1.20744 -0.131909 2.74177e-20)
(1.21122 -0.131238 4.43611e-20)
(1.21499 -0.130581 -6.23621e-21)
(1.21875 -0.129948 -5.89941e-22)
(1.22247 -0.129318 2.85367e-20)
(1.2262 -0.12874 -7.0791e-20)
(1.22986 -0.128106 -2.28834e-20)
(1.23359 -0.127659 -2.21409e-20)
(1.23714 -0.126855 -1.25829e-20)
(1.24104 -0.126922 -4.66768e-20)
(1.17049 -0.143449 3.25423e-21)
(1.17454 -0.142584 -1.9461e-21)
(1.17857 -0.141728 -4.35085e-21)
(1.18259 -0.140883 6.69538e-21)
(1.18659 -0.14005 -3.24616e-21)
(1.19058 -0.139228 1.11537e-21)
(1.19454 -0.13842 1.98243e-20)
(1.19849 -0.137626 1.6947e-21)
(1.20242 -0.136847 -2.82462e-20)
(1.20633 -0.136084 -1.28682e-20)
(1.21022 -0.135336 -5.16311e-20)
(1.21409 -0.134606 4.3193e-22)
(1.21794 -0.133891 1.27924e-21)
(1.22177 -0.133201 -3.08922e-21)
(1.22558 -0.132514 -1.61098e-20)
(1.22938 -0.131881 3.90758e-20)
(1.23312 -0.13119 -3.60923e-20)
(1.23692 -0.130693 -1.12348e-19)
(1.24055 -0.129829 -5.35681e-20)
(1.24452 -0.129857 -2.4395e-20)
(1.17233 -0.14749 -1.4309e-21)
(1.17649 -0.146563 1.47096e-21)
(1.18063 -0.145645 4.78927e-21)
(1.18475 -0.144736 9.58614e-21)
(1.18886 -0.143839 1.55102e-21)
(1.19294 -0.142954 -1.06978e-20)
(1.197 -0.142082 -1.83918e-20)
(1.20104 -0.141224 2.29482e-21)
(1.20506 -0.140381 4.06802e-20)
(1.20906 -0.139554 4.9523e-20)
(1.21304 -0.138743 4.79135e-20)
(1.21699 -0.137951 -3.58156e-20)
(1.22092 -0.137173 6.44345e-21)
(1.22484 -0.136422 2.3377e-20)
(1.22872 -0.135673 7.03516e-20)
(1.2326 -0.134981 -6.15782e-21)
(1.23641 -0.134229 -5.2281e-20)
(1.24029 -0.133677 1.34542e-19)
(1.24399 -0.13275 1.4951e-20)
(1.24804 -0.132734 5.60949e-20)
(1.1742 -0.151557 -1.09411e-22)
(1.17847 -0.150563 9.16495e-22)
(1.18272 -0.149577 -1.12496e-20)
(1.18694 -0.148601 -6.04462e-21)
(1.19115 -0.147635 -1.08788e-21)
(1.19533 -0.146682 1.04028e-21)
(1.19949 -0.145741 1.02195e-20)
(1.20362 -0.144815 1.09901e-20)
(1.20774 -0.143903 -3.58668e-20)
(1.21182 -0.143008 -6.43174e-22)
(1.21589 -0.142129 -3.53917e-20)
(1.21993 -0.141269 1.92941e-20)
(1.22394 -0.140425 3.65752e-21)
(1.22794 -0.139607 -2.82244e-20)
(1.23189 -0.138793 -5.39198e-20)
(1.23585 -0.138036 -4.59023e-20)
(1.23973 -0.13722 1.39673e-19)
(1.24369 -0.136608 -6.75868e-20)
(1.24745 -0.135616 4.55812e-21)
(1.25159 -0.135548 1.23209e-20)
(1.17608 -0.155647 1.4866e-21)
(1.18047 -0.154582 1.44581e-21)
(1.18483 -0.153524 1.11934e-20)
(1.18916 -0.152475 -1.44258e-20)
(1.19347 -0.151437 2.30597e-20)
(1.19776 -0.15041 1.34569e-20)
(1.20201 -0.149396 2.3422e-20)
(1.20624 -0.148396 7.63354e-23)
(1.21045 -0.147411 1.35508e-20)
(1.21463 -0.146443 -3.44224e-20)
(1.21878 -0.145491 3.68463e-20)
(1.2229 -0.144559 -2.66349e-20)
(1.22699 -0.143643 2.67339e-20)
(1.23107 -0.142753 -3.92592e-20)
(1.2351 -0.141869 -1.89722e-20)
(1.23913 -0.141043 6.971e-20)
(1.24309 -0.140158 -5.9903e-20)
(1.24712 -0.139481 6.9275e-20)
(1.25095 -0.138421 2.41511e-20)
(1.25517 -0.138296 -9.30726e-20)
(1.17799 -0.159763 -8.60236e-22)
(1.18249 -0.158622 4.5528e-21)
(1.18697 -0.157487 -3.95635e-21)
(1.19142 -0.15636 1.23445e-20)
(1.19583 -0.155243 -4.87568e-21)
(1.20022 -0.154137 -5.88277e-21)
(1.20458 -0.153044 -1.32655e-20)
(1.2089 -0.151966 -3.30126e-21)
(1.2132 -0.150902 3.6178e-22)
(1.21746 -0.149855 1.82588e-20)
(1.2217 -0.148826 -5.10598e-20)
(1.22591 -0.147816 2.45623e-20)
(1.23008 -0.146824 4.47507e-21)
(1.23424 -0.145858 -6.6408e-21)
(1.23834 -0.144899 6.78621e-20)
(1.24245 -0.143998 -2.36645e-20)
(1.24648 -0.143041 -8.43667e-20)
(1.25059 -0.142293 -1.5035e-20)
(1.25448 -0.141164 4.53085e-21)
(1.2588 -0.140973 7.79173e-20)
(1.17992 -0.163905 -2.10896e-21)
(1.18455 -0.162681 -8.57287e-21)
(1.18914 -0.161464 -8.12721e-21)
(1.1937 -0.160253 -3.60696e-21)
(1.19823 -0.159053 -2.24427e-20)
(1.20272 -0.157863 -9.95776e-21)
(1.20717 -0.156686 -1.34168e-20)
(1.2116 -0.155522 9.61545e-21)
(1.21599 -0.154375 -1.70859e-21)
(1.22034 -0.153244 -2.31388e-21)
(1.22467 -0.152132 1.61747e-20)
(1.22896 -0.151038 -3.85188e-20)
(1.23321 -0.149964 -1.05556e-21)
(1.23744 -0.148916 5.72268e-20)
(1.24163 -0.147878 -7.85339e-20)
(1.24581 -0.146897 6.20087e-20)
(1.24991 -0.145865 1.30939e-19)
(1.2541 -0.145039 -1.02459e-19)
(1.25805 -0.143839 -3.3481e-20)
(1.26246 -0.143574 -1.57282e-20)
(1.18188 -0.168072 3.45851e-21)
(1.18664 -0.166761 7.86741e-22)
(1.19135 -0.165455 -8.54586e-22)
(1.19602 -0.164155 1.25417e-20)
(1.20066 -0.162864 -3.24638e-21)
(1.20526 -0.161584 3.99132e-20)
(1.20982 -0.160317 3.88307e-21)
(1.21434 -0.159064 -1.74981e-20)
(1.21882 -0.157827 -7.69878e-22)
(1.22326 -0.156605 -1.86832e-20)
(1.22767 -0.155405 -3.52467e-21)
(1.23205 -0.154221 5.20268e-20)
(1.23638 -0.153061 -6.95312e-20)
(1.24069 -0.151924 -2.04263e-20)
(1.24495 -0.150804 1.36941e-20)
(1.24921 -0.149735 -4.59873e-20)
(1.25338 -0.148625 -1.10063e-19)
(1.25765 -0.147715 1.14128e-20)
(1.26167 -0.146445 1.02764e-19)
(1.26618 -0.146094 -6.68149e-21)
(1.18387 -0.172265 -1.56993e-21)
(1.18876 -0.17086 5.25854e-21)
(1.19359 -0.169459 8.35901e-21)
(1.19839 -0.168064 3.07921e-21)
(1.20313 -0.166677 1.80101e-20)
(1.20784 -0.165301 -1.65255e-20)
(1.2125 -0.163937 1.5043e-20)
(1.21712 -0.162587 6.471e-22)
(1.22169 -0.161255 -5.03823e-21)
(1.22623 -0.159937 6.02185e-22)
(1.23073 -0.158642 4.39638e-20)
(1.23518 -0.157362 -1.54777e-20)
(1.2396 -0.156112 -6.65288e-21)
(1.24398 -0.154879 6.26788e-20)
(1.24832 -0.153673 1.216e-20)
(1.25265 -0.152509 -3.85218e-20)
(1.25689 -0.151321 1.60337e-19)
(1.26125 -0.150315 6.65662e-20)
(1.26534 -0.148978 5.3736e-20)
(1.26997 -0.148525 1.13014e-19)
(1.1859 -0.176484 1.37034e-21)
(1.19091 -0.174978 -1.09776e-20)
(1.19588 -0.173476 -7.54739e-22)
(1.20079 -0.171979 -3.78165e-21)
(1.20565 -0.17049 -1.85312e-20)
(1.21046 -0.16901 -3.33596e-20)
(1.21523 -0.167544 -8.38464e-21)
(1.21994 -0.166091 1.96026e-20)
(1.22462 -0.164656 3.87145e-20)
(1.22924 -0.163235 8.72484e-21)
(1.23382 -0.161841 -1.32453e-20)
(1.23836 -0.160458 -1.75808e-20)
(1.24286 -0.159112 3.90441e-20)
(1.24731 -0.157776 -3.98648e-20)
(1.25174 -0.156482 4.47784e-20)
(1.25614 -0.155215 1.36065e-19)
(1.26047 -0.153948 -1.99618e-19)
(1.26491 -0.152836 2.02897e-20)
(1.26908 -0.151435 -1.08009e-19)
(1.27381 -0.150858 -1.9711e-20)
(1.18796 -0.180728 -3.73867e-21)
(1.19311 -0.179116 9.59532e-21)
(1.19821 -0.177505 -4.25513e-21)
(1.20324 -0.175899 -2.60122e-21)
(1.20822 -0.1743 3.00813e-20)
(1.21314 -0.172711 2.65475e-20)
(1.21801 -0.171135 1.84646e-20)
(1.22282 -0.169571 2.13833e-20)
(1.22759 -0.168028 -1.64632e-20)
(1.2323 -0.166498 3.56137e-20)
(1.23697 -0.164998 -3.57382e-21)
(1.24158 -0.163506 -5.08991e-20)
(1.24618 -0.16206 2.55429e-20)
(1.2507 -0.160614 -4.01592e-20)
(1.25522 -0.159229 -5.97153e-20)
(1.25969 -0.157849 -8.21036e-20)
(1.26412 -0.156506 1.04442e-19)
(1.26863 -0.15527 -1.06582e-20)
(1.27289 -0.153811 -5.82025e-20)
(1.27772 -0.15308 -8.63388e-20)
(1.19007 -0.184999 4.75501e-21)
(1.19536 -0.183272 1.81143e-21)
(1.20058 -0.181545 1.98648e-21)
(1.20574 -0.179823 5.02602e-24)
(1.21083 -0.178107 -1.70884e-20)
(1.21586 -0.1764 2.13238e-20)
(1.22084 -0.174708 -1.19156e-20)
(1.22575 -0.173027 -3.41205e-20)
(1.23062 -0.171369 -5.17417e-20)
(1.23541 -0.169722 -7.22821e-20)
(1.24018 -0.168111 -2.21892e-21)
(1.24487 -0.166502 4.19867e-20)
(1.24955 -0.164953 -6.046e-20)
(1.25414 -0.163388 -2.60779e-20)
(1.25876 -0.161914 5.41828e-20)
(1.2633 -0.160407 -9.10461e-20)
(1.26784 -0.158992 -9.11185e-20)
(1.27242 -0.15761 7.00879e-20)
(1.27678 -0.1561 1.17202e-19)
(1.28167 -0.15517 -7.1888e-20)
(1.19222 -0.189296 -2.3026e-21)
(1.19765 -0.187446 -3.42294e-21)
(1.20301 -0.185596 -3.80938e-21)
(1.20829 -0.183749 -1.21828e-20)
(1.2135 -0.181909 2.01289e-20)
(1.21865 -0.180077 -7.7376e-21)
(1.22373 -0.17826 -1.16782e-20)
(1.22874 -0.176455 -2.22879e-20)
(1.2337 -0.174675 8.5308e-20)
(1.23859 -0.172905 3.5343e-20)
(1.24345 -0.171177 -2.93557e-20)
(1.24821 -0.169445 -3.24393e-20)
(1.253 -0.167789 4.31093e-20)
(1.25765 -0.166096 5.64084e-20)
(1.2624 -0.164533 -3.53696e-20)
(1.26699 -0.162883 7.47942e-20)
(1.27167 -0.161402 1.08445e-20)
(1.27627 -0.159843 -1.76965e-19)
(1.28075 -0.158292 -7.78423e-20)
(1.28563 -0.157105 -6.38031e-21)
(1.19442 -0.193618 1.93962e-21)
(1.19999 -0.191638 5.98956e-21)
(1.20549 -0.189656 -9.37679e-21)
(1.2109 -0.187676 -2.5037e-21)
(1.21623 -0.185703 -9.06594e-21)
(1.22149 -0.183739 -2.99831e-20)
(1.22668 -0.18179 -1.64061e-20)
(1.23179 -0.179853 8.85211e-21)
(1.23685 -0.177944 -4.49489e-20)
(1.24182 -0.176044 6.1323e-21)
(1.24678 -0.174193 -2.19687e-20)
(1.25162 -0.172332 4.09511e-20)
(1.25652 -0.170566 -1.04504e-20)
(1.26124 -0.168736 -8.14752e-20)
(1.26612 -0.167085 -4.55149e-20)
(1.27074 -0.165272 -2.76217e-20)
(1.27559 -0.163731 2.01165e-19)
(1.28017 -0.161955 5.69561e-20)
(1.19667 -0.197967 -4.54875e-21)
(1.2024 -0.195847 -1.27577e-21)
(1.20803 -0.193724 1.53536e-20)
(1.21357 -0.191603 1.01666e-20)
(1.21903 -0.189489 -1.38672e-20)
(1.2244 -0.187383 1.99744e-21)
(1.2297 -0.185294 4.082e-20)
(1.23491 -0.183219 6.46003e-20)
(1.24007 -0.181173 1.06558e-20)
(1.24513 -0.179137 -8.85223e-21)
(1.25019 -0.177158 2.60647e-20)
(1.25511 -0.175162 -9.00097e-20)
(1.26014 -0.173282 3.33943e-20)
(1.26491 -0.171306 9.94694e-20)
(1.26996 -0.169564 8.77249e-20)
(1.27457 -0.167566 -4.74118e-20)
(1.27961 -0.165971 -1.31611e-19)
(1.19899 -0.202341 6.91814e-21)
(1.20486 -0.200072 -3.03407e-21)
(1.21064 -0.197799 -3.46345e-21)
(1.21631 -0.195528 -8.05112e-21)
(1.22189 -0.193263 2.77783e-20)
(1.22738 -0.191008 -1.53543e-20)
(1.23278 -0.188771 -6.39653e-20)
(1.2381 -0.18655 -2.7955e-20)
(1.24336 -0.18436 3.6088e-20)
(1.24851 -0.182184 -1.34177e-20)
(1.25369 -0.180069 9.73481e-21)
(1.25868 -0.177934 4.34604e-20)
(1.26386 -0.175932 -4.09124e-20)
(1.26866 -0.173802 6.02845e-20)
(1.2739 -0.171964 -2.00215e-19)
(1.20136 -0.206741 -3.91395e-21)
(1.20739 -0.204313 9.91755e-22)
(1.21331 -0.201881 -1.55579e-20)
(1.21912 -0.199449 7.40524e-21)
(1.22483 -0.197025 -2.37698e-20)
(1.23043 -0.194612 5.14623e-21)
(1.23595 -0.192218 4.8211e-20)
(1.24137 -0.189844 2.10789e-20)
(1.24674 -0.187505 -1.86799e-20)
(1.25199 -0.185182 6.05848e-20)
(1.25729 -0.182925 1.16014e-19)
(1.26236 -0.180647 6.1381e-20)
(1.26768 -0.178512 -1.01427e-19)
(1.20381 -0.211166 1.85678e-21)
(1.21 -0.208569 6.2352e-21)
(1.21607 -0.205966 2.328e-20)
(1.22201 -0.203365 -2.42361e-20)
(1.22784 -0.200772 -7.64196e-21)
(1.23357 -0.198193 4.02945e-21)
(1.2392 -0.195635 1.84442e-20)
(1.24473 -0.193101 -2.13088e-20)
(1.25022 -0.190604 -3.56137e-20)
(1.25557 -0.188131 -4.6621e-20)
(1.261 -0.185722 -8.01861e-20)
(1.26615 -0.183295 3.44524e-20)
(1.20634 -0.215615 -5.27042e-21)
(1.21269 -0.212838 -1.00584e-20)
(1.2189 -0.210055 7.78293e-21)
(1.22499 -0.207275 4.67847e-20)
(1.23095 -0.204503 1.76028e-20)
(1.2368 -0.201749 5.7468e-20)
(1.24256 -0.199019 4.22391e-21)
(1.2482 -0.196319 -4.62637e-20)
(1.25381 -0.193657 3.10574e-21)
(1.25927 -0.191026 5.96674e-20)
(1.20894 -0.22009 6.8464e-21)
(1.21546 -0.217122 -2.53292e-22)
(1.22183 -0.214148 -2.78502e-21)
(1.22806 -0.211177 -4.18495e-20)
(1.23416 -0.208218 -3.06771e-21)
(1.24014 -0.205281 -9.93058e-21)
(1.24602 -0.202371 -1.88909e-20)
(1.21163 -0.22459 -4.15771e-21)
(1.21833 -0.22142 1.16973e-20)
(1.22486 -0.218244 1.53835e-20)
(1.23124 -0.215073 3.58356e-20)
(1.21343 -0.0876271 0)
(1.2239 -0.0799352 0)
(1.23295 -0.0721803 0)
(1.24128 -0.0641678 0)
(1.24849 -0.0560359 0)
(1.25447 -0.0479821 0)
(1.21673 -0.0906959 0)
(1.22723 -0.0826118 0)
(1.23628 -0.0744949 0)
(1.2446 -0.0661235 0)
(1.25178 -0.0576572 0)
(1.25768 -0.0492968 0)
(1.22009 -0.0937311 0)
(1.23059 -0.0852492 0)
(1.23963 -0.076765 0)
(1.24795 -0.0680318 0)
(1.25508 -0.0592317 0)
(1.2609 -0.0505667 0)
(1.2235 -0.0967303 0)
(1.23398 -0.0878458 0)
(1.243 -0.078989 0)
(1.25132 -0.069892 0)
(1.25838 -0.0607593 0)
(1.26412 -0.0517916 0)
(1.22695 -0.0996913 0)
(1.2374 -0.0904001 0)
(1.2464 -0.0811656 0)
(1.2547 -0.0717032 0)
(1.2617 -0.0622395 0)
(1.26734 -0.0529715 0)
(1.23044 -0.102612 0)
(1.24084 -0.0929105 0)
(1.24981 -0.0832931 0)
(1.25808 -0.0734648 0)
(1.265 -0.0636722 0)
(1.27056 -0.0541063 0)
(1.23398 -0.105489 0)
(1.2443 -0.0953753 0)
(1.25323 -0.0853703 0)
(1.26147 -0.0751763 0)
(1.26831 -0.0650572 0)
(1.27376 -0.0551963 0)
(1.23755 -0.10832 0)
(1.24777 -0.097793 0)
(1.25666 -0.0873956 0)
(1.26485 -0.0768372 0)
(1.2716 -0.0663945 0)
(1.27694 -0.0562416 0)
(1.24115 -0.111104 0)
(1.25126 -0.100162 0)
(1.26009 -0.0893679 0)
(1.26823 -0.0784472 0)
(1.27488 -0.0676843 0)
(1.28011 -0.0572428 0)
(1.24478 -0.113838 0)
(1.25475 -0.10248 0)
(1.26352 -0.091286 0)
(1.2716 -0.0800064 0)
(1.27815 -0.0689268 0)
(1.28327 -0.0582003 0)
(1.24844 -0.11652 0)
(1.25825 -0.104747 0)
(1.26696 -0.0931489 0)
(1.27497 -0.0815149 0)
(1.28141 -0.0701226 0)
(1.28641 -0.0591149 0)
(1.25213 -0.119148 0)
(1.26175 -0.10696 0)
(1.27039 -0.0949561 0)
(1.27833 -0.0829731 0)
(1.28465 -0.0712721 0)
(1.28953 -0.0599873 0)
(1.25584 -0.12172 0)
(1.26526 -0.109118 0)
(1.27382 -0.096707 0)
(1.28168 -0.0843814 0)
(1.28788 -0.0723763 0)
(1.29264 -0.0608183 0)
(1.25958 -0.124235 0)
(1.26878 -0.111221 0)
(1.27726 -0.0984017 0)
(1.28503 -0.0857408 0)
(1.29111 -0.0734356 0)
(1.29574 -0.0616082 0)
(1.26334 -0.126692 0)
(1.27231 -0.113266 0)
(1.28071 -0.10004 0)
(1.28837 -0.0870518 0)
(1.29433 -0.0744504 0)
(1.29883 -0.062357 0)
(1.26713 -0.129092 0)
(1.27586 -0.115255 0)
(1.28417 -0.101622 0)
(1.29173 -0.0883149 0)
(1.29755 -0.0754204 0)
(1.3019 -0.0630633 0)
(1.27095 -0.131433 0)
(1.27942 -0.117185 0)
(1.28765 -0.103149 0)
(1.29508 -0.0895295 0)
(1.30075 -0.076344 0)
(1.30492 -0.0637241 0)
(1.27481 -0.133717 0)
(1.28302 -0.119056 0)
(1.29114 -0.104618 0)
(1.29843 -0.090694 0)
(1.30391 -0.0772173 0)
(1.30786 -0.0643337 0)
(1.27871 -0.135944 0)
(1.28665 -0.120866 0)
(1.29464 -0.106028 0)
(1.30174 -0.091804 0)
(1.307 -0.0780337 0)
(1.31066 -0.0648829 0)
(1.28265 -0.138112 0)
(1.29031 -0.122612 0)
(1.29813 -0.107374 0)
(1.30499 -0.092852 0)
(1.30994 -0.0787822 0)
(1.3132 -0.0653579 0)
(1.28662 -0.140221 0)
(1.29397 -0.124288 0)
(1.30156 -0.108648 0)
(1.30809 -0.0938256 0)
(1.31261 -0.0794467 0)
(1.31533 -0.0657394 0)
(1.29061 -0.142266 0)
(1.29761 -0.125883 0)
(1.30487 -0.109837 0)
(1.31093 -0.0947065 0)
(1.31485 -0.0800044 0)
(1.31683 -0.0660022 0)
(1.29458 -0.144237 0)
(1.30115 -0.127384 0)
(1.30794 -0.11092 0)
(1.31334 -0.0954685 0)
(1.31644 -0.0804252 0)
(1.31743 -0.0661148 0)
)
;

boundaryField
{
    inlet
    {
        type            uniformFixedValue;
        uniformValue    constant (1 0 0);
        value           uniform (1 0 0);
    }
    outlet
    {
        type            pressureInletOutletVelocity;
        value           nonuniform 0();
    }
    cylinder
    {
        type            fixedValue;
        value           nonuniform 0();
    }
    top
    {
        type            symmetryPlane;
    }
    bottom
    {
        type            symmetryPlane;
    }
    defaultFaces
    {
        type            empty;
    }
    procBoundary2to0
    {
        type            processor;
        value           nonuniform List<vector> 
62
(
(0.999034 -0.00198647 0)
(1.00261 -0.0234077 0)
(1.00718 -0.0267237 0)
(1.01419 -0.0489889 0)
(1.02399 -0.0533974 0)
(1.03467 -0.0728125 0)
(1.04732 -0.0769866 0)
(1.06043 -0.0909285 0)
(1.07287 -0.0925623 0)
(1.08561 -0.102068 0)
(1.09255 -0.100997 -2.37295e-21)
(1.09536 -0.100593 -3.06368e-21)
(1.09811 -0.100173 -1.04243e-21)
(1.10104 -0.103951 3.09875e-21)
(1.10104 -0.103951 3.09875e-21)
(1.10374 -0.103505 -2.69646e-21)
(1.10649 -0.103058 -2.48622e-21)
(1.10928 -0.10261 -8.02382e-21)
(1.11209 -0.102161 1.84191e-21)
(1.11559 -0.105828 -6.16723e-21)
(1.11559 -0.105828 -6.16723e-21)
(1.11851 -0.105355 9.04245e-21)
(1.12145 -0.104884 3.11113e-21)
(1.12441 -0.104417 9.5894e-21)
(1.12737 -0.103953 2.29394e-21)
(1.13035 -0.103494 -1.87589e-21)
(1.13449 -0.10702 -5.34312e-21)
(1.13449 -0.10702 -5.34312e-21)
(1.13757 -0.106543 -4.02017e-21)
(1.14065 -0.106074 4.00046e-21)
(1.14374 -0.105613 -2.16918e-23)
(1.14684 -0.10516 1.23692e-21)
(1.14994 -0.104716 -2.4152e-21)
(1.19631 -0.0886251 2.71643e-21)
(1.19898 -0.0883134 1.7117e-20)
(1.20188 -0.0885358 1.59767e-20)
(1.18488 -0.0930064 -7.10418e-21)
(1.18776 -0.0927758 2.42786e-20)
(1.19062 -0.0925492 9.72103e-21)
(1.19349 -0.0923515 1.1759e-20)
(1.19631 -0.0921243 -1.40156e-20)
(1.19631 -0.0921243 -1.40156e-20)
(1.16951 -0.0982695 4.17276e-21)
(1.17251 -0.0979409 -3.28804e-21)
(1.17551 -0.0976242 -2.06512e-20)
(1.1785 -0.0973196 -3.85532e-21)
(1.18149 -0.0970268 -2.40511e-20)
(1.18446 -0.0967467 1.62446e-20)
(1.18446 -0.0967467 1.62446e-20)
(1.15304 -0.104281 -2.36158e-22)
(1.15615 -0.103857 -7.24241e-22)
(1.15925 -0.103442 -5.26489e-22)
(1.16235 -0.103039 -5.17876e-21)
(1.16545 -0.102646 5.52142e-21)
(1.16854 -0.102266 8.5317e-21)
(1.16854 -0.102266 8.5317e-21)
(1.21018 -0.0845267 0)
(1.22062 -0.0772208 0)
(1.22966 -0.0698226 0)
(1.23798 -0.0621657 0)
(1.24523 -0.0543685 0)
(1.25127 -0.0466228 0)
)
;
    }
    procBoundary2to3
    {
        type            processor;
        value           nonuniform List<vector> 
20
(
(1.25932 -0.0400706 0)
(1.26245 -0.041098 0)
(1.26558 -0.042083 0)
(1.26871 -0.0430255 0)
(1.27183 -0.0439256 0)
(1.27494 -0.0447837 0)
(1.27803 -0.0455999 0)
(1.2811 -0.0463749 0)
(1.28415 -0.0471091 0)
(1.28719 -0.0478032 0)
(1.2902 -0.048458 0)
(1.2932 -0.0490741 0)
(1.29619 -0.049652 0)
(1.29915 -0.0501916 0)
(1.30209 -0.0506919 0)
(1.30498 -0.0511503 0)
(1.30779 -0.0515622 0)
(1.31046 -0.0519199 0)
(1.31289 -0.052212 0)
(1.31495 -0.0524227 0)
)
;
    }
    procBoundary2to4
    {
        type            processor;
        value           nonuniform List<vector> 
74
(
(1.00566 -0.00274669 0)
(0.994179 -0.0249661 0)
(0.997851 -0.0312177 0)
(0.988978 -0.0619342 0)
(0.991927 -0.0715308 0)
(0.989381 -0.113366 0)
(0.99953 -0.124314 0)
(1.00698 -0.171975 0)
(1.02926 -0.178487 0)
(1.0456 -0.219879 0)
(1.0456 -0.219879 0)
(1.06144 -0.224175 -8.33891e-21)
(1.07024 -0.223503 -1.12078e-21)
(1.07024 -0.223503 -1.12078e-21)
(1.07588 -0.228509 -2.62216e-22)
(1.07588 -0.228509 -2.62216e-22)
(1.08122 -0.233523 4.47521e-22)
(1.089 -0.232453 3.51198e-21)
(1.089 -0.232453 3.51198e-21)
(1.09533 -0.237282 1.37579e-20)
(1.10341 -0.235902 1.65747e-21)
(1.10341 -0.235902 1.65747e-21)
(1.1104 -0.240468 1.48177e-20)
(1.1104 -0.240468 1.48177e-20)
(1.11787 -0.244902 -7.41003e-21)
(1.12617 -0.242987 -4.2779e-20)
(1.12617 -0.242987 -4.2779e-20)
(1.13433 -0.247016 -2.68888e-21)
(1.14261 -0.244725 -9.15398e-21)
(1.1507 -0.24231 1.46886e-20)
(1.1507 -0.24231 1.46886e-20)
(1.15958 -0.245572 1.59893e-20)
(1.16759 -0.242782 -2.11431e-20)
(1.17547 -0.239925 -1.31175e-21)
(1.17547 -0.239925 -1.31175e-21)
(1.185 -0.242333 -1.38409e-20)
(1.19266 -0.239107 -1.69932e-20)
(1.20011 -0.235819 -1.9841e-20)
(1.20737 -0.232484 -4.88841e-21)
(1.28478 -0.160375 -2.48816e-20)
(1.28954 -0.158852 -9.26516e-20)
(1.29846 -0.146121 0)
(1.28478 -0.160375 -2.48816e-20)
(1.28408 -0.163923 -2.74173e-20)
(1.27845 -0.169754 -5.64923e-20)
(1.28408 -0.163923 -2.74173e-20)
(1.2837 -0.16811 -3.82225e-20)
(1.27251 -0.176219 -1.43667e-20)
(1.27845 -0.169754 -5.64923e-20)
(1.27794 -0.174273 -1.47406e-19)
(1.27251 -0.176219 -1.43667e-20)
(1.27161 -0.181014 -8.25562e-20)
(1.26481 -0.188455 1.6022e-19)
(1.27161 -0.181014 -8.25562e-20)
(1.27004 -0.185872 2.97218e-20)
(1.25179 -0.199496 -3.35868e-20)
(1.25752 -0.19666 2.56349e-20)
(1.26481 -0.188455 1.6022e-19)
(1.26309 -0.193862 5.15688e-21)
(1.23749 -0.211917 1.90507e-21)
(1.2436 -0.208786 3.81247e-20)
(1.25179 -0.199496 -3.35868e-20)
(1.24962 -0.205687 -3.30813e-20)
(1.21443 -0.229118 -3.72204e-21)
(1.2213 -0.225733 2.30144e-20)
(1.228 -0.222344 2.13629e-20)
(1.23749 -0.211917 1.90507e-21)
(1.23455 -0.218963 2.06343e-20)
(1.29846 -0.146121 0)
(1.30449 -0.128767 0)
(1.3106 -0.111869 0)
(1.31507 -0.0960771 0)
(1.31707 -0.0806715 0)
(1.31677 -0.0660402 0)
)
;
    }
    procBoundary2to5
    {
        type            processor;
        value           nonuniform List<vector> 3((1.31643 -0.0525312 0) (1.31708 -0.0525116 0) (1.31658 -0.0523337 0));
    }
}


// ************************************************************************* //
