/*--------------------------------*- C++ -*----------------------------------*\
  =========                 |
  \\      /  F ield         | OpenFOAM: The Open Source CFD Toolbox
   \\    /   O peration     | Website:  https://openfoam.org
    \\  /    A nd           | Version:  7
     \\/     M anipulation  |
\*---------------------------------------------------------------------------*/
FoamFile
{
    version     2.0;
    format      ascii;
    class       volScalarField;
    location    "15";
    object      p;
}
// * * * * * * * * * * * * * * * * * * * * * * * * * * * * * * * * * * * * * //

dimensions      [0 2 -2 0 0 0 0];

internalField   nonuniform List<scalar> 
1450
(
0.152662
0.127681
0.127507
0.129325
0.100168
0.103899
0.106012
0.105701
0.0685906
0.074691
0.0798712
0.0840009
0.0850167
0.0334186
0.0421039
0.0494433
0.0558495
0.0615352
0.0642898
-0.00563706
0.00599116
0.0159937
0.0245529
0.0320949
0.0389888
0.0431916
-0.0337928
-0.0208664
-0.00961977
0.000116553
0.00875185
0.0167099
0.0221364
-0.0771621
-0.0611432
-0.0470161
-0.0346124
-0.0237676
-0.0140957
-0.00515276
0.00140414
-0.123986
-0.104703
-0.0875523
-0.0723304
-0.0588657
-0.0469967
-0.0363638
-0.0265166
-0.0189029
-0.174008
-0.151362
-0.131053
-0.112897
-0.0966938
-0.0822714
-0.0694711
-0.0579622
-0.0472964
-0.0387076
-0.200786
-0.177278
-0.156094
-0.137066
-0.120003
-0.104733
-0.091101
-0.0788061
-0.0674073
-0.0579266
-0.252351
-0.225814
-0.201623
-0.179724
-0.159964
-0.142169
-0.126167
-0.111808
-0.0988229
-0.0867761
-0.0764832
-0.275937
-0.249
-0.224313
-0.201856
-0.181511
-0.163118
-0.1465
-0.131527
-0.117956
-0.105351
-0.0943061
-0.326395
-0.297386
-0.270265
-0.245271
-0.22243
-0.20165
-0.182784
-0.165675
-0.150201
-0.136157
-0.123109
-0.111332
-0.345397
-0.316637
-0.289554
-0.264447
-0.241391
-0.220327
-0.201133
-0.18366
-0.167782
-0.153359
-0.140053
-0.12756
-0.36192
-0.333657
-0.306834
-0.281809
-0.258708
-0.237513
-0.218125
-0.200412
-0.184248
-0.169501
-0.155913
-0.143471
-0.375958
-0.348436
-0.322093
-0.297345
-0.274371
-0.253194
-0.233746
-0.215918
-0.199591
-0.184643
-0.170867
-0.158307
-0.414241
-0.387537
-0.360988
-0.335341
-0.311062
-0.288384
-0.267374
-0.247998
-0.230171
-0.213791
-0.198744
-0.184836
-0.172074
-0.421931
-0.396712
-0.371353
-0.346608
-0.322985
-0.300767
-0.280069
-0.260894
-0.243182
-0.226847
-0.21179
-0.197836
-0.184947
-0.427124
-0.403567
-0.379593
-0.355944
-0.333155
-0.311557
-0.291312
-0.272461
-0.254973
-0.238783
-0.223809
-0.209905
-0.196993
-0.429973
-0.408214
-0.385793
-0.363415
-0.34163
-0.320805
-0.301148
-0.282741
-0.265585
-0.249637
-0.234835
-0.221064
-0.208218
-0.430663
-0.410795
-0.390061
-0.369108
-0.34848
-0.328573
-0.309632
-0.291783
-0.275061
-0.259447
-0.2449
-0.231336
-0.218633
-0.42941
-0.411477
-0.392524
-0.373123
-0.353789
-0.334932
-0.31683
-0.299647
-0.283453
-0.268259
-0.254044
-0.240753
-0.228265
-0.42646
-0.410453
-0.393334
-0.375577
-0.357652
-0.339963
-0.322813
-0.306396
-0.290821
-0.276126
-0.262312
-0.249355
-0.237147
-0.422078
-0.40794
-0.392659
-0.376601
-0.360173
-0.343754
-0.327656
-0.3121
-0.297227
-0.283104
-0.269757
-0.257188
-0.245318
-0.416542
-0.404172
-0.390686
-0.376342
-0.361466
-0.346398
-0.33144
-0.316831
-0.302736
-0.289254
-0.276434
-0.264302
-0.252818
-0.41014
-0.399397
-0.387618
-0.374958
-0.361655
-0.347992
-0.334247
-0.320661
-0.307416
-0.294638
-0.2824
-0.27075
-0.259694
-0.393866
-0.383669
-0.372622
-0.360875
-0.348642
-0.336162
-0.323662
-0.311333
-0.299318
-0.287713
-0.276586
-0.265992
-0.387832
-0.37906
-0.369515
-0.359267
-0.348457
-0.337271
-0.325906
-0.314549
-0.303353
-0.292431
-0.281864
-0.271762
-0.381531
-0.374008
-0.365825
-0.356984
-0.347555
-0.337663
-0.327465
-0.317127
-0.306801
-0.296609
-0.286639
-0.277056
-0.375178
-0.368725
-0.361742
-0.354183
-0.346058
-0.337431
-0.328409
-0.319125
-0.309714
-0.300299
-0.290965
-0.281927
-0.363401
-0.357447
-0.351025
-0.344097
-0.336674
-0.328811
-0.320598
-0.312141
-0.303551
-0.294894
-0.286434
-0.3582
-0.353109
-0.347665
-0.341804
-0.335496
-0.328747
-0.321602
-0.314128
-0.30641
-0.298478
-0.290647
-0.348872
-0.344249
-0.339312
-0.334003
-0.328296
-0.322191
-0.315715
-0.308919
-0.30177
-0.29465
-0.344854
-0.340904
-0.336742
-0.332303
-0.327538
-0.32242
-0.316939
-0.311112
-0.30482
-0.29855
-0.337732
-0.334204
-0.330495
-0.326554
-0.322343
-0.31783
-0.313015
-0.30767
-0.302479
-0.331787
-0.328671
-0.32542
-0.322006
-0.318404
-0.314626
-0.310335
-0.306569
-0.326904
-0.324202
-0.321449
-0.318657
-0.315905
-0.312783
-0.310944
-0.32525
-0.322954
-0.3207
-0.318563
-0.316746
-0.314873
-0.315553
-0.321721
-0.319783
-0.318078
-0.316963
-0.316316
-0.320196
-0.318729
-0.31716
-0.316307
-0.316495
-0.323757
-0.315785
-0.314475
-0.31449
-0.325285
-0.310938
-0.305671
-0.295136
-0.293333
0.111796
0.113984
0.12905
0.136652
0.158107
0.168311
0.187952
0.188398
0.191303
0.15669
0.112352
0.114511
0.12993
0.137681
0.159857
0.170967
0.192343
0.195527
0.202458
0.17455
0.173268
0.196349
0.202197
0.213135
0.191795
0.0994005
0.099754
0.105389
0.105668
0.108123
0.103699
0.0947528
0.080466
0.0565944
0.0330451
0.100183
0.100639
0.106792
0.107401
0.110747
0.10675
0.0987055
0.0844757
0.0606293
0.0364601
0.100942
0.1015
0.108165
0.109109
0.113355
0.10981
0.102721
0.088575
0.0648341
0.0400188
0.101677
0.102338
0.109507
0.110793
0.115943
0.112877
0.106795
0.0927632
0.0692129
0.0437247
0.10239
0.103153
0.110817
0.112449
0.118507
0.115948
0.110921
0.0970397
0.0737693
0.0475813
0.10308
0.103944
0.112096
0.114078
0.121045
0.119019
0.115094
0.101404
0.0785065
0.0515921
0.103747
0.104712
0.113342
0.115678
0.123553
0.122087
0.119308
0.105854
0.083427
0.0557605
0.104392
0.105456
0.114556
0.117247
0.126029
0.125149
0.123557
0.110389
0.0885328
0.0600901
0.105015
0.106176
0.115738
0.118785
0.12847
0.128202
0.127835
0.115007
0.0938255
0.0645844
0.105617
0.106874
0.116887
0.120291
0.130874
0.131243
0.132134
0.119706
0.0993056
0.0692467
0.106197
0.107548
0.118003
0.121764
0.133238
0.134267
0.136449
0.124484
0.104973
0.0740801
0.106757
0.108199
0.119087
0.123203
0.13556
0.137272
0.140774
0.129338
0.110828
0.0790876
0.107297
0.108827
0.120138
0.124607
0.13784
0.140254
0.1451
0.134266
0.116868
0.0842714
0.107817
0.109433
0.121157
0.125976
0.140074
0.14321
0.149423
0.139263
0.123091
0.089631
0.108317
0.110017
0.122145
0.127309
0.142262
0.146137
0.153736
0.144327
0.129494
0.0951642
0.108798
0.110579
0.123101
0.128607
0.144402
0.149031
0.158031
0.149453
0.136076
0.100874
0.109261
0.111119
0.124025
0.129867
0.146492
0.151887
0.162303
0.154638
0.142837
0.106782
0.109706
0.111638
0.124919
0.13109
0.148533
0.154706
0.166548
0.159881
0.149773
0.112899
0.110134
0.112137
0.125784
0.13228
0.150528
0.157492
0.170766
0.165182
0.156849
0.119073
0.110544
0.112618
0.126621
0.133441
0.152478
0.160242
0.174938
0.170503
0.163977
0.124919
0.110937
0.113075
0.12742
0.134545
0.154343
0.162885
0.178978
0.175752
0.171221
0.13066
0.111314
0.113488
0.128151
0.135511
0.156029
0.165287
0.182848
0.18104
0.179385
0.139292
0.0154982
0.00565875
0.0182479
0.00794149
-0.00161251
0.0211367
0.010343
0.000345673
-0.00834421
-0.0168872
0.024172
0.0128701
0.00240679
-0.00667838
-0.0156173
-0.0246666
-0.0335824
0.0273619
0.01553
0.00457719
-0.00492407
-0.0142807
-0.0237444
-0.033054
-0.0421286
0.0307144
0.0183298
0.0068636
-0.00307522
-0.0128724
-0.0227727
-0.0324966
-0.0419674
-0.0512344
-0.0603156
0.0342375
0.0212771
0.00927318
-0.00112535
-0.0113872
-0.0217473
-0.0319073
-0.0417957
-0.0514649
-0.0609299
-0.070179
-0.0792067
-0.0880074
0.0379393
0.0243793
0.0118135
0.000932459
-0.00981966
-0.0206637
-0.0312826
-0.0416113
-0.0517048
-0.0615747
-0.0712075
-0.0805991
-0.0897455
-0.0986528
-0.107308
-0.115892
0.0418274
0.0276436
0.0144927
0.00310557
-0.00816374
-0.019517
-0.0306188
-0.0414119
-0.0519531
-0.06225
-0.0722878
-0.082063
-0.0915696
-0.100811
-0.109766
-0.118624
-0.127179
-0.13545
-0.143489
-0.151309
0.0459086
0.0310775
0.0173193
0.00540173
-0.00641324
-0.018302
-0.0299116
-0.0411946
-0.0522081
-0.0629552
-0.0734198
-0.0835985
-0.0934833
-0.103076
-0.112345
-0.121493
-0.130327
-0.138852
-0.147116
-0.155134
0.0501892
0.034688
0.0203025
0.00782908
-0.00456154
-0.0170127
-0.0291564
-0.0409561
-0.052468
-0.0636897
-0.0746041
-0.0852081
-0.0954918
-0.105454
-0.115048
-0.124501
-0.133623
-0.142407
-0.1509
-0.159121
0.0546739
0.0384822
0.0234519
0.0103961
-0.00260168
-0.0156428
-0.028348
-0.0406931
-0.0527306
-0.0644526
-0.0758413
-0.0868936
-0.0975984
-0.107948
-0.117879
-0.127654
-0.137074
-0.146123
-0.154851
-0.163276
0.0593656
0.0424669
0.0267782
0.0131116
-0.000526247
-0.0141855
-0.0274811
-0.0404016
-0.0529935
-0.0652431
-0.0771318
-0.0886567
-0.0998062
-0.110565
-0.120846
-0.130962
-0.140688
-0.150009
-0.158976
-0.167608
0.0642644
0.0466485
0.0302924
0.0159847
0.00167256
-0.0126333
-0.0265498
-0.0400775
-0.0532543
-0.06606
-0.0784755
-0.0904978
-0.102119
-0.113318
-0.123965
-0.134435
-0.144473
-0.154073
-0.163285
-0.172126
0.0693675
0.0510325
0.0340064
0.0190248
0.00400318
-0.0109782
-0.0255475
-0.0397161
-0.0535097
-0.0669021
-0.0798723
-0.0924147
-0.10453
-0.116267
-0.127278
-0.138094
-0.148439
-0.158325
-0.167787
-0.176837
0.0746713
0.0556262
0.037934
0.0222419
0.00647525
-0.00921071
-0.024467
-0.0393116
-0.053756
-0.067768
-0.081324
-0.0944074
-0.106991
-0.119052
-0.130768
-0.141949
-0.152598
-0.162776
-0.172492
-0.181752
0.0801696
0.0604377
0.0420887
0.025644
0.00909605
-0.00732462
-0.0233042
-0.0388621
-0.0539933
-0.06866
-0.0828364
-0.0964948
-0.109594
-0.122061
-0.134421
-0.145983
-0.156959
-0.167439
-0.177413
-0.186884
0.0858399
0.065468
0.0464776
0.029231
0.0118655
-0.00532085
-0.022062
-0.0383716
-0.0542271
-0.069586
-0.0844211
-0.0987013
-0.112394
-0.125437
-0.138222
-0.150193
-0.161532
-0.172325
-0.182561
-0.192243
0.0916759
0.0707663
0.0511725
0.0330679
0.0148497
-0.00313537
-0.0206791
-0.0377816
-0.0544032
-0.0704969
-0.086035
-0.100988
-0.115327
-0.128923
-0.142162
-0.154577
-0.166303
-0.177423
-0.187931
-0.19783
0.0976663
0.0764674
0.0563545
0.0373214
0.01821
-0.000620764
-0.0190205
-0.0369679
-0.0544077
-0.0712868
-0.087574
-0.103246
-0.118298
-0.1325
-0.146245
-0.159123
-0.171257
-0.182723
-0.193516
-0.20364
0.102592
0.081391
0.060915
0.0409448
0.020961
0.00128799
-0.0179632
-0.0367446
-0.0549872
-0.0726276
-0.0896203
-0.105935
-0.121611
-0.13653
-0.150809
-0.164122
-0.176624
-0.188392
-0.199424
-0.209727
-0.231005
-0.235975
-0.230521
-0.235443
-0.240488
-0.224793
-0.22983
-0.23504
-0.239913
-0.245063
-0.218673
-0.223919
-0.229302
-0.234311
-0.239627
-0.244414
-0.249717
-0.217631
-0.223161
-0.228414
-0.233878
-0.23884
-0.244288
-0.248948
-0.254472
-0.210903
-0.21661
-0.222133
-0.227718
-0.232969
-0.238521
-0.243415
-0.249034
-0.253518
-0.259364
-0.197625
-0.203669
-0.20961
-0.215409
-0.221158
-0.226706
-0.232339
-0.237581
-0.243226
-0.248038
-0.253872
-0.258135
-0.264434
-0.182912
-0.189452
-0.195837
-0.20208
-0.208178
-0.214163
-0.219997
-0.22578
-0.231346
-0.23702
-0.24225
-0.247991
-0.252713
-0.258807
-0.262809
-0.269729
-0.158909
-0.166296
-0.173479
-0.180467
-0.187268
-0.193892
-0.200345
-0.206644
-0.212786
-0.218805
-0.224663
-0.230468
-0.236045
-0.241751
-0.246973
-0.252814
-0.257449
-0.263849
-0.267559
-0.275301
-0.162911
-0.170451
-0.177767
-0.184867
-0.191761
-0.19846
-0.204973
-0.211317
-0.217491
-0.223532
-0.229404
-0.235216
-0.240798
-0.246522
-0.251737
-0.257678
-0.262249
-0.269007
-0.27242
-0.281202
-0.167074
-0.174766
-0.18221
-0.189416
-0.196395
-0.20316
-0.209722
-0.216098
-0.222291
-0.228339
-0.234212
-0.240018
-0.245595
-0.251321
-0.256532
-0.262559
-0.267098
-0.274263
-0.27742
-0.287482
-0.171405
-0.179247
-0.186813
-0.194119
-0.201174
-0.207994
-0.214591
-0.220984
-0.227182
-0.233219
-0.239079
-0.244861
-0.250425
-0.256139
-0.261355
-0.267449
-0.271984
-0.279572
-0.282546
-0.29414
-0.175912
-0.183899
-0.191584
-0.19898
-0.2061
-0.212963
-0.219581
-0.225975
-0.232158
-0.238166
-0.24399
-0.249727
-0.255264
-0.260951
-0.266192
-0.27235
-0.276941
-0.284939
-0.287795
-0.301133
-0.180603
-0.188732
-0.196527
-0.204004
-0.211179
-0.218069
-0.224691
-0.231068
-0.237216
-0.243171
-0.248934
-0.254597
-0.26008
-0.265708
-0.270976
-0.277195
-0.281954
-0.290394
-0.29325
-0.308461
-0.185487
-0.193753
-0.20165
-0.209198
-0.216412
-0.223313
-0.229921
-0.23626
-0.24235
-0.248228
-0.253905
-0.259466
-0.264862
-0.270384
-0.275638
-0.28185
-0.286841
-0.295762
-0.298885
-0.316105
-0.190572
-0.198968
-0.206959
-0.214564
-0.221802
-0.228696
-0.235268
-0.241544
-0.24755
-0.253324
-0.25889
-0.264325
-0.269614
-0.275003
-0.280207
-0.286303
-0.291446
-0.300661
-0.304265
-0.323677
-0.195869
-0.204387
-0.212459
-0.220105
-0.227348
-0.234211
-0.24072
-0.246905
-0.252795
-0.258431
-0.26385
-0.269131
-0.274293
-0.279555
-0.284739
-0.290727
-0.296012
-0.305172
-0.30909
-0.330533
-0.201389
-0.21002
-0.218159
-0.225829
-0.233054
-0.239861
-0.246278
-0.252335
-0.258067
-0.263516
-0.268728
-0.273787
-0.278755
-0.283843
-0.289018
-0.29501
-0.300733
-0.30995
-0.314293
-0.337148
-0.207138
-0.215879
-0.224077
-0.231757
-0.238947
-0.245675
-0.251973
-0.25787
-0.263399
-0.268601
-0.273524
-0.27825
-0.282867
-0.287593
-0.292542
-0.298389
-0.304646
-0.314366
-0.320517
-0.345074
-0.213116
-0.221966
-0.230219
-0.237903
-0.245049
-0.251689
-0.257854
-0.263576
-0.268884
-0.273812
-0.278399
-0.282713
-0.286846
-0.290997
-0.295358
-0.300518
-0.306509
-0.315828
-0.324324
-0.35131
-0.219322
-0.228237
-0.236504
-0.244155
-0.251226
-0.257755
-0.263777
-0.269327
-0.274438
-0.279143
-0.283479
-0.287504
-0.291298
-0.295015
-0.298829
-0.303119
-0.308014
-0.314836
-0.322159
-0.345038
-0.247754
-0.254242
-0.263134
-0.272585
-0.281601
-0.290521
-0.252154
-0.258284
-0.266933
-0.276232
-0.285271
-0.294371
-0.256486
-0.26231
-0.270685
-0.279814
-0.288869
-0.298145
-0.260722
-0.266312
-0.274379
-0.28332
-0.292382
-0.301826
-0.264833
-0.27028
-0.278004
-0.286736
-0.295794
-0.305398
-0.268783
-0.274201
-0.281544
-0.290047
-0.299086
-0.308838
-0.272531
-0.278059
-0.284985
-0.293236
-0.302242
-0.312127
-0.276032
-0.281834
-0.288306
-0.296283
-0.30524
-0.315243
-0.279239
-0.285502
-0.291487
-0.299171
-0.308061
-0.318166
-0.282104
-0.289036
-0.294509
-0.30188
-0.310689
-0.320878
-0.284589
-0.292404
-0.29735
-0.304394
-0.313107
-0.323367
-0.28667
-0.295575
-0.299991
-0.306699
-0.315306
-0.325622
-0.288348
-0.298516
-0.302418
-0.308786
-0.317279
-0.327641
-0.289655
-0.301195
-0.30462
-0.310649
-0.319027
-0.329426
-0.290666
-0.303586
-0.306592
-0.312291
-0.320555
-0.330986
-0.291515
-0.305669
-0.308337
-0.31372
-0.321875
-0.332333
-0.292384
-0.307437
-0.309865
-0.314948
-0.323003
-0.333487
-0.29344
-0.308891
-0.311189
-0.315993
-0.323959
-0.334467
-0.294825
-0.310035
-0.312328
-0.316871
-0.324757
-0.33529
-0.296761
-0.310866
-0.313297
-0.317593
-0.325404
-0.335958
-0.299705
-0.311434
-0.314129
-0.318198
-0.32594
-0.33651
-0.304719
-0.311945
-0.314924
-0.318828
-0.326549
-0.337159
-0.314211
-0.312624
-0.31585
-0.319688
-0.3275
-0.319185
-0.31313
-0.317134
-0.320969
-0.329112
-0.321325
-0.31324
-0.318226
-0.322143
-0.33072
)
;

boundaryField
{
    inlet
    {
        type            zeroGradient;
    }
    outlet
    {
        type            fixedValue;
        value           nonuniform 0();
    }
    cylinder
    {
        type            zeroGradient;
    }
    top
    {
        type            symmetryPlane;
    }
    bottom
    {
        type            symmetryPlane;
    }
    defaultFaces
    {
        type            empty;
    }
    procBoundary4to2
    {
        type            processor;
        value           nonuniform List<scalar> 
74
(
0.0985947
0.0988466
0.103956
0.103913
0.105485
0.10066
0.0908677
0.0765464
0.0527249
0.0297704
0.0128801
0.0128801
0.0034881
-0.00347374
-0.00347374
-0.00992716
-0.00992716
-0.0180947
-0.025543
-0.025543
-0.0340847
-0.0422811
-0.0422811
-0.0510142
-0.0510142
-0.0597311
-0.0692017
-0.0692017
-0.0778876
-0.0863681
-0.0965847
-0.0965847
-0.104956
-0.113286
-0.124171
-0.124171
-0.132193
-0.140014
-0.147637
-0.2266
-0.231512
-0.231512
-0.226063
-0.226063
-0.220351
-0.225395
-0.225395
-0.214257
-0.219486
-0.219486
-0.213203
-0.213203
-0.206484
-0.212139
-0.212139
-0.19328
-0.199262
-0.205149
-0.205149
-0.178691
-0.18514
-0.191447
-0.191447
-0.155062
-0.162294
-0.169341
-0.176212
-0.176212
-0.243309
-0.25019
-0.259298
-0.268883
-0.27787
-0.286609
)
;
    }
    procBoundary4to5
    {
        type            processor;
        value           nonuniform List<scalar> 
20
(
-0.299278
-0.303488
-0.307628
-0.31168
-0.315622
-0.319431
-0.323083
-0.326554
-0.329822
-0.332868
-0.335677
-0.338239
-0.340553
-0.342619
-0.344447
-0.34605
-0.347445
-0.348654
-0.349692
-0.350563
)
;
    }
    procBoundary4to6
    {
        type            processor;
        value           nonuniform List<scalar> 
88
(
0.174722
0.174722
0.151584
0.150562
0.150562
0.12569
0.12569
0.0953389
0.0953389
0.061273
0.061273
0.0231767
0.0231767
-0.0190529
-0.0485633
-0.0485633
-0.0952792
-0.0952792
-0.1456
-0.1456
-0.199117
-0.226709
-0.226709
-0.281112
-0.304945
-0.304945
-0.356726
-0.375208
-0.390943
-0.403939
-0.403939
-0.440093
-0.446055
-0.449389
-0.450295
-0.449011
-0.445804
-0.44097
-0.434818
-0.427663
-0.419813
-0.403151
-0.403151
-0.395842
-0.388452
-0.381187
-0.368959
-0.368959
-0.363022
-0.353255
-0.353255
-0.348661
-0.341138
-0.341138
-0.334809
-0.334809
-0.329557
-0.329557
-0.327554
-0.323744
-0.323744
-0.320537
-0.320537
-0.317568
-0.317568
-0.313932
-0.313932
-0.309096
-0.303364
-0.303364
-0.296882
-0.296882
0.112887
0.114969
0.13072
0.138522
0.161382
0.161382
0.175519
0.200253
0.208677
0.223439
0.208463
-0.322447
-0.313346
-0.319235
-0.323226
-0.33224
)
;
    }
    procBoundary4to7
    {
        type            processor;
        value           nonuniform List<scalar> 6(-0.351304 -0.352109 -0.338233 -0.338233 -0.340274 -0.342348);
    }
}


// ************************************************************************* //
