/*--------------------------------*- C++ -*----------------------------------*\
  =========                 |
  \\      /  F ield         | OpenFOAM: The Open Source CFD Toolbox
   \\    /   O peration     | Website:  https://openfoam.org
    \\  /    A nd           | Version:  7
     \\/     M anipulation  |
\*---------------------------------------------------------------------------*/
FoamFile
{
    version     2.0;
    format      ascii;
    class       surfaceScalarField;
    location    "62";
    object      phi;
}
// * * * * * * * * * * * * * * * * * * * * * * * * * * * * * * * * * * * * * //

dimensions      [0 3 -1 0 0 0 0];

internalField   nonuniform List<scalar> 
2012
(
0.00125042
0.00349735
-0.00349108
0.00123639
0.00519785
-0.00518382
0.00123675
0.00397047
-0.00397083
0.00125252
0.00133108
-0.00134686
0.00126984
-0.000901755
0.000884443
0.00128828
-0.00186674
0.0018483
0.00130768
-0.001557
0.00153759
0.00133141
-0.000725666
0.000701935
0.0013537
5.22407e-05
-7.45285e-05
0.00137705
0.000528032
-0.000551379
0.000303657
-0.000323514
0.00124434
0.00350338
0.00123322
0.00520897
0.00123716
0.00396653
0.00125523
0.00131302
0.00127298
-0.000919513
0.00129051
-0.00188427
0.00130861
-0.0015751
0.00133141
-0.000748457
0.00135332
3.03312e-05
0.00137685
0.000504495
0.000283568
0.00123856
0.00350911
0.00123042
0.00521711
0.00123796
0.00395899
0.0012583
0.00129268
0.0012765
-0.000937715
0.00129312
-0.00190089
0.00130992
-0.0015919
0.00133176
-0.000770296
0.00135328
8.81284e-06
0.00137699
0.000480782
0.000263258
0.00123309
0.00351446
0.00122799
0.00522222
0.00123913
0.00394785
0.00126172
0.00127008
0.00128037
-0.000956362
0.0012961
-0.00191662
0.0013116
-0.00160741
0.00133248
-0.000791174
0.0013536
-1.23023e-05
0.00137747
0.00045691
0.000242738
0.00122795
0.00351939
0.00122593
0.00522423
0.00124067
0.00393311
0.0012655
0.00124525
0.00128459
-0.000975452
0.00129943
-0.00193146
0.00131365
-0.00162163
0.00133356
-0.000811085
0.00135426
-3.30032e-05
0.00137828
0.000432893
0.000222018
0.00122315
0.00352386
0.00122425
0.00522313
0.00124257
0.00391479
0.0012696
0.00121822
0.00128914
-0.000994987
0.00130312
-0.00194544
0.00131606
-0.00163457
0.001335
-0.000830025
0.00135528
-5.32801e-05
0.00137942
0.000408749
0.000201112
0.0012187
0.00352782
0.00122294
0.00521889
0.00124482
0.00389292
0.00127403
0.00118901
0.00129401
-0.00101497
0.00130714
-0.00195857
0.00131882
-0.00164625
0.00133679
-0.000847995
0.00135664
-7.31244e-05
0.00138089
0.000384493
0.000180029
0.00121461
0.00353124
0.00122201
0.00521149
0.0012474
0.00386753
0.00127875
0.00115766
0.00129918
-0.0010354
0.00131149
-0.00197088
0.00132193
-0.00165669
0.00133893
-0.000864996
0.00135834
-9.2529e-05
0.00138269
0.000360142
0.000158781
0.0012109
0.00353407
0.00122145
0.00520094
0.00125031
0.00383866
0.00128376
0.00112422
0.00130463
-0.00105627
0.00131615
-0.0019824
0.00132538
-0.00166592
0.00134142
-0.000881034
0.00136038
-0.000111488
0.00138481
0.000335711
0.000137381
0.00120756
0.00353631
0.00122125
0.00518725
0.00125354
0.00380638
0.00128903
0.00108872
0.00131036
-0.0010776
0.00132111
-0.00199316
0.00132916
-0.00167397
0.00134424
-0.000896118
0.00136275
-0.000129998
0.00138724
0.000311216
0.000115839
0.00120461
0.00353792
0.00122142
0.00517044
0.00125706
0.00377074
0.00129455
0.00105123
0.00131633
-0.00109938
0.00132636
-0.00200318
0.00133325
-0.00168086
0.00134739
-0.000910259
0.00136545
-0.000148055
0.00138999
0.000286672
9.41657e-05
0.00120205
0.00353889
0.00122195
0.00515053
0.00126086
0.00373183
0.0013003
0.00101179
0.00132254
-0.00112161
0.00133187
-0.00201251
0.00133765
-0.00168664
0.00135086
-0.000923472
0.00136847
-0.000165661
0.00139305
0.000262094
7.2372e-05
0.00119988
0.00353921
0.00122283
0.00512758
0.00126493
0.00368973
0.00130626
0.000970454
0.00132896
-0.0011443
0.00133764
-0.00202119
0.00134234
-0.00169135
0.00135465
-0.000935776
0.0013718
-0.000182815
0.0013964
0.000237494
5.04674e-05
0.0011981
0.00353887
0.00122404
0.00510164
0.00126925
0.00364452
0.00131241
0.000927291
0.00133557
-0.00116746
0.00134364
-0.00202926
0.00134732
-0.00169503
0.00135873
-0.000947192
0.00137544
-0.000199521
0.00140005
0.000212886
2.84612e-05
0.00119671
0.00353787
0.00122559
0.00507276
0.0012738
0.0035963
0.00131873
0.000882361
0.00134235
-0.00119107
0.00134986
-0.00203677
0.00135255
-0.00169772
0.00136311
-0.000957744
0.00137937
-0.000215784
0.00140397
0.000188281
6.36164e-06
0.00119571
0.00353621
0.00122745
0.00504102
0.00127857
0.00354519
0.0013252
0.000835729
0.00134929
-0.00121516
0.00135627
-0.00204376
0.00135804
-0.00169949
0.00136776
-0.00096746
0.00138359
-0.000231612
0.00140818
0.000163691
-1.58237e-05
0.0011951
0.0035339
0.00122963
0.0050065
0.00128353
0.00349128
0.0013318
0.000787464
0.00135635
-0.00123972
0.00136287
-0.00205028
0.00136377
-0.00170039
0.00137268
-0.00097637
0.00138808
-0.000247014
0.00141265
0.000139125
-3.80882e-05
0.00119488
0.00353095
0.00123209
0.00496928
0.00128867
0.0034347
0.0013385
0.000737637
0.00136353
-0.00126475
0.00136963
-0.00205638
0.00136971
-0.00170047
0.00137785
-0.000984509
0.00139284
-0.000262002
0.00141737
0.000114591
-6.04262e-05
0.00119502
0.00352736
0.00123484
0.00492946
0.00129397
0.00337557
0.00134529
0.00068632
0.0013708
-0.00129025
0.00137653
-0.00206212
0.00137585
-0.00169979
0.00138326
-0.000991912
0.00139784
-0.000276588
0.00142234
9.00965e-05
-8.28333e-05
0.00119554
0.00352316
0.00123786
0.00488715
0.00129942
0.00331401
0.00135215
0.00063359
0.00137813
-0.00131624
0.00138356
-0.00206754
0.00138218
-0.00169841
0.00138889
-0.00099862
0.00140309
-0.00029079
0.00142754
6.5646e-05
-0.000105306
0.00119642
0.00351836
0.00124113
0.00484243
0.00130498
0.00325016
0.00135905
0.000579523
0.00138551
-0.0013427
0.00139069
-0.00207271
0.00138868
-0.00169641
0.00139474
-0.00100467
0.00140857
-0.000304624
0.00143297
4.12439e-05
-0.000127842
0.00119764
0.00351299
0.00124464
0.00479544
0.00131065
0.00318414
0.00136598
0.000524198
0.00139293
-0.00136965
0.0013979
-0.00207768
0.00139533
-0.00169384
0.00140077
-0.00101012
0.00141426
-0.000318112
0.00143861
1.68925e-05
-0.000150441
0.00119921
0.00350705
0.00124837
0.00474628
0.00131641
0.0031161
0.00137292
0.000467694
0.00140034
-0.00139708
0.00140517
-0.00208251
0.00140211
-0.00169078
0.00140699
-0.001015
0.00142015
-0.000331274
0.00144445
-7.4076e-06
-0.000173102
0.00120111
0.00350057
0.00125231
0.00469507
0.00132224
0.00304618
0.00137984
0.000410091
0.00140775
-0.00142499
0.00141249
-0.00208725
0.001409
-0.0016873
0.00141337
-0.00101937
0.00142623
-0.000344136
0.00145048
-3.16573e-05
-0.000195828
0.00120332
0.00349357
0.00125645
0.00464194
0.00132811
0.00297451
0.00138673
0.000351473
0.00141512
-0.00145337
0.00141983
-0.00209196
0.00141599
-0.00168346
0.0014199
-0.00102328
0.00143249
-0.000356723
0.00145669
-5.58594e-05
-0.000218621
0.00120583
0.00348607
0.00126076
0.00458701
0.00133403
0.00290124
0.00139358
0.000291921
0.00142244
-0.00148224
0.00142718
-0.00209669
0.00142306
-0.00167934
0.00142656
-0.00102677
0.0014389
-0.000369064
0.00146306
-8.00183e-05
-0.000241485
0.00120863
0.00347809
0.00126523
0.00453041
0.00133995
0.00282651
0.00140036
0.000231518
0.0014297
-0.00151158
0.00143451
-0.00210151
0.00143019
-0.00167501
0.00143333
-0.00102992
0.00144546
-0.000381189
0.00146958
-0.00010414
-0.000264426
0.0012117
0.00346965
0.00126984
0.00447227
0.00134588
0.00275046
0.00140705
0.000170348
0.00143687
-0.00154139
0.00144182
-0.00210646
0.00143735
-0.00167055
0.0014402
-0.00103277
0.00145214
-0.000393129
0.00147624
-0.000128233
-0.000287452
0.00121503
0.00346076
0.00127458
0.00441272
0.0013518
0.00267325
0.00141365
0.000108493
0.00144393
-0.00157167
0.00144907
-0.0021116
0.00144455
-0.00166602
0.00144716
-0.00103537
0.00145895
-0.000404919
0.00148302
-0.000152306
-0.000310569
0.0012186
0.00345143
0.00127944
0.00435188
0.00135768
0.002595
0.00142014
4.60378e-05
0.00145088
-0.00160241
0.00145626
-0.00211699
0.00145175
-0.00166151
0.00145417
-0.0010378
0.00146585
-0.000416593
0.00148991
-0.000176372
-0.000333789
0.00122239
0.00344168
0.00128439
0.00428989
0.00136352
0.00251587
0.0014265
-1.69356e-05
0.00145769
-0.0016336
0.00146337
-0.00212267
0.00145894
-0.00165707
0.00146124
-0.00104011
0.00147284
-0.000428188
0.00149691
-0.000200442
-0.000357121
0.00122639
0.00343152
0.00128942
0.00422686
0.0013693
0.00243599
0.00143271
-8.03449e-05
0.00146435
-0.00166524
0.00147037
-0.00212869
0.0014661
-0.0016528
0.00146834
-0.00104236
0.0014799
-0.000439742
0.00150399
-0.000224532
-0.000380577
0.00123058
0.00342094
0.00129452
0.00416292
0.00137501
0.0023555
0.00143877
-0.000144109
0.00147084
-0.00169731
0.00147726
-0.00213511
0.00147322
-0.00164875
0.00147546
-0.00104461
0.00148702
-0.000451295
0.00151114
-0.000248658
-0.000404172
0.00123494
0.00340995
0.00129967
0.0040982
0.00138063
0.00227453
0.00144467
-0.000208146
0.00147717
-0.00172981
0.00148403
-0.00214197
0.00148027
-0.001645
0.00148259
-0.00104692
0.00149418
-0.000462887
0.00151836
-0.000272837
-0.000427919
0.00123946
0.00339855
0.00130485
0.00403281
0.00138615
0.00219323
0.00145038
-0.000272379
0.0014833
-0.00176272
0.00149065
-0.00214932
0.00148726
-0.00164161
0.00148969
-0.00104935
0.00150137
-0.000474559
0.00152562
-0.00029709
-0.000451834
0.0012441
0.00338671
0.00131005
0.00396686
0.00139156
0.00211172
0.00145591
-0.000336729
0.00148923
-0.00179605
0.00149711
-0.0021572
0.00149416
-0.00163866
0.00149678
-0.00105197
0.00150857
-0.000486354
0.00153292
-0.000321435
-0.000475933
0.00124886
0.00337443
0.00131526
0.00390047
0.00139685
0.00203013
0.00146124
-0.00040112
0.00149495
-0.00182976
0.0015034
-0.00216565
0.00150095
-0.0016362
0.00150381
-0.00105484
0.00151578
-0.000498315
0.00154024
-0.000345897
-0.000500234
0.00125372
0.00336169
0.00132045
0.00383374
0.001402
0.00194858
0.00146636
-0.000465477
0.00150046
-0.00186386
0.00150952
-0.00217471
0.00150762
-0.00163431
0.0015108
-0.00105801
0.00152297
-0.000510486
0.00154757
-0.000370496
-0.000524756
0.00125865
0.00334846
0.00132562
0.00376677
0.00140701
0.00186719
0.00147126
-0.00052973
0.00150573
-0.00189833
0.00151544
-0.00218441
0.00151417
-0.00163304
0.00151771
-0.00106155
0.00153014
-0.000522912
0.0015549
-0.000395258
-0.000549517
0.00126364
0.00133075
0.00369966
0.00141185
0.00178609
0.00147594
-0.000593814
0.00151077
-0.00193316
0.00152116
-0.00219481
0.00152058
-0.00163246
0.00152454
-0.00106552
0.00153727
-0.000535638
0.00156221
-0.000420204
-0.000574539
0.00200893
0.00360021
0.00213438
0.00166063
0.00222743
-0.000686863
0.00226851
-0.00197423
0.00226843
-0.00219473
0.00225098
-0.00161501
0.00224052
-0.00105506
0.00224347
-0.000538596
0.00226409
-0.000440819
-0.000594743
0.0020817
0.00349872
0.0022085
0.00153384
0.0023019
-0.000780263
0.00234299
-0.00201533
0.00234266
-0.0021944
0.00232467
-0.00159702
0.00231333
-0.00104371
0.00231541
-0.000540681
0.00233519
-0.000460602
-0.000614238
0.00215786
0.00339548
0.00228558
0.00140613
0.00237898
-0.000873661
0.00241989
-0.00205624
0.00241929
-0.0021938
0.00240083
-0.00157855
0.00238866
-0.00103155
0.00238987
-0.000541886
0.00240875
-0.000479487
-0.000632944
0.00223753
0.0032908
0.00236571
0.00127795
0.00245872
-0.000966667
0.00249925
-0.00209676
0.00249835
-0.0021929
0.00247949
-0.00155969
0.00246655
-0.00101861
0.00246689
-0.000542218
0.0024848
-0.000497402
-0.000650785
0.00232083
0.00318501
0.00244899
0.00114979
0.00254118
-0.00105886
0.00258108
-0.00213666
0.00257984
-0.00219166
0.00256066
-0.00154051
0.00254703
-0.00100499
0.0025465
-0.00054169
0.00256337
-0.000514278
-0.000667688
0.00240787
0.00307845
0.00253547
0.00102218
0.0026264
-0.00114978
0.00266541
-0.00217567
0.00266378
-0.00219004
0.00264435
-0.00152107
0.0026301
-0.000990734
0.00262873
-0.000540322
0.0026445
-0.00053005
-0.000683579
0.00249874
0.00297148
0.00262525
0.000895673
0.00271442
-0.00123895
0.00275226
-0.00221351
0.00275018
-0.00218796
0.00273056
-0.00150146
0.00271577
-0.000975938
0.00271359
-0.000538141
0.0027282
-0.000544659
-0.000698387
0.00259353
0.00286446
0.00271836
0.000770838
0.00280527
-0.00132586
0.00284163
-0.00224987
0.00283902
-0.00218535
0.0028193
-0.00148174
0.00280404
-0.000960682
0.00280108
-0.000535182
0.00281447
-0.000558048
-0.000712045
0.00269231
0.00275777
0.00281487
0.000648274
0.00289898
-0.00140997
0.00293354
-0.00228443
0.0029303
-0.00218212
0.00291054
-0.00146197
0.00289491
-0.000945054
0.00289122
-0.000531485
0.00290334
-0.000570169
-0.000724488
0.00279513
0.00265177
0.00291481
0.000528592
0.00299557
-0.00149073
0.00302797
-0.00231683
0.00302401
-0.00217816
0.00300426
-0.00144222
0.00298836
-0.000929146
0.00298397
-0.0005271
0.00299478
-0.000580981
-0.000735658
0.00290201
0.00254684
0.00301819
0.000412411
0.00309504
-0.00156758
0.00312494
-0.00234672
0.00312013
-0.00217334
0.00310044
-0.00142254
0.00308435
-0.000913049
0.00307933
-0.000522082
0.0030888
-0.000590449
-0.0007455
0.00301295
0.00244333
0.00312501
0.000300347
0.00319739
-0.00163996
0.00322441
-0.00237374
0.00321862
-0.00216755
0.00319904
-0.00140297
0.00318285
-0.000896855
0.00317725
-0.000516491
0.00318535
-0.000598548
-0.000753969
0.0031279
0.00234159
0.00323524
0.000193006
0.0033026
-0.00170733
0.00332638
-0.00239751
0.00331945
-0.00216062
0.00330001
-0.00138353
0.00328381
-0.000880654
0.00327771
-0.000510393
0.00328442
-0.000605262
-0.000761023
0.00324682
0.00224196
0.00334885
9.09754e-05
0.00341064
-0.00176912
0.0034308
-0.00241767
0.00342259
-0.0021524
0.0034033
-0.00136425
0.00338718
-0.000864531
0.00338065
-0.000503858
0.00338597
-0.000610585
-0.000766631
0.00336957
0.00214473
0.00346574
-5.19137e-06
0.00352147
-0.00182485
0.00353765
-0.00243385
0.00352798
-0.00214274
0.00350887
-0.00134513
0.0034929
-0.000848567
0.00348601
-0.000496959
0.00348994
-0.000614519
-0.000770769
0.00349604
0.00205019
0.00358583
-9.49829e-05
0.00363501
-0.00187402
0.00364688
-0.00244573
0.0036356
-0.00213146
0.00361664
-0.00132617
0.00360091
-0.000832837
0.00359372
-0.000489771
0.00359628
-0.000617078
-0.000773422
0.00362603
0.00195857
0.00370899
-0.000177943
0.00375119
-0.00191623
0.00375844
-0.00245297
0.00374537
-0.00211839
0.00372656
-0.00130736
0.00371113
-0.000817406
0.00370372
-0.000482368
0.00370493
-0.000618285
-0.000774584
0.00375932
0.00187006
0.00383506
-0.000253681
0.00386993
-0.0019511
0.00387226
-0.00245531
0.00385726
-0.00210339
0.00383856
-0.00128866
0.00382348
-0.00080233
0.00381594
-0.000474824
0.00381582
-0.000618173
-0.00077426
0.00389566
0.00178483
0.00396387
-0.000321883
0.00399111
-0.00197834
0.0039883
-0.00245249
0.00397119
-0.00208628
0.00395257
-0.00127003
0.00393789
-0.000787653
0.00393028
-0.000467212
0.00392889
-0.000616784
-0.000772463
0.00403477
0.00170298
0.00409521
-0.000382323
0.00411461
-0.00199774
0.00410646
-0.00244435
0.00408712
-0.00206695
0.00406852
-0.00125143
0.00405428
-0.000773408
0.00404666
-0.000459598
0.00404405
-0.000614168
-0.000769218
0.00417633
0.00162456
0.00422887
-0.000434868
0.00424031
-0.00200918
0.00422669
-0.00243073
0.00420499
-0.00204525
0.00418636
-0.00123279
0.00417257
-0.000759616
0.00416502
-0.000452045
0.00416123
-0.000610383
-0.000764556
0.00432
0.00154958
0.00436462
-0.000479487
0.00436806
-0.00201261
0.0043489
-0.00241157
0.00432475
-0.0020211
0.00430602
-0.00121406
0.00429269
-0.000746284
0.00428525
-0.000444608
0.00428036
-0.000605494
-0.00075852
0.00446545
0.00147797
0.00450222
-0.000516252
0.00449773
-0.00200813
0.00447302
-0.00238687
0.00444634
-0.00199442
0.00442745
-0.00119517
0.00441457
-0.000733405
0.0044073
-0.000437334
0.00440137
-0.000599571
-0.00075116
0.00461234
0.00140964
0.00464143
-0.000545341
0.00462918
-0.00199588
0.00459898
-0.00235667
0.00456973
-0.00196516
0.0045506
-0.00117604
0.00453815
-0.000720961
0.00453108
-0.000430259
0.0045242
-0.000592688
-0.000742532
0.00476032
0.00134444
0.00478201
-0.000567033
0.00476226
-0.00197613
0.00472671
-0.00232112
0.00469486
-0.00193331
0.00467543
-0.00115661
0.00466339
-0.000708919
0.00465654
-0.000423411
0.00464877
-0.00058492
-0.0007327
0.00490908
0.00128218
0.00492375
-0.000581703
0.00489687
-0.00194924
0.00485615
-0.0022804
0.00482172
-0.00189889
0.00480191
-0.0011368
0.00479023
-0.000697236
0.00478363
-0.000416805
0.00477505
-0.000576344
-0.000721734
0.00505835
0.00122263
0.00506646
-0.000589813
0.00503287
-0.00191566
0.00498724
-0.00223478
0.00495029
-0.00186194
0.00493004
-0.00111655
0.00491866
-0.000685857
0.0049123
-0.000410445
0.00490299
-0.000567036
-0.000709706
0.00520788
0.00116555
0.00520996
-0.000591899
0.00517019
-0.00187589
0.00511997
-0.00218455
0.00508056
-0.00182254
0.0050598
-0.00109579
0.00504866
-0.000674716
0.00504254
-0.000404323
0.00503257
-0.000557068
-0.00069669
0.00535748
0.00111066
0.00535414
-0.000588557
0.00530876
-0.00183051
0.00525429
-0.00213009
0.00521255
-0.00178079
0.00519122
-0.00107446
0.00518024
-0.000663739
0.00517434
-0.000398419
0.00516378
-0.000546509
-0.000682762
0.00550703
0.00105772
0.00549889
-0.000580421
0.00544853
-0.00178014
0.00539023
-0.00207179
0.00534626
-0.00173682
0.00532432
-0.00105252
0.00531343
-0.000652846
0.00530771
-0.000392702
0.00529662
-0.000535423
-0.000667999
0.00565646
0.00100646
0.0056442
-0.000568154
0.0055895
-0.00172545
0.00552778
-0.00201007
0.00548175
-0.00169079
0.00545914
-0.00102991
0.00544824
-0.000641949
0.00544267
-0.000387127
0.00543111
-0.000523865
-0.000652472
0.00580578
0.000956643
0.00579005
-0.000552419
0.00573169
-0.00166708
0.005667
-0.00194538
0.00561906
-0.00164285
0.00559575
-0.0010066
0.00558476
-0.000630955
0.00557927
-0.000381642
0.00556729
-0.000511884
-0.000636253
0.00595507
0.000908062
0.00593651
-0.000533867
0.00587514
-0.00160571
0.00580794
-0.00187817
0.00575827
-0.00159319
0.00573422
-0.000982552
0.00572304
-0.00061977
0.00571758
-0.000376186
0.00570522
-0.000499521
-0.000619407
0.00610444
0.000860543
0.00608369
-0.00051312
0.00601996
-0.00154198
0.00595068
-0.00180889
0.00589947
-0.00154197
0.00587465
-0.000957734
0.00586317
-0.000608299
0.00585768
-0.000370687
0.00584496
-0.000486805
-0.000601993
0.0062541
0.000813955
0.00623173
-0.000490752
0.00616625
-0.0014765
0.00609532
-0.00173796
0.00604274
-0.0014894
0.00601713
-0.000932122
0.00600528
-0.000596444
0.00599966
-0.000365071
0.00598661
-0.000473758
-0.000584065
0.00640428
0.000768208
0.00638081
-0.000467284
0.00631415
-0.00140984
0.00624199
-0.0016658
0.00618822
-0.00143563
0.00616179
-0.000905696
0.00614946
-0.00058411
0.00614364
-0.000359255
0.00613028
-0.000460393
-0.000565669
0.00655528
0.000723255
0.00653116
-0.000443171
0.00646383
-0.0013425
0.00639081
-0.00159278
0.00633602
-0.00138084
0.00630876
-0.000878438
0.00629586
-0.000571206
0.00628976
-0.000353156
0.00627608
-0.000446714
-0.000546843
0.0067074
0.00067909
0.00668302
-0.000418798
0.00661547
-0.00127494
0.00654193
-0.00151925
0.00648628
-0.00132518
0.00645818
-0.000850335
0.00644462
-0.000557644
0.00643815
-0.000346689
0.00642415
-0.000432716
-0.000527619
0.00686097
0.00063574
0.00683666
-0.000394484
0.00676927
-0.00120756
0.00669552
-0.0014455
0.00663915
-0.00126881
0.00661019
-0.000821373
0.00659588
-0.000543341
0.00658896
-0.000339768
0.00657464
-0.000418388
-0.000508019
0.00701634
0.000593263
0.00699234
-0.000370476
0.00692545
-0.00114067
0.00685174
-0.0013718
0.00679478
-0.00121184
0.00676494
-0.000791543
0.00674982
-0.000528219
0.00674237
-0.000332312
0.00672769
-0.000403712
-0.00048806
0.00717386
0.000551736
0.00715034
-0.000346959
0.00708421
-0.00107454
0.00701077
-0.00129836
0.00695332
-0.00115439
0.00692261
-0.000760834
0.0069066
-0.000512209
0.00689853
-0.000324242
0.00688348
-0.000388666
-0.000467751
0.00733385
0.000511246
0.00731095
-0.000324063
0.00724578
-0.00100936
0.00717278
-0.00122536
0.00711493
-0.00109654
0.00708334
-0.000729238
0.00706638
-0.000495247
0.00705762
-0.000315482
0.00704217
-0.000373223
-0.000447094
0.00749664
0.000471889
0.00747444
-0.000301867
0.00741038
-0.000945292
0.00733796
-0.00115294
0.00727979
-0.00103838
0.0072473
-0.000696749
0.00722934
-0.00047728
0.00721982
-0.000305965
0.00720395
-0.000357354
-0.000426088
0.00766255
0.000433757
0.00764109
-0.000280407
0.00757822
-0.000882427
0.00750648
-0.0010812
0.00744805
-0.000979952
0.00741466
-0.000663359
0.00739564
-0.00045826
0.00738531
-0.00029563
0.00736898
-0.00034103
-0.000404724
0.00783186
0.000396933
0.00781114
-0.00025969
0.00774953
-0.000820819
0.00767853
-0.0010102
0.00761989
-0.000921307
0.00758559
-0.000629062
0.00756548
-0.000438148
0.00755427
-0.000284423
0.00753746
-0.000324221
-0.000382991
0.00800486
0.000361488
0.00798486
-0.000239694
0.00792453
-0.000760485
0.0078543
-0.000939974
0.00779546
-0.000862468
0.00776025
-0.000593852
0.00773902
-0.000416914
0.00772689
-0.000272298
0.00770957
-0.000306897
-0.000360876
0.0081818
0.000327477
0.00816249
-0.000220379
0.00810341
-0.000701409
0.00803397
-0.000870531
0.00797495
-0.000803447
0.00793882
-0.000557723
0.00791644
-0.000394535
0.00790336
-0.000259218
0.00788549
-0.00028903
-0.000338362
0.00836295
0.000294936
0.00834426
-0.000201689
0.0082864
-0.000643547
0.00821772
-0.00080185
0.00815851
-0.000744241
0.00812146
-0.000520669
0.00809792
-0.000370994
0.00808385
-0.000245153
0.00806542
-0.000270596
-0.00031543
0.00854855
0.000263878
0.00853042
-0.000183563
0.00847371
-0.000586833
0.00840575
-0.000733888
0.00834634
-0.000684834
0.00830835
-0.000482684
0.00828364
-0.000346283
0.00826857
-0.000230084
0.00824955
-0.000251571
-0.000292061
0.00873884
0.000234296
0.0087212
-0.00016593
0.00866555
-0.000531177
0.00859824
-0.00066658
0.00853861
-0.000625199
0.00849968
-0.00044376
0.0084738
-0.000320398
0.00845771
-0.000213997
0.00843807
-0.000231935
-0.000268234
0.00893406
0.000206159
0.00891685
-0.000148717
0.00886214
-0.000476473
0.00879541
-0.000599842
0.0087355
-0.000565293
0.00869563
-0.000403888
0.00866857
-0.000293342
0.00865146
-0.000196887
0.0086312
-0.000211671
-0.000243929
0.00913447
0.000179411
0.0091176
-0.000131849
0.00906372
-0.000422594
0.00899745
-0.000533567
0.00893722
-0.000505062
0.00889639
-0.000363059
0.00886817
-0.000265123
0.00885004
-0.000178759
0.00882914
-0.000190768
-0.000219123
0.00934031
0.000153973
0.00932371
-0.000115251
0.00927052
-0.0003694
0.00920458
-0.000467628
0.00914395
-0.000444438
0.00910216
-0.000321261
0.00907279
-0.000235755
0.00905365
-0.000159621
0.0090321
-0.000169213
-0.000193797
0.00955186
0.000129738
0.00953545
-9.88448e-05
0.00948278
-0.000316728
0.00941703
-0.000401879
0.00935593
-0.000383338
0.00931315
-0.000278478
0.00928265
-0.000205254
0.00926252
-0.000139494
0.00924031
-0.000147002
-0.000167928
0.00976939
0.000106572
0.0097531
-8.25545e-05
0.00970077
-0.0002644
0.00963504
-0.000336149
0.00957337
-0.000321664
0.00952958
-0.000234694
0.00949797
-0.000173642
0.00947688
-0.000118403
0.00945401
-0.00012413
-0.000141493
0.00999321
8.43108e-05
0.00997696
-6.63018e-05
0.00992477
-0.000212215
0.00985886
-0.000270242
0.0097965
-0.000259302
0.0097517
-0.000189889
0.009719
-0.000140945
0.00969698
-9.63815e-05
0.00967345
-0.000100596
-0.000114472
0.0102236
6.27591e-05
0.0102073
-5.0007e-05
0.0101551
-0.00015995
0.0100888
-0.000203937
0.0100256
-0.000196118
0.00997973
-0.00014404
0.00994598
-0.000107194
0.00992307
-7.34741e-05
0.00989888
-7.64055e-05
-8.68391e-05
0.010461
4.16858e-05
0.0104446
-3.35875e-05
0.010392
-0.000107353
0.010325
-0.000136982
0.0102609
-0.000131958
0.0102139
-9.71228e-05
0.0101792
-7.24247e-05
0.0101554
-4.97332e-05
0.0101306
-5.15631e-05
-5.85722e-05
0.0107057
2.08217e-05
0.010689
-1.69562e-05
0.0106358
-5.41442e-05
0.0105679
-6.90899e-05
0.0105026
-6.6647e-05
0.0104546
-4.91081e-05
0.0104189
-3.66787e-05
0.0103944
-2.52222e-05
0.0103689
-2.60788e-05
-2.96462e-05
0.010958
0.010941
0.0108869
0.0108178
0.0107511
0.010702
0.0106654
0.0106401
0.0106141
0.000362493
0.00126339
0.00348462
0.00124378
0.00516696
0.00123708
0.00396764
0.00124827
0.00136035
0.00126469
-0.000867577
0.00128495
-0.00182895
0.00130694
-0.00151689
0.00133251
-0.000677277
0.00135552
9.7181e-05
0.00137844
0.000574522
0.000343129
0.00125677
0.00123991
0.00123672
0.0012502
0.00126707
0.00128642
0.00130712
0.00133178
0.00135443
0.00137758
)
;

boundaryField
{
    inlet
    {
        type            calculated;
        value           nonuniform 0();
    }
    outlet
    {
        type            calculated;
        value           nonuniform List<scalar> 
103
(
0.00228429
0.00235469
0.00242746
0.00250264
0.00258028
0.00266039
0.002743
0.00282813
0.00291578
0.00300595
0.00309864
0.00319382
0.00329148
0.00339158
0.00349408
0.00359893
0.00370609
0.0038155
0.00392709
0.0040408
0.00415657
0.00427433
0.00439401
0.00451557
0.00463894
0.00476408
0.00489096
0.00501956
0.00514985
0.00528186
0.00541558
0.00555107
0.00568837
0.00582755
0.00596868
0.00611188
0.00625725
0.00640493
0.00655504
0.00670773
0.00686317
0.00702152
0.00718294
0.00734762
0.00751573
0.00768745
0.00786298
0.00804249
0.00822618
0.00841425
0.00860689
0.00880433
0.00900677
0.00921444
0.00942757
0.00964642
0.00987125
0.0101023
0.0103399
0.0105844
0.0013969
0.00139694
0.0013973
0.00139799
0.001399
0.00140033
0.00140197
0.00140394
0.00140621
0.00140879
0.00141167
0.00141484
0.00141831
0.00142205
0.00142607
0.00143036
0.00143491
0.00143971
0.00144475
0.00145002
0.00145551
0.00146121
0.00146711
0.00147321
0.00147948
0.00148592
0.00149252
0.00149926
0.00150614
0.00151313
0.00152024
0.00152745
0.00153474
0.0015421
0.00154953
0.00155702
0.00156454
0.00157209
0.00157966
0.00158723
0.00139874
0.0013978
0.00139719
)
;
    }
    cylinder
    {
        type            calculated;
        value           nonuniform 0();
    }
    top
    {
        type            symmetryPlane;
        value           uniform 0;
    }
    bottom
    {
        type            symmetryPlane;
        value           nonuniform 0();
    }
    defaultFaces
    {
        type            empty;
        value           nonuniform 0();
    }
    procBoundary31to14
    {
        type            processor;
        value           nonuniform List<scalar> 4(-0.00125669 -0.00125037 -0.00126996 -0.00126323);
    }
    procBoundary31to15
    {
        type            processor;
        value           nonuniform List<scalar> 
12
(
-0.000381597
-0.00347805
-0.00514736
-0.00396093
-0.00137154
0.000851158
0.00180869
0.00149489
0.000651709
-0.000120184
-0.00137963
-0.000597445
)
;
    }
    procBoundary31to30
    {
        type            processor;
        value           nonuniform List<scalar> 
99
(
-0.00124428
-0.00123844
-0.00123288
-0.00122762
-0.00122266
-0.00121803
-0.00121373
-0.0012098
-0.00120622
-0.00120302
-0.00120019
-0.00119776
-0.00119571
-0.00119406
-0.00119279
-0.00119192
-0.00119144
-0.00119134
-0.00119162
-0.00119227
-0.00119327
-0.00119463
-0.00119632
-0.00119833
-0.00120065
-0.00120326
-0.00120614
-0.00120927
-0.00121265
-0.00121623
-0.00122001
-0.00122395
-0.00122805
-0.00123227
-0.00123659
-0.00124098
-0.00124542
-0.00124992
0.00333474
-0.00190947
-0.00198021
-0.00205463
-0.00213286
-0.00221504
-0.00230131
-0.00239177
-0.00248651
-0.00258562
-0.00268913
-0.00279707
-0.00290944
-0.00302617
-0.00314718
-0.00327235
-0.0034015
-0.0035344
-0.00367082
-0.00381043
-0.00395292
-0.00409791
-0.00424502
-0.00439385
-0.00454401
-0.00469512
-0.00484682
-0.0049988
-0.00515079
-0.0053026
-0.00545409
-0.0056052
-0.00575597
-0.00590648
-0.00605692
-0.00620751
-0.00635853
-0.00651032
-0.00666323
-0.00681762
-0.00697387
-0.00713233
-0.00729336
-0.00745728
-0.00762441
-0.00779504
-0.00796941
-0.00814779
-0.00833041
-0.00851749
-0.00870926
-0.00890592
-0.00910772
-0.00931487
-0.00952762
-0.00974622
-0.00997095
-0.0102021
-0.0104399
-0.0106848
-0.0109372
)
;
    }
}


// ************************************************************************* //
