/*--------------------------------*- C++ -*----------------------------------*\
  =========                 |
  \\      /  F ield         | OpenFOAM: The Open Source CFD Toolbox
   \\    /   O peration     | Website:  https://openfoam.org
    \\  /    A nd           | Version:  7
     \\/     M anipulation  |
\*---------------------------------------------------------------------------*/
FoamFile
{
    version     2.0;
    format      ascii;
    class       surfaceScalarField;
    location    "27";
    object      phi;
}
// * * * * * * * * * * * * * * * * * * * * * * * * * * * * * * * * * * * * * //

dimensions      [0 3 -1 0 0 0 0];

internalField   nonuniform List<scalar> 
1993
(
-2.98006e-06
2.18528e-06
6.2395e-09
-6.4606e-06
3.4713e-06
-1.11115e-05
4.63942e-06
-1.6812e-05
5.68739e-06
-2.34419e-05
6.61576e-06
-3.08846e-05
7.42808e-06
-3.90306e-05
8.13128e-06
8.73613e-06
-2.9745e-06
4.37272e-06
-6.44842e-06
6.94522e-06
-1.10902e-05
9.28117e-06
-1.67788e-05
1.1376e-05
-2.33938e-05
1.32308e-05
-3.08183e-05
1.48525e-05
-3.89421e-05
1.62551e-05
1.74597e-05
-2.96343e-06
6.55202e-06
-6.42417e-06
1.0406e-05
-1.10476e-05
1.39046e-05
-1.67125e-05
1.70409e-05
-2.32979e-05
1.98162e-05
-3.06861e-05
2.22407e-05
-3.87656e-05
2.43346e-05
2.61297e-05
-2.94698e-06
8.71923e-06
-6.38808e-06
1.38471e-05
-1.09843e-05
1.85008e-05
-1.66138e-05
2.26705e-05
-2.31551e-05
2.63575e-05
-3.04891e-05
2.95747e-05
-3.85028e-05
3.23484e-05
3.47197e-05
-2.92531e-06
1.08705e-05
-6.34051e-06
1.72623e-05
-1.09007e-05
2.30609e-05
-1.64836e-05
2.82534e-05
-2.29666e-05
3.28404e-05
-3.0229e-05
3.68372e-05
-3.81558e-05
4.02751e-05
4.32042e-05
-2.89865e-06
1.30021e-05
-6.28189e-06
2.06455e-05
-1.07976e-05
2.75766e-05
-1.63228e-05
3.37787e-05
-2.27337e-05
3.92513e-05
-2.99078e-05
4.40113e-05
-3.77272e-05
4.80945e-05
5.15585e-05
-2.86726e-06
1.51107e-05
-6.21275e-06
2.3991e-05
-1.06758e-05
3.20397e-05
-1.61328e-05
3.92357e-05
-2.24583e-05
4.55769e-05
-2.95279e-05
5.10808e-05
-3.72202e-05
5.57869e-05
5.9759e-05
-2.83143e-06
1.71927e-05
-6.13365e-06
2.72932e-05
-1.05363e-05
3.64423e-05
-1.59148e-05
4.46142e-05
-2.21423e-05
5.18043e-05
-2.90916e-05
5.80302e-05
-3.66382e-05
6.33334e-05
-4.46622e-05
6.7783e-05
7.14793e-05
-2.79146e-06
1.92453e-05
-6.04518e-06
3.05469e-05
-1.038e-05
4.07771e-05
-1.56703e-05
4.99045e-05
-2.17874e-05
5.79215e-05
-2.86017e-05
6.48445e-05
-3.59846e-05
7.07163e-05
-4.38108e-05
7.56093e-05
7.96301e-05
-2.74765e-06
2.12654e-05
-5.94794e-06
3.37472e-05
-1.02078e-05
4.50369e-05
-1.54005e-05
5.50972e-05
-2.13957e-05
6.39166e-05
-2.80606e-05
7.15094e-05
-3.52627e-05
7.79183e-05
-4.2871e-05
8.32175e-05
8.75177e-05
-2.70029e-06
2.32504e-05
-5.84249e-06
3.68894e-05
-1.00206e-05
4.92151e-05
-1.51069e-05
6.01835e-05
-2.09687e-05
6.97785e-05
-2.74706e-05
7.80114e-05
-3.44757e-05
8.49233e-05
-4.18467e-05
9.05886e-05
9.51193e-05
-2.64966e-06
2.51977e-05
-5.72932e-06
3.99691e-05
-9.81926e-06
5.3305e-05
-1.47903e-05
6.51545e-05
-2.05079e-05
7.54961e-05
-2.68336e-05
8.4337e-05
-3.36258e-05
9.17156e-05
-4.07412e-05
9.7704e-05
0.000102414
-2.59597e-06
-5.60886e-06
4.2982e-05
-9.6043e-06
5.73004e-05
-1.44517e-05
7.00019e-05
-2.00143e-05
8.10587e-05
-2.61506e-05
9.04733e-05
-3.27147e-05
9.82796e-05
-3.95567e-05
0.000104546
0.000109381
-5.48142e-06
4.5924e-05
-9.37615e-06
6.11952e-05
-1.40914e-05
7.47171e-05
-1.94884e-05
8.64557e-05
-2.54223e-05
9.64073e-05
-3.17429e-05
0.0001046
-3.82939e-05
0.000111097
0.000116
-5.34718e-06
4.87911e-05
-9.135e-06
6.4983e-05
-1.37097e-05
7.92918e-05
-1.893e-05
9.1676e-05
-2.46482e-05
0.000102125
-3.07095e-05
0.000110661
-3.69517e-05
0.000117339
0.000122252
-5.20619e-06
5.15791e-05
-8.88077e-06
6.86576e-05
-1.3306e-05
8.3717e-05
-1.83384e-05
9.67084e-05
-2.38268e-05
0.000107614
-2.96124e-05
0.000116447
-3.55268e-05
0.000123254
-4.13902e-05
0.000128115
0.00013116
-5.05833e-06
5.42839e-05
-8.6131e-06
7.22123e-05
-1.28797e-05
8.79836e-05
-1.77119e-05
0.000101541
-2.29556e-05
0.000112858
-2.84477e-05
0.000121939
-3.40138e-05
0.00012882
-3.94659e-05
0.000133568
0.000136293
-4.90336e-06
-8.33133e-06
7.56403e-05
-1.24293e-05
9.20815e-05
-1.70482e-05
0.00010616
-2.20308e-05
0.00011784
-2.72094e-05
0.000127118
-3.24044e-05
0.000134015
-3.74198e-05
0.000138583
0.000140912
-8.03454e-06
7.8934e-05
-1.19531e-05
9.60001e-05
-1.63443e-05
0.000110551
-2.10473e-05
0.000122543
-2.58903e-05
0.000131961
-3.0688e-05
0.000138812
-3.52371e-05
0.000143132
0.000144985
-7.72156e-06
8.20852e-05
-1.14488e-05
9.97273e-05
-1.55962e-05
0.000114698
-1.99989e-05
0.000126946
-2.44808e-05
0.000136443
-2.8851e-05
0.000143183
-3.28991e-05
0.00014718
0.000148474
-7.39097e-06
8.50851e-05
-1.09138e-05
0.00010325
-1.47994e-05
0.000118584
-1.88783e-05
0.000131025
-2.29697e-05
0.000140534
-2.68772e-05
0.00014709
-3.0383e-05
0.000150686
-3.32403e-05
0.000151331
0.000149066
-7.04117e-06
-1.0345e-05
0.000106554
-1.39486e-05
0.000122187
-1.76772e-05
0.000134753
-2.13444e-05
0.000144201
-2.47478e-05
0.000150494
-2.76624e-05
0.000153601
-2.98324e-05
0.000153501
0.000150193
-9.73915e-06
0.000109623
-1.30381e-05
0.000125486
-1.63863e-05
0.000138102
-1.95907e-05
0.000147406
-2.24419e-05
0.000153345
-2.47073e-05
0.000155866
-2.61221e-05
0.000154916
0.000150447
-9.09271e-06
0.000112439
-1.20619e-05
0.000128456
-1.49957e-05
0.000141035
-1.76932e-05
0.000150103
-1.99367e-05
0.000155588
-2.1485e-05
0.000157414
-2.20633e-05
0.000155494
0.000149734
-8.40205e-06
0.000114982
-1.10135e-05
0.000131067
-1.3495e-05
0.000143517
-1.56357e-05
0.000152244
-1.72081e-05
0.000157161
-1.79601e-05
0.000158166
-1.76063e-05
0.00015514
-1.58138e-05
0.000147942
0.000136422
-7.66348e-06
-9.88654e-06
0.00013329
-1.18735e-05
0.000145504
-1.34017e-05
0.000153772
-1.42309e-05
0.00015799
-1.40961e-05
0.000158031
-1.26986e-05
0.000153743
-9.69252e-06
0.000144936
0.000131396
-8.67442e-06
0.000135091
-1.01206e-05
0.00014695
-1.09743e-05
0.000154626
-1.09797e-05
0.000157995
-9.85545e-06
0.000156907
-7.28649e-06
0.000151174
-2.91101e-06
0.00014056
0.000124788
-7.37062e-06
0.000136434
-8.22543e-06
0.000147805
-8.33675e-06
0.000154737
-7.42913e-06
0.000157087
-5.20097e-06
0.000154679
-1.31619e-06
0.000147289
4.60702e-06
0.000134637
1.30118e-05
0.000116383
9.21474e-05
-5.96865e-06
-6.17743e-06
0.000148014
-5.4724e-06
0.000154032
-3.55436e-06
0.000155169
-9.61639e-08
0.000151221
5.26489e-06
0.000141928
1.29362e-05
0.000126966
2.33831e-05
0.000105936
7.83823e-05
-3.96603e-06
0.000147518
-2.36506e-06
0.000152431
6.68846e-07
0.000152136
5.49428e-06
0.000146395
1.2507e-05
0.000134915
2.21476e-05
0.000117325
3.49107e-05
9.3173e-05
6.19344e-05
-1.58064e-06
1.0013e-06
0.000149849
5.26395e-06
0.000147873
1.16038e-05
0.000140056
2.04576e-05
0.000126062
3.23075e-05
0.000105475
4.76866e-05
7.77938e-05
6.71854e-05
4.24356e-05
-1.2304e-06
4.64267e-06
0.000146196
1.02538e-05
0.000142262
1.82644e-05
0.000132045
2.91605e-05
0.000115166
4.34757e-05
9.11598e-05
6.17928e-05
5.94768e-05
8.4741e-05
1.94874e-05
-2.94855e-05
8.57535e-06
0.000141377
1.56611e-05
0.000135176
2.55068e-05
0.000122199
3.86564e-05
0.000102016
5.5706e-05
7.41103e-05
7.72996e-05
3.78832e-05
0.000104119
-7.33247e-06
0.000136869
-6.2235e-05
-0.000127469
1.28164e-05
2.15087e-05
0.000126484
3.33607e-05
0.000110347
4.89833e-05
8.63934e-05
6.90451e-05
5.40484e-05
9.42651e-05
1.26632e-05
0.000125393
-3.84606e-05
0.000163177
-0.000100019
-0.000172609
2.78204e-05
0.000116047
4.18557e-05
9.6312e-05
6.01763e-05
6.80728e-05
8.35339e-05
3.06908e-05
0.000112734
-1.65373e-05
0.000148612
-7.43378e-05
0.000191978
-0.000143386
-0.000224178
3.46211e-05
5.10216e-05
7.99115e-05
7.22691e-05
4.68253e-05
9.9207e-05
3.7529e-06
0.00013274
-5.00698e-05
0.000173799
-0.000115398
0.000223285
-0.000192871
0.000281955
-0.000282848
-0.000385177
6.08892e-05
6.096e-05
8.52937e-05
2.24208e-05
0.000116093
-2.70464e-05
0.000154298
-8.82746e-05
0.000200952
-0.000162052
0.000257062
-0.000248981
0.000323468
-0.000349255
-0.000462341
7.14901e-05
9.92805e-05
-5.36966e-06
0.000134214
-6.19797e-05
0.000177411
-0.000131471
0.000230033
-0.000214674
0.000293214
-0.000312162
0.000367929
-0.000423969
0.00045473
-0.000549142
-0.000684309
0.000114258
-3.6771e-05
0.000153584
-0.000101305
0.000202061
-0.000179948
0.000260966
-0.000273579
0.00033157
-0.000382767
0.000415039
-0.000507437
0.000512232
-0.000646335
-0.000795092
0.000130251
0.000174207
-0.000145262
0.000228209
-0.000233951
0.000293629
-0.000338999
0.000371856
-0.000460994
0.000464262
-0.000599843
0.000572258
-0.000754331
0.000697483
-0.000920318
-0.00109066
0.000196079
0.000255798
-0.000293669
0.000327862
-0.000411064
0.000413714
-0.000546845
0.000514836
-0.000700965
0.000632981
-0.000872476
0.000771055
-0.00105839
-0.00125708
0.000284748
-0.000359236
0.00036348
-0.000489795
0.000456766
-0.000640131
0.000565997
-0.000810196
0.000692794
-0.000999273
0.000840125
-0.00120572
0.0010136
-0.00143056
-0.00164554
0.00123851
0.000314967
0.000400287
-0.000575116
0.000500667
-0.000740511
0.000617202
-0.000926731
0.000750946
-0.00113302
0.000903596
-0.00135837
0.00107634
-0.0016033
-0.00184964
0.00128043
0.000438074
-0.000666853
0.000545093
-0.00084753
0.000668042
-0.00104968
0.000807216
-0.00127219
0.000962892
-0.00151405
0.00113371
-0.00177412
-0.00203916
0.00132324
0.0004766
0.000589706
-0.000960635
0.000718133
-0.00117811
0.000861368
-0.00141543
0.00101843
-0.00167111
0.00118643
-0.00194212
-0.00221762
0.00136488
0.000634132
0.000767042
-0.00131102
0.000913025
-0.00156141
0.00107004
-0.00182812
0.00123431
-0.00210639
-0.00238672
0.00140342
0.000814289
0.000961721
-0.00170884
0.00111736
-0.00198376
0.00127699
-0.00226602
-0.0025471
0.00143737
0.00100695
-0.00185643
0.00115997
-0.00213678
0.00131405
-0.0024201
-0.00269881
0.00146576
0.00104821
0.00119745
-0.00228603
0.00134515
-0.00256779
-0.0028417
0.00148804
0.00122945
0.00137004
-0.00270838
-0.0029756
0.00150394
0.00138864
-0.00310039
0.00151344
0.00151674
0.00297789
0.00154545
0.00293899
0.00155564
0.00289178
0.00156066
0.00283564
0.00156007
0.00277014
0.00155354
0.00269501
0.00154089
0.00261027
0.00152211
0.00251622
0.00149747
0.00241355
0.00146755
0.00230346
0.00143332
0.00218773
0.00139616
0.00135687
0.00311282
0.0015659
0.00308598
0.00158248
0.00305199
0.00159464
0.00301018
0.00160188
0.00295996
0.00160376
0.00290095
0.0015999
0.00283299
0.00159007
0.00275627
0.00157419
0.00267137
0.00155244
0.00257941
0.00152529
0.0024819
0.00149367
0.00145933
0.00323663
0.00157682
0.00322053
0.00159858
0.00319851
0.00161667
0.00316981
0.00163058
0.00313373
0.00163983
0.00308968
0.00164395
0.0030372
0.00164255
0.00297603
0.00163537
0.00290618
0.00162228
0.00282801
0.00160346
0.00274241
0.00157926
0.00155159
0.00334859
0.00158001
0.00334133
0.00160584
0.0033293
0.00162871
0.00331173
0.00164815
0.00328787
0.00166369
0.00325699
0.00167484
0.0032184
0.00168114
0.00317159
0.00168218
0.00311622
0.00167765
0.0030523
0.00166739
0.00298044
0.00165112
0.00163091
0.00345084
0.00157706
0.00345073
0.00160594
0.00344695
0.00163249
0.00343879
0.00165631
0.00342554
0.00167694
0.00340644
0.00169393
0.00338078
0.0017068
0.00334789
0.00171507
0.00330724
0.00171829
0.00325847
0.00171616
0.00320157
0.00170802
0.00169602
0.00354589
0.00156927
0.0035515
0.00160033
0.00355441
0.00162959
0.00355403
0.00165669
0.00354971
0.00168126
0.00354076
0.00170288
0.00352645
0.00172111
0.00350604
0.00173548
0.00347883
0.0017455
0.00344416
0.00175083
0.00340162
0.00175055
0.00174673
0.00363558
0.00155775
0.00364561
0.0015903
0.00365375
0.00162145
0.00365951
0.00165093
0.00366234
0.00167843
0.00366162
0.0017036
0.00365668
0.00172606
0.00364679
0.00174538
0.0036312
0.00176109
0.00360918
0.00177284
0.00358012
0.00177962
0.00178331
0.00372138
0.0015434
0.00373476
0.00157692
0.00374687
0.00160934
0.00375735
0.00164045
0.00376574
0.00167004
0.00377153
0.00169781
0.00377415
0.00172344
0.00377294
0.00174659
0.00376722
0.00176681
0.00375625
0.0017838
0.00373928
0.00179659
0.0018068
0.00380459
0.00152692
0.00382051
0.001561
0.00383564
0.00159421
0.0038497
0.00162639
0.00386236
0.00165738
0.00387321
0.00168695
0.00388179
0.00171486
0.00388754
0.00174083
0.00388987
0.00176448
0.00388809
0.00178558
0.00388145
0.00180324
0.00181881
0.0038863
0.00150881
0.00390414
0.00154316
0.00392155
0.0015768
0.00393832
0.00160962
0.00395421
0.00164149
0.0039689
0.00167226
0.00398204
0.00170172
0.0039932
0.00172968
0.00400185
0.00175583
0.00400746
0.00177998
0.00400929
0.0018014
0.00182114
0.00396735
0.00398665
0.00152386
0.00400578
0.00155767
0.00402458
0.00159082
0.00404289
0.00162319
0.00406047
0.00165468
0.00407705
0.00168514
0.00409231
0.00171442
0.00410584
0.00174229
0.00411721
0.00176861
0.00412581
0.0017928
0.00181565
0.00406885
0.00150344
0.00408927
0.00153725
0.00410961
0.00157048
0.00412973
0.00160307
0.00414947
0.00163494
0.00416863
0.00166598
0.00418698
0.00169607
0.00420421
0.00172506
0.00421998
0.00175283
0.00423382
0.00177897
0.001804
0.00415141
0.00148219
0.00417282
0.00151584
0.00419432
0.00154899
0.0042158
0.00158159
0.00423715
0.00161358
0.00425824
0.00164489
0.0042789
0.00167542
0.00429889
0.00170507
0.00431798
0.00173375
0.00433579
0.00176116
0.00178766
0.00423493
0.00146029
0.00425708
0.00149368
0.00427944
0.00152663
0.00430194
0.00155909
0.00432451
0.00159101
0.00434704
0.00162236
0.0043694
0.00165305
0.00439145
0.00168302
0.00441301
0.00171219
0.00443379
0.00174037
0.00176777
0.00431985
0.00143791
0.00434257
0.00147096
0.00436559
0.00150361
0.00438886
0.00153581
0.00441234
0.00156754
0.00443594
0.00159876
0.00445958
0.00162941
0.00448315
0.00165945
0.00450653
0.00168881
0.00452952
0.00171738
0.00174527
0.00440654
0.00141512
0.00442971
0.00144779
0.00445324
0.00148008
0.0044771
0.00151195
0.00450126
0.00154338
0.00452567
0.00157435
0.00455026
0.00160482
0.00457497
0.00163474
0.0045997
0.00166408
0.00462432
0.00169276
0.00172083
0.00449524
0.001392
0.00451879
0.00142425
0.00454274
0.00145613
0.00456707
0.00148761
0.00459177
0.00151869
0.0046168
0.00154932
0.00464212
0.0015795
0.00466768
0.00160918
0.00469342
0.00163834
0.00471924
0.00166693
0.00169496
0.0045861
0.00136855
0.00460999
0.00140036
0.00463431
0.0014318
0.00465906
0.00146287
0.00468421
0.00149354
0.00470974
0.00152379
0.00473563
0.0015536
0.00476185
0.00158296
0.00478836
0.00161184
0.00481509
0.0016402
0.00166804
0.00467918
0.00134477
0.00470342
0.00137612
0.0047281
0.00140712
0.00475322
0.00143774
0.00477878
0.00146798
0.00480475
0.00149781
0.00483113
0.00152723
0.00485789
0.0015562
0.00488501
0.00158472
0.00491244
0.00161276
0.00164031
0.00477453
0.00132065
0.00479912
0.00135154
0.00482416
0.00138208
0.00484966
0.00141224
0.00487561
0.00144203
0.004902
0.00147142
0.00492882
0.00150041
0.00495606
0.00152896
0.0049837
0.00155708
0.00501172
0.00158475
0.00161193
0.00487215
0.00129618
0.0048971
0.00132659
0.00492252
0.00135666
0.0049484
0.00138636
0.00497475
0.00141568
0.00500155
0.00144462
0.0050288
0.00147315
0.00505649
0.00150127
0.00508461
0.00152896
0.00511315
0.00155621
0.001583
0.00497203
0.00127134
0.00499736
0.00130126
0.00502317
0.00133085
0.00504945
0.00136007
0.00507621
0.00138893
0.00510344
0.0014174
0.00513112
0.00144547
0.00515926
0.00147313
0.00518785
0.00150038
0.00521688
0.00152719
0.00155354
0.00507419
0.00124612
0.00509991
0.00127555
0.00512612
0.00130464
0.00515282
0.00133337
0.00518
0.00136174
0.00520766
0.00138974
0.00523579
0.00141734
0.00526439
0.00144453
0.00529345
0.00147132
0.00532296
0.00149768
0.00152359
0.00517865
0.00122051
0.00520476
0.00124943
0.00523138
0.00127802
0.00525851
0.00130625
0.00528612
0.00133413
0.00531423
0.00136163
0.00534282
0.00138875
0.00537188
0.00141547
0.00540142
0.00144178
0.00543142
0.00146768
0.00149313
0.00528543
0.00119452
0.00531195
0.00122291
0.00533898
0.00125098
0.00536653
0.0012787
0.00539459
0.00130607
0.00542315
0.00133307
0.0054522
0.00135969
0.00548174
0.00138593
0.00551177
0.00141176
0.00554227
0.00143718
0.00146216
0.00539457
0.00116814
0.00542149
0.00119599
0.00544894
0.00122353
0.00547693
0.00125072
0.00550543
0.00127757
0.00553444
0.00130405
0.00556397
0.00133017
0.00559399
0.0013559
0.00562451
0.00138124
0.00565552
0.00140617
0.00143068
0.00550612
0.00114137
0.00553345
0.00116867
0.00556132
0.00119565
0.00558973
0.00122231
0.00561868
0.00124862
0.00564816
0.00127458
0.00567815
0.00130017
0.00570866
0.00132539
0.00573968
0.00135022
0.0057712
0.00137465
0.00139867
0.00562013
0.00111421
0.00564786
0.00114094
0.00567615
0.00116736
0.00570499
0.00119346
0.00573439
0.00121922
0.00576433
0.00124464
0.0057948
0.0012697
0.0058258
0.00129439
0.00585731
0.0013187
0.00588934
0.00134262
0.00136614
0.00573666
0.00108666
0.00576479
0.00111281
0.0057935
0.00113866
0.00582277
0.00116418
0.00585262
0.00118938
0.00588301
0.00121424
0.00591396
0.00123875
0.00594544
0.0012629
0.00597746
0.00128668
0.00601001
0.00131008
0.00133308
0.00585576
0.00105873
0.0058843
0.00108428
0.00591342
0.00110953
0.00594313
0.00113447
0.00597342
0.0011591
0.00600428
0.00118339
0.0060357
0.00120733
0.00606767
0.00123093
0.00610019
0.00125416
0.00613325
0.00127702
0.00129949
0.00597751
0.00103041
0.00600645
0.00105534
0.00603599
0.00107999
0.00606613
0.00110433
0.00609687
0.00112836
0.00612819
0.00115207
0.00616008
0.00117544
0.00619254
0.00119847
0.00622556
0.00122114
0.00625913
0.00124345
0.00126538
0.00610198
0.00100169
0.00613132
0.001026
0.00616128
0.00105003
0.00619185
0.00107376
0.00622304
0.00109718
0.00625481
0.00112029
0.00628718
0.00114307
0.00632013
0.00116552
0.00635365
0.00118762
0.00638774
0.00120936
0.00123074
0.00622923
0.000972587
0.00625897
0.000996255
0.00628936
0.00101965
0.00632037
0.00104275
0.006352
0.00106555
0.00638424
0.00108805
0.00641708
0.00111023
0.00645052
0.00113208
0.00648455
0.00115359
0.00651915
0.00117476
0.00119557
0.00635934
0.000943087
0.0063895
0.000966098
0.0064203
0.000988839
0.00645175
0.0010113
0.00648383
0.00103347
0.00651654
0.00105534
0.00654986
0.0010769
0.00658379
0.00109815
0.00661832
0.00111906
0.00665344
0.00113964
0.00115987
0.0064924
0.000913189
0.00652297
0.000935529
0.0065542
0.000957606
0.00658609
0.000979411
0.00661863
0.00100093
0.0066518
0.00102217
0.00668561
0.0010431
0.00672004
0.00106372
0.00675508
0.00108402
0.00679072
0.001104
0.00112364
0.00662849
0.000882888
0.00665948
0.000904542
0.00669114
0.000925941
0.00672348
0.000947076
0.00675647
0.000967938
0.00679012
0.000988517
0.00682442
0.00100881
0.00685934
0.00102879
0.0068949
0.00104847
0.00693107
0.00106783
0.00108686
0.0067677
0.000852178
0.00679911
0.000873132
0.00683121
0.000893838
0.006864
0.000914289
0.00689746
0.000934476
0.00693159
0.000954388
0.00696638
0.000974019
0.00700181
0.000993358
0.00703788
0.0010124
0.00707458
0.00103113
0.00104954
0.00691012
0.000821053
0.00694196
0.000841291
0.00697451
0.000861291
0.00700776
0.000881044
0.00704169
0.00090054
0.00707631
0.000919772
0.00711159
0.000938732
0.00714754
0.00095741
0.00718414
0.000975798
0.00722138
0.00099389
0.00101167
0.00705586
0.000789504
0.00708814
0.000809013
0.00712114
0.000828291
0.00715485
0.000847331
0.00718927
0.000866124
0.00722438
0.000884661
0.00726017
0.000902936
0.00729664
0.000920939
0.00733378
0.000938663
0.00737157
0.000956101
0.000973241
0.00720502
0.000757524
0.00723774
0.000776288
0.0072712
0.00079483
0.00730539
0.000813142
0.0073403
0.000831217
0.00737591
0.000849046
0.00741223
0.000866622
0.00744923
0.000883936
0.00748691
0.000900983
0.00752526
0.000917753
0.000934237
0.00735771
0.000725103
0.00739089
0.000743106
0.00742482
0.000760897
0.0074595
0.000778467
0.00749491
0.000795809
0.00753104
0.000812915
0.00756788
0.000829778
0.00760543
0.00084639
0.00764367
0.000862745
0.00768258
0.000878835
0.00089465
0.00751405
0.000692228
0.0075477
0.000709456
0.00758212
0.00072648
0.00761729
0.000743293
0.00765321
0.000759887
0.00768987
0.000776256
0.00772726
0.000792391
0.00776536
0.000808288
0.00780417
0.000823937
0.00784367
0.000839333
0.000854466
0.00767417
0.000658889
0.0077083
0.000675325
0.00774322
0.000691567
0.0077789
0.000707607
0.00781535
0.000723438
0.00785255
0.000739055
0.00789049
0.000754449
0.00792917
0.000769614
0.00796856
0.000784544
0.00800866
0.000799232
0.00081367
0.00783821
0.000625071
0.00787284
0.000640699
0.00790826
0.000656143
0.00794447
0.000671395
0.00798146
0.000686448
0.00801922
0.000701297
0.00805774
0.000715934
0.008097
0.000730355
0.00813699
0.000744551
0.0081777
0.000758517
0.000772245
0.00800631
0.000590759
0.00804145
0.000605563
0.0080774
0.000620192
0.00811415
0.000634639
0.0081517
0.000648899
0.00819003
0.000662965
0.00822914
0.000676831
0.008269
0.00069049
0.00830961
0.000703938
0.00835096
0.000717168
0.000730172
0.00817862
0.000555936
0.00821429
0.000569899
0.00825078
0.000583697
0.0082881
0.000597323
0.00832623
0.000610773
0.00836515
0.00062404
0.00840486
0.000637118
0.00844535
0.000650002
0.0084866
0.000662686
0.00852861
0.000675164
0.00068743
0.00835532
0.00839153
0.000533688
0.00842859
0.000546637
0.00846649
0.000559426
0.00850521
0.000572049
0.00854475
0.0005845
0.00858509
0.000596775
0.00862623
0.000608867
0.00866814
0.000620772
0.00871082
0.000632484
0.000643997
0.00857335
0.000496909
0.008611
0.000508992
0.0086495
0.000520926
0.00868884
0.000532705
0.00872902
0.000544324
0.00877001
0.000555778
0.00881182
0.000567062
0.00885442
0.000578172
0.0088978
0.000589101
0.000599846
0.00875994
0.000459539
0.0087982
0.000470738
0.00883733
0.000481798
0.00887731
0.000492716
0.00891815
0.000503485
0.00895983
0.000514101
0.00900233
0.000524561
0.00904565
0.000534858
0.00908976
0.000544989
0.000554948
0.00895152
0.000421553
0.00899041
0.000431849
0.00903019
0.000442017
0.00907085
0.000452054
0.00911238
0.000461955
0.00915476
0.000471716
0.00919799
0.000481332
0.00924205
0.0004908
0.00928692
0.000500115
0.000509273
0.00914829
0.000382923
0.00918784
0.000392295
0.00922831
0.000401552
0.00926967
0.000410689
0.00931192
0.000419703
0.00935505
0.00042859
0.00939904
0.000437345
0.00944387
0.000445966
0.00948954
0.000454447
0.000462786
0.0093505
0.000343618
0.00939075
0.000352046
0.00943193
0.000360371
0.00947403
0.000368588
0.00951704
0.000376696
0.00956094
0.000384688
0.00960572
0.000392563
0.00965137
0.000400317
0.00969787
0.000407947
0.000415448
0.00955841
0.000303604
0.00959939
0.000311067
0.00964132
0.000318438
0.0096842
0.000325715
0.009728
0.000332895
0.00977271
0.000339973
0.00981833
0.000346948
0.00986483
0.000353815
0.0099122
0.000360573
0.000367217
0.00977229
0.000262843
0.00981404
0.000269318
0.00985676
0.000275715
0.00990045
0.000282029
0.00994508
0.000288259
0.00999066
0.000294401
0.0100371
0.000300454
0.0100846
0.000306415
0.0101328
0.00031228
0.000318047
0.00999245
0.000221296
0.010035
0.00022676
0.0100786
0.000232157
0.0101231
0.000237485
0.0101686
0.000242743
0.0102151
0.000247927
0.0102625
0.000253036
0.0103109
0.000258067
0.0103601
0.000263018
0.000267886
0.0102192
0.000178917
0.0102626
0.000183344
0.010307
0.000187717
0.0103525
0.000192035
0.0103989
0.000196296
0.0104464
0.000200498
0.0104948
0.000204638
0.0105441
0.000208716
0.0105944
0.00021273
0.000216677
0.0104529
0.000135656
0.0104972
0.00013902
0.0105426
0.000142344
0.010589
0.000145625
0.0106364
0.000148864
0.0106849
0.000152058
0.0107343
0.000155206
0.0107847
0.000158306
0.0108361
0.000161358
0.000164359
0.0106938
9.14577e-05
0.0107391
9.37308e-05
0.0107855
9.59767e-05
0.0108329
9.81944e-05
0.0108814
0.000100383
0.0109309
0.000102542
0.0109815
0.00010467
0.011033
0.000106766
0.0110855
0.000108829
0.000110858
0.0109426
4.62661e-05
0.0109889
4.74187e-05
0.0110363
4.85576e-05
0.0110848
4.96824e-05
0.0111344
5.07926e-05
0.0111851
5.18876e-05
0.0112368
5.2967e-05
0.0112895
5.40302e-05
0.0113432
5.50769e-05
5.61065e-05
0.0111993
0.0112468
0.0112953
0.011345
0.0113958
0.0114477
0.0115006
0.0115547
0.0116098
)
;

boundaryField
{
    inlet
    {
        type            calculated;
        value           nonuniform 0();
    }
    outlet
    {
        type            calculated;
        value           nonuniform 0();
    }
    cylinder
    {
        type            calculated;
        value           nonuniform 0();
    }
    top
    {
        type            symmetryPlane;
        value           uniform 0;
    }
    bottom
    {
        type            symmetryPlane;
        value           nonuniform 0();
    }
    defaultFaces
    {
        type            empty;
        value           nonuniform 0();
    }
    procBoundary25to9
    {
        type            processor;
        value           nonuniform List<scalar> 9(9.24659e-09 1.15151e-08 1.31153e-08 1.41251e-08 1.46271e-08 1.47048e-08 1.44387e-08 2.19775e-06 -2.98005e-06);
    }
    procBoundary25to24
    {
        type            processor;
        value           nonuniform List<scalar> 
135
(
7.88538e-07
7.87063e-07
7.84127e-07
7.79767e-07
7.74036e-07
7.67002e-07
7.58745e-07
7.49353e-07
7.38918e-07
7.27536e-07
7.15299e-07
7.0229e-07
6.88587e-07
2.71051e-05
2.53942e-06
2.48013e-06
2.41815e-06
2.3535e-06
2.28609e-06
5.69012e-05
4.74086e-06
4.57031e-06
4.39107e-06
4.2024e-06
8.79239e-05
6.67042e-06
6.27689e-06
5.85869e-06
5.41393e-06
0.000117231
6.8733e-06
6.0278e-06
5.12331e-06
0.000137279
4.46198e-06
2.84395e-06
0.000146254
-9.89544e-07
-3.75586e-06
-6.73055e-06
0.000135291
-1.73841e-05
-2.22983e-05
0.000103725
-4.19377e-05
-4.9799e-05
3.92689e-05
-8.28565e-05
-9.50206e-05
-7.20013e-05
-0.00014728
-0.000194061
-0.000219181
-0.000243482
-0.000430721
-0.000346336
-0.000378711
-0.000764743
-0.000515589
-0.00107918
-0.000677952
-0.00144736
-0.000859359
-0.000901725
-0.00200291
-0.00108503
-0.00243045
-0.00125572
-0.0028413
-0.00140101
-0.00321613
-0.00151416
7.88536e-07
-0.00300919
-0.00313326
-0.00324756
-0.00335178
-0.00344788
-0.0035381
-0.00362406
-0.00370703
-0.00378811
-0.00386819
-0.00394798
0.00148945
-0.00404843
-0.00413016
-0.00421303
-0.00429747
-0.00438376
-0.00447211
-0.00456265
-0.00465541
-0.00475041
-0.00484767
-0.00494719
-0.00504897
-0.00515304
-0.00525944
-0.00536819
-0.00547935
-0.00559297
-0.00570911
-0.00582783
-0.00594919
-0.00607326
-0.00620012
-0.00632984
-0.0064625
-0.00659819
-0.00673699
-0.006879
-0.00702431
-0.00717304
-0.00732529
-0.00748118
-0.00764083
-0.00780439
-0.007972
-0.0081438
-0.00831997
0.000520584
-0.00853657
-0.00872257
-0.00891353
-0.00910966
-0.0093112
-0.0095184
-0.00973153
-0.0099509
-0.0101768
-0.0104096
-0.0106496
-0.0108974
-0.0111531
)
;
    }
    procBoundary25to26
    {
        type            processor;
        value           nonuniform List<scalar> 
112
(
-4.77812e-05
-4.76657e-05
-4.74356e-05
-4.70928e-05
-4.66403e-05
-4.60815e-05
-4.54207e-05
-6.30892e-05
-5.30523e-05
-5.19616e-05
-5.07585e-05
-4.94483e-05
-4.80357e-05
-4.65237e-05
-4.49133e-05
-4.32036e-05
-0.000125541
-4.70094e-05
-4.45989e-05
-4.2039e-05
-3.93101e-05
-3.63875e-05
-0.000147143
-3.51633e-05
-3.09593e-05
-2.63761e-05
-2.13505e-05
-0.000140052
-1.21838e-05
-4.66604e-06
3.697e-06
-0.000103562
2.44262e-05
3.71482e-05
5.13586e-05
-2.30487e-05
9.14645e-05
0.000112996
8.80821e-05
0.000176256
0.000208317
0.000243547
0.000316861
0.000350271
0.000400632
0.000585958
0.000553081
0.000623015
0.000948425
0.000839717
0.00093748
0.00142063
0.00206938
0.00237944
0.00265015
0.00290112
0.00313646
0.00335091
0.00354354
0.00371579
0.00386944
0.00400696
0.00413131
0.00424546
0.00435213
0.00445367
0.00455203
0.00464876
0.00474511
0.00484201
0.00494017
0.00504009
0.00514209
0.00524633
0.00535292
0.00546188
0.00557324
0.00568701
0.00580321
0.00592188
0.00604307
0.00616683
0.00629325
0.00642238
0.00655432
0.00668914
0.00682695
0.00696784
0.0071119
0.00725925
0.00741
0.00756426
0.00772217
0.00788385
0.00804946
0.00821913
0.00839304
0.00857135
0.00875425
0.00894195
0.00913466
0.0093326
0.00953603
0.00974521
0.00996044
0.010182
0.0104103
0.0106456
0.0108884
0.011139
0.011398
0.0116659
)
;
    }
}


// ************************************************************************* //
