/*--------------------------------*- C++ -*----------------------------------*\
  =========                 |
  \\      /  F ield         | OpenFOAM: The Open Source CFD Toolbox
   \\    /   O peration     | Website:  https://openfoam.org
    \\  /    A nd           | Version:  7
     \\/     M anipulation  |
\*---------------------------------------------------------------------------*/
FoamFile
{
    version     2.0;
    format      ascii;
    class       surfaceScalarField;
    location    "53";
    object      phi;
}
// * * * * * * * * * * * * * * * * * * * * * * * * * * * * * * * * * * * * * //

dimensions      [0 3 -1 0 0 0 0];

internalField   nonuniform List<scalar> 
1995
(
-8.80234e-05
8.8939e-05
-0.000142072
0.000107681
-0.000202252
0.000119892
-0.000266277
0.000127548
-0.000332721
0.00013237
-0.000400813
0.000135655
-0.000470209
0.000138259
-0.000540811
0.000140671
0.000143133
-8.78455e-05
0.000133496
-0.00014181
0.000161646
-0.00020191
0.000179992
-0.00026586
0.000191498
-0.000332234
0.000198744
-0.000400259
0.00020368
-0.000469589
0.00020759
-0.000540127
0.000211208
0.000214902
-8.75787e-05
0.000177931
-0.000141417
0.000215485
-0.000201397
0.000239972
-0.000265234
0.000255335
-0.000331503
0.000265013
-0.000399427
0.000271604
-0.00046866
0.000276822
-0.0005391
0.000281649
0.000286574
-8.72231e-05
0.000222203
-0.000140894
0.000269156
-0.000200713
0.000299791
-0.0002644
0.000319022
-0.000330529
0.000331141
-0.000398319
0.000339395
-0.000467421
0.000345924
-0.000537732
0.00035196
0.000358116
-8.67789e-05
-0.00014024
0.000322617
-0.000199858
0.000359409
-0.000263358
0.000382522
-0.000329311
0.000397095
-0.000396934
0.000407018
-0.000465873
0.000414863
-0.000536023
0.00042211
0.000429497
-0.000139456
0.000375826
-0.000198832
0.000418785
-0.000262108
0.000445797
-0.00032785
0.000462837
-0.000395273
0.00047444
-0.000464016
0.000483606
-0.000533972
0.000492066
0.000500684
-0.000138541
0.000428742
-0.000197636
0.000477881
-0.000260649
0.00050881
-0.000326146
0.000528335
-0.000393334
0.000541628
-0.00046185
0.000552122
-0.00053158
0.000561796
0.000571646
-0.000137496
0.000481322
-0.00019627
0.000536654
-0.000258983
0.000571523
-0.000324199
0.000593551
-0.00039112
0.000608549
-0.000459375
0.000620377
-0.000528848
0.000631269
-0.000599552
0.00064235
0.00065411
-0.000136322
0.000533524
-0.000194733
0.000595066
-0.000257108
0.000633898
-0.000322009
0.000658452
-0.000388629
0.000675169
-0.000456591
0.000688339
-0.000525774
0.000700452
-0.000596189
0.000712765
0.000725826
-0.000135018
0.000585306
-0.000193027
0.000653075
-0.000255026
0.000695898
-0.000319576
0.000723002
-0.000385862
0.000741454
-0.000453499
0.000755976
-0.000522361
0.000769314
-0.000592455
0.000782859
0.000797219
-0.000133585
0.000636627
-0.00019115
0.000710641
-0.000252737
0.000757484
-0.000316901
0.000787165
-0.000382819
0.000807373
-0.000450099
0.000823256
-0.000518608
0.000837823
-0.000588349
0.0008526
0.000868259
-0.000132023
0.000687443
-0.000189105
0.000767723
-0.00025024
0.00081862
-0.000313982
0.000850908
-0.0003795
0.00087289
-0.000446391
0.000890147
-0.000514515
0.000905948
-0.000583872
0.000921958
0.000938912
-0.000130332
0.000737713
-0.00018689
0.00082428
-0.000247536
0.000879266
-0.000310822
0.000914193
-0.000375906
0.000937974
-0.000442375
0.000956617
-0.000510084
0.000973656
-0.000579026
0.0009909
0.00100915
-0.000128514
-0.000184506
0.000880272
-0.000244626
0.000939386
-0.00030742
0.000976987
-0.000372036
0.00100259
-0.000438052
0.00102263
-0.000505313
0.00104092
-0.000573809
0.0010594
0.00107894
-0.000181954
0.000935658
-0.000241508
0.00099894
-0.000303775
0.00103925
-0.000367891
0.00106671
-0.000433422
0.00108816
-0.000500205
0.0011077
-0.000568224
0.00112741
-0.000637534
0.00114825
0.00117057
-0.000179234
0.000990397
-0.000238185
0.00105789
-0.000299889
0.00110096
-0.000363471
0.00113029
-0.000428486
0.00115318
-0.000494759
0.00117397
-0.00056227
0.00119493
-0.000631071
0.00121705
0.00124074
-0.000176347
0.00104445
-0.000234655
0.0011162
-0.000295761
0.00116206
-0.000358777
0.0011933
-0.000423243
0.00121764
-0.000488976
0.00123971
-0.000555949
0.0012619
-0.00062421
0.00128531
0.00131037
-0.000173292
0.00109777
-0.00023092
0.00117383
-0.000291392
0.00122254
-0.000353808
0.00125572
-0.000417694
0.00128153
-0.000482856
0.00130487
-0.000549261
0.0013283
-0.000616951
0.001353
0.00137943
-0.00017007
-0.000226979
0.00123074
-0.000286782
0.00128234
-0.000348564
0.0013175
-0.000411839
0.00134481
-0.0004764
0.00136943
-0.000542206
0.00139411
-0.000609297
0.00142009
0.00144788
-0.000222834
0.00128689
-0.000281931
0.00134143
-0.000343047
0.00137862
-0.000405679
0.00140744
-0.000469609
0.00143336
-0.000534786
0.00145929
-0.000601248
0.00148655
-0.000669067
0.0015157
0.00154692
-0.000218483
0.00134224
-0.000276839
0.00139979
-0.000337256
0.00143904
-0.000399214
0.0014694
-0.000462481
0.00149663
-0.000527001
0.00152381
-0.000592804
0.00155236
-0.000659961
0.00158286
0.00161552
-0.000213929
-0.000271507
0.00145737
-0.000331191
0.00149872
-0.000392444
0.00153065
-0.00045502
0.0015592
-0.000518852
0.00158764
-0.000583967
0.00161747
-0.000650433
0.00164932
0.00168342
-0.000265935
0.00151413
-0.000324853
0.00155764
-0.000385369
0.00159116
-0.000447223
0.00162106
-0.000510339
0.00165075
-0.000574737
0.00168187
-0.000640484
0.00171507
0.0017506
-0.000260123
0.00157005
-0.000318242
0.00161576
-0.00037799
0.00165091
-0.000439093
0.00168216
-0.000501463
0.00171312
-0.000565117
0.00174552
-0.000630115
0.00178007
-0.00069654
0.00181702
0.00185648
-0.000254072
0.00162508
-0.000311358
0.00167304
-0.000370307
0.00170986
-0.000430629
0.00174248
-0.000492225
0.00177472
-0.000555105
0.0018084
-0.000619327
0.00184429
-0.000684971
0.00188266
0.00192363
-0.000247782
-0.000304201
0.00172946
-0.00036232
0.00176798
-0.000421832
0.00180199
-0.000482626
0.00183551
-0.000544704
0.00187048
-0.000608122
0.00190771
-0.000672958
0.0019475
0.00198997
-0.000296772
0.00178498
-0.00035403
0.00182524
-0.000412702
0.00186067
-0.000472665
0.00189548
-0.000533913
0.00193173
-0.0005965
0.00197029
-0.0006605
0.0020115
-0.000725997
0.00205547
0.00210224
-0.000289071
0.00183956
-0.000345437
0.00188161
-0.00040324
0.00191847
-0.000462343
0.00195458
-0.000522735
0.00199212
-0.000584462
0.00203202
-0.000647599
0.00207464
-0.000712229
0.0021201
0.00216845
-0.000281098
-0.000336541
0.00193705
-0.000393446
0.00197537
-0.000451662
0.0020128
-0.000511169
0.00205163
-0.000572009
0.00209286
-0.000634256
0.00213688
-0.000697992
0.00218383
0.00223376
-0.000327343
0.00199154
-0.00038332
0.00203135
-0.000440621
0.0020701
-0.000499216
0.00211022
-0.000559143
0.00215279
-0.000620473
0.00219821
-0.000683288
0.00224665
-0.000747674
0.00229814
0.00235272
-0.000317842
-0.000372863
0.00208637
-0.000429221
0.00212646
-0.000486876
0.00216788
-0.000545863
0.00221177
-0.000606249
0.0022586
-0.000668116
0.00230852
-0.000731551
0.00236158
0.00241781
-0.000362075
0.00214041
-0.000417463
0.00218184
-0.000474152
0.00222456
-0.000532171
0.00226979
-0.000591585
0.00231801
-0.000652478
0.00236941
-0.000714936
0.00242404
0.00248192
-0.000350958
-0.000405347
0.00223623
-0.000461043
0.00228026
-0.000518067
0.00232682
-0.000576483
0.00237643
-0.000636373
0.0024293
-0.000697826
0.00248549
-0.000760935
0.00254503
0.00260795
-0.000392875
0.0022896
-0.00044755
0.00233494
-0.000503553
0.00238282
-0.000560943
0.00243382
-0.000619802
0.00248816
-0.000680221
0.00254591
-0.000742298
0.0026071
0.00267178
-0.000380047
0.00234191
-0.000433676
0.00238856
-0.00048863
0.00243777
-0.000544966
0.00249016
-0.000602765
0.00254595
-0.000662121
0.00260527
-0.000723136
0.00266812
-0.000785909
0.00273455
0.00280489
-0.000366865
-0.00041942
0.00244112
-0.000473299
0.00249165
-0.000528554
0.00254541
-0.000585264
0.00260266
-0.000643524
0.00266353
-0.000703444
0.00272804
-0.000765114
0.00279622
0.00286855
-0.000404785
-0.000457563
0.00254443
-0.00051171
0.00259956
-0.0005673
0.00265825
-0.000624431
0.00272066
-0.000683224
0.00278683
-0.000743742
0.00285674
-0.000806209
0.00293101
0.00301013
-0.000441423
0.00259608
-0.000494434
0.00265257
-0.000548876
0.0027127
-0.000604843
0.00277662
-0.000662472
0.00284446
-0.000721806
0.00291607
-0.000782829
0.00299204
0.00307512
-0.000424884
-0.000476733
0.00270442
-0.000529997
0.00276596
-0.000584761
0.00283139
-0.000641175
0.00290087
-0.000699345
0.00297424
-0.000758479
0.00305117
0.00313979
-0.000458615
0.00275508
-0.000510676
0.00281802
-0.00056421
0.00288492
-0.000619341
0.00295601
-0.000676417
0.00303132
-0.000736266
0.00311102
0.00320188
-0.000798352
-0.000440077
-0.000490913
0.00286886
-0.000543207
0.00293722
-0.000597078
0.00300988
-0.000652902
0.00308714
-0.000711436
0.00316955
0.00326327
-0.000772834
-0.000470726
0.00291845
-0.000521777
0.00298827
-0.000574422
0.00306252
-0.000629049
0.00314177
-0.000686465
0.00322697
0.00332294
-0.000746126
-0.000450126
-0.00049993
0.00303807
-0.000551364
0.00311396
-0.000604803
0.00319521
-0.000660871
0.00328304
0.00338086
-0.000718799
-0.000477669
-0.000527882
0.00316417
-0.000580098
0.00324743
-0.000634733
0.00333767
0.00343707
-0.000690938
-0.000503958
-0.0005549
0.00329837
-0.000608052
0.00339082
0.00349161
-0.00066259
-0.000529195
0.00334798
-0.000580819
0.00344245
0.00354448
-0.000633693
-0.000502976
-0.000553039
0.00349251
0.00359569
-0.000604249
-0.000524728
0.00364525
-0.000574286
-0.00054382
-2.61184e-05
0.0109909
-5.16957e-05
0.0107364
-7.68443e-05
0.0104886
-0.000101616
0.010247
-0.000126084
0.0100116
-0.000150305
0.009782
-0.000174334
0.00955802
-0.000198216
0.00933944
-0.000221998
0.00912605
-0.000245718
0.00891765
-0.000269413
0.00871406
-0.000293117
0.00851508
-0.000316862
0.00832057
-0.000340675
0.00813034
-0.000364585
0.00794426
-0.000388617
0.00776217
-0.000412794
0.00758395
-0.000437139
0.00740946
-0.000461675
0.00723859
-0.00048642
0.00707121
-0.000511396
0.00690722
-0.000536622
0.00674651
-0.000562114
0.006589
-0.000587892
0.00643458
-0.000613972
0.00628317
-0.000640371
0.00613468
-0.000667105
0.00598904
-0.000694188
0.00584617
-0.000721636
0.00570598
-0.000749462
0.00556842
-0.000777679
0.00543341
-0.0008063
0.00530088
-0.000835333
0.00517077
-0.00086479
0.00504302
-0.000894677
0.00491756
-0.000925
0.00479434
-0.000955763
0.0046733
-0.000986966
0.00455437
-0.00101861
0.00443751
-0.00105069
0.00432266
-0.0010832
0.00420977
-0.00111613
0.0040988
-0.00114946
0.0039897
-0.00118318
0.00388243
-0.00121727
0.00377696
-0.00125169
0.00367325
-0.00128642
0.00357126
-0.0013214
0.00347098
-0.00135659
0.00337235
-0.00139192
0.00327535
-0.00142733
0.00317992
-0.00146273
0.00308602
-0.00149805
0.0029936
-0.00153323
0.00290259
-0.00156829
0.002813
-0.00160335
0.00272481
-0.00163845
0.00263787
-0.00167313
0.00255189
-0.00170712
0.00246727
0.00238654
0.0109541
3.67591e-05
0.0109182
3.59142e-05
0.0108832
3.50151e-05
0.0108491
3.40982e-05
0.0108159
3.31635e-05
0.0107837
3.22113e-05
0.0107525
3.1242e-05
0.0107222
3.02559e-05
2.92533e-05
0.0107004
7.27691e-05
0.0106652
7.10885e-05
0.010631
6.93037e-05
0.0105976
6.74829e-05
0.0105651
6.5627e-05
0.0105336
6.37367e-05
0.010503
6.18126e-05
0.0104734
5.98551e-05
5.78652e-05
0.0104533
0.000108014
0.0104189
0.00010551
0.0103854
0.000102852
0.0103527
0.000100141
0.0103209
9.73775e-05
0.0102901
9.45636e-05
0.0102602
9.16997e-05
0.0102313
8.87869e-05
8.58262e-05
0.0102126
0.000142497
0.0101789
0.000139181
0.0101461
0.000135663
0.0101141
0.000132075
0.0100831
0.000128419
0.010053
0.000124696
0.0100238
0.000120907
0.00999549
0.000117055
0.000113139
0.00997787
0.000176218
0.00994495
0.000172102
0.00991288
0.000167736
0.00988167
0.000163285
0.00985134
0.000158749
0.0098219
0.000154132
0.00979338
0.000149434
0.00976577
0.000144658
0.000139804
0.00974904
0.000209176
0.00971687
0.000204273
0.00968553
0.000199073
0.00965504
0.000193772
0.00962542
0.000188372
0.00959668
0.000182875
0.00956883
0.000177283
0.00954189
0.000171597
0.000165821
0.00952582
0.000241374
0.0094944
0.000235697
0.00946379
0.000229676
0.00943403
0.000223539
0.00940511
0.000217288
0.00937706
0.000210925
0.00934989
0.000204454
0.00932361
0.000197875
0.000191193
0.009308
0.000272814
0.00927732
0.000266375
0.00924745
0.000259547
0.0092184
0.000252588
0.00919019
0.000245499
0.00916283
0.000238286
0.00913633
0.00023095
0.00911071
0.000223494
0.00908599
0.00021592
0.000208231
0.00909537
0.000303496
0.00906543
0.00029631
0.00903629
0.000288688
0.00900796
0.00028092
0.00898045
0.000273008
0.00895378
0.000264958
0.00892795
0.000256773
0.00890299
0.000248454
0.00887891
0.000240005
0.000231429
0.00888772
0.000333424
0.00885853
0.000325503
0.00883012
0.0003171
0.0088025
0.000308537
0.00877569
0.000299817
0.0087497
0.000290945
0.00872455
0.000281924
0.00870025
0.000272759
0.0086768
0.00026345
0.000254003
0.00868488
0.000362598
0.00865643
0.000353957
0.00862874
0.000344787
0.00860184
0.000335442
0.00857573
0.000325927
0.00855042
0.000316247
0.00852594
0.000306407
0.00850229
0.00029641
0.00847948
0.000286258
0.000275954
0.00848666
0.00039102
0.00845895
0.000381672
0.00843199
0.000371748
0.00840579
0.000361637
0.00838038
0.000351341
0.00835576
0.000340868
0.00833194
0.000330223
0.00830894
0.000319408
0.00828677
0.000308428
0.000297285
0.0082929
0.000418691
0.00826592
0.00040865
0.00823968
0.000397987
0.0082142
0.000387122
0.00818948
0.000376059
0.00816554
0.000364808
0.00814239
0.000353372
0.00812004
0.000341757
0.0080985
0.000329964
0.000317997
0.00810342
0.000445611
0.00807718
0.000434891
0.00805167
0.000423503
0.00802689
0.000411899
0.00800286
0.000400084
0.0079796
0.000388068
0.00795712
0.000375857
0.00793542
0.000363455
0.00791452
0.000350866
0.000338091
0.00791809
0.000471781
0.00789258
0.000460397
0.00786779
0.000448297
0.00784372
0.000435968
0.00782039
0.000423415
0.00779781
0.00041065
0.00777599
0.000397679
0.00775494
0.000384506
0.00773467
0.000371134
0.000357569
0.00773676
0.0004972
0.00771199
0.000485166
0.00768791
0.000472369
0.00766455
0.000459329
0.00764191
0.000446053
0.00762001
0.000432553
0.00759885
0.000418837
0.00757845
0.000404908
0.00755881
0.000390771
0.000376429
0.00755928
0.000521867
0.00753525
0.000509199
0.0075119
0.000495719
0.00748925
0.000481983
0.0074673
0.000467998
0.00744608
0.000453778
0.00742558
0.000439332
0.00740583
0.000424664
0.00738682
0.000409776
0.000394675
0.00738555
0.000545782
0.00736225
0.000532494
0.00733963
0.000518346
0.00731768
0.000503929
0.00729643
0.00048925
0.00727588
0.000474325
0.00725605
0.000459164
0.00723694
0.000443771
0.00721857
0.000428149
0.000412304
0.00721542
0.000568942
0.00719287
0.00055505
0.00717097
0.000540249
0.00714973
0.000525166
0.00712917
0.000509807
0.0071093
0.000494192
0.00709014
0.000478332
0.00707168
0.000462231
0.00705393
0.000445891
0.000429317
0.0070488
0.000591345
0.00702699
0.000576866
0.00700581
0.000561426
0.00698528
0.000545692
0.00696542
0.000529669
0.00694623
0.00051338
0.00692773
0.000496836
0.00690992
0.000480041
0.00689281
0.000462999
0.000445714
0.00688557
0.00061299
0.0068645
0.000597937
0.00684405
0.000581876
0.00682424
0.000565506
0.00680507
0.000548834
0.00678657
0.000531886
0.00676873
0.000514674
0.00675157
0.000497202
0.00673509
0.000479474
0.000461494
0.00672563
0.000633872
0.00670531
0.000618262
0.00668559
0.000601594
0.00666649
0.000584605
0.00664802
0.000567299
0.0066302
0.000549708
0.00661303
0.000531844
0.00659652
0.000513712
0.00658068
0.000495313
0.000476655
0.00656888
0.000653988
0.00654931
0.000637838
0.00653032
0.00062058
0.00651194
0.000602986
0.00649418
0.000585063
0.00647704
0.000566845
0.00646054
0.000548345
0.00644468
0.000529568
0.00642948
0.000510517
0.000491196
0.00641523
0.000673333
0.00639641
0.00065666
0.00637816
0.000638828
0.0063605
0.000620647
0.00634344
0.000602122
0.006327
0.000583293
0.00631117
0.000564174
0.00629597
0.000544769
0.0062814
0.000525081
0.000505115
0.0062646
0.000691905
0.00624654
0.000674724
0.00622903
0.000656335
0.00621209
0.000637583
0.00619574
0.000618474
0.00617998
0.000599049
0.00616483
0.000579328
0.00615029
0.000559312
0.00613636
0.000539004
0.00051841
0.00611689
0.000709696
0.00609959
0.000692025
0.00608283
0.000673097
0.00606662
0.000653792
0.00605098
0.000634114
0.00603592
0.000614111
0.00602144
0.000593804
0.00600756
0.000573194
0.00599428
0.000552284
0.000531079
0.00597204
0.000726703
0.0059555
0.000708558
0.00593949
0.000689108
0.00592402
0.000669267
0.00590909
0.000649038
0.00589473
0.000628474
0.00588093
0.000607598
0.00586772
0.000586412
0.00585508
0.000564916
0.000543118
0.00582995
0.000742919
0.00581419
0.000724317
0.00579893
0.000704364
0.0057842
0.000684005
0.00576999
0.000663242
0.00575633
0.000642134
0.00574322
0.000620707
0.00573067
0.000598962
0.00571869
0.000576899
0.000554525
0.00569056
0.000758336
0.00567558
0.000739296
0.00566109
0.000718859
0.0056471
0.000698
0.00563362
0.00067672
0.00562067
0.000655086
0.00560825
0.000633126
0.00559637
0.000610839
0.00558504
0.000588227
0.000565295
0.0055538
0.00077295
0.00553961
0.000753488
0.00552589
0.000732585
0.00551264
0.000711245
0.00549989
0.000689467
0.00548765
0.000667325
0.00547593
0.00064485
0.00546473
0.00062204
0.00545406
0.000598896
0.000575425
0.0054196
0.000786751
0.00540621
0.000766886
0.00539326
0.000745537
0.00538076
0.000723735
0.00536875
0.000701477
0.00535723
0.000678845
0.00534621
0.000655873
0.00533569
0.000632559
0.00532569
0.000608903
0.00058491
0.0052879
0.000799732
0.0052753
0.000779481
0.00526313
0.000757707
0.0052514
0.000735463
0.00524014
0.000712743
0.00522934
0.00068964
0.00521903
0.00066619
0.00520919
0.000642391
0.00519986
0.00061824
0.000593746
0.00515862
0.000811885
0.00514683
0.000791266
0.00513545
0.000769087
0.0051245
0.000746421
0.00511398
0.000723259
0.00510392
0.000699703
0.00509431
0.000675795
0.00508517
0.000651529
0.00507651
0.000626904
0.000601926
0.00503171
0.000823201
0.00502074
0.000802231
0.00501016
0.000779669
0.00499998
0.000756601
0.00499022
0.000733016
0.0049809
0.000709027
0.00497201
0.00068468
0.00496357
0.000659968
0.00495559
0.000634887
0.000609446
0.0049071
0.000833669
0.00489696
0.000812367
0.00488719
0.000789443
0.00487779
0.000765995
0.0048688
0.000742007
0.00486022
0.000717605
0.00485206
0.000692838
0.00484433
0.0006677
0.00483704
0.000642184
0.000616298
0.00478473
0.000843281
0.00477543
0.000821664
0.00476648
0.0007984
0.00475788
0.000774595
0.00474966
0.000750223
0.00474184
0.000725428
0.00473441
0.000700262
0.0047274
0.000674717
0.0047208
0.000648786
0.000622477
0.00466455
0.000852026
0.00465611
0.000830111
0.00464797
0.000806531
0.00464018
0.000782389
0.00463275
0.000757655
0.00462569
0.000732488
0.00461901
0.000706943
0.00461271
0.000681012
0.00460681
0.000654687
0.000627974
0.0045465
0.000859894
0.00453892
0.000837699
0.00453162
0.000813825
0.00452464
0.000789369
0.004518
0.000764294
0.00451172
0.000738774
0.00450579
0.000712873
0.00450022
0.000686577
0.00449503
0.000659877
0.000632782
0.00443053
0.000866874
0.00442382
0.000844415
0.00441737
0.000820272
0.00441121
0.000795525
0.00440538
0.00077013
0.00439987
0.000744279
0.0043947
0.000718041
0.00438988
0.000691402
0.00438541
0.00066435
0.000636893
0.00431658
0.000872956
0.00431075
0.000850249
0.00430516
0.000825861
0.00429984
0.000800846
0.00429481
0.000775152
0.0042901
0.000748991
0.0042857
0.000722439
0.00428163
0.000695478
0.00427788
0.000668094
0.00427448
0.000640297
0.0006121
0.0042046
0.000878129
0.00419966
0.00085519
0.00419494
0.000830581
0.00419046
0.000805322
0.00418627
0.00077935
0.00418236
0.000752901
0.00417874
0.000726057
0.00417542
0.000698795
0.00417241
0.000671102
0.00416972
0.000642986
0.000614462
0.00409455
0.000882383
0.00409051
0.000859228
0.00408667
0.000834423
0.00408305
0.000808943
0.00407968
0.000782715
0.00407659
0.000755998
0.00407376
0.000728884
0.00407121
0.000701344
0.00406895
0.000673363
0.00406699
0.000644949
0.000616121
0.00398638
0.00088571
0.00398325
0.000862352
0.0039803
0.000837376
0.00397754
0.000811698
0.00397502
0.000785235
0.00397275
0.000758273
0.00397072
0.00073091
0.00396895
0.000703114
0.00396745
0.000674867
0.00396622
0.000646178
0.000617066
0.00388004
0.000888101
0.00387784
0.000864555
0.00387578
0.000839431
0.0038739
0.000813578
0.00387224
0.000786902
0.0038708
0.000759716
0.00386958
0.000732126
0.0038686
0.000704096
0.00386786
0.000675604
0.00386738
0.000646663
0.000617289
0.00377551
0.00088955
0.00377424
0.000865827
0.00377309
0.000840579
0.00377209
0.000814575
0.00377129
0.000787706
0.00377069
0.000760317
0.00377029
0.000732522
0.00377011
0.000704279
0.00377015
0.000675565
0.00377042
0.000646392
0.000616778
0.00367275
0.000890051
0.00367241
0.000866161
0.00367218
0.000840815
0.00367207
0.00081468
0.00367214
0.000787638
0.00367239
0.000760067
0.00367282
0.000732088
0.00367345
0.000703654
0.00367427
0.000674739
0.00367531
0.000645356
0.000615524
0.00357171
0.0008896
0.00357232
0.000865554
0.00357301
0.00084013
0.0035738
0.000813887
0.00357475
0.00078669
0.00357586
0.000758957
0.00357713
0.000730816
0.00357857
0.000702212
0.00358019
0.000673117
0.003582
0.000643545
0.000613517
0.00347238
0.000888193
0.00347394
0.000863999
0.00347555
0.000838521
0.00347724
0.000812188
0.00347908
0.000784856
0.00348106
0.000756981
0.00348317
0.000728697
0.00348544
0.000699944
0.00348787
0.000670688
0.00349047
0.000640949
0.000610746
0.00337471
0.000885829
0.00337722
0.000861494
0.00337976
0.000835982
0.00338237
0.000809579
0.00338509
0.000782129
0.00338794
0.00075413
0.00339092
0.000725724
0.00339402
0.00069684
0.00339727
0.000667445
0.00340066
0.000637558
0.000607201
0.00327867
0.000882504
0.00328213
0.000858036
0.0032856
0.000832511
0.00328912
0.000806054
0.00329275
0.000778502
0.00329648
0.000750398
0.00330032
0.000721888
0.00330427
0.000692893
0.00330833
0.000663377
0.00331253
0.000633362
0.000602871
0.00318421
0.000878215
0.00318862
0.000853623
0.00319303
0.000828106
0.00319747
0.000801609
0.00320201
0.00077397
0.00320663
0.000745778
0.00321133
0.000717182
0.00321613
0.000688093
0.00322103
0.000658474
0.00322604
0.00062835
0.000597745
0.00309128
0.000872958
0.00309665
0.000848254
0.00310199
0.000822763
0.00310736
0.000796239
0.00311281
0.000768526
0.00311832
0.000740263
0.0031239
0.0007116
0.00312956
0.000682433
0.00313531
0.000652728
0.00314115
0.000622513
0.000591812
0.00299983
0.000866726
0.00300615
0.00084193
0.00301243
0.000816482
0.00301873
0.000789938
0.0030251
0.000762163
0.00303151
0.000733848
0.00303798
0.000705132
0.00304451
0.000675903
0.00305111
0.000646128
0.00305778
0.000615839
0.00058506
0.0029098
0.000859517
0.00291708
0.000834658
0.00292429
0.000809266
0.00293153
0.000782702
0.00293882
0.000754876
0.00294614
0.000726527
0.0029535
0.000697774
0.0029609
0.000668494
0.00296837
0.000638663
0.00297589
0.000608317
0.000577476
0.00282117
0.000851344
0.00282937
0.000826467
0.00283751
0.000801126
0.00284568
0.000774528
0.00285389
0.000746661
0.00286213
0.000718295
0.00287038
0.000689518
0.00287868
0.000660198
0.00288702
0.000630324
0.0028954
0.000599934
0.000569048
0.00273391
0.000842237
0.00274298
0.000817405
0.00275202
0.000792085
0.00276113
0.00076542
0.00277027
0.00073752
0.00277941
0.000709154
0.00278857
0.000680358
0.00279776
0.000651004
0.00280699
0.000621097
0.00281625
0.000590676
0.000559756
0.00264794
0.000832166
0.00265786
0.000807487
0.00266779
0.000782153
0.00267783
0.000755381
0.00268789
0.000727463
0.00269793
0.000699108
0.002708
0.000670288
0.00271811
0.000640898
0.00272824
0.000610963
0.0027384
0.000580518
0.000549571
0.00256312
0.000820943
0.00257391
0.000796695
0.00258477
0.000771286
0.00259578
0.000744375
0.00260676
0.000716482
0.00261772
0.000688144
0.00262873
0.000659284
0.00263978
0.000629849
0.00265086
0.000599881
0.00266197
0.000569406
0.000538432
0.00247957
0.000808638
0.00249115
0.00078512
0.00250311
0.00075932
0.00251524
0.000732251
0.00252729
0.000704432
0.00253933
0.000676105
0.00255141
0.000647204
0.00256352
0.000617734
0.00257567
0.000587738
0.00258783
0.000557237
0.000526242
0.00239682
0.00240911
0.0024223
0.00243575
0.00244925
0.00246276
0.00247627
0.00248976
0.00250321
0.00251663
)
;

boundaryField
{
    inlet
    {
        type            calculated;
        value           nonuniform 0();
    }
    outlet
    {
        type            calculated;
        value           nonuniform 0();
    }
    cylinder
    {
        type            calculated;
        value           nonuniform 0();
    }
    top
    {
        type            symmetryPlane;
        value           nonuniform 0();
    }
    bottom
    {
        type            symmetryPlane;
        value           uniform 0;
    }
    defaultFaces
    {
        type            empty;
        value           nonuniform 0();
    }
    procBoundary3to2
    {
        type            processor;
        value           nonuniform List<scalar> 
109
(
-0.000612644
-0.000611895
-0.000610772
-0.000609275
-0.000607404
-0.00060516
-0.000602542
-0.000582103
-0.000671559
-0.000667905
-0.000663848
-0.000659388
-0.000654526
-0.000649262
-0.000643598
-0.00109988
-0.000708219
-0.000701243
-0.000693839
-0.000686007
-0.00067775
-0.00147765
-0.000738333
-0.00072856
-0.000718335
-0.000707662
-0.00178854
-0.000764478
-0.000752124
-0.000739296
-0.00203516
-0.000793079
-0.000778438
-0.000763303
-0.00228667
-0.000813715
-0.000796641
-0.000779048
-0.00254309
-0.000825795
-0.000806133
-0.00274015
-0.000850644
-0.000828774
-0.00294464
-0.000871696
-0.000847825
-0.000823147
-0.00174556
-0.0109648
-0.0107108
-0.0104634
-0.0102223
-0.00998713
-0.00975778
-0.00953399
-0.00931555
-0.00910227
-0.00889393
-0.00869036
-0.00849138
-0.00829682
-0.00810653
-0.00792035
-0.00773814
-0.00755977
-0.00738512
-0.00721405
-0.00704646
-0.00688224
-0.00672129
-0.00656351
-0.0064088
-0.00625709
-0.00610829
-0.00596231
-0.00581908
-0.00567853
-0.00554059
-0.00540519
-0.00527226
-0.00514174
-0.00501356
-0.00488768
-0.00476402
-0.00464254
-0.00452317
-0.00440587
-0.00429058
-0.00417727
-0.00406587
-0.00395637
-0.00384871
-0.00374287
-0.00363882
-0.00353654
-0.00343599
-0.00333716
-0.00324001
-0.00314452
-0.00305062
-0.00295828
-0.00286741
-0.00277795
-0.00268975
-0.00260277
-0.00251721
-0.00243328
-0.0023481
)
;
    }
    procBoundary3to4
    {
        type            processor;
        value           nonuniform List<scalar> 
130
(
4.33855e-05
4.32888e-05
4.31437e-05
4.29504e-05
4.2709e-05
0.000266273
8.62462e-05
8.56253e-05
8.49163e-05
8.41196e-05
8.32355e-05
8.22643e-05
8.12064e-05
8.00623e-05
7.88324e-05
0.000787395
0.000126568
0.000124495
0.000122296
0.000119971
0.000117521
0.00115032
0.000166683
0.00016313
0.000159412
0.00139676
0.00020917
0.000204209
0.000199045
0.000193679
0.00167918
0.000241253
0.000234487
0.000227482
0.00189318
0.000272854
0.000264339
0.00204504
0.00030804
0.000297937
0.00219343
0.000339511
0.000327736
0.000315633
0.00239314
0.000353329
0.00249258
0.000389773
0.000374385
0.00264658
0.000407953
0.000390625
0.00280453
0.000421131
0.000401785
0.00296679
0.00042912
0.00308662
0.000454991
0.00321314
0.000479582
0.000454746
0.00339621
0.000476248
0.00354099
0.000495898
0.00369317
0.000512862
0.010693
0.0104448
0.0102033
0.00996818
0.00973911
0.00951587
0.00929824
-0.000184407
0.00906216
0.00885571
0.00865423
0.00845753
0.00826544
0.00807779
0.00789442
0.00771519
0.00753995
0.00736858
0.00720094
0.00703692
0.00687641
0.00671931
0.00656552
0.00641494
0.00626748
0.00612307
0.00598161
0.00584304
0.00570729
0.00557427
0.00544393
0.0053162
0.00519102
0.00506833
0.00494807
0.00483018
0.00471462
0.00460131
0.00449022
0.0043813
-0.000609045
0.00427142
0.00416736
0.00406533
0.00396527
0.00386715
0.00377093
0.00367656
0.00358401
0.00349324
0.0034042
0.00331686
0.00323117
0.00314708
0.00306454
0.00298347
0.00290383
0.00282554
0.00274858
0.00267311
0.00260002
0.00253001
)
;
    }
    procBoundary3to19
    {
        type            processor;
        value           nonuniform List<scalar> 9(-4.43011e-05 -5.36328e-05 -5.97118e-05 -6.35236e-05 -6.59254e-05 -6.75637e-05 -6.88636e-05 -7.00686e-05 -7.12996e-05);
    }
}


// ************************************************************************* //
