/*--------------------------------*- C++ -*----------------------------------*\
  =========                 |
  \\      /  F ield         | OpenFOAM: The Open Source CFD Toolbox
   \\    /   O peration     | Website:  https://openfoam.org
    \\  /    A nd           | Version:  7
     \\/     M anipulation  |
\*---------------------------------------------------------------------------*/
FoamFile
{
    version     2.0;
    format      ascii;
    class       volVectorField;
    location    "61";
    object      U;
}
// * * * * * * * * * * * * * * * * * * * * * * * * * * * * * * * * * * * * * //

dimensions      [0 1 -1 0 0 0 0];

internalField   nonuniform List<vector> 
1063
(
(0.778204 0.367816 6.46589e-23)
(0.693093 0.447408 -1.61983e-23)
(0.616744 0.415628 -4.70295e-23)
(0.651125 0.210847 9.03752e-23)
(0.72852 -0.039809 -2.19785e-23)
(0.793181 -0.210914 -2.50985e-23)
(0.772343 -0.313732 -1.60957e-23)
(0.680325 -0.352499 3.26279e-24)
(0.659589 -0.259445 -2.02796e-23)
(0.721381 -0.0671835 1.2686e-23)
(0.772937 0.368774 -1.422e-22)
(0.686271 0.450841 -6.39994e-23)
(0.61387 0.416532 1.20782e-23)
(0.650676 0.208648 3.62081e-23)
(0.729269 -0.0425691 -1.41238e-22)
(0.796024 -0.211774 -1.23124e-22)
(0.778356 -0.3116 3.08631e-23)
(0.685456 -0.350362 -7.27666e-23)
(0.660134 -0.260171 -9.26894e-24)
(0.719548 -0.0692664 -3.63489e-24)
(0.767606 0.369762 1.77658e-22)
(0.679583 0.454208 2.15901e-22)
(0.611107 0.417372 -2.44964e-22)
(0.650324 0.206502 -3.38661e-23)
(0.730124 -0.0452854 2.68505e-22)
(0.798818 -0.212672 1.72501e-22)
(0.784325 -0.309485 3.32035e-23)
(0.690738 -0.348136 2.31329e-22)
(0.660752 -0.260826 3.76485e-23)
(0.717634 -0.071339 -9.32937e-24)
(0.762217 0.370775 -2.12768e-22)
(0.673034 0.457503 1.10331e-22)
(0.608451 0.418152 2.1093e-22)
(0.650086 0.204409 4.93498e-22)
(0.731104 -0.0479549 9.42345e-23)
(0.801569 -0.213608 -9.4408e-25)
(0.79024 -0.307392 -1.78912e-22)
(0.696165 -0.345825 7.15359e-23)
(0.661449 -0.261403 -2.63783e-22)
(0.715637 -0.0733974 3.32748e-22)
(0.756776 0.371807 -3.37783e-22)
(0.666634 0.460723 2.00689e-22)
(0.605896 0.418875 1.82599e-22)
(0.64998 0.202373 -5.48278e-22)
(0.732227 -0.050574 1.09803e-23)
(0.804285 -0.214578 -1.2665e-22)
(0.796095 -0.305327 2.38714e-22)
(0.701732 -0.343429 -3.22856e-22)
(0.662234 -0.261897 2.92629e-22)
(0.713555 -0.0754375 -1.99837e-22)
(0.751289 0.372852 2.24358e-22)
(0.660386 0.463863 -3.3909e-22)
(0.60344 0.419544 -4.81301e-22)
(0.650023 0.200394 -1.38127e-22)
(0.73351 -0.0531391 -3.7349e-22)
(0.806975 -0.21558 3.26621e-22)
(0.801883 -0.303296 -6.35878e-22)
(0.707434 -0.340953 4.02199e-22)
(0.663115 -0.262301 1.10192e-22)
(0.711388 -0.077455 -4.50186e-22)
(0.745763 0.373905 -4.9574e-22)
(0.654295 0.466921 4.17151e-22)
(0.601082 0.420163 2.04972e-22)
(0.650228 0.198474 1.20686e-22)
(0.734967 -0.0556465 9.90095e-23)
(0.809645 -0.216612 1.12129e-22)
(0.807599 -0.301302 1.7979e-22)
(0.713263 -0.338398 -1.79619e-22)
(0.664101 -0.26261 -4.51058e-22)
(0.70914 -0.0794454 5.00614e-23)
(0.740206 0.374957 -3.45413e-22)
(0.648363 0.469892 -3.26522e-22)
(0.59882 0.420733 7.66838e-22)
(0.650609 0.196612 -6.47556e-22)
(0.736613 -0.0580919 4.75393e-22)
(0.812305 -0.21767 -7.0737e-22)
(0.813236 -0.299351 4.07574e-22)
(0.719212 -0.335769 -2.95983e-22)
(0.665202 -0.262819 2.8165e-22)
(0.706814 -0.0814042 -2.4682e-23)
(0.734626 0.376003 -2.82918e-22)
(0.642591 0.472775 2.05763e-22)
(0.596654 0.421258 -1.75899e-22)
(0.651178 0.194809 -5.03434e-23)
(0.738458 -0.0604714 -4.46288e-22)
(0.814962 -0.21875 8.61045e-22)
(0.818789 -0.297448 -2.21538e-22)
(0.725272 -0.33307 -1.50729e-22)
(0.666427 -0.262923 4.90248e-22)
(0.704415 -0.083327 -4.68253e-22)
(0.729029 0.377034 4.07704e-22)
(0.636979 0.475566 -2.38329e-22)
(0.594585 0.421738 -6.90316e-22)
(0.651944 0.193065 5.6302e-22)
(0.740513 -0.0627806 -5.52114e-22)
(0.817623 -0.219848 -2.46015e-21)
(0.824254 -0.295595 -3.10914e-22)
(0.731436 -0.330304 9.29353e-22)
(0.667785 -0.262917 -9.9266e-22)
(0.701951 -0.085209 1.40848e-21)
(0.723425 0.378043 -3.22359e-22)
(0.631527 0.478263 -1.33936e-21)
(0.592614 0.422176 1.53289e-22)
(0.652915 0.191378 1.8067e-22)
(0.742786 -0.0650153 6.83923e-22)
(0.820297 -0.220958 2.0841e-21)
(0.829625 -0.293798 1.87418e-21)
(0.737693 -0.327477 -4.64989e-22)
(0.669286 -0.262797 5.21208e-22)
(0.699431 -0.0870457 -8.85514e-22)
(0.717821 0.379022 1.61804e-21)
(0.626232 0.480863 2.18927e-21)
(0.590744 0.422574 1.34737e-21)
(0.654095 0.189748 -6.27782e-23)
(0.745283 -0.0671713 -2.75946e-22)
(0.822991 -0.222076 -1.4811e-21)
(0.834899 -0.292059 -1.08883e-21)
(0.744035 -0.324594 -6.83615e-22)
(0.670941 -0.26256 4.73118e-22)
(0.696864 -0.0888322 7.24731e-22)
(0.712226 0.379963 5.81003e-23)
(0.621092 0.483366 -2.32402e-22)
(0.588975 0.422932 -1.20394e-21)
(0.655487 0.188175 -7.46127e-22)
(0.748008 -0.0692444 -3.19423e-22)
(0.825712 -0.223196 8.28286e-23)
(0.840072 -0.290382 4.40503e-22)
(0.75045 -0.321661 7.69663e-22)
(0.672757 -0.262202 -1.07512e-22)
(0.694263 -0.0905641 -9.14121e-22)
(0.706646 0.380857 -4.71492e-22)
(0.616103 0.485768 -1.07689e-21)
(0.587312 0.423252 -1.9324e-21)
(0.657093 0.186657 2.02885e-21)
(0.750963 -0.0712306 4.06502e-22)
(0.828469 -0.224314 9.05928e-22)
(0.845141 -0.288769 -1.05944e-22)
(0.756929 -0.318682 -4.83417e-22)
(0.674743 -0.261721 -1.05249e-22)
(0.69164 -0.0922366 -2.59809e-22)
(0.701091 0.381697 -1.00125e-22)
(0.611262 0.488068 2.24846e-21)
(0.585754 0.423535 1.11825e-21)
(0.658909 0.185194 -9.02142e-22)
(0.75415 -0.0731262 1.92068e-21)
(0.831267 -0.225422 2.87666e-22)
(0.850104 -0.287221 2.68475e-22)
(0.763462 -0.315666 3.71739e-22)
(0.676907 -0.261115 -2.49454e-22)
(0.68901 -0.0938453 1.24805e-21)
(0.695566 0.382472 -1.20428e-21)
(0.606565 0.490264 -1.78037e-21)
(0.584306 0.423781 3.07088e-22)
(0.660932 0.183783 -1.0598e-21)
(0.757567 -0.0749276 -7.75813e-22)
(0.834114 -0.226515 -7.70149e-22)
(0.854959 -0.285742 1.63117e-23)
(0.770037 -0.312617 -4.97412e-22)
(0.679257 -0.260382 -1.1906e-22)
(0.686387 -0.0953856 -5.52102e-22)
(0.690079 0.383175 2.2202e-21)
(0.602007 0.492356 1.67744e-21)
(0.582967 0.423993 2.50025e-21)
(0.663156 0.182425 -8.25443e-22)
(0.761211 -0.0766314 -1.22328e-21)
(0.837015 -0.227588 -1.8187e-21)
(0.859703 -0.284332 2.1577e-22)
(0.776643 -0.309543 2.0021e-22)
(0.681798 -0.259523 7.27558e-22)
(0.683787 -0.0968533 -4.01909e-22)
(0.684636 0.383798 -2.44623e-21)
(0.597585 0.494342 -7.91341e-22)
(0.58174 0.42417 -2.66335e-21)
(0.665573 0.181119 -4.86987e-22)
(0.765077 -0.0782347 2.57201e-21)
(0.839977 -0.228634 -2.76082e-22)
(0.864336 -0.282992 2.20771e-22)
(0.783271 -0.306451 9.60531e-22)
(0.684537 -0.258536 -6.74136e-22)
(0.681227 -0.0982443 1.01731e-22)
(0.679245 0.384331 2.14065e-21)
(0.593294 0.49622 4.95736e-22)
(0.580625 0.424313 2.05852e-22)
(0.668175 0.179862 2.07125e-21)
(0.76916 -0.0797349 1.81158e-22)
(0.843006 -0.229648 1.10903e-21)
(0.868858 -0.281723 -7.37863e-23)
(0.789908 -0.303347 -3.65585e-22)
(0.687477 -0.257422 2.9935e-22)
(0.678724 -0.0995546 -5.95354e-22)
(0.673909 0.384765 8.16126e-22)
(0.58913 0.497991 -1.44611e-22)
(0.579622 0.424424 2.07093e-21)
(0.670949 0.178655 -6.39466e-22)
(0.77345 -0.0811298 2.31991e-22)
(0.846106 -0.230622 1.19174e-21)
(0.873267 -0.280525 1.87902e-22)
(0.796544 -0.30024 -1.11674e-21)
(0.690623 -0.256183 -5.08578e-22)
(0.676296 -0.100781 2.61385e-22)
(0.668635 0.385093 -2.00101e-21)
(0.58509 0.499652 -1.2909e-21)
(0.57873 0.424504 -2.04427e-22)
(0.673884 0.177497 3.21817e-22)
(0.777941 -0.0824175 -1.86215e-21)
(0.849282 -0.231553 -4.91791e-22)
(0.877565 -0.279397 -1.23391e-21)
(0.803168 -0.297135 6.7069e-22)
(0.693976 -0.25482 -1.05989e-22)
(0.673959 -0.101919 -3.07474e-24)
(0.663428 0.385305 1.59678e-21)
(0.581171 0.501204 -8.96631e-22)
(0.577947 0.424554 8.07165e-22)
(0.676968 0.176386 -3.74862e-23)
(0.782623 -0.0835965 -2.07762e-21)
(0.852539 -0.232434 6.25915e-22)
(0.881752 -0.278339 -2.08989e-22)
(0.809771 -0.294042 -8.99046e-22)
(0.697539 -0.253336 4.17473e-23)
(0.671733 -0.102966 -4.9582e-22)
(0.658291 0.385394 -6.02724e-22)
(0.57737 0.502646 -1.34328e-21)
(0.577272 0.424575 1.7151e-21)
(0.680186 0.175323 -1.60271e-21)
(0.787484 -0.084666 3.93852e-21)
(0.855881 -0.23326 -6.49381e-22)
(0.885829 -0.27735 2.71103e-21)
(0.81634 -0.290966 -4.45898e-22)
(0.701311 -0.251734 3.43147e-22)
(0.669635 -0.103919 6.67767e-22)
(0.653229 0.385351 -5.74736e-22)
(0.573684 0.503977 -1.5551e-21)
(0.576702 0.424568 6.20796e-23)
(0.683527 0.174307 2.76639e-21)
(0.792514 -0.0856252 -1.40753e-21)
(0.859311 -0.234026 -7.11555e-22)
(0.889799 -0.276428 -1.56125e-21)
(0.822867 -0.287916 6.64103e-22)
(0.705291 -0.250018 -2.40251e-22)
(0.667682 -0.104776 -1.22888e-22)
(0.648246 0.385168 1.65081e-21)
(0.570112 0.505197 3.39619e-22)
(0.576234 0.424536 3.63049e-22)
(0.686977 0.173338 1.18085e-21)
(0.797701 -0.086474 -6.86016e-22)
(0.862831 -0.234726 1.6254e-22)
(0.893662 -0.275571 -4.87069e-22)
(0.829341 -0.284898 -6.03652e-22)
(0.709478 -0.248193 7.49564e-23)
(0.665891 -0.105535 -1.67196e-22)
(0.643344 0.384838 -1.85999e-21)
(0.566651 0.506305 2.16761e-21)
(0.575862 0.42448 -2.71417e-21)
(0.690524 0.172415 -1.40596e-21)
(0.803034 -0.0872125 -2.30028e-21)
(0.866444 -0.235357 5.95391e-22)
(0.897421 -0.274778 7.21123e-22)
(0.835752 -0.281919 5.57864e-22)
(0.713868 -0.246263 5.62708e-22)
(0.66428 -0.106193 9.41635e-22)
(0.653774 0.0874881 1.33303e-21)
(0.638526 0.384353 -1.29725e-21)
(0.563302 0.507301 -1.17772e-21)
(0.575582 0.424402 7.9537e-22)
(0.694156 0.171538 -3.44215e-21)
(0.808502 -0.0878413 2.84079e-21)
(0.870151 -0.235913 5.21265e-22)
(0.901079 -0.274045 2.53998e-22)
(0.842093 -0.278987 6.38581e-23)
(0.718458 -0.244235 -1.4939e-22)
(0.662864 -0.106749 -1.37037e-21)
(0.649075 0.0866942 5.41018e-23)
(0.633796 0.383705 8.35541e-22)
(0.560063 0.508185 -1.13834e-21)
(0.575389 0.424304 2.95297e-22)
(0.697864 0.170707 1.97835e-21)
(0.814092 -0.088361 -7.11312e-22)
(0.873954 -0.236391 3.89161e-22)
(0.904639 -0.273369 1.37674e-21)
(0.848354 -0.276109 -6.34998e-22)
(0.723241 -0.242113 3.55102e-23)
(0.661658 -0.107204 1.0806e-21)
(0.644525 0.0858859 -9.26438e-23)
(0.629156 0.382888 -6.72551e-22)
(0.556934 0.508957 3.66109e-22)
(0.575278 0.424188 9.91179e-22)
(0.70164 0.169922 3.78831e-22)
(0.819794 -0.0887729 1.23634e-21)
(0.877853 -0.236787 -3.66381e-22)
(0.908105 -0.272749 -1.54168e-21)
(0.854526 -0.273289 3.98542e-22)
(0.728212 -0.239905 2.94212e-22)
(0.660677 -0.107555 -5.36977e-22)
(0.640138 0.085064 -2.74027e-22)
(0.624607 0.381896 -3.55828e-21)
(0.553915 0.509616 2.66847e-21)
(0.575243 0.424056 -1.66026e-21)
(0.70548 0.169183 -9.15492e-22)
(0.825598 -0.089078 -9.21915e-23)
(0.881846 -0.237098 1.42019e-21)
(0.911479 -0.272179 3.78073e-22)
(0.860603 -0.270536 1.01402e-22)
(0.733363 -0.237618 -3.45193e-22)
(0.659935 -0.107803 -8.60194e-23)
(0.635931 0.0842295 -1.72492e-22)
(0.620152 0.380721 2.52748e-22)
(0.551006 0.510164 -4.96182e-22)
(0.575278 0.423911 -1.3803e-21)
(0.709383 0.16849 -1.51091e-21)
(0.831496 -0.0892778 -1.13383e-21)
(0.885933 -0.23732 1.87175e-22)
(0.914766 -0.271657 -1.03182e-21)
(0.866578 -0.267853 1.78631e-23)
(0.738684 -0.23526 1.51653e-22)
(0.659442 -0.107948 2.17111e-22)
(0.631916 0.0833838 5.66735e-22)
(0.615793 0.379359 -2.22406e-22)
(0.548207 0.510598 -1.58494e-21)
(0.575378 0.423754 2.11235e-21)
(0.713351 0.167844 4.11174e-21)
(0.83748 -0.0893737 -3.04722e-22)
(0.890111 -0.23745 8.43028e-22)
(0.91797 -0.271179 4.75981e-22)
(0.872443 -0.265248 6.04366e-22)
(0.744166 -0.232837 -1.98953e-22)
(0.659212 -0.107991 -1.01918e-22)
(0.628109 0.0825283 6.21308e-23)
(0.61153 0.377804 -3.74624e-21)
(0.545517 0.510921 2.57228e-21)
(0.57554 0.423587 -1.59176e-21)
(0.717396 0.167244 -3.90183e-21)
(0.843544 -0.0893668 3.87126e-21)
(0.894379 -0.237486 1.0603e-21)
(0.921094 -0.270741 -1.99573e-21)
(0.878194 -0.262724 -2.08006e-22)
(0.749798 -0.230358 2.19917e-23)
(0.659254 -0.107934 -2.23975e-23)
(0.62452 0.0816646 -1.02303e-22)
(0.607364 0.37605 5.19428e-22)
(0.542937 0.511131 7.73277e-22)
(0.575763 0.423412 -1.25242e-21)
(0.721537 0.166691 -5.23356e-22)
(0.849683 -0.0892573 -2.05667e-21)
(0.89873 -0.237425 -8.16693e-22)
(0.924144 -0.270339 1.42802e-21)
(0.883824 -0.260287 6.401e-22)
(0.755567 -0.227832 9.61368e-24)
(0.659579 -0.107778 1.40798e-22)
(0.621162 0.0807941 1.66053e-22)
(0.603293 0.374093 -2.13976e-21)
(0.540465 0.511228 1.04405e-21)
(0.57605 0.42323 -6.74187e-22)
(0.725804 0.166185 2.84637e-21)
(0.855897 -0.0890471 1.21349e-21)
(0.903162 -0.237266 1.31048e-21)
(0.927125 -0.269968 -5.54366e-22)
(0.88933 -0.25794 3.64087e-22)
(0.761462 -0.225266 8.13271e-23)
(0.660196 -0.107525 9.00271e-23)
(0.618045 0.0799192 -7.24162e-22)
(0.599309 0.371931 8.7471e-22)
(0.538098 0.511212 1.15321e-21)
(0.576418 0.423037 -3.47078e-21)
(0.730247 0.165717 -5.47724e-22)
(0.862183 -0.0887447 -1.80847e-21)
(0.907667 -0.237007 -9.19686e-23)
(0.930041 -0.26962 -6.18795e-22)
(0.894708 -0.255681 -2.66104e-22)
(0.767468 -0.222663 5.10149e-23)
(0.661112 -0.107173 3.15657e-23)
(0.615177 0.079045 2.62341e-22)
(0.595392 0.36957 1.82163e-22)
(0.535833 0.511082 3.65403e-21)
(0.576903 0.422825 -3.33156e-21)
(0.734938 0.165278 4.81715e-21)
(0.868545 -0.0883498 -1.56922e-21)
(0.912241 -0.236645 1.34623e-21)
(0.932897 -0.269293 4.62556e-22)
(0.899953 -0.253519 -3.50597e-23)
(0.773571 -0.22004 -7.31179e-23)
(0.662335 -0.106728 4.51878e-23)
(0.612564 0.0781737 -9.43171e-23)
(0.591497 0.366971 -8.68402e-22)
(0.533661 0.510835 8.75082e-22)
(0.577593 0.422626 -1.38021e-21)
(0.73999 0.164953 1.57747e-21)
(0.874985 -0.0877935 -1.39446e-21)
(0.916874 -0.236168 3.22484e-22)
(0.935698 -0.269009 -1.86951e-21)
(0.905064 -0.251494 3.0806e-22)
(0.779757 -0.217448 1.26207e-22)
(0.663873 -0.106237 -9.63403e-23)
(0.610212 0.0772758 2.54672e-22)
(0.58752 0.363973 1.41027e-21)
(0.531568 0.510463 -1.34141e-21)
(0.578686 0.422601 -1.09843e-21)
(0.745573 0.164946 2.03585e-21)
(0.881508 -0.0869767 -6.55842e-22)
(0.921555 -0.235573 -4.96656e-22)
(0.938449 -0.268795 -2.35438e-22)
(0.910037 -0.249634 -3.16406e-22)
(0.786011 -0.214907 9.40916e-23)
(0.665729 -0.105735 -1.20396e-22)
(0.608124 0.0763028 2.85425e-22)
(0.583246 0.360835 -1.73914e-21)
(0.529529 0.509941 1.37002e-21)
(0.580631 0.422427 -8.18692e-22)
(0.751943 0.164672 2.70148e-21)
(0.888112 -0.0863037 -1.05229e-21)
(0.926273 -0.234926 -1.34003e-21)
(0.941152 -0.268492 3.3654e-22)
(0.91487 -0.247694 -3.25559e-22)
(0.792318 -0.212137 7.93452e-23)
(0.667908 -0.10492 3.64278e-23)
(0.606304 0.075486 8.43034e-23)
(0.57775 0.359855 0)
(0.527335 0.50926 0)
(0.584711 0.419106 0)
(0.760634 0.160902 0)
(0.896103 -0.0872069 0)
(0.93203 -0.234297 0)
(0.9444 -0.267628 0)
(0.920585 -0.244719 0)
(0.800046 -0.207938 0)
(0.670938 -0.102758 0)
(0.604434 0.0756558 0)
(0.571371 0.362369 0)
(0.525075 0.508822 0)
(0.590631 0.412238 0)
(0.771367 0.151906 0)
(0.906558 -0.0922661 0)
(0.939996 -0.23574 0)
(0.948548 -0.267304 0)
(0.92678 -0.241051 0)
(0.808827 -0.201605 0)
(0.674964 -0.0976744 0)
(0.602882 0.0781198 0)
(0.565323 0.365323 0)
(0.523225 0.508194 0)
(0.597534 0.404581 0)
(0.782425 0.142412 0)
(0.917755 -0.0972602 0)
(0.948722 -0.236967 0)
(0.952911 -0.266981 0)
(0.932612 -0.237534 0)
(0.817466 -0.195211 0)
(0.679501 -0.0923078 0)
(0.602078 0.0808051 0)
(0.559685 0.367797 0)
(0.521892 0.507097 0)
(0.605455 0.396678 0)
(0.793899 0.133073 0)
(0.92952 -0.101936 0)
(0.957988 -0.237856 0)
(0.957439 -0.266519 0)
(0.938186 -0.23407 0)
(0.826091 -0.188752 0)
(0.684618 -0.0867998 0)
(0.602088 0.0834206 0)
(0.554525 0.37 0)
(0.521209 0.505509 0)
(0.614393 0.388354 0)
(0.805881 0.123539 0)
(0.941724 -0.106616 0)
(0.967674 -0.238548 0)
(0.962118 -0.265926 0)
(0.943552 -0.230625 0)
(0.834771 -0.182146 0)
(0.690369 -0.0809811 0)
(0.602981 0.0861323 0)
(0.549908 0.372139 0)
(0.521318 0.503434 0)
(0.624337 0.379434 0)
(0.818451 0.113653 0)
(0.954278 -0.111369 0)
(0.977708 -0.239048 0)
(0.966944 -0.265189 0)
(0.948731 -0.227202 0)
(0.843534 -0.175399 0)
(0.696797 -0.0748176 0)
(0.604827 0.0890088 0)
(0.545901 0.374237 0)
(0.522385 0.500841 0)
(0.635296 0.369881 0)
(0.831679 0.103438 0)
(0.967117 -0.116165 0)
(0.988038 -0.239335 0)
(0.97192 -0.264287 0)
(0.953726 -0.223806 0)
(0.852386 -0.168539 0)
(0.703937 -0.0683312 0)
(0.607704 0.0920406 0)
(0.542577 0.37626 0)
(0.524588 0.49769 0)
(0.647319 0.359704 0)
(0.845623 0.0929327 0)
(0.980193 -0.12098 0)
(0.998618 -0.239391 0)
(0.977051 -0.263198 0)
(0.958535 -0.220437 0)
(0.861315 -0.161589 0)
(0.711813 -0.0615433 0)
(0.611686 0.0952102 0)
(0.54002 0.378182 0)
(0.528111 0.493943 0)
(0.660502 0.348907 0)
(0.860341 0.0821614 0)
(0.993472 -0.125796 0)
(1.0094 -0.239205 0)
(0.982344 -0.261901 0)
(0.963149 -0.217096 0)
(0.870299 -0.154578 0)
(0.720441 -0.054474 0)
(0.616853 0.0985057 0)
(0.538334 0.379987 0)
(0.533129 0.489559 0)
(0.674985 0.337487 0)
(0.875891 0.0711486 0)
(1.00693 -0.130594 0)
(1.02035 -0.238764 0)
(0.987803 -0.260375 0)
(0.96756 -0.213782 0)
(0.879308 -0.147534 0)
(0.729829 -0.0471474 0)
(0.623281 0.101915 0)
(0.53764 0.381655 0)
(0.539799 0.484494 0)
(0.690933 0.325444 0)
(0.892332 0.0599288 0)
(1.02053 -0.135344 0)
(1.0314 -0.238055 0)
(0.993435 -0.258599 0)
(0.971763 -0.210493 0)
(0.888303 -0.140487 0)
(0.739975 -0.0395933 0)
(0.631043 0.105421 0)
(0.538088 0.383164 0)
(0.548257 0.4787 0)
(0.708518 0.312784 0)
(0.909721 0.048547 0)
(1.03427 -0.140013 0)
(1.04252 -0.237068 0)
(0.999242 -0.256554 0)
(0.975753 -0.207225 0)
(0.89724 -0.133471 0)
(0.750869 -0.0318479 0)
(0.640206 0.109005 0)
(0.539851 0.384485 0)
(0.558633 0.472126 0)
(0.727902 0.299517 0)
(0.9281 0.0370581 0)
(1.04812 -0.144563 0)
(1.05363 -0.235792 0)
(1.00522 -0.254218 0)
(0.979528 -0.203972 0)
(0.906069 -0.126521 0)
(0.762488 -0.0239531 0)
(0.650826 0.112642 0)
(0.543124 0.385587 0)
(0.571061 0.464721 0)
(0.749225 0.28566 0)
(0.947495 0.0255275 0)
(1.06205 -0.148947 0)
(1.06468 -0.234215 0)
(1.01138 -0.251573 0)
(0.983092 -0.200728 0)
(0.914737 -0.119675 0)
(0.774797 -0.0159575 0)
(0.662948 0.116304 0)
(0.548109 0.386436 0)
(0.585694 0.456434 0)
(0.772589 0.271236 0)
(0.967901 0.0140316 0)
(1.07603 -0.153115 0)
(1.07559 -0.232328 0)
(1.01769 -0.248603 0)
(0.986454 -0.197481 0)
(0.923187 -0.112969 0)
(0.787748 -0.00791601 0)
(0.676599 0.119957 0)
(0.555011 0.38699 0)
(0.602718 0.447215 0)
(0.798053 0.256275 0)
(0.98928 0.00265512 0)
(1.09 -0.157011 0)
(1.0863 -0.230121 0)
(1.02415 -0.245292 0)
(0.989628 -0.194219 0)
(0.931356 -0.106442 0)
(0.801277 0.00010937 0)
(0.69179 0.123561 0)
(0.564026 0.387203 0)
(0.622342 0.437021 0)
(0.825622 0.240823 0)
(1.01156 -0.00850723 0)
(1.10393 -0.160572 0)
(1.09673 -0.227584 0)
(1.03075 -0.241629 0)
(0.992634 -0.190928 0)
(0.939185 -0.100129 0)
(0.815304 0.0080507 0)
(0.708507 0.127071 0)
(0.575341 0.387019 0)
(0.644784 0.425815 0)
(0.855234 0.224944 0)
(1.03461 -0.0193522 0)
(1.11773 -0.163736 0)
(1.1068 -0.224712 0)
(1.03744 -0.237605 0)
(0.995501 -0.187589 0)
(0.946612 -0.0940671 0)
(0.829731 0.0158346 0)
(0.726712 0.130437 0)
(0.589133 0.386372 0)
(0.670242 0.413571 0)
(0.88676 0.208718 0)
(1.05827 -0.029772 0)
(1.13134 -0.166436 0)
(1.11644 -0.221498 0)
(1.0442 -0.233216 0)
(0.998262 -0.184183 0)
(0.95358 -0.0882877 0)
(0.844445 0.0233818 0)
(0.74634 0.133599 0)
(0.605583 0.385185 0)
(0.698872 0.400277 0)
(0.919998 0.192251 0)
(1.08235 -0.0396545 0)
(1.14466 -0.168608 0)
(1.12557 -0.217939 0)
(1.05098 -0.228463 0)
(1.00096 -0.180689 0)
(0.960038 -0.082819 0)
(0.859315 0.0306092 0)
(0.767292 0.136495 0)
(0.624877 0.383372 0)
(0.730753 0.385943 0)
(0.954674 0.175669 0)
(1.10658 -0.0488867 0)
(1.15758 -0.170189 0)
(1.13412 -0.214032 0)
(1.05774 -0.22335 0)
(1.00363 -0.177082 0)
(0.965944 -0.0776841 0)
(0.874198 0.0374308 0)
(0.789436 0.139054 0)
(0.647212 0.380837 0)
(0.765874 0.370601 0)
(0.99045 0.15912 0)
(1.1307 -0.0573564 0)
(1.17 -0.171121 0)
(1.14203 -0.209781 0)
(1.06442 -0.217889 0)
(1.00633 -0.173341 0)
(0.97127 -0.0728989 0)
(0.888939 0.0437596 0)
(0.812601 0.141203 0)
(0.67278 0.377476 0)
(0.804113 0.354317 0)
(1.02693 0.142775 0)
(1.1544 -0.0649559 0)
(1.18179 -0.171353 0)
(1.14924 -0.205188 0)
(1.07095 -0.212098 0)
(1.00911 -0.16944 0)
(0.976005 -0.0684721 0)
(0.903382 0.04951 0)
(0.836575 0.142867 0)
(0.701744 0.373178 0)
(0.845223 0.337193 0)
(1.06365 0.12682 0)
(1.17735 -0.0715846 0)
(1.19282 -0.170844 0)
(1.15569 -0.200264 0)
(1.07728 -0.205999 0)
(1.01201 -0.165357 0)
(0.98016 -0.0644036 0)
(0.917369 0.0546008 0)
(0.861101 0.143973 0)
(0.734197 0.36783 0)
(0.888816 0.31937 0)
(1.1001 0.111456 0)
(1.1992 -0.0771524 0)
(1.20296 -0.169565 0)
(1.16137 -0.19502 0)
(1.08333 -0.199622 0)
(1.01507 -0.161074 0)
(0.983771 -0.0606847 0)
(0.930756 0.0589582 0)
(0.885882 0.144448 0)
(0.770112 0.361322 0)
(0.934342 0.301031 0)
(1.1357 0.0968906 0)
(1.2196 -0.081584 0)
(1.21208 -0.1675 0)
(1.16624 -0.189473 0)
(1.08905 -0.193001 0)
(1.01833 -0.156574 0)
(0.986898 -0.0572978 0)
(0.943414 0.0625196 0)
(0.910584 0.144233 0)
(0.809277 0.353553 0)
(0.981066 0.282401 0)
(1.16985 0.0833302 0)
(1.23822 -0.0848235 0)
(1.22008 -0.164651 0)
(1.1703 -0.183645 0)
(1.09438 -0.186174 0)
(1.02179 -0.151846 0)
(0.989632 -0.0542174 0)
(0.955243 0.0652378 0)
(0.934841 0.143278 0)
(0.851237 0.344441 0)
(1.02805 0.263735 0)
(1.20186 0.0709679 0)
(1.25472 -0.0868403 0)
(1.22686 -0.161037 0)
(1.17357 -0.177564 0)
(1.09926 -0.179184 0)
(1.02546 -0.146887 0)
(0.992084 -0.0514114 0)
(0.966178 0.0670844 0)
(0.958271 0.141551 0)
(0.89523 0.333937 0)
(1.07415 0.245313 0)
(1.23105 0.0599695 0)
(1.26883 -0.0876343 0)
(1.23234 -0.1567 0)
(1.17606 -0.171258 0)
(1.10366 -0.172074 0)
(1.02933 -0.141702 0)
(0.994387 -0.0488428 0)
(0.976191 0.0680531 0)
(0.980492 0.139041 0)
(0.940158 0.322036 0)
(1.11807 0.227418 0)
(1.25675 0.0504614 0)
(1.2803 -0.0872406 0)
(1.23648 -0.151698 0)
(1.17783 -0.164765 0)
(1.10756 -0.164889 0)
(1.03337 -0.136305 0)
(0.996682 -0.0464724 0)
(0.985295 0.0681624 0)
(1.00115 0.135761 0)
(0.984601 0.308795 0)
(1.15843 0.210312 0)
(1.27837 0.0425128 0)
(1.28901 -0.085733 0)
(1.23929 -0.14611 0)
(1.17893 -0.158121 0)
(1.11095 -0.157671 0)
(1.03754 -0.130717 0)
(0.999109 -0.0442612 0)
(0.99354 0.0674562 0)
(1.01992 0.131748 0)
(1.02692 0.294338 0)
(1.19388 0.194217 0)
(1.29546 0.0361167 0)
(1.2949 -0.0832244 0)
(1.2408 -0.140028 0)
(1.17943 -0.151368 0)
(1.11384 -0.150461 0)
(1.04179 -0.12497 0)
(1.00179 -0.0421727 0)
(1.00101 0.0660028 0)
(1.03658 0.127066 0)
(1.06543 0.27886 0)
(1.22332 0.179288 0)
(1.30776 0.0311926 0)
(1.29804 -0.0798618 0)
(1.24109 -0.133558 0)
(1.1794 -0.144547 0)
(1.11624 -0.143295 0)
(1.04605 -0.119102 0)
(1.00483 -0.0401752 0)
(1.0078 0.0638923 0)
(1.05096 0.121799 0)
(1.09866 0.262619 0)
(1.24602 0.165595 0)
(1.31529 0.0275913 0)
(1.29862 -0.0758176 0)
(1.24029 -0.12681 0)
(1.17893 -0.137697 0)
(1.1182 -0.136205 0)
(1.05027 -0.113157 0)
(1.00829 -0.0382436 0)
(1.01402 0.0612313 0)
(1.06304 0.116049 0)
(1.12559 0.245914 0)
(1.26178 0.153125 0)
(1.31834 0.0251036 0)
(1.29692 -0.071278 0)
(1.23853 -0.119893 0)
(1.17808 -0.130856 0)
(1.11976 -0.129217 0)
(1.0544 -0.107182 0)
(1.01218 -0.0363591 0)
(1.01979 0.0581366 0)
(1.07287 0.109929 0)
(1.27092 0.141792 0)
(1.31742 0.0234858 0)
(1.2933 -0.0664281 0)
(1.23597 -0.11291 0)
(1.17693 -0.124059 0)
(1.12097 -0.122351 0)
(1.0584 -0.101223 0)
(1.01648 -0.03451 0)
(1.0252 0.0547279 0)
(1.08061 0.103557 0)
(1.27423 0.131456 0)
(1.31324 0.0224896 0)
(1.28817 -0.0614382 0)
(1.23278 -0.105951 0)
(1.17555 -0.117335 0)
(1.12188 -0.115624 0)
(1.06222 -0.0953257 0)
(1.02112 -0.0326907 0)
(1.03033 0.0511202 0)
(1.08651 0.097048 0)
(1.27285 0.121958 0)
(1.30658 0.0218894 0)
(1.2819 -0.056453 0)
(1.22911 -0.0990916 0)
(1.17398 -0.110709 0)
(1.12255 -0.109047 0)
(1.06585 -0.0895284 0)
(1.02603 -0.0309008 0)
(1.03523 0.0474177 0)
(1.09084 0.0905081 0)
(1.26803 0.113144 0)
(1.2982 0.021497 0)
(1.27488 -0.0515859 0)
(1.2251 -0.0923898 0)
(1.17229 -0.104201 0)
(1.12301 -0.102627 0)
(1.06927 -0.0838646 0)
(1.03108 -0.0291429 0)
(1.03994 0.0437095 0)
(1.09392 0.0840308 0)
(1.26093 0.104884 0)
(1.28878 0.021168 0)
(1.26741 -0.0469182 0)
(1.22085 -0.0858889 0)
(1.1705 -0.0978269 0)
(1.12332 -0.0963701 0)
(1.07249 -0.0783604 0)
(1.03618 -0.0274217 0)
(1.04446 0.0400671 0)
(1.09604 0.0776929 0)
(1.25256 0.0970809 0)
(1.27886 0.020803 0)
(1.25972 -0.042502 0)
(1.21648 -0.0796182 0)
(1.16863 -0.0916001 0)
(1.12349 -0.0902791 0)
(1.07549 -0.0730344 0)
(1.04123 -0.0257422 0)
(1.0488 0.0365442 0)
(1.09744 0.0715545 0)
(1.24366 0.0896698 0)
(1.26885 0.0203477 0)
(1.25201 -0.038365 0)
(1.21203 -0.0735954 0)
(1.16671 -0.0855298 0)
(1.12357 -0.0843558 0)
(1.07828 -0.0678982 0)
(1.04614 -0.0241086 0)
(1.05294 0.0331781 0)
(1.09835 0.065659 0)
(1.23472 0.0826108 0)
(1.259 0.0197815 0)
(1.24441 -0.0345169 0)
(1.20759 -0.0678296 0)
(1.16476 -0.079623 0)
(1.12357 -0.078601 0)
(1.08088 -0.0629577 0)
(1.05084 -0.022524 0)
(1.05687 0.0299923 0)
(1.09892 0.0600349 0)
(1.22606 0.0758813 0)
(1.24949 0.0190982 0)
(1.23699 -0.0309563 0)
(1.20317 -0.0623238 0)
(1.16279 -0.0738851 0)
(1.12351 -0.0730147 0)
(1.08328 -0.0582137 0)
(1.05529 -0.0209897 0)
(1.06057 0.0269992 0)
(1.09928 0.0546986 0)
(1.21784 0.0694671 0)
(1.24042 0.0183057 0)
(1.22983 -0.0276735 0)
(1.19883 -0.0570762 0)
(1.16081 -0.0683193 0)
(1.1234 -0.0675961 0)
(1.08551 -0.0536632 0)
(1.05947 -0.0195055 0)
(1.06402 0.0242034 0)
(1.09949 0.0496566 0)
(1.21013 0.0633594 0)
(1.23183 0.0174131 0)
(1.22295 -0.0246556 0)
(1.19459 -0.0520816 0)
(1.15885 -0.0629272 0)
(1.12324 -0.0623436 0)
(1.08756 -0.0493006 0)
(1.06334 -0.0180693 0)
(1.06721 0.0216036 0)
(1.0996 0.0449077 0)
(1.20297 0.0575493 0)
(1.22377 0.0164347 0)
(1.2164 -0.0218869 0)
(1.19048 -0.0473327 0)
(1.1569 -0.0577088 0)
(1.12305 -0.0572546 0)
(1.08944 -0.0451179 0)
(1.06691 -0.0166784 0)
(1.07015 0.019195 0)
(1.09966 0.0404456 0)
(1.19635 0.052026 0)
(1.21623 0.0153897 0)
(1.21019 -0.0193493 0)
(1.18651 -0.04282 0)
(1.15499 -0.0526621 0)
(1.12283 -0.0523252 0)
(1.09116 -0.0411059 0)
(1.07018 -0.0153286 0)
(1.07283 0.0169701 0)
(1.09967 0.03626 0)
(1.19027 0.0467785 0)
(1.20923 0.0142881 0)
(1.20434 -0.0170265 0)
(1.18272 -0.0385325 0)
(1.15312 -0.0477835 0)
(1.12258 -0.0475503 0)
(1.09272 -0.0372541 0)
(1.07315 -0.0140157 0)
(1.07526 0.0149201 0)
(1.09964 0.0323377 0)
(1.18472 0.0417935 0)
(1.20276 0.0131405 0)
(1.19888 -0.014901 0)
(1.17911 -0.0344576 0)
(1.15133 -0.0430672 0)
(1.12231 -0.0429235 0)
(1.09412 -0.0335511 0)
(1.07584 -0.0127348 0)
(1.07745 0.013035 0)
(1.09959 0.0286636 0)
(1.17967 0.0370549 0)
(1.19683 0.011961 0)
(1.19381 -0.0129545 0)
(1.17573 -0.0305814 0)
(1.14961 -0.0385057 0)
(1.12204 -0.0384366 0)
(1.09538 -0.0299849 0)
(1.07824 -0.0114812 0)
(1.07939 0.0113041 0)
(1.09952 0.0252212 0)
(1.17512 0.0325452 0)
(1.19143 0.0107568 0)
(1.18915 -0.0111699 0)
(1.17257 -0.0268883 0)
(1.14799 -0.0340891 0)
(1.12175 -0.0340796 0)
(1.0965 -0.0265423 0)
(1.08038 -0.0102498 0)
(1.08112 0.00971581 0)
(1.09943 0.0219923 0)
(1.17106 0.028245 0)
(1.18658 0.00953292 0)
(1.18491 -0.00953008 0)
(1.16968 -0.0233616 0)
(1.14648 -0.0298055 0)
(1.12147 -0.0298406 0)
(1.09748 -0.0232095 0)
(1.08226 -0.009036 0)
(1.08263 0.00825806 0)
(1.09933 0.0189575 0)
(1.16748 0.0241318 0)
(1.18228 0.00829618 0)
(1.18113 -0.00801692 0)
(1.16706 -0.0199825 0)
(1.1451 -0.0256403 0)
(1.12119 -0.0257057 0)
(1.09833 -0.0199718 0)
(1.08389 -0.00783468 0)
(1.08393 0.00691794 0)
(1.09922 0.0160962 0)
(1.16439 0.0201815 0)
(1.17854 0.00704872 0)
(1.17781 -0.00661315 0)
(1.16474 -0.0167307 0)
(1.14386 -0.0215765 0)
(1.12093 -0.0216587 0)
(1.09905 -0.0168131 0)
(1.08529 -0.00664099 0)
(1.08504 0.00568165 0)
(1.09912 0.0133862 0)
(1.16177 0.0163669 0)
(1.17536 0.00579216 0)
(1.17497 -0.00530066 0)
(1.16275 -0.0135838 0)
(1.14278 -0.0175943 0)
(1.1207 -0.017681 0)
(1.09964 -0.013716 0)
(1.08645 -0.00545057 0)
(1.08595 0.0045342 0)
(1.09902 0.0108035 0)
(1.15965 0.0126575 0)
(1.17277 0.00452707 0)
(1.17264 -0.00406071 0)
(1.1611 -0.0105171 0)
(1.14189 -0.0136708 0)
(1.12049 -0.0137509 0)
(1.10012 -0.0106616 0)
(1.08738 -0.00425799 0)
(1.08669 0.00345964 0)
(1.09893 0.00832189 0)
(1.15802 0.00901898 0)
(1.17078 0.00325119 0)
(1.17084 -0.00287401 0)
(1.15982 -0.00750326 0)
(1.14119 -0.00977968 0)
(1.12033 -0.00984389 0)
(1.10048 -0.00762915 0)
(1.08808 -0.00305782 0)
(1.08724 0.00244066 0)
(1.09886 0.0059129 0)
(1.15691 0.00541467 0)
(1.16941 0.00195979 0)
(1.16961 -0.00172057 0)
(1.15893 -0.00451225 0)
(1.1407 -0.00589121 0)
(1.12022 -0.00593245 0)
(1.10073 -0.00459601 0)
(1.08856 -0.00184529 0)
(1.08762 0.00145778 0)
(1.0988 0.0035456 0)
(1.15633 0.00180815 0)
(1.16871 0.000654553 0)
(1.16897 -0.000574889 0)
(1.15848 -0.00150924 0)
(1.14045 -0.0019718 0)
(1.12015 -0.00198593 0)
(1.10085 -0.00153815 0)
(1.08881 -0.000617618 0)
(1.08781 0.000486376 0)
(1.09877 0.0011841 0)
(0.670528 -0.356503 5.8953e-23)
(0.658693 -0.2578 4.12302e-23)
(0.724825 -0.063003 -3.22229e-24)
(0.783404 0.366892 -6.42844e-23)
(0.700039 0.443913 1.56949e-23)
(0.619735 0.414656 -2.98986e-23)
(0.651653 0.213096 -1.03192e-23)
(0.727858 -0.0370081 2.16915e-23)
(0.790281 -0.210092 2.50938e-23)
(0.766291 -0.315875 1.64094e-23)
(0.675348 -0.354547 3.78705e-23)
(0.65911 -0.258652 -8.58129e-24)
(0.723138 -0.0650945 -5.78293e-24)
)
;

boundaryField
{
    inlet
    {
        type            uniformFixedValue;
        uniformValue    constant (1 0 0);
        value           nonuniform 0();
    }
    outlet
    {
        type            pressureInletOutletVelocity;
        value           nonuniform 0();
    }
    cylinder
    {
        type            fixedValue;
        value           nonuniform 0();
    }
    top
    {
        type            symmetryPlane;
    }
    bottom
    {
        type            symmetryPlane;
    }
    defaultFaces
    {
        type            empty;
    }
    procBoundary29to12
    {
        type            processor;
        value           uniform (0.741602 0.250854 -1.04287e-22);
    }
    procBoundary29to13
    {
        type            processor;
        value           nonuniform List<vector> 
11
(
(0.665866 -0.358369 1.51406e-22)
(0.658332 -0.256894 1.84387e-22)
(0.726451 -0.0609126 3.97534e-23)
(0.788531 0.366005 -3.27076e-22)
(0.707097 0.440361 -9.58912e-23)
(0.622851 0.413613 3.10971e-23)
(0.652241 0.215389 2.20723e-23)
(0.727262 -0.0341688 -3.45225e-23)
(0.787316 -0.209309 -1.48735e-22)
(0.760208 -0.318023 4.73799e-23)
(0.760208 -0.318023 4.73799e-23)
)
;
    }
    procBoundary29to14
    {
        type            processor;
        value           nonuniform List<vector> 4((0.776124 0.104638 3.14776e-23) (0.772174 0.103872 -1.1249e-23) (0.783659 0.106247 -1.43392e-23) (0.779951 0.10543 4.78775e-23));
    }
    procBoundary29to28
    {
        type            processor;
        value           nonuniform List<vector> 
101
(
(0.73893 0.247669 -9.18327e-23)
(0.736392 0.244438 5.31616e-22)
(0.733975 0.241169 -4.21995e-22)
(0.731664 0.237868 -2.44975e-22)
(0.729444 0.234539 5.83257e-22)
(0.727299 0.231188 -5.22976e-22)
(0.725213 0.227817 6.52833e-22)
(0.723169 0.224429 -1.14698e-21)
(0.721151 0.221025 -2.38689e-22)
(0.719142 0.217606 -2.23787e-22)
(0.717124 0.214171 2.88834e-22)
(0.715083 0.210717 5.94567e-22)
(0.713002 0.207243 2.83548e-21)
(0.710866 0.203743 -1.22316e-21)
(0.708661 0.200213 -2.57032e-21)
(0.706374 0.196647 1.58995e-21)
(0.703994 0.193038 9.06114e-22)
(0.701508 0.189379 5.65621e-22)
(0.698909 0.185662 -7.56429e-22)
(0.696189 0.181879 -3.32151e-22)
(0.693341 0.178022 2.11214e-22)
(0.690361 0.174082 1.33369e-21)
(0.687247 0.17005 -2.36447e-21)
(0.683999 0.16592 2.48555e-22)
(0.680616 0.161685 1.17832e-21)
(0.677102 0.157336 6.85488e-22)
(0.673462 0.152869 -1.61466e-22)
(0.669701 0.14828 -9.05534e-22)
(0.665827 0.143563 -2.48029e-21)
(0.661849 0.138718 2.66271e-21)
(0.657776 0.133742 -9.43925e-24)
(0.653617 0.128637 -5.59387e-22)
(0.649382 0.123405 -1.3295e-21)
(0.645076 0.118047 -4.64261e-22)
(0.640704 0.11257 -9.97392e-22)
(0.636263 0.106991 1.86434e-22)
(0.631749 0.101331 8.03575e-22)
(0.627151 0.0955158 -6.75579e-22)
(0.622467 0.0893578 -6.40211e-22)
(0.6177 0.0834026 -1.82207e-21)
(0.61215 0.0796377 0)
(0.605878 0.0812448 0)
(0.600126 0.0832115 0)
(0.594964 0.0848702 0)
(0.590472 0.0867185 0)
(0.586742 0.0889723 0)
(0.583872 0.0916451 0)
(0.581956 0.0947366 0)
(0.581086 0.0982684 0)
(0.58135 0.102269 0)
(0.582831 0.106761 0)
(0.585614 0.111766 0)
(0.589782 0.117296 0)
(0.595419 0.123356 0)
(0.602615 0.129943 0)
(0.61146 0.137039 0)
(0.62204 0.144615 0)
(0.634433 0.152628 0)
(0.648694 0.161016 0)
(0.664842 0.1697 0)
(0.682857 0.178577 0)
(0.702661 0.187517 0)
(0.724123 0.19636 0)
(0.747055 0.204913 0)
(0.771212 0.212944 0)
(0.796297 0.220187 0)
(0.82197 0.226346 0)
(0.847859 0.231107 0)
(0.873572 0.234154 0)
(0.898715 0.235201 0)
(0.922914 0.23402 0)
(0.945818 0.230482 0)
(0.967116 0.22459 0)
(0.986544 0.216498 0)
(1.00391 0.206509 0)
(1.14582 0.229055 0)
(1.14582 0.229055 0)
(1.15964 0.212333 0)
(1.16789 0.196001 0)
(1.17176 0.180253 0)
(1.17251 0.165224 0)
(1.17126 0.150997 0)
(1.16889 0.13761 0)
(1.166 0.125069 0)
(1.16296 0.113359 0)
(1.15996 0.102448 0)
(1.15709 0.0922945 0)
(1.1544 0.0828542 0)
(1.15189 0.0740793 0)
(1.14957 0.065921 0)
(1.14744 0.0583301 0)
(1.14548 0.0512573 0)
(1.14369 0.0446533 0)
(1.14209 0.0384682 0)
(1.14066 0.0326514 0)
(1.13941 0.0271509 0)
(1.13834 0.021913 0)
(1.13747 0.0168813 0)
(1.1368 0.0119957 0)
(1.13634 0.00719277 0)
(1.13609 0.00240183 0)
)
;
    }
    procBoundary29to30
    {
        type            processor;
        value           nonuniform List<vector> 
99
(
(0.768101 0.10313 -3.59859e-23)
(0.763904 0.102409 -3.65154e-22)
(0.759584 0.101707 2.5794e-22)
(0.755144 0.101023 -4.48997e-23)
(0.750586 0.100354 -1.89443e-22)
(0.745916 0.099698 -3.36047e-22)
(0.741138 0.0990517 -1.68387e-22)
(0.73626 0.0984131 6.39654e-22)
(0.731289 0.0977795 1.0714e-21)
(0.726236 0.0971484 -8.94734e-22)
(0.721108 0.0965175 9.26815e-26)
(0.715919 0.0958844 -1.42605e-21)
(0.710678 0.0952468 1.61878e-21)
(0.7054 0.0946027 1.09047e-21)
(0.700098 0.0939502 -1.75171e-21)
(0.694786 0.0932875 3.47236e-22)
(0.689478 0.0926132 6.32741e-22)
(0.68419 0.0919259 1.72909e-22)
(0.678937 0.0912247 7.65492e-22)
(0.673736 0.0905085 -1.70641e-21)
(0.668603 0.089777 -4.50723e-22)
(0.663554 0.0890297 2.06963e-21)
(0.658606 0.0882667 5.1631e-22)
(0.658606 0.0882667 5.1631e-22)
(0.617272 0.235374 7.46912e-22)
(0.612942 0.235249 -5.64973e-22)
(0.608817 0.235033 -1.1238e-21)
(0.604902 0.234726 1.87336e-22)
(0.601204 0.23433 -5.60418e-22)
(0.597727 0.233845 3.12863e-22)
(0.594478 0.233273 8.21462e-22)
(0.591461 0.232617 -1.31996e-22)
(0.588682 0.231877 2.67772e-22)
(0.586148 0.231057 -7.49583e-22)
(0.583868 0.230159 1.89958e-23)
(0.581853 0.229186 7.81598e-22)
(0.580118 0.228129 -1.00701e-22)
(0.578686 0.226964 8.9063e-23)
(0.577587 0.22576 -1.38351e-22)
(0.576709 0.224751 0)
(0.576379 0.224329 0)
(0.576836 0.223818 0)
(0.578168 0.223017 0)
(0.580466 0.221985 0)
(0.583822 0.220755 0)
(0.588327 0.219318 0)
(0.594071 0.217662 0)
(0.601141 0.215777 0)
(0.609621 0.213658 0)
(0.619586 0.211299 0)
(0.631106 0.208697 0)
(0.644244 0.205848 0)
(0.659056 0.202751 0)
(0.675588 0.199404 0)
(0.693874 0.195807 0)
(0.713932 0.191963 0)
(0.735754 0.187873 0)
(0.759301 0.183541 0)
(0.784491 0.178973 0)
(0.811191 0.174175 0)
(0.839206 0.169157 0)
(0.868272 0.16393 0)
(0.898051 0.158512 0)
(0.928137 0.15292 0)
(0.958055 0.147177 0)
(0.987287 0.141311 0)
(1.01529 0.135352 0)
(1.04153 0.129332 0)
(1.06551 0.123284 0)
(1.08683 0.117241 0)
(1.10517 0.111235 0)
(1.12038 0.105293 0)
(1.13245 0.0994391 0)
(1.14148 0.0936947 0)
(1.14774 0.0880757 0)
(1.15156 0.0825957 0)
(1.15334 0.0772657 0)
(1.15351 0.072095 0)
(1.15246 0.0670917 0)
(1.15055 0.0622626 0)
(1.14808 0.0576135 0)
(1.14529 0.0531486 0)
(1.14234 0.0488704 0)
(1.13936 0.0447797 0)
(1.13644 0.0408753 0)
(1.13363 0.0371542 0)
(1.13095 0.0336115 0)
(1.12844 0.0302408 0)
(1.12609 0.0270341 0)
(1.12393 0.0239821 0)
(1.12194 0.0210741 0)
(1.12015 0.0182979 0)
(1.11854 0.0156397 0)
(1.11714 0.0130842 0)
(1.11595 0.0106144 0)
(1.11497 0.00821105 0)
(1.11421 0.00585243 0)
(1.11369 0.00351517 0)
(1.11342 0.00117439 0)
)
;
    }
}


// ************************************************************************* //
