/*--------------------------------*- C++ -*----------------------------------*\
  =========                 |
  \\      /  F ield         | OpenFOAM: The Open Source CFD Toolbox
   \\    /   O peration     | Website:  https://openfoam.org
    \\  /    A nd           | Version:  7
     \\/     M anipulation  |
\*---------------------------------------------------------------------------*/
FoamFile
{
    version     2.0;
    format      ascii;
    class       volScalarField;
    location    "55";
    object      p;
}
// * * * * * * * * * * * * * * * * * * * * * * * * * * * * * * * * * * * * * //

dimensions      [0 2 -2 0 0 0 0];

internalField   nonuniform List<scalar> 
8500
(
0.656499
0.642822
0.635486
0.628279
0.620154
0.61076
0.599928
0.656482
0.642805
0.635469
0.628263
0.620139
0.610745
0.599914
0.587755
0.574482
0.56033
0.545523
0.530257
0.5147
0.498993
0.483254
0.467582
0.452056
0.436743
0.4217
0.40695
0.655246
0.641592
0.63429
0.627132
0.619064
0.60973
0.59896
0.586859
0.573641
0.559541
0.544783
0.529563
0.514049
0.498382
0.482681
0.467044
0.451551
0.436269
0.421253
0.406533
0.652793
0.639187
0.631951
0.624887
0.616931
0.607717
0.597066
0.585081
0.571974
0.557978
0.543317
0.528188
0.512759
0.497172
0.481546
0.465978
0.450552
0.435331
0.420367
0.405709
0.649129
0.635593
0.628456
0.621532
0.613744
0.604709
0.594238
0.582426
0.569483
0.555642
0.541126
0.526133
0.510832
0.495365
0.47985
0.464388
0.44906
0.43393
0.419045
0.404479
0.644261
0.630819
0.623813
0.617076
0.60951
0.600713
0.590479
0.578897
0.566173
0.552538
0.538215
0.523404
0.508272
0.492963
0.477597
0.462274
0.447077
0.432068
0.417289
0.402845
0.638199
0.624874
0.618031
0.611526
0.604237
0.595735
0.585797
0.574502
0.56205
0.548671
0.534589
0.520003
0.505083
0.489972
0.47479
0.459641
0.444607
0.429749
0.415101
0.400809
0.630956
0.617771
0.611121
0.604893
0.597935
0.589785
0.580201
0.569248
0.557121
0.544049
0.530255
0.515938
0.50127
0.486395
0.471435
0.456492
0.441654
0.426976
0.412485
0.398373
0.622547
0.609525
0.6031
0.597192
0.590616
0.582875
0.573701
0.563146
0.551396
0.538679
0.525219
0.511215
0.496839
0.482239
0.467536
0.452834
0.438222
0.423754
0.409445
0.395543
0.61299
0.600153
0.593982
0.588437
0.582294
0.575017
0.566309
0.556205
0.544884
0.532572
0.519491
0.505842
0.4918
0.477511
0.4631
0.448671
0.434317
0.420088
0.405986
0.39232
0.602305
0.589674
0.583786
0.578646
0.572987
0.566227
0.558039
0.548439
0.537598
0.525737
0.51308
0.499829
0.486159
0.472219
0.458134
0.444011
0.429945
0.415983
0.402113
0.388711
0.590514
0.578111
0.572534
0.567838
0.562711
0.556522
0.548907
0.539863
0.52955
0.518188
0.505999
0.493186
0.479927
0.466372
0.452647
0.438861
0.425113
0.411445
0.397832
0.38472
0.577643
0.565488
0.560249
0.556036
0.551488
0.545919
0.538929
0.530491
0.520756
0.509937
0.498259
0.485925
0.473114
0.459979
0.446647
0.43323
0.419829
0.406483
0.393149
0.380353
0.563718
0.551832
0.546956
0.543262
0.539338
0.534439
0.528124
0.520342
0.51123
0.501
0.489874
0.478058
0.465732
0.453051
0.440145
0.427126
0.414101
0.401104
0.388073
0.375616
0.548768
0.537172
0.532683
0.529544
0.526286
0.522104
0.516513
0.509433
0.500991
0.491392
0.480859
0.469598
0.457793
0.4456
0.433151
0.420559
0.407938
0.395315
0.38261
0.370516
0.532827
0.521538
0.51746
0.514908
0.512358
0.508938
0.504117
0.497786
0.490056
0.48113
0.471229
0.460561
0.449311
0.437638
0.425676
0.413541
0.401349
0.389127
0.37677
0.36506
0.515926
0.504964
0.501317
0.499384
0.49758
0.494966
0.490959
0.48542
0.478446
0.470233
0.461001
0.450962
0.440301
0.429179
0.417733
0.406082
0.394346
0.382549
0.37056
0.359256
0.498102
0.487484
0.484289
0.483003
0.481983
0.480214
0.477063
0.472359
0.466181
0.45872
0.450194
0.440817
0.430776
0.420236
0.409335
0.398194
0.38694
0.37559
0.363992
0.353112
0.479394
0.469136
0.466411
0.465799
0.465595
0.464711
0.462457
0.458627
0.453284
0.44661
0.438826
0.430143
0.420754
0.410825
0.400495
0.38989
0.37914
0.368262
0.357073
0.346636
0.459839
0.449959
0.447721
0.447807
0.448451
0.448487
0.447167
0.44425
0.439778
0.433927
0.426917
0.41896
0.410251
0.40096
0.391227
0.381182
0.370961
0.360576
0.349816
0.339838
0.439481
0.429994
0.428257
0.429063
0.430584
0.431573
0.431222
0.429253
0.425686
0.420692
0.414487
0.407286
0.399286
0.390658
0.381548
0.372086
0.362414
0.352543
0.34223
0.332727
0.418363
0.409283
0.40806
0.409606
0.412028
0.414
0.414653
0.413664
0.411036
0.406929
0.401559
0.395141
0.387875
0.379936
0.371471
0.362614
0.353512
0.344175
0.334328
0.325312
0.396529
0.387871
0.387173
0.389475
0.392822
0.395804
0.397489
0.397511
0.395852
0.392662
0.388154
0.382546
0.376039
0.368812
0.361014
0.352782
0.34427
0.335485
0.326119
0.317604
0.374027
0.365803
0.36564
0.368711
0.373002
0.377019
0.379763
0.380825
0.380163
0.377917
0.374296
0.369522
0.363797
0.357303
0.350193
0.342605
0.3347
0.326486
0.317617
0.309613
0.350904
0.343126
0.343506
0.347358
0.352609
0.357682
0.361509
0.363637
0.363997
0.362718
0.36001
0.356091
0.35117
0.345429
0.339025
0.332099
0.324818
0.31719
0.308833
0.301349
0.327211
0.31989
0.320817
0.325458
0.331683
0.337829
0.342761
0.345977
0.347382
0.347094
0.345319
0.342277
0.338179
0.333209
0.327528
0.32128
0.314638
0.307612
0.29978
0.292823
0.302997
0.296144
0.297623
0.303058
0.310266
0.3175
0.323554
0.327878
0.330348
0.331072
0.330249
0.328103
0.324844
0.320662
0.31572
0.310164
0.304175
0.297764
0.29047
0.284045
0.278315
0.27194
0.273971
0.280202
0.2884
0.296734
0.303925
0.309373
0.312927
0.314679
0.314827
0.313592
0.311188
0.30781
0.30362
0.298769
0.293445
0.287661
0.280915
0.275027
0.253219
0.24733
0.249913
0.256939
0.26613
0.27557
0.28391
0.290498
0.29515
0.297946
0.299078
0.298769
0.297235
0.294671
0.291246
0.287112
0.282463
0.277317
0.271129
0.265778
0.227762
0.222366
0.225499
0.233317
0.2435
0.254051
0.263548
0.271285
0.277048
0.2809
0.28303
0.283659
0.283006
0.281269
0.278619
0.275211
0.271246
0.266746
0.261123
0.256309
0.201999
0.197103
0.200782
0.209385
0.220555
0.232217
0.242876
0.25177
0.258654
0.263573
0.26671
0.268287
0.268525
0.267624
0.265757
0.263083
0.259809
0.255963
0.250911
0.24663
0.175986
0.171595
0.175814
0.185192
0.197343
0.210112
0.221934
0.23199
0.24
0.245995
0.250147
0.25268
0.253816
0.253757
0.252681
0.250747
0.248169
0.244982
0.240505
0.236751
0.14978
0.145899
0.150648
0.160789
0.173909
0.187779
0.200761
0.21198
0.221122
0.228195
0.233369
0.236864
0.238903
0.239693
0.239412
0.238223
0.236343
0.233819
0.229917
0.226679
0.123436
0.120068
0.125339
0.136227
0.1503
0.16526
0.179397
0.191778
0.202051
0.210206
0.216404
0.220864
0.223811
0.225453
0.22597
0.225528
0.22435
0.222489
0.219161
0.216423
0.0970111
0.0941603
0.0999406
0.111557
0.126566
0.142601
0.157882
0.17142
0.182822
0.192059
0.199282
0.204708
0.208564
0.211059
0.212377
0.212683
0.212206
0.211009
0.208251
0.205989
0.0705635
0.0682306
0.0745072
0.0868303
0.102753
0.119845
0.136258
0.150943
0.163469
0.173784
0.182031
0.188423
0.193187
0.196536
0.198655
0.199707
0.19993
0.199397
0.197202
0.195384
0.0441498
0.0423354
0.0490933
0.0620993
0.0789098
0.0970364
0.114564
0.130385
0.144027
0.155415
0.164681
0.172036
0.177706
0.181907
0.184824
0.186623
0.187542
0.187673
0.186033
0.184611
0.0178272
0.0165305
0.0237535
0.0374154
0.0550848
0.0742202
0.0928423
0.109784
0.12453
0.136982
0.147261
0.155573
0.162146
0.167195
0.170909
0.173449
0.175062
0.175858
0.174772
0.173674
-0.00834753
-0.00912873
-0.0014581
0.0128303
0.031326
0.0514406
0.0711328
0.0891759
0.105012
0.118518
0.129801
0.139063
0.146532
0.152424
0.15693
0.16021
0.162507
0.163976
0.16346
0.16258
-0.0343179
-0.0345875
-0.0264876
-0.0116047
0.00768166
0.0287421
0.0494764
0.068599
0.085508
0.100053
0.112329
0.122532
0.130889
0.137618
0.142912
0.146926
0.149899
0.152048
0.152174
0.15133
-0.0600275
-0.0597915
-0.0512817
-0.0358386
-0.0158006
0.00616879
0.0279137
0.0480902
0.0660516
0.0816196
0.0948739
0.106007
0.115242
0.1228
0.128876
0.133623
0.137254
0.140066
0.14101
0.139842
-0.0854199
-0.0846873
-0.075787
-0.0598206
-0.0390732
-0.0162355
0.00648473
0.0276862
0.0466765
0.0632482
0.0774654
0.0895138
0.0996159
0.107993
0.114844
0.120323
0.124601
0.128032
0.130279
0.129144
-0.11044
-0.109225
-0.099953
-0.0835016
-0.0620897
-0.0384276
-0.0147706
0.00742358
0.0274163
0.0449696
0.0601312
0.0730795
0.0840352
0.0932194
0.100837
0.107048
0.111987
0.115977
0.119284
0.120028
-0.135031
-0.133353
-0.123729
-0.106832
-0.0848038
-0.0603647
-0.0358132
-0.0126619
0.0083037
0.0268141
0.0428991
0.0567295
0.0685234
0.0785021
0.0868741
0.0938117
0.0994308
0.103987
0.108109
0.110579
-0.159171
-0.156997
-0.147067
-0.129766
-0.10717
-0.0820047
-0.0566044
-0.0325349
-0.0106289
0.00881116
0.0257963
0.0404886
0.0531034
0.0638618
0.0729747
0.0806259
0.0869296
0.0920789
0.0968552
0.100491
-0.182871
-0.180072
-0.169918
-0.152254
-0.129145
-0.103307
-0.0771063
-0.0521607
-0.0293499
-0.00901011
0.00884956
0.0243813
0.0377973
0.0493184
0.0591567
0.0675047
0.0744817
0.0802394
0.0856098
0.0900746
-0.205976
-0.202615
-0.192247
-0.174251
-0.150684
-0.12423
-0.0972818
-0.0715055
-0.0478283
-0.0266214
-0.00791529
0.00843144
0.022627
0.0348914
0.0454377
0.0544637
0.0620955
0.0684592
0.0744032
0.0795641
-0.228441
-0.224572
-0.214005
-0.19571
-0.171746
-0.144736
-0.117095
-0.0905361
-0.0660338
-0.043995
-0.0244729
-0.00733787
0.00761341
0.0205999
0.0318346
0.041519
0.0497851
0.0567424
0.063238
0.0690258
-0.250236
-0.245882
-0.235104
-0.216626
-0.19229
-0.164786
-0.13651
-0.10922
-0.0839372
-0.0611042
-0.0407987
-0.0229041
-0.00722277
0.00646251
0.0183644
0.0286865
0.0375661
0.0451006
0.0521229
0.058482
-0.271326
-0.266505
-0.255546
-0.236914
-0.212278
-0.184342
-0.155493
-0.127527
-0.10151
-0.0779229
-0.0568689
-0.0382454
-0.0218616
-0.00750244
0.00504375
0.0159817
0.0254537
0.0335483
0.0410746
0.0479632
-0.291672
-0.286401
-0.275288
-0.256516
-0.231692
-0.20337
-0.174011
-0.145426
-0.118724
-0.094426
-0.0726605
-0.0533408
-0.0362835
-0.0212771
-0.0081108
0.0034203
0.013463
0.0220998
0.0301106
0.0374989
-0.311241
-0.305533
-0.294294
-0.275432
-0.250454
-0.221846
-0.192031
-0.162889
-0.135554
-0.110589
-0.0881514
-0.0681698
-0.05047
-0.034844
-0.0210831
-0.00898242
0.00160893
0.0107696
0.0192465
0.0271108
-0.330001
-0.323865
-0.312527
-0.293628
-0.268547
-0.23973
-0.20952
-0.179887
-0.151974
-0.12639
-0.10332
-0.082713
-0.0644028
-0.0481865
-0.0338574
-0.0212114
-0.0100939
-0.000428651
0.00849664
0.0168159
-0.347921
-0.341368
-0.329955
-0.311067
-0.285947
-0.256963
-0.226473
-0.196396
-0.16796
-0.141806
-0.118147
-0.0969516
-0.0780647
-0.0612883
-0.0464185
-0.0332523
-0.0216316
-0.0114815
-0.00212589
0.00662873
-0.364973
-0.358013
-0.346551
-0.327718
-0.302625
-0.27355
-0.242834
-0.212388
-0.183489
-0.156815
-0.132613
-0.110868
-0.0914392
-0.0741341
-0.0587519
-0.0450912
-0.0329907
-0.0223763
-0.0126086
-0.00343772
-0.381133
-0.373778
-0.362289
-0.343556
-0.318552
-0.289462
-0.258583
-0.22784
-0.198538
-0.1714
-0.146699
-0.124445
-0.104511
-0.0867093
-0.0708438
-0.0567149
-0.0441588
-0.0331012
-0.0229401
-0.0133717
-0.396377
-0.388641
-0.377148
-0.358557
-0.333703
-0.304668
-0.273701
-0.242729
-0.21309
-0.185539
-0.160388
-0.137668
-0.117264
-0.0989999
-0.0826811
-0.0681112
-0.055124
-0.0436449
-0.0331094
-0.0231627
-0.410688
-0.402584
-0.39111
-0.3727
-0.348055
-0.319147
-0.288167
-0.257037
-0.227124
-0.199218
-0.173665
-0.150521
-0.129687
-0.110993
-0.0942518
-0.0792684
-0.0658753
-0.0539972
-0.0431067
-0.0328008
-0.42405
-0.415594
-0.404157
-0.385968
-0.361589
-0.332879
-0.301961
-0.270745
-0.240622
-0.212419
-0.186514
-0.162991
-0.141765
-0.122677
-0.105544
-0.0901759
-0.0764027
-0.0641486
-0.0529228
-0.0422771
-0.436452
-0.42766
-0.41628
-0.398348
-0.37429
-0.345847
-0.315065
-0.283836
-0.25357
-0.225128
-0.198923
-0.175065
-0.153487
-0.134041
-0.116549
-0.100824
-0.0866966
-0.0740902
-0.0625494
-0.0515828
-0.447888
-0.438775
-0.427469
-0.409827
-0.386143
-0.358035
-0.327463
-0.296295
-0.265952
-0.237332
-0.21088
-0.186733
-0.164843
-0.145074
-0.127255
-0.111203
-0.0967487
-0.0838144
-0.0719792
-0.0607098
-0.458352
-0.448936
-0.437721
-0.420399
-0.39714
-0.369431
-0.339142
-0.308107
-0.277758
-0.249019
-0.222373
-0.197984
-0.175823
-0.155768
-0.137655
-0.121305
-0.106551
-0.0933142
-0.0812059
-0.0696497
-0.467845
-0.458145
-0.447034
-0.430061
-0.407273
-0.380025
-0.350092
-0.319263
-0.288975
-0.26018
-0.233393
-0.208809
-0.18642
-0.166115
-0.147741
-0.131124
-0.116097
-0.102584
-0.0902247
-0.0783937
-0.476371
-0.466406
-0.455412
-0.438813
-0.416538
-0.389812
-0.360303
-0.329753
-0.299594
-0.270805
-0.243933
-0.2192
-0.196624
-0.176108
-0.157507
-0.140653
-0.12538
-0.111617
-0.0990335
-0.0869313
-0.483938
-0.473727
-0.462861
-0.446657
-0.424935
-0.398786
-0.369769
-0.339568
-0.309608
-0.280887
-0.253984
-0.229152
-0.206432
-0.185742
-0.166946
-0.149886
-0.134393
-0.12041
-0.107632
-0.0952513
-0.490556
-0.48012
-0.469393
-0.453603
-0.432467
-0.406948
-0.378488
-0.348706
-0.319011
-0.29042
-0.263541
-0.238659
-0.215836
-0.19501
-0.176055
-0.15882
-0.143143
-0.128949
-0.11602
-0.103352
-0.49624
-0.485602
-0.475022
-0.459659
-0.439142
-0.4143
-0.386457
-0.357161
-0.3278
-0.299401
-0.272602
-0.247717
-0.224835
-0.20391
-0.184829
-0.16745
-0.151614
-0.13724
-0.124153
-0.111303
-0.50101
-0.490191
-0.479765
-0.464842
-0.444968
-0.420846
-0.393678
-0.364933
-0.335971
-0.307826
-0.281162
-0.256323
-0.233424
-0.212438
-0.193265
-0.175771
-0.159806
-0.145281
-0.132072
-0.119346
-0.504887
-0.493911
-0.483644
-0.469169
-0.449959
-0.426596
-0.400156
-0.372024
-0.343524
-0.315694
-0.28922
-0.264477
-0.241603
-0.220593
-0.201361
-0.183784
-0.167717
-0.153068
-0.139734
-0.127007
-0.507897
-0.496787
-0.486684
-0.472662
-0.454133
-0.43156
-0.405897
-0.378437
-0.350462
-0.323006
-0.296777
-0.272176
-0.249371
-0.228375
-0.209117
-0.191485
-0.175343
-0.160595
-0.147138
-0.134331
-0.510068
-0.498849
-0.488914
-0.475347
-0.457509
-0.435754
-0.41091
-0.384178
-0.356787
-0.329764
-0.303833
-0.279423
-0.256728
-0.235783
-0.216532
-0.198874
-0.182683
-0.16786
-0.154304
-0.14142
-0.511431
-0.500129
-0.490364
-0.477251
-0.460111
-0.439195
-0.415209
-0.389253
-0.362504
-0.335971
-0.310392
-0.28622
-0.263676
-0.242819
-0.223608
-0.205953
-0.189737
-0.174864
-0.16124
-0.148303
-0.512021
-0.500661
-0.491069
-0.478406
-0.461965
-0.441903
-0.418807
-0.393675
-0.36762
-0.341632
-0.316456
-0.292569
-0.270218
-0.249484
-0.230345
-0.212723
-0.196509
-0.181609
-0.167942
-0.154977
-0.511875
-0.500483
-0.491065
-0.478846
-0.463101
-0.443903
-0.421722
-0.397455
-0.372144
-0.346753
-0.322031
-0.298475
-0.276358
-0.255783
-0.236747
-0.219186
-0.202999
-0.188098
-0.174409
-0.161436
-0.511031
-0.499634
-0.490391
-0.478607
-0.463552
-0.445221
-0.423975
-0.400607
-0.376086
-0.351342
-0.327123
-0.303943
-0.282099
-0.261719
-0.242818
-0.225345
-0.209211
-0.19433
-0.180642
-0.167681
-0.50953
-0.498155
-0.489088
-0.477729
-0.463351
-0.445885
-0.425589
-0.403149
-0.379459
-0.355409
-0.331739
-0.308979
-0.287448
-0.267297
-0.248561
-0.231203
-0.215148
-0.200311
-0.186643
-0.173714
-0.507416
-0.496089
-0.487199
-0.476252
-0.462537
-0.445928
-0.426587
-0.405099
-0.382277
-0.358964
-0.335888
-0.31359
-0.29241
-0.272522
-0.253981
-0.236766
-0.220812
-0.206041
-0.192415
-0.179536
-0.50473
-0.493479
-0.484767
-0.47422
-0.461149
-0.445383
-0.426998
-0.40648
-0.384556
-0.362018
-0.339579
-0.317784
-0.296993
-0.277402
-0.259085
-0.242038
-0.22621
-0.211526
-0.197959
-0.18515
-0.50152
-0.49037
-0.481836
-0.471676
-0.459227
-0.444286
-0.426852
-0.407313
-0.386312
-0.364587
-0.342824
-0.321571
-0.301204
-0.281941
-0.263877
-0.247025
-0.231344
-0.21677
-0.203281
-0.190558
-0.497828
-0.486807
-0.478454
-0.468664
-0.456814
-0.442676
-0.42618
-0.407624
-0.387566
-0.366683
-0.345633
-0.324959
-0.305052
-0.286149
-0.268366
-0.251732
-0.236221
-0.221776
-0.208383
-0.195764
-0.493703
-0.482836
-0.474663
-0.46523
-0.453953
-0.440591
-0.425016
-0.40744
-0.388339
-0.368324
-0.348018
-0.327959
-0.308545
-0.290033
-0.272558
-0.256166
-0.240847
-0.226551
-0.213269
-0.200771
-0.489188
-0.4785
-0.470511
-0.461419
-0.450689
-0.438073
-0.423394
-0.40679
-0.388653
-0.369526
-0.349995
-0.330582
-0.311694
-0.293602
-0.27646
-0.260334
-0.245227
-0.231098
-0.217945
-0.205583
-0.484331
-0.473846
-0.466042
-0.457277
-0.447066
-0.435162
-0.421353
-0.405705
-0.388531
-0.370309
-0.351577
-0.33284
-0.314507
-0.296863
-0.280081
-0.264243
-0.249367
-0.235425
-0.222416
-0.210203
-0.479175
-0.468916
-0.4613
-0.452849
-0.443129
-0.431902
-0.418929
-0.404216
-0.388
-0.370691
-0.352779
-0.334745
-0.316996
-0.299828
-0.28343
-0.267901
-0.253276
-0.239537
-0.226687
-0.214637
-0.473764
-0.463753
-0.456329
-0.448178
-0.438921
-0.428334
-0.416161
-0.402356
-0.387087
-0.370695
-0.353618
-0.336311
-0.319171
-0.302504
-0.286514
-0.271315
-0.256959
-0.24344
-0.230763
-0.21889
-0.468141
-0.458398
-0.451169
-0.443307
-0.434485
-0.424501
-0.413089
-0.40016
-0.38582
-0.370341
-0.354111
-0.33755
-0.321044
-0.304902
-0.289342
-0.274494
-0.260425
-0.247142
-0.234651
-0.222966
-0.462347
-0.452891
-0.44586
-0.438276
-0.429864
-0.420444
-0.409751
-0.397662
-0.384227
-0.369655
-0.354277
-0.338477
-0.322626
-0.307032
-0.291924
-0.277446
-0.263681
-0.250649
-0.238356
-0.226871
-0.45642
-0.447268
-0.44044
-0.433125
-0.425096
-0.416204
-0.406187
-0.394898
-0.382339
-0.368659
-0.354134
-0.339107
-0.323929
-0.308904
-0.294268
-0.280179
-0.266734
-0.253968
-0.241886
-0.230611
-0.450399
-0.441566
-0.434946
-0.42789
-0.420222
-0.41182
-0.402435
-0.391904
-0.380186
-0.367378
-0.353701
-0.339455
-0.324965
-0.310528
-0.296383
-0.282702
-0.269592
-0.257106
-0.245247
-0.23419
-0.444319
-0.435817
-0.429409
-0.422606
-0.415277
-0.40733
-0.398533
-0.388715
-0.377801
-0.36584
-0.353
-0.339538
-0.325747
-0.311914
-0.298279
-0.285022
-0.272263
-0.26007
-0.248445
-0.237616
-0.438211
-0.430053
-0.423861
-0.417305
-0.410295
-0.40277
-0.394517
-0.385365
-0.375215
-0.364071
-0.352052
-0.33937
-0.326288
-0.313073
-0.299965
-0.287148
-0.274755
-0.262868
-0.251487
-0.240895
-0.432108
-0.424302
-0.41833
-0.412015
-0.405308
-0.398173
-0.390423
-0.38189
-0.372459
-0.362097
-0.350879
-0.338971
-0.3266
-0.314016
-0.301448
-0.289088
-0.277075
-0.265507
-0.25438
-0.244032
-0.426037
-0.418591
-0.412842
-0.406765
-0.400343
-0.39357
-0.386282
-0.378322
-0.369564
-0.359947
-0.349504
-0.338357
-0.326699
-0.314752
-0.30274
-0.29085
-0.279231
-0.267995
-0.257131
-0.247035
-0.420024
-0.412942
-0.40742
-0.401577
-0.395428
-0.388989
-0.382126
-0.374694
-0.366562
-0.357648
-0.347949
-0.337547
-0.326596
-0.315294
-0.303847
-0.292442
-0.28123
-0.270337
-0.259746
-0.249909
-0.414091
-0.407376
-0.402084
-0.396474
-0.390584
-0.384457
-0.377983
-0.371034
-0.363481
-0.355227
-0.346238
-0.33656
-0.326308
-0.315652
-0.304779
-0.293871
-0.283079
-0.272541
-0.262233
-0.252663
-0.40826
-0.401913
-0.396853
-0.391472
-0.385832
-0.379995
-0.373879
-0.367371
-0.360351
-0.352711
-0.344395
-0.335414
-0.325849
-0.315837
-0.305545
-0.295145
-0.284785
-0.274614
-0.264597
-0.255302
-0.402549
-0.396569
-0.391741
-0.386588
-0.38119
-0.375625
-0.369836
-0.363731
-0.357198
-0.350127
-0.342444
-0.33413
-0.325234
-0.31586
-0.306153
-0.296271
-0.286355
-0.276563
-0.266846
-0.257835
-0.396973
-0.391357
-0.386763
-0.381836
-0.376671
-0.371362
-0.365874
-0.360136
-0.354047
-0.3475
-0.340407
-0.332728
-0.324479
-0.315735
-0.306613
-0.297256
-0.287794
-0.278394
-0.268986
-0.260269
-0.391545
-0.386289
-0.381928
-0.377226
-0.372288
-0.367222
-0.362012
-0.356607
-0.350921
-0.344853
-0.338308
-0.331227
-0.3236
-0.315472
-0.306933
-0.298107
-0.28911
-0.280113
-0.386278
-0.381374
-0.377246
-0.372766
-0.36805
-0.363214
-0.358262
-0.353162
-0.347842
-0.34221
-0.336169
-0.329648
-0.322614
-0.315084
-0.307122
-0.29883
-0.290308
-0.38118
-0.376621
-0.372723
-0.368463
-0.363965
-0.35935
-0.354639
-0.349815
-0.344827
-0.33959
-0.334011
-0.328011
-0.321538
-0.314585
-0.30719
-0.376259
-0.372035
-0.368364
-0.364323
-0.360037
-0.355634
-0.351149
-0.346581
-0.341892
-0.337012
-0.331854
-0.326334
-0.320387
-0.313987
-0.37152
-0.367621
-0.364173
-0.360347
-0.35627
-0.352073
-0.3478
-0.343468
-0.339051
-0.334493
-0.329716
-0.324635
-0.366966
-0.36338
-0.360151
-0.356537
-0.352665
-0.348667
-0.344597
-0.340483
-0.336314
-0.332047
-0.327613
-0.3626
-0.359315
-0.356299
-0.352893
-0.349222
-0.345418
-0.341543
-0.337632
-0.33369
-0.329685
-0.358422
-0.355425
-0.352616
-0.349413
-0.34594
-0.342325
-0.338637
-0.334919
-0.331185
-0.354433
-0.35171
-0.349101
-0.346097
-0.342817
-0.339387
-0.335879
-0.332343
-0.350631
-0.348166
-0.345751
-0.34294
-0.339849
-0.3366
-0.333266
-0.347012
-0.344792
-0.342562
-0.339938
-0.337032
-0.333959
-0.343574
-0.341583
-0.339531
-0.337088
-0.334361
-0.340311
-0.338535
-0.336652
-0.334384
-0.337219
-0.335643
-0.333921
-0.334292
-0.332901
-0.331523
-0.330303
-0.328905
0.133129
0.133817
0.135222
0.127742
0.128377
0.129643
0.131443
0.133749
0.13652
0.139728
0.143343
0.147339
0.151681
0.156336
0.161259
0.1664
0.171695
0.177073
0.182437
0.187687
0.192683
0.197296
0.201324
0.204612
0.206875
0.207967
0.207459
0.205332
0.200806
0.194422
0.184175
0.173034
0.153593
0.127999
0.128636
0.129911
0.131723
0.134048
0.136841
0.140078
0.143728
0.147766
0.152161
0.15688
0.161882
0.16712
0.172532
0.178052
0.183588
0.189048
0.194295
0.199209
0.203594
0.207306
0.210064
0.211733
0.211885
0.210517
0.206837
0.201422
0.192256
0.182348
0.16479
0.12825
0.128888
0.130166
0.131985
0.13432
0.137126
0.14038
0.144053
0.14812
0.15255
0.157315
0.162374
0.167684
0.173187
0.178822
0.1845
0.190136
0.1956
0.200779
0.205487
0.209587
0.212807
0.215026
0.215816
0.215194
0.212362
0.207916
0.199861
0.191066
0.175208
0.128495
0.129135
0.130416
0.132242
0.134588
0.137409
0.140682
0.144378
0.148475
0.152943
0.157755
0.162873
0.168258
0.173854
0.179603
0.185424
0.191236
0.196915
0.202356
0.207379
0.211859
0.21553
0.218281
0.219693
0.219793
0.217787
0.214275
0.207306
0.199581
0.185314
0.128734
0.12937
0.130662
0.132496
0.134853
0.13769
0.140982
0.144702
0.14883
0.153338
0.158198
0.163377
0.168837
0.174526
0.180391
0.186354
0.19234
0.198232
0.20393
0.209264
0.214116
0.218229
0.221503
0.223523
0.224331
0.223138
0.220538
0.214648
0.207974
0.195226
0.128968
0.129607
0.130904
0.132744
0.135113
0.137964
0.141276
0.14502
0.149179
0.153724
0.158632
0.16387
0.169403
0.175183
0.181161
0.187262
0.193417
0.199516
0.205467
0.211103
0.216319
0.220863
0.224648
0.227267
0.228768
0.22838
0.226674
0.221856
0.216225
0.204935
0.129197
0.129838
0.13114
0.132987
0.135367
0.138233
0.141562
0.145331
0.149519
0.154101
0.159055
0.16435
0.169955
0.175823
0.18191
0.188145
0.194466
0.200766
0.206961
0.212893
0.218463
0.22343
0.227714
0.230919
0.2331
0.233505
0.232677
0.228921
0.224326
0.214447
0.12942
0.130061
0.131364
0.133224
0.135615
0.138495
0.141843
0.145634
0.149851
0.154469
0.159468
0.164819
0.170493
0.176447
0.182641
0.189007
0.195489
0.201985
0.208418
0.214638
0.220554
0.225932
0.230704
0.234483
0.237328
0.238515
0.238549
0.235838
0.232279
0.22377
0.129637
0.130279
0.131589
0.133458
0.135857
0.138751
0.142116
0.14593
0.150175
0.154829
0.159872
0.165277
0.171018
0.177056
0.183353
0.189847
0.196485
0.203172
0.209837
0.216337
0.222589
0.228369
0.233616
0.237958
0.241452
0.243406
0.244287
0.242605
0.240078
0.232909
0.129848
0.130492
0.131807
0.133692
0.136093
0.139
0.142383
0.146218
0.150491
0.155179
0.160265
0.165723
0.17153
0.17765
0.184047
0.190665
0.197455
0.204327
0.211218
0.21799
0.224569
0.230741
0.236451
0.241342
0.24547
0.248177
0.249889
0.249217
0.247717
0.241861
0.130053
0.130698
0.132018
0.133888
0.136323
0.139243
0.142642
0.146499
0.150799
0.15552
0.160647
0.166157
0.172028
0.178227
0.184722
0.19146
0.198398
0.20545
0.21256
0.219596
0.226494
0.233046
0.239207
0.244633
0.24938
0.252824
0.255352
0.255669
0.25519
0.250624
0.130252
0.130899
0.132223
0.134108
0.136547
0.139479
0.142895
0.146772
0.151098
0.155851
0.161019
0.166579
0.172512
0.178788
0.185378
0.192233
0.199313
0.20654
0.213862
0.221155
0.228361
0.235284
0.241882
0.247831
0.253181
0.257345
0.260672
0.261957
0.262489
0.259191
0.130445
0.131094
0.132422
0.134318
0.136766
0.139708
0.14314
0.147037
0.151388
0.156173
0.16138
0.166988
0.172982
0.179332
0.186014
0.192982
0.2002
0.207597
0.215124
0.222667
0.230172
0.237454
0.244477
0.250934
0.256871
0.261737
0.265846
0.268078
0.269608
0.267557
0.130632
0.131282
0.132616
0.134517
0.136977
0.139931
0.143377
0.147294
0.15167
0.156485
0.16173
0.167385
0.173437
0.179859
0.18663
0.193707
0.20106
0.20862
0.216346
0.22413
0.231924
0.239555
0.246991
0.253941
0.260449
0.265997
0.270872
0.274028
0.276539
0.275714
0.130812
0.131464
0.132803
0.13471
0.137166
0.140147
0.143608
0.147543
0.151943
0.156788
0.162069
0.16777
0.173878
0.18037
0.187226
0.194409
0.201891
0.209609
0.217527
0.225544
0.233618
0.241586
0.249421
0.25685
0.263911
0.270124
0.275744
0.279801
0.283277
0.283653
0.130986
0.13164
0.132983
0.134896
0.137367
0.140355
0.14383
0.147784
0.152206
0.15708
0.162396
0.168141
0.174304
0.180863
0.187802
0.195087
0.202693
0.210564
0.218667
0.226909
0.235253
0.243547
0.251767
0.259659
0.267258
0.274115
0.280461
0.285394
0.289815
0.291367
0.131154
0.13181
0.133157
0.135077
0.137558
0.140558
0.144045
0.148016
0.15246
0.157361
0.162712
0.168499
0.174715
0.181338
0.188357
0.19574
0.203467
0.211484
0.219766
0.228224
0.236829
0.245437
0.254029
0.262368
0.270486
0.277967
0.285018
0.290802
0.296146
0.298848
0.131315
0.131973
0.133325
0.13525
0.13774
0.140757
0.144253
0.14824
0.152705
0.157633
0.163017
0.168844
0.17511
0.181795
0.188891
0.196368
0.204211
0.212369
0.220822
0.229489
0.238344
0.247255
0.256205
0.264975
0.273595
0.281678
0.289413
0.296022
0.302264
0.306087
0.13147
0.13213
0.133486
0.135417
0.137913
0.140926
0.144453
0.148454
0.152941
0.157894
0.163309
0.169176
0.17549
0.182235
0.189404
0.196972
0.204925
0.213219
0.221836
0.230703
0.239798
0.248999
0.258294
0.26748
0.276582
0.285246
0.293641
0.301048
0.308164
0.313076
0.131618
0.13228
0.13364
0.135577
0.13808
0.141104
0.144644
0.148661
0.153166
0.158144
0.163589
0.169493
0.175854
0.182656
0.189896
0.19755
0.205609
0.214032
0.222807
0.231865
0.24119
0.250671
0.260296
0.269879
0.279446
0.288668
0.297701
0.305878
0.313839
0.319807
0.131759
0.132423
0.133787
0.13573
0.13824
0.141277
0.144827
0.148858
0.153382
0.158383
0.163857
0.169797
0.176202
0.183059
0.190366
0.198102
0.206262
0.21481
0.223735
0.232976
0.242521
0.252268
0.262209
0.272173
0.282185
0.291943
0.301589
0.310506
0.319283
0.326272
0.131894
0.13256
0.133928
0.135876
0.138393
0.14144
0.145
0.149046
0.153588
0.158611
0.164113
0.170087
0.176534
0.183443
0.190814
0.198629
0.206885
0.215551
0.224619
0.234035
0.243789
0.25379
0.264032
0.274361
0.284798
0.295069
0.305302
0.314929
0.324492
0.332464
0.132022
0.13269
0.134062
0.136014
0.138538
0.141593
0.145166
0.149225
0.153784
0.158828
0.164356
0.170363
0.17685
0.183808
0.19124
0.19913
0.207478
0.216255
0.225459
0.23504
0.244994
0.255236
0.265765
0.276441
0.287284
0.298043
0.308837
0.319143
0.329459
0.338374
0.132143
0.132813
0.134188
0.136146
0.138676
0.141739
0.145326
0.149396
0.15397
0.159034
0.164587
0.170624
0.177149
0.184154
0.191643
0.199604
0.208039
0.216922
0.226255
0.235993
0.246135
0.256606
0.267407
0.278411
0.28964
0.300863
0.312192
0.323145
0.33418
0.343997
0.132257
0.132929
0.134308
0.13627
0.138806
0.141875
0.145471
0.149557
0.154145
0.159229
0.164805
0.170871
0.177431
0.184481
0.192025
0.200052
0.208568
0.217552
0.227006
0.236892
0.247212
0.257899
0.268957
0.280272
0.291865
0.303528
0.315364
0.32693
0.33865
0.349325
0.132365
0.133039
0.13442
0.136386
0.138928
0.142004
0.145596
0.149709
0.154311
0.159412
0.16501
0.171103
0.177697
0.184788
0.192383
0.200473
0.209066
0.218143
0.227711
0.237737
0.248224
0.259115
0.270415
0.282022
0.293959
0.306036
0.31835
0.330496
0.342864
0.354353
0.132465
0.133141
0.134525
0.136496
0.139043
0.142125
0.145732
0.149851
0.154465
0.159583
0.165202
0.171321
0.177946
0.185076
0.192718
0.200867
0.209532
0.218697
0.228372
0.238528
0.249171
0.260252
0.271779
0.283659
0.295919
0.308384
0.321148
0.33384
0.346817
0.359073
0.132559
0.133236
0.134623
0.136597
0.13915
0.142238
0.145855
0.149983
0.15461
0.159743
0.165381
0.171523
0.178178
0.185344
0.193031
0.201234
0.209965
0.219213
0.228987
0.239263
0.250053
0.261311
0.273048
0.285185
0.297745
0.310573
0.323757
0.336958
0.350507
0.363481
0.132645
0.133324
0.134714
0.136692
0.139249
0.142342
0.145967
0.150104
0.154743
0.15989
0.165546
0.171711
0.178393
0.185592
0.19332
0.201574
0.210367
0.21969
0.229555
0.239944
0.250869
0.262291
0.274224
0.286596
0.299435
0.312599
0.326173
0.339847
0.353928
0.36757
0.132725
0.133405
0.134798
0.136778
0.13934
0.142439
0.14607
0.150216
0.154866
0.160026
0.165699
0.171883
0.17859
0.18582
0.193586
0.201886
0.210736
0.220128
0.230078
0.24057
0.251618
0.263191
0.275303
0.287893
0.300988
0.314462
0.328396
0.342506
0.357078
0.371337
0.132797
0.133479
0.134874
0.136857
0.139423
0.142526
0.146164
0.150318
0.154978
0.16015
0.165838
0.172041
0.17877
0.186028
0.193828
0.202171
0.211072
0.220528
0.230554
0.24114
0.252301
0.264011
0.276287
0.289075
0.302404
0.316161
0.330422
0.344931
0.359953
0.374777
0.132863
0.133546
0.134942
0.136929
0.139498
0.142606
0.146248
0.150409
0.15508
0.160262
0.165963
0.172183
0.178932
0.186216
0.194046
0.202427
0.211375
0.220888
0.230984
0.241654
0.252917
0.26475
0.277174
0.290141
0.303682
0.317693
0.332252
0.347121
0.362549
0.377885
0.132921
0.133605
0.135003
0.136992
0.139564
0.142677
0.146324
0.150491
0.15517
0.160362
0.166075
0.172309
0.179077
0.186383
0.194241
0.202656
0.211645
0.221209
0.231366
0.242112
0.253465
0.265409
0.277965
0.291091
0.30482
0.319059
0.333882
0.349074
0.364865
0.380658
0.132972
0.133657
0.135057
0.137048
0.139623
0.142739
0.14639
0.150562
0.155249
0.16045
0.166173
0.17242
0.179204
0.18653
0.194412
0.202857
0.211882
0.22149
0.231702
0.242514
0.253946
0.265987
0.278658
0.291924
0.305818
0.320257
0.335313
0.350787
0.366898
0.383093
0.133016
0.133702
0.135103
0.137096
0.139673
0.142792
0.146446
0.150624
0.155318
0.160525
0.166257
0.172516
0.179314
0.186656
0.194559
0.20303
0.212086
0.221732
0.23199
0.242859
0.25436
0.266483
0.279253
0.29264
0.306675
0.321286
0.336542
0.352259
0.368645
0.385186
0.133053
0.13374
0.135142
0.137136
0.139715
0.142837
0.146494
0.150675
0.155375
0.160589
0.166328
0.172596
0.179405
0.186762
0.194682
0.203174
0.212256
0.221935
0.232231
0.243147
0.254705
0.266898
0.279751
0.293237
0.307392
0.322146
0.337569
0.353489
0.370105
0.386936
0.133082
0.13377
0.135173
0.137168
0.139749
0.142873
0.146532
0.150717
0.155421
0.16064
0.166385
0.17266
0.179479
0.186847
0.194781
0.20329
0.212393
0.222097
0.232425
0.243379
0.254982
0.267231
0.28015
0.293717
0.307966
0.322836
0.338393
0.354476
0.371277
0.38834
0.133105
0.133793
0.135197
0.137193
0.139775
0.1429
0.146561
0.150748
0.155456
0.160678
0.166428
0.172709
0.179535
0.186911
0.194856
0.203378
0.212497
0.22222
0.232571
0.243553
0.255191
0.267481
0.280451
0.294078
0.308399
0.323355
0.339013
0.355218
0.372158
0.389397
0.13312
0.133808
0.135213
0.13721
0.139793
0.142919
0.146581
0.150769
0.15548
0.160704
0.166458
0.172742
0.179572
0.186954
0.194907
0.203437
0.212567
0.222303
0.23267
0.243671
0.255332
0.26765
0.280653
0.294321
0.30869
0.323703
0.339429
0.355716
0.372749
0.390104
0.133128
0.133816
0.135221
0.137218
0.139802
0.142928
0.146591
0.150781
0.155493
0.160718
0.166473
0.17276
0.179592
0.186977
0.194933
0.203468
0.212603
0.222346
0.232721
0.243732
0.255404
0.267737
0.280756
0.294444
0.308838
0.32388
0.33964
0.355969
0.373049
0.390462
0.0739043
0.0733552
0.072306
0.0708129
0.0689292
0.066703
0.0641769
0.0613889
0.0583745
0.0551668
0.0517977
0.0482972
0.0446934
0.0410131
0.0372809
0.0335195
0.02975
0.0259911
0.0222598
0.0185709
0.0149374
0.0113706
0.00787979
0.00447289
0.0011559
-0.00206576
-0.00518923
-0.00821079
-0.0111314
-0.0139481
0.0740506
0.0735031
0.0724565
0.0709666
0.0690866
0.0668645
0.0643424
0.0615581
0.0585467
0.0553413
0.0519737
0.0484736
0.0448693
0.0411873
0.0374525
0.0336875
0.0299133
0.026149
0.0224115
0.0187157
0.0150749
0.0115002
0.0080011
0.00458571
0.00126001
-0.00197043
-0.00510279
-0.00813312
-0.0110625
-0.0138873
0.0743331
0.0737885
0.0727467
0.0712631
0.0693906
0.0671764
0.0646621
0.0618848
0.0588794
0.0556787
0.052314
0.0488149
0.0452097
0.0415247
0.0377848
0.0340129
0.0302299
0.0264552
0.0227057
0.0189967
0.0153415
0.0117516
0.00823652
0.00480467
0.00146213
-0.00178531
-0.0049348
-0.00798211
-0.0109286
-0.0137706
0.0747416
0.074201
0.0731663
0.0716921
0.0698306
0.067628
0.0651251
0.0623585
0.0593621
0.0561683
0.0528081
0.0493108
0.0457045
0.0420154
0.0382684
0.0344866
0.030691
0.0269012
0.0231345
0.0194063
0.0157303
0.0121183
0.00858008
0.00512429
0.00175725
-0.00151496
-0.00468943
-0.00776154
-0.010733
-0.0135991
0.0752662
0.0747308
0.0737054
0.0722435
0.0703963
0.0682092
0.0657215
0.0629689
0.0599847
0.0568004
0.0534465
0.049952
0.0463447
0.0426508
0.0388951
0.0351007
0.0312892
0.0274802
0.0236913
0.0199386
0.0162357
0.0125952
0.00902696
0.00554015
0.00214133
-0.00116301
-0.00436991
-0.00747417
-0.0104779
-0.0133756
0.0758973
0.0753682
0.0743542
0.0729076
0.0710784
0.0689103
0.0664417
0.0637068
0.0607379
0.0575659
0.0542204
0.0507301
0.0471223
0.0434231
0.0396575
0.0358486
0.0320181
0.0281862
0.0243708
0.0205883
0.0168531
0.0131779
0.00957324
0.00604872
0.00261118
-0.000732349
-0.00397881
-0.00712235
-0.0101656
-0.0131019
0.0766256
0.076104
0.0751036
0.0736753
0.0718674
0.0697223
0.0672766
0.0645632
0.0616131
0.0584564
0.0551218
0.0516373
0.0480299
0.0443257
0.0405492
0.0367241
0.0328723
0.0290141
0.0251682
0.0213514
0.0175785
0.013863
0.0102159
0.00664721
0.00316431
-0.000225186
-0.00351811
-0.00670784
-0.00979751
-0.0127792
0.0774424
0.0769294
0.0759447
0.0745376
0.0727547
0.0706365
0.0682177
0.0655297
0.0626023
0.0594642
0.0561432
0.0526667
0.0490611
0.0453522
0.0415647
0.0377222
0.033847
0.0299598
0.0260798
0.0222244
0.0184091
0.0146479
0.0109524
0.00733354
0.00379889
0.000356841
-0.00298927
-0.00623192
-0.00937485
-0.0124087
0.078339
0.0778359
0.076869
0.0754861
0.0737319
0.0716445
0.0692568
0.0665985
0.0636978
0.0605819
0.0572778
0.0538118
0.0502098
0.0464974
0.0426989
0.0388384
0.0349382
0.0310197
0.0271024
0.0232046
0.0193424
0.0155305
0.0117812
0.0081062
0.0045136
0.00101262
-0.00239324
-0.00569541
-0.00889832
-0.0119908
0.0793074
0.0788152
0.0778685
0.0765128
0.0747908
0.0727384
0.0703863
0.0677621
0.0648923
0.0618027
0.058519
0.0550665
0.0514705
0.047756
0.0439474
0.0400686
0.0361424
0.0321907
0.0282335
0.0242899
0.0203766
0.0165093
0.012701
0.00896421
0.00530767
0.0017415
-0.00173055
-0.00509878
-0.00836828
-0.011526
0.0803398
0.0798597
0.0789352
0.0776099
0.0759238
0.0739107
0.0715986
0.0690132
0.066179
0.0631201
0.0598608
0.0564253
0.0528381
0.0491236
0.0453061
0.0414095
0.0374568
0.0334704
0.0294711
0.0254786
0.0215105
0.0175834
0.0137111
0.00990707
0.00618075
0.00254327
-0.00100134
-0.0044421
-0.00778478
-0.0110144
0.0814286
0.0809617
0.0800617
0.0787699
0.0771237
0.0751541
0.0728867
0.070345
0.0675513
0.0645279
0.0612975
0.057883
0.0543079
0.050596
0.0467714
0.0428578
0.0388787
0.0348568
0.0308136
0.0267696
0.0227432
0.0187522
0.0148112
0.0109347
0.0071329
0.00341808
-0.000205392
-0.00372513
-0.0071476
-0.0104555
0.0825669
0.0821144
0.081241
0.0799857
0.0783832
0.0764616
0.0742439
0.071751
0.069003
0.0660202
0.0628235
0.0594344
0.0558753
0.0521693
0.0483399
0.0444109
0.0404059
0.0363481
0.0322597
0.028162
0.0240744
0.0200157
0.0160014
0.0120474
0.00816456
0.00436644
0.000657841
-0.00294734
-0.00645622
-0.00984916
0.0837478
0.0833108
0.0824664
0.0812507
0.0796958
0.0778267
0.0756637
0.0732248
0.070528
0.0675913
0.0644336
0.0610748
0.0575361
0.0538397
0.0500085
0.0460662
0.0420365
0.037943
0.0338086
0.0296554
0.025504
0.021374
0.0172823
0.0132458
0.0092765
0.0053892
0.00158922
-0.0021079
-0.00570987
-0.00919451
0.0849649
0.0845446
0.0837313
0.0825585
0.081055
0.079243
0.0771397
0.0747605
0.0721206
0.0692357
0.0661227
0.0627997
0.0592864
0.0556039
0.0517744
0.0478215
0.0437688
0.0396403
0.0354596
0.0312497
0.0270321
0.0228278
0.0186546
0.014531
0.0104698
0.0064875
0.00258988
-0.00120572
-0.00490753
-0.00849071
0.0862123
0.0858098
0.0850296
0.0839027
0.0824547
0.0807044
0.078666
0.076352
0.073775
0.0709482
0.0678859
0.0646046
0.0611221
0.0574583
0.0536349
0.0496747
0.0456013
0.0414392
0.0372123
0.0329449
0.0286593
0.0243778
0.0201195
0.0159042
0.011746
0.0076628
0.00366126
-0.000239439
-0.00404797
-0.00773666
0.0874842
0.0871005
0.0863557
0.0852777
0.083889
0.082205
0.0802367
0.0779939
0.0754859
0.0727235
0.0697185
0.0664851
0.0630394
0.0593999
0.0555872
0.0516236
0.0475326
0.0433387
0.0390667
0.0347414
0.0303863
0.0260251
0.0216782
0.0173669
0.0131066
0.00891681
0.00480506
0.00079254
-0.0031297
-0.00693106
0.0887751
0.0884113
0.087704
0.086678
0.0853523
0.0837392
0.0818464
0.0796805
0.077248
0.0745566
0.0716156
0.0684369
0.0650345
0.0614254
0.0576289
0.0536665
0.0495614
0.0453384
0.0410225
0.0366396
0.0322141
0.0277712
0.0233325
0.0189211
0.0145536
0.0102515
0.00602323
0.00189207
-0.00215103
-0.0060724
0.0900801
0.0897372
0.0890693
0.0880981
0.0868393
0.0853016
0.0834896
0.0814065
0.079056
0.0764425
0.0735727
0.0704559
0.0671038
0.0635317
0.0597573
0.0558013
0.0516865
0.0474376
0.0430799
0.0386401
0.0341438
0.0296175
0.0250842
0.0205688
0.0160893
0.0116692
0.00731799
0.00306125
-0.00111001
-0.00515899
0.0913945
0.0910734
0.0904468
0.0895333
0.088345
0.0868872
0.0851611
0.0831669
0.0809048
0.0783764
0.0755852
0.0725377
0.0692435
0.0657154
0.0619699
0.0580263
0.0539067
0.0496357
0.0452389
0.0407437
0.0361767
0.0315657
0.0269354
0.0223123
0.0177161
0.0131724
0.00869182
0.00430243
-4.49838e-06
-0.00418892
0.0927136
0.0924154
0.0918319
0.0909788
0.0898645
0.0884909
0.086856
0.0849567
0.0827897
0.0803535
0.0776485
0.0746783
0.0714497
0.0679735
0.0642641
0.0603395
0.0562208
0.0519323
0.0474998
0.0429512
0.0383141
0.0336178
0.0288882
0.0241541
0.0194367
0.0147638
0.0101474
0.00561819
0.00116792
-0.00316005
0.0940336
0.0937589
0.0932204
0.0924302
0.0913933
0.0901082
0.0885696
0.0867709
0.0847057
0.082369
0.0797581
0.0768733
0.0737188
0.0703027
0.0666371
0.0627388
0.0586274
0.0543269
0.0498627
0.0452635
0.0405576
0.0357756
0.0309453
0.026097
0.0212541
0.0164464
0.0116878
0.00701139
0.00240987
-0.00207005
0.0953505
0.0951002
0.0946082
0.0938833
0.0929271
0.0917345
0.0902971
0.0886049
0.0866481
0.0844184
0.0819095
0.0791186
0.0760468
0.0726995
0.0690863
0.0652221
0.0611253
0.0568187
0.0523277
0.0476813
0.0429085
0.0380414
0.033109
0.028144
0.0231713
0.0182236
0.0133162
0.00848512
0.00372424
-0.000916359
0.0966608
0.0964357
0.0959917
0.0953344
0.0944618
0.0933657
0.0920342
0.0904541
0.0886123
0.0864969
0.0840981
0.0814099
0.0784299
0.0751604
0.0716088
0.0677873
0.0637128
0.0594071
0.054895
0.0502056
0.0453686
0.0404172
0.0353822
0.030298
0.0251919
0.0200987
0.0150361
0.0100427
0.00511419
0.000303841
0.0979614
0.097762
0.0973673
0.0967797
0.0959936
0.0949976
0.0937766
0.0923142
0.0905938
0.0886
0.0863196
0.0837429
0.0808639
0.0776821
0.0742014
0.0704319
0.0663884
0.0620912
0.0575645
0.0528371
0.0479393
0.0429054
0.0377676
0.0325624
0.0273192
0.0220756
0.0168513
0.0116879
0.00658311
0.0015936
0.0992491
0.0990761
0.098732
0.098216
0.097519
0.0966265
0.0955203
0.0941809
0.0925882
0.0907233
0.0885694
0.0861131
0.0833449
0.0802605
0.076861
0.0731534
0.0691502
0.0648701
0.060336
0.0555765
0.0506222
0.0455081
0.0402681
0.0349406
0.0295573
0.0241581
0.0187658
0.0134245
0.00813472
0.00295625
0.100521
0.100375
0.100083
0.0996401
0.0990346
0.0982487
0.0972615
0.0960501
0.0945912
0.0928624
0.0908431
0.0885163
0.0858686
0.0828921
0.0795842
0.075949
0.0719962
0.0677424
0.0632092
0.0584244
0.0534186
0.0482277
0.0428867
0.0374361
0.0319098
0.0263506
0.0207839
0.0152568
0.00977298
0.00439539
0.101776
0.101657
0.101417
0.101049
0.100537
0.099861
0.0989965
0.0979179
0.0965986
0.0950128
0.0931362
0.0909479
0.0884307
0.0855727
0.0823675
0.0788158
0.0749242
0.0707069
0.0661836
0.0613813
0.05633
0.0510663
0.0456264
0.0400526
0.0343811
0.0286574
0.0229101
0.0171892
0.0115022
0.00591492
0.10301
0.102919
0.102733
0.102441
0.102024
0.10146
0.100722
0.0997805
0.0986064
0.0971703
0.0954444
0.0934036
0.0910269
0.0882982
0.0852071
0.0817505
0.0779316
0.0737617
0.0692585
0.0644472
0.0593575
0.0540261
0.0484901
0.0427937
0.0369753
0.0310832
0.0251493
0.0192265
0.0133271
0.00751908
0.104222
0.104159
0.104027
0.103812
0.103493
0.103043
0.102434
0.101634
0.100611
0.0993308
0.0977632
0.0958789
0.0936527
0.0910643
0.0880991
0.0847497
0.0810157
0.0769051
0.0724328
0.0676223
0.0625022
0.0571091
0.0514809
0.0456632
0.0396969
0.0336329
0.0275067
0.021374
0.0152525
0.00921242
0.105411
0.105376
0.105298
0.105161
0.10494
0.104607
0.104131
0.103476
0.102608
0.10149
0.100088
0.0983693
0.0963037
0.0938667
0.0910393
0.0878098
0.0841735
0.0801347
0.0757053
0.0709062
0.0657649
0.0603172
0.0546016
0.0486649
0.0425505
0.0363114
0.0299875
0.0236369
0.0172838
0.0109999
0.106574
0.106567
0.106545
0.106486
0.106365
0.10615
0.105808
0.105302
0.104594
0.103644
0.102415
0.10087
0.0989751
0.0967007
0.0940235
0.0909268
0.0874016
0.0834479
0.0790742
0.0742985
0.0691462
0.0636521
0.0578551
0.0518026
0.0455406
0.0391241
0.0325975
0.0260211
0.0194266
0.0128868
0.107711
0.107732
0.107765
0.107785
0.107765
0.107669
0.107464
0.10711
0.106566
0.10579
0.104741
0.103377
0.101662
0.0995617
0.097047
0.0940965
0.0906964
0.086842
0.0825377
0.0777981
0.0726463
0.0671153
0.0612441
0.0550801
0.048672
0.0420763
0.0353426
0.0285327
0.0216872
0.0148788
0.10882
0.108869
0.108957
0.109057
0.109137
0.109163
0.109096
0.108896
0.10852
0.107922
0.107059
0.105886
0.104361
0.102445
0.100105
0.0973145
0.0940539
0.0903135
0.0860934
0.0814038
0.0762652
0.070708
0.0647709
0.0585011
0.0519493
0.0451736
0.0382289
0.0311781
0.0240719
0.0169822
0.1099
0.109977
0.110121
0.1103
0.110481
0.110628
0.110702
0.110658
0.110453
0.110039
0.109368
0.108392
0.107066
0.105346
0.103193
0.100576
0.0974699
0.093859
0.0897385
0.085114
0.0800024
0.0744312
0.068438
0.062069
0.0553774
0.0484218
0.0412627
0.0339641
0.0265877
0.0192033
0.110951
0.111056
0.111255
0.111513
0.111796
0.112065
0.112279
0.112394
0.112363
0.112135
0.111662
0.110891
0.109773
0.108259
0.106306
0.103876
0.10094
0.0974744
0.09347
0.0889265
0.0838572
0.0782853
0.0722472
0.0657873
0.0589608
0.0518264
0.0444508
0.0368976
0.0292419
0.0215494
0.111972
0.112105
0.112359
0.112696
0.113079
0.11347
0.113826
0.1141
0.114245
0.114209
0.113938
0.113379
0.112477
0.111179
0.109439
0.10721
0.104459
0.101155
0.0972842
0.0928389
0.0878282
0.0822705
0.0762002
0.0696592
0.0627043
0.0553934
0.0478
0.0399862
0.0320421
0.0240279
0.112963
0.113123
0.113431
0.113846
0.11433
0.114843
0.115341
0.115776
0.116099
0.116257
0.116193
0.115851
0.115173
0.114103
0.112586
0.110573
0.108022
0.104897
0.101177
0.0968482
0.0919137
0.0863865
0.0802984
0.0736875
0.0666122
0.0591285
0.0513171
0.0432374
0.0349966
0.0266469
0.113923
0.11411
0.114472
0.114965
0.115549
0.116183
0.116822
0.117419
0.117922
0.118275
0.118423
0.118304
0.117858
0.117023
0.115742
0.113958
0.111623
0.108695
0.105144
0.100951
0.0961114
0.0906325
0.0845426
0.0778748
0.0706889
0.0630375
0.0550093
0.0466593
0.0381139
0.0294148
0.114852
0.115066
0.115481
0.11605
0.116733
0.117488
0.118269
0.119027
0.11971
0.120262
0.120624
0.120733
0.120526
0.119936
0.118902
0.11736
0.115257
0.112543
0.109181
0.105142
0.100419
0.0950071
0.0889332
0.0822233
0.0749384
0.0671261
0.0588837
0.0502599
0.041403
0.0323405
0.11575
0.11599
0.116457
0.117102
0.117883
0.118758
0.119679
0.120598
0.121463
0.122215
0.122794
0.123136
0.123174
0.122837
0.12206
0.120774
0.118918
0.116435
0.113282
0.109419
0.104832
0.0995085
0.09347
0.0867347
0.0793643
0.0713998
0.0629476
0.0540477
0.0448731
0.0354338
0.116618
0.116883
0.117402
0.118121
0.118999
0.119991
0.121053
0.122132
0.123178
0.124131
0.12493
0.125508
0.125796
0.125721
0.125211
0.124193
0.1226
0.120366
0.117441
0.113775
0.109347
0.104134
0.0981524
0.0914102
0.0839701
0.0758639
0.0672081
0.0580312
0.0485341
0.0387044
0.117454
0.117745
0.118314
0.119107
0.12008
0.121189
0.122388
0.123628
0.124854
0.126008
0.127028
0.127846
0.128389
0.128582
0.12835
0.127612
0.126297
0.124329
0.121652
0.118206
0.11396
0.108881
0.102979
0.0962505
0.0887587
0.0805235
0.0716723
0.0622191
0.0523958
0.0421628
0.11826
0.118576
0.119195
0.120059
0.121125
0.12235
0.123686
0.125083
0.126489
0.127845
0.129087
0.130146
0.130949
0.131417
0.131471
0.131024
0.130001
0.128318
0.125909
0.122704
0.118665
0.113744
0.107947
0.101256
0.0937324
0.0853831
0.0763473
0.0666201
0.0564686
0.0458199
0.119036
0.119376
0.120043
0.120978
0.122136
0.123473
0.124944
0.126498
0.128083
0.129639
0.131104
0.132406
0.133473
0.134221
0.134568
0.134425
0.133707
0.132325
0.130204
0.127263
0.123456
0.118721
0.113055
0.106425
0.0988931
0.0904471
0.0812398
0.0712427
0.0607629
0.0496868
0.119782
0.120145
0.12086
0.121863
0.123111
0.12456
0.126163
0.127872
0.129633
0.131389
0.133077
0.134624
0.135956
0.136989
0.137638
0.137807
0.137409
0.136343
0.134531
0.131877
0.128328
0.123804
0.118299
0.111757
0.104242
0.0957193
0.0863564
0.0760957
0.0652894
0.053775
0.120498
0.120885
0.121646
0.122716
0.124052
0.125609
0.127343
0.129203
0.13114
0.133094
0.135003
0.136796
0.138396
0.139718
0.140674
0.141165
0.141098
0.140366
0.138881
0.136538
0.133272
0.128989
0.123673
0.117249
0.109779
0.101203
0.0917032
0.0811875
0.0700589
0.0580961
0.121186
0.121594
0.122401
0.123536
0.124958
0.126622
0.128483
0.130493
0.132602
0.134753
0.136882
0.13892
0.140789
0.142403
0.143672
0.144494
0.14477
0.144386
0.143248
0.141237
0.138282
0.134269
0.129174
0.122899
0.115505
0.1069
0.0972863
0.0865261
0.0750821
0.0626616
0.121846
0.122275
0.123125
0.124324
0.12583
0.127597
0.129583
0.13174
0.13402
0.136364
0.138712
0.140994
0.143133
0.145042
0.146628
0.147787
0.148417
0.148395
0.147622
0.145967
0.143349
0.139635
0.134795
0.128702
0.121419
0.112813
0.103111
0.0921196
0.0803697
0.067483
0.122477
0.122928
0.12382
0.125081
0.126668
0.128536
0.130644
0.132945
0.135391
0.137927
0.140492
0.143016
0.145425
0.147629
0.149537
0.15104
0.152033
0.152387
0.151997
0.150719
0.148464
0.14508
0.140529
0.134654
0.127517
0.118943
0.109182
0.0979757
0.0859325
0.0725715
0.123082
0.123553
0.124486
0.125806
0.127472
0.129439
0.131666
0.134108
0.136717
0.139441
0.14222
0.144985
0.147663
0.150164
0.152396
0.154247
0.155611
0.156354
0.156363
0.155484
0.153618
0.150596
0.146368
0.140748
0.133798
0.125291
0.115505
0.104102
0.0917813
0.0779378
0.12366
0.124151
0.125124
0.126502
0.128244
0.130307
0.13265
0.135228
0.137998
0.140906
0.143896
0.1469
0.149844
0.152641
0.155199
0.157404
0.159147
0.160289
0.160712
0.160253
0.158802
0.156172
0.152304
0.146979
0.140257
0.131856
0.122083
0.110504
0.097926
0.0835912
0.124213
0.124722
0.125734
0.127167
0.128984
0.131139
0.133594
0.136307
0.139233
0.142322
0.145519
0.148758
0.151968
0.15506
0.157944
0.160506
0.162634
0.164185
0.165037
0.165016
0.164005
0.161799
0.158327
0.153338
0.146889
0.138636
0.12892
0.117189
0.104375
0.0895368
0.12474
0.125268
0.126317
0.127804
0.129692
0.131937
0.134502
0.137344
0.140422
0.143688
0.147089
0.15056
0.154031
0.157418
0.160628
0.163548
0.166066
0.168035
0.169329
0.169765
0.169218
0.167465
0.164426
0.159815
0.153686
0.14563
0.136017
0.124164
0.111141
0.0957788
0.125243
0.125788
0.126873
0.128412
0.13037
0.132702
0.135372
0.13834
0.141567
0.145005
0.148605
0.152304
0.156034
0.159711
0.163247
0.166527
0.169438
0.171833
0.17358
0.17449
0.174429
0.173161
0.17059
0.166404
0.160645
0.152837
0.143384
0.131445
0.118251
0.102339
0.125723
0.126285
0.127404
0.128993
0.131017
0.133433
0.136205
0.139295
0.142667
0.146273
0.150068
0.15399
0.157975
0.161941
0.1658
0.16944
0.172748
0.175574
0.177785
0.179185
0.179634
0.178879
0.176815
0.173098
0.167763
0.160265
0.151033
0.139054
0.125745
0.109261
0.12618
0.126758
0.12791
0.129547
0.131636
0.134132
0.137003
0.140212
0.143724
0.147494
0.151479
0.15562
0.159857
0.164107
0.168288
0.172287
0.175993
0.179257
0.18194
0.183844
0.184821
0.184608
0.183084
0.179881
0.175018
0.16789
0.158937
0.146954
0.133572
0.116478
0.126614
0.127208
0.128392
0.130075
0.132226
0.134801
0.137767
0.141091
0.144738
0.148668
0.152838
0.157194
0.161676
0.166207
0.170705
0.17506
0.179163
0.182863
0.186022
0.188438
0.189953
0.190296
0.189331
0.186671
0.182307
0.175593
0.166948
0.154982
0.141465
0.123519
0.127027
0.127635
0.128849
0.130576
0.132786
0.135434
0.138491
0.141924
0.145701
0.149783
0.154131
0.158692
0.16341
0.168212
0.173017
0.177719
0.18221
0.186339
0.189969
0.192894
0.19495
0.19586
0.195469
0.193378
0.189546
0.183299
0.175019
0.163171
0.149499
0.130016
0.12742
0.128042
0.129284
0.13105
0.133313
0.136029
0.139169
0.142701
0.146597
0.15082
0.155334
0.160088
0.165032
0.170093
0.175198
0.180242
0.185122
0.189691
0.193812
0.197281
0.199935
0.201491
0.20179
0.200417
0.197324
0.191797
0.184239
0.172954
0.159959
0.138733
-0.0158278
-0.0168076
-0.0177903
-0.0187752
-0.0197631
-0.0207542
-0.0217484
-0.0227456
-0.0237457
-0.0247484
-0.0257537
-0.0267615
-0.0277716
-0.028784
-0.0297985
-0.0308151
-0.0318336
-0.0328539
-0.0338758
-0.0348994
-0.0359244
-0.0369507
-0.0379783
-0.039007
-0.0400368
-0.0410674
-0.0420988
-0.0431309
-0.0441636
-0.0451967
-0.0462302
-0.0472638
-0.0482976
-0.0493313
-0.0503638
-0.0513968
-0.05243
-0.0534628
-0.054495
-0.0555265
-0.0157691
-0.0167459
-0.0177255
-0.0187073
-0.0196922
-0.0206807
-0.0216727
-0.022668
-0.0236664
-0.0246679
-0.0256724
-0.0266798
-0.0276899
-0.0287027
-0.0297181
-0.0307359
-0.031756
-0.0327783
-0.0338026
-0.034829
-0.0358572
-0.0368871
-0.0379185
-0.0389515
-0.0399858
-0.0410213
-0.0420579
-0.0430954
-0.0441338
-0.0451729
-0.0462125
-0.0472526
-0.048293
-0.0493336
-0.0503748
-0.0514157
-0.0524562
-0.0534963
-0.054536
-0.0555751
-0.0156623
-0.0166413
-0.017623
-0.0186067
-0.0195939
-0.020585
-0.0215801
-0.0225788
-0.023581
-0.0245866
-0.0255954
-0.0266074
-0.0276224
-0.0286403
-0.029661
-0.0306843
-0.0317102
-0.0327385
-0.033769
-0.0348017
-0.0358364
-0.036873
-0.0379113
-0.0389513
-0.0399927
-0.0410354
-0.0420794
-0.0431244
-0.0441704
-0.0452171
-0.0462645
-0.0473124
-0.0483606
-0.049409
-0.0504573
-0.0515057
-0.052554
-0.053602
-0.0546496
-0.0556966
-0.0155048
-0.0164886
-0.0174751
-0.0184632
-0.0194549
-0.0204509
-0.0214512
-0.0224553
-0.0234632
-0.0244748
-0.0254898
-0.0265083
-0.02753
-0.028555
-0.0295829
-0.0306137
-0.0316473
-0.0326836
-0.0337223
-0.0347634
-0.0358068
-0.0368522
-0.0378996
-0.0389488
-0.0399996
-0.0410519
-0.0421057
-0.0431606
-0.0442166
-0.0452735
-0.0463313
-0.0473896
-0.0484484
-0.0495076
-0.0505671
-0.0516266
-0.0526859
-0.053745
-0.0548037
-0.0558618
-0.015301
-0.0162933
-0.017288
-0.0182838
-0.019283
-0.020287
-0.0212955
-0.0223083
-0.0233251
-0.0243457
-0.0253701
-0.0263981
-0.0274297
-0.0284647
-0.0295029
-0.0305442
-0.0315885
-0.0326356
-0.0336855
-0.0347378
-0.0357926
-0.0368496
-0.0379088
-0.0389699
-0.0400328
-0.0410973
-0.0421633
-0.0432307
-0.0442992
-0.0453688
-0.0464393
-0.0475104
-0.0485821
-0.0496541
-0.0507264
-0.0517988
-0.0528711
-0.0539432
-0.0550149
-0.0560861
-0.0150517
-0.0160556
-0.0170614
-0.0180675
-0.0190769
-0.0200914
-0.0211109
-0.0221348
-0.0231629
-0.0241951
-0.0252313
-0.0262714
-0.0273152
-0.0283625
-0.0294133
-0.0304675
-0.0315248
-0.0325851
-0.0336482
-0.0347141
-0.0357826
-0.0368534
-0.0379265
-0.0390017
-0.0400789
-0.0411578
-0.0422383
-0.0433202
-0.0444035
-0.0454879
-0.0465732
-0.0476593
-0.048746
-0.0498332
-0.0509207
-0.0520084
-0.053096
-0.0541834
-0.0552704
-0.0563569
-0.0147584
-0.015777
-0.0167971
-0.0178161
-0.0188384
-0.0198662
-0.0208992
-0.021937
-0.0229791
-0.0240255
-0.025076
-0.0261307
-0.0271892
-0.0282516
-0.0293175
-0.0303869
-0.0314597
-0.0325356
-0.0336146
-0.0346964
-0.035781
-0.036868
-0.0379575
-0.0390492
-0.0401429
-0.0412385
-0.0423358
-0.0434346
-0.0445349
-0.0456363
-0.0467388
-0.0478421
-0.048946
-0.0500505
-0.0511553
-0.0522603
-0.0533653
-0.0544701
-0.0555746
-0.0566785
-0.0144219
-0.0154583
-0.0164954
-0.0175301
-0.0185678
-0.0196114
-0.0206605
-0.0217146
-0.0227732
-0.0238363
-0.0249037
-0.0259754
-0.0270511
-0.0281308
-0.0292142
-0.0303013
-0.0313919
-0.0324857
-0.0335828
-0.0346828
-0.0357857
-0.0368912
-0.0379992
-0.0391095
-0.040222
-0.0413365
-0.0424527
-0.0435706
-0.04469
-0.0458106
-0.0469323
-0.0480549
-0.0491782
-0.050302
-0.0514262
-0.0525507
-0.0536752
-0.0547995
-0.0559234
-0.0570469
-0.0140427
-0.0150999
-0.0161569
-0.0172099
-0.0182656
-0.0193275
-0.0203953
-0.0214683
-0.0225459
-0.0236281
-0.0247148
-0.0258059
-0.0269013
-0.0280007
-0.029104
-0.0302111
-0.0313218
-0.0324359
-0.0335534
-0.0346739
-0.0357973
-0.0369235
-0.0380523
-0.0391836
-0.040317
-0.0414525
-0.0425899
-0.043729
-0.0448696
-0.0460115
-0.0471546
-0.0482986
-0.0494433
-0.0505886
-0.0517343
-0.0528803
-0.0540264
-0.0551722
-0.0563177
-0.0574627
-0.0136211
-0.014702
-0.0157819
-0.0168557
-0.0179319
-0.0190146
-0.0201037
-0.021198
-0.0222971
-0.0234009
-0.0245094
-0.0256223
-0.0267397
-0.0278612
-0.0289867
-0.0301162
-0.0312493
-0.032386
-0.033526
-0.0346693
-0.0358156
-0.0369647
-0.0381165
-0.0392708
-0.0404274
-0.0415861
-0.0427467
-0.0439091
-0.0450731
-0.0462384
-0.0474049
-0.0485724
-0.0497406
-0.0509094
-0.0520787
-0.0532482
-0.0544178
-0.0555873
-0.0567563
-0.0579249
-0.013157
-0.0142647
-0.0153703
-0.0164677
-0.0175668
-0.0186729
-0.0197857
-0.0209039
-0.0220269
-0.0231548
-0.0242874
-0.0254246
-0.0265664
-0.0277124
-0.0288625
-0.0300166
-0.0311745
-0.032336
-0.033501
-0.0346692
-0.0358406
-0.0370148
-0.0381918
-0.0393713
-0.0405532
-0.0417373
-0.0429233
-0.0441112
-0.0453006
-0.0464914
-0.0476835
-0.0488765
-0.0500703
-0.0512645
-0.0524594
-0.0536546
-0.0548498
-0.0560448
-0.0572395
-0.0584336
-0.0126503
-0.0137878
-0.014922
-0.0160455
-0.0171702
-0.0183021
-0.0194412
-0.0205858
-0.0217353
-0.0228897
-0.0240489
-0.0252129
-0.0263814
-0.0275542
-0.0287313
-0.0299124
-0.0310974
-0.032286
-0.0334782
-0.0346737
-0.0358723
-0.0370739
-0.0382783
-0.0394853
-0.0406947
-0.0419062
-0.0431198
-0.0443352
-0.0455522
-0.0467706
-0.0479903
-0.0492109
-0.0504323
-0.0516541
-0.0528766
-0.0540994
-0.0553222
-0.0565448
-0.0577671
-0.0589887
-0.0121005
-0.0132708
-0.0144366
-0.0155889
-0.0167417
-0.0179021
-0.01907
-0.0202436
-0.0214221
-0.0226055
-0.0237938
-0.0249869
-0.0261847
-0.0273868
-0.0285932
-0.0298037
-0.031018
-0.0322362
-0.0334578
-0.0346829
-0.0359111
-0.0371423
-0.0383763
-0.0396129
-0.0408519
-0.0420932
-0.0433364
-0.0445815
-0.0458282
-0.0470763
-0.0483256
-0.049576
-0.050827
-0.0520784
-0.0533305
-0.0545829
-0.0558354
-0.0570876
-0.0583395
-0.0595907
-0.0115069
-0.0127131
-0.0139136
-0.0150974
-0.0162809
-0.0174725
-0.0186719
-0.019877
-0.0210871
-0.0223021
-0.023522
-0.0247468
-0.0259762
-0.0272101
-0.0284482
-0.0296904
-0.0309366
-0.0321866
-0.0334401
-0.0346969
-0.035957
-0.0372201
-0.0384859
-0.0397544
-0.0410253
-0.0422984
-0.0435736
-0.0448505
-0.046129
-0.047409
-0.0486901
-0.0499722
-0.051255
-0.0525379
-0.0538216
-0.0551058
-0.0563899
-0.0576738
-0.0589572
-0.06024
-0.0108687
-0.0121141
-0.0133524
-0.0145705
-0.0157874
-0.0170128
-0.0182463
-0.0194857
-0.02073
-0.0219792
-0.0232333
-0.0244923
-0.0257559
-0.027024
-0.0282964
-0.0295728
-0.0308532
-0.0321374
-0.0334251
-0.0347162
-0.0360104
-0.0373077
-0.0386077
-0.0399103
-0.0412153
-0.0425225
-0.0438317
-0.0451427
-0.0464552
-0.0477691
-0.0490842
-0.0504001
-0.0517167
-0.0530331
-0.0543504
-0.0556683
-0.0569862
-0.0583038
-0.0596208
-0.0609371
-0.0101849
-0.0114727
-0.0127521
-0.0140074
-0.0152604
-0.0165223
-0.0177929
-0.0190693
-0.0203505
-0.0216365
-0.0229275
-0.0242233
-0.0255237
-0.0268286
-0.0281377
-0.0294509
-0.030768
-0.0320888
-0.0334132
-0.0347409
-0.0360717
-0.0374055
-0.038742
-0.0400811
-0.0414225
-0.0427661
-0.0441116
-0.0454589
-0.0468077
-0.0481578
-0.049509
-0.0508611
-0.0522137
-0.0535654
-0.0549185
-0.0562723
-0.057626
-0.0589793
-0.060332
-0.0616838
-0.00945414
-0.0107878
-0.0121117
-0.0134073
-0.0146992
-0.0160006
-0.0173109
-0.0186272
-0.0199481
-0.0212737
-0.0226043
-0.0239396
-0.0252795
-0.0266238
-0.0279723
-0.0293248
-0.0306811
-0.0320411
-0.0334046
-0.0347713
-0.0361411
-0.0375138
-0.0388892
-0.0402671
-0.0416473
-0.0430295
-0.0444136
-0.0457994
-0.0471866
-0.048575
-0.0499643
-0.0513542
-0.0527444
-0.0541326
-0.0555234
-0.0569158
-0.0583081
-0.0596995
-0.06109
-0.0624796
-0.00867514
-0.0100582
-0.0114302
-0.012769
-0.0141029
-0.0154467
-0.0167999
-0.0181589
-0.0195224
-0.0208905
-0.0222635
-0.0236411
-0.0250233
-0.0264097
-0.0278002
-0.0291947
-0.0305929
-0.0319946
-0.0333997
-0.034808
-0.0362193
-0.0376334
-0.0390501
-0.0404693
-0.0418906
-0.0433141
-0.0447394
-0.0461664
-0.0475951
-0.0490253
-0.0504569
-0.0518899
-0.0533236
-0.0547446
-0.0561725
-0.0576049
-0.0590373
-0.0604685
-0.0618987
-0.0633279
-0.00784628
-0.00928245
-0.0107062
-0.0120916
-0.0134705
-0.0148598
-0.0162589
-0.0176638
-0.0190729
-0.0204865
-0.0219047
-0.0233276
-0.0247548
-0.0261862
-0.0276215
-0.0290606
-0.0305034
-0.0319495
-0.0333989
-0.0348513
-0.0363066
-0.0377645
-0.0392248
-0.0406873
-0.0421518
-0.0436181
-0.0450859
-0.046555
-0.0480251
-0.0494959
-0.0509669
-0.0524379
-0.0539088
-0.0553925
-0.0568702
-0.0583432
-0.0598153
-0.0612874
-0.0627591
-0.0642299
-0.00696577
-0.00845892
-0.00993842
-0.0113738
-0.0128009
-0.0142389
-0.0156872
-0.0171411
-0.018599
-0.0200611
-0.0215278
-0.0229988
-0.0244741
-0.0259534
-0.0274364
-0.0289231
-0.0304132
-0.0319066
-0.033403
-0.0349023
-0.0364043
-0.0379087
-0.0394154
-0.0409243
-0.0424349
-0.0439473
-0.0454612
-0.0469763
-0.0484925
-0.0500096
-0.0515274
-0.0530457
-0.0545641
-0.0560854
-0.0576045
-0.0591218
-0.0606386
-0.062155
-0.0636706
-0.0651851
-0.00603164
-0.00758584
-0.00912519
-0.0106142
-0.0120928
-0.0135829
-0.0150838
-0.0165901
-0.0181001
-0.019614
-0.0211322
-0.0226546
-0.024181
-0.0257112
-0.027245
-0.0287822
-0.0303226
-0.031866
-0.0334123
-0.0349613
-0.0365127
-0.0380664
-0.0396222
-0.0411798
-0.0427391
-0.0442999
-0.045862
-0.0474252
-0.0489891
-0.0505538
-0.0521188
-0.0536841
-0.055249
-0.0568159
-0.0583817
-0.0599465
-0.0615103
-0.0630733
-0.0646352
-0.0661958
-0.00504171
-0.00666121
-0.00826482
-0.00981111
-0.0113448
-0.0128907
-0.0144477
-0.0160099
-0.0175753
-0.0191444
-0.0207175
-0.0222946
-0.0238754
-0.0254597
-0.0270473
-0.0286381
-0.0302318
-0.0318283
-0.0334275
-0.035029
-0.0366327
-0.0382385
-0.039846
-0.0414553
-0.0430659
-0.0446778
-0.0462908
-0.0479045
-0.049519
-0.0511338
-0.0527488
-0.0543638
-0.0559782
-0.0575937
-0.0592086
-0.0608222
-0.0624348
-0.0640463
-0.0656565
-0.0672652
-0.00399357
-0.00568289
-0.00735539
-0.00896298
-0.0105555
-0.0121608
-0.0137777
-0.0153995
-0.0170241
-0.0186518
-0.0202833
-0.0219185
-0.0235571
-0.0251989
-0.0268436
-0.0284912
-0.0301414
-0.0317941
-0.0334491
-0.0351061
-0.0367651
-0.0384259
-0.0400881
-0.0417517
-0.0434165
-0.0450822
-0.0467486
-0.0484156
-0.050083
-0.0517505
-0.053418
-0.055085
-0.056751
-0.0584178
-0.0600839
-0.0617488
-0.0634124
-0.0650747
-0.0667354
-0.0683944
-0.00288462
-0.00464848
-0.00639481
-0.00806792
-0.00972318
-0.0113918
-0.0130726
-0.0147579
-0.0164454
-0.0181356
-0.0198291
-0.021526
-0.0232259
-0.0249286
-0.0266339
-0.0283416
-0.0300516
-0.0317637
-0.0334778
-0.0351936
-0.0369109
-0.0386296
-0.0403495
-0.0420704
-0.0437921
-0.0455145
-0.0472372
-0.0489602
-0.0506832
-0.052406
-0.0541284
-0.05585
-0.0575699
-0.0592904
-0.0610104
-0.062729
-0.0644459
-0.0661612
-0.0678748
-0.0695863
-0.00171197
-0.00355541
-0.00538081
-0.0071239
-0.00884603
-0.0105822
-0.012331
-0.0140839
-0.0158383
-0.0175949
-0.0193544
-0.0211167
-0.0228817
-0.0246489
-0.0264183
-0.0281898
-0.029963
-0.031738
-0.0335144
-0.0352921
-0.037071
-0.0388509
-0.0406315
-0.0424128
-0.0441944
-0.0459763
-0.0477582
-0.04954
-0.0513214
-0.0531022
-0.0548822
-0.056661
-0.058437
-0.0602138
-0.0619901
-0.0637647
-0.0655374
-0.0673081
-0.0690767
-0.070843
-0.00047252
-0.00240084
-0.00431091
-0.0061287
-0.00792208
-0.00973023
-0.0115514
-0.0133763
-0.0152018
-0.0170289
-0.0188584
-0.0206903
-0.0225242
-0.0243598
-0.0261971
-0.0280359
-0.0298761
-0.0317174
-0.0335597
-0.0354028
-0.0372466
-0.0390909
-0.0409355
-0.0427802
-0.0446249
-0.0464694
-0.0483135
-0.050157
-0.0519997
-0.0538414
-0.0556818
-0.0575206
-0.0593547
-0.0611903
-0.0630256
-0.0648591
-0.0666899
-0.0685183
-0.0703442
-0.0721675
0.000837136
-0.00118168
-0.0031824
-0.00507992
-0.00694918
-0.00883396
-0.0107323
-0.0126337
-0.0145349
-0.0164369
-0.0183406
-0.0202462
-0.0221532
-0.0240613
-0.0259705
-0.0278805
-0.0297913
-0.0317027
-0.0336145
-0.0355266
-0.0374387
-0.0393509
-0.0412628
-0.0431743
-0.0450852
-0.0469955
-0.0489049
-0.0508132
-0.0527203
-0.0546258
-0.0565293
-0.0584302
-0.0603234
-0.0622201
-0.0641178
-0.0660131
-0.0679049
-0.0697936
-0.0716793
-0.0735621
0.00222069
0.000105401
-0.00199233
-0.00397493
-0.00592499
-0.00789137
-0.00987182
-0.0118546
-0.0138361
-0.0158177
-0.0178003
-0.019784
-0.0217684
-0.0237533
-0.0257385
-0.0277239
-0.0297093
-0.0316947
-0.0336798
-0.0356645
-0.0376487
-0.0396322
-0.0416148
-0.0435964
-0.045577
-0.0475563
-0.0495342
-0.0515108
-0.0534861
-0.0554602
-0.057433
-0.0594042
-0.0613544
-0.0633126
-0.0652742
-0.0672329
-0.0691876
-0.0711387
-0.0730864
-0.0750307
0.00368216
0.00146407
-0.000737494
-0.00281087
-0.00484696
-0.00690021
-0.00896806
-0.0110374
-0.0131044
-0.0151703
-0.0172366
-0.0193032
-0.0213697
-0.0234358
-0.0255014
-0.0275665
-0.0296308
-0.0316942
-0.0337567
-0.035818
-0.0378779
-0.0399364
-0.0419933
-0.0440484
-0.0461016
-0.0481526
-0.0502013
-0.0522475
-0.0542908
-0.0563308
-0.0583671
-0.0603992
-0.0624401
-0.0644733
-0.0664994
-0.0685215
-0.0705407
-0.0725565
-0.0745685
-0.0765764
0.00522592
0.0028983
0.000585607
-0.00158461
-0.00371229
-0.00585802
-0.00801889
-0.0101803
-0.012338
-0.0144936
-0.0166487
-0.0188031
-0.0209566
-0.0231087
-0.0252595
-0.0274087
-0.0295564
-0.0317023
-0.0338463
-0.0359883
-0.0381282
-0.0402657
-0.0424008
-0.0445333
-0.0466631
-0.0487899
-0.0509137
-0.0530342
-0.0551512
-0.0572645
-0.059374
-0.0614787
-0.0635907
-0.0656934
-0.0677881
-0.0698786
-0.0719657
-0.0740488
-0.0761276
-0.0782018
0.00685668
0.0044124
0.00198078
-0.000292761
-0.00251795
-0.00476212
-0.007022
-0.00928132
-0.0115354
-0.0137863
-0.0160355
-0.0182832
-0.0205287
-0.0227719
-0.0250127
-0.0272511
-0.0294868
-0.0317197
-0.0339498
-0.036177
-0.038401
-0.0406218
-0.0428392
-0.0450531
-0.0472634
-0.0494699
-0.0516724
-0.053871
-0.0560653
-0.0582552
-0.0604404
-0.0626198
-0.0648012
-0.0669761
-0.0691442
-0.071307
-0.0734653
-0.0756187
-0.077767
-0.0799099
0.00857959
0.00601108
0.00345216
0.00106839
-0.00126059
-0.00360957
-0.00597484
-0.00833828
-0.0106948
-0.0130468
-0.015396
-0.0177424
-0.0200856
-0.0224253
-0.0247614
-0.0270939
-0.0294226
-0.0317475
-0.0340684
-0.0363852
-0.0386979
-0.0410063
-0.0433102
-0.0456097
-0.0479045
-0.0501945
-0.0524797
-0.0547598
-0.0570347
-0.0593042
-0.0615679
-0.0638241
-0.0660805
-0.0683312
-0.0705751
-0.0728129
-0.0750448
-0.077271
-0.0794912
-0.0817054
0.0104002
0.00769941
0.00500425
0.00250287
6.339e-05
-0.00239718
-0.00487462
-0.00734881
-0.00981423
-0.0122736
-0.0147289
-0.0171801
-0.0196267
-0.0220685
-0.0245055
-0.0269375
-0.0293645
-0.0317864
-0.0342031
-0.0366145
-0.0390206
-0.0414211
-0.0438161
-0.0462054
-0.048589
-0.0509666
-0.0533383
-0.0557038
-0.0580631
-0.0604157
-0.0627613
-0.0650969
-0.0674319
-0.0697618
-0.0720843
-0.0743995
-0.0767079
-0.0790095
-0.0813042
-0.083592
0.0123245
0.00948291
0.00664192
0.00401507
0.00145795
-0.00112144
-0.0037183
-0.00631028
-0.00889142
-0.0114648
-0.0140327
-0.0165951
-0.0191514
-0.0217014
-0.024245
-0.0267823
-0.0293131
-0.0318375
-0.0343552
-0.0368663
-0.0393707
-0.0418683
-0.044359
-0.0468427
-0.0493194
-0.051789
-0.0542513
-0.0567063
-0.0591538
-0.0615933
-0.0640244
-0.0664415
-0.0688588
-0.0712716
-0.0736761
-0.0760717
-0.0784591
-0.0808387
-0.0832105
-0.0855743
0.014359
0.0113676
0.00837048
0.00560975
0.00292739
0.000221479
-0.00250254
-0.00521984
-0.00792399
-0.0106185
-0.013306
-0.0159863
-0.0186589
-0.0213234
-0.02398
-0.0266287
-0.0292693
-0.0319018
-0.0345261
-0.0371423
-0.0397502
-0.0423498
-0.0449411
-0.0475239
-0.0500984
-0.0526645
-0.055222
-0.057771
-0.0603111
-0.0628414
-0.065361
-0.0678597
-0.0703623
-0.0728625
-0.0753529
-0.0778323
-0.0803019
-0.0827624
-0.0852139
-0.0876563
0.0165108
0.0133598
0.0101957
0.00729211
0.0044764
0.00163574
-0.00122368
-0.00407432
-0.00690925
-0.00973252
-0.0125469
-0.0153524
-0.0181482
-0.0209343
-0.0237105
-0.0264769
-0.0292335
-0.0319803
-0.0347171
-0.037444
-0.040161
-0.0428679
-0.0455648
-0.0482516
-0.0509285
-0.0535954
-0.0562526
-0.0589005
-0.0615398
-0.0641713
-0.0667947
-0.0693707
-0.0719587
-0.074547
-0.0771242
-0.0796891
-0.0822432
-0.084787
-0.0873205
-0.0898435
0.0187872
0.0154666
0.0121237
0.00906776
0.00611008
0.00312589
0.00012228
-0.00287025
-0.00584424
-0.00880433
-0.0117536
-0.0146919
-0.0176185
-0.0205333
-0.0234362
-0.0263273
-0.0292066
-0.0320741
-0.0349298
-0.0377735
-0.0406053
-0.0434251
-0.0462329
-0.0490287
-0.0518124
-0.0545838
-0.0573428
-0.060089
-0.0628216
-0.0655397
-0.0682418
-0.0709585
-0.0736542
-0.0763302
-0.0789934
-0.0816459
-0.0842873
-0.0869169
-0.0895347
-0.0921407
0.0211963
0.0176955
0.0141612
0.0109428
0.00783395
0.00469689
0.00153971
-0.00160382
-0.00472571
-0.00783122
-0.0109237
-0.0140031
-0.0170685
-0.0201198
-0.0231569
-0.0261801
-0.0291893
-0.0321844
-0.0351655
-0.0381326
-0.0410856
-0.0440245
-0.0469493
-0.0498599
-0.0527564
-0.0556385
-0.0585063
-0.0613594
-0.0641976
-0.0670208
-0.0698266
-0.0726428
-0.0754348
-0.0782052
-0.0809616
-0.0837061
-0.0864378
-0.0891562
-0.091861
-0.0945524
0.0237469
0.0200544
0.0163155
0.0129238
0.00965405
0.00635414
0.0030334
-0.000270841
-0.00355004
-0.00681017
-0.0100549
-0.0132841
-0.0164968
-0.0196929
-0.0228724
-0.0260354
-0.029182
-0.0323122
-0.0354259
-0.0385232
-0.0416041
-0.0446686
-0.0477167
-0.0507484
-0.0537636
-0.0567625
-0.0597448
-0.0627105
-0.0656593
-0.0685909
-0.0715016
-0.0744128
-0.0773052
-0.0801775
-0.0830331
-0.0858737
-0.0886993
-0.0915094
-0.0943042
-0.0970837
0.026448
0.0225519
0.0185943
0.0150179
0.0115769
0.0081035
0.00460855
0.00113327
-0.00231326
-0.00573781
-0.00914442
-0.0125328
-0.0159018
-0.0192515
-0.0225819
-0.0258931
-0.0291852
-0.0324582
-0.0357121
-0.038947
-0.0421629
-0.0453598
-0.0485378
-0.0516968
-0.054837
-0.0579584
-0.0610607
-0.064144
-0.0672078
-0.0702514
-0.0732686
-0.0762833
-0.0792817
-0.0822591
-0.0852169
-0.0881566
-0.0910789
-0.0939837
-0.096871
-0.0997409
0.0293095
0.0251973
0.0210059
0.0172327
0.0136094
0.00995132
0.00627084
0.00261353
-0.001011
-0.00461041
-0.00818906
-0.0117465
-0.0152817
-0.0187943
-0.0222848
-0.0257531
-0.0291993
-0.0326235
-0.0360257
-0.0394059
-0.0427642
-0.0461007
-0.0494154
-0.0527086
-0.0559801
-0.0592301
-0.0624586
-0.0656653
-0.0688494
-0.0720101
-0.0751352
-0.0782592
-0.081369
-0.0844555
-0.0875186
-0.0905606
-0.0935827
-0.096585
-0.0995673
-0.10253
0.0323417
0.0280002
0.0235592
0.0195764
0.0157593
0.0119045
0.00802643
0.00417541
0.00036153
-0.00342386
-0.00718543
-0.0109226
-0.0146342
-0.01832
-0.0219802
-0.0256151
-0.0292246
-0.0328089
-0.0363678
-0.0399016
-0.0434102
-0.0468939
-0.0503527
-0.0537867
-0.0571963
-0.0605817
-0.063943
-0.0672803
-0.0705922
-0.0738763
-0.0771064
-0.080344
-0.0835708
-0.0867707
-0.0899431
-0.0930913
-0.0962166
-0.0993192
-0.102399
-0.105457
0.0355554
0.030971
0.0262636
0.0220579
0.0180346
0.0139703
0.00988199
0.00582488
0.00180958
-0.00217361
-0.00612972
-0.0100579
-0.0139569
-0.0178266
-0.0216671
-0.0254787
-0.0292614
-0.0330151
-0.03674
-0.0404361
-0.0441035
-0.0477424
-0.0513527
-0.0549347
-0.0584886
-0.0620149
-0.0655147
-0.0689901
-0.0724444
-0.0758797
-0.0792163
-0.0825688
-0.0859093
-0.0892205
-0.092503
-0.0957594
-0.0989901
-0.102195
-0.105375
-0.108529
0.0389621
0.0341204
0.0291291
0.0246864
0.020444
0.0161569
0.0118447
0.00756842
0.00333891
-0.000854682
-0.00501766
-0.00914899
-0.0132472
-0.0173122
-0.0213441
-0.0253433
-0.0293096
-0.033243
-0.0371437
-0.0410117
-0.044847
-0.0486496
-0.0524197
-0.0561571
-0.0598618
-0.0635332
-0.0671702
-0.07077
-0.0743286
-0.0778393
-0.0814185
-0.0849283
-0.0883822
-0.0918044
-0.0952006
-0.0985691
-0.101908
-0.105219
-0.1085
-0.111753
0.0425738
0.0374599
0.0321664
0.027472
0.0229968
0.0184726
0.0139224
0.00941306
0.00495577
0.000538429
-0.00384454
-0.00819183
-0.0125018
-0.0167743
-0.0210097
-0.0252079
-0.0293691
-0.0334932
-0.0375802
-0.0416302
-0.0456433
-0.0496194
-0.0535587
-0.0574611
-0.0613267
-0.0651552
-0.0689467
-0.0727007
-0.0764182
-0.0800919
-0.0837685
-0.0873972
-0.0909794
-0.0945269
-0.098043
-0.101527
-0.104978
-0.108396
-0.111782
-0.115136
0.0464028
0.0410013
0.0353865
0.0304252
0.025703
0.0209267
0.0161234
0.0113664
0.00666699
0.00201173
-0.00260518
-0.00718208
-0.0117172
-0.0162103
-0.0206617
-0.0250715
-0.0294396
-0.0337659
-0.0380506
-0.0422935
-0.0464948
-0.0506546
-0.0547729
-0.0588498
-0.0628855
-0.0668799
-0.0708327
-0.074743
-0.0786097
-0.0824193
-0.0862252
-0.089994
-0.0937158
-0.0973951
-0.101036
-0.10464
-0.108206
-0.111736
-0.115229
-0.118685
0.0504618
0.0447569
0.038801
0.0335571
0.0285729
0.0235288
0.0184567
0.0134366
0.00847996
0.0035718
-0.00129383
-0.00611485
-0.0108893
-0.0156169
-0.0202979
-0.0249325
-0.0295203
-0.0340613
-0.0385556
-0.043003
-0.0474036
-0.0517576
-0.056065
-0.0603261
-0.064541
-0.0687101
-0.0728333
-0.0769084
-0.0809324
-0.084879
-0.0888274
-0.0927432
-0.0966069
-0.100421
-0.104191
-0.107918
-0.111603
-0.115246
-0.118848
-0.122409
0.0547637
0.0487393
0.042422
0.0368793
0.0316175
0.0262891
0.0209317
0.0156324
0.0104027
0.00522577
9.57721e-05
-0.00498474
-0.0100136
-0.0149905
-0.0199157
-0.024789
-0.0296103
-0.0343794
-0.0390961
-0.0437603
-0.0483722
-0.0529316
-0.0574386
-0.0618934
-0.0662965
-0.070649
-0.0749531
-0.0792126
-0.0834307
-0.0875068
-0.0915992
-0.0956603
-0.0996645
-0.103615
-0.107517
-0.111371
-0.115178
-0.118937
-0.122649
-0.126316
0.0593213
0.0529609
0.0462618
0.0404039
0.0348484
0.0292184
0.0235585
0.0179633
0.0124437
0.00698141
0.00157052
-0.00378578
-0.00908504
-0.014327
-0.0195117
-0.024639
-0.0297084
-0.0347197
-0.0396727
-0.0445672
-0.049403
-0.05418
-0.0588981
-0.0635569
-0.0681562
-0.0726951
-0.0771711
-0.081581
-0.0859163
-0.0902665
-0.0945463
-0.0987507
-0.102895
-0.106986
-0.111024
-0.115009
-0.118939
-0.122817
-0.126642
-0.130416
0.0641473
0.0574342
0.0503328
0.0441432
0.0382775
0.032328
0.0263477
0.0204392
0.0146123
0.00884712
0.00313791
-0.00251137
-0.00809803
-0.0136217
-0.0190824
-0.0244797
-0.029813
-0.0350819
-0.040286
-0.045425
-0.0504988
-0.0555069
-0.0604492
-0.0653253
-0.0701345
-0.0748759
-0.0795472
-0.084147
-0.0886609
-0.0931973
-0.0976458
-0.102008
-0.106305
-0.110543
-0.114722
-0.11884
-0.122897
-0.126895
-0.130835
-0.134717
0.0692533
0.0621707
0.0546471
0.04811
0.041917
0.0356295
0.0293105
0.0230707
0.0169185
0.010832
0.00480614
-0.00115427
-0.00704627
-0.0128695
-0.0186236
-0.024308
-0.0299219
-0.0354646
-0.0409357
-0.0463348
-0.0516614
-0.0569152
-0.062096
-0.0672034
-0.0722371
-0.077196
-0.0820773
-0.0868797
-0.091577
-0.0962755
-0.100902
-0.105441
-0.109902
-0.114294
-0.118618
-0.122874
-0.127062
-0.131183
-0.135239
-0.139229
0.0746491
0.0671805
0.0592166
0.0523173
0.0457797
0.0391348
0.0324583
0.025869
0.0193727
0.0129457
0.00658407
0.000293509
-0.00592277
-0.0120642
-0.0181304
-0.0241201
-0.0300325
-0.0358665
-0.0416216
-0.047297
-0.0528922
-0.0584068
-0.0638405
-0.0691934
-0.0744657
-0.0796573
-0.0847632
-0.0897756
-0.0946413
-0.0995226
-0.104343
-0.109065
-0.113697
-0.118249
-0.122725
-0.127123
-0.131445
-0.135692
-0.139864
-0.143964
0.0803405
0.0724707
0.064052
0.0567779
0.0498782
0.0428558
0.0358031
0.0288459
0.0219862
0.0151988
0.00848134
0.00184068
-0.0047198
-0.0111994
-0.0175972
-0.0239117
-0.0301415
-0.0362856
-0.0423427
-0.0483121
-0.0541928
-0.0599839
-0.065685
-0.0712959
-0.076818
-0.0822573
-0.0876276
-0.0929475
-0.097953
-0.103012
-0.108012
-0.112908
-0.117711
-0.122427
-0.127057
-0.131601
-0.136059
-0.140433
-0.144724
-0.148933
0.0863261
0.0780409
0.0691607
0.0615041
0.0542246
0.0468043
0.0393571
0.0320139
0.024771
0.0176025
0.0105084
0.00349681
-0.00342883
-0.0102676
-0.0170179
-0.0236777
-0.0302453
-0.0367192
-0.043098
-0.0493804
-0.0555649
-0.0616503
-0.0676351
-0.0735167
-0.0792909
-0.084947
-0.0904668
-0.0958133
-0.101373
-0.106721
-0.111897
-0.116968
-0.12195
-0.126837
-0.131626
-0.136319
-0.140916
-0.145419
-0.149829
-0.154148
0.0926004
0.0838834
0.0745463
0.0665056
0.0588285
0.0509902
0.0431321
0.0353857
0.0277395
0.0201684
0.0126763
0.00527224
-0.00204055
-0.0092605
-0.0163853
-0.0234123
-0.0303393
-0.0371644
-0.0438857
-0.0505014
-0.0570101
-0.06341
-0.0696993
-0.0758761
-0.0819377
-0.0878797
-0.0937024
-0.0993672
-0.105052
-0.110592
-0.115982
-0.121257
-0.126428
-0.131492
-0.136446
-0.141292
-0.146031
-0.150665
-0.155195
-0.159623
0.0991631
0.0899949
0.0802193
0.0717955
0.0636988
0.0554229
0.0471405
0.038975
0.0309052
0.0229104
0.0149987
0.00717967
-0.000543275
-0.00816768
-0.0156902
-0.0231076
-0.030417
-0.0376158
-0.0447019
-0.051673
-0.0585271
-0.0652625
-0.0718774
-0.0783703
-0.0847404
-0.0909845
-0.0970989
-0.102982
-0.108884
-0.114667
-0.120294
-0.125786
-0.131156
-0.136404
-0.14153
-0.146534
-0.151419
-0.156186
-0.160837
-0.165373
0.105985
0.0963785
0.086207
0.0773969
0.0688471
0.0601113
0.0513926
0.0427915
0.0342775
0.0258374
0.0174841
0.00922686
0.00106949
-0.00698409
-0.0149293
-0.0227619
-0.0304784
-0.0380755
-0.0455502
-0.0528999
-0.0601221
-0.0672144
-0.0741743
-0.0809992
-0.0876869
-0.0942404
-0.10066
-0.106844
-0.113005
-0.119021
-0.124875
-0.130586
-0.136161
-0.1416
-0.146901
-0.152068
-0.1571
-0.162001
-0.166772
-0.171415
0.112864
0.10295
0.092511
0.0833273
0.0742807
0.0650611
0.0558916
0.0468335
0.0378521
0.0289456
0.0201292
0.011411
0.00279568
-0.00571099
-0.0141032
-0.0223759
-0.0305243
-0.0385443
-0.046432
-0.0541843
-0.0617983
-0.0692715
-0.0766005
-0.0837794
-0.0907922
-0.0976142
-0.104177
-0.110894
-0.117377
-0.123632
-0.12972
-0.135662
-0.141452
-0.147089
-0.152573
-0.157906
-0.16309
-0.168126
-0.173017
-0.177765
0.119387
0.109483
0.0991616
0.089717
0.0801852
0.0705016
0.0608799
0.0513409
0.0418639
0.0324616
0.0231502
0.0139377
0.00483093
-0.00416275
-0.0130362
-0.0217831
-0.0303975
-0.0388741
-0.0472081
-0.0553953
-0.0634326
-0.0713179
-0.0790506
-0.0866311
-0.094052
-0.101297
-0.108208
-0.115159
-0.121915
-0.128446
-0.134798
-0.140986
-0.147004
-0.15285
-0.158527
-0.164035
-0.169377
-0.174554
-0.179568
-0.184422
0.124711
0.114981
0.1052
0.0955722
0.0856493
0.0756048
0.0655827
0.0555891
0.045633
0.0357406
0.0259305
0.016215
0.00660507
-0.00288905
-0.012258
-0.0214934
-0.0305875
-0.0395332
-0.0483239
-0.0569537
-0.0654174
-0.0737113
-0.0818346
-0.089794
-0.097604
-0.105285
-0.112565
-0.119833
-0.12688
-0.133692
-0.140306
-0.146735
-0.152974
-0.159022
-0.164882
-0.170554
-0.17604
-0.181344
-0.186467
-0.191412
-0.0565573
-0.0575872
-0.0586161
-0.059644
-0.0606707
-0.0616961
-0.0627201
-0.0637426
-0.0647635
-0.0657828
-0.0668003
-0.0678159
-0.0688295
-0.0698411
-0.0708505
-0.0718577
-0.0728625
-0.0738649
-0.0566135
-0.057651
-0.0586876
-0.0597232
-0.0607575
-0.0617905
-0.0628221
-0.063852
-0.0648803
-0.0659068
-0.0669314
-0.0679539
-0.0689742
-0.0699923
-0.071008
-0.0720212
-0.0730318
-0.0740396
-0.0567428
-0.0577882
-0.0588326
-0.0598759
-0.0609179
-0.0619585
-0.0629976
-0.064035
-0.0650707
-0.0661044
-0.0671362
-0.0681657
-0.069193
-0.0702179
-0.0712403
-0.07226
-0.073277
-0.0742911
-0.0569192
-0.0579757
-0.0590313
-0.0600857
-0.0611388
-0.0621905
-0.0632407
-0.0642891
-0.0653357
-0.0663802
-0.0674227
-0.0684629
-0.0695007
-0.070536
-0.0715686
-0.0725984
-0.0736254
-0.0571565
-0.0582261
-0.0592946
-0.060362
-0.061428
-0.0624926
-0.0635555
-0.0646167
-0.0656759
-0.066733
-0.067788
-0.0688405
-0.0698906
-0.070938
-0.0719826
-0.0730243
-0.0740629
-0.0574427
-0.0585276
-0.0596114
-0.0606941
-0.0617754
-0.0628552
-0.0639333
-0.0650096
-0.0660839
-0.067156
-0.0682258
-0.0692932
-0.070358
-0.07142
-0.0724792
-0.0735353
-0.0745882
-0.0577817
-0.058884
-0.0599852
-0.0610853
-0.0621839
-0.063281
-0.0643763
-0.0654698
-0.0665612
-0.0676503
-0.0687371
-0.0698214
-0.0709029
-0.0719816
-0.0730573
-0.0741299
-0.0751991
-0.0581695
-0.0592913
-0.0604121
-0.0615315
-0.0626496
-0.063766
-0.0648807
-0.0659934
-0.067104
-0.0682123
-0.0693182
-0.0704215
-0.0715219
-0.0726195
-0.0737139
-0.0748051
-0.0758929
-0.0586069
-0.0597502
-0.0608925
-0.0620334
-0.0631729
-0.0643107
-0.0654468
-0.0665808
-0.0677126
-0.0688421
-0.0699691
-0.0710934
-0.0722148
-0.0733333
-0.0744485
-0.0755604
-0.0766687
-0.0590927
-0.0602595
-0.0614252
-0.0625897
-0.0637526
-0.0649138
-0.0660732
-0.0672305
-0.0683856
-0.0695383
-0.0706884
-0.0718358
-0.0729802
-0.0741215
-0.0752596
-0.0763942
-0.0775253
-0.0596269
-0.0608193
-0.0620105
-0.0632004
-0.0643887
-0.0655754
-0.0667601
-0.0679427
-0.069123
-0.0703009
-0.0714761
-0.0726485
-0.073818
-0.0749842
-0.0761471
-0.0773065
-0.0784622
-0.0602096
-0.0614295
-0.0626482
-0.0638655
-0.0650812
-0.0662952
-0.0675072
-0.0687171
-0.0699247
-0.0711297
-0.072332
-0.0735314
-0.0747278
-0.0759209
-0.0771106
-0.0782967
-0.0794791
-0.060841
-0.0620904
-0.0633386
-0.0645853
-0.0658304
-0.0670737
-0.068315
-0.0695541
-0.0707908
-0.0720249
-0.0732562
-0.0744846
-0.0757099
-0.0769319
-0.0781504
-0.0793652
-0.0805762
-0.0615219
-0.0628027
-0.0640823
-0.0653604
-0.0666368
-0.0679114
-0.0691839
-0.0704541
-0.0717219
-0.0729871
-0.0742494
-0.0755088
-0.0767649
-0.0780176
-0.0792669
-0.0805123
-0.0817539
-0.0622526
-0.0635669
-0.0648799
-0.0661913
-0.0675011
-0.0688089
-0.0701145
-0.0714179
-0.0727188
-0.0740169
-0.0753122
-0.0766044
-0.0778933
-0.0791788
-0.0804606
-0.0817387
-0.0830129
-0.0630347
-0.0643845
-0.0657328
-0.0670796
-0.0684245
-0.0697675
-0.0711083
-0.0724467
-0.0737825
-0.0751155
-0.0764456
-0.0777726
-0.0790962
-0.0804164
-0.0817328
-0.0830454
-0.084354
-0.0638682
-0.0652555
-0.0666413
-0.0680254
-0.0694077
-0.0707878
-0.0721657
-0.0735411
-0.0749139
-0.0762838
-0.0776507
-0.0790143
-0.0803746
-0.0817313
-0.0830843
-0.0844333
-0.0857783
-0.0647559
-0.0661827
-0.0676078
-0.0690312
-0.0704526
-0.0718719
-0.0732887
-0.0747031
-0.0761147
-0.0775234
-0.078929
-0.0803312
-0.0817301
-0.0831252
-0.0845166
-0.085904
-0.0872872
-0.0656993
-0.0671673
-0.0686337
-0.0700982
-0.0715607
-0.0730209
-0.0744788
-0.0759339
-0.0773863
-0.0788357
-0.0802818
-0.0817247
-0.0831639
-0.0845995
-0.0860311
-0.0874587
-0.0888821
-0.0666983
-0.0682098
-0.0697196
-0.0712274
-0.0727331
-0.0742364
-0.0757371
-0.0772352
-0.0787303
-0.0802223
-0.081711
-0.0831962
-0.0846779
-0.0861557
-0.0876295
-0.0890992
-0.0905646
-0.0677548
-0.0693121
-0.0708675
-0.0724207
-0.0739716
-0.07552
-0.0770658
-0.0786086
-0.0801484
-0.081685
-0.0832182
-0.0847478
-0.0862737
-0.0877956
-0.0893135
-0.0908272
-0.0923365
-0.0688721
-0.0704772
-0.0720801
-0.0736807
-0.0752789
-0.0768743
-0.078467
-0.0800566
-0.0816431
-0.0832262
-0.0848057
-0.0863815
-0.0879535
-0.0895215
-0.0910853
-0.0926448
-0.0941998
-0.0700514
-0.0717064
-0.073359
-0.0750091
-0.0766565
-0.0783011
-0.0799427
-0.0815811
-0.0832161
-0.0848476
-0.0864755
-0.0880994
-0.0897194
-0.0913353
-0.0929468
-0.0945539
-0.0961564
-0.0712956
-0.0730025
-0.0747069
-0.0764086
-0.0781074
-0.0798031
-0.0814956
-0.0831847
-0.0848702
-0.086552
-0.08823
-0.089904
-0.0915738
-0.0932393
-0.0949003
-0.0965568
-0.0982086
-0.0726068
-0.0743679
-0.0761262
-0.0778815
-0.0796337
-0.0813825
-0.0831279
-0.0848697
-0.0866076
-0.0883417
-0.0900717
-0.0917974
-0.0935189
-0.0952358
-0.0969481
-0.0986557
-0.100358
-0.073988
-0.0758055
-0.0776198
-0.0794308
-0.0812384
-0.0830424
-0.0848426
-0.0866389
-0.0884312
-0.0902193
-0.0920032
-0.0937825
-0.0955573
-0.0973275
-0.0990928
-0.100853
-0.102609
-0.0754415
-0.0773176
-0.0791902
-0.081059
-0.0829241
-0.0847852
-0.0866423
-0.0884951
-0.0903436
-0.0921877
-0.0940271
-0.0958619
-0.0976918
-0.0995168
-0.101337
-0.103152
-0.104961
-0.0769713
-0.0789081
-0.0808409
-0.0827696
-0.0846942
-0.0866144
-0.0885302
-0.0904414
-0.0923479
-0.0942497
-0.0961465
-0.0980383
-0.099925
-0.101806
-0.103683
-0.105553
-0.107419
-0.0785803
-0.0805798
-0.082575
-0.0845657
-0.0865517
-0.0885329
-0.0905094
-0.0924808
-0.0944471
-0.0964083
-0.0983642
-0.100315
-0.10226
-0.104199
-0.106133
-0.108061
-0.109984
-0.0802712
-0.0823359
-0.0843956
-0.0864503
-0.0884998
-0.0905441
-0.092583
-0.0946165
-0.0966444
-0.0986667
-0.100683
-0.102694
-0.104699
-0.106698
-0.108691
-0.110678
-0.112659
-0.0820475
-0.0841796
-0.0863061
-0.0884269
-0.090542
-0.0926512
-0.0947545
-0.0968519
-0.0989431
-0.101028
-0.103107
-0.10518
-0.107246
-0.109306
-0.111359
-0.113406
-0.115447
-0.0839134
-0.0861151
-0.0883105
-0.0904996
-0.0926822
-0.0948582
-0.0970277
-0.0991906
-0.101347
-0.103496
-0.105639
-0.107775
-0.109904
-0.112026
-0.114141
-0.116249
-0.11835
-0.0858727
-0.0881463
-0.0904128
-0.092672
-0.0949241
-0.0971688
-0.0994062
-0.101636
-0.103859
-0.106074
-0.108282
-0.110482
-0.112675
-0.11486
-0.117038
-0.119208
-0.121371
-0.08793
-0.0902777
-0.0926172
-0.0949487
-0.097272
-0.0995871
-0.101894
-0.104193
-0.106483
-0.108766
-0.11104
-0.113306
-0.115564
-0.117813
-0.120054
-0.122288
-0.124513
-0.0900894
-0.0925133
-0.0949281
-0.0973336
-0.09973
-0.102117
-0.104495
-0.106864
-0.109224
-0.111575
-0.113916
-0.116249
-0.118573
-0.120887
-0.123193
-0.125489
-0.127777
-0.0923561
-0.0948584
-0.0973502
-0.0998317
-0.102303
-0.104764
-0.107214
-0.109655
-0.112085
-0.114505
-0.116915
-0.119315
-0.121705
-0.124085
-0.126456
-0.128816
-0.131167
-0.0947349
-0.0973174
-0.0998882
-0.102447
-0.104995
-0.107531
-0.110055
-0.112569
-0.11507
-0.117561
-0.12004
-0.122508
-0.124965
-0.127411
-0.129846
-0.132271
-0.134685
-0.0972305
-0.0998954
-0.102547
-0.105186
-0.107811
-0.110424
-0.113023
-0.11561
-0.118184
-0.120746
-0.123295
-0.125831
-0.128356
-0.130868
-0.133368
-0.135856
-0.138333
-0.0998481
-0.102597
-0.105332
-0.108051
-0.110756
-0.113446
-0.116122
-0.118783
-0.121431
-0.124064
-0.126683
-0.129288
-0.13188
-0.134458
-0.137023
-0.139574
-0.142113
-0.102594
-0.105429
-0.108248
-0.11105
-0.113835
-0.116604
-0.119357
-0.122094
-0.124814
-0.127519
-0.130208
-0.132882
-0.135541
-0.138185
-0.140814
-0.143428
-0.146028
-0.105473
-0.108397
-0.111301
-0.114187
-0.117054
-0.119903
-0.122733
-0.125545
-0.12834
-0.131116
-0.133876
-0.136618
-0.139343
-0.142051
-0.144743
-0.147419
-0.150079
-0.108492
-0.111506
-0.114498
-0.117468
-0.120418
-0.123347
-0.126255
-0.129143
-0.132011
-0.134859
-0.137688
-0.140498
-0.143289
-0.146061
-0.148814
-0.15155
-0.154268
-0.111659
-0.114763
-0.117844
-0.1209
-0.123933
-0.126942
-0.129929
-0.132892
-0.135834
-0.138753
-0.14165
-0.144526
-0.147381
-0.150215
-0.153029
-0.155822
-0.158596
-0.114978
-0.118176
-0.121346
-0.124488
-0.127605
-0.130695
-0.133759
-0.136798
-0.139811
-0.1428
-0.145765
-0.148706
-0.151623
-0.154517
-0.157388
-0.160237
-0.118458
-0.121749
-0.12501
-0.12824
-0.13144
-0.13461
-0.137752
-0.140864
-0.143949
-0.147006
-0.150036
-0.15304
-0.156017
-0.158969
-0.161895
-0.164797
-0.122106
-0.125492
-0.128843
-0.13216
-0.135444
-0.138694
-0.141912
-0.145097
-0.148252
-0.151375
-0.154468
-0.157532
-0.160566
-0.163572
-0.16655
-0.1695
-0.12593
-0.129411
-0.132854
-0.136257
-0.139624
-0.142953
-0.146245
-0.149502
-0.152724
-0.155911
-0.159064
-0.162185
-0.165273
-0.168329
-0.171354
-0.174349
-0.129938
-0.133515
-0.137048
-0.140539
-0.143986
-0.147393
-0.150758
-0.154084
-0.15737
-0.160617
-0.163828
-0.167001
-0.170138
-0.17324
-0.176308
-0.179343
-0.134139
-0.137812
-0.141436
-0.145011
-0.148539
-0.152021
-0.155456
-0.158847
-0.162195
-0.165499
-0.168761
-0.171983
-0.175164
-0.178307
-0.181412
-0.184481
-0.138541
-0.14231
-0.146024
-0.149683
-0.153289
-0.156843
-0.160346
-0.163799
-0.167203
-0.170559
-0.173869
-0.177133
-0.180353
-0.183531
-0.186666
-0.189761
-0.143156
-0.14702
-0.150821
-0.154563
-0.158244
-0.161868
-0.165434
-0.168944
-0.1724
-0.175803
-0.179154
-0.182454
-0.185706
-0.18891
-0.192068
-0.195183
-0.147992
-0.15195
-0.155838
-0.159659
-0.163413
-0.167102
-0.170727
-0.174289
-0.177791
-0.181234
-0.184619
-0.187948
-0.191223
-0.194446
-0.197618
-0.200742
-0.153062
-0.157112
-0.161085
-0.164982
-0.168804
-0.172553
-0.176232
-0.17984
-0.183381
-0.186857
-0.190268
-0.193617
-0.196906
-0.200137
-0.203313
-0.206435
-0.158377
-0.162518
-0.166572
-0.170541
-0.174427
-0.178231
-0.181957
-0.185604
-0.189177
-0.192676
-0.196103
-0.199462
-0.202754
-0.205982
-0.209149
-0.212256
-0.163951
-0.168179
-0.172311
-0.176348
-0.180292
-0.184145
-0.18791
-0.191588
-0.195182
-0.198695
-0.202128
-0.205485
-0.208768
-0.211979
-0.215123
-0.218201
-0.169797
-0.17411
-0.178315
-0.182414
-0.18641
-0.190304
-0.194099
-0.197797
-0.201403
-0.204917
-0.208343
-0.211684
-0.214943
-0.218123
-0.221227
-0.22426
-0.175932
-0.180326
-0.184598
-0.188752
-0.19279
-0.196714
-0.200529
-0.204236
-0.207838
-0.21134
-0.214743
-0.218052
-0.22127
-0.2244
-0.227447
-0.230414
-0.182372
-0.18684
-0.191174
-0.195374
-0.199445
-0.20339
-0.207211
-0.210913
-0.214498
-0.21797
-0.221333
-0.224591
-0.227747
-0.230805
-0.233769
-0.236644
-0.189118
-0.19366
-0.19805
-0.202291
-0.206388
-0.210344
-0.214163
-0.217848
-0.221403
-0.224833
-0.228141
-0.231331
-0.234407
-0.237373
-0.240233
-0.24299
-0.196182
-0.200781
-0.205213
-0.20948
-0.213588
-0.217541
-0.221343
-0.224999
-0.228512
-0.231888
-0.235131
-0.238246
-0.241237
-0.244107
-0.246862
-0.249504
)
;

boundaryField
{
    inlet
    {
        type            zeroGradient;
    }
    outlet
    {
        type            fixedValue;
        value           nonuniform 0();
    }
    cylinder
    {
        type            zeroGradient;
    }
    top
    {
        type            symmetryPlane;
    }
    bottom
    {
        type            symmetryPlane;
    }
    defaultFaces
    {
        type            empty;
    }
    procBoundary0to1
    {
        type            processor;
        value           nonuniform List<scalar> 
100
(
-0.271023
-0.262613
-0.252037
-0.271023
-0.281726
-0.299433
-0.281726
-0.291393
-0.299433
-0.307147
-0.319179
-0.307147
-0.313304
-0.319179
-0.322933
-0.322933
-0.325561
-0.325561
-0.327418
-0.327418
-0.328804
-0.328804
-0.329906
-0.329906
-0.330797
-0.330797
-0.331462
-0.331462
-0.331832
-0.331832
-0.331821
-0.331821
-0.331332
-0.331332
-0.328878
-0.327844
-0.327844
-0.326432
-0.0748647
-0.0750447
-0.0753022
-0.0746493
-0.0746493
-0.0750984
-0.0756378
-0.0762649
-0.0769771
-0.0777735
-0.0786525
-0.079614
-0.0806575
-0.0817832
-0.0829915
-0.0842829
-0.0856584
-0.087119
-0.0886661
-0.0903011
-0.0920256
-0.0938413
-0.0957502
-0.0977542
-0.0998555
-0.102056
-0.104359
-0.106765
-0.109279
-0.1119
-0.114634
-0.117481
-0.120444
-0.123526
-0.126729
-0.130056
-0.133508
-0.137088
-0.140798
-0.144639
-0.148613
-0.152723
-0.156968
-0.161351
-0.163065
-0.163065
-0.167674
-0.172424
-0.177315
-0.182345
-0.187514
-0.192818
-0.198254
-0.203819
-0.209506
-0.215308
-0.221217
-0.227224
-0.233305
-0.239435
-0.24565
-0.252037
)
;
    }
    procBoundary0to2
    {
        type            processor;
        value           nonuniform List<scalar> 
52
(
0.655297
0.641643
0.63434
0.62718
0.61911
0.609775
0.599002
0.587769
0.587769
0.574495
0.560343
0.545535
0.530269
0.514711
0.499004
0.483265
0.467592
0.452066
0.436753
0.42171
0.406959
0.133122
0.13381
0.137219
0.135215
0.137219
0.139803
0.142929
0.146592
0.150782
0.155494
0.160719
0.166474
0.172761
0.179594
0.186979
0.194935
0.20347
0.212605
0.222349
0.232724
0.243735
0.255408
0.267741
0.280761
0.294449
0.308843
0.323886
0.339646
0.355976
0.373056
0.390471
)
;
    }
}


// ************************************************************************* //
