/*--------------------------------*- C++ -*----------------------------------*\
  =========                 |
  \\      /  F ield         | OpenFOAM: The Open Source CFD Toolbox
   \\    /   O peration     | Website:  https://openfoam.org
    \\  /    A nd           | Version:  7
     \\/     M anipulation  |
\*---------------------------------------------------------------------------*/
FoamFile
{
    version     2.0;
    format      ascii;
    class       volVectorField;
    location    "30";
    object      U;
}
// * * * * * * * * * * * * * * * * * * * * * * * * * * * * * * * * * * * * * //

dimensions      [0 1 -1 0 0 0 0];

internalField   nonuniform List<vector> 
1450
(
(1.12129 -0.0465545 0)
(1.11094 -0.0432874 0)
(1.10142 -0.039743 0)
(1.09277 -0.0360771 0)
(1.08497 -0.0324416 0)
(1.07799 -0.0289507 0)
(1.07177 -0.0256592 0)
(1.06624 -0.0226323 0)
(1.06133 -0.0199316 0)
(1.05696 -0.0175361 0)
(1.05306 -0.0154117 0)
(1.04956 -0.0135709 0)
(1.0464 -0.011969 0)
(1.04356 -0.0105439 0)
(1.04097 -0.00937641 0)
(1.03855 -0.00852234 0)
(1.03629 -0.0077651 0)
(1.0342 -0.00690305 0)
(1.03231 -0.00615032 0)
(1.03049 -0.00580641 0)
(1.02867 -0.0056558 0)
(1.02689 -0.00519923 0)
(1.02527 -0.00445185 0)
(1.02381 -0.00400235 0)
(1.02235 -0.00415825 0)
(1.02078 -0.00442913 0)
(1.01918 -0.00412348 0)
(1.01773 -0.00323378 0)
(1.01648 -0.00248614 0)
(1.01529 -0.0025019 0)
(1.01397 -0.00314654 0)
(1.01251 -0.00362959 0)
(1.01108 -0.0032991 0)
(1.00987 -0.00205314 0)
(1.009 -0.000502641 0)
(1.0083 0.000793759 0)
(1.00768 0.00125915 0)
(1.00678 0.00117409 0)
(1.00592 0.00045726 0)
(1.00454 -5.43483e-05 0)
(1.00379 -0.000707611 0)
(1.00217 -0.000841563 0)
(1.24666 0.0342808 0)
(1.25072 0.0273584 0)
(1.25375 0.0205417 0)
(1.25576 0.0138719 0)
(1.25675 0.00737524 0)
(1.25673 0.00107451 0)
(1.2557 -0.00501446 0)
(1.25367 -0.0108772 0)
(1.25065 -0.0165038 0)
(1.24662 -0.021882 0)
(1.24159 -0.0269971 0)
(1.23554 -0.0318228 0)
(1.22848 -0.0363166 0)
(1.22039 -0.0404118 0)
(1.2113 -0.0440143 0)
(1.20128 -0.0470082 0)
(1.19045 -0.0492687 0)
(1.17897 -0.050686 0)
(1.16709 -0.0511927 0)
(1.15506 -0.0507761 0)
(1.14315 -0.0494901 0)
(1.1316 -0.0474434 0)
(1.12061 -0.0447794 0)
(1.11032 -0.0416721 0)
(1.10083 -0.0382925 0)
(1.09218 -0.034788 0)
(1.08437 -0.0313052 0)
(1.07736 -0.0279548 0)
(1.07111 -0.0247895 0)
(1.06554 -0.0218741 0)
(1.06059 -0.0192711 0)
(1.05618 -0.0169592 0)
(1.05224 -0.0149049 0)
(1.0487 -0.0131239 0)
(1.04552 -0.0115747 0)
(1.04265 -0.0101945 0)
(1.04004 -0.00906113 0)
(1.03762 -0.00823326 0)
(1.03534 -0.00750187 0)
(1.03324 -0.00666707 0)
(1.03134 -0.00593496 0)
(1.02952 -0.00559998 0)
(1.0277 -0.00545528 0)
(1.02592 -0.00501361 0)
(1.0243 -0.00428733 0)
(1.02285 -0.0038501 0)
(1.02141 -0.0040035 0)
(1.01985 -0.00426977 0)
(1.01824 -0.00397279 0)
(1.01679 -0.00310362 0)
(1.01557 -0.00237185 0)
(1.01441 -0.00238726 0)
(1.01313 -0.00302116 0)
(1.01168 -0.00350048 0)
(1.01024 -0.00318337 0)
(1.00903 -0.00196466 0)
(1.00819 -0.000438808 0)
(1.00757 0.000843921 0)
(1.00707 0.00131486 0)
(1.00632 0.0012381 0)
(1.0056 0.000538776 0)
(1.00434 2.30098e-05 0)
(1.00368 -0.000623091 0)
(1.00213 -0.000783172 0)
(1.24357 0.0330617 0)
(1.24769 0.0264307 0)
(1.25079 0.0198926 0)
(1.25287 0.0134886 0)
(1.25393 0.00724636 0)
(1.25399 0.00118862 0)
(1.25305 -0.00466791 0)
(1.2511 -0.0103082 0)
(1.24816 -0.0157215 0)
(1.24422 -0.0208943 0)
(1.23927 -0.0258113 0)
(1.23331 -0.0304455 0)
(1.22635 -0.0347556 0)
(1.21837 -0.038678 0)
(1.20942 -0.0421242 0)
(1.19954 -0.0449866 0)
(1.18887 -0.0471497 0)
(1.17758 -0.048512 0)
(1.16587 -0.0490111 0)
(1.15401 -0.0486343 0)
(1.14225 -0.047431 0)
(1.13082 -0.0455021 0)
(1.11992 -0.042981 0)
(1.10969 -0.0400316 0)
(1.10023 -0.0368155 0)
(1.09159 -0.0334723 0)
(1.08377 -0.0301427 0)
(1.07673 -0.026934 0)
(1.07044 -0.0238966 0)
(1.06484 -0.0210948 0)
(1.05984 -0.0185915 0)
(1.0554 -0.0163651 0)
(1.05143 -0.014383 0)
(1.04785 -0.0126637 0)
(1.04464 -0.011169 0)
(1.04175 -0.00983522 0)
(1.03912 -0.00873749 0)
(1.03668 -0.00793678 0)
(1.03439 -0.00723175 0)
(1.03228 -0.00642513 0)
(1.03037 -0.00571498 0)
(1.02856 -0.00538957 0)
(1.02674 -0.00525057 0)
(1.02496 -0.00482396 0)
(1.02334 -0.00412 0)
(1.0219 -0.00369619 0)
(1.02047 -0.00384684 0)
(1.01891 -0.0041074 0)
(1.01731 -0.00381897 0)
(1.01586 -0.00297194 0)
(1.01465 -0.00225805 0)
(1.01354 -0.00227361 0)
(1.01229 -0.00289526 0)
(1.01084 -0.00336892 0)
(1.0094 -0.00306485 0)
(1.00819 -0.00187562 0)
(1.00738 -0.000378368 0)
(1.00683 0.000886629 0)
(1.00647 0.00136069 0)
(1.00585 0.00129181 0)
(1.00528 0.000611383 0)
(1.00414 9.38846e-05 0)
(1.00356 -0.00054301 0)
(1.0021 -0.000726433 0)
(1.24053 0.0318053 0)
(1.2447 0.0254685 0)
(1.24786 0.0192129 0)
(1.25001 0.0130791 0)
(1.25115 0.00709575 0)
(1.25129 0.00128571 0)
(1.25042 -0.00433361 0)
(1.24856 -0.00974687 0)
(1.24569 -0.0149422 0)
(1.24183 -0.0199056 0)
(1.23697 -0.0246207 0)
(1.23111 -0.0290608 0)
(1.22424 -0.0331854 0)
(1.21637 -0.036934 0)
(1.20755 -0.0402238 0)
(1.19782 -0.0429549 0)
(1.18731 -0.0450206 0)
(1.17618 -0.0463273 0)
(1.16465 -0.0468171 0)
(1.15295 -0.0464776 0)
(1.14133 -0.0453541 0)
(1.13002 -0.04354 0)
(1.11921 -0.0411592 0)
(1.10905 -0.0383657 0)
(1.09962 -0.035312 0)
(1.09099 -0.0321298 0)
(1.08315 -0.0289539 0)
(1.0761 -0.025888 0)
(1.06978 -0.0229802 0)
(1.06413 -0.0202941 0)
(1.0591 -0.0178923 0)
(1.05462 -0.0157534 0)
(1.05061 -0.0138456 0)
(1.04701 -0.0121901 0)
(1.04376 -0.0107515 0)
(1.04085 -0.00946579 0)
(1.03821 -0.00840533 0)
(1.03576 -0.00763277 0)
(1.03345 -0.00695464 0)
(1.03133 -0.00617713 0)
(1.02942 -0.00549024 0)
(1.02761 -0.00517506 0)
(1.02579 -0.0050416 0)
(1.024 -0.00463027 0)
(1.02238 -0.00394982 0)
(1.02095 -0.00354053 0)
(1.01954 -0.00368816 0)
(1.01799 -0.00394197 0)
(1.01638 -0.00366206 0)
(1.01494 -0.00283882 0)
(1.01375 -0.00214479 0)
(1.01267 -0.00216088 0)
(1.01145 -0.00276875 0)
(1.01002 -0.00323484 0)
(1.00856 -0.00294351 0)
(1.00735 -0.00178609 0)
(1.00658 -0.000321467 0)
(1.00611 0.000921659 0)
(1.00586 0.00139635 0)
(1.00538 0.00133491 0)
(1.00495 0.000674761 0)
(1.00394 0.000158014 0)
(1.00344 -0.000467601 0)
(1.00206 -0.000671472 0)
(1.23755 0.0305118 0)
(1.24176 0.0244722 0)
(1.24498 0.0185026 0)
(1.2472 0.0126433 0)
(1.24841 0.00692329 0)
(1.24862 0.00136566 0)
(1.24783 -0.00401171 0)
(1.24604 -0.00919319 0)
(1.24326 -0.0141661 0)
(1.23948 -0.0189159 0)
(1.2347 -0.0234257 0)
(1.22893 -0.0276688 0)
(1.22216 -0.0316059 0)
(1.2144 -0.0351799 0)
(1.2057 -0.0383129 0)
(1.19612 -0.0409128 0)
(1.18577 -0.042881 0)
(1.1748 -0.0441312 0)
(1.16344 -0.0446102 0)
(1.1519 -0.0443056 0)
(1.14042 -0.043259 0)
(1.12922 -0.0415568 0)
(1.1185 -0.0393136 0)
(1.1084 -0.036674 0)
(1.099 -0.0337815 0)
(1.09038 -0.0307601 0)
(1.08254 -0.0277385 0)
(1.07546 -0.0248164 0)
(1.06911 -0.02204 0)
(1.06343 -0.0194716 0)
(1.05837 -0.0171734 0)
(1.05385 -0.0151238 0)
(1.0498 -0.0132925 0)
(1.04617 -0.0117029 0)
(1.0429 -0.0103221 0)
(1.03996 -0.00908604 0)
(1.0373 -0.00806444 0)
(1.03484 -0.00732107 0)
(1.03253 -0.00667042 0)
(1.03039 -0.00592295 0)
(1.02847 -0.00526061 0)
(1.02666 -0.00495633 0)
(1.02485 -0.00482831 0)
(1.02305 -0.00443252 0)
(1.02143 -0.00377677 0)
(1.02001 -0.00338299 0)
(1.01861 -0.0035273 0)
(1.01707 -0.00377341 0)
(1.01546 -0.00350208 0)
(1.01402 -0.00270434 0)
(1.01286 -0.00203206 0)
(1.01181 -0.00204902 0)
(1.01062 -0.00264151 0)
(1.00919 -0.00309814 0)
(1.00774 -0.00281933 0)
(1.00652 -0.00169614 0)
(1.00578 -0.000268247 0)
(1.00539 0.000948806 0)
(1.00526 0.00142159 0)
(1.00492 0.00136711 0)
(1.00463 0.00072863 0)
(1.00373 0.000215165 0)
(1.00332 -0.000397069 0)
(1.00201 -0.000618402 0)
(1.23463 0.0291813 0)
(1.23889 0.0234416 0)
(1.24216 0.0177618 0)
(1.24443 0.0121811 0)
(1.24571 0.00672889 0)
(1.246 0.00142837 0)
(1.24528 -0.0037023 0)
(1.24357 -0.00864728 0)
(1.24087 -0.0133933 0)
(1.23717 -0.0179253 0)
(1.23247 -0.0222262 0)
(1.22679 -0.0262694 0)
(1.22011 -0.0300172 0)
(1.21247 -0.0334153 0)
(1.20389 -0.0363912 0)
(1.19444 -0.0388599 0)
(1.18424 -0.0407303 0)
(1.17344 -0.0419233 0)
(1.16224 -0.0423897 0)
(1.15085 -0.0421176 0)
(1.13951 -0.0411451 0)
(1.12843 -0.0395519 0)
(1.11779 -0.0374439 0)
(1.10774 -0.0349563 0)
(1.09838 -0.0322239 0)
(1.08977 -0.0293629 0)
(1.08192 -0.0264962 0)
(1.07483 -0.0237192 0)
(1.06845 -0.0210758 0)
(1.06274 -0.0186271 0)
(1.05764 -0.0164344 0)
(1.05308 -0.0144762 0)
(1.049 -0.0127235 0)
(1.04534 -0.0112018 0)
(1.04205 -0.00988045 0)
(1.03909 -0.00869577 0)
(1.03641 -0.00771468 0)
(1.03394 -0.00700153 0)
(1.03161 -0.00637896 0)
(1.02947 -0.00566251 0)
(1.02754 -0.00502599 0)
(1.02573 -0.00473327 0)
(1.02391 -0.00461063 0)
(1.02212 -0.00423071 0)
(1.0205 -0.00360081 0)
(1.01909 -0.00322349 0)
(1.0177 -0.00336415 0)
(1.01617 -0.00360165 0)
(1.01456 -0.00333908 0)
(1.01312 -0.00256856 0)
(1.01198 -0.0019199 0)
(1.01097 -0.00193796 0)
(1.0098 -0.00251343 0)
(1.00838 -0.00295874 0)
(1.00692 -0.00269232 0)
(1.0057 -0.00160583 0)
(1.005 -0.000218846 0)
(1.00468 0.000967883 0)
(1.00467 0.00143619 0)
(1.00447 0.00138819 0)
(1.00431 0.00077275 0)
(1.00353 0.00026514 0)
(1.00321 -0.000331596 0)
(1.00197 -0.000567325 0)
(1.23178 0.0278141 0)
(1.23607 0.022377 0)
(1.2394 0.0169904 0)
(1.24173 0.0116924 0)
(1.24308 0.00651253 0)
(1.24343 0.00147379 0)
(1.24279 -0.00340541 0)
(1.24115 -0.00810916 0)
(1.23852 -0.0126237 0)
(1.2349 -0.0169339 0)
(1.23029 -0.0210222 0)
(1.22469 -0.0248626 0)
(1.21811 -0.028419 0)
(1.21057 -0.0316401 0)
(1.20211 -0.0344584 0)
(1.1928 -0.0367955 0)
(1.18274 -0.0385678 0)
(1.1721 -0.0397026 0)
(1.16105 -0.040155 0)
(1.14981 -0.0399131 0)
(1.1386 -0.0390119 0)
(1.12763 -0.0375249 0)
(1.11708 -0.0355496 0)
(1.10709 -0.0332121 0)
(1.09776 -0.0306387 0)
(1.08916 -0.0279381 0)
(1.08131 -0.0252267 0)
(1.0742 -0.0225958 0)
(1.06779 -0.0200872 0)
(1.06205 -0.0177604 0)
(1.05692 -0.0156751 0)
(1.05233 -0.0138102 0)
(1.04822 -0.0121383 0)
(1.04453 -0.0106866 0)
(1.04121 -0.00942645 0)
(1.03823 -0.0082948 0)
(1.03553 -0.00735585 0)
(1.03305 -0.00667402 0)
(1.03071 -0.00608018 0)
(1.02856 -0.0053957 0)
(1.02663 -0.00478626 0)
(1.02482 -0.00450575 0)
(1.023 -0.0043885 0)
(1.02121 -0.00402481 0)
(1.01959 -0.00342191 0)
(1.01819 -0.00306191 0)
(1.01681 -0.00319857 0)
(1.01528 -0.00342663 0)
(1.01367 -0.0031731 0)
(1.01224 -0.00243157 0)
(1.01112 -0.00180831 0)
(1.01014 -0.0018276 0)
(1.009 -0.0023844 0)
(1.00759 -0.00281656 0)
(1.00612 -0.00256245 0)
(1.0049 -0.00151525 0)
(1.00423 -0.000173393 0)
(1.00398 0.000978726 0)
(1.00409 0.00143995 0)
(1.00402 0.00139795 0)
(1.00399 0.00080692 0)
(1.00333 0.000307773 0)
(1.00309 -0.000271333 0)
(1.00193 -0.000518326 0)
(1.22901 0.0264103 0)
(1.23334 0.0212785 0)
(1.23671 0.0161886 0)
(1.2391 0.0111774 0)
(1.24051 0.00627422 0)
(1.24092 0.00150195 0)
(1.24035 -0.00312101 0)
(1.23879 -0.00757881 0)
(1.23623 -0.0118574 0)
(1.23269 -0.0159415 0)
(1.22815 -0.0198136 0)
(1.22264 -0.0234483 0)
(1.21615 -0.0268111 0)
(1.20872 -0.029854 0)
(1.20037 -0.032514 0)
(1.19119 -0.0347192 0)
(1.18128 -0.0363928 0)
(1.17078 -0.0374686 0)
(1.15988 -0.0379051 0)
(1.14878 -0.0376912 0)
(1.1377 -0.0368588 0)
(1.12684 -0.0354753 0)
(1.11637 -0.0336303 0)
(1.10644 -0.0314412 0)
(1.09715 -0.0290257 0)
(1.08856 -0.0264851 0)
(1.08071 -0.0239296 0)
(1.07358 -0.021446 0)
(1.06714 -0.0190739 0)
(1.06137 -0.016871 0)
(1.05621 -0.0148951 0)
(1.05159 -0.0131257 0)
(1.04745 -0.0115368 0)
(1.04373 -0.0101572 0)
(1.04039 -0.00895986 0)
(1.03739 -0.00788293 0)
(1.03468 -0.0069878 0)
(1.03218 -0.00633839 0)
(1.02983 -0.00577394 0)
(1.02767 -0.00512243 0)
(1.02573 -0.0045413 0)
(1.02392 -0.00427366 0)
(1.02211 -0.00416183 0)
(1.02031 -0.00381482 0)
(1.0187 -0.00324006 0)
(1.01731 -0.00289815 0)
(1.01594 -0.00303043 0)
(1.01441 -0.00324828 0)
(1.0128 -0.00300418 0)
(1.01138 -0.00229342 0)
(1.01028 -0.0016973 0)
(1.00933 -0.00171786 0)
(1.00821 -0.00225427 0)
(1.00681 -0.00267152 0)
(1.00533 -0.00242974 0)
(1.00412 -0.00142446 0)
(1.00348 -0.000132005 0)
(1.0033 0.000981198 0)
(1.00352 0.00143273 0)
(1.00358 0.00139623 0)
(1.00368 0.000830986 0)
(1.00314 0.000342934 0)
(1.00297 -0.000216403 0)
(1.00188 -0.000471476 0)
(1.22633 0.0249702 0)
(1.23069 0.0201461 0)
(1.23411 0.0153563 0)
(1.23655 0.010636 0)
(1.23801 0.00601404 0)
(1.23849 0.00151293 0)
(1.23799 -0.00284902 0)
(1.23649 -0.00705612 0)
(1.23401 -0.0110942 0)
(1.23054 -0.014948 0)
(1.22608 -0.0186002 0)
(1.22065 -0.0220262 0)
(1.21425 -0.0251933 0)
(1.20692 -0.0280564 0)
(1.19868 -0.0305572 0)
(1.18963 -0.03263 0)
(1.17985 -0.0342045 0)
(1.1695 -0.0352201 0)
(1.15874 -0.0356392 0)
(1.14778 -0.0354511 0)
(1.13682 -0.0346849 0)
(1.12606 -0.0334022 0)
(1.11567 -0.0316853 0)
(1.1058 -0.0296429 0)
(1.09654 -0.0273843 0)
(1.08797 -0.0250036 0)
(1.08011 -0.0226047 0)
(1.07296 -0.0202696 0)
(1.06651 -0.0180357 0)
(1.06071 -0.0159586 0)
(1.05552 -0.0140943 0)
(1.05087 -0.0124222 0)
(1.04669 -0.0109187 0)
(1.04295 -0.00961319 0)
(1.03959 -0.00848047 0)
(1.03657 -0.00745999 0)
(1.03384 -0.00661036 0)
(1.03133 -0.00599449 0)
(1.02898 -0.00546015 0)
(1.02681 -0.00484261 0)
(1.02486 -0.00429101 0)
(1.02305 -0.00403686 0)
(1.02124 -0.00393056 0)
(1.01944 -0.00360072 0)
(1.01783 -0.00305521 0)
(1.01645 -0.00273212 0)
(1.01509 -0.00285959 0)
(1.01356 -0.00306654 0)
(1.01195 -0.00283234 0)
(1.01054 -0.00215418 0)
(1.00947 -0.00158685 0)
(1.00854 -0.00160865 0)
(1.00745 -0.00212293 0)
(1.00604 -0.00252353 0)
(1.00456 -0.00229419 0)
(1.00335 -0.00133353 0)
(1.00275 -9.47859e-05 0)
(1.00264 0.000975192 0)
(1.00296 0.00141442 0)
(1.00315 0.00138294 0)
(1.00338 0.000844841 0)
(1.00294 0.000370533 0)
(1.00285 -0.000166896 0)
(1.00184 -0.000426829 0)
(1.22375 0.0234939 0)
(1.22814 0.0189801 0)
(1.23159 0.0144938 0)
(1.23409 0.0100684 0)
(1.23561 0.00573209 0)
(1.23615 0.00150685 0)
(1.2357 -0.00258928 0)
(1.23427 -0.0065409 0)
(1.23186 -0.0103339 0)
(1.22846 -0.0139531 0)
(1.22408 -0.0173817 0)
(1.21872 -0.020596 0)
(1.21241 -0.023565 0)
(1.20517 -0.0262467 0)
(1.19705 -0.0285875 0)
(1.18811 -0.0305272 0)
(1.17847 -0.0320018 0)
(1.16825 -0.0329562 0)
(1.15763 -0.0333562 0)
(1.1468 -0.0331918 0)
(1.13596 -0.0324893 0)
(1.12529 -0.0313051 0)
(1.11498 -0.0297141 0)
(1.10516 -0.0278167 0)
(1.09594 -0.0257141 0)
(1.08738 -0.0234933 0)
(1.07953 -0.0212515 0)
(1.07237 -0.0190661 0)
(1.06589 -0.0169722 0)
(1.06007 -0.0150232 0)
(1.05485 -0.0132722 0)
(1.05016 -0.0116997 0)
(1.04596 -0.0102839 0)
(1.0422 -0.00905452 0)
(1.03881 -0.0079881 0)
(1.03577 -0.0070258 0)
(1.03303 -0.00622337 0)
(1.03051 -0.00564218 0)
(1.02815 -0.00513869 0)
(1.02597 -0.00455617 0)
(1.02402 -0.00403529 0)
(1.02221 -0.00379525 0)
(1.0204 -0.00369459 0)
(1.0186 -0.00338248 0)
(1.01699 -0.00286734 0)
(1.01562 -0.00256371 0)
(1.01426 -0.00268591 0)
(1.01274 -0.00288133 0)
(1.01113 -0.00265761 0)
(1.00973 -0.0020139 0)
(1.00868 -0.00147695 0)
(1.00778 -0.00149985 0)
(1.00671 -0.00199025 0)
(1.00531 -0.00237251 0)
(1.00382 -0.00215579 0)
(1.00262 -0.00124252 0)
(1.00204 -6.18175e-05 0)
(1.002 0.000960635 0)
(1.00243 0.00138495 0)
(1.00273 0.00135801 0)
(1.00309 0.000848425 0)
(1.00275 0.000390517 0)
(1.00273 -0.000122868 0)
(1.0018 -0.000384422 0)
(1.22127 0.0219815 0)
(1.2257 0.0177805 0)
(1.22919 0.0136011 0)
(1.23172 0.0094748 0)
(1.23329 0.00542857 0)
(1.23389 0.00148392 0)
(1.23351 -0.00234156 0)
(1.23214 -0.00603288 0)
(1.22979 -0.00957612 0)
(1.22646 -0.0129566 0)
(1.22215 -0.0161578 0)
(1.21687 -0.0191572 0)
(1.21065 -0.0219256 0)
(1.2035 -0.0244243 0)
(1.19548 -0.0266039 0)
(1.18666 -0.0284096 0)
(1.17713 -0.0297835 0)
(1.16705 -0.0306756 0)
(1.15655 -0.031055 0)
(1.14585 -0.0309122 0)
(1.13512 -0.0302712 0)
(1.12455 -0.0291831 0)
(1.11431 -0.027716 0)
(1.10455 -0.0259622 0)
(1.09536 -0.0240147 0)
(1.08682 -0.0219537 0)
(1.07896 -0.0198697 0)
(1.07179 -0.0178353 0)
(1.06529 -0.0158832 0)
(1.05944 -0.0140642 0)
(1.0542 -0.0124287 0)
(1.04949 -0.010958 0)
(1.04526 -0.00963205 0)
(1.04147 -0.00848096 0)
(1.03807 -0.00748255 0)
(1.035 -0.0065802 0)
(1.03225 -0.00582667 0)
(1.02972 -0.00528131 0)
(1.02735 -0.00480946 0)
(1.02516 -0.00426301 0)
(1.02321 -0.00377402 0)
(1.0214 -0.00354868 0)
(1.01958 -0.00345384 0)
(1.01779 -0.00316006 0)
(1.01619 -0.0026764 0)
(1.01482 -0.00239281 0)
(1.01347 -0.00250927 0)
(1.01195 -0.00269258 0)
(1.01034 -0.00248 0)
(1.00895 -0.0018726 0)
(1.00792 -0.00136757 0)
(1.00705 -0.00139136 0)
(1.00599 -0.00185609 0)
(1.0046 -0.00221839 0)
(1.00311 -0.00201454 0)
(1.0019 -0.00115149 0)
(1.00136 -3.31588e-05 0)
(1.00139 0.000937491 0)
(1.00192 0.00134433 0)
(1.00233 0.00132147 0)
(1.0028 0.000841735 0)
(1.00257 0.000402878 0)
(1.00262 -8.43395e-05 0)
(1.00176 -0.000344272 0)
(1.21892 0.020433 0)
(1.22337 0.0165476 0)
(1.22689 0.0126785 0)
(1.22947 0.00885529 0)
(1.23109 0.0051037 0)
(1.23174 0.00144442 0)
(1.23141 -0.00210552 0)
(1.2301 -0.0055317 0)
(1.22782 -0.00882056 0)
(1.22455 -0.0119579 0)
(1.22031 -0.0149278 0)
(1.21511 -0.0177091 0)
(1.20896 -0.0202745 0)
(1.2019 -0.0225882 0)
(1.19398 -0.0246053 0)
(1.18527 -0.0262762 0)
(1.17586 -0.0275484 0)
(1.16589 -0.0283771 0)
(1.15552 -0.0287342 0)
(1.14493 -0.0286111 0)
(1.13431 -0.0280293 0)
(1.12383 -0.0270351 0)
(1.11367 -0.0256901 0)
(1.10395 -0.0240784 0)
(1.0948 -0.0222854 0)
(1.08627 -0.0203843 0)
(1.07841 -0.018459 0)
(1.07123 -0.0165769 0)
(1.06471 -0.0147684 0)
(1.05884 -0.0130815 0)
(1.05357 -0.0115636 0)
(1.04884 -0.0101967 0)
(1.04459 -0.00896309 0)
(1.04078 -0.00789232 0)
(1.03735 -0.00696365 0)
(1.03427 -0.00612302 0)
(1.0315 -0.00542011 0)
(1.02897 -0.00491174 0)
(1.02658 -0.00447236 0)
(1.02439 -0.00396306 0)
(1.02243 -0.00350711 0)
(1.02062 -0.00329705 0)
(1.01881 -0.00320822 0)
(1.01701 -0.00293344 0)
(1.01541 -0.00248235 0)
(1.01405 -0.00221931 0)
(1.01271 -0.00232952 0)
(1.01119 -0.00250022 0)
(1.00959 -0.00229953 0)
(1.00821 -0.00173032 0)
(1.0072 -0.00125867 0)
(1.00635 -0.00128306 0)
(1.00531 -0.00172032 0)
(1.00392 -0.00206108 0)
(1.00242 -0.00187045 0)
(1.00122 -0.00106049 0)
(1.00071 -8.84087e-06 0)
(1.0008 0.00090577 0)
(1.00142 0.00129258 0)
(1.00195 0.00127336 0)
(1.00253 0.000824822 0)
(1.0024 0.000407654 0)
(1.00251 -5.12918e-05 0)
(1.00171 -0.000306378 0)
(1.2167 0.0188486 0)
(1.22117 0.0152814 0)
(1.22472 0.0117261 0)
(1.22734 0.00821014 0)
(1.229 0.00475778 0)
(1.2297 0.00138871 0)
(1.22942 -0.00188077 0)
(1.22817 -0.00503691 0)
(1.22594 -0.00806667 0)
(1.22274 -0.0109564 0)
(1.21856 -0.0136913 0)
(1.21343 -0.0162511 0)
(1.20736 -0.0186107 0)
(1.20039 -0.0207376 0)
(1.19256 -0.0225907 0)
(1.18395 -0.0241256 0)
(1.17465 -0.0252951 0)
(1.1648 -0.026059 0)
(1.15454 -0.0263924 0)
(1.14406 -0.0262871 0)
(1.13354 -0.0257624 0)
(1.12314 -0.0248601 0)
(1.11305 -0.0236354 0)
(1.10338 -0.0221648 0)
(1.09425 -0.0205257 0)
(1.08574 -0.0187846 0)
(1.07788 -0.0170188 0)
(1.07069 -0.0152904 0)
(1.06416 -0.0136274 0)
(1.05827 -0.0120747 0)
(1.05298 -0.0106765 0)
(1.04822 -0.00941582 0)
(1.04394 -0.00827683 0)
(1.04012 -0.00728844 0)
(1.03667 -0.00643123 0)
(1.03357 -0.00565412 0)
(1.03079 -0.00500356 0)
(1.02825 -0.00453334 0)
(1.02586 -0.00412727 0)
(1.02366 -0.00365623 0)
(1.0217 -0.00323445 0)
(1.01988 -0.00304021 0)
(1.01807 -0.00295763 0)
(1.01628 -0.00270255 0)
(1.01468 -0.00228513 0)
(1.01333 -0.00204312 0)
(1.01199 -0.00214655 0)
(1.01047 -0.00230416 0)
(1.00887 -0.00211617 0)
(1.0075 -0.00158705 0)
(1.00651 -0.00115017 0)
(1.00569 -0.00117482 0)
(1.00466 -0.00158279 0)
(1.00327 -0.00190051 0)
(1.00177 -0.00172351 0)
(1.00058 -0.000969517 0)
(1.0001 1.11375e-05 0)
(1.00025 0.000865529 0)
(1.00096 0.00122982 0)
(1.00159 0.00121381 0)
(1.00227 0.000797801 0)
(1.00223 0.000404934 0)
(1.00241 -2.36637e-05 0)
(1.00167 -0.000270712 0)
(1.21462 0.0172281 0)
(1.2191 0.013982 0)
(1.22268 0.0107441 0)
(1.22533 0.00753966 0)
(1.22704 0.00439118 0)
(1.22778 0.00131723 0)
(1.22756 -0.0016668 0)
(1.22636 -0.00454792 0)
(1.22418 -0.0073138 0)
(1.22104 -0.00995159 0)
(1.21693 -0.0124472 0)
(1.21186 -0.0147821 0)
(1.20586 -0.0169333 0)
(1.19897 -0.0188711 0)
(1.19122 -0.0205586 0)
(1.1827 -0.0219563 0)
(1.17351 -0.0230219 0)
(1.16376 -0.0237199 0)
(1.15362 -0.0240279 0)
(1.14324 -0.0239386 0)
(1.1328 -0.0234692 0)
(1.12249 -0.022657 0)
(1.11246 -0.0215511 0)
(1.10284 -0.0202205 0)
(1.09374 -0.0187349 0)
(1.08524 -0.0171542 0)
(1.07738 -0.0155488 0)
(1.07019 -0.0139755 0)
(1.06364 -0.0124599 0)
(1.05773 -0.0110437 0)
(1.05242 -0.00976736 0)
(1.04763 -0.00861508 0)
(1.04334 -0.00757311 0)
(1.03949 -0.00666914 0)
(1.03603 -0.00588514 0)
(1.03292 -0.00517337 0)
(1.03013 -0.00457687 0)
(1.02757 -0.00414598 0)
(1.02517 -0.0037741 0)
(1.02297 -0.00334245 0)
(1.021 -0.00295595 0)
(1.01919 -0.00277805 0)
(1.01737 -0.00270197 0)
(1.01558 -0.00246735 0)
(1.01399 -0.00208469 0)
(1.01264 -0.00186411 0)
(1.01131 -0.00196022 0)
(1.00979 -0.00210432 0)
(1.00819 -0.0019299 0)
(1.00684 -0.00144277 0)
(1.00587 -0.001042 0)
(1.00506 -0.00106649 0)
(1.00405 -0.00144339 0)
(1.00266 -0.0017366 0)
(1.00116 -0.0015737 0)
(0.999973 -0.00087859 0)
(0.999519 2.68163e-05 0)
(0.999728 0.000816879 0)
(1.00052 0.00115621 0)
(1.00125 0.00114301 0)
(1.00202 0.000760854 0)
(1.00207 0.000394859 0)
(1.00231 -1.34868e-06 0)
(1.00164 -0.000237226 0)
(1.21269 0.0155715 0)
(1.21719 0.0126495 0)
(1.22079 0.00973274 0)
(1.22347 0.00684417 0)
(1.22522 0.00400434 0)
(1.226 0.00123049 0)
(1.22582 -0.00146299 0)
(1.22467 -0.00406406 0)
(1.22255 -0.00656118 0)
(1.21946 -0.00894243 0)
(1.2154 -0.0111948 0)
(1.2104 -0.0133012 0)
(1.20446 -0.015241 0)
(1.19764 -0.0169873 0)
(1.18998 -0.0185076 0)
(1.18155 -0.0197666 0)
(1.17245 -0.0207271 0)
(1.1628 -0.0213577 0)
(1.15275 -0.0216388 0)
(1.14247 -0.0215639 0)
(1.13212 -0.0211481 0)
(1.12188 -0.0204243 0)
(1.1119 -0.0194359 0)
(1.10233 -0.0182445 0)
(1.09326 -0.0169121 0)
(1.08477 -0.0154923 0)
(1.07692 -0.0140485 0)
(1.06971 -0.0126319 0)
(1.06315 -0.0112658 0)
(1.05723 -0.00998809 0)
(1.05189 -0.00883584 0)
(1.04709 -0.00779434 0)
(1.04277 -0.00685179 0)
(1.03891 -0.00603428 0)
(1.03543 -0.00532525 0)
(1.03231 -0.00468064 0)
(1.0295 -0.00413991 0)
(1.02694 -0.00374952 0)
(1.02454 -0.00341275 0)
(1.02232 -0.00302163 0)
(1.02036 -0.00267149 0)
(1.01854 -0.00251044 0)
(1.01673 -0.00244114 0)
(1.01494 -0.00222776 0)
(1.01335 -0.00188095 0)
(1.01201 -0.00168218 0)
(1.01068 -0.0017704 0)
(1.00916 -0.00190061 0)
(1.00756 -0.00174069 0)
(1.00622 -0.00129743 0)
(1.00527 -0.00093405 0)
(1.00448 -0.000957927 0)
(1.00348 -0.00130197 0)
(1.00209 -0.00156928 0)
(1.00059 -0.00142101 0)
(0.999408 -0.000787683 0)
(0.998981 3.82783e-05 0)
(0.999244 0.000759992 0)
(1.00012 0.001072 0)
(1.00093 0.00106124 0)
(1.0018 0.000714232 0)
(1.00192 0.000377628 0)
(1.00222 1.58091e-05 0)
(1.0016 -0.000205844 0)
(1.21092 0.0138787 0)
(1.21543 0.0112841 0)
(1.21906 0.00869234 0)
(1.22177 0.00612408 0)
(1.22354 0.00359778 0)
(1.22437 0.00112914 0)
(1.22423 -0.00126862 0)
(1.22312 -0.00358449 0)
(1.22105 -0.00580791 0)
(1.218 -0.00792797 0)
(1.214 -0.00993283 0)
(1.20905 -0.0118071 0)
(1.20318 -0.0135324 0)
(1.19643 -0.0150848 0)
(1.18884 -0.0164358 0)
(1.18049 -0.0175546 0)
(1.17147 -0.0184085 0)
(1.16191 -0.0189704 0)
(1.15195 -0.0192233 0)
(1.14175 -0.0191611 0)
(1.13148 -0.0187973 0)
(1.12131 -0.0181605 0)
(1.11139 -0.0172886 0)
(1.10185 -0.0162358 0)
(1.09281 -0.0150567 0)
(1.08433 -0.0137984 0)
(1.07648 -0.0125174 0)
(1.06927 -0.0112592 0)
(1.0627 -0.0100445 0)
(1.05676 -0.00890775 0)
(1.05141 -0.00788181 0)
(1.04658 -0.00695347 0)
(1.04226 -0.00611274 0)
(1.03838 -0.00538375 0)
(1.03488 -0.00475143 0)
(1.03174 -0.00417583 0)
(1.02893 -0.00369258 0)
(1.02636 -0.00334386 0)
(1.02395 -0.00304313 0)
(1.02173 -0.00269369 0)
(1.01976 -0.00238099 0)
(1.01795 -0.00223726 0)
(1.01613 -0.00217502 0)
(1.01434 -0.00198371 0)
(1.01276 -0.00167381 0)
(1.01143 -0.0014972 0)
(1.0101 -0.00157697 0)
(1.00858 -0.00169296 0)
(1.00699 -0.00154848 0)
(1.00565 -0.00115096 0)
(1.00472 -0.000826199 0)
(1.00395 -0.000848976 0)
(1.00296 -0.00115841 0)
(1.00157 -0.00139848 0)
(1.00007 -0.00126541 0)
(0.998889 -0.000696748 0)
(0.998488 4.56544e-05 0)
(0.9988 0.000695108 0)
(0.999742 0.000977505 0)
(1.00064 0.000968845 0)
(1.00159 0.00065827 0)
(1.00179 0.000353504 0)
(1.00214 2.80184e-05 0)
(1.00157 -0.000176462 0)
(1.20932 0.0121494 0)
(1.21385 0.0098857 0)
(1.21749 0.00762313 0)
(1.22023 0.00537985 0)
(1.22203 0.00317209 0)
(1.22289 0.00101391 0)
(1.22279 -0.00108282 0)
(1.22172 -0.00310825 0)
(1.21969 -0.0050529 0)
(1.21669 -0.00690702 0)
(1.21274 -0.00866004 0)
(1.20784 -0.0102984 0)
(1.20202 -0.0118058 0)
(1.19533 -0.0131618 0)
(1.18781 -0.0143414 0)
(1.17953 -0.0153181 0)
(1.17059 -0.0160641 0)
(1.16111 -0.0165559 0)
(1.15123 -0.016779 0)
(1.14111 -0.0167282 0)
(1.13091 -0.016415 0)
(1.1208 -0.015864 0)
(1.11092 -0.0151078 0)
(1.10142 -0.0141932 0)
(1.0924 -0.0131676 0)
(1.08394 -0.0120718 0)
(1.07609 -0.0109549 0)
(1.06888 -0.00985695 0)
(1.0623 -0.00879602 0)
(1.05634 -0.0078024 0)
(1.05097 -0.00690511 0)
(1.04613 -0.00609235 0)
(1.04179 -0.00535585 0)
(1.03789 -0.00471741 0)
(1.03439 -0.00416359 0)
(1.03123 -0.00365884 0)
(1.02841 -0.00323477 0)
(1.02584 -0.00292888 0)
(1.02342 -0.00266514 0)
(1.0212 -0.00235856 0)
(1.01923 -0.00208433 0)
(1.01741 -0.00195839 0)
(1.01559 -0.00190351 0)
(1.0138 -0.0017351 0)
(1.01223 -0.00146319 0)
(1.0109 -0.00130906 0)
(1.00957 -0.00137981 0)
(1.00805 -0.00148125 0)
(1.00646 -0.00135319 0)
(1.00514 -0.00100324 0)
(1.00422 -0.000718292 0)
(1.00347 -0.000739464 0)
(1.00248 -0.00101255 0)
(1.0011 -0.00122413 0)
(0.999591 -0.00110685 0)
(0.99842 -0.000605704 0)
(0.998042 4.9129e-05 0)
(0.998398 0.000622539 0)
(0.999405 0.000873139 0)
(1.00037 0.000866269 0)
(1.0014 0.000593383 0)
(1.00166 0.000322818 0)
(1.00206 3.55463e-05 0)
(1.00154 -0.000148942 0)
(1.20792 0.0103834 0)
(1.21245 0.00845443 0)
(1.21611 0.00652544 0)
(1.21887 0.00461198 0)
(1.2207 0.00272799 0)
(1.22159 0.00088566 0)
(1.22152 -0.000904613 0)
(1.22049 -0.00263423 0)
(1.21849 -0.00429492 0)
(1.21553 -0.00587821 0)
(1.21162 -0.00737492 0)
(1.20676 -0.00877334 0)
(1.201 -0.0100596 0)
(1.19436 -0.0112162 0)
(1.18689 -0.012222 0)
(1.17868 -0.0130548 0)
(1.16981 -0.0136912 0)
(1.1604 -0.0141115 0)
(1.15059 -0.0143035 0)
(1.14053 -0.0142627 0)
(1.1304 -0.013999 0)
(1.12034 -0.0135329 0)
(1.11051 -0.012892 0)
(1.10104 -0.0121156 0)
(1.09204 -0.011244 0)
(1.08359 -0.0103117 0)
(1.07574 -0.00936061 0)
(1.06852 -0.00842484 0)
(1.06193 -0.00751989 0)
(1.05597 -0.00667186 0)
(1.05058 -0.00590559 0)
(1.04573 -0.00521089 0)
(1.04137 -0.00458104 0)
(1.03746 -0.0040352 0)
(1.03395 -0.00356165 0)
(1.03078 -0.00312959 0)
(1.02795 -0.00276638 0)
(1.02537 -0.00250449 0)
(1.02295 -0.0022787 0)
(1.02072 -0.00201615 0)
(1.01875 -0.00178142 0)
(1.01694 -0.0016737 0)
(1.01512 -0.00162649 0)
(1.01333 -0.00148182 0)
(1.01176 -0.00124896 0)
(1.01043 -0.00111762 0)
(1.00911 -0.0011788 0)
(1.00759 -0.0012654 0)
(1.006 -0.00115472 0)
(1.00468 -0.000854146 0)
(1.00378 -0.000610145 0)
(1.00304 -0.000629205 0)
(1.00207 -0.00086428 0)
(1.00068 -0.00104615 0)
(0.99917 -0.000945285 0)
(0.998004 -0.000514438 0)
(0.997648 4.89452e-05 0)
(0.998043 0.000542677 0)
(0.999107 0.000759405 0)
(1.00014 0.000754051 0)
(1.00123 0.000520083 0)
(1.00156 0.000285975 0)
(1.00199 3.87224e-05 0)
(1.00151 -0.000123117 0)
(1.20671 0.00858025 0)
(1.21125 0.00699029 0)
(1.21492 0.00539959 0)
(1.2177 0.00382107 0)
(1.21955 0.00226625 0)
(1.22046 0.000745361 0)
(1.22042 -0.000732843 0)
(1.21942 -0.00216113 0)
(1.21746 -0.00353255 0)
(1.21453 -0.00483998 0)
(1.21065 -0.00607573 0)
(1.20584 -0.00723007 0)
(1.20012 -0.00829152 0)
(1.19352 -0.00924566 0)
(1.18611 -0.0100753 0)
(1.17795 -0.0107621 0)
(1.16913 -0.0112872 0)
(1.15979 -0.0116344 0)
(1.15004 -0.011794 0)
(1.14004 -0.0117622 0)
(1.12995 -0.011547 0)
(1.11994 -0.0111653 0)
(1.11015 -0.0106394 0)
(1.10071 -0.0100016 0)
(1.09172 -0.00928481 0)
(1.08328 -0.00851737 0)
(1.07544 -0.00773387 0)
(1.06822 -0.00696243 0)
(1.06162 -0.00621589 0)
(1.05564 -0.00551594 0)
(1.05025 -0.00488315 0)
(1.04538 -0.00430901 0)
(1.04101 -0.00378825 0)
(1.03709 -0.00333705 0)
(1.03357 -0.00294556 0)
(1.03039 -0.00258804 0)
(1.02756 -0.00228734 0)
(1.02497 -0.00207059 0)
(1.02254 -0.00188372 0)
(1.02032 -0.00166638 0)
(1.01834 -0.00147216 0)
(1.01652 -0.0013831 0)
(1.01471 -0.00134385 0)
(1.01292 -0.00122376 0)
(1.01135 -0.001031 0)
(1.01003 -0.000922746 0)
(1.00871 -0.000973817 0)
(1.00719 -0.00104531 0)
(1.0056 -0.000952939 0)
(1.00429 -0.000703496 0)
(1.0034 -0.000501546 0)
(1.00267 -0.000518003 0)
(1.0017 -0.000713459 0)
(1.00032 -0.000864472 0)
(0.998808 -0.000780658 0)
(0.997647 -0.000422802 0)
(0.997309 4.54102e-05 0)
(0.997738 0.000456004 0)
(0.998851 0.00063691 0)
(0.99994 0.000632836 0)
(1.00108 0.000438981 0)
(1.00146 0.000243463 0)
(1.00193 3.79442e-05 0)
(1.00149 -9.87787e-05 0)
(1.20571 0.0067396 0)
(1.21026 0.00549329 0)
(1.21394 0.00424596 0)
(1.21673 0.00300779 0)
(1.2186 0.00178781 0)
(1.21954 0.00059414 0)
(1.21952 -0.000566208 0)
(1.21854 -0.00168748 0)
(1.21661 -0.00276414 0)
(1.21371 -0.00379053 0)
(1.20986 -0.00476054 0)
(1.20508 -0.00566647 0)
(1.19939 -0.0064993 0)
(1.19283 -0.00724776 0)
(1.18546 -0.00789837 0)
(1.17734 -0.00843704 0)
(1.16858 -0.00884891 0)
(1.15928 -0.00912162 0)
(1.14958 -0.00924751 0)
(1.13963 -0.00922375 0)
(1.12959 -0.00905649 0)
(1.11961 -0.00875883 0)
(1.10985 -0.0083481 0)
(1.10043 -0.00784954 0)
(1.09146 -0.0072888 0)
(1.08303 -0.00668793 0)
(1.07519 -0.00607408 0)
(1.06796 -0.00546932 0)
(1.06136 -0.00488374 0)
(1.05537 -0.00433448 0)
(1.04997 -0.0038377 0)
(1.04509 -0.00338667 0)
(1.04071 -0.00297743 0)
(1.03679 -0.00262293 0)
(1.03325 -0.00231531 0)
(1.03007 -0.00203416 0)
(1.02723 -0.00179759 0)
(1.02464 -0.00162712 0)
(1.02221 -0.00148014 0)
(1.01998 -0.00130916 0)
(1.018 -0.00115644 0)
(1.01619 -0.00108645 0)
(1.01437 -0.00105547 0)
(1.01258 -0.000960782 0)
(1.01101 -0.000809145 0)
(1.00969 -0.000724307 0)
(1.00838 -0.000764762 0)
(1.00686 -0.00082086 0)
(1.00527 -0.000747709 0)
(1.00397 -0.000551077 0)
(1.00309 -0.000392246 0)
(1.00237 -0.000405642 0)
(1.00141 -0.000559953 0)
(1.00002 -0.00067904 0)
(0.998509 -0.00061289 0)
(0.997351 -0.000330607 0)
(0.997029 3.89013e-05 0)
(0.997487 0.000363096 0)
(0.99864 0.000506376 0)
(0.999775 0.000503384 0)
(1.00097 0.000350801 0)
(1.00138 0.000195853 0)
(1.00188 3.36842e-05 0)
(1.00147 -7.56836e-05 0)
(1.20494 0.0048609 0)
(1.20949 0.0039634 0)
(1.21318 0.00306496 0)
(1.21599 0.0021729 0)
(1.21787 0.00129371 0)
(1.21882 0.000433297 0)
(1.21882 -0.000403202 0)
(1.21786 -0.00121159 0)
(1.21595 -0.00198784 0)
(1.21307 -0.00272783 0)
(1.20924 -0.00342711 0)
(1.20449 -0.0040801 0)
(1.19882 -0.0046803 0)
(1.1923 -0.00521958 0)
(1.18496 -0.00568828 0)
(1.17688 -0.00607631 0)
(1.16815 -0.00637306 0)
(1.15889 -0.0065697 0)
(1.14923 -0.00666078 0)
(1.13931 -0.00664428 0)
(1.1293 -0.00652458 0)
(1.11936 -0.00631109 0)
(1.10962 -0.00601617 0)
(1.10022 -0.00565793 0)
(1.09126 -0.00525475 0)
(1.08283 -0.00482247 0)
(1.07499 -0.00438062 0)
(1.06777 -0.00394511 0)
(1.06116 -0.00352322 0)
(1.05517 -0.00312737 0)
(1.04975 -0.00276921 0)
(1.04487 -0.00244387 0)
(1.04048 -0.00214859 0)
(1.03655 -0.00189285 0)
(1.03301 -0.0016709 0)
(1.02982 -0.00146794 0)
(1.02698 -0.0012971 0)
(1.02438 -0.00117401 0)
(1.02195 -0.00106789 0)
(1.01972 -0.000944415 0)
(1.01774 -0.000834169 0)
(1.01592 -0.000783674 0)
(1.0141 -0.000761241 0)
(1.01232 -0.000692737 0)
(1.01075 -0.000583237 0)
(1.00944 -0.000522152 0)
(1.00812 -0.000551522 0)
(1.0066 -0.000591952 0)
(1.00502 -0.000538854 0)
(1.00372 -0.000396635 0)
(1.00285 -0.000281963 0)
(1.00214 -0.000291889 0)
(1.00118 -0.000403628 0)
(0.999787 -0.000489783 0)
(0.998277 -0.000441892 0)
(0.997123 -0.000237621 0)
(0.996813 2.9871e-05 0)
(0.997292 0.000264635 0)
(0.998477 0.000368649 0)
(0.999647 0.000366584 0)
(1.00087 0.000256388 0)
(1.00132 0.000143814 0)
(1.00184 2.64991e-05 0)
(1.00145 -5.35434e-05 0)
(1.20441 0.00294371 0)
(1.20897 0.00240078 0)
(1.21267 0.0018572 0)
(1.21547 0.00131739 0)
(1.21737 0.000785245 0)
(1.21833 0.000264382 0)
(1.21834 -0.000242051 0)
(1.2174 -0.000731489 0)
(1.21549 -0.00120148 0)
(1.21263 -0.00164952 0)
(1.20882 -0.00207289 0)
(1.20408 -0.00246821 0)
(1.19844 -0.00283151 0)
(1.19193 -0.00315789 0)
(1.18461 -0.00344151 0)
(1.17655 -0.00367631 0)
(1.16785 -0.00385587 0)
(1.15862 -0.0039749 0)
(1.14898 -0.00403015 0)
(1.13909 -0.00402038 0)
(1.12911 -0.00394825 0)
(1.11918 -0.00381944 0)
(1.10946 -0.00364138 0)
(1.10007 -0.00342498 0)
(1.09112 -0.00318136 0)
(1.0827 -0.00292004 0)
(1.07486 -0.00265284 0)
(1.06763 -0.00238939 0)
(1.06102 -0.0021341 0)
(1.05502 -0.0018945 0)
(1.04961 -0.00167767 0)
(1.04471 -0.00148062 0)
(1.04032 -0.00130175 0)
(1.03639 -0.00114684 0)
(1.03284 -0.0010124 0)
(1.02965 -0.000889392 0)
(1.0268 -0.000785831 0)
(1.02421 -0.000711231 0)
(1.02177 -0.00064691 0)
(1.01954 -0.000572062 0)
(1.01756 -0.000505248 0)
(1.01574 -0.000474655 0)
(1.01392 -0.000461033 0)
(1.01213 -0.000419459 0)
(1.01057 -0.000353083 0)
(1.00926 -0.000316127 0)
(1.00794 -0.000333993 0)
(1.00642 -0.000358468 0)
(1.00484 -0.000326171 0)
(1.00354 -0.000239871 0)
(1.00268 -0.000170371 0)
(1.00197 -0.00017649 0)
(1.00102 -0.000244348 0)
(0.999629 -0.000296638 0)
(0.998118 -0.000267561 0)
(0.996966 -0.000143569 0)
(0.996664 1.8851e-05 0)
(0.997158 0.000161416 0)
(0.998364 0.000224707 0)
(0.999559 0.000223467 0)
(1.00081 0.000156709 0)
(1.00128 8.81272e-05 0)
(1.00182 1.70253e-05 0)
(1.00144 -3.20141e-05 0)
(1.20414 0.000987925 0)
(1.2087 0.000805746 0)
(1.2124 0.000623398 0)
(1.21521 0.000442323 0)
(1.21711 0.00026381 0)
(1.21808 8.9065e-05 0)
(1.2181 -8.08453e-05 0)
(1.21716 -0.000245056 0)
(1.21526 -0.000402748 0)
(1.21241 -0.000553075 0)
(1.2086 -0.000695122 0)
(1.20387 -0.00082775 0)
(1.19824 -0.00094963 0)
(1.19174 -0.00105912 0)
(1.18443 -0.00115425 0)
(1.17639 -0.001233 0)
(1.1677 -0.00129322 0)
(1.15848 -0.00133314 0)
(1.14886 -0.00135169 0)
(1.13898 -0.00134844 0)
(1.12901 -0.00132429 0)
(1.11909 -0.00128114 0)
(1.10937 -0.00122149 0)
(1.09999 -0.00114898 0)
(1.09105 -0.00106733 0)
(1.08263 -0.000979733 0)
(1.07479 -0.000890149 0)
(1.06756 -0.000801808 0)
(1.06095 -0.000716186 0)
(1.05495 -0.000635815 0)
(1.04953 -0.000563068 0)
(1.04463 -0.000496948 0)
(1.04024 -0.000436919 0)
(1.03631 -0.000384934 0)
(1.03276 -0.000339813 0)
(1.02956 -0.000298522 0)
(1.02671 -0.000263752 0)
(1.02412 -0.000238708 0)
(1.02168 -0.000217115 0)
(1.01945 -0.000191986 0)
(1.01747 -0.000169556 0)
(1.01565 -0.000159287 0)
(1.01383 -0.00015471 0)
(1.01204 -0.000140744 0)
(1.01048 -0.00011846 0)
(1.00917 -0.000106063 0)
(1.00785 -0.000112072 0)
(1.00633 -0.000120284 0)
(1.00475 -0.000109423 0)
(1.00346 -8.0434e-05 0)
(1.00259 -5.71023e-05 0)
(1.00189 -5.91733e-05 0)
(1.00093 -8.19754e-05 0)
(0.999547 -9.95426e-05 0)
(0.998036 -8.97737e-05 0)
(0.996885 -4.81193e-05 0)
(0.996587 6.45856e-06 0)
(0.997089 5.43632e-05 0)
(0.998306 7.56582e-05 0)
(0.999513 7.52354e-05 0)
(1.00078 5.28431e-05 0)
(1.00126 2.97399e-05 0)
(1.0018 5.90206e-06 0)
(1.00143 -1.06771e-05 0)
)
;

boundaryField
{
    inlet
    {
        type            uniformFixedValue;
        uniformValue    constant (1 0 0);
        value           nonuniform 0();
    }
    outlet
    {
        type            pressureInletOutletVelocity;
        value           nonuniform List<vector> 
23
(
(1.00217 -0.000841563 0)
(1.00213 -0.000783172 0)
(1.0021 -0.000726433 0)
(1.00206 -0.000671472 0)
(1.00201 -0.000618402 0)
(1.00197 -0.000567325 0)
(1.00193 -0.000518326 0)
(1.00188 -0.000471476 0)
(1.00184 -0.000426829 0)
(1.0018 -0.000384422 0)
(1.00176 -0.000344272 0)
(1.00171 -0.000306378 0)
(1.00167 -0.000270712 0)
(1.00164 -0.000237226 0)
(1.0016 -0.000205844 0)
(1.00157 -0.000176462 0)
(1.00154 -0.000148942 0)
(1.00151 -0.000123117 0)
(1.00149 -9.87787e-05 0)
(1.00147 -7.56836e-05 0)
(1.00145 -5.35434e-05 0)
(1.00144 -3.20141e-05 0)
(1.00143 -1.06771e-05 0)
)
;
    }
    cylinder
    {
        type            fixedValue;
        value           nonuniform 0();
    }
    top
    {
        type            symmetryPlane;
    }
    bottom
    {
        type            symmetryPlane;
    }
    defaultFaces
    {
        type            empty;
    }
    procBoundary15to13
    {
        type            processor;
        value           nonuniform List<vector> 
65
(
(1.12195 -0.0483067 0)
(1.11154 -0.0448778 0)
(1.102 -0.0411675 0)
(1.09334 -0.0373398 0)
(1.08556 -0.0335523 0)
(1.0786 -0.029922 0)
(1.07242 -0.0265061 0)
(1.06693 -0.0233696 0)
(1.06206 -0.0205733 0)
(1.05774 -0.018096 0)
(1.05388 -0.0159036 0)
(1.05041 -0.014005 0)
(1.04728 -0.0123519 0)
(1.04446 -0.0108836 0)
(1.04189 -0.00968352 0)
(1.03949 -0.00880418 0)
(1.03724 -0.00802156 0)
(1.03517 -0.00713321 0)
(1.03328 -0.00636118 0)
(1.03146 -0.00600897 0)
(1.02963 -0.00585218 0)
(1.02786 -0.00538082 0)
(1.02624 -0.00461361 0)
(1.02477 -0.00415305 0)
(1.02329 -0.00431123 0)
(1.02171 -0.00458554 0)
(1.02012 -0.00427101 0)
(1.01867 -0.00336237 0)
(1.0174 -0.00260092 0)
(1.01617 -0.00261758 0)
(1.01482 -0.0032715 0)
(1.01334 -0.00375633 0)
(1.01191 -0.00341206 0)
(1.01071 -0.00214102 0)
(1.00981 -0.000569722 0)
(1.00903 0.000736383 0)
(1.00829 0.00119389 0)
(1.00724 0.00110013 0)
(1.00623 0.000367189 0)
(1.00473 -0.000137898 0)
(1.0039 -0.000796313 0)
(1.00221 -0.000901466 0)
(1.24978 0.0354623 0)
(1.25378 0.0282519 0)
(1.25675 0.0211605 0)
(1.25868 0.014229 0)
(1.25959 0.00748256 0)
(1.25949 0.000943583 0)
(1.25838 -0.00537308 0)
(1.25626 -0.0114534 0)
(1.25315 -0.017289 0)
(1.24904 -0.0228683 0)
(1.24392 -0.0281781 0)
(1.23779 -0.0331924 0)
(1.23062 -0.0378681 0)
(1.22242 -0.0421354 0)
(1.2132 -0.0458943 0)
(1.20303 -0.0490201 0)
(1.19203 -0.0513781 0)
(1.18037 -0.0528496 0)
(1.16831 -0.0533623 0)
(1.1561 -0.0529035 0)
(1.14404 -0.0515318 0)
(1.13237 -0.0493641 0)
(1.13237 -0.0493641 0)
)
;
    }
    procBoundary15to14
    {
        type            processor;
        value           nonuniform List<vector> 
22
(
(1.24157 0.0412654 0)
(1.23844 0.0397429 0)
(1.23536 0.0381811 0)
(1.23234 0.0365801 0)
(1.22938 0.0349405 0)
(1.22651 0.0332624 0)
(1.22371 0.0315461 0)
(1.22101 0.0297918 0)
(1.21842 0.0279997 0)
(1.21593 0.0261698 0)
(1.21357 0.0243022 0)
(1.21134 0.0223967 0)
(1.20925 0.0204533 0)
(1.20732 0.0184716 0)
(1.20555 0.0164513 0)
(1.20395 0.0143919 0)
(1.20254 0.0122926 0)
(1.20134 0.0101529 0)
(1.20034 0.00797162 0)
(1.19957 0.0057477 0)
(1.19905 0.00347999 0)
(1.19878 0.00116795 0)
)
;
    }
}


// ************************************************************************* //
