/*--------------------------------*- C++ -*----------------------------------*\
  =========                 |
  \\      /  F ield         | OpenFOAM: The Open Source CFD Toolbox
   \\    /   O peration     | Website:  https://openfoam.org
    \\  /    A nd           | Version:  7
     \\/     M anipulation  |
\*---------------------------------------------------------------------------*/
FoamFile
{
    version     2.0;
    format      ascii;
    class       volScalarField;
    location    "53";
    object      p;
}
// * * * * * * * * * * * * * * * * * * * * * * * * * * * * * * * * * * * * * //

dimensions      [0 2 -2 0 0 0 0];

internalField   nonuniform List<scalar> 
1063
(
-0.345173
-0.347757
-0.352358
-0.350482
-0.348221
-0.355399
-0.353353
-0.350918
-0.348198
-0.360814
-0.358601
-0.356378
-0.353761
-0.350861
-0.347796
-0.364425
-0.361968
-0.359559
-0.356754
-0.353671
-0.350429
-0.347105
-0.368219
-0.365504
-0.362902
-0.359904
-0.356631
-0.353209
-0.34971
-0.346187
-0.3722
-0.369212
-0.366409
-0.363213
-0.359747
-0.35614
-0.352461
-0.348756
-0.345044
-0.37637
-0.373094
-0.370085
-0.366685
-0.363021
-0.359225
-0.35536
-0.351465
-0.347545
-0.343574
-0.380728
-0.377152
-0.373929
-0.370321
-0.366457
-0.362467
-0.358409
-0.354311
-0.350166
-0.345936
-0.341556
-0.385274
-0.381385
-0.377944
-0.374124
-0.370054
-0.365866
-0.361606
-0.357291
-0.352901
-0.348383
-0.343663
-0.338661
-0.333308
-0.390006
-0.385793
-0.382128
-0.378093
-0.373815
-0.369422
-0.364949
-0.360401
-0.355741
-0.350904
-0.345806
-0.340366
-0.334523
-0.328251
-0.39492
-0.390371
-0.38648
-0.382227
-0.377736
-0.373131
-0.368434
-0.363633
-0.358676
-0.353484
-0.347968
-0.34205
-0.335681
-0.328854
-0.321603
-0.400011
-0.395118
-0.390996
-0.386523
-0.381815
-0.376991
-0.372054
-0.366977
-0.361691
-0.356107
-0.350132
-0.343696
-0.336765
-0.329357
-0.321532
-0.313388
-0.305016
-0.405272
-0.400026
-0.395672
-0.390977
-0.386048
-0.380993
-0.3758
-0.370421
-0.364772
-0.358755
-0.352278
-0.345282
-0.337758
-0.329748
-0.32134
-0.312652
-0.303795
-0.294931
-0.410694
-0.405088
-0.400501
-0.395582
-0.390425
-0.385129
-0.37966
-0.373949
-0.3679
-0.361406
-0.354384
-0.346791
-0.338644
-0.330015
-0.321018
-0.31179
-0.302457
-0.293178
-0.283879
-0.275251
-0.416264
-0.410295
-0.405474
-0.400329
-0.39494
-0.389389
-0.38362
-0.377545
-0.371054
-0.364039
-0.356428
-0.348201
-0.339406
-0.330144
-0.320556
-0.310795
-0.300998
-0.291318
-0.2817
-0.27277
-0.421971
-0.415635
-0.410581
-0.405208
-0.399578
-0.393756
-0.387662
-0.381186
-0.374211
-0.36663
-0.358387
-0.349494
-0.340027
-0.330123
-0.319945
-0.309659
-0.29941
-0.289343
-0.279417
-0.270197
-0.427798
-0.421094
-0.415808
-0.410205
-0.404327
-0.398216
-0.391766
-0.384852
-0.377346
-0.369153
-0.360239
-0.350648
-0.340494
-0.329942
-0.319177
-0.308377
-0.297688
-0.287246
-0.277023
-0.267522
-0.433727
-0.426655
-0.42114
-0.415306
-0.409168
-0.402747
-0.39591
-0.388515
-0.380432
-0.371582
-0.361959
-0.351644
-0.340789
-0.329588
-0.318244
-0.30694
-0.295825
-0.285021
-0.27451
-0.264739
-0.439737
-0.432301
-0.426559
-0.420491
-0.414082
-0.407327
-0.400068
-0.392148
-0.383442
-0.37389
-0.363523
-0.352463
-0.340899
-0.32905
-0.317135
-0.305342
-0.293814
-0.282661
-0.271872
-0.261838
-0.445806
-0.438011
-0.432045
-0.425739
-0.419045
-0.411931
-0.404211
-0.395721
-0.386344
-0.37605
-0.364909
-0.353087
-0.340808
-0.328317
-0.315844
-0.303575
-0.291648
-0.280159
-0.269101
-0.258812
-0.451908
-0.44376
-0.437574
-0.431027
-0.424033
-0.41653
-0.40831
-0.399202
-0.389109
-0.378033
-0.366093
-0.353496
-0.340503
-0.327379
-0.314361
-0.301631
-0.289319
-0.277507
-0.266191
-0.255656
-0.429016
-0.421093
-0.412331
-0.402559
-0.391705
-0.379814
-0.367052
-0.353673
-0.33997
-0.326225
-0.312676
-0.299501
-0.28682
-0.274697
-0.263135
-0.252361
-0.405757
-0.3941
-0.381363
-0.367764
-0.353602
-0.339196
-0.324844
-0.310782
-0.297179
-0.284143
-0.271724
-0.259925
-0.248921
-0.353264
-0.338169
-0.323226
-0.308669
-0.294655
-0.28128
-0.268578
-0.256554
-0.245329
-0.278223
-0.265253
-0.253016
-0.24158
-0.232286
-0.236099
-0.239767
-0.243295
-0.246689
-0.249952
-0.253091
-0.25611
-0.259013
-0.261805
-0.264491
-0.225114
-0.228942
-0.23264
-0.23621
-0.239656
-0.242984
-0.246197
-0.249301
-0.252298
-0.255195
-0.257995
-0.21818
-0.222011
-0.225724
-0.229322
-0.23281
-0.236192
-0.239471
-0.242651
-0.245738
-0.248736
-0.251649
-0.211523
-0.215346
-0.219063
-0.222678
-0.226194
-0.229614
-0.232942
-0.236181
-0.239337
-0.242413
-0.245414
-0.205129
-0.208931
-0.212639
-0.216255
-0.219781
-0.223222
-0.226579
-0.229857
-0.233059
-0.236188
-0.239249
-0.198985
-0.202756
-0.206442
-0.210045
-0.213567
-0.217012
-0.220383
-0.223681
-0.226911
-0.230074
-0.233176
-0.193084
-0.196814
-0.200468
-0.204047
-0.207554
-0.210991
-0.214361
-0.217665
-0.220907
-0.224089
-0.227215
-0.187417
-0.1911
-0.194713
-0.198259
-0.20174
-0.205158
-0.208515
-0.211813
-0.215054
-0.21824
-0.221375
-0.181977
-0.185604
-0.18917
-0.192675
-0.196122
-0.199511
-0.202845
-0.206126
-0.209354
-0.212533
-0.215665
-0.21875
-0.176753
-0.180321
-0.183833
-0.18729
-0.190695
-0.194048
-0.197351
-0.200605
-0.203811
-0.206973
-0.21009
-0.213165
-0.171739
-0.175243
-0.178696
-0.1821
-0.185456
-0.188766
-0.19203
-0.19525
-0.198427
-0.201562
-0.204656
-0.207712
-0.166928
-0.170363
-0.173753
-0.177099
-0.180401
-0.183662
-0.186882
-0.190061
-0.193201
-0.196302
-0.199367
-0.202395
-0.162311
-0.165675
-0.168998
-0.172282
-0.175527
-0.178734
-0.181904
-0.185037
-0.188134
-0.191197
-0.194225
-0.19722
-0.157883
-0.161173
-0.164427
-0.167646
-0.170829
-0.173979
-0.177094
-0.180176
-0.183226
-0.186244
-0.189231
-0.192188
-0.153637
-0.156852
-0.160035
-0.163185
-0.166304
-0.169393
-0.17245
-0.175478
-0.178477
-0.181446
-0.184387
-0.1873
-0.149567
-0.152706
-0.155815
-0.158896
-0.161948
-0.164973
-0.16797
-0.17094
-0.173884
-0.176801
-0.179693
-0.182559
-0.145667
-0.148728
-0.151763
-0.154773
-0.157757
-0.160716
-0.16365
-0.166561
-0.169447
-0.172309
-0.175148
-0.177964
-0.141931
-0.144915
-0.147875
-0.150812
-0.153726
-0.156618
-0.159488
-0.162336
-0.165162
-0.167967
-0.170751
-0.173514
-0.138354
-0.141259
-0.144144
-0.147008
-0.149852
-0.152676
-0.155479
-0.158264
-0.161028
-0.163774
-0.1665
-0.169208
-0.134928
-0.137756
-0.140565
-0.143356
-0.146129
-0.148884
-0.151621
-0.154341
-0.157043
-0.159727
-0.162395
-0.165045
-0.13165
-0.134401
-0.137135
-0.139853
-0.142554
-0.14524
-0.147909
-0.150563
-0.153201
-0.155824
-0.158431
-0.161023
-0.128513
-0.131187
-0.133847
-0.136492
-0.139122
-0.141738
-0.14434
-0.146928
-0.149502
-0.152061
-0.154607
-0.157139
-0.125512
-0.128111
-0.130696
-0.133269
-0.135829
-0.138376
-0.14091
-0.143432
-0.14594
-0.148437
-0.15092
-0.153392
-0.122642
-0.125166
-0.127679
-0.13018
-0.13267
-0.135148
-0.137615
-0.14007
-0.142514
-0.144946
-0.147368
-0.149778
-0.119898
-0.122349
-0.12479
-0.12722
-0.12964
-0.13205
-0.13445
-0.136839
-0.139218
-0.141587
-0.143946
-0.146295
-0.117275
-0.119654
-0.122024
-0.124385
-0.126737
-0.129079
-0.131412
-0.133736
-0.136051
-0.138356
-0.140652
-0.14294
-0.114768
-0.117077
-0.119378
-0.12167
-0.123954
-0.12623
-0.128497
-0.130756
-0.133007
-0.13525
-0.137484
-0.139709
-0.112374
-0.114614
-0.116846
-0.119071
-0.121289
-0.123499
-0.125702
-0.127897
-0.130084
-0.132264
-0.134437
-0.136602
-0.110086
-0.112259
-0.114425
-0.116584
-0.118737
-0.120883
-0.123022
-0.125154
-0.127279
-0.129398
-0.131509
-0.133613
-0.107902
-0.110009
-0.112111
-0.114206
-0.116295
-0.118377
-0.120454
-0.122524
-0.124588
-0.126646
-0.128697
-0.130741
-0.105818
-0.107861
-0.109899
-0.111931
-0.113958
-0.115979
-0.117994
-0.120004
-0.122008
-0.124006
-0.125998
-0.127983
-0.103829
-0.10581
-0.107786
-0.109757
-0.111723
-0.113684
-0.11564
-0.11759
-0.119535
-0.121475
-0.123408
-0.125336
-0.101931
-0.103852
-0.105768
-0.10768
-0.109587
-0.11149
-0.113387
-0.11528
-0.117167
-0.119049
-0.120926
-0.122798
-0.100122
-0.101985
-0.103843
-0.105697
-0.107547
-0.109392
-0.111233
-0.113069
-0.114901
-0.116727
-0.118549
-0.120365
-0.0983987
-0.100205
-0.102007
-0.103805
-0.105599
-0.107389
-0.109175
-0.110956
-0.112733
-0.114505
-0.116273
-0.118035
-0.0967572
-0.0985085
-0.100256
-0.102
-0.103741
-0.105477
-0.10721
-0.108938
-0.110662
-0.112381
-0.114096
-0.115806
-0.0951951
-0.0968936
-0.0985889
-0.100281
-0.101969
-0.103654
-0.105334
-0.107011
-0.108684
-0.110352
-0.112016
-0.113675
-0.0937094
-0.0953571
-0.0970018
-0.0986432
-0.100281
-0.101916
-0.103547
-0.105174
-0.106797
-0.108415
-0.11003
-0.11164
-0.0922976
-0.0938965
-0.0954925
-0.0970854
-0.0986751
-0.100261
-0.101844
-0.103423
-0.104998
-0.106569
-0.108136
-0.109699
-0.0909574
-0.0925093
-0.0940585
-0.0956048
-0.097148
-0.0986879
-0.100224
-0.101757
-0.103286
-0.104812
-0.106333
-0.10785
-0.0896865
-0.0911935
-0.0926979
-0.0941994
-0.095698
-0.0971933
-0.0986854
-0.100174
-0.101659
-0.10314
-0.104617
-0.10609
-0.0884829
-0.0899469
-0.0914083
-0.092867
-0.0943229
-0.0957756
-0.0972251
-0.0986712
-0.100114
-0.101552
-0.102987
-0.104418
-0.0873447
-0.0887676
-0.090188
-0.0916059
-0.0930209
-0.0944329
-0.0958418
-0.0972473
-0.0986493
-0.100048
-0.101442
-0.102832
-0.0862703
-0.0876541
-0.0890355
-0.0904144
-0.0917905
-0.0931637
-0.0945338
-0.0959006
-0.0972639
-0.0986236
-0.0999795
-0.101331
-0.0852586
-0.0866051
-0.0879494
-0.0892912
-0.0906303
-0.0919665
-0.0932997
-0.0946297
-0.0959563
-0.0972792
-0.0985985
-0.0999138
-0.0843077
-0.085619
-0.0869281
-0.0882348
-0.0895388
-0.09084
-0.0921382
-0.0934333
-0.094725
-0.0960131
-0.0972976
-0.0985782
-0.083417
-0.084695
-0.0859708
-0.0872442
-0.0885151
-0.0897832
-0.0910483
-0.0923104
-0.0935691
-0.0948244
-0.096076
-0.0973238
-0.0825853
-0.0838319
-0.0850764
-0.0863185
-0.0875581
-0.088795
-0.0900291
-0.09126
-0.0924878
-0.0937121
-0.0949328
-0.0961498
-0.081812
-0.0830292
-0.0842443
-0.085457
-0.0866674
-0.087875
-0.0890799
-0.0902817
-0.0914804
-0.0926757
-0.0938674
-0.0950555
-0.0962397
-0.0810967
-0.0822863
-0.083474
-0.0846594
-0.0858423
-0.0870227
-0.0882003
-0.089375
-0.0905465
-0.0917148
-0.0928796
-0.0940407
-0.0951981
-0.0804389
-0.0816031
-0.0827653
-0.0839252
-0.0850829
-0.0862379
-0.0873903
-0.0885397
-0.0896862
-0.0908293
-0.0919691
-0.0931053
-0.0942379
-0.079839
-0.0809797
-0.0821184
-0.0832549
-0.0843892
-0.0855209
-0.08665
-0.0877763
-0.0888996
-0.0900197
-0.0911365
-0.0922498
-0.0933596
-0.079297
-0.0804161
-0.0815334
-0.0826485
-0.0837614
-0.0848718
-0.0859797
-0.0870848
-0.088187
-0.0892862
-0.0903821
-0.0914746
-0.0925636
-0.0788141
-0.0799138
-0.0810116
-0.0821074
-0.0832009
-0.0842921
-0.0853808
-0.0864669
-0.0875501
-0.0886303
-0.0897073
-0.0907811
-0.0918515
-0.0783901
-0.0794724
-0.0805529
-0.0816314
-0.0827078
-0.0837819
-0.0848536
-0.0859227
-0.086989
-0.0880525
-0.0891129
-0.0901702
-0.0912242
-0.0780289
-0.0790959
-0.0801611
-0.0812245
-0.0822857
-0.0833448
-0.0844015
-0.0854557
-0.0865073
-0.0875561
-0.088602
-0.0896449
-0.0906845
-0.0777279
-0.078782
-0.0798344
-0.0808849
-0.0819335
-0.08298
-0.0840243
-0.0850661
-0.0861055
-0.0871421
-0.0881761
-0.0892071
-0.090235
-0.0774966
-0.0785395
-0.0795809
-0.0806204
-0.0816581
-0.0826938
-0.0837273
-0.0847585
-0.0857874
-0.0868137
-0.0878374
-0.0888584
-0.0898764
-0.077329
-0.0783644
-0.0793982
-0.0804304
-0.0814607
-0.0824892
-0.0835155
-0.0845398
-0.0855618
-0.0865813
-0.0875984
-0.0886129
-0.0896247
-0.0772348
-0.0782626
-0.0792889
-0.0803136
-0.0813367
-0.082358
-0.0833775
-0.084395
-0.0854104
-0.0864237
-0.0874347
-0.0884433
-0.0894496
)
;

boundaryField
{
    inlet
    {
        type            zeroGradient;
    }
    outlet
    {
        type            fixedValue;
        value           nonuniform 0();
    }
    cylinder
    {
        type            zeroGradient;
    }
    top
    {
        type            symmetryPlane;
    }
    bottom
    {
        type            symmetryPlane;
    }
    defaultFaces
    {
        type            empty;
    }
    procBoundary23to7
    {
        type            processor;
        value           nonuniform List<scalar> 6(-0.346736 -0.349472 -0.349472 -0.354127 -0.357383 -0.357383);
    }
    procBoundary23to22
    {
        type            processor;
        value           nonuniform List<scalar> 
84
(
-0.458015
-0.449523
-0.443122
-0.436329
-0.436329
-0.433963
-0.425587
-0.416239
-0.416239
-0.408761
-0.396264
-0.382655
-0.368208
-0.368208
-0.352645
-0.336875
-0.32136
-0.306327
-0.291922
-0.291922
-0.274966
-0.261742
-0.249304
-0.237668
-0.228325
-0.221149
-0.214227
-0.207591
-0.201228
-0.195126
-0.189275
-0.183665
-0.178286
-0.173129
-0.168185
-0.163447
-0.158906
-0.154556
-0.150389
-0.146399
-0.14258
-0.138925
-0.135427
-0.132082
-0.128883
-0.125824
-0.1229
-0.120106
-0.117436
-0.114886
-0.112451
-0.110126
-0.107907
-0.105789
-0.103769
-0.101843
-0.100006
-0.0982558
-0.0965892
-0.0950026
-0.0934934
-0.0920587
-0.090696
-0.0894028
-0.0881771
-0.0870166
-0.0859195
-0.0848843
-0.0839099
-0.0829944
-0.0821371
-0.0813368
-0.080593
-0.0799051
-0.0792729
-0.0786966
-0.0781761
-0.0777128
-0.0773062
-0.0769603
-0.0766722
-0.0764521
-0.0762922
-0.0762056
)
;
    }
    procBoundary23to24
    {
        type            processor;
        value           nonuniform List<scalar> 
96
(
-0.342726
-0.343242
-0.345664
-0.345664
-0.345676
-0.345676
-0.345306
-0.345306
-0.344643
-0.344643
-0.343756
-0.343756
-0.342666
-0.342666
-0.341308
-0.341308
-0.3395
-0.3395
-0.336952
-0.336952
-0.332051
-0.327563
-0.327563
-0.321561
-0.321561
-0.314003
-0.314003
-0.306127
-0.296581
-0.296581
-0.285961
-0.285961
-0.277649
-0.267075
-0.267075
-0.260703
-0.254484
-0.248345
-0.242247
-0.236219
-0.230287
-0.22446
-0.22446
-0.221793
-0.2162
-0.210729
-0.205389
-0.200182
-0.195114
-0.190186
-0.1854
-0.180756
-0.176256
-0.171897
-0.167678
-0.163599
-0.159658
-0.155851
-0.152177
-0.148633
-0.145218
-0.141927
-0.138759
-0.135711
-0.13278
-0.129963
-0.127259
-0.124664
-0.122176
-0.119793
-0.117511
-0.11533
-0.113246
-0.111257
-0.109362
-0.107558
-0.105844
-0.104219
-0.102679
-0.101225
-0.0998548
-0.0985677
-0.0973628
-0.0973628
-0.0974199
-0.0963515
-0.0953665
-0.0944655
-0.0936489
-0.0929183
-0.0922747
-0.0917209
-0.0912598
-0.0908915
-0.0906336
-0.0904533
)
;
    }
}


// ************************************************************************* //
