/*--------------------------------*- C++ -*----------------------------------*\
  =========                 |
  \\      /  F ield         | OpenFOAM: The Open Source CFD Toolbox
   \\    /   O peration     | Website:  https://openfoam.org
    \\  /    A nd           | Version:  7
     \\/     M anipulation  |
\*---------------------------------------------------------------------------*/
FoamFile
{
    version     2.0;
    format      ascii;
    class       surfaceScalarField;
    location    "79";
    object      phi;
}
// * * * * * * * * * * * * * * * * * * * * * * * * * * * * * * * * * * * * * //

dimensions      [0 3 -1 0 0 0 0];

internalField   nonuniform List<scalar> 
2014
(
0.0109875
0.000108692
0.0107801
0.000207402
0.0103202
0.000459902
0.00988239
0.000437815
0.00991509
-3.27033e-05
0.0102703
-0.00035523
0.0106308
-0.00036051
0.0110281
-0.000397307
0.0113931
-0.000365004
0.0114127
-1.9551e-05
0.000401931
0.0107415
0.000215097
0.0105369
0.000412024
0.0100798
0.000916989
0.00964285
0.000874734
0.00967066
-6.05102e-05
0.0100224
-0.000706943
0.0103825
-0.000720676
0.010777
-0.000791734
0.0111366
-0.000724637
0.011157
-3.99486e-05
0.000794028
0.0105073
0.000320352
0.0103043
0.000614941
0.00984547
0.00137586
0.00940167
0.00131853
0.00941908
-7.79219e-05
0.00976786
-0.00105572
0.0101352
-0.00108806
0.0105342
-0.00119066
0.0108905
-0.00108099
0.0109131
-6.25687e-05
0.00117433
0.0102845
0.000425672
0.0100821
0.000817288
0.00961796
0.00184002
0.00915967
0.00177682
0.00915817
-7.64185e-05
0.00950206
-0.00139962
0.0098824
-0.00146839
0.0102934
-0.00160171
0.0106514
-0.00143899
0.0106793
-9.04176e-05
0.0015409
0.0100718
0.000532818
0.00986923
0.00101986
0.00939854
0.0023107
0.00891859
0.00225678
0.00888584
-4.36749e-05
0.00921817
-0.00173194
0.00961494
-0.00186516
0.0100466
-0.00203341
0.010414
-0.00180635
0.0104522
-0.000128661
0.00189075
0.00986799
0.000644169
0.00966481
0.00122304
0.00918852
0.00278699
0.00868038
0.00276493
0.00860075
3.59515e-05
0.00890966
-0.00204085
0.00932303
-0.00227854
0.00978431
-0.00249469
0.0101719
-0.0021939
0.0102284
-0.000185164
0.00221954
0.00967186
0.000762613
0.0094681
0.0014268
0.00898883
0.00326626
0.00844718
0.00330658
0.00830395
0.000179181
0.0085733
-0.0023102
0.00899903
-0.00270427
0.0094978
-0.00299345
0.00991867
-0.00261477
0.0100039
-0.00027038
0.00252149
0.00948247
0.000891247
0.00927855
0.00163071
0.00879968
0.00374513
0.00822124
0.00388502
0.00799999
0.000400424
0.00821168
-0.00252188
0.00864051
-0.00313311
0.00918166
-0.00353461
0.00964943
-0.00308253
0.00977545
-0.000396401
0.00278968
0.00929913
0.00103291
0.00909576
0.00183408
0.00862046
0.00422043
0.00800473
0.00450075
0.00769655
0.000708602
0.00783365
-0.00265897
0.00825184
-0.0035513
0.00883548
-0.00411825
0.00936169
-0.00360874
0.00954062
-0.000575335
0.00301663
0.00912146
0.00118964
0.00891939
0.00203615
0.00844991
0.00468991
0.00779937
0.00515129
0.00740285
0.00110512
0.00745225
-0.00270837
0.00784329
-0.00394234
0.00846403
-0.00473898
0.00905598
-0.00420069
0.00929827
-0.000817618
0.00319518
0.00894927
0.00136221
0.0087491
0.00223632
0.0082865
0.00515251
0.00760643
0.00583136
0.00712708
0.00158447
0.00708111
-0.0026624
0.00742823
-0.00428947
0.0080759
-0.00538666
0.00873558
-0.00486037
0.0090486
-0.00113064
0.0033192
0.00878236
0.00154974
0.00858438
0.00243431
0.00812876
0.00560813
0.00742645
0.00653367
0.00687485
0.00213607
0.00673145
-0.00251899
0.00702007
-0.00457809
0.00768145
-0.00604803
0.00840553
-0.00558445
0.00879296
-0.00151807
0.00338424
0.00862033
0.00174936
0.00842455
0.00263008
0.0079755
0.00605718
0.0072593
0.00724987
0.0066486
0.00274676
0.00641066
-0.00228105
0.0066302
-0.00479763
0.00729092
-0.00670875
0.00807162
-0.00636515
0.0085334
-0.00197985
0.00338775
0.00846235
0.00195608
0.00826879
0.00282364
0.00782587
0.0065001
0.00710425
0.00797149
0.00644812
0.00340289
0.00612249
-0.00195543
0.00626718
-0.00494232
0.00691337
-0.00735495
0.00773961
-0.00719138
0.00827233
-0.00251257
0.0033291
0.00830717
0.00216276
0.00811613
0.00301467
0.00767926
0.00693697
0.00696014
0.00869061
0.00627149
0.00409155
0.00586798
-0.00155192
0.00593681
-0.00501115
0.0065561
-0.00797424
0.00741469
-0.00804997
0.00801224
-0.00311012
0.00320948
0.00815317
0.00236051
0.00796561
0.00320224
0.00753525
0.00736733
0.00682557
0.00940029
0.00611595
0.00480117
0.00564629
-0.00108226
0.00564235
-0.00500721
0.00622444
-0.00855633
0.00710118
-0.00892671
0.00775541
-0.00376435
0.0030316
0.00799865
0.00253944
0.00781628
0.00338461
0.00739349
0.00779012
0.00669905
0.0100947
0.00597847
0.00552176
0.0054554
-0.000559197
0.00538484
-0.00493666
0.00592172
-0.0090932
0.00680239
-0.00980738
0.00750384
-0.0044658
0.00279936
0.00784204
0.00268973
0.00766731
0.00355934
0.00725369
0.00820375
0.00657911
0.0107693
0.00585609
0.00624477
0.00529249
4.40515e-06
0.00516338
-0.00480755
0.00564937
-0.00957919
0.00652057
-0.0106786
0.00725915
-0.00520438
0.00251756
0.00768221
0.00280263
0.00751806
0.00372349
0.00711558
0.00860623
0.00646444
0.0114204
0.00574612
0.00696309
0.00515424
0.000596283
0.00497553
-0.00462883
0.00540717
-0.0100108
0.00625701
-0.0115284
0.00702253
-0.0059699
0.00219152
0.00751852
0.0028712
0.00736809
0.00387392
0.00697891
0.00899541
0.00635386
0.0120455
0.00564611
0.00767084
0.00503707
0.00120533
0.00481779
-0.00440955
0.00519361
-0.0103867
0.00601209
-0.0123469
0.00679479
-0.00675261
0.00182685
0.00735082
0.00289059
0.00721715
0.00400759
0.00684348
0.00936908
0.00624638
0.0126426
0.00555394
0.00836328
0.00493742
0.00182185
0.00468608
-0.00415821
0.00500634
-0.0107069
0.00578554
-0.0131261
0.00657639
-0.00754345
0.00142919
0.00717937
0.00285793
0.00706518
0.00412177
0.0067091
0.00972516
0.0061412
0.0132105
0.0054678
0.00903668
0.00485191
0.00243774
0.0045762
-0.0038825
0.00484256
-0.0109733
0.00557661
-0.0138602
0.00636749
-0.00833434
0.00100398
0.00700469
0.00277207
0.00691228
0.00421418
0.00657565
0.0100618
0.00603764
0.0137485
0.00538613
0.00968819
0.00477744
0.00304643
0.00448411
-0.00358918
0.00469928
-0.0111884
0.00538422
-0.0145451
0.00616806
-0.00911818
0.000556446
0.0068275
0.00263331
0.00675865
0.00428303
0.00644304
0.0103774
0.00593521
0.0142563
0.00530768
0.0103157
0.00471132
0.00364279
0.00440619
-0.00328404
0.00457364
-0.0113559
0.00520715
-0.0151786
0.00597788
-0.00988891
9.1424e-05
0.00664864
0.00244315
0.00660458
0.00432709
0.00631123
0.0106708
0.00583353
0.014734
0.00523141
0.0109178
0.00465125
0.00422295
0.00433924
-0.00297203
0.004463
-0.0114796
0.00504415
-0.0157598
0.00579668
-0.0106414
-0.000386612
0.00646899
0.00220402
0.00645042
0.00434566
0.00618021
0.010941
0.00573232
0.0151819
0.00515648
0.0114937
0.00459534
0.00478409
0.0042806
-0.00265729
0.00436498
-0.011564
0.00489397
-0.0162888
0.00562407
-0.0113715
-0.000873583
0.00628946
0.00191918
0.00629654
0.00433859
0.00605004
0.0111875
0.0056314
0.0156006
0.00508227
0.0120428
0.00454204
0.00532432
0.00422803
-0.00234328
0.00427748
-0.0116135
0.00475541
-0.0167667
0.00545968
-0.0120758
-0.00136579
0.00611093
0.00159249
0.00614333
0.00430618
0.00592076
0.01141
0.00553066
0.0159907
0.00500827
0.0125652
0.00449012
0.00584246
0.00417968
-0.00203284
0.00419868
-0.0116325
0.00462733
-0.0171953
0.0053031
-0.0127516
-0.00185991
0.00593423
0.0012283
0.00599119
0.00424923
0.00579247
0.0116087
0.00543006
0.0163531
0.00493414
0.0130611
0.00443866
0.00633795
0.00413407
-0.00172825
0.00412696
-0.0116254
0.00450868
-0.0175771
0.0051539
-0.0133968
-0.00235296
0.00576012
0.000831286
0.00584048
0.00416887
0.00566527
0.011784
0.00532958
0.0166888
0.00485964
0.0135311
0.00438692
0.00681067
0.00408998
-0.0014313
0.0040609
-0.0115963
0.00439844
-0.0179146
0.0050117
-0.0140101
-0.00284231
0.00558925
0.000406323
0.00569154
0.00406658
0.00553926
0.0119362
0.00522928
0.0169987
0.00478462
0.0139757
0.0043344
0.00726089
0.00404645
-0.00114336
0.0039993
-0.0115491
0.00429568
-0.018211
0.00487608
-0.0145905
-0.00332561
0.00542218
-4.16651e-05
0.00554469
0.00394408
0.00541457
0.0120663
0.0051292
0.0172841
0.00470901
0.0143959
0.00428074
0.00768916
0.00400275
-0.000865367
0.00394108
-0.0114875
0.00419951
-0.0184694
0.00474664
-0.0151376
-0.00380084
0.00525938
-0.000507815
0.0054002
0.00380326
0.00529132
0.0121752
0.00502943
0.017546
0.00463278
0.0147926
0.0042257
0.00809624
0.00395829
-0.000597955
0.00388535
-0.0114145
0.00410913
-0.0186932
0.00462301
-0.0156515
-0.00426626
0.00510119
-0.000987425
0.00525831
0.00364613
0.0051696
0.0122639
0.00493006
0.0177855
0.00455598
0.0151666
0.00416918
0.00848305
0.00391267
-0.000341452
0.00383135
-0.0113332
0.0040238
-0.0188856
0.0045048
-0.0161325
-0.00472039
0.00494786
-0.00147604
0.00511923
0.00347477
0.00504953
0.0123336
0.00483119
0.0180039
0.00447867
0.0155192
0.00411113
0.00885058
0.00386563
-9.59512e-05
0.00377848
-0.0112461
0.00394285
-0.01905
0.00439166
-0.0165813
-0.00516198
0.00479957
-0.00196951
0.0049831
0.00329124
0.00493121
0.0123855
0.00473292
0.0182022
0.00440093
0.0158512
0.00405161
0.0091999
0.00381701
0.000138646
0.00372625
-0.0111553
0.00386569
-0.0191895
0.00428326
-0.0169988
-0.00559003
0.00465639
-0.00246405
0.00485005
0.00309759
0.00481473
0.0124208
0.00463536
0.0183816
0.00432287
0.0161636
0.00399069
0.00953208
0.00376675
0.000362586
0.00367427
-0.0110628
0.00379179
-0.019307
0.00417926
-0.0173863
-0.00600375
0.00451835
-0.00295627
0.00472017
0.00289576
0.00470015
0.0124409
0.0045386
0.0185431
0.0042446
0.0164576
0.00392851
0.00984816
0.00371488
0.00057622
0.00362226
-0.0109702
0.0037207
-0.0194054
0.00407936
-0.017745
-0.00640253
0.00438539
-0.00344315
0.00459353
0.00268762
0.00458756
0.0124468
0.00444275
0.0186879
0.00416626
0.0167341
0.00386523
0.0101492
0.00366148
0.000779971
0.00357004
-0.0108788
0.00365201
-0.0194874
0.00398329
-0.0180762
-0.00678594
0.00425743
-0.00392212
0.00447015
0.0024749
0.004477
0.01244
0.00434789
0.018817
0.00408795
0.0169941
0.00380102
0.0104361
0.00360669
0.0009743
0.00351749
-0.0107895
0.00358539
-0.0195553
0.00389078
-0.0183816
-0.00715369
0.00413435
-0.00439096
0.00435005
0.0022592
0.00436852
0.0124215
0.0042541
0.0189314
0.00400979
0.0172384
0.00373607
0.0107098
0.00355068
0.00115968
0.00346453
-0.0107034
0.00352055
-0.0196113
0.00380159
-0.0186627
-0.00750565
0.00401599
-0.00484788
0.00423321
0.00204198
0.00426216
0.0123926
0.00416146
0.0190321
0.00393189
0.017468
0.00367054
0.0109712
0.00349364
0.00133658
0.00341117
-0.0106209
0.00345724
-0.0196574
0.00371549
-0.0189209
-0.0078418
0.00390217
-0.0052914
0.00411961
0.00182454
0.00415794
0.0123542
0.00407004
0.01912
0.00385437
0.0176836
0.00360463
0.0112209
0.00343577
0.00150544
0.00335741
-0.0105425
0.00339527
-0.0196952
0.00363227
-0.0191579
-0.00816222
0.00379271
-0.00572042
0.0040092
0.00160806
0.00405589
0.0123075
0.00397989
0.0191961
0.00377731
0.0178862
0.0035385
0.0114597
0.00337727
0.00166666
0.00330331
-0.0104686
0.00333447
-0.0197264
0.00355175
-0.0193752
-0.00846711
0.00368742
-0.00613411
0.00390194
0.00139353
0.00395602
0.0122534
0.00389107
0.019261
0.00370081
0.0180765
0.0034723
0.0116882
0.00331834
0.00182063
0.00324893
-0.0103992
0.00327469
-0.0197522
0.00347375
-0.0195743
-0.0087567
0.00358608
-0.00653193
0.00379776
0.00118185
0.00385832
0.0121929
0.00380362
0.0193157
0.00362494
0.0182552
0.00340618
0.011907
0.00325915
0.00196766
0.00319437
-0.0103344
0.00321584
-0.0197736
0.0033981
-0.0197565
-0.00903134
0.00348851
-0.00691357
0.0036966
0.000973756
0.0037628
0.0121267
0.00371759
0.0193609
0.00354979
0.0184229
0.00334027
0.0121165
0.00319987
0.00210805
0.00313969
-0.0102742
0.00315783
-0.0197918
0.00332467
-0.0199234
-0.00929141
0.0033945
-0.00727895
0.00359838
0.000769872
0.00366945
0.0120556
0.00363299
0.0193974
0.00347542
0.0185805
0.00327468
0.0123173
0.00314066
0.00224207
0.00308501
-0.0102186
0.00310059
-0.0198074
0.0032533
-0.0200761
-0.00953735
0.00330386
-0.00762815
0.00350302
0.000570704
0.00357825
0.0119804
0.00354987
0.0194258
0.00340189
0.0187285
0.00320952
0.0125096
0.00308165
0.00236993
0.0030304
-0.0101673
0.00304407
-0.019821
0.00318387
-0.0202159
-0.00976964
0.0032164
-0.00796139
0.00341045
0.000376654
0.00348919
0.0119017
0.00346824
0.0194467
0.00332925
0.0188675
0.00314487
0.012694
0.00302296
0.00249185
0.00297596
-0.0101203
0.00298824
-0.0198333
0.00311627
-0.0203439
-0.0099888
0.00313197
-0.00827901
0.00332059
0.000188034
0.00340224
0.01182
0.0033881
0.0194608
0.00325755
0.0189981
0.00308083
0.0128707
0.00296468
0.002608
0.00292177
-0.0100774
0.00293307
-0.0198446
0.00305037
-0.0204612
-0.0101954
0.0030504
-0.00858143
0.00323336
5.07092e-06
0.00331739
0.011736
0.00330949
0.0194687
0.00318683
0.0191207
0.00301746
0.0130401
0.00290691
0.00271855
0.00286789
-0.0100384
0.00287852
-0.0198552
0.00298609
-0.0205688
-0.01039
0.00297153
-0.0088691
0.00314869
-0.000172083
0.00323459
0.0116501
0.0032324
0.0194709
0.00311713
0.019236
0.00295481
0.0132024
0.00284972
0.00282364
0.00281441
-0.0100031
0.00282459
-0.0198654
0.00292334
-0.0206675
-0.0105731
0.00289525
-0.00914254
0.0030665
-0.00034334
0.00315383
0.0115627
0.00315683
0.0194679
0.00304847
0.0193443
0.00289294
0.013358
0.00279317
0.00292341
0.00276137
-0.0099713
0.00277127
-0.0198753
0.00286204
-0.0207583
-0.0107455
0.00282142
-0.00940223
0.00298676
-0.00050868
0.00307508
0.0114744
0.00308278
0.0194603
0.00298087
0.0194462
0.00283188
0.013507
0.00273732
0.00301796
0.00270882
-0.0099428
0.00271857
-0.0198851
0.00280213
-0.0208418
-0.0109076
0.00274993
-0.00964867
0.0029094
-0.000668143
0.00299831
0.0113855
0.00301025
0.0194483
0.00291436
0.0195421
0.00277165
0.0136497
0.00268221
0.0031074
0.00265682
-0.00991741
0.00266648
-0.0198947
0.00274354
-0.0209189
-0.01106
0.00268071
-0.00988235
0.00283441
-0.000821846
0.00292351
0.0112964
0.00293925
0.0194326
0.00284892
0.0196325
0.00271226
0.0137863
0.00262787
0.0031918
0.00260541
-0.00989495
0.00261502
-0.0199043
0.00268622
-0.0209901
-0.0112034
0.00261365
-0.0101037
0.0027618
-0.000969997
0.00285068
0.0112075
0.00286974
0.0194135
0.00278453
0.0197177
0.00265369
0.0139172
0.00257429
0.0032712
0.00255462
-0.00987528
0.00256422
-0.0199139
0.00263011
-0.021056
-0.0113383
0.00254874
-0.0103134
0.0026916
-0.00111286
0.00277989
0.0111192
0.00280172
0.0193917
0.00272109
0.0197983
0.00259587
0.0140424
0.00252152
0.00334555
0.00250447
-0.00985823
0.00251405
-0.0199235
0.00257515
-0.0211171
-0.0114653
0.0024859
-0.0105119
0.00262393
-0.00125089
0.00271149
0.0110317
0.00273521
0.019368
0.00265838
0.0198751
0.00253862
0.0141621
0.00246954
0.00341462
0.00245506
-0.00984374
0.00246456
-0.019933
0.00252124
-0.0211738
-0.011585
0.00161616
-0.0104619
0.0014789
-0.00111362
0.00134156
0.011169
0.00129378
0.0194157
0.00131697
0.0198519
0.00140471
0.0140744
0.00156981
0.00324952
0.00174243
-0.0100164
0.00182429
-0.0200149
0.00179274
-0.0211422
-0.0114904
0.00162986
-0.0104123
0.0014961
-0.000979855
0.00136383
0.0113013
0.00131837
0.0194612
0.00134034
0.01983
0.00142609
0.0139886
0.00158886
0.00308675
0.00175789
-0.0101854
0.0018369
-0.0200939
0.00180472
-0.02111
-0.0113975
0.00164275
-0.0103628
0.00151213
-0.00084923
0.00138523
0.0114282
0.00134264
0.0195038
0.00136383
0.0198088
0.00144788
0.0139046
0.00160819
0.00292645
0.00177324
-0.0103505
0.00184915
-0.0201698
0.00181626
-0.0210771
-0.0113061
0.00165565
-0.0103133
0.001528
-0.000721581
0.00140636
0.0115498
0.00136665
0.0195435
0.00138712
0.0197883
0.00146946
0.0138222
0.00162715
0.00276876
0.00178812
-0.0105114
0.001861
-0.0202427
0.00182756
-0.0210437
-0.0112164
0.00166855
-0.010264
0.00154386
-0.000596892
0.00142738
0.0116663
0.00139039
0.0195805
0.00141005
0.0197686
0.00149067
0.0137416
0.00164565
0.00261378
0.0018025
-0.0106683
0.00187244
-0.0203126
0.00183863
-0.0210099
-0.0111284
0.00168132
-0.010215
0.00155961
-0.000475182
0.00144824
0.0117776
0.00141384
0.0196149
0.00143265
0.0197498
0.00151152
0.0136628
0.00166372
0.00246158
0.00181641
-0.010821
0.00188349
-0.0203797
0.00184944
-0.0209759
-0.0110422
0.00169389
-0.0101663
0.00157519
-0.000356482
0.00146888
0.0118839
0.00143698
0.0196468
0.00145491
0.0197319
0.00153205
0.0135856
0.00168137
0.00231226
0.00182987
-0.0109695
0.00189413
-0.020444
0.00185996
-0.0209417
-0.0109579
0.00170622
-0.0101181
0.00159058
-0.000240835
0.00148929
0.0119852
0.00145979
0.0196763
0.00147685
0.0197149
0.00155223
0.0135102
0.00169858
0.00216592
0.00184287
-0.0111138
0.00190438
-0.0205055
0.00187019
-0.0209075
-0.0108757
0.00171831
-0.0100704
0.00160576
-0.00012829
0.00150946
0.0120815
0.00148227
0.0197035
0.00149843
0.0196987
0.00157206
0.0134366
0.00171534
0.00202263
0.00185541
-0.0112538
0.00191421
-0.0205643
0.00188011
-0.0208734
-0.0107955
0.00173011
-0.0100232
0.00162073
-1.89063e-05
0.00152936
0.0121729
0.0015044
0.0197285
0.00151966
0.0196834
0.00159151
0.0133647
0.00173165
0.00188249
0.00186747
-0.0113896
0.00192364
-0.0206204
0.00188971
-0.0208395
-0.0107176
0.00174162
-0.00997664
0.00163546
8.72504e-05
0.00154899
0.0122593
0.00152617
0.0197513
0.00154052
0.0196691
0.00161058
0.0132947
0.00174749
0.00174558
0.00187906
-0.0115212
0.00193264
-0.020674
0.00189899
-0.0208058
-0.0106419
0.00175281
-0.00993078
0.00164994
0.000190119
0.00156833
0.012341
0.00154756
0.0197721
0.001561
0.0196556
0.00162925
0.0132264
0.00176285
0.00161198
0.00189016
-0.0116485
0.00194122
-0.0207251
0.00190794
-0.0207725
-0.0105685
0.00176367
-0.00988567
0.00166414
0.000289641
0.00158736
0.0124177
0.00156856
0.0197909
0.0015811
0.0196431
0.00164751
0.01316
0.00177773
0.00148176
0.00190078
-0.0117716
0.00194938
-0.0207737
0.00191654
-0.0207397
-0.0104976
0.00177419
-0.00984136
0.00167807
0.000385761
0.00160606
0.0124898
0.00158917
0.0198078
0.00160081
0.0196315
0.00166534
0.0130955
0.00179211
0.00135499
0.00191091
-0.0118904
0.00195709
-0.0208199
0.00192479
-0.0207074
-0.0104291
0.00178436
-0.00979791
0.0016917
0.000478424
0.00162441
0.012557
0.00160937
0.0198228
0.00162012
0.0196207
0.00168274
0.0130329
0.00180599
0.00123174
0.00192055
-0.0120049
0.00196437
-0.0208637
0.00193268
-0.0206757
0.00179417
-0.00975538
0.00170502
0.00056758
0.00164241
0.0126196
0.00162915
0.0198361
0.00163902
0.0196108
0.00169968
0.0129722
0.00181935
0.00111207
0.00192968
-0.0121153
0.00197121
-0.0209052
-0.0206447
0.00180361
-0.00971383
0.00171801
0.000653182
0.00166002
0.0126776
0.0016485
0.0198476
0.0016575
0.0196018
0.00171615
0.0129136
0.00183219
0.000996029
0.00193832
-0.0122214
0.00197759
-0.0209445
-0.0206145
0.00181268
-0.0096733
0.00173067
0.000735187
0.00167725
0.0127311
0.00166741
0.0198574
0.00167554
0.0195937
0.00173215
0.012857
0.0018445
0.000883676
0.00194644
-0.0123233
0.00198351
-0.0209816
-0.0205851
0.00182135
-0.00963388
0.00174298
0.000813557
0.00169406
0.01278
0.00168586
0.0198656
0.00169316
0.0195864
0.00174765
0.0128025
0.00185627
0.000775054
0.00195405
-0.0124211
0.00198898
-0.0210165
-0.0205566
0.00182963
-0.0095956
0.00175493
0.000888256
0.00171045
0.0128245
0.00170386
0.0198722
0.00171032
0.0195799
0.00176264
0.0127502
0.00186749
0.000670205
0.00196114
-0.0125148
0.00199398
-0.0210493
-0.0205291
0.00183751
-0.00955855
0.00176651
0.000959254
0.0017264
0.0128646
0.00172139
0.0198772
0.00172703
0.0195743
0.00177711
0.0127001
0.00187815
0.000569164
0.00196772
-0.0126043
0.0019985
-0.0210801
-0.0205026
0.00184497
-0.00952277
0.0017777
0.00102653
0.0017419
0.0129004
0.00173845
0.0198807
0.00174328
0.0195695
0.00179106
0.0126523
0.00188826
0.000471965
0.00197377
-0.0126898
0.00200256
-0.0211089
-0.0204772
0.00185202
-0.00948834
0.00178849
0.00109006
0.00175692
0.0129319
0.00175501
0.0198826
0.00175905
0.0195654
0.00180446
0.0126069
0.00189779
0.000378633
0.00197929
-0.0127713
0.00200613
-0.0211357
-0.020453
0.00185864
-0.00945533
0.00179887
0.00114982
0.00177147
0.0129593
0.00177108
0.019883
0.00177433
0.0195622
0.00181731
0.0125639
0.00190675
0.000289196
0.00198428
-0.0128489
0.00200921
-0.0211607
-0.0204299
0.00186482
-0.0094238
0.00180882
0.00120582
0.00178552
0.0129826
0.00178664
0.0198819
0.00178912
0.0195597
0.0018296
0.0125234
0.00191512
0.000203669
0.00198875
-0.0129225
0.0020118
-0.0211837
-0.0204081
0.00187055
-0.00939382
0.00181833
0.00125804
0.00179906
0.0130019
0.0018017
0.0198792
0.00180341
0.019558
0.00184131
0.0124855
0.00192291
0.000122069
0.00199267
-0.0129922
0.0020139
-0.021205
-0.0203876
0.00187584
-0.00936547
0.00182739
0.00130648
0.00181209
0.0130172
0.00181623
0.0198751
0.00181718
0.019557
0.00185245
0.0124503
0.00193011
4.44112e-05
0.00199606
-0.0130582
0.00201551
-0.0212244
-0.0203684
0.00188066
-0.00933882
0.00183598
0.00135116
0.00182458
0.0130286
0.00183024
0.0198694
0.00183042
0.0195569
0.001863
0.0124177
0.00193671
-2.92992e-05
0.00199891
-0.0131204
0.00201661
-0.0212421
-0.0203505
0.001885
-0.00931394
0.0018441
0.00139206
0.00183654
0.0130362
0.00184372
0.0198622
0.00184314
0.0195574
0.00187295
0.0123879
0.00194271
-9.90562e-05
0.00200121
-0.0131789
0.0020172
-0.0212581
-0.020334
0.00188887
-0.00929092
0.00185172
0.00142922
0.00184795
0.0130399
0.00185667
0.0198535
0.00185532
0.0195588
0.0018823
0.0123609
0.0019481
-0.000164857
0.00200298
-0.0132338
0.00201729
-0.0212724
-0.0203189
0.00189225
-0.00926981
0.00185883
0.00146263
0.00185879
0.01304
0.00186906
0.0198433
0.00186695
0.0195609
0.00189105
0.0123368
0.00195289
-0.000226699
0.00200419
-0.0132851
0.00201686
-0.0212851
-0.0203052
0.00189512
-0.0092507
0.00186543
0.00149233
0.00186907
0.0130363
0.00188092
0.0198314
0.00187803
0.0195638
0.00189918
0.0123157
0.00195707
-0.000284583
0.00200486
-0.0133329
0.00201593
-0.0212961
-0.020293
0.00189748
-0.00923366
0.00187149
0.00151832
0.00187878
0.013029
0.00189221
0.019818
0.00188856
0.0195674
0.00190671
0.0122975
0.00196064
-0.000338511
0.00200499
-0.0133772
0.00201447
-0.0213056
-0.0202821
0.00189932
-0.00921877
0.00187702
0.00154062
0.0018879
0.0130182
0.00190295
0.0198029
0.00189852
0.0195719
0.00191362
0.0122824
0.00196359
-0.000388487
0.00200456
-0.0134182
0.0020125
-0.0213136
-0.0202727
0.00190063
-0.00920609
0.00188199
0.00155925
0.00189644
0.0130037
0.00191313
0.0197862
0.00190791
0.0195771
0.00191991
0.0122704
0.00196594
-0.000434513
0.00200359
-0.0134559
0.00201001
-0.02132
-0.0202646
0.00190139
-0.0091957
0.0018864
0.00157424
0.00190438
0.0129857
0.00192273
0.0197679
0.00191673
0.0195831
0.00192559
0.0122616
0.00196767
-0.000476594
0.00200207
-0.0134902
0.00200701
-0.0213249
-0.020258
0.00190161
-0.00918766
0.00189025
0.0015856
0.00191172
0.0129643
0.00193177
0.0197478
0.00192498
0.0195899
0.00193066
0.0122559
0.0019688
-0.000514734
0.00199999
-0.0135214
0.00200348
-0.0213284
-0.0202527
0.00190126
-0.00918206
0.00189351
0.00159335
0.00191846
0.0129393
0.00194023
0.0197261
0.00193265
0.0195975
0.00193511
0.0122534
0.00196931
-0.000548936
0.00199737
0.00199943
0.00190034
0.00189619
0.00192459
0.00194811
0.00193975
0.00193896
)
;

boundaryField
{
    inlet
    {
        type            calculated;
        value           nonuniform 0();
    }
    outlet
    {
        type            calculated;
        value           nonuniform 0();
    }
    cylinder
    {
        type            calculated;
        value           nonuniform 0();
    }
    top
    {
        type            symmetryPlane;
        value           nonuniform 0();
    }
    bottom
    {
        type            symmetryPlane;
        value           uniform 0;
    }
    defaultFaces
    {
        type            empty;
        value           nonuniform 0();
    }
    procBoundary13to12
    {
        type            processor;
        value           nonuniform List<scalar> 
99
(
-0.0110962
-0.0108479
-0.0106125
-0.0103898
-0.0101789
-0.00997934
-0.00979031
-0.0096111
-0.00944079
-0.00927819
-0.00912184
-0.00896989
-0.00881995
-0.00866906
-0.00851385
-0.00835093
-0.00817758
-0.00799233
-0.00779511
-0.0075871
-0.00737021
-0.00714671
-0.00691882
-0.00668874
-0.00645847
-0.00622986
-0.00600462
-0.00578424
-0.00557004
-0.00536311
-0.00516429
-0.00497419
-0.00479323
-0.00462158
-0.00445925
-0.0043061
-0.00416185
-0.00402613
-0.0038985
-0.00377847
-0.0036655
-0.00355907
-0.00345864
-0.0033637
-0.00327373
-0.00318826
-0.00310686
-0.00302911
-0.00295466
-0.00288316
-0.00281435
-0.00274798
-0.00268385
-0.00262181
-0.00256173
-0.00250349
-0.00244703
-0.00239225
-0.0023391
-0.00228739
-0.00166618
-0.00167943
-0.00169229
-0.00170511
-0.00171783
-0.00173033
-0.00174255
-0.00175446
-0.00176605
-0.00177729
-0.00178816
-0.00179866
-0.00180878
-0.0018185
-0.00182781
-0.0018367
-0.00184517
-0.0018532
-0.00186078
-0.00186791
-0.00187457
-0.00188075
-0.00188645
-0.00189165
-0.00189635
-0.00190053
-0.00190419
-0.00190731
-0.00190988
-0.0019119
-0.00191335
-0.00191423
-0.00191452
-0.00191422
-0.00191331
-0.00191178
-0.00190964
-0.00190686
-0.00190344
)
;
    }
    procBoundary13to14
    {
        type            processor;
        value           nonuniform List<scalar> 
99
(
0.0110108
0.0107649
0.0105328
0.0103127
0.0101024
0.00989957
0.00970193
0.00950726
0.00931367
0.00911972
0.00892458
0.00872792
0.00852989
0.00833098
0.00813185
0.00793329
0.00773608
0.00754096
0.00734857
0.00715946
0.00697406
0.00679269
0.00661559
0.00644291
0.00627471
0.00611104
0.00595189
0.00579721
0.00564696
0.00550104
0.00535938
0.00522188
0.00508843
0.00495892
0.00483325
0.00471131
0.00459298
0.00447814
0.0043667
0.00425854
0.00415355
0.00405164
0.0039527
0.00385663
0.00376335
0.00367274
0.00358474
0.00349924
0.00341616
0.00333543
0.00325695
0.00318067
0.0031065
0.00303437
0.00296423
0.002896
0.00282961
0.002765
0.00270214
0.00264096
0.00169817
0.0017118
0.00172488
0.0017378
0.00175061
0.00176326
0.00177571
0.00178795
0.00179997
0.00181176
0.00182329
0.00183457
0.00184557
0.00185629
0.00186672
-0.0103631
0.00194021
0.00194735
0.00195412
0.00196049
0.00196646
0.00197202
0.00197717
0.00198188
0.00198616
0.00199
0.00199338
0.0019963
0.00199875
0.00200071
0.00200219
0.00200318
0.00200365
0.00200362
0.00200306
0.00200198
0.00200036
0.0019982
0.00199551
)
;
    }
    procBoundary13to29
    {
        type            processor;
        value           nonuniform List<scalar> 
11
(
-0.0135495
-0.0213305
-0.0202488
-0.00917897
0.0015975
0.0129109
0.0197026
0.0196058
0.0122542
0.00196923
-0.000579205
)
;
    }
}


// ************************************************************************* //
