/*--------------------------------*- C++ -*----------------------------------*\
  =========                 |
  \\      /  F ield         | OpenFOAM: The Open Source CFD Toolbox
   \\    /   O peration     | Website:  https://openfoam.org
    \\  /    A nd           | Version:  7
     \\/     M anipulation  |
\*---------------------------------------------------------------------------*/
FoamFile
{
    version     2.0;
    format      ascii;
    class       volVectorField;
    location    "77";
    object      U;
}
// * * * * * * * * * * * * * * * * * * * * * * * * * * * * * * * * * * * * * //

dimensions      [0 1 -1 0 0 0 0];

internalField   nonuniform List<vector> 
1063
(
(0.999988 0.0010772 0)
(0.99937 0.00332573 0)
(0.998183 0.00575024 0)
(0.996507 0.00840735 0)
(0.994376 0.0113671 0)
(0.991822 0.0146726 0)
(0.988874 0.0183681 0)
(0.985546 0.0224948 0)
(0.981866 0.027096 0)
(0.977845 0.0322209 0)
(0.999989 0.00111727 0)
(0.999383 0.00344369 0)
(0.998219 0.00594324 0)
(0.996576 0.00867479 0)
(0.994489 0.0117091 0)
(0.99199 0.0150904 0)
(0.98911 0.0188635 0)
(0.985866 0.0230698 0)
(0.982287 0.0277524 0)
(0.978386 0.0329598 0)
(0.999989 0.00115769 0)
(0.999397 0.0035636 0)
(0.998259 0.00614086 0)
(0.996653 0.00895082 0)
(0.994615 0.0120646 0)
(0.992178 0.0155278 0)
(0.989374 0.0193854 0)
(0.986222 0.0236791 0)
(0.982752 0.0284517 0)
(0.978982 0.0337508 0)
(0.999989 0.00119836 0)
(0.999412 0.00368439 0)
(0.998302 0.00633987 0)
(0.996736 0.00922856 0)
(0.994752 0.012422 0)
(0.992383 0.0159669 0)
(0.989661 0.0199086 0)
(0.986608 0.0242891 0)
(0.983257 0.0291507 0)
(0.979627 0.0345401 0)
(0.99999 0.00123895 0)
(0.999428 0.00380488 0)
(0.998348 0.00653812 0)
(0.996826 0.00950473 0)
(0.994899 0.0127766 0)
(0.992601 0.0164015 0)
(0.989968 0.020425 0)
(0.987021 0.0248891 0)
(0.983797 0.0298357 0)
(0.980315 0.0353103 0)
(0.99999 0.00127931 0)
(0.999444 0.0039247 0)
(0.998396 0.00673508 0)
(0.996919 0.00977873 0)
(0.995054 0.0131278 0)
(0.992833 0.016831 0)
(0.990293 0.0209341 0)
(0.987458 0.0254788 0)
(0.984367 0.0305065 0)
(0.981041 0.0360612 0)
(0.99999 0.0013194 0)
(0.999461 0.00404367 0)
(0.998446 0.00693045 0)
(0.997017 0.0100502 0)
(0.995216 0.0134752 0)
(0.993075 0.0172549 0)
(0.990633 0.0214352 0)
(0.987916 0.0260575 0)
(0.984963 0.0311624 0)
(0.9818 0.0367923 0)
(0.99999 0.00135913 0)
(0.999479 0.00416155 0)
(0.998498 0.00712382 0)
(0.997119 0.0103184 0)
(0.995384 0.0138178 0)
(0.993327 0.017672 0)
(0.990988 0.021927 0)
(0.988393 0.0266234 0)
(0.985584 0.0318011 0)
(0.98259 0.0375008 0)
(0.999991 0.00139843 0)
(0.999497 0.00427807 0)
(0.998552 0.0073147 0)
(0.997225 0.0105828 0)
(0.995559 0.0141547 0)
(0.993589 0.0180811 0)
(0.991356 0.0224076 0)
(0.988887 0.0271744 0)
(0.986228 0.0324203 0)
(0.983406 0.0381838 0)
(0.999991 0.0014372 0)
(0.999516 0.00439294 0)
(0.998608 0.00750259 0)
(0.997335 0.0108425 0)
(0.995741 0.0144849 0)
(0.99386 0.0184808 0)
(0.991737 0.0228756 0)
(0.989398 0.0277086 0)
(0.986892 0.0330173 0)
(0.984249 0.0388384 0)
(0.999991 0.00147533 0)
(0.999535 0.00450585 0)
(0.998666 0.00768697 0)
(0.997448 0.0110967 0)
(0.995928 0.0148073 0)
(0.99414 0.0188698 0)
(0.992129 0.0233292 0)
(0.989925 0.0282239 0)
(0.987575 0.03359 0)
(0.985114 0.0394619 0)
(0.999992 0.00151272 0)
(0.999556 0.00461647 0)
(0.998726 0.00786731 0)
(0.997566 0.0113449 0)
(0.996121 0.0151209 0)
(0.994429 0.0192468 0)
(0.992533 0.0237669 0)
(0.990466 0.0287185 0)
(0.988277 0.0341361 0)
(0.986001 0.0400517 0)
(0.999992 0.00154926 0)
(0.999577 0.00472448 0)
(0.998787 0.00804303 0)
(0.997686 0.011586 0)
(0.99632 0.0154247 0)
(0.994726 0.0196105 0)
(0.992948 0.0241871 0)
(0.991021 0.0291902 0)
(0.988995 0.0346531 0)
(0.986907 0.0406051 0)
(0.999992 0.00158483 0)
(0.999598 0.00482951 0)
(0.998851 0.00821354 0)
(0.997811 0.0118193 0)
(0.996525 0.0157176 0)
(0.995031 0.0199595 0)
(0.993374 0.0245879 0)
(0.99159 0.0296373 0)
(0.989729 0.0351388 0)
(0.987831 0.0411194 0)
(0.999993 0.00161932 0)
(0.99962 0.00493119 0)
(0.998916 0.00837824 0)
(0.997939 0.0120439 0)
(0.996735 0.0159983 0)
(0.995343 0.0202923 0)
(0.993809 0.0249677 0)
(0.99217 0.0300575 0)
(0.990478 0.0355908 0)
(0.988772 0.041592 0)
(0.999993 0.00165258 0)
(0.999643 0.00502915 0)
(0.998983 0.00853647 0)
(0.99807 0.0122589 0)
(0.99695 0.0162658 0)
(0.995663 0.0206076 0)
(0.994254 0.0253247 0)
(0.992763 0.0304488 0)
(0.99124 0.0360068 0)
(0.989727 0.0420203 0)
(0.999993 0.0016845 0)
(0.999667 0.00512299 0)
(0.999052 0.00868759 0)
(0.998204 0.0124633 0)
(0.99717 0.0165188 0)
(0.995989 0.0209037 0)
(0.994708 0.0256572 0)
(0.993365 0.0308093 0)
(0.992013 0.0363845 0)
(0.990695 0.0424019 0)
(0.999994 0.00171494 0)
(0.999691 0.00521229 0)
(0.999122 0.00883092 0)
(0.998341 0.0126563 0)
(0.997395 0.0167561 0)
(0.996322 0.0211792 0)
(0.995169 0.0259633 0)
(0.993977 0.0311368 0)
(0.992797 0.0367216 0)
(0.991673 0.0427341 0)
(0.999994 0.00174375 0)
(0.999715 0.00529665 0)
(0.999194 0.00896575 0)
(0.998481 0.0128368 0)
(0.997623 0.0169765 0)
(0.99666 0.0214326 0)
(0.995638 0.0262414 0)
(0.994597 0.0314293 0)
(0.99359 0.0370159 0)
(0.992659 0.0430146 0)
(0.999995 0.0017708 0)
(0.99974 0.00537562 0)
(0.999267 0.00909138 0)
(0.998623 0.0130039 0)
(0.997856 0.0171786 0)
(0.997004 0.0216623 0)
(0.996113 0.0264896 0)
(0.995224 0.0316849 0)
(0.994389 0.0372652 0)
(0.993652 0.0432412 0)
(0.999995 0.00179593 0)
(0.999766 0.00544877 0)
(0.999341 0.00920709 0)
(0.998768 0.0131566 0)
(0.998092 0.0173613 0)
(0.997351 0.0218669 0)
(0.996593 0.026706 0)
(0.995857 0.0319014 0)
(0.995194 0.0374673 0)
(0.994648 0.0434116 0)
(0.999995 0.00181901 0)
(0.999792 0.00551565 0)
(0.999416 0.00931214 0)
(0.998915 0.0132938 0)
(0.998331 0.0175232 0)
(0.997703 0.0220447 0)
(0.997077 0.0268891 0)
(0.996493 0.0320771 0)
(0.996001 0.0376201 0)
(0.995646 0.0435237 0)
(0.999996 0.00183987 0)
(0.999818 0.00557581 0)
(0.999493 0.0094058 0)
(0.999063 0.0134146 0)
(0.998572 0.0176631 0)
(0.998057 0.0221943 0)
(0.997564 0.027037 0)
(0.997133 0.03221 0)
(0.996811 0.0377219 0)
(0.996643 0.0435756 0)
(0.999996 0.00185837 0)
(0.999845 0.00562879 0)
(0.99957 0.00948732 0)
(0.999213 0.0135178 0)
(0.998815 0.0177796 0)
(0.998414 0.0223141 0)
(0.998053 0.0271481 0)
(0.997773 0.0322983 0)
(0.997619 0.0377706 0)
(0.997636 0.0435654 0)
(0.999997 0.00187435 0)
(0.999871 0.00567415 0)
(0.999648 0.00955597 0)
(0.999364 0.0136026 0)
(0.999059 0.0178716 0)
(0.998772 0.0224028 0)
(0.998543 0.0272208 0)
(0.998412 0.0323403 0)
(0.998425 0.0377646 0)
(0.998622 0.0434915 0)
(0.999997 0.00188766 0)
(0.999899 0.00571142 0)
(0.999726 0.009611 0)
(0.999515 0.0136679 0)
(0.999304 0.0179378 0)
(0.99913 0.0224588 0)
(0.999032 0.0272535 0)
(0.99905 0.0323344 0)
(0.999225 0.0377022 0)
(0.999599 0.0433526 0)
(0.999998 0.00189815 0)
(0.999926 0.00574016 0)
(0.999804 0.00965169 0)
(0.999667 0.0137127 0)
(0.999549 0.017977 0)
(0.999487 0.0224809 0)
(0.999519 0.0272447 0)
(0.999683 0.0322791 0)
(1.00002 0.0375821 0)
(1.00056 0.0431472 0)
(0.999998 0.00190567 0)
(0.999953 0.00575992 0)
(0.999883 0.00967733 0)
(0.999818 0.0137361 0)
(0.999794 0.0179881 0)
(0.999843 0.0224677 0)
(1 0.0271931 0)
(1.00031 0.0321729 0)
(1.0008 0.0374028 0)
(1.00152 0.0428743 0)
(0.999999 0.00191007 0)
(0.99998 0.00577026 0)
(0.999961 0.00968721 0)
(0.999969 0.0137372 0)
(1.00004 0.0179699 0)
(1.0002 0.022418 0)
(1.00048 0.0270973 0)
(1.00093 0.0320146 0)
(1.00157 0.0371634 0)
(1.00245 0.042533 0)
(0.999999 0.0019112 0)
(1.00001 0.00577077 0)
(1.00004 0.00968066 0)
(1.00012 0.013715 0)
(1.00028 0.0179215 0)
(1.00055 0.0223305 0)
(1.00096 0.0269562 0)
(1.00154 0.0318031 0)
(1.00233 0.0368628 0)
(1.00336 0.0421228 0)
(1 0.00190893 0)
(1.00003 0.00576103 0)
(1.00012 0.00965704 0)
(1.00027 0.0136688 0)
(1.00052 0.0178417 0)
(1.00089 0.0222044 0)
(1.00142 0.0267687 0)
(1.00214 0.0315375 0)
(1.00307 0.0365003 0)
(1.00425 0.041643 0)
(1 0.00190311 0)
(1.00006 0.00574066 0)
(1.00019 0.00961572 0)
(1.00042 0.0135977 0)
(1.00075 0.0177297 0)
(1.00123 0.0220385 0)
(1.00188 0.0265338 0)
(1.00273 0.0312167 0)
(1.0038 0.0360752 0)
(1.00512 0.0410936 0)
(1 0.00189363 0)
(1.00009 0.00570928 0)
(1.00027 0.00955613 0)
(1.00056 0.0135009 0)
(1.00098 0.0175847 0)
(1.00156 0.0218319 0)
(1.00233 0.0262507 0)
(1.0033 0.0308404 0)
(1.0045 0.0355873 0)
(1.00596 0.0404745 0)
(1 0.00188037 0)
(1.00011 0.00566654 0)
(1.00034 0.00947773 0)
(1.0007 0.0133779 0)
(1.00121 0.0174059 0)
(1.00189 0.021584 0)
(1.00276 0.0259188 0)
(1.00385 0.0304078 0)
(1.00518 0.0350362 0)
(1.00677 0.0397858 0)
(1 0.0018632 0)
(1.00014 0.00561213 0)
(1.00042 0.00938001 0)
(1.00084 0.013228 0)
(1.00143 0.0171925 0)
(1.00221 0.0212941 0)
(1.00319 0.0255374 0)
(1.00439 0.0299187 0)
(1.00584 0.0344219 0)
(1.00755 0.0390281 0)
(1 0.00184202 0)
(1.00016 0.00554574 0)
(1.00049 0.00926253 0)
(1.00098 0.0130506 0)
(1.00165 0.0169441 0)
(1.00252 0.0209616 0)
(1.0036 0.0251063 0)
(1.00491 0.029373 0)
(1.00647 0.0337448 0)
(1.0083 0.0382019 0)
(1 0.00181675 0)
(1.00019 0.00546712 0)
(1.00056 0.00912489 0)
(1.00111 0.0128452 0)
(1.00186 0.0166601 0)
(1.00281 0.0205862 0)
(1.00399 0.0246251 0)
(1.00541 0.0287705 0)
(1.00708 0.033005 0)
(1.00901 0.037308 0)
(1 0.00178729 0)
(1.00021 0.00537603 0)
(1.00062 0.00896674 0)
(1.00124 0.0126115 0)
(1.00206 0.0163401 0)
(1.0031 0.0201674 0)
(1.00437 0.0240937 0)
(1.00589 0.0281116 0)
(1.00766 0.0322031 0)
(1.00968 0.0363474 0)
(1 0.00175358 0)
(1.00024 0.00527228 0)
(1.00069 0.0087878 0)
(1.00136 0.0123492 0)
(1.00225 0.0159839 0)
(1.00338 0.0197052 0)
(1.00474 0.0235122 0)
(1.00635 0.0273965 0)
(1.00821 0.0313398 0)
(1.01032 0.0353213 0)
(1 0.00171555 0)
(1.00026 0.00515569 0)
(1.00075 0.00858784 0)
(1.00148 0.0120579 0)
(1.00244 0.0155913 0)
(1.00364 0.0191996 0)
(1.00508 0.0228808 0)
(1.00678 0.0266257 0)
(1.00872 0.030416 0)
(1.01092 0.0342308 0)
(1 0.00167316 0)
(1.00028 0.00502615 0)
(1.00081 0.00836669 0)
(1.00159 0.0117376 0)
(1.00262 0.0151622 0)
(1.00389 0.0186505 0)
(1.00541 0.0221996 0)
(1.00719 0.0257998 0)
(1.00921 0.0294326 0)
(1.01149 0.0330775 0)
(1.00001 0.00162637 0)
(1.0003 0.00488356 0)
(1.00087 0.00812424 0)
(1.0017 0.0113882 0)
(1.00278 0.0146966 0)
(1.00413 0.0180582 0)
(1.00572 0.0214692 0)
(1.00757 0.0249195 0)
(1.00967 0.0283907 0)
(1.01201 0.0318627 0)
(1.00001 0.00157516 0)
(1.00032 0.00472787 0)
(1.00092 0.00786043 0)
(1.0018 0.0110096 0)
(1.00294 0.0141947 0)
(1.00435 0.017423 0)
(1.00601 0.0206901 0)
(1.00793 0.0239856 0)
(1.01009 0.0272915 0)
(1.0125 0.0305882 0)
(1.00001 0.00151951 0)
(1.00034 0.00455905 0)
(1.00097 0.00757528 0)
(1.00189 0.010602 0)
(1.00309 0.0136566 0)
(1.00456 0.0167453 0)
(1.00628 0.019863 0)
(1.00826 0.0229991 0)
(1.01048 0.0261362 0)
(1.01294 0.0292554 0)
(1.00001 0.00145943 0)
(1.00035 0.00437714 0)
(1.00102 0.00726884 0)
(1.00198 0.0101654 0)
(1.00323 0.0130827 0)
(1.00475 0.0160255 0)
(1.00653 0.0189884 0)
(1.00857 0.021961 0)
(1.01085 0.0249263 0)
(1.01335 0.027866 0)
(1.00001 0.00139494 0)
(1.00037 0.00418218 0)
(1.00106 0.00694124 0)
(1.00207 0.00970025 0)
(1.00336 0.0124733 0)
(1.00493 0.0152642 0)
(1.00677 0.0180674 0)
(1.00885 0.0208723 0)
(1.01118 0.0236629 0)
(1.01372 0.0264218 0)
(1.00001 0.00132605 0)
(1.00038 0.00397426 0)
(1.0011 0.00659265 0)
(1.00214 0.00920666 0)
(1.00348 0.0118288 0)
(1.0051 0.014462 0)
(1.00698 0.0171006 0)
(1.00911 0.0197342 0)
(1.01148 0.0223475 0)
(1.01406 0.0249241 0)
(1.00001 0.0012528 0)
(1.0004 0.00375349 0)
(1.00114 0.00622328 0)
(1.00222 0.00868502 0)
(1.00359 0.0111497 0)
(1.00525 0.0136196 0)
(1.00718 0.0160889 0)
(1.00935 0.0185477 0)
(1.01175 0.0209813 0)
(1.01436 0.0233747 0)
(1.00001 0.00117525 0)
(1.00041 0.00352003 0)
(1.00118 0.00583339 0)
(1.00228 0.00813573 0)
(1.00369 0.0104367 0)
(1.00539 0.0127378 0)
(1.00735 0.0150334 0)
(1.00956 0.0173139 0)
(1.01199 0.0195658 0)
(1.01463 0.0217749 0)
(1.00001 0.00109344 0)
(1.00042 0.00327404 0)
(1.00121 0.00542328 0)
(1.00234 0.00755922 0)
(1.00378 0.0096902 0)
(1.00551 0.0118173 0)
(1.00751 0.0139348 0)
(1.00975 0.0160339 0)
(1.01221 0.0181019 0)
(1.01486 0.0201259 0)
(1.00001 0.00100744 0)
(1.00043 0.00301572 0)
(1.00124 0.00499328 0)
(1.00239 0.00695596 0)
(1.00387 0.00891092 0)
(1.00563 0.0108587 0)
(1.00765 0.0127941 0)
(1.00992 0.0147087 0)
(1.0124 0.0165909 0)
(1.01507 0.018429 0)
(1.00001 0.000917328 0)
(1.00044 0.0027453 0)
(1.00126 0.00454376 0)
(1.00244 0.00632645 0)
(1.00394 0.00809947 0)
(1.00573 0.00986304 0)
(1.00778 0.0116122 0)
(1.01006 0.0133392 0)
(1.01256 0.0150337 0)
(1.01524 0.0166851 0)
(1.00001 0.000823186 0)
(1.00045 0.00246302 0)
(1.00129 0.00407511 0)
(1.00248 0.00567124 0)
(1.004 0.00725649 0)
(1.00581 0.00883086 0)
(1.00788 0.0103898 0)
(1.01019 0.0119262 0)
(1.0127 0.0134311 0)
(1.01539 0.0148948 0)
(1.01824 0.0163073 0)
(1.00001 0.000725103 0)
(1.00046 0.00216913 0)
(1.00131 0.00358776 0)
(1.00252 0.00499087 0)
(1.00406 0.00638266 0)
(1.00589 0.00776295 0)
(1.00798 0.00912765 0)
(1.0103 0.0104706 0)
(1.01282 0.0117836 0)
(1.01552 0.0130587 0)
(1.01837 0.014287 0)
(1.00001 0.000623179 0)
(1.00046 0.00186394 0)
(1.00132 0.00308214 0)
(1.00255 0.0042859 0)
(1.0041 0.00547861 0)
(1.00595 0.00665999 0)
(1.00805 0.00782647 0)
(1.01039 0.00897272 0)
(1.01292 0.0100919 0)
(1.01563 0.011177 0)
(1.01847 0.0122206 0)
(1.00001 0.000517518 0)
(1.00047 0.00154774 0)
(1.00134 0.00255875 0)
(1.00258 0.00355695 0)
(1.00414 0.00454501 0)
(1.006 0.00552265 0)
(1.00812 0.00648685 0)
(1.01046 0.00743318 0)
(1.013 0.00835596 0)
(1.01571 0.0092495 0)
(1.01856 0.0101078 0)
(1.00001 0.000408237 0)
(1.00047 0.00122088 0)
(1.00135 0.00201808 0)
(1.0026 0.00280463 0)
(1.00418 0.00358254 0)
(1.00604 0.00435156 0)
(1.00817 0.0051093 0)
(1.01052 0.00585226 0)
(1.01307 0.00657596 0)
(1.01578 0.00727597 0)
(1.01862 0.00794761 0)
(1.00001 0.000295453 0)
(1.00048 0.00088369 0)
(1.00136 0.00146066 0)
(1.00261 0.00202958 0)
(1.0042 0.00259186 0)
(1.00608 0.00314733 0)
(1.00821 0.00369428 0)
(1.01057 0.00423013 0)
(1.01312 0.00475167 0)
(1.01583 0.0052557 0)
(1.01867 0.00573888 0)
(1.00001 0.000179321 0)
(1.00048 0.000536584 0)
(1.00137 0.000887077 0)
(1.00262 0.00123248 0)
(1.00421 0.00157366 0)
(1.0061 0.00191056 0)
(1.00824 0.00224214 0)
(1.0106 0.00256683 0)
(1.01315 0.00288266 0)
(1.01586 0.0031877 0)
(1.0187 0.00347995 0)
(1.00001 6.02198e-05 0)
(1.00048 0.000180303 0)
(1.00137 0.000298157 0)
(1.00263 0.000414253 0)
(1.00422 0.000528885 0)
(1.00611 0.000642056 0)
(1.00825 0.00075342 0)
(1.01061 0.000862441 0)
(1.01316 0.000968455 0)
(1.01588 0.00107081 0)
(1.01871 0.00116885 0)
(0.993705 -0.00138676 1.69991e-23)
(0.990764 -0.00138682 -1.31008e-22)
(0.987306 -0.00130111 -3.60301e-22)
(0.98333 -0.00114561 -5.83508e-22)
(0.97883 -0.000937542 -1.00102e-22)
(0.973788 -0.000691929 3.88509e-22)
(0.968193 -0.000421506 6.29145e-22)
(0.962018 -0.000136129 -8.16561e-23)
(0.999989 -0.000250173 4.01349e-22)
(0.999316 -0.000641533 -8.17861e-22)
(0.997997 -0.00090474 8.9497e-22)
(0.996122 -0.00104265 7.06754e-22)
(0.993701 -0.00106338 6.38711e-22)
(0.990759 -0.000979263 9.79285e-22)
(0.9873 -0.000801827 -1.1363e-22)
(0.983323 -0.000545065 -8.74847e-22)
(0.978821 -0.000224943 1.24494e-21)
(0.973778 0.00014523 -8.85787e-22)
(0.968182 0.000550725 -4.37326e-22)
(0.962008 0.000993361 7.79983e-22)
(0.999989 -0.000216057 -6.54258e-22)
(0.999316 -0.000538723 1.18592e-21)
(0.997996 -0.000731984 1.64059e-22)
(0.99612 -0.000796925 -1.09671e-21)
(0.993698 -0.000739883 -1.59859e-21)
(0.990755 -0.000571571 -2.63659e-21)
(0.987295 -0.000302373 4.9392e-22)
(0.983318 5.56277e-05 9.3505e-22)
(0.978816 0.000487583 1.80332e-21)
(0.973773 0.000981518 1.31845e-21)
(0.968178 0.00152174 -1.59265e-21)
(0.962005 0.00212556 -1.23802e-21)
(0.999989 -0.000181942 9.91227e-22)
(0.999315 -0.000435913 -8.11842e-22)
(0.997995 -0.000559208 3.12882e-21)
(0.996118 -0.000551146 2.87858e-21)
(0.993696 -0.000416294 1.67641e-21)
(0.990752 -0.000163766 3.2516e-21)
(0.987293 0.00019723 1.55473e-21)
(0.983316 0.000656471 -1.58311e-21)
(0.978814 0.00119995 -2.89521e-21)
(0.973771 0.00181454 -3.40035e-22)
(0.968179 0.00249816 2.16739e-21)
(0.962011 0.00325869 7.42664e-22)
(0.999989 -0.000147828 -2.1663e-21)
(0.999315 -0.000333106 -2.62977e-22)
(0.997994 -0.000386419 -5.08299e-22)
(0.996117 -0.000305327 -1.24981e-21)
(0.993694 -9.26271e-05 -1.0651e-21)
(0.990751 0.000244132 1.93667e-21)
(0.987292 0.000696966 -5.3068e-21)
(0.983316 0.0012575 2.14031e-21)
(0.978815 0.00191224 1.33684e-21)
(0.973775 0.00263838 -4.13015e-22)
(0.968187 0.00347711 -3.46474e-21)
(0.962025 0.0043916 5.82416e-22)
(0.999989 -0.000113714 4.22663e-21)
(0.999315 -0.000230305 -1.2644e-21)
(0.997994 -0.000213624 5.65858e-23)
(0.996116 -5.94812e-05 -2.13892e-21)
(0.993694 0.000231095 -2.13837e-21)
(0.99075 0.000652097 -3.96944e-21)
(0.987293 0.0011968 3.93544e-21)
(0.983318 0.00185869 -2.41562e-21)
(0.978818 0.00262414 2.33153e-21)
(0.973783 0.00347296 1.06217e-22)
(0.968203 0.00445474 4.47463e-21)
(0.962046 0.00552475 -5.28398e-21)
(0.999988 -7.95964e-05 -1.61102e-21)
(0.999315 -0.000127514 5.44253e-22)
(0.997994 -4.08329e-05 -3.60281e-21)
(0.996116 0.000186374 6.45259e-22)
(0.993694 0.00055485 3.80557e-21)
(0.990751 0.0010601 4.12047e-21)
(0.987296 0.00169671 3.1568e-21)
(0.983323 0.00245999 -3.33571e-21)
(0.978826 0.00333556 -2.64466e-21)
(0.973796 0.00432007 -1.3007e-21)
(0.968224 0.00543271 -7.04019e-22)
(0.962075 0.00665819 5.49947e-21)
(0.999988 -4.54759e-05 -8.55425e-22)
(0.999314 -2.47359e-05 -4.49994e-21)
(0.997993 0.000131947 3.1601e-21)
(0.996116 0.000432223 6.14718e-21)
(0.993694 0.000878614 -1.32589e-21)
(0.990754 0.0014681 -5.972e-21)
(0.9873 0.00219665 -1.73344e-21)
(0.983331 0.00306123 4.15773e-21)
(0.978837 0.00404675 1.09647e-21)
(0.973814 0.00516085 -4.8654e-22)
(0.968251 0.00641038 -9.41076e-22)
(0.962112 0.00779176 -1.21056e-21)
(0.999988 -1.1351e-05 1.91389e-21)
(0.999314 7.80256e-05 2.75325e-21)
(0.997993 0.000304707 -3.47964e-21)
(0.996116 0.000678051 -9.64234e-21)
(0.993696 0.00120236 7.25515e-21)
(0.990757 0.00187609 4.7023e-21)
(0.987306 0.00269662 -2.03751e-21)
(0.98334 0.00366228 3.90149e-21)
(0.978852 0.0047558 -5.10324e-22)
(0.973837 0.00600003 -3.1143e-21)
(0.968284 0.00738812 9.16303e-21)
(0.962156 0.00892535 -2.66534e-21)
(0.999988 2.27793e-05 3.28824e-21)
(0.999314 0.000180766 2.40059e-21)
(0.997994 0.000477438 4.46912e-21)
(0.996117 0.000923841 9.29938e-21)
(0.993698 0.00152607 -2.46188e-21)
(0.990762 0.00228401 -8.16688e-21)
(0.987315 0.0031966 3.45903e-21)
(0.983352 0.00426318 -1.39134e-21)
(0.97887 0.0054573 -5.26215e-21)
(0.973865 0.00683871 7.97578e-21)
(0.968322 0.00836591 -1.80251e-21)
(0.962209 0.0100589 -4.9395e-21)
(0.999988 5.69158e-05 -5.82481e-21)
(0.999314 0.000283483 4.04616e-22)
(0.997994 0.000650131 1.74216e-21)
(0.996119 0.00116958 -1.33519e-20)
(0.993701 0.00184972 -1.18679e-20)
(0.990768 0.00269185 9.74808e-21)
(0.987325 0.00369659 -5.35095e-23)
(0.983366 0.00486365 1.47021e-21)
(0.978892 0.0061598 1.33783e-21)
(0.973899 0.00767733 -8.56696e-21)
(0.968367 0.00934367 -3.10703e-21)
(0.962269 0.0111922 -8.51449e-21)
(0.999988 9.1059e-05 -2.02973e-21)
(0.999314 0.00038617 -5.98393e-21)
(0.997995 0.000822777 -1.85425e-21)
(0.996121 0.00141524 3.25422e-21)
(0.993705 0.00217328 3.79517e-21)
(0.990775 0.00309957 -8.56675e-21)
(0.987336 0.00419652 -2.87738e-21)
(0.983381 0.00546356 1.13922e-21)
(0.978918 0.00687873 -4.07125e-21)
(0.973938 0.00851627 1.28695e-20)
(0.968418 0.0103213 3.84118e-21)
(0.962338 0.0123253 2.83873e-21)
(0.999987 0.000125209 5.67589e-21)
(0.999314 0.000488825 4.24665e-21)
(0.997995 0.000995367 -8.33487e-21)
(0.996123 0.00166082 8.33668e-21)
(0.99371 0.00249672 -1.03819e-21)
(0.990783 0.00350715 8.98981e-22)
(0.98735 0.00469631 4.22036e-21)
(0.9834 0.00606304 -7.45632e-22)
(0.978948 0.00760207 4.56846e-21)
(0.973981 0.00935481 -4.5823e-21)
(0.968475 0.0112987 2.1095e-21)
(0.962414 0.013458 -1.96225e-21)
(0.999987 0.000159366 1.55227e-21)
(0.999314 0.000591441 2.27564e-21)
(0.997997 0.00116789 1.83591e-21)
(0.996126 0.00190629 -1.09754e-21)
(0.993716 0.00282001 2.06613e-21)
(0.990793 0.00391456 5.81613e-21)
(0.987365 0.00519582 -3.04275e-21)
(0.983422 0.00666185 6.15617e-21)
(0.978981 0.00831873 -2.10803e-21)
(0.974028 0.0101929 3.00741e-21)
(0.968539 0.0122757 -1.62687e-21)
(0.962498 0.0145902 -7.98969e-21)
(0.999987 0.00019353 -1.06214e-20)
(0.999314 0.000694015 4.30453e-21)
(0.997998 0.00134033 -1.20108e-21)
(0.996129 0.00215165 2.1537e-22)
(0.993722 0.00314314 3.28306e-21)
(0.990804 0.00432176 -5.2748e-21)
(0.987382 0.00569486 -4.25391e-21)
(0.983448 0.00725992 -2.91696e-21)
(0.979018 0.00903373 -7.12199e-21)
(0.974079 0.0110307 -1.7692e-21)
(0.968608 0.0132523 -1.65969e-21)
(0.96259 0.0157217 7.47409e-21)
(0.999986 0.000227701 -4.18943e-21)
(0.999314 0.00079654 -3.97279e-21)
(0.997999 0.00151269 1.57489e-20)
(0.996133 0.00239685 -2.10346e-21)
(0.99373 0.00346607 3.16813e-21)
(0.990817 0.00472876 1.32039e-20)
(0.987401 0.00619321 8.95636e-21)
(0.983476 0.00785283 -9.39167e-21)
(0.979059 0.0097478 8.70739e-21)
(0.974136 0.011868 2.64148e-21)
(0.968684 0.0142284 -3.82605e-21)
(0.96269 0.0168526 -9.40037e-21)
(0.999986 0.000261876 1.01821e-20)
(0.999315 0.000899011 1.56074e-21)
(0.998001 0.00168495 -1.89556e-20)
(0.996137 0.0026419 -5.22553e-21)
(0.993738 0.00378877 -9.97073e-21)
(0.99083 0.00513557 -4.77507e-21)
(0.987421 0.00669113 -1.45821e-22)
(0.983507 0.00841915 8.23807e-21)
(0.979104 0.0104603 3.65591e-21)
(0.974197 0.012705 -9.40191e-21)
(0.968766 0.0152039 4.72121e-21)
(0.962798 0.0179826 -1.67472e-21)
(0.999986 0.000296056 8.37411e-21)
(0.999315 0.00100142 -1.18442e-20)
(0.998003 0.00185709 3.57015e-21)
(0.996142 0.00288677 5.40089e-21)
(0.993747 0.00411122 7.63255e-21)
(0.990846 0.00554218 1.03549e-21)
(0.987439 0.00718847 -7.29691e-21)
(0.983541 0.00901854 -8.45187e-21)
(0.979157 0.0111726 -1.21772e-20)
(0.974263 0.0135414 8.53024e-21)
(0.968854 0.0161786 -5.52529e-21)
(0.962914 0.0191117 5.83626e-21)
(0.999985 0.000330239 -1.1761e-20)
(0.999315 0.00110377 1.12246e-20)
(0.998006 0.00202912 5.39458e-21)
(0.996148 0.00313143 4.82348e-22)
(0.993757 0.00443339 -5.12862e-21)
(0.990862 0.0059485 -8.05061e-21)
(0.987463 0.00768466 3.73821e-21)
(0.983577 0.00964985 1.4196e-20)
(0.97921 0.0118855 -3.84288e-21)
(0.974333 0.0143772 -2.35765e-22)
(0.968948 0.0171526 1.10462e-20)
(0.963038 0.0202398 -1.43527e-20)
(0.999985 0.000364422 6.94004e-21)
(0.999316 0.00120604 -2.52346e-21)
(0.998008 0.002201 -1.27091e-20)
(0.996154 0.00337586 1.21063e-20)
(0.993768 0.00475525 -3.0825e-21)
(0.990879 0.00635428 1.13868e-20)
(0.98749 0.00818082 -1.24449e-20)
(0.983617 0.0102545 -1.23774e-22)
(0.979266 0.0125967 1.73841e-21)
(0.974409 0.0152122 8.28601e-21)
(0.969049 0.0181256 8.58994e-21)
(0.999985 0.000398603 -3.14168e-22)
(0.999317 0.00130823 3.6652e-21)
(0.998011 0.00237273 1.81308e-20)
(0.99616 0.00362005 -4.46448e-21)
(0.99378 0.00507681 3.50535e-21)
(0.990899 0.0067593 -9.44382e-21)
(0.987519 0.00867228 7.78882e-21)
(0.98366 0.0108551 -2.9907e-21)
(0.979326 0.013307 -6.57404e-22)
(0.974489 0.0160464 -1.51662e-20)
(0.969156 0.0190976 5.12861e-21)
(0.999984 0.00043278 -1.1678e-20)
(0.999317 0.00141034 1.04921e-20)
(0.998014 0.0025443 -1.95641e-20)
(0.996167 0.00386397 3.40798e-21)
(0.993793 0.00539806 -9.03429e-21)
(0.990918 0.00716387 1.59572e-20)
(0.987551 0.00914847 2.95907e-22)
(0.983706 0.0114542 -2.5554e-21)
(0.979389 0.0140166 1.19044e-20)
(0.974575 0.0168797 -1.1456e-20)
(0.96927 0.0200685 -8.25897e-21)
(0.999984 0.000466948 8.87778e-21)
(0.999318 0.00151235 -1.58996e-20)
(0.998018 0.00271569 2.05014e-20)
(0.996175 0.00410758 -1.39642e-20)
(0.993807 0.00571899 9.36202e-21)
(0.990938 0.00756769 -4.90371e-21)
(0.987584 0.00964124 -8.6002e-21)
(0.983758 0.0120526 1.35005e-20)
(0.979456 0.0147254 -5.62075e-21)
(0.974665 0.017712 2.16744e-21)
(0.96939 0.0210382 4.38738e-21)
(0.999984 0.000501103 -3.89419e-21)
(0.999319 0.00161425 -2.22906e-21)
(0.998022 0.00288688 -6.99575e-21)
(0.996183 0.00435088 1.43309e-20)
(0.993822 0.00603946 -6.80326e-21)
(0.990961 0.00797025 -5.60708e-23)
(0.98762 0.0101551 -3.60853e-21)
(0.98381 0.0126506 -9.90652e-21)
(0.979527 0.0154332 9.62473e-21)
(0.974761 0.0185431 -7.38671e-21)
(0.969517 0.0220065 1.25243e-20)
(0.999984 0.000535243 6.12428e-21)
(0.99932 0.00171605 9.08748e-21)
(0.998026 0.00305786 -8.05901e-22)
(0.996192 0.00459385 -1.21085e-20)
(0.993838 0.00635934 -6.3046e-22)
(0.990986 0.00836977 1.75363e-21)
(0.987659 0.0106579 -1.95049e-21)
(0.983866 0.0132467 6.37388e-21)
(0.979603 0.0161399 -2.27135e-20)
(0.974862 0.019373 1.98137e-20)
(0.969651 0.0229735 -1.36402e-20)
(0.999983 0.000569361 -2.55916e-22)
(0.999321 0.00181772 5.45135e-21)
(0.99803 0.0032286 -9.57781e-21)
(0.996202 0.00483647 1.70069e-21)
(0.993854 0.00667874 -3.86943e-21)
(0.991013 0.00876105 -5.21903e-22)
(0.9877 0.0111544 1.93045e-21)
(0.983924 0.0138415 -4.41979e-21)
(0.979682 0.0168455 2.90215e-21)
(0.974969 0.0202017 -1.21729e-20)
(0.969792 0.0239389 1.30321e-20)
(0.999983 0.000603451 -8.21792e-23)
(0.999323 0.00191926 -5.3212e-21)
(0.998035 0.00339909 8.06941e-21)
(0.996212 0.00507873 1.06554e-21)
(0.993871 0.00699743 -1.88584e-21)
(0.991042 0.00915879 2.35441e-21)
(0.987745 0.0116496 6.79191e-21)
(0.983985 0.0144352 7.63529e-21)
(0.979766 0.0175498 1.31886e-20)
(0.975081 0.0210289 -1.21542e-20)
(0.96994 0.0249027 -8.21309e-21)
(0.999983 0.000637509 3.81614e-21)
(0.999324 0.00202066 -2.70572e-21)
(0.998041 0.00356931 6.72695e-21)
(0.996223 0.00532055 -1.13965e-20)
(0.99389 0.00731464 4.78225e-21)
(0.991072 0.00957007 -4.52072e-21)
(0.987792 0.0121438 -2.64422e-21)
(0.98405 0.0150279 -4.63441e-21)
(0.979855 0.0182529 3.41179e-21)
(0.9752 0.0218546 3.16172e-21)
(0.970096 0.0258647 2.53647e-21)
(0.999983 0.000671527 -1.11579e-20)
(0.999326 0.0021219 6.72758e-21)
(0.998046 0.00373925 -9.67229e-21)
(0.996235 0.0055619 1.39307e-20)
(0.99391 0.00762821 6.93751e-21)
(0.991105 0.00997865 6.82481e-21)
(0.987841 0.0126364 -7.38855e-21)
(0.984119 0.0156192 1.2446e-22)
(0.979948 0.0189546 -2.25236e-21)
(0.975325 0.0226787 -1.11938e-21)
(0.97026 0.0268249 9.17577e-21)
(0.999983 0.000705499 -7.63338e-23)
(0.999327 0.00222298 -1.63669e-20)
(0.998052 0.00390886 1.02748e-21)
(0.996247 0.00580278 -8.55648e-21)
(0.993932 0.00793617 1.32046e-21)
(0.991141 0.0103811 -8.64512e-21)
(0.987892 0.0131274 8.27062e-21)
(0.984191 0.0162093 2.03107e-21)
(0.980047 0.0196547 1.75767e-21)
(0.975457 0.023501 1.73968e-21)
(0.970433 0.027783 -4.98663e-21)
(0.999983 0.000739417 5.27597e-21)
(0.999329 0.00232389 4.65297e-21)
(0.998059 0.00407814 2.18029e-21)
(0.996259 0.00604247 -8.97203e-22)
(0.993956 0.00825461 -9.47304e-21)
(0.991179 0.0107814 -3.35638e-21)
(0.987947 0.0136171 4.27609e-22)
(0.984268 0.0167979 3.12187e-21)
(0.980151 0.0203532 -1.81455e-21)
(0.975596 0.0243214 5.05604e-22)
(0.970616 0.0287389 -7.12214e-21)
(0.999983 0.000773273 -6.3671e-21)
(0.999331 0.0024246 7.65214e-21)
(0.998066 0.0042473 -7.22018e-22)
(0.996274 0.00627966 8.20341e-21)
(0.993981 0.0085807 3.48043e-21)
(0.991219 0.0111807 9.15632e-21)
(0.988006 0.0141054 -7.07105e-21)
(0.98435 0.0173849 -8.687e-21)
(0.980262 0.0210499 4.4717e-21)
(0.975744 0.0251398 -3.26173e-22)
(0.970809 0.0296924 4.05108e-21)
(0.999984 0.000807057 3.63546e-21)
(0.999334 0.00252509 -7.43643e-21)
(0.998073 0.00441637 -4.29363e-21)
(0.996289 0.00651622 -3.1406e-21)
(0.994008 0.00889859 -1.97193e-21)
(0.991262 0.0115784 -5.95864e-22)
(0.988068 0.0145922 -2.39483e-22)
(0.984437 0.0179703 -2.91483e-21)
(0.980381 0.0217447 -9.8339e-21)
(0.975901 0.0259559 3.11044e-21)
(0.971013 0.0306434 -8.01493e-21)
(0.999984 0.000840763 -1.23815e-21)
(0.999336 0.00262535 4.27924e-21)
(0.998081 0.0045829 3.70011e-21)
(0.996306 0.00675676 -1.75232e-21)
(0.994038 0.00921334 9.29096e-21)
(0.991308 0.0119746 -1.00564e-20)
(0.988135 0.0150775 -4.33362e-21)
(0.98453 0.0185539 9.68416e-21)
(0.980508 0.0224374 1.08803e-20)
(0.976069 0.0267697 -1.84756e-21)
(0.971232 0.0315917 -1.08272e-20)
(0.999984 0.000874382 4.63011e-21)
(0.999339 0.0027255 1.20893e-21)
(0.99809 0.00474289 6.5281e-21)
(0.996324 0.00699817 5.72406e-21)
(0.99407 0.00952695 -1.84555e-21)
(0.991357 0.0123692 5.84746e-21)
(0.988207 0.015561 7.83947e-21)
(0.984631 0.0191356 -4.34305e-21)
(0.980644 0.0231278 -5.74063e-21)
(0.976249 0.0275808 1.00848e-20)
(0.971466 0.0325369 3.87237e-21)
(0.999985 0.000907909 -2.58991e-21)
(0.999341 0.00282506 -2.1471e-21)
(0.9981 0.00490998 -9.54256e-21)
(0.996345 0.00723625 -5.73573e-21)
(0.994105 0.00983899 -5.138e-21)
(0.991412 0.012762 -8.51175e-21)
(0.988286 0.0160422 5.15883e-21)
(0.984741 0.0197142 -6.60937e-21)
(0.980792 0.0238147 7.49604e-21)
(0.976444 0.0283877 -6.09301e-21)
(0.971718 0.0334773 -3.65709e-21)
(0.999985 0.000941343 -2.20232e-21)
(0.999345 0.00292364 9.01619e-22)
(0.998111 0.00508396 5.39736e-21)
(0.996368 0.00747256 -1.57614e-21)
(0.994144 0.0101493 5.18104e-21)
(0.991471 0.0131524 1.75243e-21)
(0.988373 0.0165205 5.33243e-21)
(0.984861 0.0202894 3.01203e-22)
(0.980953 0.0244973 -4.56511e-22)
(0.976656 0.0291894 -3.52318e-21)
(0.971993 0.0344113 2.77915e-22)
(0.999986 0.000974709 1.04049e-21)
(0.999349 0.00302296 5.5436e-22)
(0.998124 0.00525202 -1.57268e-21)
(0.996394 0.00770885 6.78587e-23)
(0.994188 0.0104601 2.39621e-21)
(0.991538 0.0135439 -3.6057e-21)
(0.988469 0.0170004 -1.99463e-21)
(0.984994 0.0208669 -7.57609e-22)
(0.981131 0.025183 1.33099e-21)
(0.97689 0.029995 3.8216e-21)
(0.972294 0.0353503 -1.85381e-21)
(0.999986 0.00100806 -5.02142e-22)
(0.999354 0.00312348 2.07715e-21)
(0.998139 0.00541947 -6.10511e-22)
(0.996423 0.00794786 1.58747e-21)
(0.994237 0.0107756 -3.11629e-22)
(0.991613 0.0139426 4.32512e-21)
(0.988577 0.0174907 -1.64737e-22)
(0.985142 0.0214587 -3.22182e-21)
(0.98133 0.0258877 3.31567e-21)
(0.97715 0.0308252 -1.02165e-21)
(0.972629 0.0363201 -5.46645e-21)
(0.999987 0.00104085 7.28049e-22)
(0.99936 0.00322121 1.11164e-21)
(0.998157 0.00558224 -4.34738e-22)
(0.996457 0.00817874 1.25652e-21)
(0.994294 0.0110791 -1.15705e-21)
(0.9917 0.0143249 6.02337e-22)
(0.988701 0.0179596 -2.79983e-21)
(0.985311 0.0220234 1.79785e-21)
(0.981555 0.0265588 -1.09969e-21)
(0.977443 0.0316146 3.25377e-21)
(0.973005 0.037241 -2.38084e-21)
)
;

boundaryField
{
    inlet
    {
        type            uniformFixedValue;
        uniformValue    constant (1 0 0);
        value           uniform (1 0 0);
    }
    outlet
    {
        type            pressureInletOutletVelocity;
        value           nonuniform 0();
    }
    cylinder
    {
        type            fixedValue;
        value           nonuniform 0();
    }
    top
    {
        type            symmetryPlane;
    }
    bottom
    {
        type            symmetryPlane;
    }
    defaultFaces
    {
        type            empty;
    }
    procBoundary16to0
    {
        type            processor;
        value           nonuniform List<vector> 
13
(
(0.999988 -0.000284293 1.72483e-22)
(0.999317 -0.000744339 -2.17943e-22)
(0.997999 -0.00107747 4.40441e-22)
(0.996125 -0.00128832 -4.91205e-22)
(0.996125 -0.00128832 -4.91205e-22)
(0.99371 -0.00171002 5.06314e-23)
(0.99077 -0.0017942 -1.76448e-22)
(0.987314 -0.00180015 -1.93851e-22)
(0.98334 -0.00174586 -6.64851e-22)
(0.978842 -0.00164988 3.25309e-25)
(0.973802 -0.00152899 2.91089e-22)
(0.968209 -0.00139666 6.58908e-22)
(0.962037 -0.00126508 -2.58644e-22)
)
;
    }
    procBoundary16to1
    {
        type            processor;
        value           uniform (0.955241 0.000160742 2.80215e-22);
    }
    procBoundary16to17
    {
        type            processor;
        value           nonuniform List<vector> 
102
(
(0.973517 0.0379204 0)
(0.973517 0.0379204 0)
(0.974202 0.0387419 0)
(0.974953 0.039625 0)
(0.975763 0.0405045 0)
(0.976625 0.0413586 0)
(0.977532 0.0421871 0)
(0.97848 0.0429895 0)
(0.979464 0.0437626 0)
(0.980482 0.044503 0)
(0.981528 0.0452074 0)
(0.982602 0.0458726 0)
(0.9837 0.0464956 0)
(0.984819 0.0470734 0)
(0.985959 0.0476031 0)
(0.987116 0.0480817 0)
(0.988287 0.0485066 0)
(0.989471 0.0488749 0)
(0.990665 0.0491842 0)
(0.991866 0.0494319 0)
(0.993071 0.0496157 0)
(0.994277 0.0497335 0)
(0.995481 0.0497833 0)
(0.99668 0.0497632 0)
(0.997871 0.0496716 0)
(0.99905 0.049507 0)
(1.00021 0.0492684 0)
(1.00136 0.0489547 0)
(1.00249 0.0485653 0)
(1.00359 0.0480996 0)
(1.00466 0.0475573 0)
(1.00571 0.0469386 0)
(1.00672 0.0462436 0)
(1.00769 0.0454729 0)
(1.00863 0.0446271 0)
(1.00953 0.0437073 0)
(1.01039 0.0427144 0)
(1.0112 0.0416499 0)
(1.01197 0.0405153 0)
(1.0127 0.0393121 0)
(1.01337 0.0380422 0)
(1.014 0.0367074 0)
(1.01459 0.0353096 0)
(1.01513 0.0338509 0)
(1.01562 0.0323331 0)
(1.01607 0.0307583 0)
(1.01647 0.0291283 0)
(1.01683 0.027445 0)
(1.01716 0.0257101 0)
(1.01744 0.023925 0)
(1.01769 0.0220913 0)
(1.0179 0.0202099 0)
(1.01809 0.0182817 0)
(1.01809 0.0182817 0)
(1.02121 0.0176596 0)
(1.02133 0.0154609 0)
(1.02143 0.0132165 0)
(1.02151 0.0109256 0)
(1.02157 0.0085869 0)
(1.02161 0.00619839 0)
(1.02164 0.0037577 0)
(1.02165 0.00126199 0)
(0.955231 0.00146571 -5.06016e-22)
(0.955231 0.00277249 4.32132e-22)
(0.955241 0.00407946 1.65722e-22)
(0.955261 0.00538672 2.06008e-21)
(0.955291 0.00669431 -4.71279e-21)
(0.955331 0.0080021 -1.26558e-21)
(0.955381 0.00930994 2.51782e-21)
(0.955441 0.0106177 -3.5401e-21)
(0.955511 0.0119253 3.19439e-21)
(0.955592 0.0132325 2.97344e-21)
(0.955682 0.0145393 -4.79576e-21)
(0.955782 0.0158455 6.6682e-21)
(0.955893 0.0171509 -8.73307e-21)
(0.956013 0.0184556 7.81803e-21)
(0.956144 0.0197592 -1.06047e-21)
(0.956285 0.0210618 1.50443e-21)
(0.956436 0.0223632 -6.27728e-21)
(0.956597 0.0236632 -9.67002e-21)
(0.96317 0.0213667 -1.46425e-21)
(0.96317 0.0213667 -1.46425e-21)
(0.963311 0.0224923 -1.09618e-20)
(0.963459 0.0236166 -4.50239e-21)
(0.963616 0.0247394 2.47114e-21)
(0.963782 0.0258606 1.26483e-20)
(0.963956 0.0269801 -3.19631e-21)
(0.964139 0.0280978 7.31131e-21)
(0.964332 0.0292135 -9.23886e-21)
(0.964534 0.0303272 -4.65721e-21)
(0.964746 0.0314386 3.77064e-21)
(0.96497 0.0325476 -2.98763e-21)
(0.965205 0.0336541 -1.12566e-20)
(0.965454 0.0347579 1.20401e-20)
(0.965717 0.0358586 -8.20313e-21)
(0.965998 0.0369563 -3.78643e-21)
(0.966298 0.0380504 -4.27097e-22)
(0.96662 0.0391389 -5.44542e-21)
(0.96697 0.0402197 3.94718e-21)
(0.967354 0.0413066 -5.1212e-21)
(0.967778 0.0424313 -7.1157e-21)
(0.968255 0.0434981 -1.82043e-21)
)
;
    }
}


// ************************************************************************* //
