/*--------------------------------*- C++ -*----------------------------------*\
  =========                 |
  \\      /  F ield         | OpenFOAM: The Open Source CFD Toolbox
   \\    /   O peration     | Website:  https://openfoam.org
    \\  /    A nd           | Version:  7
     \\/     M anipulation  |
\*---------------------------------------------------------------------------*/
FoamFile
{
    version     2.0;
    format      ascii;
    class       surfaceScalarField;
    location    "45";
    object      phi;
}
// * * * * * * * * * * * * * * * * * * * * * * * * * * * * * * * * * * * * * //

dimensions      [0 3 -1 0 0 0 0];

internalField   nonuniform List<scalar> 
1980
(
3.09562e-05
-1.2392e-05
2.47759e-05
6.19376e-05
-1.2361e-05
3.71369e-05
9.28531e-05
-1.23146e-05
4.94515e-05
0.00012367
-1.22529e-05
6.17044e-05
0.000154355
-1.21757e-05
7.38801e-05
0.000184876
-1.20833e-05
8.59634e-05
-4.24072e-05
0.0002152
0.000310316
-1.19756e-05
9.7939e-05
-4.20699e-05
0.000245294
0.000353847
-1.18529e-05
0.000109792
-4.1685e-05
0.000275126
0.000397054
-1.17151e-05
0.000121507
-4.12527e-05
0.000304664
0.000439897
-1.15624e-05
0.000133069
-4.07733e-05
0.000333875
0.000482334
-1.1395e-05
0.000144464
-4.0247e-05
0.000362727
0.000524327
-1.12129e-05
0.000155677
-3.96741e-05
0.000391188
0.000565834
-1.10164e-05
0.000166694
-3.90551e-05
0.000419227
0.000606816
-1.08055e-05
0.000177499
-3.83902e-05
0.000446812
0.000647232
-1.05806e-05
0.00018808
-3.76799e-05
0.000473911
-7.74912e-05
0.000687044
0.000836599
-1.03417e-05
0.000198421
-3.69246e-05
0.000500494
-7.6091e-05
0.00072621
0.000884963
-1.00892e-05
0.000208511
-3.61249e-05
0.000526529
-7.46066e-05
0.000764692
0.000932612
-9.82316e-06
0.000218334
-3.52811e-05
0.000551987
-7.30387e-05
0.00080245
0.000979503
-9.54392e-06
0.000227878
-3.4394e-05
0.000576837
-7.13881e-05
0.000839444
0.00102559
-9.25173e-06
0.000237129
-3.3464e-05
0.00060105
-6.96554e-05
0.000875635
-0.000114904
0.00107084
0.00120217
-8.94686e-06
0.000246076
-3.24918e-05
0.000624595
-6.78415e-05
0.000910985
-0.000112205
0.00111521
0.00125304
-8.6296e-06
0.000254706
-3.14781e-05
0.000647443
-6.59473e-05
0.000945454
-0.000109384
0.00115864
0.00130301
-8.30028e-06
0.000263006
-3.04236e-05
0.000669566
-6.39737e-05
0.000979004
-0.00010644
0.00120111
-0.00015547
0.00135204
0.0014505
-7.95921e-06
0.000270965
-2.93291e-05
0.000690936
-6.19217e-05
0.0010116
-0.000103375
0.00124256
-0.000151423
0.00140008
0.00150321
-7.60676e-06
0.000278572
-2.81953e-05
0.000711525
-5.97925e-05
0.00104319
-0.000100191
0.00128296
-0.000147215
0.00144711
0.00155496
-7.2433e-06
0.000285815
-2.70233e-05
0.000731305
-5.75871e-05
0.00107376
-9.6888e-05
0.00132226
-0.000142844
0.00149306
0.00160572
-6.86921e-06
0.000292685
-2.58139e-05
0.00075025
-5.53069e-05
0.00110325
-9.34674e-05
0.00136042
-0.000138313
0.00153791
-0.000188029
0.00165543
0.00173239
-6.48493e-06
0.00029917
-2.45681e-05
0.000768333
-5.29532e-05
0.00113164
-8.99309e-05
0.0013974
-0.000133623
0.0015816
-0.00018226
0.00170407
0.00178452
-6.09087e-06
0.00030526
-2.3287e-05
0.000785529
-5.05276e-05
0.00115888
-8.62798e-05
0.00143315
-0.000128774
0.0016241
-0.00017629
0.00175158
0.00183561
-5.68752e-06
0.000310948
-2.19718e-05
0.000801813
-4.80315e-05
0.00118494
-8.25158e-05
0.00146764
-0.000123769
0.00166535
-0.000170122
0.00179794
-0.000220138
0.00188563
0.00194584
-5.27534e-06
0.000316223
-2.06236e-05
0.000817162
-4.54666e-05
0.00120978
-7.86406e-05
0.00150081
-0.000118608
0.00170532
-0.000163757
0.00184309
-0.000212658
0.00193453
0.0019974
-4.85485e-06
0.000321078
-1.92438e-05
0.000831551
-4.2835e-05
0.00123337
-7.46564e-05
0.00153263
-0.000113294
0.00174395
-0.000157195
0.00188699
-0.000204944
0.00198228
-0.00025543
0.00204788
0.00209756
-4.42657e-06
0.000325505
-1.78338e-05
0.000844958
-4.01384e-05
0.00125567
-7.05651e-05
0.00156306
-0.000107828
0.00178122
-0.000150438
0.0019296
-0.000196994
0.00202883
-0.000246372
0.00209726
0.00214899
-3.99106e-06
0.000329496
-1.63949e-05
0.000857362
-3.73791e-05
0.00127666
-6.63691e-05
0.00159205
-0.000102212
0.00181706
-0.000143488
0.00197087
-0.000188812
0.00207416
-0.000237046
0.0021455
-0.000287387
0.00219933
0.00224543
-3.54888e-06
0.000333045
-1.49289e-05
0.000868742
-3.45593e-05
0.00129629
-6.2071e-05
0.00161956
-9.64497e-05
0.00185144
-0.000136347
0.00201077
-0.000180398
0.00211821
-0.000227452
0.00219255
-0.00027668
0.00224855
0.00229632
-3.1006e-06
0.000336145
-1.34372e-05
0.000879078
-3.16815e-05
0.00131453
-5.76735e-05
0.00164555
-9.05423e-05
0.00188431
-0.000129016
0.00204925
-0.000171753
0.00216094
-0.000217592
0.00223839
-0.000265675
0.00229664
0.00234611
-2.64684e-06
0.000338792
-1.19218e-05
0.000888353
-2.87484e-05
0.00133136
-5.31796e-05
0.00166998
-8.44931e-05
0.00191562
-0.000121498
0.00208625
-0.00016288
0.00220233
-0.000207466
0.00228298
-0.000254372
0.00234354
-0.000303032
0.00239477
0.00244326
-2.18828e-06
0.00034098
-1.03844e-05
0.000896549
-2.57629e-05
0.00134674
-4.85926e-05
0.00169281
-7.83052e-05
0.00194533
-0.000113796
0.00212174
-0.00015378
0.00224231
-0.000197076
0.00232627
-0.000242773
0.00238924
-0.000290273
0.00244227
-0.00033925
0.00249224
0.0025429
-1.72587e-06
0.000342706
-8.82711e-06
0.000903651
-2.2728e-05
0.00136064
-4.39161e-05
0.001714
-7.19821e-05
0.0019734
-0.000105913
0.00215567
-0.000144456
0.00228085
-0.000186424
0.00236824
-0.000230878
0.0024337
-0.000277191
0.00248859
-0.000325008
0.00254005
0.00259207
-1.26338e-06
-7.25596e-06
0.000909643
-1.9652e-05
0.00137304
-3.91598e-05
0.00173351
-6.55337e-05
0.00199977
-9.78579e-05
0.002188
-0.000134917
0.00231791
-0.000175518
0.00240884
-0.000218697
0.00247688
-0.000263793
0.00253368
-0.000310424
0.00258668
-0.000358415
0.00264006
0.00269588
-5.66626e-06
0.000914509
-1.65286e-05
0.0013839
-3.43163e-05
0.0017513
-5.89519e-05
0.00202441
-8.96218e-05
0.00221867
-0.000125152
0.00235344
-0.000164348
0.00244804
-0.000206219
0.00251875
-0.00025007
0.00257753
-0.000295489
0.0026321
-0.000342282
0.00268685
0.00274399
-4.06497e-06
-1.33665e-05
0.0013932
-2.9396e-05
0.00176733
-5.22474e-05
0.00204726
-8.12154e-05
0.00224763
-0.000115172
0.0023874
-0.000152922
0.00248579
-0.000193451
0.00255927
-0.000236028
0.00262011
-0.000280211
0.00267629
-0.000325782
0.00273242
-0.000372667
0.00279088
0.00285273
-1.01696e-05
-2.44036e-05
0.00178156
-4.54252e-05
0.00206828
-7.26429e-05
0.00227485
-0.00010498
0.00241974
-0.000141245
0.00252205
-0.000180396
0.00259843
-0.00022167
0.00266138
-0.000264592
0.00271921
-0.00030892
0.00277675
-0.000354563
0.00283652
0.00289969
-1.93441e-05
-3.84907e-05
0.00208743
-6.39096e-05
0.00230027
-9.45802e-05
0.00245041
-0.000129318
0.00255679
-0.000167057
0.00263617
-0.000206999
0.00270133
-0.000248635
0.00276085
-0.000291698
0.00281981
-0.00033608
0.0028809
-0.000381775
0.00294538
0.00301383
-3.14503e-05
0.00210465
-5.50208e-05
0.00232384
-8.39773e-05
0.00247936
-0.000117145
0.00258996
-0.000153437
0.00267246
-0.000192017
0.00273991
-0.000232343
0.00280117
-0.000274119
0.00286159
-0.000317222
0.002924
-0.000361637
0.0029898
-0.000407418
0.00305961
0.00313387
-2.43107e-05
-4.59829e-05
0.00234551
-7.31764e-05
0.00250656
-0.000104731
0.00262151
-0.000139538
0.00270726
-0.000176727
0.00277709
-0.000215718
0.00284016
-0.000256187
0.00290206
-0.000297993
0.00296581
-0.000341112
0.00303292
-0.000385599
0.0031041
-0.000431581
0.00317985
0.0032608
-3.68029e-05
-6.21834e-05
0.00253194
-9.208e-05
0.00265141
-0.000125365
0.00274055
-0.000161133
0.00281286
-0.000198764
0.0028778
-0.000237904
0.0029412
-0.000278395
0.0030063
-0.000320202
0.00307472
-0.000363379
0.00314728
-0.000408054
0.00322453
0.00330716
-5.10047e-05
-7.91972e-05
0.0026796
-0.000110922
0.00277227
-0.000145236
0.00284718
-0.000181482
0.00291404
-0.000219274
0.00297899
-0.000258431
0.00304546
-0.000298908
0.0031152
-0.000340758
0.00318913
-0.000384101
0.00326787
-0.000429105
0.00335216
0.00344299
-6.60883e-05
0.00270604
-9.62127e-05
0.0028024
-0.000129041
0.00288
-0.000163877
0.00294888
-0.000200299
0.00301541
-0.000238103
0.00308326
-0.000277235
0.00315433
-0.000317736
0.00322963
-0.000359723
0.00330986
-0.000403337
0.00339578
-0.000448652
0.0034883
0.00358786
-5.27598e-05
-8.12421e-05
0.00283088
-0.000112552
0.00291131
-0.000145951
0.00298228
-0.000180982
0.00305044
-0.000217416
0.0031197
-0.000255182
0.0031921
-0.000294317
0.00326876
-0.00033492
0.00335046
-0.000377111
0.00343797
-0.000420921
0.00353211
-0.000466178
0.00363312
0.00373948
-6.60161e-05
-9.57727e-05
0.00294107
-0.000127707
0.00301421
-0.000161326
0.00308406
-0.000196371
0.00315474
-0.000232755
0.00322848
-0.000270501
0.00330651
-0.000309696
0.00338966
-0.000350433
0.00347871
-0.000392712
0.00357439
-0.000436352
0.00367676
0.00378414
-0.000481013
-7.87084e-05
-0.000109151
0.00304465
-0.000141334
0.00311624
-0.000174971
0.00318838
-0.000209954
0.00326347
-0.000246292
0.00334285
-0.000284055
0.00342742
-0.000323311
0.00351796
-0.000364036
0.00361511
-0.000406054
0.00371878
0.00382718
-0.000449097
-9.02861e-05
-0.000121012
0.00314697
-0.000153221
0.00322059
-0.000186785
0.00329703
-0.000221694
0.00337776
-0.000258002
0.00346373
-0.000295754
0.00355571
-0.000334907
0.00365427
-0.000375298
0.00375917
0.00386861
-0.000416723
-0.000100362
-0.000131125
0.00325135
-0.000163251
0.00332915
-0.000196712
0.00341122
-0.000231543
0.00349856
-0.00026777
0.00359194
-0.000305338
0.00369183
-0.000344099
0.00379793
0.00390841
-0.000383902
-0.000108686
-0.000139356
0.00335982
-0.000171351
0.00344321
-0.000204687
0.00353189
-0.000239371
0.00362663
-0.000275341
0.0037278
-0.000312467
0.00383505
0.00394659
-0.000350643
-0.000115107
-0.000145618
-0.00017744
0.00356371
-0.000210566
0.00365975
-0.000244928
0.00376217
-0.000280414
0.00387054
0.00398313
-0.000316957
-0.000149812
-0.000181365
0.0036913
-0.00021411
0.00379491
-0.000247953
0.00390438
0.00401803
-0.000282855
-0.000151779
-0.0001829
0.00382603
-0.000215095
0.00393658
0.00405128
-0.000248345
-0.000151308
-0.00018185
0.00396712
0.00408287
-0.000213438
-0.000148232
-0.000178144
0.0106661
2.82258e-05
0.0106389
2.71911e-05
0.0106128
2.61408e-05
0.0105877
2.50752e-05
0.0105637
2.39948e-05
0.0105408
2.29e-05
0.010519
2.1791e-05
0.0104984
2.06685e-05
0.0104788
1.95324e-05
0.0104604
1.83836e-05
1.7222e-05
0.0104185
5.58265e-05
0.0103919
5.37732e-05
0.0103664
5.16895e-05
0.0103419
4.95757e-05
0.0103185
4.7433e-05
0.0102961
4.5262e-05
0.0102748
4.30633e-05
0.0102547
4.08377e-05
0.0102356
3.85862e-05
0.0102177
3.63094e-05
3.4008e-05
0.0101777
8.27934e-05
0.0101517
7.97394e-05
0.0101268
7.66403e-05
0.0101028
7.34975e-05
0.01008
7.03117e-05
0.0100581
6.70843e-05
0.0100374
6.38162e-05
0.0100177
6.05085e-05
0.00999914
5.71627e-05
0.00998167
5.37797e-05
5.03606e-05
0.00994311
0.00010913
0.00991775
0.000105092
0.0098934
0.000100995
0.00987006
9.68413e-05
0.00984774
9.26313e-05
0.00982645
8.83665e-05
0.00980622
8.40486e-05
0.00978705
7.96791e-05
0.00976895
7.52593e-05
0.00975194
7.07912e-05
6.62757e-05
0.00971464
0.000134834
0.0096899
0.000129829
0.00966614
0.000124753
0.00964338
0.000119606
0.00962162
0.00011439
0.00960088
0.000109107
0.00958117
0.000103759
0.0095625
9.8347e-05
0.00954489
9.28737e-05
0.00952834
8.7341e-05
8.17504e-05
0.009492
0.000159907
0.00946787
0.000153953
0.00944471
0.000147914
0.00942253
0.000141792
0.00940133
0.000135588
0.00938113
0.000129306
0.00936194
0.000122946
0.00934378
0.000116512
0.00932665
0.000110005
0.00931056
0.000103428
9.67833e-05
0.00927496
0.00925145
0.000177464
0.00922889
0.00017048
0.00920728
0.0001634
0.00918664
0.000156227
0.00916698
0.000148963
0.00914832
0.000141611
0.00913065
0.000134174
0.00911401
0.000126653
0.00909838
0.000119052
0.000111373
0.00904041
0.000200364
0.00901843
0.000192452
0.0089974
0.000184432
0.00897732
0.000176307
0.00895821
0.00016808
0.00894006
0.000159755
0.0089229
0.000151333
0.00890674
0.000142817
0.00889158
0.000134212
0.000125519
0.00883453
0.000222655
0.00881315
0.000213831
0.00879269
0.000204888
0.00877317
0.000195829
0.00875459
0.000186658
0.00873697
0.000177377
0.00872032
0.000167989
0.00870463
0.000158498
0.00868994
0.000148908
0.00013922
0.00863362
0.000244338
0.00861284
0.000234619
0.00859295
0.000224771
0.00857399
0.000214796
0.00855595
0.000204697
0.00853885
0.000194479
0.00852269
0.000184144
0.00850749
0.000173697
0.00849326
0.00016314
0.000152477
0.0084375
0.000265415
0.0084173
0.000254818
0.00839799
0.000244081
0.00837958
0.000233207
0.00836208
0.000222199
0.0083455
0.000211062
0.00832984
0.000199798
0.00831513
0.000188412
0.00830136
0.000176908
0.00016529
0.00824598
0.000285887
0.00822637
0.00027443
0.00820763
0.000262821
0.00818977
0.000251064
0.00817281
0.000239165
0.00815674
0.000227126
0.00814159
0.000214952
0.00812736
0.000202646
0.00811405
0.000190214
0.000177659
0.0080589
0.000305757
0.00803988
0.000293454
0.00802171
0.00028099
0.0080044
0.000268369
0.00798797
0.000255595
0.00797243
0.000242673
0.00795777
0.000229606
0.00794402
0.000216399
0.00793118
0.000203057
0.000189583
0.00787611
0.000325025
0.00785767
0.000311894
0.00784007
0.000298592
0.00782331
0.000285123
0.00780742
0.000271492
0.00779239
0.000257703
0.00777823
0.000243761
0.00776496
0.000229671
0.00775258
0.000215437
0.000201064
0.00769744
0.000343691
0.00767959
0.000329749
0.00766255
0.000315625
0.00764635
0.000301325
0.00763099
0.000286854
0.00761647
0.000272217
0.00760282
0.000257418
0.00759003
0.000242462
0.00757811
0.000227355
0.00756707
0.000212101
0.000196706
0.00752277
0.000361758
0.0075055
0.00034702
0.00748903
0.000332091
0.00747338
0.000316978
0.00745855
0.000301684
0.00744455
0.000286215
0.00743139
0.000270577
0.00741908
0.000254773
0.00740763
0.00023881
0.00739703
0.000222694
0.000206428
0.00735196
0.000379225
0.00733527
0.000363707
0.00731937
0.000347991
0.00730427
0.000332081
0.00728997
0.000315981
0.00727649
0.000299699
0.00726383
0.000283238
0.007252
0.000266605
0.007241
0.000249804
0.00723085
0.000232843
0.000215726
0.00718489
0.000396092
0.00716878
0.000379812
0.00715345
0.000363324
0.0071389
0.000346634
0.00712513
0.000329746
0.00711217
0.000312667
0.0071
0.000295402
0.00708865
0.000277956
0.00707812
0.000260336
0.00706841
0.000242548
0.000224597
0.00702144
0.000412359
0.00700592
0.000395334
0.00699115
0.000378091
0.00697715
0.000360638
0.00696391
0.000342979
0.00695146
0.00032512
0.00693979
0.000307068
0.00692892
0.000288828
0.00691885
0.000270407
0.00690959
0.00025181
0.000233043
0.0068615
0.000428027
0.00684656
0.000410271
0.00683236
0.000392291
0.00681891
0.000374092
0.00680621
0.000355678
0.00679427
0.000337058
0.0067831
0.000318236
0.00677271
0.00029922
0.0067631
0.000280014
0.00675428
0.000260626
0.000241063
0.00670496
0.000443093
0.00669061
0.000424625
0.00667698
0.000405924
0.00666407
0.000386995
0.00665191
0.000367845
0.00664049
0.00034848
0.00662982
0.000328906
0.00661991
0.00030913
0.00661076
0.000289159
0.00660239
0.000268998
0.000248655
0.00655174
0.000457557
0.00653797
0.000438393
0.00652491
0.000418988
0.00651255
0.000399347
0.00650092
0.000379478
0.00649001
0.000359386
0.00647984
0.000339077
0.00647041
0.00031856
0.00646173
0.00029784
0.00645381
0.000276924
0.00025582
0.00640173
0.000471417
0.00638854
0.000451575
0.00637605
0.000431483
0.00636425
0.000411148
0.00635315
0.000390576
0.00634276
0.000369774
0.00633309
0.000348749
0.00632414
0.000327508
0.00631593
0.000306057
0.00630845
0.000284404
0.000262557
0.00625484
0.000484673
0.00624225
0.000464169
0.00623032
0.000443407
0.00621907
0.000422395
0.00620851
0.000401138
0.00619864
0.000379644
0.00618947
0.000357919
0.00618101
0.000335972
0.00617326
0.000313809
0.00616622
0.000291437
0.000268864
0.006111
0.000497322
0.00609899
0.000476173
0.00608764
0.000454759
0.00607695
0.000433086
0.00606692
0.000411162
0.00605757
0.000388994
0.00604891
0.000366588
0.00604092
0.000343952
0.00603364
0.000321094
0.00602706
0.000298021
0.00027474
0.00597012
0.000509361
0.0059587
0.000487585
0.00594793
0.000465537
0.00593779
0.000443222
0.0059283
0.000420648
0.00591948
0.000397822
0.00591131
0.000374753
0.00590382
0.000351447
0.005897
0.000327912
0.00589086
0.000304155
0.000280186
0.00583212
0.000520789
0.0058213
0.000498403
0.0058111
0.000475737
0.00580153
0.000452798
0.00579258
0.000429592
0.00578428
0.000406128
0.00577662
0.000382413
0.00576961
0.000358454
0.00576326
0.00033426
0.00575758
0.000309839
0.000285198
0.00569694
0.000531601
0.00568672
0.000508624
0.0056771
0.000485359
0.00566808
0.000461813
0.00565968
0.000437993
0.0056519
0.000413908
0.00564475
0.000389565
0.00563823
0.000364973
0.00563235
0.000340138
0.00562712
0.00031507
0.000289776
0.00556451
0.000541796
0.00555489
0.000518245
0.00554585
0.000494399
0.0055374
0.000470264
0.00552954
0.000445849
0.00552229
0.000421161
0.00551565
0.000396209
0.00550962
0.000371
0.00550421
0.000345543
0.00549944
0.000319846
0.000293918
0.00543476
0.000551368
0.00542574
0.000527262
0.00541728
0.000502853
0.0054094
0.000478148
0.00540209
0.000453156
0.00539537
0.000427884
0.00538924
0.00040234
0.00538371
0.000376534
0.00537878
0.000350473
0.00537446
0.000324167
0.000297622
0.00530762
0.000560314
0.00529921
0.000535671
0.00529134
0.000510718
0.00528403
0.000485461
0.00527727
0.00045991
0.00527109
0.000434073
0.00526547
0.000407957
0.00526043
0.000381572
0.00525598
0.000354925
0.00525212
0.000328027
0.000300886
0.00518303
0.000568629
0.00517524
0.000543469
0.00516796
0.00051799
0.00516122
0.0004922
0.00515503
0.000466109
0.00514937
0.000439725
0.00514427
0.000413055
0.00513974
0.00038611
0.00513577
0.000358897
0.00513237
0.000331426
0.000303706
0.00506094
0.000576309
0.00505376
0.000550649
0.00504709
0.000524664
0.00504093
0.000498361
0.00503529
0.000471749
0.00503018
0.000444836
0.0050256
0.000417632
0.00502156
0.000390145
0.00501808
0.000362385
0.00501514
0.00033436
0.00030608
0.00494129
0.000583347
0.00493473
0.000557208
0.00492866
0.000530735
0.00492308
0.000503938
0.00491801
0.000476824
0.00491344
0.000449403
0.00490939
0.000421683
0.00490586
0.000393674
0.00490286
0.000365385
0.00490039
0.000336826
0.000308005
0.00482402
0.000589738
0.00481808
0.000563139
0.00481262
0.000536199
0.00480763
0.000508927
0.00480313
0.000481331
0.00479911
0.00045342
0.00479559
0.000425205
0.00479257
0.000396693
0.00479006
0.000367895
0.00478806
0.00033882
0.000309478
0.00470907
0.000595475
0.00470377
0.000568436
0.00469892
0.000541049
0.00469453
0.000513322
0.00469059
0.000485264
0.00468713
0.000456884
0.00468414
0.000428192
0.00468164
0.000399198
0.00467962
0.00036991
0.00467811
0.000340339
0.000310495
0.0045964
0.000600552
0.00459174
0.000573093
0.00458751
0.000545279
0.00458371
0.000517117
0.00458036
0.000488617
0.00457746
0.000459788
0.00457501
0.00043064
0.00457302
0.000401182
0.00457151
0.000371425
0.00457047
0.000341378
0.000311052
0.00448594
0.00060496
0.00448193
0.000577103
0.00447833
0.000548882
0.00447514
0.000520305
0.00447237
0.000491384
0.00447004
0.000462126
0.00446813
0.000432542
0.00446667
0.000402642
0.00446566
0.000372435
0.00446511
0.000341933
0.000311145
0.00437766
0.0043743
0.000580457
0.00437134
0.00055185
0.00436876
0.000522881
0.00436659
0.000493558
0.00436482
0.000463892
0.00436347
0.000433892
0.00436254
0.00040357
0.00436204
0.000372935
0.00436198
0.000341997
0.000310767
0.00426881
0.000583148
0.00426648
0.000554177
0.00426453
0.000524834
0.00426295
0.000495131
0.00426177
0.000465078
0.00426097
0.000434685
0.00426058
0.000403961
0.0042606
0.000372917
0.00426103
0.000341565
0.000309914
0.00416539
0.000585167
0.00416371
0.000555852
0.00416239
0.000526159
0.00416142
0.000496097
0.00416082
0.000465678
0.0041606
0.000434911
0.00416075
0.000403807
0.00416129
0.000372377
0.00416222
0.00034063
0.000308579
0.00406401
0.000586505
0.00406299
0.000556868
0.0040623
0.000526846
0.00406195
0.000496447
0.00406195
0.000465683
0.00406229
0.000434564
0.004063
0.000403102
0.00406407
0.000371305
0.00406551
0.000339187
0.000306757
0.00396461
0.000587152
0.00396427
0.000557216
0.00396423
0.000526885
0.0039645
0.000496172
0.0039651
0.000465085
0.00396603
0.000433637
0.00396729
0.000401837
0.0039689
0.000369697
0.00397086
0.000337228
0.000304441
0.00386717
0.000587099
0.0038675
0.000556885
0.00386812
0.000526269
0.00386903
0.000495262
0.00387024
0.000463875
0.00387176
0.000432118
0.00387359
0.000400003
0.00387575
0.000367541
0.00387823
0.000334744
0.000301622
0.00377164
0.000586335
0.00377265
0.000555865
0.00377394
0.000524986
0.00377549
0.000493708
0.00377732
0.000462042
0.00377944
0.00043
0.00378185
0.000397593
0.00378456
0.000364831
0.00378758
0.000331727
0.000298292
0.00367797
0.000584851
0.00367968
0.000554148
0.00368164
0.000523027
0.00368385
0.0004915
0.00368632
0.000459578
0.00368904
0.000427273
0.00369204
0.000394595
0.00369532
0.000361556
0.00369887
0.000328168
0.000294443
0.00358612
0.000582635
0.00358855
0.00055172
0.0035912
0.00052038
0.00359407
0.000488627
0.00359718
0.000456472
0.00360052
0.000423925
0.00360412
0.000391
0.00360797
0.000357707
0.00361208
0.000324058
0.000290065
0.00349607
0.000579678
0.00349922
0.000548573
0.00350256
0.000517036
0.00350611
0.000485078
0.00350987
0.000452712
0.00351385
0.000419947
0.00351805
0.000386797
0.00352249
0.000353273
0.00352716
0.000319386
0.000285149
0.00340777
0.000575969
0.00341165
0.000544695
0.0034157
0.000512982
0.00341994
0.000480842
0.00342436
0.000448287
0.00342898
0.000415327
0.00343381
0.000381975
0.00343884
0.000348243
0.00344408
0.000314142
0.000279685
0.00332118
0.000571495
0.0033258
0.000540074
0.00333057
0.000508207
0.00333551
0.000475907
0.00334061
0.000443185
0.00334589
0.000410052
0.00335134
0.000376521
0.00335698
0.000342604
0.00336281
0.000308312
0.000273659
0.00323625
0.000566247
0.00324162
0.000534699
0.00324713
0.000502699
0.00325278
0.00047026
0.00325857
0.000437393
0.00326451
0.00040411
0.00327061
0.000370423
0.00327687
0.000336344
0.0032833
0.000301885
0.000267059
0.00315293
0.000560211
0.00315907
0.000528556
0.00316533
0.000496444
0.0031717
0.000463887
0.0031782
0.000430897
0.00318482
0.000397486
0.00319158
0.000363666
0.00319847
0.000329448
0.00320551
0.000294846
0.000259871
0.00307117
0.000553376
0.0030781
0.000521632
0.00308511
0.000489428
0.00309223
0.000456774
0.00309944
0.000423683
0.00310676
0.000390165
0.00311419
0.000356234
0.00312174
0.000321902
0.0031294
0.00028718
0.000252081
0.00299091
0.000545727
0.00299863
0.000513914
0.00300642
0.000481636
0.00301429
0.000448905
0.00302224
0.000415733
0.00303028
0.000382131
0.0030384
0.000348111
0.00304662
0.000313686
0.00305493
0.000278867
0.000243668
0.00291209
0.000537249
0.00292062
0.000505383
0.0029292
0.00047305
0.00293785
0.000440261
0.00294655
0.000407027
0.00295532
0.000373361
0.00296416
0.000339273
0.00297307
0.000304776
0.00298206
0.000269882
0.00299112
0.000234604
0.000198955
0.00283464
0.000527922
0.00284401
0.000496018
0.00285341
0.000463645
0.00286286
0.000430814
0.00287235
0.000397536
0.00288189
0.000363823
0.00289147
0.000329686
0.00290111
0.000295136
0.00291081
0.000260186
0.00292056
0.000224849
0.000189137
0.00275856
0.000517711
0.0027688
0.00048578
0.00277906
0.000453379
0.00278936
0.000420518
0.00279969
0.00038721
0.00281004
0.000353466
0.00282043
0.000319295
0.00283086
0.00028471
0.00284132
0.000249723
0.00285183
0.000214347
0.000178594
0.00268403
0.00050655
0.00269522
0.000474596
0.00270642
0.000442176
0.00271764
0.000409298
0.00272888
0.000375974
0.00274013
0.000342215
0.00275139
0.00030803
0.00276267
0.000273431
0.00277396
0.00023843
0.00278527
0.000203038
0.000167271
0.00261198
0.000494349
0.00262419
0.000462388
0.0026364
0.000429965
0.00264861
0.000397091
0.00266081
0.000363776
0.00267299
0.000330029
0.00268516
0.000295861
0.00269731
0.000261281
0.00270944
0.000226301
0.00272155
0.000190932
0.000155186
0.0025431
0.00255639
0.00256963
0.00258282
0.00259595
0.00260902
0.00262203
0.00263497
0.00264783
0.00266062
)
;

boundaryField
{
    inlet
    {
        type            calculated;
        value           nonuniform 0();
    }
    outlet
    {
        type            calculated;
        value           nonuniform 0();
    }
    cylinder
    {
        type            calculated;
        value           uniform 0;
    }
    top
    {
        type            symmetryPlane;
        value           nonuniform 0();
    }
    bottom
    {
        type            symmetryPlane;
        value           uniform 0;
    }
    defaultFaces
    {
        type            empty;
        value           nonuniform 0();
    }
    procBoundary4to3
    {
        type            processor;
        value           nonuniform List<scalar> 
130
(
-4.33733e-05
-4.32766e-05
-4.31315e-05
-4.29381e-05
-4.26967e-05
-0.0002665
-8.62224e-05
-8.56013e-05
-8.48921e-05
-8.40953e-05
-8.32109e-05
-8.22395e-05
-8.11814e-05
-8.0037e-05
-7.88067e-05
-0.000787561
-0.000126529
-0.000124455
-0.000122256
-0.00011993
-0.000117479
-0.00115045
-0.000166625
-0.000163071
-0.000159353
-0.00139688
-0.000209095
-0.000204132
-0.000198966
-0.000193598
-0.00167927
-0.000241156
-0.000234387
-0.000227381
-0.00189324
-0.000272735
-0.000264217
-0.00204509
-0.0003079
-0.000297794
-0.00219347
-0.00033935
-0.000327571
-0.000315465
-0.00239315
-0.000353141
-0.00249259
-0.000389566
-0.000374174
-0.00264658
-0.000407722
-0.000390388
-0.00280452
-0.000420874
-0.000401522
-0.00296677
-0.000428835
-0.0030866
-0.000454685
-0.00321313
-0.000479254
-0.000454411
-0.0033962
-0.000475891
-0.00354099
-0.000495519
-0.00369319
-0.000512461
-0.0106943
-0.0104461
-0.0102046
-0.00996944
-0.00974034
-0.00951707
-0.00929941
0.000184351
-0.00906331
-0.00885682
-0.00865531
-0.00845858
-0.00826646
-0.00807877
-0.00789537
-0.00771611
-0.00754084
-0.00736943
-0.00720176
-0.00703771
-0.00687717
-0.00672003
-0.0065662
-0.00641559
-0.0062681
-0.00612364
-0.00598215
-0.00584355
-0.00570776
-0.0055747
-0.00544433
-0.00531656
-0.00519135
-0.00506862
-0.00494833
-0.00483041
-0.00471481
-0.00460147
-0.00449035
-0.00438139
0.000608693
-0.0042715
-0.00416741
-0.00406534
-0.00396526
-0.00386712
-0.00377087
-0.00367648
-0.00358391
-0.00349312
-0.00340406
-0.0033167
-0.003231
-0.0031469
-0.00306434
-0.00298327
-0.00290361
-0.00282531
-0.00274835
-0.00267287
-0.00259978
-0.00252976
)
;
    }
    procBoundary4to5
    {
        type            processor;
        value           nonuniform List<scalar> 
100
(
0.000918219
2.45104e-06
0.00140092
6.94217e-06
0.00179396
1.42231e-05
9.04585e-06
0.00211992
1.70788e-05
0.00236524
2.74882e-05
0.00255545
3.96473e-05
2.81189e-05
0.00273068
3.9219e-05
0.00285768
5.0541e-05
0.00296924
6.13646e-05
0.00307357
7.11175e-05
0.00317621
7.93895e-05
0.00328065
8.59099e-05
0.00338902
0.00347372
0.000119519
0.00359401
0.00012181
0.00372127
0.000121817
0.00385553
0.000119346
0.003996
0.00411278
0.000142475
0.0104432
0.0102009
0.00996531
0.00973603
0.00951286
0.00929553
0.00908379
0.00887743
0.00867624
0.00848
0.00828854
0.00810168
0.00791925
0.0077411
-0.000186558
0.00755692
0.00738731
0.00722156
0.00705954
0.00690115
0.00674627
0.0065948
0.00644664
0.00630171
0.00615992
0.00602118
0.00588542
0.00575256
0.00562254
0.00549529
0.00537075
0.00524886
0.00512955
0.00501277
0.00489847
0.00478659
0.00467709
0.00456991
0.00446502
0.00436236
0.00426189
0.00416356
0.00406734
0.00397318
0.00388105
0.00379091
0.00370272
0.00361646
0.00353208
0.00344955
0.00336883
0.0032899
0.0032127
0.00313719
0.00306334
-0.000208101
0.00300027
0.00293038
0.00286237
0.0027966
0.00273363
0.00267333
)
;
    }
    procBoundary4to19
    {
        type            processor;
        value           uniform -4.34217e-05;
    }
    procBoundary4to20
    {
        type            processor;
        value           nonuniform List<scalar> 3(5.8082e-08 1.24074e-05 -1.23839e-05);
    }
    procBoundary4to21
    {
        type            processor;
        value           nonuniform List<scalar> 3(0.00034397 8.00778e-07 3.54362e-07);
    }
}


// ************************************************************************* //
