/*--------------------------------*- C++ -*----------------------------------*\
  =========                 |
  \\      /  F ield         | OpenFOAM: The Open Source CFD Toolbox
   \\    /   O peration     | Website:  https://openfoam.org
    \\  /    A nd           | Version:  7
     \\/     M anipulation  |
\*---------------------------------------------------------------------------*/
FoamFile
{
    version     2.0;
    format      ascii;
    class       surfaceScalarField;
    location    "15";
    object      phi;
}
// * * * * * * * * * * * * * * * * * * * * * * * * * * * * * * * * * * * * * //

dimensions      [0 3 -1 0 0 0 0];

internalField   nonuniform List<scalar> 
2779
(
1.97599e-05
8.37309e-07
5.76324e-06
3.64587e-06
1.23899e-05
1.46138e-05
1.08179e-06
4.68144e-06
4.61583e-06
8.85586e-06
1.09838e-05
8.24586e-06
2.82252e-06
1.34002e-06
3.34142e-06
5.63749e-06
4.55839e-06
1.32889e-05
5.9444e-07
2.47066e-05
-8.59512e-06
-2.31023e-05
1.60957e-06
1.73185e-06
6.70135e-06
-5.33383e-07
1.56857e-05
-8.38991e-06
2.89943e-05
-2.19037e-05
4.70832e-05
-4.11912e-05
-6.63793e-05
1.88726e-06
-1.55412e-07
7.79517e-06
-6.44129e-06
1.81465e-05
-1.87412e-05
3.3391e-05
-3.71482e-05
5.4008e-05
-6.18081e-05
8.05081e-05
-9.28794e-05
-0.00013053
2.16957e-06
-2.32498e-06
8.90541e-06
-1.31771e-05
2.06405e-05
-3.04763e-05
3.78398e-05
-5.43476e-05
6.10025e-05
-8.49708e-05
9.06635e-05
-0.00012254
0.000127396
-0.000167262
-0.000219353
2.45295e-06
-4.77793e-06
1.00184e-05
-2.07425e-05
2.31364e-05
-4.35943e-05
4.22829e-05
-7.34942e-05
6.79709e-05
-0.000110659
0.000100751
-0.000155321
0.000141215
-0.000207726
0.000189996
-0.000268134
0.000247775
-0.000336819
-0.000414067
2.73446e-06
-7.51239e-06
1.11223e-05
-2.91303e-05
2.5607e-05
-5.80791e-05
4.66698e-05
-9.4557e-05
7.48292e-05
-0.000138818
0.000110641
-0.000191133
0.000154701
-0.000251785
0.000207641
-0.000321074
0.000270136
-0.000399314
0.000342903
-0.000486834
-0.00058398
3.01191e-06
-1.05243e-05
1.2208e-05
-3.83264e-05
2.80308e-05
-7.39019e-05
5.096e-05
-0.000117486
8.15104e-05
-0.000169369
0.000120232
-0.000229854
0.000167705
-0.000299259
0.000224542
-0.000377912
0.000291384
-0.000466156
0.000368892
-0.000564343
0.000457753
-0.000672841
-0.000792042
3.28394e-06
-1.38082e-05
1.32693e-05
-4.83118e-05
3.03924e-05
-9.10249e-05
5.51238e-05
-0.000142218
8.79659e-05
-0.000202211
0.000129449
-0.000271337
0.000180126
-0.000349935
0.000240568
-0.000438354
0.000311356
-0.000536944
0.000393073
-0.000646059
0.000486287
-0.000766055
0.000591538
-0.000897293
0.000709307
-0.00104015
-0.00119502
3.54979e-06
-1.7358e-05
1.43021e-05
-5.90641e-05
3.26808e-05
-0.000109404
5.91404e-05
-0.000168677
9.41607e-05
-0.000237231
0.000138241
-0.000315417
0.000191894
-0.000403588
0.000255632
-0.000502093
0.000329962
-0.000611274
0.000415363
-0.00073146
0.000512272
-0.000862964
0.000621056
-0.00100608
0.000741979
-0.00116107
0.000875153
-0.00132819
0.00102047
-0.00150767
-0.00169971
3.80901e-06
-2.1167e-05
1.53032e-05
-7.05583e-05
3.48878e-05
-0.000128988
6.29931e-05
-0.000196782
0.000100068
-0.000274305
0.00014657
-0.000361919
0.000202957
-0.000459975
0.000269674
-0.00056881
0.000347138
-0.000688737
0.000435714
-0.000820036
0.000535698
-0.000962949
0.000647287
-0.00111767
0.000770537
-0.00128432
0.000905327
-0.00146298
0.00105129
-0.00165364
0.00120777
-0.00185619
-0.00207039
4.06111e-06
-2.52281e-05
1.62698e-05
-8.2767e-05
3.70053e-05
-0.000149724
6.66661e-05
-0.000226443
0.00010566
-0.0003133
0.000154395
-0.000410654
0.000213264
-0.000518845
0.000282633
-0.000638179
0.000362817
-0.000768921
0.000454063
-0.000911283
0.000556524
-0.00106541
0.000670226
-0.00123137
0.00079504
-0.00140913
0.000930638
-0.00159858
0.00107645
-0.00179946
0.00123164
-0.00201137
0.001395
-0.00223376
0.00156501
-0.00246589
-0.00270681
4.3053e-06
-2.95334e-05
1.71978e-05
-9.56595e-05
3.90233e-05
-0.000171549
7.01401e-05
-0.00025756
0.000110907
-0.000354067
0.000161672
-0.000461419
0.000222756
-0.000579928
0.000294432
-0.000709855
0.000376912
-0.0008514
0.000470315
-0.00100469
0.00057465
-0.00116974
0.000689782
-0.0013465
0.000815406
-0.00153476
0.000951016
-0.00173419
0.00109587
-0.00194431
0.00124898
-0.00216448
0.00140906
-0.00239384
0.00157456
-0.00263138
0.00174363
-0.00287589
-0.00312555
0.0019142
4.54028e-06
-3.40737e-05
1.80817e-05
-0.000109201
4.09285e-05
-0.000194396
7.33908e-05
-0.000290022
0.00011577
-0.000396446
0.000168345
-0.000513994
0.000231354
-0.000642937
0.000304975
-0.000783476
0.000389303
-0.000935729
0.000484331
-0.00109971
0.000589921
-0.00127533
0.000705783
-0.00146236
0.000831447
-0.00166042
0.000966248
-0.00186899
0.0011093
-0.00208737
0.00125949
-0.00231467
0.00141546
-0.00254982
0.00157565
-0.00279157
0.00173827
-0.00303851
-0.00328865
0.00190137
4.76422e-06
-3.88379e-05
1.8914e-05
-0.000123351
4.2704e-05
-0.000218186
7.63879e-05
-0.000323706
0.000120201
-0.00044026
0.000174346
-0.000568139
0.000238969
-0.00070756
0.000314144
-0.000858651
0.000399848
-0.00102143
0.00049594
-0.00119581
0.000602139
-0.00138153
0.000718002
-0.00157822
0.000842909
-0.00178533
0.000976046
-0.00200213
0.0011164
-0.00222772
0.00126276
-0.00246103
0.00141373
-0.00270078
0.00156772
-0.00294556
0.00172303
-0.00319381
-0.00344344
0.00187782
4.97469e-06
-4.38126e-05
1.96854e-05
-0.000138061
4.43292e-05
-0.00024283
7.90951e-05
-0.000358472
0.000124145
-0.000485309
0.000179594
-0.000623588
0.000245493
-0.000773459
0.000321804
-0.000934961
0.00040838
-0.00110801
0.000504946
-0.00129237
0.000611078
-0.00148767
0.000726188
-0.00169333
0.000849512
-0.00190865
0.000980107
-0.00213272
0.00111685
-0.00236446
0.00125845
-0.00260263
0.00140348
-0.00284581
0.00155037
-0.00309246
0.00169749
-0.00334093
-0.00358909
0.00184314
5.16885e-06
-4.89815e-05
2.03851e-05
-0.000153277
4.57805e-05
-0.000268226
8.14716e-05
-0.000394163
0.000127538
-0.000531376
0.000184003
-0.000680053
0.000250812
-0.000840267
0.000327811
-0.00101196
0.000414726
-0.00119492
0.000511147
-0.00138879
0.00061651
-0.00159303
0.000730089
-0.00180691
0.000850988
-0.00202955
0.000978149
-0.00225988
0.00111036
-0.00249667
0.00124627
-0.00273854
0.00138445
-0.00298398
0.00152335
-0.00323137
0.00166145
-0.00347902
-0.00372483
0.00179719
5.34347e-06
-5.43249e-05
2.10011e-05
-0.000168935
4.70322e-05
-0.000294257
8.34736e-05
-0.000430604
0.000130316
-0.000578218
0.000187483
-0.00073722
0.000254809
-0.000907593
0.00033202
-0.00108917
0.000418714
-0.00128162
0.000514347
-0.00148443
0.00061822
-0.0016969
0.000729477
-0.00191817
0.000847105
-0.00214718
0.000969948
-0.00238273
0.00109672
-0.00262345
0.00122605
-0.00286787
0.0013565
-0.00311442
0.0014866
-0.00336147
0.00161491
-0.00360734
-0.00384998
0.00174006
5.49514e-06
-5.98201e-05
2.1521e-05
-0.000184961
4.80578e-05
-0.000320794
8.50561e-05
-0.000467603
0.000132411
-0.000625573
0.000189941
-0.00079475
0.000257367
-0.000975019
0.000334291
-0.0011661
0.000420184
-0.00136751
0.00051437
-0.00157861
0.000616023
-0.00179855
0.000724168
-0.00202631
0.000837692
-0.0022607
0.000955359
-0.00250039
0.00107584
-0.00274393
0.00119774
-0.00298978
0.00131967
-0.00323635
0.00144023
-0.00348203
0.00155811
-0.00372522
-0.00396399
0.00167211
5.62039e-06
-6.54405e-05
2.19321e-05
-0.000201273
4.88308e-05
-0.000347692
8.6175e-05
-0.000504947
0.00013376
-0.000673158
0.000191294
-0.000852284
0.00025838
-0.00104211
0.0003345
-0.00124221
0.000418995
-0.00145201
0.000511067
-0.00167068
0.000609773
-0.00189726
0.000714032
-0.00213057
0.000822646
-0.00236932
0.000934322
-0.00261207
0.00104771
-0.00285731
0.00116142
-0.00310349
0.00127412
-0.00334904
0.00138452
-0.00359243
0.00149144
-0.00383214
-0.00406642
0.00159387
5.71579e-06
-7.11563e-05
2.22222e-05
-0.000217779
4.93257e-05
-0.000374796
8.67888e-05
-0.00054241
0.000134302
-0.000720671
0.000191462
-0.000909444
0.000257755
-0.0011084
0.00033254
-0.001317
0.000415037
-0.0015345
0.000504332
-0.00175998
0.000599376
-0.0019923
0.000699
-0.0022302
0.000801942
-0.00247226
0.000906872
-0.002717
0.00101244
-0.00296288
0.00111729
-0.00320835
0.00122017
-0.00345192
0.0013199
-0.00369216
0.00141547
-0.0039277
-0.00415698
0.00150603
5.7781e-06
-7.69344e-05
2.23798e-05
-0.000234381
4.95194e-05
-0.000401935
8.686e-05
-0.000579751
0.000133986
-0.000767797
0.000190382
-0.00096584
0.000255415
-0.00117343
0.000328329
-0.00138991
0.00040823
-0.00161441
0.000494097
-0.00184585
0.000584791
-0.002083
0.000679073
-0.00232448
0.000775635
-0.00256882
0.000873135
-0.0028145
0.000970241
-0.00305998
0.00106567
-0.00330378
0.00115825
-0.0035445
0.00124693
-0.00378084
0.00133086
-0.00401163
-0.00423551
0.00140939
5.80434e-06
-8.27387e-05
2.23947e-05
-0.000250971
4.93913e-05
-0.000428932
8.63567e-05
-0.000616716
0.000132768
-0.000814208
0.000187999
-0.00102107
0.000251304
-0.00123674
0.000321813
-0.00146042
0.000398531
-0.00169112
0.000480343
-0.00192766
0.000566034
-0.00216869
0.000654314
-0.00241276
0.000743854
-0.00265836
0.000833321
-0.00290397
0.000921426
-0.00314809
0.00100697
-0.00338933
0.00108888
-0.00362641
0.00116625
-0.00385822
0.00123839
-0.00408377
-0.00430195
0.00130483
5.79184e-06
-8.85305e-05
2.2258e-05
-0.000267437
4.89245e-05
-0.000455598
8.52533e-05
-0.000653045
0.000130616
-0.000859571
0.000184278
-0.00107473
0.000245387
-0.00129785
0.000312969
-0.001528
0.000385936
-0.00176409
0.000463095
-0.00200482
0.000543175
-0.00224877
0.000624856
-0.00249444
0.000706804
-0.00274031
0.000787719
-0.00298488
0.000866376
-0.00322674
0.000941669
-0.00346462
0.00101265
-0.00369739
0.00107857
-0.00392414
0.00113888
-0.00414408
-0.00435635
0.00119327
5.73969e-06
-9.42702e-05
2.19654e-05
-0.000283663
4.81098e-05
-0.000481743
8.35366e-05
-0.000688472
0.000127515
-0.00090355
0.000179207
-0.00112642
0.000237661
-0.0013563
0.000301811
-0.00159215
0.000370487
-0.00183277
0.000442438
-0.00207677
0.000516352
-0.00232268
0.000590897
-0.00256899
0.000664762
-0.00281417
0.000736694
-0.00305681
0.000805553
-0.0032956
0.000870341
-0.00352941
0.000930243
-0.0037573
0.00098465
-0.00397854
0.00103317
-0.0041926
-0.00439884
0.00107567
5.64404e-06
-9.99143e-05
2.15071e-05
-0.000299526
4.69317e-05
-0.000507167
8.11867e-05
-0.000722727
0.000123444
-0.000945808
0.000172771
-0.00117575
0.000228124
-0.00141165
0.000288357
-0.00165239
0.000352238
-0.00189665
0.000418467
-0.002143
0.000485716
-0.00238993
0.00055266
-0.00263593
0.000618026
-0.00287954
0.000680632
-0.00311942
0.000739433
-0.0033544
0.000793551
0.000842309
0.000885243
0.00092211
0.000952899
5.50492e-06
-0.000105419
2.08825e-05
-0.000314904
4.53897e-05
-0.000531675
7.82059e-05
-0.000755543
0.000118414
-0.000986015
0.000164992
0.000216819
0.000272684
0.000331302
0.00039135
0.000451497
0.000510445
0.000566977
0.000619996
5.3217e-06
2.00907e-05
4.34845e-05
7.46003e-05
0.00250332
0.00119665
-0.0025067
0.00249505
0.00131311
0.00248149
0.00142295
0.00246229
0.00152523
0.00243712
0.00161905
0.00240569
0.00170354
0.00236779
0.00177796
0.0023233
0.00184168
0.00227217
0.00189427
0.00221449
0.0019355
0.00215047
0.00196539
0.00198425
0.00256729
0.00119757
-0.00256821
0.00256176
0.00131864
0.0025512
0.0014335
0.00253524
0.00154119
0.00251351
0.00164077
0.00248571
0.00173135
0.00245156
0.00181211
0.00241088
0.00188236
0.00236359
0.00194156
0.0023097
0.00198938
0.00224936
0.00202573
0.00205078
0.0026304
0.00119601
-0.00262885
0.00262764
0.0013214
0.00262016
0.00144098
0.00260756
0.0015538
0.00258944
0.00165889
0.00256546
0.00175533
0.00253532
0.00184225
0.00249877
0.00191891
0.00245567
0.00198466
0.00240596
0.00203909
0.00234972
0.00208197
0.00211336
0.00269262
0.00119205
-0.00268866
0.0026926
0.00132143
0.00268818
0.00144541
0.00267893
0.00156304
0.00266446
0.00167336
0.00264438
0.00177541
0.00261834
0.0018683
0.00258604
0.0019512
0.00254729
0.00202342
0.00250196
0.00208442
0.00245004
0.00213389
0.00217173
0.00275396
0.00118577
-0.00274768
0.00275661
0.00131878
0.00275519
0.00144682
0.00274928
0.00156895
0.00273844
0.00168419
0.00272227
0.00179158
0.00270038
0.00189019
0.00267242
0.00197915
0.00263814
0.0020577
0.00259734
0.00212522
0.00254996
0.00218127
0.00222567
0.0028145
0.00117728
-0.00280602
0.00281971
0.00131358
0.00282121
0.00144532
0.00281857
0.00157159
0.00281133
0.00169143
0.00279906
0.00180385
0.00278135
0.00190791
0.0027578
0.0020027
0.0027281
0.0020874
0.00269199
0.00216132
0.00264934
0.00222392
0.0022749
0.00287433
0.00116674
-0.00286378
0.00288197
0.00130594
0.00288628
0.00144102
0.00288681
0.00157107
0.0028831
0.00169513
0.00287469
0.00181225
0.00286115
0.00192146
0.00284204
0.00202181
0.00281699
0.00211245
0.00278571
0.00219261
0.00274796
0.00226167
0.00231921
0.00293355
0.00115428
-0.0029211
0.00294347
0.00129601
0.00295045
0.00143404
0.00295402
0.00156749
0.00295374
0.00169542
0.00294912
0.00181687
0.0029397
0.00193088
0.00292502
0.00203649
0.00290467
0.0021328
0.00287828
0.00221899
0.00284557
0.00229438
0.00235842
0.0029923
0.0011401
-0.00297812
0.00300433
0.00128398
0.0030138
0.00142457
0.00302028
0.00156102
0.00302328
0.00169241
0.00302234
0.00181782
0.00301695
0.00193626
0.00300665
0.00204679
0.00299098
0.00214847
0.00296953
0.00224045
0.00294195
0.00232196
0.00239238
0.00305072
0.00112437
-0.00303499
0.00306467
0.00127003
0.00307646
0.00141279
0.00308565
0.00155183
0.00309178
0.00168629
0.00309436
0.00181523
0.0030929
0.00193772
0.00308689
0.0020528
0.00307585
0.00215951
0.00305932
0.00225697
0.00303691
0.00234436
0.00242099
0.00310895
0.00110727
-0.00309186
0.00312464
0.00125434
0.00313854
0.00139888
0.00315025
0.00154012
0.00315931
0.00167722
0.00316525
0.0018093
0.00316755
0.00193542
0.0031657
0.00205465
0.0031592
0.00216602
0.00314755
0.00226862
0.00313031
0.0023616
0.00244421
0.00316715
0.00108901
-0.00314889
0.00318437
0.00123712
0.00320019
0.00138306
0.00321421
0.0015261
0.00322599
0.00166544
0.00323508
0.00180022
0.00324096
0.00192954
0.00324311
0.00205249
0.00324102
0.00216811
0.00323415
0.00227549
0.00322203
0.00237373
0.00246202
0.00322547
0.00106975
-0.00320622
0.00324403
0.00121857
0.00326154
0.00136555
0.00327766
0.00150999
0.00329195
0.00165114
0.00330397
0.0017882
0.00331321
0.0019203
0.00331917
0.00204653
0.00332131
0.00216598
0.00331908
0.00227771
0.00331198
0.00238083
0.00247448
0.00328407
0.00104967
-0.00326399
0.00330376
0.00119887
0.00332278
0.00134653
0.00334076
0.001492
0.00335733
0.00163458
0.00337204
0.00177349
0.00338442
0.00190792
0.00339396
0.00203699
0.00340012
0.00215981
0.00340236
0.00227547
0.00340014
0.00238305
0.00248169
0.00334307
0.00102893
-0.00332233
0.00336373
0.00117822
0.00338403
0.00132623
0.00340367
0.00147237
0.00342227
0.00161597
0.00343944
0.00175633
0.00345471
0.00189265
0.00346758
0.00202412
0.00347754
0.00214985
0.00348404
0.00226897
0.00348651
0.00238058
0.00248378
0.00340262
0.00100767
-0.00338136
0.00342407
0.00115677
0.00344547
0.00130482
0.00346655
0.00145129
0.00348696
0.00159556
0.00350633
0.00173696
0.00352423
0.00187475
0.00354018
0.00200816
0.00355368
0.00213636
0.00356418
0.00225847
0.00357112
0.00237363
0.00248096
0.00346282
0.000986026
-0.00344118
0.00348491
0.00113468
0.00350724
0.0012825
0.00352955
0.00142898
0.00355155
0.00157356
0.00357288
0.00171562
0.00359315
0.00185448
0.00361191
0.0019894
0.00362867
0.00211959
0.00364291
0.00224424
0.00365407
0.00236247
0.00247345
0.0035238
0.000964108
-0.00350188
0.00354639
0.00111209
0.00356947
0.00125941
0.00359283
0.00140562
0.0036162
0.0015502
0.00363925
0.00169257
0.00366164
0.0018321
0.00368294
0.0019681
0.00370268
0.00209985
0.00372037
0.00222655
0.00373547
0.00234738
0.00246151
0.00358564
0.000942017
-0.00356355
0.00360861
0.00108912
0.0036323
0.00123572
0.00365654
0.00138139
0.00368107
0.00152566
0.00370563
0.00166801
0.00372988
0.00180785
0.00375344
0.00194454
0.00377588
0.0020774
0.00379673
0.0022057
0.00381546
0.00232865
0.00244545
0.00364843
0.000919833
-0.00362625
0.00367167
0.00106588
0.00369585
0.00121154
0.0037208
0.00135644
0.00374632
0.00150014
0.00377216
0.00164216
0.00379804
0.00178197
0.00382361
0.00191898
0.00384846
0.00205255
0.00387217
0.002182
0.00389422
0.00230659
0.00242556
0.00371224
0.000897626
-0.00369003
0.00373566
0.00104245
0.00376021
0.001187
0.00378574
0.00133091
0.00381208
0.0014738
0.00383902
0.00161522
0.00386631
0.00175468
0.00389362
0.00189166
0.00392062
0.00202555
0.00394688
0.00215573
0.00397195
0.00228152
0.00240218
0.00377713
0.000875453
-0.00375496
0.00380067
0.00101891
0.00382548
0.00116218
0.00385147
0.00130493
0.00387849
0.00144679
0.00390635
0.00158736
0.00393483
0.0017262
0.00396367
0.00186282
0.00399254
0.00199668
0.00402107
0.0021272
0.00404884
0.00225375
0.00237564
0.00384316
0.000853359
-0.00382106
0.00386674
0.000995331
0.00389175
0.00113717
0.00391809
0.00127858
0.00394566
0.00141922
0.00397428
0.00155873
0.00400379
0.0016967
0.00403393
0.00183268
0.00406443
0.00196618
0.00409495
0.00209668
0.00412512
0.00222358
0.00234626
0.00391037
0.000831378
-0.00388839
0.00393395
0.000971751
0.00395908
0.00111204
0.0039857
0.00125197
0.00401369
0.00139122
0.00404295
0.00152947
0.00407331
0.00166634
0.00410456
0.00180142
0.00413647
0.00193428
0.00416873
0.00206442
0.00420101
0.0021913
0.00231436
0.00397881
0.00080954
-0.00395697
0.00400235
0.000948215
0.00402755
0.00108684
0.00405435
0.00122516
0.0040827
0.00136288
0.00411247
0.0014997
0.00414353
0.00163527
0.00417573
0.00176923
0.00420883
0.00190117
0.00424259
0.00203065
0.00427671
0.00215718
0.00228023
0.00404851
0.000787867
-0.00402684
0.00407197
0.000924755
0.0040972
0.00106162
0.00412414
0.00119822
0.00415275
0.00133428
0.00418293
0.00146951
0.00421459
0.00160362
0.00424756
0.00173625
0.00428169
0.00186705
0.00431674
0.0019956
0.00435245
0.00212147
0.00224417
0.00411951
0.000766375
-0.00409802
0.00414287
0.000901395
0.00416808
0.00103641
0.00419511
0.00117118
0.00422392
0.00130547
0.00425444
0.001439
0.00428657
0.00157148
0.00432021
0.00170262
0.00435519
0.00183207
0.00439134
0.00195945
0.00442842
0.00208439
0.00220643
0.00419184
0.000745077
-0.00417054
0.00421508
0.000878155
0.00424025
0.00101124
0.00426733
0.0011441
0.00429629
0.00127651
0.00432707
0.00140822
0.0043596
0.00153896
0.00439378
0.00166844
0.00442949
0.00179636
0.00446656
0.00192238
0.00450482
0.00204613
0.00216723
0.00426552
0.000723981
-0.00424443
0.00428863
0.000855049
0.00431374
0.000986127
0.00434084
0.001117
0.0043699
0.00124745
0.00440089
0.00137723
0.00443374
0.00150611
0.00446837
0.0016338
0.00450469
0.00176004
0.00454256
0.00188451
0.00458181
0.00200688
0.0021268
0.0043406
0.000703096
-0.00431971
0.00436356
0.000832089
0.00438859
0.000961095
0.00441569
0.00108991
0.00444482
0.00121831
0.00447597
0.00134608
0.00450908
0.00147299
0.0045441
0.00159879
0.00458093
0.00172321
0.00461946
0.00184598
0.00465956
0.00196678
0.0020853
0.00441709
0.000682425
-0.00439642
0.0044399
0.000809283
0.00446484
0.000936153
0.00449191
0.00106284
0.0045211
0.00118913
0.00455237
0.00131481
0.0045857
0.00143966
0.00462103
0.00156346
0.00465829
0.00168595
0.00469739
0.00180687
0.00473822
0.00192596
0.0020429
0.00449503
0.000661971
-0.00447458
0.00451768
0.000786636
0.00454252
0.00091131
0.00456956
0.0010358
0.00459877
0.00115991
0.00463015
0.00128343
0.00466366
0.00140616
0.00469925
0.00152786
0.00473688
0.00164832
0.00477647
0.00176729
0.00481791
0.00188451
0.00199972
0.00457445
0.000641737
-0.00455422
0.00459694
0.000764152
0.00462167
0.000886574
0.00464866
0.00100881
0.00467789
0.00113068
0.00470935
0.00125198
0.00474301
0.0013725
0.00477883
0.00149204
0.00481678
0.00161037
0.00485678
0.00172729
0.00489876
0.00184253
0.00195586
0.00465538
0.000621722
-0.00463537
0.0046777
0.000741833
0.00470233
0.000861947
0.00472926
0.00098188
0.00475849
0.00110145
0.00479002
0.00122045
0.00482381
0.00133871
0.00485983
0.00145601
0.00489806
0.00157215
0.00493843
0.00168691
0.00498088
0.00180008
0.00502531
0.00191143
0.00202069
0.00473785
0.000601927
-0.00471806
0.00476
0.00071968
0.00478452
0.000837433
0.00481139
0.000955005
0.00484063
0.00107221
0.0048722
0.00118888
0.00490611
0.0013048
0.00494231
0.0014198
0.00498079
0.00153367
0.00502149
0.00164622
0.00506435
0.00175722
0.0051093
0.00186647
0.00197374
0.0048219
0.00058235
-0.00480232
0.00484388
0.000697693
0.00486829
0.000813031
0.0048951
0.000928189
0.00492433
0.00104299
0.00495595
0.00115725
0.00498996
0.00127079
0.00502633
0.00138343
0.00506503
0.00149497
0.00510603
0.00160522
0.00514926
0.00171399
0.00519467
0.00182106
0.00192623
0.00490755
0.000562988
-0.00488819
0.00492937
0.000675869
0.00495366
0.000788741
0.00498042
0.000901433
0.00500963
0.00101377
0.0050413
0.00112558
0.00507541
0.00123669
0.00511193
0.00134691
0.00515085
0.00145606
0.00519212
0.00156395
0.0052357
0.00167041
0.00528153
0.00177522
0.0018782
0.00499485
0.00054384
-0.0049757
0.00501651
0.000654207
0.00504069
0.000764562
0.00506738
0.000874737
0.00509659
0.000984564
0.0051283
0.00109387
0.0051625
0.00120249
0.00519918
0.00131023
0.00523829
0.00141694
0.00527982
0.00152242
0.00532373
0.00162651
0.00536995
0.001729
0.00182971
0.00508382
0.000524902
-0.00506488
0.00510533
0.000632704
0.0051294
0.00074049
0.00515604
0.000848098
0.00518524
0.000955362
0.00521699
0.00106212
0.00525129
0.00116819
0.00528811
0.00127342
0.00532742
0.00137763
0.00536921
0.00148064
0.00541342
0.00158229
0.00546002
0.0016824
0.00178079
0.00517452
0.00050617
-0.00515579
0.00519587
0.000611355
0.00521984
0.000716523
0.00524642
0.000821513
0.00527562
0.000926164
0.00530742
0.00103031
0.00534181
0.0011338
0.00537878
0.00123645
0.00541829
0.00133811
0.00546032
0.00143861
0.00550483
0.00153778
0.00555179
0.00163545
0.00173144
0.00526698
0.00048764
-0.00524845
0.00528817
0.000590157
0.00531204
0.000692655
0.00533858
0.000794976
0.00536778
0.000896965
0.00539963
0.000998461
0.00543412
0.00109931
0.00547123
0.00119934
0.00551094
0.0012984
0.00555322
0.00139633
0.00559803
0.00149297
0.00564534
0.00158814
0.00168169
0.00536123
0.000469306
-0.0053429
0.00538229
0.000569104
0.00540606
0.000668881
0.00543255
0.000768484
0.00546176
0.000867759
0.00549367
0.000966554
0.00552826
0.00106471
0.00556553
0.00116208
0.00560544
0.00125849
0.00564796
0.00135381
0.00569308
0.00144785
0.00574073
0.00154048
0.00163153
0.00545734
0.000451164
-0.0054392
0.00547825
0.000548191
0.00550194
0.000645196
0.00552839
0.000742029
0.00555761
0.000838542
0.00558958
0.000934585
0.00562428
0.00103001
0.00566171
0.00112465
0.00570182
0.00121838
0.00574461
0.00131102
0.00579002
0.00140244
0.00583803
0.00149247
0.00158097
0.00555534
0.000433207
-0.00553738
0.00557612
0.000527412
0.00559972
0.000621593
0.00562614
0.000715606
0.00565538
0.000809306
0.00568742
0.000902547
0.00572224
0.000995183
0.00575983
0.00108706
0.00580016
0.00117805
0.00584321
0.00126798
0.00588893
0.00135672
0.00593729
0.00144411
0.00153001
0.00565528
0.000415429
-0.0056375
0.00567593
0.000506759
0.00569946
0.000598065
0.00572586
0.000689207
0.00575512
0.000780044
0.00578723
0.000870433
0.00582218
0.000960233
0.00585995
0.0010493
0.0059005
0.00113749
0.00594382
0.00122466
0.00598986
0.00131068
0.00603859
0.00139538
0.00147864
0.00575721
0.000397824
-0.00573961
0.00577775
0.000486227
0.00580121
0.000574605
0.00582759
0.000662824
0.00585689
0.000750746
0.00588909
0.000838234
0.00592417
0.000925148
0.00596212
0.00101135
0.00600291
0.0010967
0.0060465
0.00118107
0.00609287
0.00126431
0.00614197
0.00134628
0.00142685
0.0058612
0.000380385
-0.00584376
0.00588162
0.000465807
0.00590502
0.000551205
0.0059314
0.000636449
0.00596074
0.000721404
0.00599303
0.000805939
0.00602826
0.000889918
0.00606641
0.000973208
0.00610744
0.00105567
0.00615132
0.00113718
0.00619803
0.0012176
0.00624752
0.00129679
0.00137463
0.00596729
0.000363103
-0.00595001
0.00598761
0.000445491
0.00601096
0.000527856
0.00603734
0.000610072
0.00606673
0.000692009
0.00609913
0.000773538
0.00613452
0.000854531
0.00617287
0.000934858
0.00621416
0.00101439
0.00625835
0.00109299
0.0063054
0.00117054
0.00635529
0.00124691
0.00132197
0.00607556
0.000345971
-0.00605843
0.00609578
0.000425271
0.00611909
0.000504549
0.00614547
0.000583683
0.00617493
0.000662549
0.00620745
0.000741022
0.00624301
0.000818977
0.00628157
0.000896289
0.00632313
0.000972833
0.00636764
0.00104848
0.00641506
0.00112312
0.00646536
0.00119661
0.00126884
0.00618606
0.00032898
-0.00616907
0.00620619
0.000405137
0.00622947
0.000481274
0.00625588
0.000557273
0.00628541
0.000633013
0.00631806
0.000708377
0.00635379
0.000783241
0.00639259
0.000857488
0.00643443
0.000930996
0.00647927
0.00100364
0.00652708
0.00107531
0.0065778
0.00114589
0.00121524
0.00629886
0.000312123
-0.00628201
0.00631892
0.000385081
0.00634217
0.000458022
0.00636862
0.00053083
0.00639824
0.000603391
0.00643102
0.00067559
0.00646695
0.000747312
0.006506
0.00081844
0.00654814
0.00088886
0.00659333
0.000958455
0.00664153
0.00102711
0.0066927
0.00109471
0.00116115
0.00641405
0.000295388
-0.00639731
0.00643404
0.000365092
0.00645728
0.00043478
0.00648377
0.000504342
0.00651349
0.000573668
0.00654643
0.000642649
0.00658257
0.000711174
0.00662188
0.000779131
0.00666433
0.00084641
0.00670988
0.0009129
0.0067585
0.000978492
0.00681014
0.00104308
0.00110654
0.00653169
0.000278768
-0.00651507
0.00655162
0.00034516
0.00657486
0.000411537
0.00660141
0.000477797
0.00663124
0.000543833
0.00666435
0.00060954
0.00670071
0.000674812
0.0067403
0.000739543
0.00678308
0.000803628
0.00682902
0.000866961
0.00687808
0.000929438
0.0069302
0.000990952
0.0010514
0.00665187
0.00026225
-0.00663535
0.00667175
0.000325272
0.00669501
0.000388282
0.00672162
0.000451181
0.00675159
0.000513869
0.00678488
0.000576245
0.00682149
0.000638209
0.00686137
0.000699659
0.0069045
0.000760496
0.00695085
0.000820618
0.00700036
0.000879926
0.00705299
0.000938321
0.000995703
0.00677467
0.000245824
-0.00675825
0.00679453
0.000305417
0.00681781
0.000365001
0.00684451
0.000424481
0.00687462
0.000483762
0.00690811
0.000542749
0.00694497
0.000601347
0.00698517
0.00065946
0.00702868
0.000716993
0.00707544
0.00077385
0.00712544
0.000829936
0.0071786
0.000885157
0.000939421
0.0069002
0.000229479
-0.00688386
0.00692004
0.000285582
0.00694336
0.000341679
0.00697016
0.00039768
0.00700043
0.000453495
0.00703414
0.000509035
0.00707128
0.000564208
0.00711181
0.000618926
0.00715571
0.000673097
0.00720293
0.000726632
0.00725342
0.000779442
0.00730714
0.000831437
0.000882529
0.00702855
0.000213201
-0.00701227
0.00704838
0.000265754
0.00707175
0.000318303
0.00709867
0.000370763
0.00712912
0.000423051
0.00716307
0.000475082
0.00720051
0.000526771
0.0072414
0.000578034
0.00728571
0.000628786
0.0073334
0.000678942
0.00738442
0.000728418
0.00743873
0.000777131
0.000824997
0.00715982
0.000196978
-0.0071436
0.00717966
0.000245917
0.00720311
0.000294855
0.00723016
0.000343712
0.0072608
0.00039241
0.00729501
0.000440871
0.00733277
0.000489014
0.00737404
0.000536762
0.00741879
0.000584033
0.00746698
0.000630751
0.00751857
0.000676835
0.00757349
0.000722209
0.000766795
0.00729414
0.000180794
-0.00727795
0.007314
0.000226056
0.00733753
0.000271318
0.00736474
0.000316508
0.0073956
0.000361553
0.00743009
0.000406379
0.00746819
0.000450914
0.00750987
0.000495083
0.00755509
0.000538813
0.00760381
0.000582031
0.00765598
0.000624664
0.00771155
0.00066664
0.000707887
0.00743161
0.000164636
-0.00741545
0.00745151
0.000206154
0.00747515
0.000247675
0.00750253
0.000289131
0.00753362
0.000330457
0.00756842
0.000371583
0.00760689
0.000412444
0.007649
0.00045297
0.00769472
0.000493095
0.007744
0.00053275
0.0077968
0.00057187
0.00785305
0.000610388
0.000648237
0.00757236
0.000148485
-0.00755621
0.00759232
0.000186192
0.00761609
0.000223904
0.00764366
0.00026156
0.00767502
0.000299098
0.00771015
0.000336458
0.00774902
0.000373577
0.00779159
0.000410394
0.00783784
0.000446847
0.00788771
0.000482876
0.00794116
0.000518418
0.00799814
0.000553414
0.000587804
0.00771653
0.000132324
-0.00770037
0.00773658
0.000166151
0.00776049
0.000199985
0.00778828
0.00023377
0.00781993
0.000267452
0.00785541
0.000300975
0.00789471
0.000334284
0.00793778
0.000367323
0.00798459
0.000400037
0.00803509
0.000432371
0.00808924
0.00046427
0.00814698
0.000495679
0.000526544
0.00786427
0.000116136
-0.00784809
0.00788441
0.000146011
0.0079085
0.000175895
0.00793654
0.000205737
0.0079685
0.00023549
0.00800437
0.000265105
0.00804412
0.000294532
0.00808772
0.000323722
0.00813513
0.000352626
0.00818631
0.000381195
0.0082412
0.000409382
0.00829974
0.000437136
0.000464411
0.00801573
9.98991e-05
-0.00799949
0.00803599
0.000125749
0.00806028
0.000151608
0.00808858
0.000177434
0.00812089
0.000203183
0.00815718
0.000228815
0.00819742
0.000254286
0.00824159
0.000279553
0.00828964
0.000304574
0.00834153
0.000329307
0.0083972
0.000353709
0.0084566
0.000377738
0.000401353
0.00817106
8.35912e-05
-0.00815476
0.00819147
0.00010534
0.00821598
0.000127098
0.00824459
0.00014883
0.00827727
0.0001705
0.00831401
0.000192071
0.00835479
0.000213509
0.00839957
0.000234777
0.0084483
0.000255838
0.00850095
0.000276658
0.00855746
0.000297201
0.00861777
0.000317431
0.000337312
0.00833045
6.7188e-05
-0.00831404
0.00835103
8.4757e-05
0.00837579
0.000102335
0.00840473
0.000119893
0.00843783
0.000137403
0.00847506
0.000154834
0.00851641
0.000172159
0.00856184
0.000189347
0.00861131
0.00020637
0.00866477
0.000223198
0.00872217
0.000239803
0.00878345
0.000256156
0.000272229
0.00849406
5.06625e-05
-0.00847754
0.00851485
6.39702e-05
0.0085399
7.72857e-05
0.00856921
9.05875e-05
0.00860276
0.000103853
0.00864053
0.000117061
0.0086825
0.000130189
0.00872863
0.000143214
0.00877889
0.000156115
0.00883321
0.000168869
0.00889156
0.000181455
0.00895387
0.000193851
0.000206034
0.00866211
3.39834e-05
-0.00864543
0.00868313
4.29445e-05
0.00870851
5.19121e-05
0.00873822
6.08709e-05
0.00877227
6.98063e-05
0.00881063
7.87033e-05
0.00885327
8.75469e-05
0.00890016
9.63223e-05
0.00895126
0.000105014
0.00900652
0.000113608
0.00906589
0.000122089
0.0091293
0.000130442
0.000138653
0.0088348
1.7112e-05
-0.00881793
0.0088561
2.16385e-05
0.00888185
2.61684e-05
0.00891202
3.06946e-05
0.00894662
3.5209e-05
0.00898562
3.97044e-05
0.00902899
4.41733e-05
0.00907671
4.86078e-05
0.00912872
5.30006e-05
0.00918498
5.7344e-05
0.00924544
6.16307e-05
0.00931003
6.5853e-05
7.00039e-05
0.00901239
-0.00899527
0.00903402
0.00906019
0.00909089
0.0091261
0.0091658
0.00920997
0.00925858
0.00931158
0.00936893
0.00943056
0.00949641
0.00250557
0.000947644
0.00107453
0.0025649
0.0009405
0.00107122
0.00262339
0.000931521
0.00106576
0.00268112
0.000920794
0.00105822
0.00273817
0.000908433
0.00104871
0.00279466
0.000894575
0.00103735
0.00285072
0.000879371
0.00102429
0.0029065
0.000862983
0.00100969
0.00296215
0.000845577
0.000993728
0.00301783
0.000827322
0.000976576
0.00307369
0.00080838
0.000958412
0.00312988
0.000788904
0.000939408
0.00318653
0.000769038
0.000919725
0.00324378
0.00074891
0.000899515
0.00330173
0.000728635
0.000878914
0.00336049
0.000708313
0.000858045
0.00342015
0.000688026
0.000837013
0.00348078
0.000667845
0.00081591
0.00354245
0.000647826
0.000794811
0.00360521
0.000628015
0.00077378
0.00366912
0.000608447
0.000752867
0.0037342
0.000589148
0.000732113
0.0038005
0.000570138
0.000711548
0.00386804
0.000551431
0.000691197
0.00393685
0.000533035
0.000671076
0.00400696
0.000514961
0.000651202
0.0040784
0.000497213
0.000631583
0.00415118
0.000479794
0.000612227
0.00422534
0.000462706
0.00059314
0.0043009
0.000445949
0.000574324
0.00437788
0.000429525
0.000555782
0.00445631
0.000413432
0.000537514
0.00453622
0.000397668
0.000519521
0.00461765
0.000382234
0.000501802
0.00470061
0.000367127
0.000484357
0.00478514
0.000352343
0.000467182
0.00487128
0.000337881
0.000450276
0.00495906
0.000323736
0.000433634
0.0050485
0.000309904
0.000417254
0.00513966
0.000296382
0.000401132
0.00523258
0.000283165
0.000385263
0.00532728
0.00027025
0.000369643
0.00542382
0.000257631
0.000354267
0.00552224
0.000245301
0.000339128
0.00562259
0.000233257
0.00032422
0.00572493
0.00022149
0.000309539
0.0058293
0.000209996
0.000295075
0.00593576
0.000198768
0.000280824
0.00604438
0.000187798
0.000266777
0.00615522
0.00017708
0.000252926
0.00626834
0.000166606
0.000239264
0.00638383
0.000156368
0.000225781
0.00650175
0.000146358
0.000212469
0.0066222
0.000136567
0.000199319
0.00674525
0.000126986
0.000186319
0.006871
0.000117606
0.00017346
0.00699954
0.000108415
0.00016073
0.00713099
9.94045e-05
0.000148117
0.00726544
9.05619e-05
0.000135608
0.00740303
8.18755e-05
0.00012319
0.00754386
7.33275e-05
0.000110845
0.00768809
6.49086e-05
9.85605e-05
0.00783584
5.66031e-05
8.63188e-05
0.00798728
4.83938e-05
7.41014e-05
0.00814254
4.02635e-05
6.18882e-05
0.00830181
3.21924e-05
4.96578e-05
0.00846527
2.41591e-05
3.73857e-05
0.00863309
1.61388e-05
2.50435e-05
0.00880548
8.09956e-06
1.25968e-05
0.00898268
)
;

boundaryField
{
    inlet
    {
        type            calculated;
        value           nonuniform 0();
    }
    outlet
    {
        type            calculated;
        value           nonuniform 0();
    }
    cylinder
    {
        type            calculated;
        value           uniform 0;
    }
    top
    {
        type            symmetryPlane;
        value           uniform 0;
    }
    bottom
    {
        type            symmetryPlane;
        value           nonuniform 0();
    }
    defaultFaces
    {
        type            empty;
        value           nonuniform 0();
    }
    procBoundary10to2
    {
        type            processor;
        value           nonuniform List<scalar> 3(-6.60055e-06 -2.73383e-06 -1.51985e-05);
    }
    procBoundary10to9
    {
        type            processor;
        value           nonuniform List<scalar> 
92
(
-0.00358353
-0.00380605
-0.00402148
-0.00422947
-0.00442963
-0.00122233
-0.00146348
-0.00170825
-0.00195527
-0.00220305
-0.00245008
-0.00269488
-0.00293607
-0.00317244
0.000668565
-0.00340297
-0.000110741
-0.000329673
-0.000555068
-0.000786659
0.000112439
-0.00102385
-0.00250031
-0.00255775
-0.00261441
-0.00267039
-0.00272581
-0.0027808
-0.00283552
-0.00289011
-0.00294475
-0.00299958
-0.00305475
-0.00311041
-0.00316667
-0.00322365
-0.00328145
-0.00334017
-0.00339986
-0.0034606
-0.00352243
-0.0035854
-0.00364955
-0.0037149
-0.00378149
-0.00384933
-0.00391846
-0.00398889
-0.00406065
-0.00413376
-0.00420825
-0.00428414
-0.00436145
-0.00444022
-0.00452046
-0.00460221
-0.0046855
-0.00477036
-0.00485682
-0.00494491
-0.00503467
-0.00512614
-0.00521936
-0.00531437
-0.0054112
-0.00550991
-0.00561055
-0.00571316
-0.0058178
-0.00592453
-0.00603341
-0.0061445
-0.00625787
-0.00637359
-0.00649174
-0.00661241
-0.00673567
-0.00686162
-0.00699035
-0.00712198
-0.0072566
-0.00739434
-0.00753531
-0.00767967
-0.00782754
-0.00797907
-0.00813441
-0.00829374
-0.00845723
-0.00862507
-0.00879744
-0.00897458
)
;
    }
    procBoundary10to11
    {
        type            processor;
        value           nonuniform List<scalar> 
103
(
-2.37539e-05
6.72783e-06
8.79194e-06
-1.24172e-05
2.05785e-05
7.4867e-06
4.03221e-05
4.30283e-05
7.04343e-05
9.76033e-05
0.000113435
0.000174937
0.000171812
0.000279041
0.000346558
0.000315283
0.000500175
0.000426708
0.000691131
0.000558664
0.000922378
0.00106435
0.000839978
0.00136236
0.00154268
0.00117751
0.00190447
0.0013737
0.00229588
0.00253206
0.00173976
0.00295498
0.00208042
0.00218284
0.00228715
0.00239166
0.00249602
0.00260011
0.00270365
0.00280636
0.00290799
0.0030083
0.0031071
0.00320421
0.00329952
0.00339294
0.00348441
0.00357395
0.00366158
0.0037474
0.00383153
0.00391411
0.00399533
0.00407539
0.0041545
0.00423291
0.00431084
0.00438852
0.00446617
0.00454401
0.00462224
0.00470106
0.00478062
0.00486109
0.00494262
-0.00206701
0.00507163
0.00515625
0.00524219
0.00532955
0.00541844
0.00550894
0.00560114
0.00569509
0.00579089
0.00588859
0.00598825
0.00608996
0.00619376
0.00629974
0.00640795
0.00651848
0.0066314
0.00674679
0.00686474
0.00698534
0.00710869
0.00723488
0.00736403
0.00749626
0.00763169
0.00777046
0.0079127
0.00805857
0.00820824
0.00836187
0.00851966
0.00868181
0.00884853
0.00902006
0.00919668
0.00937868
0.00956641
)
;
    }
}


// ************************************************************************* //
