/*--------------------------------*- C++ -*----------------------------------*\
  =========                 |
  \\      /  F ield         | OpenFOAM: The Open Source CFD Toolbox
   \\    /   O peration     | Website:  https://openfoam.org
    \\  /    A nd           | Version:  7
     \\/     M anipulation  |
\*---------------------------------------------------------------------------*/
FoamFile
{
    version     2.0;
    format      ascii;
    class       surfaceScalarField;
    location    "65";
    object      phi;
}
// * * * * * * * * * * * * * * * * * * * * * * * * * * * * * * * * * * * * * //

dimensions      [0 3 -1 0 0 0 0];

internalField   nonuniform List<scalar> 
2012
(
0.00134504
-0.00991898
0.00998587
0.00130005
-0.00956921
0.00961421
0.00129636
-0.00440459
0.00440828
0.00129404
0.00151985
-0.00151754
0.00127766
0.00477882
-0.00476244
0.00127217
0.00454695
-0.00454146
0.00128125
0.00207791
-0.00208699
0.00129863
-0.000271922
0.000254541
0.0013145
-0.0016823
0.00166643
0.00133415
-0.00158177
0.00156212
-0.000448431
0.000428043
0.0013495
-0.0098502
0.0012999
-0.00951961
0.00129207
-0.00439676
0.0012885
0.00152342
0.00127381
0.00479351
0.00127144
0.00454932
0.00128298
0.00206637
0.00130126
-0.0002902
0.00131661
-0.00169765
0.00133508
-0.00160024
-0.000468239
0.001354
-0.0097797
0.0012999
-0.00946551
0.00128796
-0.00438482
0.00128318
0.0015282
0.00127024
0.00480645
0.00127103
0.00454853
0.00128504
0.00205235
0.00130422
-0.000309377
0.00131906
-0.0017125
0.00133635
-0.00161753
-0.000487461
0.00135853
-0.00970771
0.00130006
-0.00940705
0.00128403
-0.00436879
0.00127808
0.00153415
0.00126697
0.00481757
0.00127094
0.00454455
0.00128743
0.00203586
0.00130751
-0.000329453
0.00132185
-0.00172684
0.00133797
-0.00163365
-0.000506097
0.00136308
-0.00963442
0.00130037
-0.00934434
0.00128029
-0.00434871
0.00127322
0.00154122
0.00126399
0.00482679
0.00127119
0.00453736
0.00129014
0.00201691
0.00131112
-0.000350428
0.00132498
-0.0017407
0.00133994
-0.00164861
-0.000524144
0.00136764
-0.00956004
0.00130085
-0.00927755
0.00127677
-0.00432463
0.00126861
0.00154938
0.00126133
0.00483408
0.00127175
0.00452694
0.00129317
0.00199549
0.00131504
-0.0003723
0.00132843
-0.00175409
0.00134224
-0.00166243
-0.000541604
0.00137221
-0.00948479
0.00130149
-0.00920682
0.00127347
-0.00429661
0.00126427
0.00155858
0.00125897
0.00483937
0.00127263
0.00451328
0.00129649
0.00197163
0.00131926
-0.000395066
0.0013322
-0.00176703
0.00134488
-0.00167511
-0.000558478
0.00137678
-0.00940887
0.00130229
-0.00913233
0.0012704
-0.00426471
0.0012602
0.00156878
0.00125693
0.00484264
0.00127382
0.00449639
0.00130011
0.00194535
0.00132376
-0.000418725
0.00133627
-0.00177954
0.00134785
-0.00168669
-0.000574772
0.00138133
-0.00933251
0.00130326
-0.00905426
0.00126756
-0.00422901
0.00125641
0.00157994
0.00125521
0.00484384
0.00127532
0.00447627
0.001304
0.00191667
0.00132855
-0.00044327
0.00134065
-0.00179164
0.00135114
-0.00169718
-0.000590491
0.00138587
-0.00925592
0.0013044
-0.0089728
0.00126498
-0.00418959
0.00125292
0.00159201
0.0012538
0.00484295
0.00127712
0.00445295
0.00130817
0.00188563
0.0013336
-0.000468699
0.00134531
-0.00180336
0.00135474
-0.00170661
-0.000605643
0.00139036
-0.00917932
0.0013057
-0.00888814
0.00126266
-0.00414655
0.00124972
0.00160494
0.00125272
0.00483995
0.00127921
0.00442646
0.00131259
0.00185225
0.00133889
-0.000495005
0.00135025
-0.00181472
0.00135866
-0.00171501
-0.000620239
0.00139482
-0.00910291
0.00130716
-0.00880048
0.0012606
-0.00409999
0.00124684
0.00161871
0.00125195
0.00483483
0.00128159
0.00439683
0.00131725
0.00181658
0.00134443
-0.000522182
0.00135546
-0.00182575
0.00136287
-0.00172241
-0.000634289
0.00139922
-0.00902691
0.00130879
-0.00871005
0.00125882
-0.00405002
0.00124426
0.00163326
0.0012515
0.00482759
0.00128423
0.0043641
0.00132215
0.00177867
0.00135019
-0.000550224
0.00136092
-0.00183649
0.00136737
-0.00172886
-0.000647808
0.00140356
-0.00895154
0.00131056
-0.00861705
0.0012573
-0.00399676
0.00124201
0.00164856
0.00125137
0.00481823
0.00128715
0.00432833
0.00132726
0.00173855
0.00135616
-0.000579123
0.00136663
-0.00184695
0.00137215
-0.00173439
-0.000660812
0.00140782
-0.00887698
0.00131249
-0.00852172
0.00125607
-0.00394033
0.00124007
0.00166455
0.00125155
0.00480675
0.00129031
0.00428957
0.00133258
0.00169629
0.00136232
-0.000608871
0.00137256
-0.00185719
0.00137721
-0.00173904
-0.000673318
0.001412
-0.00880344
0.00131457
-0.00842428
0.00125511
-0.00388088
0.00123846
0.0016812
0.00125204
0.00479317
0.00129373
0.00424788
0.00133808
0.00165193
0.00136867
-0.00063946
0.00137871
-0.00186723
0.00138252
-0.00174285
-0.000685347
0.00141609
-0.00873112
0.00131678
-0.00832497
0.00125444
-0.00381854
0.00123718
0.00169846
0.00125283
0.00477752
0.00129737
0.00420334
0.00134376
0.00160555
0.00137518
-0.00067088
0.00138505
-0.0018771
0.00138808
-0.00174588
-0.000696921
0.00142007
-0.0086602
0.00131913
-0.00822403
0.00125405
-0.00375346
0.00123622
0.00171628
0.00125392
0.00475982
0.00130124
0.00415602
0.0013496
0.00155719
0.00138184
-0.000703122
0.00139159
-0.00188685
0.00139389
-0.00174818
-0.000708063
0.00142393
-0.00859086
0.0013216
-0.00812169
0.00125393
-0.00368579
0.00123559
0.00173463
0.0012553
0.00474011
0.00130531
0.00410601
0.00135558
0.00150692
0.00138863
-0.000736175
0.0013983
-0.00189652
0.00139991
-0.00174979
-0.000718798
0.00142767
-0.00852326
0.00132418
-0.00801821
0.0012541
-0.00361571
0.00123528
0.00175345
0.00125697
0.00471842
0.00130959
0.00405339
0.00136169
0.00145481
0.00139555
-0.000770029
0.00140517
-0.00190614
0.00140615
-0.00175078
-0.000729156
0.00143127
-0.00845759
0.00132688
-0.00791382
0.00125454
-0.00354337
0.00123529
0.00177271
0.00125891
0.00469479
0.00131405
0.00399826
0.00136792
0.00140094
0.00140256
-0.00080467
0.00141218
-0.00191575
0.00141259
-0.00175119
-0.000739165
0.00143472
-0.00839398
0.00132967
-0.00780876
0.00125525
-0.00346896
0.00123561
0.00179235
0.00126113
0.00466927
0.00131868
0.00394071
0.00137425
0.00134536
0.00140967
-0.000840088
0.00141932
-0.00192541
0.00141922
-0.00175109
-0.000748856
0.00143802
-0.00833258
0.00133254
-0.00770328
0.00125622
-0.00339264
0.00123625
0.00181232
0.0012636
0.00464192
0.00132347
0.00388083
0.00138067
0.00128817
0.00141685
-0.00087627
0.00142658
-0.00193513
0.00142603
-0.00175054
-0.000758262
0.00144115
-0.00827354
0.0013355
-0.00759763
0.00125746
-0.0033146
0.0012372
0.00183257
0.00126633
0.00461279
0.00132842
0.00381875
0.00138716
0.00122943
0.00142409
-0.0009132
0.00143393
-0.00194498
0.00143299
-0.0017496
-0.000767419
0.0014441
-0.00821696
0.00133851
-0.00749203
0.00125894
-0.00323502
0.00123845
0.00185306
0.0012693
0.00458194
0.00133349
0.00375456
0.00139371
0.00116921
0.00143137
-0.000950866
0.00144138
-0.00195498
0.00144011
-0.00174833
-0.000776361
0.00144687
-0.00816297
0.00134158
-0.00738674
0.00126066
-0.00315411
0.00123999
0.00187374
0.0012725
0.00454942
0.00133869
0.00368837
0.0014003
0.00110761
0.00143868
-0.000989252
0.00144889
-0.00196519
0.00144736
-0.0017468
-0.000785127
0.00144945
-0.00811167
0.00134468
-0.00728197
0.00126262
-0.00307204
0.00124182
0.00189454
0.00127593
0.00451531
0.00134401
0.00362029
0.00140692
0.0010447
0.00144601
-0.00102834
0.00145646
-0.00197564
0.00145473
-0.00174508
-0.000793755
0.00145182
-0.00806315
0.00134782
-0.00717796
0.00126479
-0.00298902
0.00124392
0.00191541
0.00127957
0.00447966
0.00134942
0.00355044
0.00141356
0.000980552
0.00145334
-0.00106812
0.00146407
-0.00198637
0.00146221
-0.00174322
-0.000802285
0.00145399
-0.00801749
0.00135096
-0.00707494
0.00126718
-0.00290523
0.00124629
0.0019363
0.00128341
0.00444254
0.00135492
0.00347893
0.00142021
0.000915258
0.00146066
-0.00110857
0.00147171
-0.00199742
0.00146979
-0.0017413
-0.000810758
0.00145593
-0.00797476
0.00135411
-0.00697311
0.00126977
-0.00282089
0.00124892
0.00195715
0.00128744
0.00440403
0.00136049
0.00340588
0.00142685
0.000848896
0.00146795
-0.00114967
0.00147937
-0.00200884
0.00147745
-0.00173938
-0.000819216
0.00145765
-0.00793502
0.00135724
-0.0068727
0.00127254
-0.00273619
0.00125179
0.00197789
0.00129164
0.00436417
0.00136612
0.00333141
0.00143347
0.000781547
0.00147521
-0.00119141
0.00148703
-0.00202066
0.00148518
-0.00173753
-0.000827701
0.00145914
-0.00789832
0.00136035
-0.00677391
0.00127548
-0.00265132
0.0012549
0.00199847
0.00129602
0.00432306
0.00137181
0.00325562
0.00144006
0.000713294
0.00148241
-0.00123376
0.00149467
-0.00203292
0.00149296
-0.00173581
-0.000836258
0.00146039
-0.00786468
0.00136341
-0.00667693
0.00127858
-0.00256648
0.00125823
0.00201881
0.00130055
0.00428074
0.00137753
0.00317863
0.00144661
0.000644217
0.00148956
-0.0012767
0.0015023
-0.00204566
0.00150078
-0.0017343
-0.00084493
0.0014614
-0.00783415
0.00136642
-0.00658195
0.00128182
-0.00248188
0.00126177
0.00203886
0.00130522
0.00423729
0.00138329
0.00310057
0.00145311
0.000574398
0.00149663
-0.00132023
0.00150988
-0.00205891
0.00150864
-0.00173306
-0.000853762
0.00146216
-0.00780672
0.00136937
-0.00648916
0.00128519
-0.00239771
0.00126551
0.00205854
0.00131003
0.00419277
0.00138906
0.00302153
0.00145954
0.000503915
0.00150362
-0.00136431
0.00151742
-0.00207271
0.00151651
-0.00173215
-0.000862798
0.00146266
-0.00778241
0.00137223
-0.00639873
0.00128867
-0.00231415
0.00126943
0.00207779
0.00131495
0.00414725
0.00139484
0.00294164
0.00146591
0.000432848
0.00151052
-0.00140892
0.0015249
-0.00208709
0.00152439
-0.00173163
-0.000872084
0.0014629
-0.00776121
0.001375
-0.00631082
0.00129225
-0.00223141
0.00127351
0.00209653
0.00131998
0.00410077
0.00140062
0.00286101
0.00147219
0.000361276
0.00151732
-0.00145405
0.00153231
-0.00210208
0.00153226
-0.00173158
-0.000881663
0.00146289
-0.0077431
0.00137765
-0.00622559
0.00129591
-0.00214966
0.00127775
0.00211469
0.00132511
0.00405341
0.00140638
0.00277973
0.00147839
0.000289274
0.00152401
-0.00149967
0.00153965
-0.00211772
0.00154012
-0.00173205
-0.00089158
0.0014626
-0.00772807
0.0013802
-0.00614318
0.00129963
-0.0020691
0.00128212
0.0021322
0.00133032
0.00400521
0.00141212
0.00269793
0.00148448
0.000216916
0.00153058
-0.00154576
0.00154689
-0.00213404
0.00154794
-0.0017331
-0.00090188
0.00146207
0.00138264
-0.00606375
0.00130343
-0.00198988
0.00128663
0.002149
0.00133559
0.00395625
0.00141783
0.00261569
0.00149047
0.000144274
0.00153701
-0.00159231
0.00155403
-0.00215105
0.00155572
-0.00173479
-0.000912607
0.00213135
-0.00590827
0.00197231
-0.00183084
0.00192036
0.00220095
0.00198406
0.00389254
0.0021035
0.00249625
0.00220426
4.35187e-05
0.00226032
-0.00164837
0.00226978
-0.00216051
0.00225608
-0.00172109
-0.000912184
0.00220063
-0.00575297
0.00203907
-0.00166928
0.00198638
0.00225364
0.00205228
0.00382664
0.00217415
0.00237438
0.00227622
-5.85558e-05
0.00233274
-0.00170489
0.00234215
-0.00216992
0.00232785
-0.00170679
-0.000911029
0.00227244
-0.00559831
0.00210892
-0.00150576
0.00205574
0.00230682
0.00212372
0.00375867
0.00224771
0.0022504
0.00235078
-0.000161635
0.00240757
-0.00176168
0.00241689
-0.00217924
0.00240205
-0.00169194
-0.00090915
0.00234687
-0.00544478
0.002182
-0.00134089
0.0021286
0.00236021
0.00219853
0.00368874
0.00232427
0.00212465
0.002428
-0.00026537
0.00248485
-0.00181852
0.00249403
-0.00218843
0.00247871
-0.00167662
-0.000906562
0.00242398
-0.00529287
0.00225842
-0.00117533
0.00220511
0.00241352
0.00227684
0.00361702
0.00240394
0.00199755
0.00250795
-0.000369379
0.0025646
-0.00187517
0.0025736
-0.00219743
0.00255786
-0.00166087
-0.000903282
0.00250381
-0.00514311
0.00233829
-0.0010098
0.00228541
0.00246639
0.00235879
0.00354364
0.00248682
0.00186952
0.00259068
-0.000473241
0.00264687
-0.00193136
0.00265562
-0.00220618
0.00263952
-0.00164477
-0.000899335
0.00258641
-0.00499602
0.0024217
-0.000845094
0.00236963
0.00251846
0.0024445
0.00346878
0.002573
0.00174102
0.00267626
-0.000576504
0.0027317
-0.0019868
0.0027401
-0.00221458
0.00272371
-0.00162838
-0.000894748
0.00267183
-0.00485209
0.00250875
-0.000682017
0.0024579
0.00256931
0.0025341
0.00339258
0.00266257
0.00161254
0.00276475
-0.00067868
0.0028191
-0.00204115
0.00282706
-0.00222254
0.00281044
-0.00161176
-0.000889553
0.00276008
-0.00471182
0.0025995
-0.000521443
0.00255033
0.00261849
0.00262768
0.00331523
0.00275562
0.00148461
0.00285619
-0.00077925
0.0029091
-0.00209406
0.00291651
-0.00222995
0.00289971
-0.00159497
-0.000883783
0.00285118
-0.00457569
0.00269402
-0.000364278
0.00264701
0.00266549
0.00272535
0.00323689
0.00285221
0.00135775
0.00295063
-0.000877671
0.00300173
-0.00214516
0.00300843
-0.00223665
0.00299152
-0.00157806
-0.000877476
0.00294515
-0.00444412
0.00279233
-0.000211464
0.00274802
0.0027098
0.00282719
0.00315773
0.00295239
0.00123254
0.0030481
-0.000973374
0.00309698
-0.00219404
0.00310284
-0.00224251
0.00308586
-0.00156108
-0.000870672
0.00304197
-0.00431752
0.00289447
-6.39616e-05
0.00285341
0.00275086
0.00293324
0.00307791
0.00305622
0.00110956
0.00314862
-0.00106577
0.00319488
-0.0022403
0.00319972
-0.00224735
0.0031827
-0.00154406
-0.000863412
0.00314164
-0.00419622
0.00300042
7.72539e-05
0.00296321
0.00278807
0.00304353
0.00299758
0.00316371
0.000989384
0.00325221
-0.00115428
0.00329541
-0.00228349
0.00329904
-0.00225099
0.00328202
-0.00152704
-0.000855735
0.00324412
-0.0040805
0.00311016
0.00021121
0.00307739
0.00282084
0.00315807
0.0029169
0.00327486
0.000872597
0.00335887
-0.00123829
0.00339857
-0.0023232
0.0034008
-0.00225321
0.00338378
-0.00151002
-0.000847684
0.00334937
-0.00397057
0.00322363
0.000336952
0.00319594
0.00284853
0.00327683
0.00283601
0.00338966
0.000759775
0.00346858
-0.00131721
0.00350435
-0.00235896
0.00350496
-0.00225382
0.00348795
-0.00149302
-0.000839298
0.00345737
-0.00386654
0.00334076
0.000453558
0.00331876
0.00287053
0.00339975
0.00275502
0.00350805
0.000651474
0.00358131
-0.00139048
0.00361271
-0.00239036
0.00361148
-0.00225259
0.00359448
-0.00147602
-0.000830615
0.00356804
-0.00376845
0.00346143
0.000560161
0.00344575
0.00288622
0.00352671
0.00267406
0.00362996
0.000548224
0.00369702
-0.00145754
0.00372363
-0.00241698
0.00372034
-0.00224929
0.00370332
-0.00145901
-0.000821668
0.00368133
-0.00367623
0.00358552
0.000655965
0.00357673
0.00289501
0.00365757
0.00259323
0.00375528
0.000450516
0.00381563
-0.00151789
0.00383707
-0.00243841
0.00383148
-0.0022437
0.00381441
-0.00144195
-0.000812489
0.00379717
-0.00358972
0.00371286
0.000740272
0.00371152
0.00289634
0.00379215
0.0025126
0.00388387
0.000358793
0.00393707
-0.00157109
0.00395296
-0.00245431
0.00394486
-0.0022356
0.0039277
-0.00142479
-0.000803105
0.00391549
-0.00350864
0.00384326
0.000812495
0.00384988
0.00288972
0.00393023
0.00243226
0.00401558
0.000273439
0.00406122
-0.00161673
0.00407126
-0.00246435
0.00406044
-0.00222478
0.00404313
-0.00140747
-0.000793536
0.00403622
-0.00343263
0.00397653
0.000872188
0.00399153
0.00287472
0.00407154
0.00235225
0.00415021
0.000194769
0.00418798
-0.0016545
0.0041919
-0.00246827
0.00417816
-0.00221104
0.00416063
-0.00138994
-0.000783798
0.0041593
-0.00336121
0.00411243
0.000919056
0.00413615
0.00285099
0.00421579
0.00227261
0.00428754
0.00012302
0.0043172
-0.00168416
0.00431479
-0.00246586
0.00429796
-0.00219422
0.00428014
-0.00137212
-0.000773902
0.00428465
-0.00329382
0.00425073
0.000952979
0.00428342
0.0028183
0.00436266
0.00219338
0.00442733
5.83446e-05
0.00444875
-0.00170557
0.00443986
-0.00245697
0.00441981
-0.00217416
0.00440161
-0.00135392
-0.000763851
0.00441223
-0.00322982
0.00439119
0.000974019
0.00443297
0.00277652
0.00451179
0.00211456
0.00456933
8.04176e-07
0.00458246
-0.0017187
0.00456704
-0.00244155
0.00454364
-0.00215076
0.00452498
-0.00133527
-0.000753644
0.00454199
-0.0031685
0.00453358
0.000982434
0.00458444
0.00272566
0.00466284
0.00203616
0.00471328
-4.9635e-05
0.00471818
-0.0017236
0.00469623
-0.0024196
0.00466941
-0.00212394
0.00465021
-0.00131608
-0.000743271
0.00467389
-0.00310911
0.00467765
0.000978676
0.00473746
0.00266585
0.00481545
0.00195817
0.00485891
-9.31019e-05
0.00485574
-0.00172042
0.00482735
-0.00239121
0.00479707
-0.00209366
0.00477725
-0.00129626
-0.000732719
0.00480792
-0.00305088
0.0048232
0.000963389
0.00489167
0.00259738
0.00496926
0.00188059
0.00500597
-0.000129819
0.004995
-0.00170945
0.00496034
-0.00235654
0.00492661
-0.00205993
0.00490608
-0.00127573
-0.000721969
0.00494406
-0.00299303
0.00497005
0.000937402
0.00504675
0.00252067
0.00512394
0.0018034
0.00515422
-0.000160097
0.00513581
-0.00169105
0.00509512
-0.00231585
0.00505798
-0.00202279
0.00503667
-0.00125442
-0.000710994
0.00508233
-0.0029348
0.00511802
0.000901705
0.0052024
0.00243629
0.00527921
0.00172659
0.00530344
-0.000184326
0.00527805
-0.00166565
0.00523164
-0.00226944
0.00519118
-0.00198232
0.00516902
-0.00123227
-0.000699766
0.00522275
-0.00287549
0.00526702
0.000857432
0.00535839
0.00234493
0.0054348
0.00165018
0.00545344
-0.000202966
0.0054216
-0.00163381
0.00536985
-0.00221769
0.0053262
-0.00193867
0.00530313
-0.0012092
-0.000688249
0.00536537
-0.00281446
0.00541697
0.000805828
0.00551452
0.00224739
0.00559054
0.00157416
0.0056041
-0.000216528
0.0055664
-0.00159611
0.00550975
-0.00216104
0.00546305
-0.00189197
0.00543902
-0.00118516
-0.000676407
0.00551025
-0.00275117
0.00556786
0.000748217
0.00567068
0.00214457
0.00574627
0.00149856
0.00575531
-0.000225567
0.0057124
-0.0015532
0.00565131
-0.00209995
0.00560177
-0.00184244
0.00557673
-0.00116012
-0.000664196
0.00565746
-0.00268516
0.00571972
0.000685963
0.00582683
0.00203746
0.00590195
0.00142344
0.00590704
-0.000230653
0.00585959
-0.00150575
0.00579457
-0.00203494
0.0057424
-0.00179027
0.00571632
-0.00113404
-0.000651573
0.00580709
-0.00261611
0.00587262
0.000620434
0.005983
0.00192708
0.00605758
0.00134885
0.00605929
-0.000232364
0.00600799
-0.00145445
0.00593957
-0.00196651
0.005885
-0.0017357
0.00585784
-0.00110688
-0.000638489
0.00595924
-0.00254379
0.0060267
0.000552967
0.0061393
0.00181449
0.00621324
0.00127491
0.00621214
-0.000231261
0.00615768
-0.00139999
0.00608636
-0.00189519
0.00602964
-0.00167898
0.00600139
-0.00107863
-0.000624896
0.00611401
-0.00246811
0.00618214
0.000484834
0.00629591
0.00170072
0.00636909
0.00120172
0.00636571
-0.000227876
0.00630874
-0.00134302
0.00623505
-0.00182151
0.00617643
-0.00162036
0.00614707
-0.00104927
-0.000610743
0.00627152
-0.00238908
0.00633914
0.000417212
0.00645306
0.00158681
0.00652534
0.00112944
0.00652016
-0.000222698
0.00646131
-0.00128416
0.00638574
-0.00174595
0.00632546
-0.00156008
0.00629498
-0.00101879
-0.000595978
0.00643189
-0.00230677
0.00649794
0.000351164
0.00661103
0.00147371
0.00668224
0.00105823
0.00667571
-0.000216162
0.00661555
-0.001224
0.00653857
-0.00166897
0.00647687
-0.00149837
0.00644527
-0.000987189
-0.00058055
0.00659525
-0.00222136
0.00665879
0.000287622
0.00677017
0.00136234
0.00684012
0.000988273
0.0068326
-0.000208641
0.00677165
-0.00116305
0.00669368
-0.00159101
0.00663078
-0.00143547
0.00659805
-0.000954458
-0.000564406
0.00676172
-0.00213305
0.00682196
0.000227378
0.00693081
0.00125349
0.00699931
0.000919767
0.00699112
-0.000200444
0.00692982
-0.00110175
0.00685124
-0.00151243
0.00678735
-0.00137158
0.00675349
-0.000920596
-0.000547496
0.00693142
-0.0020421
0.00698771
0.000171086
0.00709332
0.00114789
0.00716017
0.000852909
0.00715155
-0.000191816
0.00709028
-0.00104048
0.00701143
-0.00143358
0.00694673
-0.00130689
0.00691174
-0.0008856
-0.00052977
0.00710448
-0.00194875
0.0071563
0.000119261
0.00725806
0.00104613
0.00732307
0.000787895
0.0073142
-0.000182939
0.00725328
-0.000979559
0.00717442
-0.00135472
0.00710908
-0.00124155
0.00707295
-0.00084947
-0.000511182
0.00728101
-0.00185327
0.00732798
7.22898e-05
0.0074254
0.000948712
0.00748838
0.000724909
0.00747938
-0.000173941
0.00741905
-0.000919224
0.00734042
-0.0012761
0.00727458
-0.0011757
0.00723731
-0.000812204
-0.000491687
0.00746113
-0.00175587
0.00750298
3.04431e-05
0.00759567
0.000856026
0.00765646
0.000664119
0.00764741
-0.000164898
0.00758785
-0.000859656
0.00750962
-0.00119787
0.00744338
-0.00110946
0.00740498
-0.0007738
-0.000471245
0.00764496
-0.00165676
0.00768152
-6.11252e-06
0.00776919
0.000768354
0.00782764
0.000605667
0.00781859
-0.00015585
0.00775991
-0.000800976
0.00768223
-0.00112019
0.00761568
-0.00104291
0.00757613
-0.000734255
-0.000449819
0.00783261
-0.00155611
0.0078638
-3.73009e-05
0.00794627
0.000685879
0.00800227
0.000549669
0.00799322
-0.000146799
0.0079355
-0.000743255
0.00785843
-0.00104312
0.00779163
-0.000976111
0.00775095
-0.000693567
-0.000427378
0.00802418
-0.00145405
0.00805
-6.31225e-05
0.00812719
0.000608695
0.00818065
0.000496207
0.00817158
-0.000137729
0.00811484
-0.00068652
0.00803845
-0.000966725
0.00797144
-0.000909101
0.0079296
-0.000651732
-0.000403893
0.00821979
-0.00135069
0.00824031
-8.3643e-05
0.00831219
0.00053681
0.00836307
0.000445328
0.00835395
-0.000128605
0.00829819
-0.000630759
0.00822247
-0.000891009
0.00815527
-0.000841897
0.00811228
-0.000608745
-0.000379341
0.00841955
-0.00124607
0.00843489
-9.89824e-05
0.00850154
0.000470159
0.00854982
0.000397043
0.0085406
-0.000119381
0.00848577
-0.000575931
0.00841071
-0.00081595
0.00834331
-0.000774495
0.00829917
-0.000564602
-0.000353705
0.00862357
-0.00114024
0.0086339
-0.000109307
0.00869545
0.000408605
0.00874117
0.000351323
0.0087318
-0.00011001
0.00867783
-0.000521964
0.00860338
-0.000741499
0.00853576
-0.000706871
0.00849045
-0.000519298
-0.000326973
0.00883198
-0.00103318
0.0088375
-0.000114824
0.00889415
0.000351951
0.00893737
0.000308103
0.00892781
-0.000100442
0.00887461
-0.000468766
0.00880068
-0.000667575
0.0087328
-0.000638984
0.00868632
-0.000472825
-0.000299136
0.00904491
-0.000924865
0.00904586
-0.000115774
0.00909787
0.000299936
0.0091387
0.000267276
0.00912889
-9.06318e-05
0.00907635
-0.000416224
0.00900284
-0.000594073
0.00893463
-0.000570771
0.00888698
-0.000425175
-0.000270192
0.00926247
-0.000815237
0.00925913
-0.000112435
0.00930683
0.000252245
0.0093454
0.000228698
0.00933531
-8.05383e-05
0.00928329
-0.000364207
0.00921008
-0.000520864
0.00914147
-0.000502156
0.00909263
-0.000376339
-0.000240142
0.00948482
-0.000704205
0.0094775
-0.000105116
0.00952124
0.000208503
0.00955776
0.00019218
0.00954735
-7.01278e-05
0.00949571
-0.000312566
0.00942264
-0.000447793
0.00935352
-0.000433041
0.00930349
-0.000326306
-0.000208994
0.00971209
-0.000591652
0.00970113
-9.41608e-05
0.00974136
0.000168277
0.00977605
0.000157491
0.0097653
-5.93742e-05
0.00971387
-0.000261135
0.00964075
-0.000374677
0.00957102
-0.000363311
0.00951977
-0.00027506
-0.000176759
0.00994443
-0.000477432
0.00993022
-7.99522e-05
0.00996743
0.00013107
0.0100006
0.000124354
0.00998945
-4.82597e-05
0.00993804
-0.00020973
0.00986468
-0.000301309
0.0097942
-0.00029283
0.00974172
-0.000222585
-0.000143453
0.010182
-0.000361369
0.0101649
-6.29165e-05
0.0101997
9.63145e-05
0.0102316
9.24402e-05
0.0102201
-3.67751e-05
0.0101685
-0.000158148
0.0100947
-0.000227449
0.0100233
-0.000221444
0.00996958
-0.000168862
-0.000109098
0.0104249
-0.000243253
0.0104055
-4.35301e-05
0.0104385
6.33669e-05
0.0104695
6.1367e-05
0.0104577
-2.4919e-05
0.0104057
-0.00010616
0.0103311
-0.000152824
0.0102586
-0.000148973
0.0102036
-0.000113867
-7.37211e-05
0.0106733
-0.000122843
0.0106521
-2.23295e-05
0.010684
3.14929e-05
0.0107147
3.069e-05
0.0107024
-1.26984e-05
0.0106498
-5.35153e-05
0.0105741
-7.7124e-05
0.0105003
-7.52152e-05
0.0104441
-5.75747e-05
-3.73558e-05
0.0109275
0.0109052
0.0109367
0.0109674
0.0109547
0.0109012
0.0108241
0.0107488
0.0106913
-0.000385548
0.00133627
-0.0100507
0.00130077
-0.0096545
0.00130537
-0.00440783
0.00130569
0.00151651
0.0012862
0.00474446
0.00127463
0.0045329
0.00127882
0.00209361
0.00129441
-0.000238056
0.00131135
-0.00165003
0.00133336
-0.00154128
-0.00040708
0.00134063
0.00130034
0.00130079
0.00129977
0.0012818
0.00127324
0.00127986
0.00129635
0.00131275
0.00133358
)
;

boundaryField
{
    inlet
    {
        type            calculated;
        value           nonuniform 0();
    }
    outlet
    {
        type            calculated;
        value           nonuniform List<scalar> 
103
(
0.00225565
0.00232669
0.00240017
0.00247612
0.00255458
0.00263557
0.00271912
0.00280525
0.00289394
0.00298522
0.00307905
0.00317544
0.00327434
0.00337573
0.00347957
0.0035858
0.00369438
0.00380524
0.00391832
0.00403356
0.00415089
0.00427024
0.00439156
0.00451477
0.00463984
0.0047667
0.00489533
0.0050257
0.00515779
0.00529161
0.00542718
0.00556452
0.00570369
0.00584476
0.0059878
0.00613292
0.00628022
0.00642984
0.00658191
0.00673658
0.00689401
0.00705437
0.00721782
0.00738454
0.0075547
0.0077285
0.00790612
0.00808773
0.00827353
0.00846372
0.00865849
0.00885804
0.00906258
0.00927234
0.00948754
0.00970841
0.00993522
0.0101682
0.0104077
0.0106539
0.00135454
0.00135489
0.00135558
0.00135661
0.00135799
0.0013597
0.00136176
0.00136414
0.00136686
0.0013699
0.00137325
0.00137692
0.00138089
0.00138516
0.00138971
0.00139455
0.00139966
0.00140503
0.00141065
0.00141651
0.0014226
0.00142891
0.00143543
0.00144215
0.00144905
0.00145613
0.00146336
0.00147074
0.00147826
0.00148591
0.00149366
0.00150152
0.00150946
0.00151747
0.00152555
0.00153368
0.00154184
0.00155003
0.00155824
0.00156645
0.00135558
0.00135489
0.00135454
)
;
    }
    cylinder
    {
        type            calculated;
        value           nonuniform 0();
    }
    top
    {
        type            symmetryPlane;
        value           uniform 0;
    }
    bottom
    {
        type            symmetryPlane;
        value           nonuniform 0();
    }
    defaultFaces
    {
        type            empty;
        value           nonuniform 0();
    }
    procBoundary31to14
    {
        type            processor;
        value           nonuniform List<scalar> 4(-0.00141193 -0.00141829 -0.0013988 -0.00140543);
    }
    procBoundary31to15
    {
        type            processor;
        value           nonuniform List<scalar> 
12
(
0.000363455
0.0101132
0.00969
0.00440323
-0.00151683
-0.00472497
-0.00452134
-0.0020978
0.000222462
0.0016331
-0.00133349
0.00151927
)
;
    }
    procBoundary31to30
    {
        type            processor;
        value           nonuniform List<scalar> 
99
(
-0.00142449
-0.00143052
-0.00143637
-0.00144202
-0.00144747
-0.0014527
-0.00145769
-0.00146246
-0.00146697
-0.00147122
-0.00147522
-0.00147894
-0.00148238
-0.00148554
-0.00148841
-0.00149099
-0.00149328
-0.00149526
-0.00149695
-0.00149833
-0.00149942
-0.0015002
-0.00150068
-0.00150086
-0.00150075
-0.00150034
-0.00149965
-0.00149866
-0.00149739
-0.00149585
-0.00149403
-0.00149194
-0.00148958
-0.00148697
-0.00148411
-0.00148099
-0.00147764
-0.00147402
-0.00771612
-0.00228683
-0.00235592
-0.0024271
-0.00250041
-0.00257588
-0.00265357
-0.00273351
-0.00281576
-0.00290035
-0.00298732
-0.00307671
-0.00316857
-0.00326294
-0.00335983
-0.00345931
-0.00356139
-0.00366613
-0.00377354
-0.00388368
-0.00399656
-0.00411223
-0.00423072
-0.00435204
-0.00447624
-0.00460331
-0.00473328
-0.00486615
-0.00500191
-0.00514055
-0.00528206
-0.0054264
-0.00557355
-0.00572347
-0.00587614
-0.00603155
-0.00618968
-0.00635056
-0.0065142
-0.00668066
-0.00685002
-0.00702237
-0.00719782
-0.0073765
-0.00755853
-0.00774407
-0.00793326
-0.00812624
-0.00832316
-0.00852416
-0.00872941
-0.00893904
-0.00915322
-0.0093721
-0.00959585
-0.00982464
-0.0100586
-0.010298
-0.010543
-0.0107937
-0.0110504
)
;
    }
}


// ************************************************************************* //
