/*--------------------------------*- C++ -*----------------------------------*\
  =========                 |
  \\      /  F ield         | OpenFOAM: The Open Source CFD Toolbox
   \\    /   O peration     | Website:  https://openfoam.org
    \\  /    A nd           | Version:  7
     \\/     M anipulation  |
\*---------------------------------------------------------------------------*/
FoamFile
{
    version     2.0;
    format      ascii;
    class       volVectorField;
    location    "69";
    object      U;
}
// * * * * * * * * * * * * * * * * * * * * * * * * * * * * * * * * * * * * * //

dimensions      [0 1 -1 0 0 0 0];

internalField   nonuniform List<vector> 
1062
(
(-0.00829652 0.00650709 -2.09733e-19)
(-0.00803912 0.00607967 -9.46337e-20)
(-0.0151179 0.0134431 9.44191e-20)
(-0.007717 0.00563279 3.51082e-19)
(-0.0135726 0.0121321 -1.73467e-19)
(-0.00732235 0.0051659 -3.80737e-19)
(-0.0117808 0.0107801 1.8433e-19)
(-0.00684688 0.0046787 2.67613e-19)
(-0.0062819 0.00417128 -2.05787e-19)
(1.33068 -0.269331 8.796e-21)
(1.32407 -0.263379 1.77433e-20)
(1.31672 -0.25676 -5.19614e-20)
(1.30914 -0.249536 2.62908e-20)
(1.28198 -0.255084 1.11521e-20)
(1.31269 -0.264564 -5.71355e-20)
(1.32963 -0.269078 -3.95564e-21)
(1.3366 -0.269695 4.82749e-21)
(1.33691 -0.267463 -2.97301e-20)
(1.33318 -0.263279 5.14929e-20)
(1.32725 -0.257843 -2.38733e-21)
(1.3203 -0.251651 3.91692e-20)
(1.31296 -0.244703 -4.37882e-20)
(0.931579 -0.144625 -1.01264e-20)
(1.04711 -0.176764 -5.67026e-20)
(1.14256 -0.204763 8.27367e-20)
(1.21651 -0.22729 -5.41917e-21)
(1.2698 -0.243839 -2.42355e-20)
(1.305 -0.254627 3.66981e-20)
(1.32561 -0.260377 2.99971e-20)
(1.33535 -0.262065 -2.27171e-20)
(1.33763 -0.260711 -8.30903e-21)
(1.3352 -0.257218 -5.73435e-20)
(1.33009 -0.252315 1.24553e-20)
(1.32363 -0.246562 -5.12647e-20)
(1.31657 -0.239893 -3.62285e-20)
(0.348069 -0.0158806 8.06385e-20)
(0.483796 -0.0384083 -1.23364e-19)
(0.625693 -0.0666476 -5.69686e-20)
(0.766688 -0.0984995 -1.15425e-20)
(0.89962 -0.131518 4.99308e-20)
(1.01825 -0.163227 2.34028e-20)
(1.11817 -0.191493 -3.46841e-21)
(1.19727 -0.21483 6.49086e-20)
(1.25576 -0.232523 -8.88039e-20)
(1.29571 -0.244584 -2.23033e-20)
(1.32029 -0.251571 -9.58887e-20)
(1.33311 -0.254355 1.71046e-20)
(1.33761 -0.25391 8.40222e-20)
(1.33669 -0.25114 1.06068e-19)
(1.33255 -0.246792 -2.61493e-20)
(1.32668 -0.241492 4.55965e-20)
(1.31997 -0.235108 7.83058e-20)
(0.0288764 0.00393349 4.30281e-20)
(0.10734 0.00786233 1.17726e-20)
(0.206846 0.00200604 7.06714e-20)
(0.324062 -0.0112408 -3.9121e-20)
(0.454726 -0.0314084 -1.06498e-20)
(0.593182 -0.0573578 2.17366e-20)
(0.732737 -0.0872837 9.68353e-21)
(0.866373 -0.118971 -6.70256e-20)
(0.987685 -0.150062 -2.88612e-20)
(1.0918 -0.178412 5.12339e-20)
(1.17598 -0.202409 -7.8463e-20)
(1.23978 -0.221148 1.06099e-19)
(1.2847 -0.234434 6.05757e-20)
(1.31355 -0.242651 1.76029e-19)
(1.32976 -0.246553 -4.47062e-20)
(1.33677 -0.24705 -4.52728e-20)
(1.33759 -0.245035 -4.60771e-20)
(1.33459 -0.241268 3.01382e-21)
(1.32944 -0.236439 6.54739e-20)
(1.32314 -0.230349 -6.88171e-20)
(0.0253175 0.00386746 -6.45149e-20)
(0.0968156 0.00839508 9.15854e-20)
(0.189559 0.00398333 -7.75791e-20)
(0.300522 -0.00729226 -1.11838e-19)
(0.425898 -0.0251994 1.02778e-19)
(0.560529 -0.0488775 -5.53593e-20)
(0.698149 -0.07681 -5.19968e-21)
(0.831962 -0.107026 5.98617e-20)
(0.955489 -0.137316 -3.44615e-20)
(1.06348 -0.165562 -5.27811e-20)
(1.15261 -0.190059 1.14048e-19)
(1.22177 -0.209728 -1.14179e-19)
(1.27186 -0.224178 6.55707e-20)
(1.30526 -0.233611 -9.67373e-20)
(1.32518 -0.238645 1.46816e-19)
(1.33501 -0.240116 -9.53064e-20)
(1.33782 -0.238891 -2.98638e-20)
(1.33616 -0.235735 2.49241e-20)
(1.33186 -0.231397 -6.71559e-21)
(1.32608 -0.225613 -4.6375e-20)
(0.0219498 0.00370334 5.69925e-20)
(0.0867412 0.00862484 -1.63253e-19)
(0.172847 0.00546175 2.35379e-20)
(0.277532 -0.00400865 -4.29194e-20)
(0.397427 -0.0197672 2.57052e-20)
(0.527878 -0.0412108 1.50678e-20)
(0.663078 -0.0671027 2.18735e-20)
(0.796526 -0.0957236 -2.52658e-20)
(0.92176 -0.125038 3.2002e-20)
(1.03324 -0.152989 -1.68176e-19)
(1.12712 -0.177813 -1.64588e-19)
(1.20163 -0.198285 -2.02457e-20)
(1.25706 -0.213822 -1.00698e-19)
(1.29529 -0.224443 8.01524e-21)
(1.31925 -0.230619 -7.66069e-21)
(1.3322 -0.233093 -1.31474e-20)
(1.3373 -0.232695 9.2648e-20)
(1.33719 -0.230182 -1.75262e-22)
(1.33391 -0.226362 -7.0479e-20)
(1.32875 -0.220898 6.52696e-20)
(0.0187764 0.0034519 4.6903e-20)
(0.0771353 0.00857737 2.27524e-19)
(0.156752 0.00647343 -4.12846e-20)
(0.255168 -0.00135994 5.23128e-20)
(0.369428 -0.0150924 -1.24372e-19)
(0.495374 -0.0343562 -4.01805e-20)
(0.627687 -0.0581806 -7.29585e-20)
(0.760218 -0.0851003 2.25982e-20)
(0.886617 -0.113275 1.76714e-19)
(1.00115 -0.14074 2.07904e-19)
(1.09951 -0.16571 -9.90589e-20)
(1.17931 -0.186842 5.23532e-20)
(1.24018 -0.203375 1.21628e-19)
(1.28349 -0.215142 2.8247e-20)
(1.31181 -0.222461 -2.35991e-20)
(1.32824 -0.225964 3.4998e-20)
(1.33592 -0.22643 7.25434e-20)
(1.33762 -0.224596 -2.09631e-20)
(1.33554 -0.221322 -5.35719e-20)
(1.33113 -0.216197 -1.99434e-20)
(0.0157988 0.0031238 -1.1627e-19)
(0.0680124 0.00827879 -1.18049e-19)
(0.141314 0.00705215 2.30825e-20)
(0.2335 0.000687236 -4.46112e-20)
(0.342007 -0.0111507 1.28823e-19)
(0.46316 -0.0283059 -7.94865e-20)
(0.592139 -0.0500567 6.03623e-20)
(0.723204 -0.0751893 -1.04532e-19)
(0.850195 -0.102072 -2.58806e-19)
(0.967288 -0.128864 -5.25349e-20)
(1.06979 -0.153794 1.26226e-19)
(1.15473 -0.175428 -1.49545e-21)
(1.22111 -0.192849 -1.50806e-19)
(1.26973 -0.205708 -6.40534e-20)
(1.30271 -0.214158 5.84397e-20)
(1.32296 -0.218712 -1.00119e-19)
(1.33356 -0.220078 -9.06489e-21)
(1.33734 -0.218961 -5.46972e-20)
(1.33668 -0.216268 8.20718e-21)
(1.33318 -0.211502 5.64834e-20)
(0.0130173 0.00272947 1.04774e-19)
(0.0593831 0.00775538 3.93669e-20)
(0.126562 0.00723287 -2.43073e-20)
(0.21259 0.00216904 1.18942e-19)
(0.315264 -0.00791321 -1.5394e-19)
(0.431374 -0.0230461 2.97645e-20)
(0.556604 -0.042738 2.11647e-20)
(0.685659 -0.0660186 2.64826e-20)
(0.812651 -0.0914749 7.92962e-20)
(0.931756 -0.117414 2.07877e-20)
(1.03799 -0.142112 2.97763e-20)
(1.12787 -0.164079 -2.08315e-20)
(1.19976 -0.182263 -6.16257e-21)
(1.25385 -0.196142 2.83931e-20)
(1.2918 -0.205702 -3.1784e-20)
(1.31622 -0.211318 6.71773e-20)
(1.33007 -0.21362 -1.99632e-19)
(1.33625 -0.213259 5.59242e-21)
(1.33725 -0.211183 4.67389e-20)
(1.33483 -0.206802 -3.29574e-20)
(0.0104308 0.00227905 -6.33119e-20)
(0.0512542 0.00703323 -6.12361e-20)
(0.112523 0.00705137 -9.53151e-20)
(0.192492 0.003124 -1.00205e-21)
(0.289291 -0.00534663 -3.2467e-20)
(0.40015 -0.0185572 5.03144e-20)
(0.521251 -0.0362249 -7.93163e-20)
(0.647771 -0.0576108 2.75011e-19)
(0.774159 -0.0815236 8.12645e-20)
(0.894689 -0.106439 -1.63146e-19)
(1.00418 -0.130714 -5.35406e-20)
(1.09871 -0.152835 -1.76957e-20)
(1.17603 -0.171641 -3.28023e-20)
(1.23571 -0.186452 -1.07465e-19)
(1.2789 -0.197084 -4.4515e-20)
(1.30783 -0.203768 -5.87854e-20)
(1.32532 -0.207034 1.93548e-19)
(1.33423 -0.20747 -4.86761e-21)
(1.33717 -0.206052 6.27288e-20)
(1.33604 -0.202084 5.28966e-20)
(0.00803692 0.00178229 -3.23905e-20)
(0.0436287 0.00613807 8.89872e-20)
(0.0992152 0.00654381 -1.6622e-19)
(0.173252 0.00359255 6.94125e-20)
(0.264172 -0.00341401 -1.37015e-19)
(0.369613 -0.014814 3.31255e-20)
(0.486244 -0.0305109 9.40158e-20)
(0.60973 -0.0499821 -2.57194e-19)
(0.734911 -0.0722559 2.5578e-20)
(0.856245 -0.0959919 -7.16808e-21)
(0.968462 -0.119654 -1.0854e-19)
(1.06726 -0.141742 1.24024e-19)
(1.14986 -0.161016 1.80555e-19)
(1.2152 -0.176652 4.68312e-20)
(1.26384 -0.188303 1.38086e-19)
(1.29763 -0.196045 -7.83908e-20)
(1.31912 -0.2003 1.1841e-19)
(1.33112 -0.201571 6.64574e-20)
(1.33631 -0.200856 6.33206e-20)
(1.33671 -0.19733 -1.24217e-19)
(0.00583234 0.00124849 -7.50057e-20)
(0.0365061 0.00509501 1.1056e-19)
(0.0866516 0.00574642 1.04196e-19)
(0.154907 0.00361647 3.18485e-20)
(0.239979 -0.00207509 3.81192e-19)
(0.339881 -0.0117858 -2.79486e-20)
(0.451746 -0.0255831 -1.24258e-19)
(0.571732 -0.043142 2.05701e-19)
(0.69511 -0.0637039 7.54502e-20)
(0.816603 -0.0861206 2.86471e-20)
(0.930949 -0.108989 -2.47275e-20)
(1.03358 -0.130852 -1.23333e-19)
(1.12121 -0.150424 -7.05107e-20)
(1.19218 -0.166761 6.39582e-20)
(1.24646 -0.179359 -5.32676e-20)
(1.28541 -0.188139 -1.58624e-21)
(1.31129 -0.193398 -8.33296e-20)
(1.32676 -0.19554 -1.4309e-19)
(0.00381263 0.000686463 7.76779e-20)
(0.0298829 0.00392835 1.67367e-20)
(0.0748399 0.0046951 -1.73811e-19)
(0.137488 0.00323843 -3.51653e-20)
(0.216776 -0.00128693 -2.96457e-19)
(0.311061 -0.00943753 2.55926e-20)
(0.41791 -0.0214218 -9.95685e-20)
(0.53397 -0.037093 -1.42338e-19)
(0.654972 -0.0558937 -1.52419e-19)
(0.775967 -0.0768714 1.82403e-20)
(0.8918 -0.0987744 1.03461e-19)
(0.997736 -0.120222 8.78787e-20)
(1.09007 -0.139912 1.28516e-20)
(1.16657 -0.156808 -8.68992e-20)
(1.2266 -0.170263 6.26919e-20)
(1.27099 -0.180042 1.18807e-19)
(1.30162 -0.186308 6.51165e-20)
(0.00197256 0.000104461 -2.60084e-19)
(0.0237523 0.00266141 2.74795e-20)
(0.0637817 0.00342508 -2.60717e-20)
(0.121016 0.00250149 1.054e-19)
(0.194616 -0.00100449 9.9703e-20)
(0.283248 -0.00772944 6.5501e-20)
(0.384882 -0.0180012 1.32137e-19)
(0.496636 -0.0318297 1.70832e-21)
(0.614717 -0.0488445 1.79049e-19)
(0.73456 -0.068286 -1.64208e-19)
(0.851204 -0.0890677 -9.5589e-21)
(0.959849 -0.109911 1.84573e-20)
(1.05646 -0.129531 -1.14064e-19)
(1.13829 -0.146828 1.77e-19)
(1.20411 -0.161031 8.80498e-20)
(0.000306101 -0.000489826 -3.87733e-21)
(0.0181048 0.00131641 1.37127e-19)
(0.0534737 0.00197065 1.11609e-19)
(0.105504 0.00144864 -8.58102e-20)
(0.173542 -0.00118121 5.51274e-20)
(0.256525 -0.00661833 -5.38337e-20)
(0.352794 -0.0152893 6.29967e-20)
(0.459915 -0.0273395 1.15713e-19)
(0.574569 -0.0425676 -7.67131e-20)
(0.692619 -0.0604001 1.40068e-19)
(0.809375 -0.0799229 3.20456e-20)
(0.920074 -0.0999815 -1.10662e-19)
(1.02046 -0.119341 1.30026e-19)
(1.10733 -0.136867 2.86992e-20)
(-0.00119336 -0.0010893 1.43352e-19)
(0.0129287 -8.57157e-05 -1.79013e-19)
(0.0439079 0.000364875 3.85498e-20)
(0.0909582 0.00012229 1.30783e-20)
(0.153584 -0.00176968 6.5642e-20)
(0.230963 -0.00605802 2.06053e-19)
(0.321767 -0.0132489 1.50104e-20)
(0.42398 -0.0236022 2.33665e-20)
(0.534752 -0.0370665 -3.21288e-20)
(0.650394 -0.0532428 2.09261e-19)
(0.766553 -0.0713909 -1.44321e-19)
(0.878603 -0.0904974 2.54143e-20)
(-0.00253296 -0.00168747 -8.67049e-20)
(0.00820995 -0.00152535 -2.79286e-20)
(0.0350717 -0.00136066 -1.58066e-19)
(0.0773766 -0.00143608 1.07121e-20)
(0.134764 -0.00272222 -2.12627e-19)
(0.206619 -0.00600011 -2.09167e-19)
(0.291907 -0.0118383 -4.24151e-20)
(0.388995 -0.0205906 -1.02354e-20)
(0.495482 -0.0323359 -1.08235e-19)
(0.608139 -0.0468347 -1.73508e-19)
(0.723001 -0.063517 -5.81141e-20)
(-0.00372025 -0.00227845 6.2369e-20)
(0.00393282 -0.00298431 3.23487e-20)
(0.0269488 -0.00317606 2.01974e-19)
(0.0647515 -0.00318637 -2.65588e-19)
(0.117094 -0.00399147 9.62342e-20)
(0.183537 -0.00639478 7.35165e-20)
(0.263305 -0.0110116 -6.82571e-20)
(0.355107 -0.0182711 -1.2785e-19)
(0.456967 -0.0283622 -2.422e-20)
(0.566111 -0.0411878 2.83799e-20)
(-0.00476304 -0.00285695 1.03569e-19)
(7.99821e-05 -0.00444588 -1.58044e-19)
(0.0195193 -0.00505328 6.53514e-20)
(0.0530687 -0.00509022 2.64064e-19)
(0.100576 -0.00553102 7.27491e-20)
(0.16175 -0.00719152 -2.51763e-19)
(0.236035 -0.0107202 -7.25428e-20)
(0.322448 -0.0166045 -1.81175e-20)
(0.419399 -0.0251236 2.32926e-19)
(-0.00566938 -0.0034183 -8.01188e-20)
(-0.00336713 -0.00589489 -3.62109e-20)
(0.0127605 -0.00696633 -5.55245e-20)
(0.0423087 -0.00711128 -1.01352e-19)
(0.0852032 -0.00729589 2.81201e-21)
(0.141276 -0.00833991 1.7153e-19)
(0.210156 -0.0109134 1.78132e-19)
(0.29113 -0.0155465 2.40998e-19)
(-0.00644741 -0.00395838 2.32396e-19)
(-0.00642806 -0.00731769 1.53777e-19)
(0.00664692 -0.00889133 1.21886e-19)
(0.0324471 -0.00921555 1.02384e-20)
(0.0709614 -0.00924303 5.01396e-20)
(0.122121 -0.00979039 -2.33632e-19)
(0.185712 -0.0115392 -2.7542e-20)
(-0.00710533 -0.00447367 -1.21468e-19)
(-0.0091231 -0.00870218 -1.4848e-19)
(0.00115128 -0.0108067 -1.55862e-19)
(0.0234554 -0.0113716 -1.89771e-19)
(0.0578289 -0.0113318 4.6656e-20)
(0.104283 -0.0114948 -4.49338e-20)
(-0.00765134 -0.00496118 -7.08777e-20)
(-0.011473 -0.0100378 1.67436e-19)
(-0.00375552 -0.012693 -9.05752e-20)
(0.0153014 -0.0135507 1.79134e-19)
(0.0457777 -0.0135241 -2.44158e-19)
(-0.00809354 -0.00541848 2.53248e-19)
(-0.013499 -0.0113156 -7.76919e-20)
(-0.00810381 -0.0145332 4.53565e-21)
(0.00795016 -0.0157269 2.19561e-19)
(-0.00843995 -0.00584363 -4.24293e-19)
(-0.0152222 -0.012528 1.91183e-19)
(-0.0119248 -0.0163128 2.01936e-19)
(-0.00869844 -0.00623521 3.35235e-19)
(-0.016664 -0.0136689 -1.92789e-19)
(-0.00887671 -0.00659227 -7.8778e-20)
(-0.0178453 -0.0147337 -3.7515e-20)
(-0.00898225 -0.00691432 1.2064e-19)
(1.10934 -0.00167108 -4.41159e-23)
(1.10998 -0.00166117 4.57499e-22)
(1.11061 -0.00165117 -4.89314e-22)
(1.11124 -0.00164106 -5.8216e-22)
(1.11186 -0.00163083 7.21493e-22)
(1.11248 -0.00162048 6.41749e-22)
(1.1131 -0.00160998 -1.84289e-23)
(1.1137 -0.00159933 4.56372e-22)
(1.1143 -0.00158852 -9.17774e-22)
(1.1149 -0.00157755 -1.90201e-21)
(1.11549 -0.00156639 1.7219e-21)
(1.11607 -0.00155504 -2.12007e-22)
(1.11665 -0.00154349 1.16788e-21)
(1.10962 -0.00499021 7.60727e-23)
(1.11027 -0.00495583 5.38168e-22)
(1.1109 -0.00492118 -8.54901e-22)
(1.11154 -0.00488627 1.45959e-22)
(1.11217 -0.00485107 4.61672e-22)
(1.11279 -0.0048156 -4.64934e-23)
(1.11341 -0.00477982 -3.0584e-22)
(1.11402 -0.00474374 -6.30457e-22)
(1.11463 -0.00470733 2.63139e-22)
(1.11523 -0.0046706 1.29404e-21)
(1.11582 -0.00463353 -1.24647e-22)
(1.11641 -0.0045961 -1.03491e-21)
(1.11699 -0.00455831 -7.78712e-22)
(1.11012 -0.00824047 -2.31319e-22)
(1.11077 -0.00818408 4.32243e-22)
(1.11142 -0.00812729 -1.48672e-22)
(1.11206 -0.00807009 -1.19383e-21)
(1.1127 -0.00801246 1.72521e-21)
(1.11333 -0.00795438 -8.69417e-22)
(1.11396 -0.00789584 4.66835e-22)
(1.11458 -0.0078368 -4.47955e-22)
(1.11519 -0.00777726 9.27777e-22)
(1.1158 -0.00771719 -2.5666e-21)
(1.1164 -0.00765657 3.53284e-21)
(1.117 -0.00759538 2.42567e-23)
(1.11759 -0.00753359 -9.59796e-22)
(1.11085 -0.0114595 -3.15872e-22)
(1.11151 -0.0113803 1.26375e-21)
(1.11217 -0.0113005 -1.47417e-21)
(1.11282 -0.0112202 1.14063e-21)
(1.11347 -0.0111392 2.80129e-22)
(1.11411 -0.0110576 -1.29217e-21)
(1.11475 -0.0109754 -6.58621e-23)
(1.11538 -0.0108925 -5.10552e-22)
(1.11601 -0.0108089 -1.13512e-23)
(1.11663 -0.0107246 -1.46901e-21)
(1.11724 -0.0106396 3.45247e-21)
(1.11785 -0.0105538 5.46438e-22)
(1.11178 -0.0146426 6.43135e-22)
(1.11246 -0.0145411 -3.33798e-22)
(1.11313 -0.0144389 2.34149e-22)
(1.1138 -0.014336 1.51271e-22)
(1.11446 -0.0142323 3.19719e-22)
(1.11512 -0.0141278 -9.46144e-22)
(1.11577 -0.0140225 4.93357e-22)
(1.11641 -0.0139164 -1.86247e-22)
(1.11705 -0.0138094 -3.80151e-22)
(1.11769 -0.0137015 3.00158e-22)
(1.11832 -0.0135927 5.69982e-22)
(1.11894 -0.013483 -1.57117e-22)
(1.1129 -0.0178112 5.60197e-23)
(1.1136 -0.0176873 4.08893e-22)
(1.11429 -0.0175625 -4.49101e-22)
(1.11497 -0.0174369 -7.27567e-22)
(1.11565 -0.0173103 1.05461e-21)
(1.11632 -0.0171828 -1.40676e-21)
(1.11699 -0.0170543 5.99165e-22)
(1.11766 -0.0169248 9.63499e-23)
(1.11831 -0.0167943 8.001e-22)
(1.11897 -0.0166627 -4.5295e-22)
(1.11961 -0.0165299 6.74574e-22)
(1.12025 -0.0163961 -1.18223e-21)
(1.1142 -0.0209693 2.40308e-22)
(1.11492 -0.020823 1.96005e-22)
(1.11563 -0.0206758 1.70378e-22)
(1.11633 -0.0205275 -9.62141e-22)
(1.11703 -0.0203781 1.75461e-22)
(1.11772 -0.0202276 3.53411e-22)
(1.11841 -0.020076 9.06411e-25)
(1.1191 -0.0199232 -3.56914e-22)
(1.11978 -0.0197692 -1.63963e-22)
(1.12045 -0.019614 2.86964e-22)
(1.12112 -0.0194574 8.87113e-22)
(1.12178 -0.0192996 5.76318e-22)
(1.11567 -0.0241288 -1.52879e-22)
(1.11641 -0.0239601 -5.99174e-23)
(1.11714 -0.0237903 4.06564e-22)
(1.11787 -0.0236193 4.16894e-22)
(1.11859 -0.023447 -4.01954e-22)
(1.11931 -0.0232735 -1.61162e-22)
(1.12002 -0.0230987 -4.95082e-22)
(1.12072 -0.0229225 1.9099e-21)
(1.12143 -0.022745 -3.01552e-22)
(1.12212 -0.022566 -8.48408e-22)
(1.12281 -0.0223856 2.91927e-22)
(1.1235 -0.0222037 -1.63528e-21)
(1.1173 -0.0272962 -1.46017e-22)
(1.11806 -0.027105 -1.36678e-22)
(1.11882 -0.0269125 -2.4991e-22)
(1.11957 -0.0267186 5.17716e-22)
(1.12031 -0.0265234 -1.32271e-23)
(1.12106 -0.0263268 7.98936e-22)
(1.12179 -0.0261287 -1.94816e-22)
(1.12252 -0.0259291 -4.6589e-22)
(1.12325 -0.0257279 -4.88445e-22)
(1.12397 -0.0255252 2.14975e-22)
(1.12469 -0.0253209 5.63235e-22)
(1.1254 -0.0251149 1.58057e-22)
(1.11907 -0.0304792 -1.72128e-22)
(1.11986 -0.0302654 3.94305e-22)
(1.12064 -0.0300501 2.73309e-23)
(1.12142 -0.0298333 -4.56654e-22)
(1.12219 -0.0296149 5.55111e-22)
(1.12296 -0.029395 1.45074e-22)
(1.12373 -0.0291735 1.64845e-21)
(1.12449 -0.0289503 -2.92616e-21)
(1.12524 -0.0287255 9.11391e-22)
(1.12599 -0.0284988 -8.41645e-22)
(1.12674 -0.0282705 6.30831e-22)
(1.12748 -0.0280402 4.41761e-22)
(1.12098 -0.0336842 7.67692e-22)
(1.12179 -0.0334475 3.6027e-23)
(1.1226 -0.0332092 -1.10444e-21)
(1.12341 -0.0329692 -9.42008e-25)
(1.12422 -0.0327276 1.35691e-21)
(1.12502 -0.0324842 -6.91646e-22)
(1.12581 -0.0322391 -7.38184e-22)
(1.1266 -0.0319922 -5.93254e-23)
(1.12739 -0.0317434 4.91128e-22)
(1.12817 -0.0314928 -3.01716e-22)
(1.12895 -0.0312402 -3.69835e-22)
(1.12972 -0.0309856 1.05536e-21)
(1.12301 -0.0369166 -9.21729e-22)
(1.12385 -0.0366568 -1.10725e-22)
(1.1247 -0.0363953 9.94168e-22)
(1.12554 -0.0361321 -4.45846e-22)
(1.12637 -0.0358669 6.81324e-22)
(1.12721 -0.0356 -2.40497e-21)
(1.12804 -0.0353311 1.45575e-21)
(1.12886 -0.0350602 -8.94087e-22)
(1.12968 -0.0347874 2.19958e-21)
(1.1305 -0.0345125 -1.7213e-21)
(1.13131 -0.0342355 2.65459e-21)
(1.13212 -0.0339564 -2.4347e-21)
(1.12515 -0.0401822 1.42403e-21)
(1.12604 -0.0398991 -3.16879e-22)
(1.12691 -0.0396141 -7.51469e-22)
(1.12779 -0.0393271 1.21962e-22)
(1.12866 -0.0390383 -7.29971e-22)
(1.12953 -0.0387474 -2.7495e-22)
(1.13039 -0.0384544 1.27586e-21)
(1.13125 -0.0381594 -3.62441e-22)
(1.13211 -0.0378622 7.85677e-22)
(1.13296 -0.0375629 3.96628e-22)
(1.13381 -0.0372613 -1.63246e-21)
(1.13465 -0.0369574 -1.39935e-21)
(1.12741 -0.0434849 3.04777e-22)
(1.12833 -0.0431782 -5.19755e-22)
(1.12924 -0.0428694 1.16416e-21)
(1.13015 -0.0425586 -1.37697e-21)
(1.13106 -0.0422457 6.25265e-22)
(1.13196 -0.0419307 5.10301e-22)
(1.13287 -0.0416134 -5.65787e-22)
(1.13376 -0.041294 7.02443e-22)
(1.13466 -0.0409722 -1.60277e-21)
(1.13555 -0.0406481 -2.71374e-22)
(1.13644 -0.0403217 1.02422e-21)
(1.13732 -0.0399928 -2.62944e-21)
(1.12976 -0.0468289 6.28811e-22)
(1.13072 -0.0464982 -6.06485e-22)
(1.13167 -0.0461655 -4.9326e-23)
(1.13262 -0.0458305 8.74127e-22)
(1.13357 -0.0454933 -2.2766e-22)
(1.13451 -0.0451538 -1.22586e-21)
(1.13546 -0.0448119 -4.54951e-22)
(1.13639 -0.0444677 -1.08096e-21)
(1.13733 -0.0441211 2.83638e-21)
(1.13826 -0.0437721 -2.69352e-21)
(1.13919 -0.0434205 2.46559e-21)
(1.14012 -0.0430664 2.90302e-21)
(1.13221 -0.0502184 6.2531e-22)
(1.13321 -0.0498634 1.93323e-22)
(1.1342 -0.0495062 -7.9505e-22)
(1.13519 -0.0491466 1.18962e-23)
(1.13618 -0.0487847 -9.47898e-22)
(1.13717 -0.0484204 1.53244e-21)
(1.13815 -0.0480536 2.29088e-21)
(1.13913 -0.0476843 2.87497e-21)
(1.14011 -0.0473125 -2.91889e-21)
(1.14109 -0.0469381 -6.06896e-22)
(1.14206 -0.046561 -4.19041e-22)
(1.14303 -0.0461813 -3.59532e-21)
(1.13474 -0.053656 -7.96056e-22)
(1.13578 -0.0532763 -7.93163e-22)
(1.13682 -0.0528943 1.08827e-21)
(1.13785 -0.0525098 3.40382e-22)
(1.13889 -0.0521228 9.80849e-23)
(1.13992 -0.0517332 -1.25313e-21)
(1.14095 -0.0513411 -1.15752e-21)
(1.14197 -0.0509464 -4.52012e-21)
(1.143 -0.050549 3.0712e-21)
(1.14402 -0.0501489 1.5424e-21)
(1.14504 -0.049746 3.21536e-21)
(1.14605 -0.0493404 -2.12207e-21)
(1.13735 -0.0571449 3.03788e-22)
(1.13843 -0.0567401 -1.05003e-21)
(1.13952 -0.0563327 -5.26362e-22)
(1.1406 -0.0559228 1.55625e-21)
(1.14168 -0.0555102 5.39949e-22)
(1.14276 -0.055095 1.15913e-21)
(1.14383 -0.0546771 5.97736e-22)
(1.1449 -0.0542565 1.98641e-21)
(1.14598 -0.0538331 -1.75885e-21)
(1.14705 -0.0534069 2.47019e-21)
(1.14811 -0.0529779 -2.4693e-21)
(1.14918 -0.0525459 1.7895e-21)
(1.14003 -0.0606873 9.44976e-22)
(1.14116 -0.0602568 5.21063e-22)
(1.14229 -0.0598236 5.3126e-22)
(1.14342 -0.0593878 -2.92308e-23)
(1.14455 -0.0589492 -1.62127e-21)
(1.14568 -0.0585078 -2.63051e-21)
(1.1468 -0.0580637 4.14599e-22)
(1.14793 -0.0576167 1.48218e-21)
(1.14905 -0.0571669 2.50371e-21)
(1.15017 -0.0567141 -4.26298e-21)
(1.15128 -0.0562584 1.90676e-21)
(1.1524 -0.0557997 5.6735e-22)
(1.14278 -0.0642853 -3.28224e-22)
(1.14396 -0.0638285 -4.51532e-22)
(1.14514 -0.063369 8.024e-22)
(1.14632 -0.0629066 -5.53271e-22)
(1.1475 -0.0624414 4.17444e-23)
(1.14868 -0.0619734 1.11811e-21)
(1.14985 -0.0615024 -3.53807e-22)
(1.15103 -0.0610286 -1.5514e-21)
(1.1522 -0.0605517 -2.2023e-21)
(1.15337 -0.0600719 3.49516e-21)
(1.15454 -0.0595891 2.25893e-22)
(1.15571 -0.0591032 2.73037e-21)
(1.14559 -0.0679407 -4.87255e-22)
(1.14682 -0.067457 -5.05505e-23)
(1.14806 -0.0669704 -1.29431e-21)
(1.14929 -0.0664808 1.9494e-21)
(1.15052 -0.0659884 -2.64562e-22)
(1.15175 -0.065493 7.67804e-22)
(1.15298 -0.0649947 9.77269e-22)
(1.15421 -0.0644933 1.47207e-21)
(1.15543 -0.0639889 -6.11089e-22)
(1.15666 -0.0634815 -2.51866e-21)
(1.15789 -0.0629709 -2.40427e-22)
(1.15911 -0.0624573 -2.18684e-21)
(1.14846 -0.0716545 3.21335e-22)
(1.14975 -0.0711431 1.76587e-21)
(1.15103 -0.0706288 -8.16766e-22)
(1.15232 -0.0701115 -2.33802e-21)
(1.15361 -0.0695911 -3.41581e-22)
(1.15489 -0.0690677 -1.60181e-21)
(1.15617 -0.0685413 -2.69217e-21)
(1.15746 -0.0680118 -1.77271e-21)
(1.15874 -0.0674792 2.92337e-21)
(1.16002 -0.0669434 -1.1992e-21)
(1.16131 -0.0664045 1.15606e-21)
(1.16259 -0.0658625 -3.61988e-21)
(1.15138 -0.0754281 -4.20957e-22)
(1.15272 -0.0748883 -5.46454e-22)
(1.15407 -0.0743453 -9.30231e-22)
(1.15541 -0.0737993 2.84454e-21)
(1.15675 -0.0732503 2.63652e-21)
(1.15809 -0.0726981 2.61183e-21)
(1.15943 -0.0721428 7.26531e-22)
(1.16078 -0.0715843 -1.72936e-21)
(1.16212 -0.0710227 -1.75519e-21)
(1.16346 -0.070458 -3.01636e-21)
(1.1648 -0.0698901 4.49589e-22)
(1.16614 -0.0693189 4.65234e-21)
(1.15435 -0.0792619 -2.49808e-22)
(1.15575 -0.0786927 -9.76431e-22)
(1.15715 -0.0781203 -1.78175e-21)
(1.15855 -0.0775448 1.16911e-21)
(1.15995 -0.0769661 -3.51568e-21)
(1.16135 -0.0763843 -2.02699e-21)
(1.16276 -0.0757992 7.99689e-22)
(1.16416 -0.075211 1.55832e-21)
(1.16556 -0.0746197 8.90119e-22)
(1.16696 -0.0740251 2.18944e-22)
(1.16836 -0.0734273 2.6571e-21)
(1.16976 -0.0728263 1.21616e-22)
(1.15737 -0.0831561 1.09853e-21)
(1.15883 -0.0825566 1.51323e-21)
(1.16029 -0.0819538 4.30769e-21)
(1.16175 -0.0813478 -1.57794e-21)
(1.16321 -0.0807385 1.87266e-21)
(1.16467 -0.0801261 3.22042e-21)
(1.16613 -0.0795104 2.39923e-21)
(1.1676 -0.0788915 5.93381e-22)
(1.16906 -0.0782694 -8.2994e-22)
(1.17052 -0.0776441 3.3931e-21)
(1.17198 -0.0770155 -3.49275e-21)
(1.17345 -0.0763838 -1.17086e-20)
(1.16042 -0.0871114 -1.34348e-21)
(1.16195 -0.0864803 -4.77246e-22)
(1.16347 -0.085846 -3.50228e-21)
(1.16499 -0.0852083 -1.515e-21)
(1.16652 -0.0845674 -5.06475e-22)
(1.16804 -0.0839232 1.58491e-21)
(1.16957 -0.0832758 -5.84605e-21)
(1.17109 -0.0826251 -3.59928e-22)
(1.17262 -0.0819712 -3.50787e-22)
(1.17414 -0.0813141 6.00231e-21)
(1.17567 -0.0806538 -1.35235e-21)
(1.17719 -0.0799903 5.10942e-21)
(1.16352 -0.0911273 9.48669e-22)
(1.16511 -0.0904635 -1.67584e-22)
(1.1667 -0.0897963 2.08445e-21)
(1.16828 -0.0891258 -6.50773e-23)
(1.16987 -0.0884519 1.92245e-21)
(1.17146 -0.0877748 -4.78951e-21)
(1.17305 -0.0870944 2.47825e-21)
(1.17464 -0.0864107 -3.28722e-21)
(1.17623 -0.0857238 3.55533e-21)
(1.17782 -0.0850337 -3.59148e-21)
(1.17941 -0.0843405 2.78995e-21)
(1.181 -0.0836442 4.22812e-21)
(1.16666 -0.0952035 -2.1104e-21)
(1.16831 -0.0945055 -3.32659e-22)
(1.16996 -0.0938041 -1.13554e-21)
(1.17162 -0.0930993 2.50461e-21)
(1.17327 -0.0923911 -2.46974e-21)
(1.17493 -0.0916796 2.47846e-21)
(1.17658 -0.0909649 -2.15909e-21)
(1.17824 -0.0902468 9.66586e-22)
(1.17989 -0.0895256 2.27992e-21)
(1.18155 -0.0888013 -6.90483e-21)
(1.18321 -0.0880739 -7.94775e-22)
(1.18487 -0.0873434 -6.91958e-21)
(1.16983 -0.0993395 -6.85691e-23)
(1.17155 -0.0986058 7.33092e-22)
(1.17327 -0.0978685 2.50516e-22)
(1.17499 -0.0971278 -3.74514e-21)
(1.17672 -0.0963838 6.66465e-23)
(1.17844 -0.0956364 -1.6242e-21)
(1.18016 -0.0948857 -9.09151e-23)
(1.18188 -0.0941318 -1.34539e-21)
(1.18361 -0.0933748 -2.35027e-21)
(1.18533 -0.0926147 2.99767e-21)
(1.18706 -0.0918516 -7.12393e-21)
(1.18878 -0.0910855 5.78374e-21)
(1.17304 -0.103534 2.18225e-21)
(1.17483 -0.102763 -2.8512e-21)
(1.17662 -0.101988 2.28307e-22)
(1.17841 -0.10121 -1.35411e-22)
(1.1802 -0.100428 2.44318e-21)
(1.18199 -0.099643 2.29262e-21)
(1.18378 -0.0988548 4.31887e-23)
(1.18557 -0.0980634 -2.77256e-21)
(1.18737 -0.0972688 7.57516e-21)
(1.18916 -0.0964713 1.11872e-21)
(1.19096 -0.0956709 -2.22607e-21)
(1.19275 -0.0948676 -4.60562e-21)
(1.17628 -0.107786 1.03153e-21)
(1.17815 -0.106976 6.70258e-21)
(1.18001 -0.106161 -3.49476e-22)
(1.18187 -0.105343 2.52375e-21)
(1.18373 -0.104522 -1.54299e-21)
(1.18559 -0.103698 1.02705e-21)
(1.18745 -0.10287 -1.38154e-21)
(1.18931 -0.102039 -1.38681e-21)
(1.19118 -0.101205 4.51645e-22)
(1.19304 -0.100368 3.31705e-21)
(1.1949 -0.0995288 4.10235e-21)
(1.19677 -0.0986865 1.05635e-20)
(1.17956 -0.112095 -2.54857e-21)
(1.1815 -0.111242 -4.03401e-21)
(1.18343 -0.110386 -2.02358e-21)
(1.18536 -0.109527 -2.44291e-21)
(1.1873 -0.108664 6.72579e-22)
(1.18923 -0.107798 -3.86988e-21)
(1.19116 -0.106928 5.60655e-21)
(1.1931 -0.106056 6.10568e-21)
(1.19503 -0.105181 -1.28596e-21)
(1.19696 -0.104303 -2.91367e-21)
(1.1989 -0.103422 3.43673e-21)
(1.20083 -0.102538 -1.04253e-20)
(1.18288 -0.116457 -1.31521e-22)
(1.18489 -0.115561 2.10922e-21)
(1.18689 -0.114661 1.1861e-22)
(1.1889 -0.113758 2.1237e-21)
(1.19091 -0.112851 4.64554e-21)
(1.19291 -0.111941 4.94204e-21)
(1.19492 -0.111027 -3.18888e-21)
(1.19692 -0.110111 -8.67249e-21)
(1.19893 -0.109192 1.54202e-21)
(1.20093 -0.10827 -1.18125e-20)
(1.20294 -0.107346 -5.95234e-21)
(1.20495 -0.106419 4.60451e-21)
(1.18623 -0.120873 1.14599e-21)
(1.18831 -0.11993 1.97779e-22)
(1.1904 -0.118984 -2.11749e-21)
(1.19248 -0.118034 3.17366e-21)
(1.19456 -0.11708 -1.27603e-21)
(1.19664 -0.116123 1.81266e-21)
(1.19872 -0.115163 -3.01607e-21)
(1.20079 -0.114201 5.23562e-22)
(1.20287 -0.113235 -2.60938e-21)
(1.20495 -0.112267 8.20586e-21)
(1.20703 -0.111297 5.87067e-22)
(1.2091 -0.110325 -1.04638e-20)
(1.18961 -0.12534 3.45268e-22)
(1.19178 -0.124348 -2.99089e-21)
(1.19394 -0.123351 2.46535e-21)
(1.1961 -0.122352 2.96738e-21)
(1.19825 -0.121349 -7.22732e-21)
(1.20041 -0.120342 -4.26503e-21)
(1.20256 -0.119333 4.84418e-21)
(1.20471 -0.118321 1.79861e-20)
(1.20686 -0.117307 -7.8048e-21)
(1.20901 -0.11629 -4.04648e-21)
(1.21116 -0.115271 5.60812e-21)
(1.21331 -0.11425 1.57986e-20)
(1.19304 -0.129855 -3.26666e-21)
(1.19528 -0.12881 1.17066e-21)
(1.19752 -0.127762 -1.75563e-22)
(1.19975 -0.126709 -8.58713e-21)
(1.20199 -0.125654 1.20342e-21)
(1.20422 -0.124595 7.54909e-21)
(1.20645 -0.123533 1.9059e-22)
(1.20867 -0.122468 -8.28542e-21)
(1.2109 -0.121402 1.64139e-20)
(1.21312 -0.120333 7.31248e-21)
(1.21534 -0.119262 -5.02719e-21)
(1.21756 -0.11819 -1.63703e-20)
(1.1965 -0.134417 1.99608e-21)
(1.19883 -0.133316 1.90282e-21)
(1.20114 -0.132211 4.06488e-21)
(1.20346 -0.131103 2.86515e-22)
(1.20577 -0.129991 8.89675e-22)
(1.20808 -0.128876 -1.13913e-20)
(1.21038 -0.127758 -9.4116e-21)
(1.21268 -0.126638 -7.83721e-21)
(1.21498 -0.125516 -9.41239e-21)
(1.21727 -0.124391 -3.59335e-23)
(1.21957 -0.123265 1.02043e-21)
(1.22186 -0.122138 2.04774e-21)
(1.20001 -0.139023 -6.70144e-22)
(1.20242 -0.137862 1.33568e-21)
(1.20482 -0.136698 -2.72831e-21)
(1.20721 -0.135529 6.84485e-21)
(1.2096 -0.134357 5.26491e-22)
(1.21198 -0.133183 1.62546e-21)
(1.21436 -0.132005 1.58963e-20)
(1.21674 -0.130825 5.52712e-21)
(1.21911 -0.129644 5.11795e-21)
(1.22148 -0.12846 6.40117e-21)
(1.22384 -0.127276 4.38585e-22)
(1.22621 -0.12609 -2.51829e-22)
(1.20357 -0.14367 2.87617e-22)
(1.20605 -0.142446 1.73515e-21)
(1.20853 -0.141217 4.2737e-21)
(1.21101 -0.139984 -8.11548e-21)
(1.21348 -0.138749 -3.78373e-21)
(1.21594 -0.13751 -1.33962e-22)
(1.21839 -0.136269 4.71714e-21)
(1.22084 -0.135026 -1.4301e-20)
(1.22329 -0.133781 -4.71697e-21)
(1.22573 -0.132534 -1.42526e-20)
(1.22817 -0.131287 1.19599e-21)
(1.2306 -0.130039 1.07339e-20)
(1.20717 -0.148356 -6.93656e-21)
(1.20974 -0.147063 -6.37877e-21)
(1.21231 -0.145766 2.78309e-21)
(1.21486 -0.144465 6.19706e-21)
(1.21741 -0.143161 3.92312e-21)
(1.21995 -0.141854 1.29675e-20)
(1.22248 -0.140545 -3.50152e-21)
(1.22501 -0.139234 2.2015e-20)
(1.22753 -0.137921 9.97773e-21)
(1.23004 -0.136608 9.27426e-21)
(1.23255 -0.135293 -1.18691e-20)
(1.23505 -0.133979 -7.68091e-21)
(1.21083 -0.153078 1.14965e-20)
(1.21348 -0.151712 5.04039e-22)
(1.21613 -0.150341 -1.27781e-21)
(1.21877 -0.148967 -2.34736e-21)
(1.2214 -0.14759 6.72688e-21)
(1.22401 -0.14621 -4.46194e-21)
(1.22662 -0.144828 -1.32124e-20)
(1.22923 -0.143445 -2.0993e-20)
(1.23182 -0.14206 3.50661e-22)
(1.2344 -0.140675 -1.38447e-20)
(1.23698 -0.139289 2.84797e-20)
(1.23956 -0.137904 4.29735e-21)
(1.21454 -0.157832 -1.06736e-20)
(1.21729 -0.156388 2.97399e-21)
(1.22002 -0.154939 8.06735e-22)
(1.22274 -0.153486 -4.88538e-21)
(1.22545 -0.152031 -5.8955e-21)
(1.22814 -0.150573 -4.61898e-21)
(1.23083 -0.149114 5.59162e-21)
(1.23351 -0.147653 6.31141e-22)
(1.23617 -0.146191 -9.57828e-21)
(1.23883 -0.144729 1.13541e-20)
(1.24148 -0.143267 -2.12376e-20)
(1.24412 -0.141807 2.60519e-22)
(1.21832 -0.162616 3.33587e-21)
(1.22115 -0.161088 -6.66043e-21)
(1.22397 -0.159555 -6.43745e-21)
(1.22678 -0.158019 5.74227e-21)
(1.22956 -0.15648 -8.03719e-21)
(1.23234 -0.154939 2.61109e-21)
(1.2351 -0.153396 -3.68581e-22)
(1.23786 -0.151853 1.66688e-20)
(1.2406 -0.150309 1.18349e-20)
(1.24333 -0.148765 -1.53496e-20)
(1.24604 -0.147222 2.26816e-21)
(1.24875 -0.145681 -5.12128e-21)
(1.22217 -0.167427 3.07852e-21)
(1.22509 -0.165808 9.59221e-21)
(1.228 -0.164186 9.69747e-21)
(1.23089 -0.16256 -1.58442e-21)
(1.23376 -0.160932 3.34875e-21)
(1.23661 -0.159302 7.98249e-21)
(1.23945 -0.15767 1.59293e-20)
(1.24228 -0.156039 -1.34658e-20)
(1.24509 -0.154407 -1.32585e-20)
(1.24789 -0.152777 2.16678e-20)
(1.25068 -0.151148 3.53812e-21)
(1.2261 -0.17226 -8.4058e-21)
(1.22911 -0.170545 -6.92048e-21)
(1.2321 -0.168827 -1.02249e-20)
(1.23508 -0.167106 4.09076e-21)
(1.23803 -0.165382 2.75934e-21)
(1.24096 -0.163657 -1.40989e-20)
(1.24388 -0.161931 6.85235e-21)
(1.24678 -0.160206 8.91822e-21)
(1.24967 -0.158481 1.15545e-21)
(1.25254 -0.156759 -1.86332e-20)
(1.2554 -0.155039 -3.56824e-21)
(1.23012 -0.177113 1.38729e-20)
(1.23322 -0.175296 -1.37147e-21)
(1.2363 -0.173475 3.31546e-21)
(1.23935 -0.171651 -4.59437e-21)
(1.24239 -0.169826 2.69938e-21)
(1.24541 -0.168 -1.15315e-20)
(1.2484 -0.166174 -2.53543e-20)
(1.25138 -0.164349 3.29027e-21)
(1.25434 -0.162526 5.83066e-21)
(1.25729 -0.160706 3.97654e-21)
(1.26022 -0.158891 -9.4099e-21)
(1.23423 -0.181983 -5.72111e-21)
(1.23742 -0.180056 -1.09391e-21)
(1.24059 -0.178125 9.83214e-21)
(1.24373 -0.176193 -8.23828e-21)
(1.24685 -0.174259 1.02358e-20)
(1.24995 -0.172326 -1.09737e-22)
(1.25303 -0.170394 1.21793e-20)
(1.25609 -0.168464 -1.11099e-20)
(1.25912 -0.166537 5.42428e-21)
(1.26215 -0.164615 -1.28771e-20)
(1.26515 -0.162698 2.32608e-20)
(1.23844 -0.186867 -9.63014e-22)
(1.24173 -0.184822 -3.99836e-21)
(1.24499 -0.182775 -6.9374e-23)
(1.24823 -0.180727 1.11571e-20)
(1.25144 -0.178679 -1.78975e-20)
(1.25462 -0.176632 1.07843e-20)
(1.25778 -0.174587 -1.93475e-20)
(1.26091 -0.172546 -1.92338e-20)
(1.26403 -0.17051 -1.80993e-20)
(1.26713 -0.16848 1.80589e-20)
(1.27022 -0.166456 1.79317e-20)
(1.24279 -0.191763 -7.21551e-21)
(1.24617 -0.189594 -2.50699e-21)
(1.24953 -0.187423 -2.4727e-21)
(1.25286 -0.185252 3.01286e-21)
(1.25615 -0.183082 -1.49734e-20)
(1.25942 -0.180915 -1.69944e-21)
(1.26267 -0.178751 9.42559e-21)
(1.26589 -0.176593 1.89081e-20)
(1.26909 -0.174441 1.10829e-21)
(1.27227 -0.172296 5.84033e-21)
(1.27544 -0.170159 -2.45776e-21)
(1.24727 -0.19667 -2.91751e-21)
(1.25076 -0.194369 4.71631e-21)
(1.25422 -0.192066 -2.11136e-21)
(1.25764 -0.189765 4.13806e-21)
(1.26104 -0.187466 1.92331e-20)
(1.2644 -0.185171 -1.42992e-22)
(1.26773 -0.182882 1.80765e-20)
(1.27104 -0.180599 -1.78279e-20)
(1.27433 -0.178323 3.17317e-20)
(1.27759 -0.176056 -2.42777e-20)
(1.28083 -0.173799 -3.09617e-21)
(1.25193 -0.20159 1.33698e-20)
(1.25554 -0.199147 8.43707e-21)
(1.2591 -0.196705 1.96595e-21)
(1.26262 -0.194265 -6.19062e-21)
(1.26611 -0.191829 -1.61984e-21)
(1.26957 -0.189398 -1.08126e-20)
(1.27299 -0.186973 6.88333e-21)
(1.27639 -0.184555 2.84482e-20)
(1.27975 -0.182146 -3.9248e-20)
(1.28309 -0.179747 -1.30752e-21)
(1.28639 -0.177358 6.46161e-22)
(1.25681 -0.206522 1.83995e-21)
(1.26052 -0.203929 -7.05796e-21)
(1.26419 -0.201337 -9.41858e-21)
(1.26782 -0.198747 1.00309e-20)
(1.27141 -0.196162 1.73828e-21)
(1.27496 -0.193583 3.3598e-20)
(1.27847 -0.191011 -3.4412e-20)
(1.28194 -0.188447 -5.28593e-21)
(1.28537 -0.185892 1.88223e-20)
(1.28876 -0.183347 -8.33267e-21)
(1.29211 -0.180813 -2.12738e-20)
(1.26193 -0.211466 -1.21547e-20)
(1.26576 -0.208709 4.3381e-22)
(1.26954 -0.205953 6.27569e-21)
(1.27326 -0.203201 -2.06479e-20)
(1.27694 -0.200453 -2.68425e-20)
(1.28057 -0.197711 -2.23882e-20)
(1.28414 -0.194976 1.4971e-20)
(1.28767 -0.19225 -1.29969e-20)
(1.29114 -0.189534 -2.64762e-20)
(1.29455 -0.186828 2.16469e-20)
(1.29791 -0.184134 -2.65947e-21)
(1.26733 -0.216412 8.39446e-22)
(1.27126 -0.213474 5.93473e-21)
(1.27513 -0.210538 -1.40117e-20)
(1.27894 -0.207604 6.37079e-21)
(1.28269 -0.204675 2.20288e-20)
(1.28637 -0.201753 9.30976e-21)
(1.28998 -0.198838 1.02897e-20)
(1.29352 -0.195932 4.46914e-22)
(1.297 -0.193038 1.04894e-21)
(1.3004 -0.190155 -8.70811e-21)
(1.30372 -0.187285 1.52001e-20)
(1.27299 -0.221339 3.48569e-21)
(1.27701 -0.2182 4.50072e-21)
(1.28095 -0.215062 4.76567e-21)
(1.28481 -0.211927 5.98504e-21)
(1.28859 -0.208797 2.10213e-21)
(1.29229 -0.205674 -3.00933e-20)
(1.2959 -0.20256 -1.56372e-21)
(1.29942 -0.199457 3.43461e-20)
(1.30285 -0.196367 1.74052e-20)
(1.30618 -0.193292 5.12275e-21)
(1.30942 -0.190231 -2.26965e-20)
(1.27888 -0.226213 4.44343e-21)
(1.28295 -0.22285 -7.16333e-21)
(1.28692 -0.219488 1.77845e-21)
(1.29079 -0.21613 -1.93919e-20)
(1.29456 -0.212778 1.56983e-20)
(1.29823 -0.209436 7.5141e-21)
(1.30178 -0.206105 -7.95094e-21)
(1.30523 -0.202789 -1.87765e-20)
(1.30857 -0.199489 3.79265e-20)
(1.31179 -0.196206 2.41519e-20)
(1.31489 -0.192942 1.902e-20)
(1.28489 -0.23099 -1.52476e-20)
(1.28897 -0.227379 -1.26414e-20)
(1.29293 -0.223771 -8.62842e-22)
(1.29676 -0.22017 -1.12073e-20)
(1.30048 -0.216578 -5.32851e-21)
(1.30407 -0.213 1.60668e-20)
(1.30753 -0.209437 1.60533e-20)
(1.31086 -0.205893 1.12071e-20)
(1.31406 -0.202369 -3.53568e-20)
(1.31712 -0.198866 -2.55223e-20)
(1.32003 -0.195384 -7.48423e-21)
(1.29089 -0.235629 -1.47695e-21)
(1.29494 -0.23175 2.39549e-20)
(1.29884 -0.227878 2.22941e-20)
(1.3026 -0.224017 1.10997e-20)
(1.30622 -0.220171 9.21676e-21)
(1.3097 -0.216341 1.9191e-20)
(1.31303 -0.212532 -1.38803e-20)
(1.31621 -0.208745 -1.57168e-20)
(1.31923 -0.20498 6.85908e-21)
(1.32208 -0.201237 1.0871e-20)
(1.32475 -0.197515 7.67076e-21)
(1.29676 -0.240111 1.17993e-20)
(1.30074 -0.235954 -1.8459e-20)
(1.30456 -0.231807 -2.38864e-20)
(1.30822 -0.227677 3.42729e-21)
(1.31173 -0.223564 1.61986e-20)
(1.31507 -0.219472 -1.70351e-20)
(1.31825 -0.215403 2.64571e-20)
(1.32124 -0.211356 -1.88973e-20)
(1.32404 -0.20733 -3.75653e-21)
(1.32662 -0.203322 -1.04489e-20)
(1.32896 -0.199328 -6.71347e-22)
(1.30238 -0.244415 -5.71466e-21)
(1.30629 -0.239973 -3.37987e-21)
(1.31003 -0.235548 7.91683e-21)
(1.31359 -0.231143 1.46984e-21)
(1.31696 -0.226758 -6.24449e-20)
(1.32015 -0.222397 -1.28463e-20)
(1.32313 -0.218057 -3.58779e-20)
(1.3259 -0.213736 5.02272e-21)
(1.32841 -0.209431 8.6283e-21)
(1.33066 -0.205135 -6.63999e-21)
(1.33258 -0.200838 4.56347e-20)
)
;

boundaryField
{
    inlet
    {
        type            uniformFixedValue;
        uniformValue    constant (1 0 0);
        value           nonuniform 0();
    }
    outlet
    {
        type            pressureInletOutletVelocity;
        value           nonuniform 0();
    }
    cylinder
    {
        type            fixedValue;
        value           uniform (0 0 0);
    }
    top
    {
        type            symmetryPlane;
    }
    bottom
    {
        type            symmetryPlane;
    }
    defaultFaces
    {
        type            empty;
    }
    procBoundary7to6
    {
        type            processor;
        value           nonuniform List<vector> 
83
(
(1.32775 -0.275377 3.02497e-20)
(1.32058 -0.268926 3.0323e-21)
(1.31289 -0.261888 -9.18591e-21)
(1.30513 -0.254389 -1.12821e-20)
(1.29242 -0.266248 1.2519e-21)
(1.3189 -0.274395 -2.16056e-20)
(1.33247 -0.277684 -2.91671e-20)
(1.33694 -0.277256 -5.23855e-21)
(1.33553 -0.274179 -3.42287e-21)
(1.33553 -0.274179 -3.42287e-21)
(0.962144 -0.158247 -2.91532e-20)
(1.07421 -0.190628 4.38742e-21)
(1.165 -0.218183 3.8985e-20)
(1.23376 -0.239764 -1.3414e-20)
(1.23376 -0.239764 -1.3414e-20)
(0.372456 -0.021234 -3.86148e-20)
(0.512986 -0.0462078 -2.4751e-20)
(0.657919 -0.0767368 -4.70629e-20)
(0.799855 -0.110428 -3.76658e-20)
(0.799855 -0.110428 -3.76658e-20)
(0.118292 0.00700152 2.00957e-20)
(0.224658 -0.000500262 3.25816e-20)
(0.224658 -0.000500262 3.25816e-20)
(1.1087 -0.00168089 -2.30732e-22)
(1.10897 -0.00502435 3.39571e-22)
(1.10946 -0.00829649 -5.74293e-22)
(1.11018 -0.0115382 2.98326e-22)
(1.1111 -0.0147434 2.35166e-22)
(1.1122 -0.0179342 1.7802e-22)
(1.11349 -0.0211145 -3.14148e-22)
(1.11493 -0.0242963 -7.10951e-22)
(1.11654 -0.0274861 -4.23679e-23)
(1.11828 -0.0306917 -2.04528e-22)
(1.12016 -0.0339194 5.87389e-22)
(1.12216 -0.0371746 -6.61439e-22)
(1.12427 -0.0404635 3.69374e-22)
(1.12649 -0.0437897 -7.73728e-23)
(1.1288 -0.0471573 3.47338e-22)
(1.13121 -0.0505711 5.37833e-22)
(1.1337 -0.0540333 -5.21962e-22)
(1.13626 -0.0575472 -4.72702e-22)
(1.1389 -0.0611152 1.12719e-21)
(1.1416 -0.0647394 -1.11637e-21)
(1.14436 -0.0684216 8.35314e-22)
(1.14717 -0.0721629 1.34222e-22)
(1.15004 -0.075965 -8.65431e-22)
(1.15295 -0.0798281 2.47919e-22)
(1.1559 -0.0837525 4.04945e-22)
(1.1589 -0.0877391 -4.41908e-22)
(1.16194 -0.0917877 9.23747e-22)
(1.16501 -0.095898 8.19386e-23)
(1.16811 -0.10007 -1.13637e-21)
(1.17125 -0.104302 7.71879e-22)
(1.17442 -0.108593 6.16199e-22)
(1.17763 -0.112943 1.14517e-21)
(1.18087 -0.11735 -2.97678e-21)
(1.18414 -0.121812 1.76561e-21)
(1.18745 -0.126328 -1.04106e-21)
(1.19079 -0.130896 1.25259e-21)
(1.19418 -0.135514 -1.96684e-21)
(1.1976 -0.14018 -1.39421e-21)
(1.20107 -0.144891 1.60587e-21)
(1.20459 -0.149645 -1.12525e-21)
(1.20816 -0.15444 -1.38088e-21)
(1.21179 -0.159272 3.91623e-21)
(1.21547 -0.16414 -4.58867e-21)
(1.21923 -0.16904 3.06206e-21)
(1.22307 -0.17397 -6.2829e-22)
(1.22699 -0.178926 -9.18504e-22)
(1.231 -0.183906 1.76725e-21)
(1.23512 -0.188908 -2.87904e-21)
(1.23936 -0.193929 -2.01904e-21)
(1.24374 -0.198969 5.59537e-21)
(1.24829 -0.204031 -3.8231e-21)
(1.25305 -0.209115 6.97378e-21)
(1.25805 -0.214222 -5.01874e-21)
(1.26333 -0.219348 -1.03472e-20)
(1.26889 -0.224476 1.09931e-20)
(1.27471 -0.229574 7.86164e-21)
(1.2807 -0.2346 -1.76053e-20)
(1.28671 -0.23951 2.20302e-20)
(1.29262 -0.244275 -3.19043e-20)
(1.2983 -0.248868 3.18622e-20)
)
;
    }
    procBoundary7to8
    {
        type            processor;
        value           nonuniform List<vector> 
100
(
(1.33455 -0.195571 1.09999e-19)
(1.33675 -0.19252 3.90824e-20)
(1.33414 -0.196529 9.78421e-21)
(1.33455 -0.195571 1.09999e-19)
(1.32096 -0.189352 -1.29201e-19)
(1.25416 -0.171752 2.3877e-19)
(1.32096 -0.189352 -1.29201e-19)
(1.2899 -0.179017 7.14495e-20)
(1.25416 -0.171752 2.3877e-19)
(1.17886 -0.151689 2.27039e-20)
(0.982167 -0.109405 9.24118e-20)
(1.17886 -0.151689 2.27039e-20)
(1.07367 -0.126978 -4.68847e-20)
(0.982167 -0.109405 9.24118e-20)
(0.835664 -0.081521 -5.13973e-20)
(0.835664 -0.081521 -5.13973e-20)
(0.678998 -0.0563395 2.199e-19)
(0.678998 -0.0563395 2.199e-19)
(0.52456 -0.0363045 -2.02548e-20)
(0.52456 -0.0363045 -2.02548e-20)
(0.382957 -0.0225908 1.45433e-19)
(0.382957 -0.0225908 1.45433e-19)
(0.261247 -0.0150493 6.16941e-21)
(0.261247 -0.0150493 6.16941e-21)
(0.16273 -0.0125458 -9.93715e-20)
(0.16273 -0.0125458 -9.93715e-20)
(0.0877468 -0.0134072 -1.35874e-19)
(0.0877468 -0.0134072 -1.35874e-19)
(0.0347746 -0.0157851 -4.13972e-20)
(0.0347746 -0.0157851 -4.13972e-20)
(0.00136437 -0.0178773 -2.61769e-20)
(0.00136437 -0.0178773 -2.61769e-20)
(-0.0152504 -0.0180192 6.00254e-20)
(-0.0152504 -0.0180192 6.00254e-20)
(-0.0181127 -0.0196422 -2.63838e-20)
(-0.018787 -0.015719 -5.48324e-20)
(-0.018787 -0.015719 -5.48324e-20)
(-0.00902231 -0.00720129 3.48412e-19)
(1.11723 -0.00153173 2.74367e-21)
(1.11757 -0.00452015 -1.40842e-21)
(1.11817 -0.0074712 -1.77224e-22)
(1.11845 -0.0104672 1.40837e-21)
(1.11845 -0.0104672 1.40837e-21)
(1.11956 -0.0133722 5.47331e-22)
(1.12089 -0.016261 -9.78714e-22)
(1.12243 -0.0191404 1.17306e-21)
(1.12418 -0.0220203 -1.93491e-21)
(1.12611 -0.0249071 1.0089e-21)
(1.12822 -0.0278081 9.83594e-22)
(1.13049 -0.030729 6.47684e-22)
(1.13292 -0.0336751 -7.79642e-22)
(1.13549 -0.0366512 -3.69733e-21)
(1.1382 -0.0396615 -1.87725e-21)
(1.14104 -0.0427096 4.62314e-21)
(1.144 -0.0457989 -4.12144e-21)
(1.14707 -0.048932 3.61185e-21)
(1.15024 -0.0521111 -2.15256e-21)
(1.15351 -0.055338 1.62236e-21)
(1.15688 -0.0586142 2.86089e-21)
(1.16033 -0.0619404 -6.92949e-21)
(1.16387 -0.0653172 -1.7947e-21)
(1.16748 -0.0687446 3.74331e-21)
(1.17116 -0.0722221 -8.80465e-21)
(1.17491 -0.0757489 4.15493e-21)
(1.17872 -0.0793237 9.70198e-23)
(1.1826 -0.0829447 3.05098e-21)
(1.18653 -0.0866099 7.21861e-22)
(1.19051 -0.0903165 -1.13752e-20)
(1.19455 -0.0940616 7.61397e-21)
(1.19863 -0.0978417 6.17583e-22)
(1.20277 -0.101653 3.12189e-21)
(1.20695 -0.105491 -8.97675e-21)
(1.21118 -0.109351 8.21038e-21)
(1.21546 -0.113228 -7.84127e-21)
(1.21978 -0.117116 -9.57334e-22)
(1.22415 -0.12101 6.44894e-21)
(1.22857 -0.124904 -5.12137e-21)
(1.23303 -0.128791 3.62353e-21)
(1.23755 -0.132665 -8.48084e-21)
(1.24212 -0.13652 1.56754e-20)
(1.24676 -0.140348 -2.1526e-20)
(1.25146 -0.144143 2.80872e-20)
(1.25346 -0.149522 -2.62866e-21)
(1.25346 -0.149522 -2.62866e-21)
(1.25825 -0.153323 8.42061e-21)
(1.26314 -0.15708 1.95649e-20)
(1.26814 -0.160787 -5.32633e-21)
(1.27328 -0.16444 -1.18372e-20)
(1.27858 -0.168032 -2.2713e-20)
(1.28404 -0.171551 1.3386e-20)
(1.28967 -0.174979 2.68635e-21)
(1.29541 -0.17829 9.3967e-21)
(1.30121 -0.181452 -9.32777e-21)
(1.30696 -0.184429 -1.62323e-20)
(1.31255 -0.187187 4.74418e-20)
(1.31786 -0.189697 -3.54068e-20)
(1.32278 -0.191922 2.54188e-20)
(1.3272 -0.19381 -6.15397e-21)
(1.33103 -0.19534 -6.30216e-21)
(1.33414 -0.196529 9.78421e-21)
)
;
    }
    procBoundary7to22
    {
        type            processor;
        value           uniform (0.032622 0.00389064 -6.93852e-21);
    }
    procBoundary7to23
    {
        type            processor;
        value           nonuniform List<vector> 6((-0.00965921 0.0158671 -6.64513e-20) (-0.00583362 0.0138271 2.67155e-19) (-0.00972062 0.00939024 -3.40083e-20) (-0.00972062 0.00939024 -3.40083e-20) (-0.00736954 0.00796626 2.38033e-19) (-0.00561844 0.00364421 -3.08677e-19));
    }
    procBoundary7to24
    {
        type            processor;
        value           nonuniform List<vector> 4((-0.00849638 0.00691579 -9.28705e-20) (-0.0164378 0.0147109 2.1404e-19) (-0.0164378 0.0147109 2.1404e-19) (-0.0130356 0.0178734 1.96087e-20));
    }
}


// ************************************************************************* //
