/*--------------------------------*- C++ -*----------------------------------*\
  =========                 |
  \\      /  F ield         | OpenFOAM: The Open Source CFD Toolbox
   \\    /   O peration     | Website:  https://openfoam.org
    \\  /    A nd           | Version:  7
     \\/     M anipulation  |
\*---------------------------------------------------------------------------*/
FoamFile
{
    version     2.0;
    format      ascii;
    class       surfaceScalarField;
    location    "99";
    object      phi;
}
// * * * * * * * * * * * * * * * * * * * * * * * * * * * * * * * * * * * * * //

dimensions      [0 3 -1 0 0 0 0];

internalField   nonuniform List<scalar> 
2011
(
0.00174978
0.0169867
0.0103245
0.0107601
-2.85362e-05
0.0107276
3.25904e-05
0.0106457
8.18808e-05
0.0105381
0.000107534
0.0103872
0.000150914
0.0102521
0.000135146
0.0102449
7.1729e-06
0.0103592
-0.000114242
0.0105198
-0.000160647
0.0106904
-0.000170599
-0.0001399
0.0105156
-5.7804e-05
0.0104835
6.47615e-05
0.0104025
0.000162808
0.0102961
0.000213939
0.0101449
0.000302138
0.0100085
0.000271577
0.010001
1.46602e-05
0.0101161
-0.00022935
0.0102767
-0.000321247
0.0104463
-0.000340157
-0.00027894
0.0102815
-8.87414e-05
0.0102493
9.69772e-05
0.0101683
0.000243817
0.0100617
0.000320502
0.00990726
0.000456626
0.00976618
0.000412651
0.00975813
2.27091e-05
0.00987681
-0.000348027
0.0100405
-0.000484967
0.0102114
-0.000511029
-0.000418984
0.0100572
-0.000122282
0.0100246
0.000129638
0.0099427
0.000325687
0.00983489
0.00042832
0.00967421
0.000617299
0.00952515
0.000561718
0.00951615
3.17073e-05
0.009641
-0.000472878
0.0098109
-0.000654867
0.00998542
-0.000685547
-0.000561701
0.00984222
-0.000159239
0.0098087
0.000163159
0.00972533
0.000409048
0.00961531
0.000538349
0.00944575
0.000786854
0.00928559
0.000721881
0.00927518
4.21181e-05
0.0094085
-0.000606205
0.00958752
-0.000833885
0.00976792
-0.000865944
-0.000708454
0.00963601
-0.000200289
0.0096012
0.000197971
0.00951586
0.00049439
0.00940279
0.00065142
0.00922184
0.000967805
0.00904769
0.000896033
0.00903523
5.45754e-05
0.00917902
-0.000749999
0.00937004
-0.0010249
0.00955856
-0.00105446
-0.000860348
0.00943823
-0.000245986
0.00940167
0.000234526
0.00931399
0.000582069
0.00919715
0.000768261
0.00900247
0.00116249
0.00881159
0.00108691
0.00879622
6.99523e-05
0.00895204
-0.000905826
0.00915791
-0.00123077
0.00935691
-0.00125345
-0.00101832
0.0092485
-0.000296751
0.00920973
0.000273291
0.00911947
0.00067233
0.0089982
0.00088953
0.00878767
0.00137302
0.00857751
0.00129706
0.00855789
8.9575e-05
0.00872667
-0.00107461
0.00895016
-0.00145426
0.00916225
-0.00146554
-0.00118328
0.0090665
-0.000352877
0.00902506
0.000314732
0.00893205
0.000765346
0.00880574
0.00101583
0.00857756
0.0016012
0.00834576
0.00152887
0.00831979
0.000115545
0.00850134
-0.00125616
0.008745
-0.00169792
0.00897326
-0.0016938
-0.00135647
0.00889194
-0.00041451
0.0088474
0.000359276
0.00875147
0.000861279
0.00861953
0.00114777
0.0083724
0.00184833
0.00811683
0.00178444
0.00808111
0.000151264
0.00827344
-0.0014485
0.00853929
-0.00196377
0.00878747
-0.00194198
-0.00153988
0.00872455
-0.000481676
0.00867654
0.000407283
0.00857745
0.000960368
0.00843924
0.00128598
0.00817262
0.00211496
0.00789148
0.00206557
0.00784067
0.000202074
0.008039
-0.00164682
0.00832805
-0.00225282
0.00860081
-0.00221475
-0.00173698
0.00856405
-0.000554296
0.00851234
0.000458994
0.00840966
0.00106305
0.00826449
0.00143115
0.00797885
0.0024006
0.00767079
0.00237364
0.007597
0.000275857
0.00779275
-0.00184257
0.0081043
-0.00256438
0.00840728
-0.00251773
-0.00195335
0.00841021
-0.000632213
0.00835471
0.000514499
0.0082477
0.00117005
0.00809481
0.00158405
0.00779186
0.00270355
0.00745601
0.00270949
0.0073488
0.000383059
0.00752904
-0.0020228
0.00785987
-0.00289521
0.00819935
-0.00285721
-0.00219707
0.00826284
-0.000715257
0.00820359
0.000573749
0.00809113
0.00128251
0.00792973
0.00174544
0.00761238
0.00302089
0.0072485
0.00307338
0.00709552
0.000536033
0.00724354
-0.00217082
0.00758723
-0.0032389
0.00796915
-0.00323913
-0.00247841
0.00812175
-0.000803275
0.00805889
0.000636606
0.00793944
0.00140197
0.00776888
0.001916
0.00744097
0.0033488
0.00704938
0.00346497
0.00683816
0.000747247
0.00693533
-0.00226798
0.00728198
-0.00358555
0.00771042
-0.00366757
-0.00280866
0.00798682
-0.00089618
0.00792046
0.000702966
0.00779215
0.00153028
0.00761203
0.00209612
0.00727778
0.00368305
0.00685931
0.00388344
0.00657965
0.0010269
0.00660831
-0.00229665
0.00694507
-0.00392231
0.00742047
-0.00414296
-0.00319812
0.00785799
-0.000993972
0.00778804
0.000772917
0.00764885
0.00166946
0.00745916
0.00228582
0.00712255
0.00401966
0.00667853
0.00432746
0.00632447
0.00138097
0.00627111
-0.00224328
0.0065834
-0.00423461
0.0071013
-0.00466086
-0.003654
0.00773517
-0.00109672
0.00766121
0.000846876
0.0075092
0.00182147
0.00731036
0.00248466
0.00697459
0.00435543
0.00650689
0.00479515
0.00607799
0.00180987
0.00593529
-0.00210058
0.00620858
-0.00450791
0.00675938
-0.00521166
-0.00417879
0.00761825
-0.00120451
0.00753946
0.00092567
0.007373
0.00198793
0.0071658
0.00269186
0.00683302
0.00468821
0.00634408
0.00528409
0.00584528
0.00230866
0.00561275
-0.00186805
0.0058343
-0.00472945
0.00640419
-0.00578155
-0.00476968
0.00750702
0.0074222
0.00101049
0.00724017
0.00216996
0.00702559
0.00290644
0.00669685
0.00501695
0.00618975
0.00579119
0.00563026
0.00286816
0.00531341
-0.0015512
0.0054736
-0.00488964
0.00604636
-0.00635432
-0.00541902
0.00730877
0.00110273
0.00711067
0.00236806
0.00688974
0.00312736
0.00656521
0.00534148
0.0060436
0.0063128
0.0054352
0.00347655
0.00504388
-0.00115987
0.00513698
-0.00498275
0.00569601
-0.00691335
-0.00611541
0.00719846
0.00120363
0.00698446
0.00258206
0.00675809
0.00335373
0.00643734
0.00566224
0.0059053
0.00684484
0.00526079
0.00412107
0.00480733
-0.000706413
0.00483167
-0.00500709
0.00536175
-0.00744343
-0.00684511
0.00709047
0.00131382
0.00686144
0.0028111
0.00663037
0.00358479
0.00631267
0.00597994
0.00577448
0.00738303
0.00510632
0.00478923
0.00460404
-0.000204138
0.00456163
-0.00496469
0.00505021
-0.007932
-0.0075934
0.00698382
0.00143251
0.00674138
0.00305354
0.0065062
0.00381997
0.00619078
0.00629535
0.00565067
0.00792315
0.00497019
0.00546971
0.0044322
0.000333847
0.00432808
-0.00486056
0.00476592
-0.00836985
-0.0083457
0.00687721
0.00155686
0.00662385
0.0033069
0.00638511
0.00405872
0.00607137
0.00660909
0.00553332
0.0084612
0.00485028
0.00615274
0.00428868
0.000895447
0.00413004
-0.00470192
0.00451146
-0.00875127
-0.00908845
0.00676904
0.0016813
0.00650827
0.00356767
0.00626663
0.00430036
0.00595421
0.00692151
0.0054218
0.00899361
0.00474423
0.00683031
0.00416974
0.00146994
0.00396497
-0.00449716
0.00428756
-0.00907386
-0.00980985
0.00665739
0.00179744
0.00639384
0.00383122
0.00615025
0.00454395
0.0058391
0.00723266
0.00531544
0.00951727
0.0046497
0.00749606
0.00407136
0.00204828
0.00382929
-0.00425509
0.00409347
-0.00933803
-0.0105002
0.00654029
0.00189461
0.00627966
0.00409185
0.00603548
0.00478813
0.00572588
0.00754225
0.00521358
0.0100296
0.00456453
0.00814511
0.00398967
0.00262314
0.00371888
-0.00398429
0.00392726
-0.00954642
-0.0111522
0.00641602
0.00196116
0.0061648
0.00434307
0.00592185
0.00503109
0.0056144
0.0078497
0.00511558
0.0105284
0.00448675
0.00877393
0.00392112
0.00318878
0.00362947
-0.00369265
0.00378627
-0.00970321
-0.0117607
0.00628338
0.00198609
0.00604841
0.00457804
0.00580893
0.00527056
0.0055045
0.00815413
0.00502083
0.0110121
0.00441468
0.00938008
0.00386258
0.00374088
0.00355703
-0.0033871
0.0036674
-0.00981358
-0.0123228
0.00614189
0.00196042
0.00592982
0.00479011
0.00569637
0.00550402
0.00539605
0.00845445
0.00492879
0.0114793
0.00434689
0.00996198
0.0038114
0.00427637
0.00349787
-0.00307357
0.00356745
-0.00988316
-0.0128372
0.00599182
0.00187812
0.0058086
0.00497333
0.00558387
0.00572875
0.0052889
0.00874943
0.004839
0.0119292
0.0042822
0.0105188
0.00376538
0.00479319
0.00344877
-0.00275696
0.00348333
-0.00991771
-0.0133044
0.00583405
0.00173623
0.00568457
0.00512281
0.00547124
0.00594207
0.00518293
0.00903774
0.00475106
0.0123611
0.00421967
0.0110502
0.00372277
0.00529009
0.00340704
-0.00244123
0.00341217
-0.00992285
-0.0137256
0.00566983
0.00153456
0.0055578
0.00523485
0.00535837
0.00614149
0.00507806
0.00931805
0.00466464
0.0127745
0.00415855
0.0115563
0.00368218
0.00576647
0.00337044
-0.00212949
0.00335141
-0.00990383
-0.0141031
0.00550069
0.00127511
0.00542855
0.00530699
0.00524524
0.0063248
0.0049742
0.0095891
0.00457946
0.0131692
0.00409828
0.0120374
0.00364255
0.0062222
0.00333716
-0.0018241
0.00329882
-0.00986548
-0.0144398
0.00532818
0.000961438
0.00529724
0.00533793
0.0051319
0.00649014
0.0048713
0.0098497
0.0044953
0.0135452
0.00403843
0.0124943
0.00360308
0.00665755
0.00330579
-0.00152682
0.00325246
-0.00981215
-0.0147387
0.00515385
0.000598168
0.00516438
0.0053274
0.00501845
0.00663606
0.00476934
0.0100988
0.00441203
0.0139026
0.00397868
0.0129277
0.0035632
0.00707303
0.00327522
-0.00123883
0.00321072
-0.00974765
-0.0150033
0.00497914
0.000190605
0.00503055
0.00527599
0.00490506
0.00676156
0.00466831
0.0103356
0.0043295
0.0142414
0.00391883
0.0133383
0.00352253
0.00746933
0.00324461
-0.00096091
0.00317225
-0.00967529
-0.0152369
0.0048054
-0.000255549
0.00489635
0.00518504
0.00479191
0.006866
0.00456822
0.0105592
0.00424765
0.0145619
0.00385875
0.0137272
0.0034808
0.00784728
0.00321335
-0.000693459
0.00313595
-0.00959789
-0.0154431
0.00463381
-0.000734398
0.00476237
0.00505648
0.0046792
0.00694917
0.0044691
0.0107694
0.00416643
0.0148646
0.00379836
0.0140953
0.0034379
0.00820774
0.00318105
-0.000436611
0.00310095
-0.00951779
-0.015625
0.00446542
-0.00124001
0.00462919
0.0048927
0.00456717
0.00701118
0.00437099
0.0109655
0.00408581
0.0151498
0.00373763
0.0144435
0.00339376
0.00855161
0.00314744
-0.000190292
0.00306656
-0.00943691
-0.0157858
0.00430111
-0.00176652
0.00449734
0.00469648
0.00445604
0.00705248
0.00427394
0.0111476
0.00400579
0.0154179
0.00367658
0.0147727
0.00334842
0.00887978
0.00311241
4.57157e-05
0.00303226
-0.00935676
-0.0159284
0.00414162
-0.00230826
0.0043673
0.0044708
0.00434601
0.00707378
0.00417801
0.0113156
0.00392639
0.0156696
0.00361523
0.0150838
0.00330192
0.00919309
0.00307591
0.000271725
0.00299768
-0.00927853
-0.0160553
0.00398755
-0.00285987
0.00423951
0.00421884
0.00423729
0.007076
0.00408326
0.0114697
0.00384763
0.0159052
0.00355363
0.0153778
0.00325438
0.00949234
0.003038
0.000488099
0.00296256
-0.00920309
-0.0161691
0.00383933
-0.00341631
0.00411432
0.00394385
0.00413007
0.00706025
0.00398974
0.01161
0.00376954
0.0161254
0.00349186
0.0156555
0.0032059
0.0097783
0.00299878
0.000695221
0.00292676
-0.00913106
-0.0162716
0.0036973
-0.00397299
0.00399205
0.00364909
0.00402451
0.0070278
0.00389753
0.011737
0.00369217
0.0163307
0.00342997
0.0159177
0.00315662
0.0100516
0.00295837
0.00089347
0.00289018
-0.00906287
-0.0163649
0.00356164
-0.00452578
0.00387295
0.00333779
0.00392077
0.00697998
0.00380668
0.0118511
0.00361555
0.0165219
0.00336804
0.0161652
0.00310668
0.010313
0.00291693
0.00108321
0.00285281
-0.00899875
-0.0164505
0.00343246
-0.00507106
0.0037572
0.00301305
0.00381896
0.00691821
0.00371723
0.0119528
0.00353973
0.0166994
0.00330616
0.0163988
0.0030562
0.010563
0.00287463
0.00126479
0.00281468
-0.0089388
-0.0165296
0.00330977
-0.00560578
0.00364494
0.00267789
0.00371921
0.00684395
0.00362925
0.0120427
0.00346475
0.0168639
0.00324439
0.0166192
0.00300533
0.010802
0.00283161
0.00143851
0.00277584
-0.00888303
-0.0166035
0.0031935
-0.00612742
0.00353627
0.00233512
0.00362158
0.00675864
0.00354278
0.0121215
0.00339066
0.017016
0.00318282
0.016827
0.00295419
0.0110307
0.00278805
0.00160464
0.00273639
-0.00883136
-0.016673
0.00308351
-0.00663404
0.00343124
0.00198738
0.00352615
0.00666373
0.00345784
0.0121898
0.00331749
0.0171563
0.00312152
0.017023
0.0029029
0.0112493
0.0027441
0.00176345
0.00269641
-0.00878367
-0.0167388
0.0029796
-0.00712423
0.00332987
0.00163711
0.00343297
0.00656063
0.00337448
0.0122483
0.00324529
0.0172855
0.00306054
0.0172077
0.00285157
0.0114583
0.00269989
0.00191513
0.00265599
-0.00873977
-0.0168016
0.00288155
-0.00759705
0.00323216
0.00128651
0.00334208
0.00645071
0.00329272
0.0122977
0.00317408
0.0174042
0.00299997
0.0173818
0.00280028
0.0116579
0.00265555
0.00205986
0.00261525
-0.00869948
-0.0168617
0.00278909
-0.00805192
0.00313808
0.000937517
0.0032535
0.0063353
0.00321259
0.0123386
0.00310391
0.0175129
0.00293984
0.0175459
0.00274913
0.0118487
0.00261118
0.00219781
0.00257427
-0.00866256
-0.0169195
0.0027019
-0.0084885
0.00304761
0.000591808
0.00316725
0.00621566
0.00313409
0.0123717
0.0030348
0.0176121
0.00288022
0.0177005
0.00269818
0.0120307
0.00256689
0.0023291
0.00253314
-0.00862881
-0.0169751
0.00261961
-0.00890668
0.0029607
0.000250717
0.00308335
0.00609302
0.00305725
0.0123978
0.00296677
0.0177026
0.00282114
0.0178461
0.00264746
0.0122044
0.00252275
0.00245381
0.00249195
-0.008598
-0.0170288
0.0025418
-0.00930648
0.00287732
-8.48017e-05
0.00300182
0.00596852
0.00298206
0.0124176
0.00289985
0.0177848
0.00276262
0.0179833
0.002597
0.01237
0.0024788
0.00257201
0.00245077
-0.00856998
-0.0170807
0.00246802
-0.00968809
0.00279747
-0.00041425
0.0029227
0.00584329
0.00290855
0.0124318
0.00283404
0.0178594
0.00270462
0.0181128
0.00254675
0.0125279
0.00243506
0.0026837
0.0024097
-0.00854462
-0.0171307
0.00239794
-0.0100519
0.00272111
-0.000737418
0.00284611
0.00571829
0.0028367
0.0124412
0.00276928
0.0179268
0.00264697
0.0182351
0.0024966
0.0126782
0.00239157
0.00278873
0.00236876
-0.00852181
-0.017179
0.0023315
-0.0103987
0.00264799
-0.00105391
0.0027724
0.00559387
0.00276662
0.0124469
0.00270529
0.0179881
0.0025892
0.0183512
0.00244616
0.0128213
0.00234838
0.0028865
0.00232811
-0.00850154
-0.0172255
0.00164444
-0.0189961
0.00153453
-0.0102888
0.00146712
-0.00098649
0.00134563
0.00571536
0.00118041
0.0126122
0.00108653
0.018082
0.00111343
0.0183243
0.00125051
0.0126842
0.001469
0.00266801
0.00169491
-0.00872745
-0.0173638
0.00165122
-0.0188816
0.00154806
-0.0101857
0.00148681
-0.00092524
0.00136844
0.00583373
0.00120686
0.0127737
0.00111633
0.0181725
0.00114347
0.0182971
0.00127911
0.0125486
0.00149487
0.00245225
0.00171597
-0.00894855
-0.0174979
0.00165761
-0.018768
0.00156051
-0.0100886
0.0015047
-0.000869431
0.00138982
0.00594861
0.00123251
0.012931
0.00114604
0.018259
0.00117415
0.018269
0.00130883
0.0124139
0.00152157
0.00223951
0.00173712
-0.00916411
-0.0176272
0.00166438
-0.0186561
0.00157358
-0.00999777
0.00152255
-0.000818401
0.00141086
0.0060603
0.00125798
0.0130839
0.00117565
0.0183413
0.00120479
0.0182399
0.00133845
0.0122802
0.00154777
0.00203019
0.00175759
-0.00937392
-0.017752
0.00167141
-0.0185466
0.00158715
-0.0099135
0.00154052
-0.000771775
0.00143188
0.00616893
0.00128345
0.0132324
0.00120506
0.0184197
0.00123509
0.0182098
0.00136759
0.0121477
0.0015733
0.00182448
0.00177734
-0.00957797
-0.0178724
0.0016785
-0.01844
0.00160084
-0.00983584
0.00155838
-0.000729315
0.00145275
0.00627457
0.00130882
0.0133763
0.00123425
0.0184943
0.00126507
0.018179
0.00139635
0.0120164
0.00159823
0.0016226
0.00179646
-0.0097762
-0.0179884
0.00168554
-0.0183365
0.0016145
-0.0097648
0.00157603
-0.000690848
0.0014734
0.0063772
0.00133403
0.0135157
0.00126318
0.0185651
0.00129477
0.0181474
0.00142474
0.0118865
0.00162259
0.00142475
0.00181496
-0.00996857
-0.0181001
0.0016925
-0.0182363
0.00162804
-0.00970033
0.00159343
-0.000656244
0.00149381
0.00647683
0.00135908
0.0136504
0.00129183
0.0186324
0.00132416
0.0181151
0.00145275
0.0117579
0.00164636
0.00123114
0.00183283
-0.010155
-0.0182077
0.00169935
-0.0181396
0.0016414
-0.00964238
0.00161056
-0.000625407
0.00151399
0.0065734
0.00138393
0.0137805
0.00132019
0.0186961
0.00135322
0.0180821
0.00148034
0.0116307
0.00166952
0.00104196
0.00185007
-0.0103356
-0.0183112
0.00170606
-0.0180466
0.00165451
-0.00959083
0.00162737
-0.000598258
0.00153391
0.00666685
0.00140858
0.0139058
0.00134824
0.0187564
0.00138193
0.0180484
0.00150748
0.0115052
0.00169206
0.000857375
0.00186666
-0.0105102
-0.0184106
0.0017126
-0.0179573
0.00166735
-0.00954559
0.00164383
-0.000574739
0.00155356
0.00675712
0.00143299
0.0140264
0.00137597
0.0188135
0.00141027
0.0180141
0.00153414
0.0113813
0.00171396
0.00067756
0.00188261
-0.0106788
-0.018506
0.00171896
-0.0178718
0.00167988
-0.00950651
0.00165994
-0.000554794
0.00157294
0.00684412
0.00145714
0.0141422
0.00140334
0.0188673
0.00143822
0.0179792
0.0015603
0.0112593
0.0017352
0.000502654
0.0018979
-0.0108415
-0.0185975
0.00172511
-0.0177902
0.00169205
-0.00947345
0.00167564
-0.000538385
0.00159201
0.00692776
0.00148101
0.0142532
0.00143035
0.0189179
0.00146576
0.0179438
0.00158592
0.0111391
0.00175579
0.000332789
0.00191252
-0.0109983
-0.0186852
0.00173105
-0.0177126
0.00170386
-0.00944625
0.00169095
-0.000525474
0.00161077
0.00700794
0.00150458
0.0143593
0.00145698
0.0189655
0.00149287
0.0179079
0.00161098
0.011021
0.00177569
0.000168088
0.00192646
-0.011149
-0.0187692
0.00173676
-0.0176388
0.00171527
-0.00942476
0.00170582
-0.000516025
0.0016292
0.00708456
0.0015278
0.0144607
0.0014832
0.0190101
0.00151953
0.0178716
0.00163545
0.0109051
0.00179489
8.64532e-06
0.00193972
-0.0112939
-0.0188494
0.00174222
-0.017569
0.00172627
-0.00940881
0.00172025
-0.000510008
0.00164728
0.00715753
0.00155067
0.0145573
0.00150901
0.0190518
0.00154572
0.0178349
0.00165929
0.0107915
0.00181339
-0.000145452
0.00195229
-0.0114328
-0.018926
0.00174741
-0.017503
0.00173684
-0.00939824
0.00173423
-0.000507404
0.001665
0.00722676
0.00157315
0.0146492
0.00153437
0.0190906
0.00157142
0.0177978
0.00168249
0.0106804
0.00183117
-0.000294132
0.00196417
-0.0115658
-0.018999
0.00175233
-0.017441
0.00174696
-0.00939286
0.00174774
-0.000508186
0.00168234
0.00729216
0.00159522
0.0147363
0.00155928
0.0191265
0.00159661
0.0177605
0.00170501
0.010572
0.00184821
-0.000437331
0.00197533
-0.0116929
-0.0190685
0.00175696
-0.0173829
0.00175662
-0.00939252
0.00176077
-0.000512336
0.00169929
0.00735364
0.00161686
0.0148187
0.0015837
0.0191597
0.00162126
0.0177229
0.00172683
0.0104665
0.0018645
-0.000575
0.00198578
-0.0118142
-0.0191346
0.00176128
-0.0173286
0.0017658
-0.00939704
0.0017733
-0.000519833
0.00171582
0.00741112
0.00163804
0.0148965
0.00160762
0.0191901
0.00164535
0.0176852
0.00174793
0.0103639
0.00188003
-0.000707101
0.00199551
-0.0119297
-0.0191972
0.00176528
-0.0172781
0.0017745
-0.00940627
0.00178533
-0.00053066
0.00173192
0.00746453
0.00165873
0.0149697
0.00163102
0.0192178
0.00166885
0.0176473
0.00176828
0.0102644
0.00189479
-0.000833605
0.00200452
-0.0120394
-0.0192565
0.00176894
-0.0172314
0.00178272
-0.00942004
0.00179685
-0.000544796
0.00174757
0.00751381
0.00167893
0.0150384
0.00165387
0.0192429
0.00169173
0.0176095
0.00178787
0.0101683
0.00190876
-0.000954494
0.00201279
-0.0121434
-0.0193125
0.00177226
-0.0171884
0.00179043
-0.00943821
0.00180786
-0.000562232
0.00176275
0.00755892
0.0016986
0.0151025
0.00167617
0.0192653
0.00171397
0.0175717
0.00180668
0.0100756
0.00192194
-0.00106976
0.00202032
-0.0122418
-0.0193653
0.00177521
-0.0171492
0.00179763
-0.00946063
0.00181835
-0.000582953
0.00177745
0.00759982
0.00171773
0.0151622
0.00169789
0.0192852
0.00173554
0.017534
0.00182468
0.00998646
0.00193432
-0.00117941
0.00202711
-0.0123346
-0.0194148
0.00177777
-0.0171136
0.00180431
-0.00948718
0.0018283
-0.000606941
0.00179163
0.00763649
0.0017363
0.0152176
0.00171901
0.0193024
0.00175643
0.0174966
0.00184186
0.00990103
0.00194589
-0.00128344
0.00203314
-0.0124218
-0.0194611
0.00177994
-0.0170816
0.00181047
-0.00951771
0.00183771
-0.000634182
0.00180528
0.00766892
0.00175429
0.0152686
0.00173951
0.0193172
0.00177659
0.0174595
0.0018582
0.00981942
0.00195664
-0.00138188
0.00203843
-0.0125036
-0.0195044
0.00178168
-0.0170532
0.0018161
-0.00955213
0.00184658
-0.000664663
0.00181839
0.00769712
0.00177168
0.0153153
0.00175939
0.0193295
0.00179602
0.0174229
0.00187369
0.00974175
0.00196656
-0.00147474
0.00204295
-0.01258
-0.0195445
0.00178299
-0.0170284
0.0018212
-0.00959034
0.0018549
-0.000698364
0.00183093
0.00772109
0.00178846
0.0153577
0.00177863
0.0193393
0.0018147
0.0173868
0.00188832
0.00966813
0.00197565
-0.00156207
0.00204672
-0.0126511
-0.0195816
0.00178384
-0.017007
0.00182575
-0.00963224
0.00186265
-0.000735271
0.00184288
0.00774086
0.00180461
0.015396
0.0017972
0.0193468
0.00183259
0.0173514
0.00190208
0.00959864
0.0019839
-0.00164388
0.00204972
-0.0127169
-0.0196156
0.00178422
-0.0169891
0.00182974
-0.00967777
0.00186984
-0.000775366
0.00185423
0.00775646
0.00182012
0.0154301
0.00181509
0.0193518
0.0018497
0.0173168
0.00191496
0.00953337
0.0019913
-0.00172022
0.00205196
-0.0127776
-0.0196467
0.00178409
-0.0169746
0.00183318
-0.00972686
0.00187644
-0.000818629
0.00186496
0.00776794
0.00183497
0.0154601
0.0018323
0.0193544
0.00186599
0.0172831
0.00192695
0.00947241
0.00199787
-0.00179113
0.00205343
-0.0128332
-0.0196748
0.00178344
-0.0169635
0.00183604
-0.00977946
0.00188246
-0.000865043
0.00187506
0.00777534
0.00184914
0.015486
0.0018488
0.0193548
0.00188147
0.0172505
0.00193806
0.00941582
0.00200358
-0.00185666
0.00205414
-0.0128837
-0.0196999
0.00178224
-0.0169556
0.00183832
-0.00983554
0.00188787
-0.000914589
0.0018845
0.00777871
0.00186264
0.0155079
0.00186458
0.0193528
0.00189611
0.017219
0.00194826
0.00936366
0.00200845
-0.00191684
0.00205407
-0.0129294
-0.0197222
0.00178047
-0.016951
0.00184
-0.00989507
0.00189266
-0.000967249
0.00189328
0.0077781
0.00187544
0.0155257
0.00187962
0.0193487
0.00190991
0.0171887
0.00195758
0.00931599
0.00201247
-0.00197172
0.00205324
-0.0129701
-0.0197415
0.0017781
-0.0169496
0.00184107
-0.00995804
0.00189683
-0.00102301
0.00190138
0.00777355
0.00188754
0.0155396
0.00189392
0.0193423
0.00192286
0.0171597
0.00196601
0.00927284
0.00201564
-0.00202136
0.00205164
-0.0130061
-0.0197579
0.0017751
-0.0169512
0.0018415
-0.0100244
0.00190035
-0.00108186
0.00190879
0.00776511
0.00189893
0.0155494
0.00190746
0.0193338
0.00193495
0.0171322
0.00197355
0.00923425
0.00201797
-0.00206578
0.00204928
-0.0130374
-0.0197715
0.00177145
-0.0169559
0.00184128
-0.0100943
0.00190321
-0.00114379
0.0019155
0.00775282
0.00190959
0.0155553
0.00192023
0.0193231
0.00194619
0.0171063
0.0019802
0.00920023
0.00201946
-0.00210503
0.00204615
-0.0130641
-0.0197823
0.00176712
-0.0169634
0.00184039
-0.0101675
0.00190541
-0.00120881
0.00192151
0.00773672
0.00191954
0.0155573
0.00193222
0.0193104
0.00195657
0.0170819
0.00198599
0.00917082
0.00202011
-0.00213915
0.00204226
-0.0130863
-0.0197902
0.00176208
-0.0169737
0.00183881
-0.0102443
0.00190691
-0.00127691
0.0019268
0.00771683
0.00192875
0.0155554
0.00194342
0.0192958
0.0019661
0.0170592
0.00199092
0.009146
0.00201994
-0.00216818
0.00203762
-0.013104
-0.0197954
0.00175631
0.0018365
0.00190771
0.00193137
0.00193722
0.00195382
0.00197477
0.00199499
0.00201896
0.00203222
)
;

boundaryField
{
    inlet
    {
        type            calculated;
        value           nonuniform 0();
    }
    outlet
    {
        type            calculated;
        value           nonuniform 0();
    }
    cylinder
    {
        type            calculated;
        value           nonuniform 0();
    }
    top
    {
        type            symmetryPlane;
        value           nonuniform 0();
    }
    bottom
    {
        type            symmetryPlane;
        value           uniform 0;
    }
    defaultFaces
    {
        type            empty;
        value           nonuniform 0();
    }
    procBoundary12to11
    {
        type            processor;
        value           nonuniform List<scalar> 
102
(
-0.0107316
-0.0104864
-0.0102506
-0.0100237
-0.00980526
-0.00959496
-0.00939253
-0.00919773
-0.00901038
-0.00883031
-0.00865738
-0.00849143
-0.0083323
-0.00817979
-0.00803373
-0.00789392
-0.00776019
-0.00763242
-0.00751046
-0.00739409
-0.00131744
-0.007401
-0.00729937
-0.00720066
-0.00710251
-0.00700156
-0.00689348
-0.00677352
-0.00663746
-0.00648258
-0.0063083
-0.00611622
-0.00590952
-0.00569216
-0.00546817
-0.00524124
-0.00501451
-0.00479058
-0.00457158
-0.00435925
-0.00415496
-0.00395981
-0.0037746
-0.00359987
-0.00343594
-0.00328289
-0.00314062
-0.00300885
-0.00288718
-0.00277506
-0.00267186
-0.00257689
-0.00248941
-0.00240873
-0.00233423
-0.00226532
-0.00220144
-0.002142
-0.00208641
-0.00203412
-0.00198468
0.019111
-0.00175931
-0.00176569
-0.00177124
-0.00177627
-0.00178088
-0.00178514
-0.00178907
-0.0017927
-0.00179603
-0.00179909
-0.00180188
-0.00180442
-0.0018067
-0.00180873
-0.00181052
-0.00181205
-0.00181333
-0.00181435
-0.0018151
-0.00181557
-0.00181576
-0.00181565
-0.00181522
-0.00181447
-0.00181337
-0.00181191
-0.00181008
-0.00180785
-0.0018052
-0.00180212
-0.00179859
-0.00179458
-0.00179008
-0.00178507
-0.00177953
-0.00177345
-0.0017668
-0.00175958
-0.00175177
-0.00174336
)
;
    }
    procBoundary12to13
    {
        type            processor;
        value           nonuniform List<scalar> 
99
(
0.0108303
0.0105853
0.0103514
0.0101281
0.00991467
0.00971045
0.00951487
0.00932722
0.00914644
0.00897089
0.00879791
0.00862365
0.00844307
0.0082505
0.00804067
0.00780993
0.00755718
0.00728417
0.00699509
0.0066957
0.0063924
0.00609146
0.0057985
0.00551822
0.00525421
0.00500896
0.00478383
0.00457923
0.00439478
0.00422947
0.00408192
0.00395047
0.00383339
0.00372894
0.00363546
0.00355139
0.0034753
0.00340592
0.00334211
0.00328288
0.00322736
0.00317482
0.00312464
0.00307628
0.00302934
0.00298345
0.00293836
0.00289383
0.00284972
0.00280589
0.00276226
0.00271876
0.00267535
0.00263203
0.00258879
0.00254564
0.00250263
0.00245977
0.00241707
0.00237461
0.00183318
0.00185003
0.00186649
0.00188237
0.0018977
0.00191248
0.00192671
0.0019404
0.00195352
0.00196607
0.00197805
0.00198943
0.00200022
0.0020104
0.00201996
0.00202889
0.00203719
0.00204484
0.00205183
0.00205816
0.00206381
0.00206878
0.00207305
0.00207663
0.0020795
0.00208166
0.00208309
0.0020838
0.00208378
0.00208302
0.00208152
0.00207929
0.0020763
0.00207257
0.0020681
0.00206288
0.00205691
0.0020502
0.00204275
)
;
    }
    procBoundary12to27
    {
        type            processor;
        value           uniform -0.00173434;
    }
    procBoundary12to28
    {
        type            processor;
        value           nonuniform List<scalar> 
12
(
-0.0170021
0.00183346
-0.0104081
-0.00134812
0.00769317
0.0155495
0.0192792
0.0170383
0.00912577
-0.00219214
-0.0131172
-0.0197977
)
;
    }
    procBoundary12to29
    {
        type            processor;
        value           uniform 0.00203457;
    }
}


// ************************************************************************* //
