/*--------------------------------*- C++ -*----------------------------------*\
  =========                 |
  \\      /  F ield         | OpenFOAM: The Open Source CFD Toolbox
   \\    /   O peration     | Website:  https://openfoam.org
    \\  /    A nd           | Version:  7
     \\/     M anipulation  |
\*---------------------------------------------------------------------------*/
FoamFile
{
    version     2.0;
    format      ascii;
    class       volVectorField;
    location    "34";
    object      U;
}
// * * * * * * * * * * * * * * * * * * * * * * * * * * * * * * * * * * * * * //

dimensions      [0 1 -1 0 0 0 0];

internalField   nonuniform List<vector> 
1062
(
(-0.22867 0.000884073 3.53512e-22)
(-0.245018 0.000625436 1.72492e-22)
(-0.246188 8.13298e-05 3.25343e-22)
(-0.254731 -0.000636066 5.58255e-23)
(-0.251565 -0.00145716 -1.99901e-22)
(-0.251808 -0.00211479 1.18932e-22)
(-0.242209 -0.00241291 -3.04645e-23)
(-0.233341 -0.00209004 -6.41546e-23)
(-0.216257 -0.00117068 -2.70319e-22)
(1.21536 -0.000713328 0)
(1.21852 -0.000477727 0)
(1.22049 -0.000248957 0)
(1.22126 -2.92488e-05 0)
(1.22082 0.00017931 0)
(1.21919 0.00037468 0)
(1.21639 0.00055527 0)
(1.21247 0.000720194 0)
(1.20748 0.00086723 0)
(1.20148 0.000996785 0)
(1.21571 -0.00212228 0)
(1.21887 -0.00142067 0)
(1.22083 -0.000739383 0)
(1.22158 -8.52284e-05 0)
(1.22113 0.000535755 0)
(1.21949 0.00111746 0)
(1.21668 0.00165512 0)
(1.21275 0.0021461 0)
(1.20774 0.0025838 0)
(1.20173 0.00296941 0)
(1.2164 -0.00349581 0)
(1.21954 -0.00233776 0)
(1.22148 -0.00121354 0)
(1.22221 -0.000134436 0)
(1.22174 0.000889779 0)
(1.22007 0.00184916 0)
(1.21724 0.00273577 0)
(1.21327 0.00354531 0)
(1.20824 0.00426686 0)
(1.2022 0.00490248 0)
(1.21739 -0.00483191 0)
(1.22051 -0.00322647 0)
(1.22242 -0.00166848 0)
(1.22312 -0.000173421 0)
(1.22262 0.00124513 0)
(1.22091 0.00257381 0)
(1.21804 0.00380142 0)
(1.21404 0.00492222 0)
(1.20896 0.0059209 0)
(1.20289 0.00680048 0)
(1.21867 -0.0061295 0)
(1.22175 -0.00408498 0)
(1.22363 -0.00210183 0)
(1.2243 -0.000199371 0)
(1.22374 0.00160497 0)
(1.22199 0.00329492 0)
(1.21907 0.00485579 0)
(1.21502 0.00628071 0)
(1.20989 0.00754988 0)
(1.20376 0.00866746 0)
(1.2202 -0.00738768 0)
(1.22325 -0.0049118 0)
(1.22509 -0.00251163 0)
(1.22571 -0.000209935 0)
(1.2251 0.00197198 0)
(1.22329 0.00401543 0)
(1.22031 0.00590205 0)
(1.2162 0.00762415 0)
(1.21101 0.00915727 0)
(1.20482 0.0105069 0)
(1.22198 -0.00860569 0)
(1.22499 -0.00570562 0)
(1.22678 -0.00289624 0)
(1.22734 -0.000203105 0)
(1.22667 0.00234843 0)
(1.22479 0.00473792 0)
(1.22175 0.00694293 0)
(1.21756 0.00895544 0)
(1.2123 0.0107461 0)
(1.20604 0.012322 0)
(1.22398 -0.00978286 0)
(1.22694 -0.00646534 0)
(1.22867 -0.00325424 0)
(1.22916 -0.000177175 0)
(1.22843 0.00273627 0)
(1.22648 0.00546456 0)
(1.22335 0.00798079 0)
(1.21909 0.0102771 0)
(1.21374 0.0123188 0)
(1.2074 0.0141153 0)
(1.22618 -0.0109186 0)
(1.22909 -0.00719001 0)
(1.23075 -0.00358446 0)
(1.23117 -0.000130754 0)
(1.23036 0.00313712 0)
(1.22833 0.00619721 0)
(1.22511 0.00901763 0)
(1.22076 0.0115913 0)
(1.21533 0.0138779 0)
(1.20889 0.0158892 0)
(1.22856 -0.0120125 0)
(1.23141 -0.00787884 0)
(1.233 -0.00388595 0)
(1.23335 -6.29157e-05 0)
(1.23245 0.0035523 0)
(1.23033 0.00693743 0)
(1.22702 0.0100551 0)
(1.22257 0.0128999 0)
(1.21704 0.0154251 0)
(1.2105 0.0176456 0)
(1.23111 -0.0130641 0)
(1.23389 -0.00853117 0)
(1.23541 -0.00415804 0)
(1.23567 2.80043e-05 0)
(1.23468 0.00398306 0)
(1.23246 0.00768652 0)
(1.22905 0.0110948 0)
(1.22449 0.0142045 0)
(1.21886 0.0169622 0)
(1.21221 0.0193864 0)
(1.23381 -0.0140731 0)
(1.23651 -0.00914653 0)
(1.23795 -0.00440011 0)
(1.23812 0.000142712 0)
(1.23703 0.0044302 0)
(1.2347 0.0084455 0)
(1.23119 0.0121376 0)
(1.22652 0.0155063 0)
(1.22077 0.0184904 0)
(1.21402 0.0211128 0)
(1.23663 -0.0150392 0)
(1.23926 -0.00972455 0)
(1.24061 -0.0046117 0)
(1.24068 0.000281079 0)
(1.23949 0.00489421 0)
(1.23705 0.00921519 0)
(1.23342 0.0131846 0)
(1.22864 0.0168065 0)
(1.22277 0.020011 0)
(1.2159 0.0228263 0)
(1.23958 -0.0159623 0)
(1.24212 -0.010265 0)
(1.24338 -0.00479265 0)
(1.24334 0.000443771 0)
(1.24204 0.00537567 0)
(1.23949 0.00999624 0)
(1.23574 0.0142365 0)
(1.23083 0.0181059 0)
(1.22484 0.0215248 0)
(1.21784 0.0245276 0)
(1.24262 -0.0168422 0)
(1.24508 -0.0107676 0)
(1.24623 -0.00494284 0)
(1.24609 0.000631089 0)
(1.24467 0.00587485 0)
(1.242 0.0107891 0)
(1.23812 0.0152938 0)
(1.23309 0.0194051 0)
(1.22696 0.0230326 0)
(1.21984 0.0262178 0)
(1.24575 -0.017679 0)
(1.24812 -0.0112324 0)
(1.24916 -0.00506229 0)
(1.24891 0.000843132 0)
(1.24737 0.00639186 0)
(1.24457 0.011594 0)
(1.24057 0.0163569 0)
(1.2354 0.0207047 0)
(1.22914 0.0245349 0)
(1.22188 0.0278974 0)
(1.24896 -0.0184727 0)
(1.25122 -0.0116595 0)
(1.25216 -0.00515114 0)
(1.25178 0.00107988 0)
(1.25012 0.00692669 0)
(1.2472 0.012411 0)
(1.24305 0.0174259 0)
(1.23775 0.0220051 0)
(1.23135 0.0260322 0)
(1.22395 0.0295669 0)
(1.25222 -0.0192234 0)
(1.25438 -0.012049 0)
(1.2552 -0.00520966 0)
(1.25471 0.00134118 0)
(1.25291 0.00747918 0)
(1.24986 0.0132403 0)
(1.24558 0.018501 0)
(1.24013 0.0233065 0)
(1.23358 0.0275248 0)
(1.22604 0.0312266 0)
(1.25554 -0.0199315 0)
(1.25759 -0.0124011 0)
(1.25828 -0.00523821 0)
(1.25766 0.00162678 0)
(1.25574 0.00804906 0)
(1.25254 0.0140816 0)
(1.24812 0.0195821 0)
(1.24253 0.0246089 0)
(1.23583 0.0290127 0)
(1.22815 0.0328769 0)
(1.25889 -0.0205972 0)
(1.26082 -0.0127162 0)
(1.26139 -0.00523724 0)
(1.26064 0.00193633 0)
(1.25858 0.00863596 0)
(1.25525 0.0149348 0)
(1.25068 0.020669 0)
(1.24494 0.0259124 0)
(1.23809 0.0304961 0)
(1.23026 0.0345178 0)
(1.26226 -0.0212209 0)
(1.26407 -0.0129946 0)
(1.26452 -0.0052073 0)
(1.26363 0.00226938 0)
(1.26143 0.00923939 0)
(1.25796 0.0157996 0)
(1.25324 0.0217616 0)
(1.24735 0.0272169 0)
(1.24035 0.0319748 0)
(1.23237 0.0361494 0)
(1.2235 0.0396093 0)
(1.26565 -0.0218032 0)
(1.26734 -0.0132368 0)
(1.26765 -0.00514904 0)
(1.26663 0.00262538 0)
(1.26429 0.00985879 0)
(1.26067 0.0166754 0)
(1.2558 0.0228594 0)
(1.24975 0.0285222 0)
(1.2426 0.0334489 0)
(1.23446 0.0377717 0)
(1.22545 0.0413428 0)
(1.26904 -0.0223446 0)
(1.2706 -0.0134434 0)
(1.27078 -0.00506317 0)
(1.26962 0.00300372 0)
(1.26714 0.0104935 0)
(1.26337 0.0175619 0)
(1.25835 0.023962 0)
(1.25214 0.0298281 0)
(1.24483 0.0349182 0)
(1.23654 0.0393845 0)
(1.22738 0.0430615 0)
(1.27243 -0.0228459 0)
(1.27386 -0.0136149 0)
(1.2739 -0.00495051 0)
(1.2726 0.00340368 0)
(1.26997 0.0111428 0)
(1.26605 0.0184584 0)
(1.26087 0.025069 0)
(1.25451 0.0311342 0)
(1.24704 0.0363823 0)
(1.23859 0.0409878 0)
(1.22928 0.0447652 0)
(1.2758 -0.0233078 0)
(1.2771 -0.0137522 0)
(1.27699 -0.00481196 0)
(1.27556 0.00382448 0)
(1.27278 0.0118059 0)
(1.26871 0.0193644 0)
(1.26338 0.0261799 0)
(1.25686 0.0324403 0)
(1.24922 0.0378412 0)
(1.24062 0.0425814 0)
(1.23115 0.0464538 0)
(1.27916 -0.0237313 0)
(1.28032 -0.0138561 0)
(1.28007 -0.00464847 0)
(1.27849 0.00426528 0)
(1.27556 0.012482 0)
(1.27134 0.0202792 0)
(1.26585 0.0272943 0)
(1.25917 0.033746 0)
(1.25137 0.0392946 0)
(1.2426 0.0441652 0)
(1.23299 0.0481271 0)
(1.28249 -0.0241172 0)
(1.28351 -0.0139274 0)
(1.28311 -0.00446107 0)
(1.28139 0.00472522 0)
(1.27831 0.0131702 0)
(1.27394 0.0212023 0)
(1.26829 0.0284115 0)
(1.26144 0.0350512 0)
(1.25347 0.0407424 0)
(1.24454 0.0457393 0)
(1.23477 0.0497851 0)
(1.28579 -0.0244668 0)
(1.28666 -0.0139672 0)
(1.28612 -0.00425077 0)
(1.28425 0.00520351 0)
(1.28102 0.0138699 0)
(1.2765 0.0221333 0)
(1.27068 0.0295316 0)
(1.26367 0.0363557 0)
(1.25553 0.0421848 0)
(1.24643 0.0473036 0)
(1.2365 0.051428 0)
(1.28905 -0.0247811 0)
(1.28979 -0.0139763 0)
(1.28909 -0.00401845 0)
(1.28708 0.00569953 0)
(1.28369 0.0145807 0)
(1.27901 0.0230718 0)
(1.27302 0.0306543 0)
(1.26583 0.0376599 0)
(1.25751 0.043622 0)
(1.24824 0.0488587 0)
(1.23815 0.053056 0)
(1.29228 -0.0250612 0)
(1.29287 -0.0139555 0)
(1.29202 -0.00376468 0)
(1.28985 0.00621305 0)
(1.2863 0.0153026 0)
(1.28146 0.0240184 0)
(1.27529 0.0317803 0)
(1.26792 0.0389642 0)
(1.25941 0.0450546 0)
(1.24995 0.0504049 0)
(1.23969 0.0546695 0)
(1.29547 -0.0253079 0)
(1.29591 -0.0139051 0)
(1.2949 -0.00348942 0)
(1.29257 0.00674454 0)
(1.28884 0.0160363 0)
(1.28382 0.0249738 0)
(1.27745 0.0329106 0)
(1.26988 0.0402697 0)
(1.26117 0.0464835 0)
(1.25153 0.0519431 0)
(1.24109 0.0562689 0)
(1.29862 -0.0255213 0)
(1.29889 -0.0138245 0)
(1.29769 -0.0031916 0)
(1.29518 0.00729551 0)
(1.29126 0.0167835 0)
(1.28604 0.02594 0)
(1.27946 0.0340468 0)
(1.27168 0.041578 0)
(1.26275 0.0479101 0)
(1.25291 0.0534739 0)
(1.24229 0.0578547 0)
(1.3017 -0.0257002 0)
(1.30179 -0.0137118 0)
(1.30038 -0.00286859 0)
(1.29766 0.00786892 0)
(1.2935 0.0175472 0)
(1.28806 0.0269196 0)
(1.28124 0.0351915 0)
(1.27322 0.0428909 0)
(1.26406 0.0493355 0)
(1.254 0.0549983 0)
(1.2432 0.0594271 0)
(1.30469 -0.0258415 0)
(1.30455 -0.0135627 0)
(1.30288 -0.00251568 0)
(1.29991 0.00846959 0)
(1.29547 0.018332 0)
(1.28977 0.0279166 0)
(1.28267 0.0363476 0)
(1.2744 0.0442104 0)
(1.26499 0.0507612 0)
(1.25472 0.0565166 0)
(1.24373 0.0609858 0)
(1.30751 -0.025939 0)
(1.3071 -0.0133702 0)
(1.3051 -0.00212554 0)
(1.30181 0.00910439 0)
(1.29704 0.0191439 0)
(1.29102 0.0289356 0)
(1.28362 0.0375185 0)
(1.27507 0.0455386 0)
(1.26539 0.0521877 0)
(1.2549 0.0580284 0)
(1.24373 0.0625296 0)
(1.31007 -0.0259826 0)
(1.30928 -0.0131237 0)
(1.30686 -0.00168784 0)
(1.30317 0.0097823 0)
(1.298 0.01999 0)
(1.29162 0.0299818 0)
(1.28387 0.0387072 0)
(1.27502 0.0468766 0)
(1.26507 0.0536148 0)
(1.25438 0.059532 0)
(1.24305 0.064056 0)
(1.31218 -0.0259573 0)
(1.3109 -0.0128086 0)
(1.30794 -0.00118926 0)
(1.30376 0.010514 0)
(1.29809 0.0208784 0)
(1.2913 0.03106 0)
(1.28317 0.039916 0)
(1.27402 0.0482241 0)
(1.26381 0.0550404 0)
(1.25294 0.0610241 0)
(1.24149 0.0655607 0)
(1.31361 -0.0258429 0)
(1.31168 -0.0124065 0)
(1.30802 -0.000614022 0)
(1.30324 0.0113112 0)
(1.297 0.0218167 0)
(1.28975 0.0321738 0)
(1.28122 0.0411452 0)
(1.27178 0.0495786 0)
(1.26135 0.0564601 0)
(1.25034 0.0624988 0)
(1.23884 0.0670371 0)
(1.314 -0.0256137 0)
(1.31125 -0.0118958 0)
(1.30672 5.42821e-05 0)
(1.30123 0.0121849 0)
(1.29434 0.0228107 0)
(1.28661 0.0333243 0)
(1.27768 0.042392 0)
(1.26799 0.0509345 0)
(1.25739 0.0578665 0)
(1.24633 0.0639476 0)
(1.23485 0.0684762 0)
(1.31292 -0.02524 0)
(1.30913 -0.0112534 0)
(1.30357 0.000831443 0)
(1.29727 0.013144 0)
(1.28967 0.0238634 0)
(1.28146 0.034509 0)
(1.27218 0.0436502 0)
(1.26231 0.0522826 0)
(1.25164 0.0592488 0)
(1.24064 0.0653588 0)
(1.22929 0.0698665 0)
(1.30983 -0.0246903 0)
(1.30478 -0.0104573 0)
(1.29804 0.00173109 0)
(1.29086 0.0141931 0)
(1.28253 0.0249729 0)
(1.2739 0.0357205 0)
(1.26433 0.0449089 0)
(1.25441 0.0536096 0)
(1.24378 0.0605927 0)
(1.23298 0.0667177 0)
(1.22192 0.0711936 0)
(1.30411 -0.0239342 0)
(1.29762 -0.00948967 0)
(1.28957 0.00276109 0)
(1.28149 0.0153308 0)
(1.27247 0.0261311 0)
(1.2635 0.0369458 0)
(1.25377 0.0461523 0)
(1.24395 0.054898 0)
(1.23354 0.0618804 0)
(1.22312 0.0680071 0)
(1.21251 0.0724412 0)
(1.29508 -0.0229469 0)
(1.28702 -0.00834002 0)
(1.27759 0.00392087 0)
(1.26867 0.0165477 0)
(1.25905 0.0273233 0)
(1.24989 0.0381664 0)
(1.24019 0.04736 0)
(1.23066 0.0561266 0)
(1.22067 0.0630915 0)
(1.21083 0.0692072 0)
(1.20088 0.0735913 0)
(1.28207 -0.0217134 0)
(1.27239 -0.00700875 0)
(1.26162 0.00519988 0)
(1.25197 0.0178259 0)
(1.24191 0.0285278 0)
(1.23278 0.039358 0)
(1.22331 0.0485077 0)
(1.21432 0.0572717 0)
(1.20497 0.0642033 0)
(1.19595 0.0702971 0)
(1.18686 0.0746247 0)
(1.26448 -0.0202328 0)
(1.25323 -0.00550937 0)
(1.24124 0.00657662 0)
(1.23107 0.0191387 0)
(1.2208 0.0297164 0)
(1.21196 0.0404923 0)
(1.20297 0.0495682 0)
(1.19478 0.0583074 0)
(1.18633 0.0651925 0)
(1.17837 0.0712556 0)
(1.17037 0.0755227 0)
(1.2418 -0.0185215 0)
(1.22917 -0.00386942 0)
(1.21618 0.00801887 0)
(1.20578 0.0204521 0)
(1.19558 0.0308564 0)
(1.18733 0.0415383 0)
(1.17911 0.0505134 0)
(1.17199 0.0592083 0)
(1.16469 0.0660362 0)
(1.15804 0.0720624 0)
(1.15136 0.0762674 0)
(1.21371 -0.0166137 0)
(1.20001 -0.00212983 0)
(1.18634 0.00948543 0)
(1.17607 0.0217267 0)
(1.16626 0.0319124 0)
(1.15891 0.0424643 0)
(1.15176 0.0513156 0)
(1.14599 0.0599499 0)
(1.14009 0.0667133 0)
(1.13498 0.0726989 0)
(1.12984 0.0768426 0)
(1.18012 -0.014561 0)
(1.16578 -0.000342819 0)
(1.15183 0.0109289 0)
(1.14208 0.0229207 0)
(1.133 0.0328489 0)
(1.12688 0.0432403 0)
(1.12106 0.0519497 0)
(1.11691 0.060511 0)
(1.11265 0.0672059 0)
(1.10931 0.0731498 0)
(1.1059 0.0772352 0)
(1.14116 -0.0124283 0)
(1.1267 0.00143181 0)
(1.11293 0.0122995 0)
(1.10409 0.0239928 0)
(1.09609 0.0336331 0)
(1.09151 0.0438398 0)
(1.08728 0.0523948 0)
(1.08498 0.0608745 0)
(1.08256 0.0675 0)
(1.08117 0.0734033 0)
(1.07967 0.0774352 0)
(1.09723 -0.0102892 0)
(1.08321 0.00313319 0)
(1.07007 0.013549 0)
(1.06255 0.0249058 0)
(1.05595 0.034237 0)
(1.05316 0.0442417 0)
(1.05074 0.0526351 0)
(1.05048 0.0610283 0)
(1.05006 0.0675863 0)
(1.05078 0.0734518 0)
(1.05134 0.0774365 0)
(1.04893 -0.00821924 0)
(1.03592 0.00470365 0)
(1.02385 0.0146346 0)
(1.01801 0.0256287 0)
(1.01306 0.0346393 0)
(1.01228 0.0444315 0)
(1.01185 0.052661 0)
(1.01377 0.0609661 0)
(1.01548 0.0674605 0)
(1.01842 0.0732924 0)
(1.02113 0.0772369 0)
(0.997031 -0.00628922 0)
(0.985551 0.0060921 0)
(0.974946 0.0155217 0)
(0.971062 0.0261389 0)
(0.967981 0.0348262 0)
(0.969376 0.0444014 0)
(0.971039 0.0524692 0)
(0.975234 0.0606869 0)
(0.979153 0.0671232 0)
(0.984386 0.0729263 0)
(0.989311 0.0768378 0)
(0.942419 -0.0045599 0)
(0.932918 0.0072584 0)
(0.924088 0.0161858 0)
(0.922377 0.0264228 0)
(0.921308 0.0347919 0)
(0.924966 0.0441507 0)
(0.928786 0.052062 0)
(0.935298 0.060195 0)
(0.941452 0.0665794 0)
(0.949005 0.0723588 0)
(0.956176 0.0762443 0)
(0.886023 -0.00307757 0)
(0.878843 0.00817537 0)
(0.872012 0.0166131 0)
(0.872606 0.0264756 0)
(0.873622 0.0345376 0)
(0.879576 0.0436847 0)
(0.885561 0.051447 0)
(0.894385 0.0594989 0)
(0.902761 0.065838 0)
(0.912622 0.0715984 0)
(0.922031 0.0754645 0)
(0.828759 -0.0018717 0)
(0.824124 0.0088296 0)
(0.819424 0.016801 0)
(0.822375 0.0263017 0)
(0.825487 0.0340719 0)
(0.833715 0.0430144 0)
(0.841827 0.0506366 0)
(0.852914 0.0586117 0)
(0.863465 0.0649118 0)
(0.875589 0.0706573 0)
(0.887197 0.0745096 0)
(0.771476 -0.00095699 0)
(0.769497 0.00922168 0)
(0.766969 0.0167576 0)
(0.772259 0.0259142 0)
(0.777425 0.0334109 0)
(0.787859 0.0421577 0)
(0.798023 0.0496492 0)
(0.811294 0.0575514 0)
(0.823943 0.0638182 0)
(0.838255 0.0695519 0)
(0.851995 0.073395 0)
(0.714925 -0.000340153 0)
(0.715605 0.00936137 0)
(0.715218 0.0164974 0)
(0.722771 0.0253297 0)
(0.729905 0.032572 0)
(0.742444 0.0411322 0)
(0.754561 0.0485022 0)
(0.769913 0.056335 0)
(0.784561 0.0625734 0)
(0.800966 0.0682973 0)
(0.816751 0.0721345 0)
(0.659734 -1.15257e-05 0)
(0.662993 0.00924877 0)
(0.664655 0.0160177 0)
(0.674354 0.0245444 0)
(0.68334 0.031549 0)
(0.697862 0.03993 0)
(0.711815 0.0471853 0)
(0.729133 0.0549514 0)
(0.74567 0.0611655 0)
(0.764059 0.0668824 0)
(0.781783 0.0707179 0)
(0.606405 0.000158824 0)
(0.612098 0.00886666 0)
(0.615675 0.0152952 0)
(0.627375 0.0235322 0)
(0.638082 0.0303121 0)
(0.654457 0.038518 0)
(0.670126 0.0456638 0)
(0.689293 0.0533657 0)
(0.707603 0.0595622 0)
(0.72786 0.0652788 0)
(0.747407 0.0691209 0)
(0.555316 -0.000160966 0)
(0.56324 0.00832223 0)
(0.568591 0.0144725 0)
(0.582135 0.0224512 0)
(0.594427 0.029036 0)
(0.612525 0.0370838 0)
(0.629797 0.0441388 0)
(0.650701 0.0517872 0)
(0.670674 0.0579769 0)
(0.692684 0.0636966 0)
(0.713928 0.0675462 0)
(0.514877 -8.9033e-05 -1.25703e-20)
(0.524491 0.00827285 -4.05783e-21)
(0.531147 0.0142695 6.5353e-21)
(0.546082 0.022093 -3.9676e-21)
(0.559575 0.0285851 1.88234e-21)
(0.579001 0.0365541 5.10059e-21)
(0.597513 0.0435787 -5.11873e-21)
(0.619776 0.0511977 -1.38742e-21)
(0.641043 0.0573742 8.00805e-21)
(0.664417 0.0630578 -6.74316e-21)
(0.478174 1.54069e-05 -1.9959e-21)
(0.489306 0.00813691 4.64218e-21)
(0.497131 0.0139545 -3.77486e-21)
(0.513325 0.0216181 -7.36935e-21)
(0.527905 0.027988 7.56226e-21)
(0.548544 0.0358515 5.04912e-21)
(0.568193 0.0427979 -1.03237e-20)
(0.59171 0.0503458 8.58436e-21)
(0.614176 0.0564666 -6.54439e-21)
(0.638816 0.0620938 -9.18554e-23)
(0.442176 -2.51122e-05 -7.97451e-22)
(0.454611 0.00789979 6.01391e-21)
(0.463421 0.0135602 -2.35435e-21)
(0.480703 0.0210738 9.32313e-21)
(0.496218 0.0273298 -8.15586e-21)
(0.517933 0.0350896 8.19463e-21)
(0.5386 0.0419585 -1.20885e-20)
(0.563273 0.0494331 -3.70868e-22)
(0.586857 0.0554975 1.13742e-20)
(0.612705 0.061068 9.56412e-22)
(0.406958 -0.000140487 -1.01723e-20)
(0.420483 0.00757875 2.82835e-21)
(0.430095 0.0130942 -2.45157e-21)
(0.448296 0.0204633 -2.08606e-21)
(0.464595 0.0266126 4.11698e-21)
(0.487245 0.0342726 5.93393e-22)
(0.508808 0.0410709 -6.84979e-21)
(0.53453 0.0484783 -5.44249e-22)
(0.559147 0.054494 5.12526e-21)
(0.586135 0.0600134 -7.28249e-21)
(0.372578 -0.000338524 4.51678e-21)
(0.386987 0.00718419 -9.092e-21)
(0.397225 0.0125582 9.90793e-21)
(0.416176 0.0197822 1.51747e-21)
(0.433108 0.0258241 -1.27789e-20)
(0.456552 0.0333817 8.59252e-21)
(0.478885 0.0401082 -7.88866e-21)
(0.505547 0.0474472 9.08913e-21)
(0.531105 0.0534154 7.08986e-22)
(0.559158 0.0588851 5.60574e-22)
(0.339084 -0.000607278 -1.92862e-21)
(0.354179 0.0067256 -7.05538e-21)
(0.364871 0.0119609 8.54568e-21)
(0.384409 0.0190382 -3.89538e-21)
(0.401825 0.0249705 -5.40105e-21)
(0.425923 0.0324211 3.42743e-21)
(0.4489 0.0390718 -6.03303e-21)
(0.476388 0.0463385 8.08107e-21)
(0.50279 0.0522571 -2.88378e-21)
(0.531828 0.0576762 -9.59091e-22)
(0.306508 -0.000934549 -1.55067e-21)
(0.322102 0.00621319 1.71973e-21)
(0.333084 0.0113121 6.48774e-21)
(0.353053 0.0182408 -5.13876e-21)
(0.370808 0.0240612 3.27753e-23)
(0.395422 0.0314001 -2.14776e-21)
(0.418917 0.0379708 9.39197e-21)
(0.447117 0.0451608 -7.52048e-21)
(0.474263 0.0510277 -8.09489e-21)
(0.5042 0.0563947 1.79044e-21)
(0.274874 -0.00130866 -3.59528e-21)
(0.29079 0.00565714 -3.6399e-21)
(0.301908 0.010621 -3.46625e-21)
(0.322157 0.0173985 9.71995e-21)
(0.340114 0.0231042 -6.49683e-21)
(0.36511 0.030326 2.42241e-21)
(0.388999 0.036812 2.39777e-21)
(0.417795 0.0439204 -3.34702e-21)
(0.445584 0.0497327 2.66451e-21)
(0.476331 0.0550456 2.54339e-21)
(0.244195 -0.00171813 4.01411e-21)
(0.260272 0.00506729 -1.5942e-20)
(0.271379 0.00989648 1.01298e-20)
(0.291767 0.0165195 9.69291e-21)
(0.309793 0.0221067 -3.1561e-21)
(0.335042 0.0292053 1.72275e-22)
(0.359205 0.0356012 -4.32892e-21)
(0.388484 0.0426223 2.24472e-22)
(0.416812 0.0483764 -7.5417e-21)
(0.448276 0.0536325 3.88084e-21)
(0.214479 -0.002152 9.12618e-21)
(0.230565 0.00445307 -3.0949e-21)
(0.241527 0.00914718 -2.4246e-21)
(0.261921 0.0156116 -7.68942e-21)
(0.279892 0.0210761 3.41398e-21)
(0.30527 0.0280448 1.40076e-21)
(0.329592 0.0343445 6.2025e-21)
(0.359242 0.0412718 -1.107e-21)
(0.388006 0.0469633 -4.41258e-21)
(0.420093 0.0521594 3.78435e-21)
(0.185725 -0.00259997 6.37695e-21)
(0.201683 0.00382344 -3.63047e-21)
(0.212377 0.0083815 -1.09324e-20)
(0.232654 0.0146829 2.89283e-21)
(0.250454 0.0200199 3.42564e-21)
(0.275845 0.0268515 4.58349e-21)
(0.300213 0.0330481 2.67652e-21)
(0.330125 0.0398748 1.81401e-21)
(0.359224 0.0454986 1.22593e-22)
(0.391838 0.0506307 1.07678e-21)
(0.157928 -0.00305238 1.22945e-20)
(0.173635 0.00318673 -1.57013e-21)
(0.183949 0.00760745 2.17083e-21)
(0.203995 0.0137408 2.8459e-21)
(0.221517 0.0189452 7.37447e-22)
(0.246811 0.0256321 3.94742e-21)
(0.271121 0.0317186 -1.01151e-20)
(0.30119 0.0384372 3.95287e-23)
(0.330523 0.0439877 1.12407e-21)
(0.363567 0.0490516 -2.55733e-21)
(0.131082 -0.00350028 8.56721e-21)
(0.146427 0.00255075 -1.76162e-20)
(0.156258 0.00683262 7.64215e-21)
(0.175972 0.0127928 1.25216e-21)
(0.193116 0.017859 3.34766e-21)
(0.218212 0.0243933 1.78073e-21)
(0.242364 0.030362 -8.96349e-21)
(0.272489 0.0369646 8.45267e-22)
(0.30196 0.042436 2.44047e-21)
(0.335338 0.047427 -3.14065e-21)
(0.105175 -0.00393548 3.362e-21)
(0.120061 0.00192304 3.78636e-21)
(0.12932 0.00606414 -2.6148e-21)
(0.148607 0.0118456 -1.03354e-20)
(0.165284 0.0167678 1.02047e-20)
(0.190088 0.0231413 -9.79202e-21)
(0.213992 0.0289845 1.58892e-21)
(0.244076 0.0354632 -9.5503e-22)
(0.27359 0.0408491 1.01936e-21)
(0.307206 0.0457622 2.54253e-21)
(0.0801975 -0.0043507 -8.86432e-21)
(0.0945385 0.00130826 2.49807e-21)
(0.103146 0.00530878 2.67981e-21)
(0.121923 0.0109057 -1.66007e-20)
(0.138053 0.015678 1.45971e-20)
(0.16248 0.0218823 -5.77208e-21)
(0.186049 0.0275922 5.38546e-21)
(0.216003 0.0339386 2.79494e-22)
(0.24547 0.0392327 -5.52447e-22)
(0.27923 0.0440628 -7.91019e-21)
(0.056137 -0.00473931 1.20268e-20)
(0.0698597 0.000701694 -8.90913e-21)
(0.0777481 0.00457263 -2.86454e-21)
(0.0959412 0.00997912 9.6108e-21)
(0.111453 0.0145954 -8.97986e-21)
(0.135425 0.0206223 6.82131e-21)
(0.158581 0.0261907 4.09698e-21)
(0.188319 0.0323966 -1.40963e-21)
(0.217653 0.0375922 -1.35466e-21)
(0.251466 0.0423343 -7.5694e-21)
(0.0329822 -0.00509466 -1.13616e-21)
(0.0460254 0.000126807 -8.63084e-21)
(0.053137 0.00386075 5.69447e-21)
(0.0706816 0.0090715 4.77849e-21)
(0.0855131 0.0135256 -1.27431e-21)
(0.10896 0.0193666 4.10911e-21)
(0.131633 0.0247858 -2.07232e-21)
(0.161077 0.0308428 -2.27163e-21)
(0.190196 0.0359334 -4.92899e-21)
(0.223973 0.0405823 1.53938e-21)
(0.0107246 -0.00541077 6.72522e-22)
(0.0230366 -0.000374171 -9.23182e-21)
(0.0293231 0.00317844 1.55141e-21)
(0.0461647 0.00818791 3.58685e-21)
(0.0602624 0.0124737 -1.95319e-21)
(0.0831238 0.0181206 6.51477e-21)
(0.10525 0.0233825 -8.54587e-21)
(0.134326 0.0292826 2.63529e-21)
(0.163153 0.0342618 3.06458e-21)
(0.196809 0.0388125 -7.34038e-21)
(-0.0106417 -0.00568269 -1.08669e-21)
(0.000895686 -0.000828552 1.11348e-20)
(0.00631661 0.00253111 -9.90954e-21)
(0.0224114 0.00733274 -6.83737e-21)
(0.0357305 0.0114445 1.13057e-20)
(0.0579529 0.016889 -7.94264e-21)
(0.0794769 0.0219861 -9.25361e-23)
(0.108118 0.0277213 6.08584e-21)
(0.136583 0.0325828 -1.34353e-21)
(0.170036 0.0370303 2.82213e-21)
(-0.0311235 -0.00590787 -5.85676e-21)
(-0.0203934 -0.00126022 -6.48691e-21)
(-0.0158683 0.00192077 3.36702e-21)
(-0.000556418 0.00650927 -5.19107e-21)
(0.0119477 0.0104429 -6.22134e-21)
(0.0334857 0.0156764 1.51442e-20)
(0.0543583 0.0206013 -7.25296e-21)
(0.0825047 0.0261638 4.9021e-21)
(0.110541 0.0309016 -2.37834e-21)
(0.143715 0.0352412 8.27057e-22)
(-0.0507243 -0.00608448 -9.63526e-21)
(-0.0408248 -0.00164916 7.63818e-21)
(-0.037217 0.00135037 -1.01988e-21)
(-0.0227155 0.00572198 3.22097e-23)
(-0.0110546 0.00947201 6.86928e-21)
(0.00976102 0.0144865 6.50393e-22)
(0.029941 0.0192324 3.74504e-22)
(0.057539 0.0246149 1.68403e-21)
(0.085088 0.0292232 -3.21401e-21)
(0.117911 0.0334505 1.73479e-21)
(-0.0694448 -0.00620891 7.87584e-22)
(-0.0603907 -0.00199157 5.19007e-21)
(-0.0577131 0.000821183 1.67431e-21)
(-0.0440414 0.00497499 1.0444e-21)
(-0.0332442 0.00853411 -2.15092e-21)
(-0.0131808 0.013323 6.59801e-22)
(0.00627239 0.0178836 -3.18645e-21)
(0.0332751 0.0230789 2.09572e-21)
(0.0602838 0.0275525 3.21053e-21)
(0.0926914 0.0316631 -1.4584e-21)
(-0.0872832 -0.00627884 5.29556e-21)
(-0.0790812 -0.00228573 7.49424e-21)
(-0.0773383 0.000317412 -7.51719e-21)
(-0.0645078 0.00427004 6.63106e-21)
(-0.0545873 0.00763275 -4.38561e-21)
(-0.0352985 0.0121894 -3.86318e-21)
(-0.0165988 0.0165581 1.52017e-21)
(0.00976897 0.0215599 1.73388e-21)
(0.0361911 0.0258939 -4.65966e-21)
(0.068125 0.0298838 -2.673e-22)
(-0.104235 -0.006293 -4.30204e-21)
(-0.0968853 -0.00252887 -4.6262e-21)
(-0.0960728 -0.000113131 -1.777e-21)
(-0.0840858 0.0036084 -4.81766e-22)
(-0.0750485 0.00677047 6.58609e-21)
(-0.0565491 0.0110886 -2.63491e-21)
(-0.0386225 0.0152591 4.89391e-23)
(-0.012922 0.0200613 -4.81749e-22)
(0.0128748 0.0242516 7.16612e-21)
(0.0442842 0.0281168 1.03106e-21)
(-0.120293 -0.00625068 -2.7041e-22)
(-0.113786 -0.00272025 -3.15116e-21)
(-0.113895 -0.000454899 4.06021e-21)
(-0.102749 0.00299219 -1.39205e-22)
(-0.0945912 0.00594906 -3.71442e-21)
(-0.0768887 0.0100228 1.65602e-21)
(-0.0597472 0.0139895 3.668e-21)
(-0.0347387 0.0185867 -6.8731e-21)
(-0.0095984 0.0226288 -3.15326e-21)
(0.0212438 0.0263662 -4.71661e-21)
(-0.135448 -0.00615177 -3.21105e-21)
(-0.129767 -0.00285926 -1.44453e-21)
(-0.13078 -0.000758416 4.28725e-21)
(-0.120467 0.00242186 -4.21844e-21)
(-0.113178 0.00516982 3.54039e-22)
(-0.0962719 0.00899347 7.93763e-21)
(-0.0799201 0.0127515 -3.64581e-21)
(-0.0556206 0.0171391 6.50445e-21)
(-0.0311598 0.0210288 -1.05692e-21)
(-0.000918632 0.0246352 -1.58218e-21)
(-0.149689 -0.00599676 -4.15371e-21)
(-0.144812 -0.00294579 6.5856e-21)
(-0.146705 -0.00102086 -2.70298e-21)
(-0.137207 0.00189758 -2.95495e-21)
(-0.130769 0.00443351 1.25231e-21)
(-0.114652 0.00800208 -6.47923e-21)
(-0.0990872 0.0115471 -1.40879e-21)
(-0.0755056 0.0157205 -1.29994e-21)
(-0.051739 0.0194545 2.10135e-21)
(-0.0221234 0.0229264 -2.19962e-21)
(-0.152469 -0.00754172 4.19628e-21)
(-0.163003 -0.00578666 -5.32043e-21)
(-0.1589 -0.00298058 1.59748e-21)
(-0.161644 -0.00123575 -3.96794e-21)
(-0.152937 0.00141932 3.57276e-21)
(-0.147325 0.00374038 2.17767e-21)
(-0.131983 0.00704935 -1.88795e-21)
(-0.117194 0.0103773 5.39798e-21)
(-0.094331 0.0143327 9.61512e-22)
(-0.0712642 0.017908 -4.61783e-22)
(-0.042289 0.0212425 -1.2938e-21)
(-0.164014 -0.00712335 -4.78407e-21)
(-0.175375 -0.00552304 -2.09738e-23)
(-0.172013 -0.0029649 -3.50971e-21)
(-0.175569 -0.00140313 1.94505e-21)
(-0.167622 0.000986546 1.58397e-21)
(-0.162806 0.00309012 -2.25033e-21)
(-0.148217 0.00613549 7.47098e-21)
(-0.134185 0.00924303 -5.46513e-21)
(-0.112033 0.0129768 -2.3009e-21)
(-0.0896631 0.0163908 -1.09847e-21)
(-0.0613328 0.019585 1.01916e-21)
(-0.17465 -0.00665308 -7.13467e-22)
(-0.18679 -0.00520796 6.82218e-21)
(-0.184129 -0.00290048 -8.32128e-21)
(-0.188454 -0.00152416 8.48744e-24)
(-0.181231 0.000597059 -6.97854e-22)
(-0.177172 0.00248191 1.16447e-21)
(-0.163307 0.00526019 -4.80673e-21)
(-0.150007 0.00814433 6.97621e-21)
(-0.128549 0.0116535 1.90355e-21)
(-0.106863 0.0149037 9.21271e-22)
(-0.079172 0.0179549 -2.28837e-21)
(-0.184367 -0.00613363 -2.75396e-22)
(-0.197233 -0.00484401 -7.56708e-22)
(-0.195227 -0.00278956 1.81073e-21)
(-0.200272 -0.00160054 1.56292e-21)
(-0.193729 0.000243558 -5.74124e-22)
(-0.190383 0.00191437 -3.52458e-22)
(-0.177205 0.00442258 -9.18992e-22)
(-0.164604 0.00708081 2.14445e-21)
(-0.143816 0.0103627 2.76204e-22)
(-0.122792 0.013447 -8.57475e-22)
(-0.0957244 0.0163526 -2.37793e-21)
(-0.193153 -0.00556819 -1.48875e-22)
(-0.206688 -0.00443421 2.68601e-22)
(-0.205286 -0.00263485 -1.15524e-21)
(-0.210996 -0.0016344 1.20785e-21)
(-0.205084 -6.55747e-05 -1.09119e-21)
(-0.202401 0.0013856 -1.4289e-22)
(-0.189868 0.00362125 -5.19661e-23)
(-0.177924 0.00605146 -2.27341e-21)
(-0.157772 0.00910373 -3.02915e-21)
(-0.13738 0.0120203 8.61438e-22)
(-0.11091 0.0147777 1.4457e-21)
(-0.200996 -0.00496038 5.57576e-22)
(-0.215137 -0.00398205 -2.33029e-21)
(-0.214285 -0.00243954 1.0306e-21)
(-0.220602 -0.00162845 -2.98943e-21)
(-0.215266 -0.000313468 2.31418e-21)
(-0.213189 0.000892392 1.09585e-21)
(-0.201251 0.00285427 1.73593e-21)
(-0.189917 0.00505471 7.29973e-22)
(-0.17036 0.00787546 1.9475e-22)
(-0.15056 0.0106226 2.92038e-21)
(-0.12465 0.0132293 -2.01663e-21)
(-0.207887 -0.00431419 -3.0423e-22)
(-0.222567 -0.00349143 7.36579e-23)
(-0.222206 -0.00220722 -8.27931e-22)
(-0.229063 -0.00158621 2.50789e-21)
(-0.224245 -0.000521613 -3.17527e-21)
(-0.222715 0.000428303 -2.12926e-21)
(-0.211314 0.00211922 1.0207e-21)
(-0.200535 0.00408844 4.47732e-22)
(-0.181523 0.00667602 1.69269e-21)
(-0.162268 0.00925212 -1.19532e-21)
(-0.136873 0.0117057 -8.81135e-22)
(-0.213813 -0.00363398 2.62537e-21)
(-0.228962 -0.00296661 5.53538e-22)
(-0.22903 -0.00194192 -8.25805e-22)
(-0.236358 -0.00151145 -1.92944e-21)
(-0.231994 -0.000709743 -7.7452e-22)
(-0.230944 -4.36696e-06 1.68871e-21)
(-0.22002 0.00141245 1.99769e-21)
(-0.209734 0.00315015 1.00507e-21)
(-0.191212 0.00550302 -7.39223e-22)
(-0.172444 0.00790667 -1.85375e-21)
(-0.14751 0.0102047 3.26741e-21)
(-0.218765 -0.0029244 -1.22527e-21)
(-0.234311 -0.00241218 -2.81023e-21)
(-0.23474 -0.00164796 4.37235e-21)
(-0.242467 -0.00140829 -1.78969e-22)
(-0.23849 -0.000873352 8.93115e-22)
(-0.23785 -0.000391752 -1.16403e-21)
(-0.227334 0.000728386 5.42173e-22)
(-0.217476 0.0022369 -1.0878e-23)
(-0.199379 0.00435357 -2.12327e-21)
(-0.181036 0.00658339 5.6328e-22)
(-0.1565 0.0087236 -5.3695e-22)
(-0.222735 -0.00219041 2.20582e-21)
(-0.2386 -0.00183306 -1.24656e-21)
(-0.239323 -0.00132999 3.92741e-22)
(-0.247373 -0.00128127 -1.11817e-21)
(-0.243711 -0.00101509 -3.25127e-22)
(-0.243407 -0.000750784 5.69698e-22)
(-0.233228 6.72223e-05 -1.03369e-21)
(-0.223725 0.00134299 4.52239e-22)
(-0.205986 0.00322426 -1.15579e-22)
(-0.187997 0.00527898 8.22905e-22)
(-0.163792 0.00725914 9.87551e-22)
(-0.225715 -0.0014372 -9.10669e-22)
(-0.241822 -0.00123439 6.69423e-22)
(-0.242767 -0.000992911 -5.4079e-22)
(-0.251061 -0.00113523 -3.57536e-22)
(-0.24764 -0.00113955 1.03872e-21)
(-0.247594 -0.00110303 -6.96593e-23)
(-0.237679 -0.000564739 -1.25612e-22)
(-0.228454 0.000457969 3.36082e-22)
(-0.210999 0.00211124 -9.54467e-23)
(-0.19329 0.00398966 5.65043e-22)
(-0.16934 0.00580766 -1.31011e-21)
(-0.2277 -0.000670127 -9.5025e-23)
(-0.243968 -0.000621516 -6.3886e-22)
(-0.245062 -0.000641856 4.8448e-22)
(-0.253522 -0.000975415 -1.15813e-21)
(-0.250264 -0.0012515 -1.67393e-22)
(-0.250397 -0.00144605 3.09083e-23)
(-0.240667 -0.00118091 -2.16708e-22)
(-0.231643 -0.000401063 4.42189e-22)
(-0.214391 0.00101035 1.65109e-22)
(-0.196884 0.00271124 -5.44869e-22)
(-0.173111 0.00436496 4.08225e-22)
(-0.228686 0.000105531 1.97548e-22)
(-0.245034 3.59044e-07 2.14653e-22)
(-0.246204 -0.000282092 2.77769e-22)
(-0.254746 -0.000807443 -9.41631e-25)
(-0.251573 -0.00135591 1.02512e-22)
(-0.251803 -0.00178202 -4.03427e-23)
(-0.242179 -0.00179731 2.67803e-23)
(-0.233274 -0.00124139 -1.74352e-22)
(-0.216147 -8.18817e-05 -5.36516e-23)
(-0.198759 0.0014396 1.41725e-22)
(-0.175081 0.00292673 -1.64961e-22)
)
;

boundaryField
{
    inlet
    {
        type            uniformFixedValue;
        uniformValue    constant (1 0 0);
        value           nonuniform 0();
    }
    outlet
    {
        type            pressureInletOutletVelocity;
        value           nonuniform 0();
    }
    cylinder
    {
        type            fixedValue;
        value           nonuniform 0();
    }
    top
    {
        type            symmetryPlane;
    }
    bottom
    {
        type            symmetryPlane;
    }
    defaultFaces
    {
        type            empty;
    }
    procBoundary11to10
    {
        type            processor;
        value           nonuniform List<vector> 
100
(
(1.21103 -0.000953228 0)
(1.21139 -0.00283655 0)
(1.21209 -0.00467497 0)
(1.2131 -0.00646691 0)
(1.21439 -0.00821221 0)
(1.21596 -0.00991058 0)
(1.21777 -0.0115619 0)
(1.21981 -0.0131659 0)
(1.22205 -0.0147225 0)
(1.22448 -0.0162315 0)
(1.22708 -0.0176927 0)
(1.22984 -0.0191059 0)
(1.23273 -0.020471 0)
(1.23574 -0.0217876 0)
(1.23886 -0.0230557 0)
(1.24208 -0.0242751 0)
(1.24537 -0.0254455 0)
(1.24873 -0.0265669 0)
(1.25214 -0.0276391 0)
(1.25559 -0.028662 0)
(1.25907 -0.0296357 0)
(1.26258 -0.0305601 0)
(1.26609 -0.0314356 0)
(1.26961 -0.0322622 0)
(1.27311 -0.0330404 0)
(1.2766 -0.0337706 0)
(1.28007 -0.0344534 0)
(1.28352 -0.0350896 0)
(1.28693 -0.0356802 0)
(1.29031 -0.0362261 0)
(1.29366 -0.0367283 0)
(1.29698 -0.0371873 0)
(1.30025 -0.0376029 0)
(1.30346 -0.037973 0)
(1.30657 -0.0382931 0)
(1.3095 -0.0385547 0)
(1.31212 -0.0387442 0)
(1.31422 -0.0388416 0)
(1.31553 -0.03882 0)
(1.31564 -0.0386459 0)
(1.31404 -0.0382801 0)
(1.31012 -0.0376815 0)
(1.30318 -0.0368102 0)
(1.2925 -0.0356341 0)
(1.27734 -0.0341338 0)
(1.25706 -0.0323083 0)
(1.2312 -0.0301789 0)
(1.19947 -0.0277903 0)
(1.16187 -0.0252092 0)
(1.11868 -0.0225191 0)
(1.07044 -0.019814 0)
(1.01792 -0.0171892 0)
(0.962062 -0.0147331 0)
(0.903891 -0.0125204 0)
(0.844455 -0.0106063 0)
(0.784745 -0.00902292 0)
(0.725649 -0.00778157 0)
(0.667918 -0.00689187 0)
(0.612151 -0.00637559 0)
(0.558807 -0.00613182 0)
(0.516658 -0.00571263 -8.51577e-21)
(0.478443 -0.0054054 -5.68959e-21)
(0.441168 -0.0052594 5.79394e-21)
(0.404905 -0.00522433 1.6379e-21)
(0.369706 -0.00527539 2.91776e-21)
(0.335608 -0.00540256 7.20313e-21)
(0.302632 -0.00559384 -1.0134e-20)
(0.270789 -0.00583584 1.94668e-21)
(0.240078 -0.00611579 -1.40117e-20)
(0.21049 -0.00642177 -3.99019e-22)
(0.182011 -0.00674256 5.77527e-22)
(0.15462 -0.00706773 -2.73776e-21)
(0.128294 -0.00738765 8.73421e-21)
(0.10301 -0.0076936 -6.55655e-21)
(0.0787409 -0.00797768 -1.40912e-21)
(0.0554632 -0.00823282 2.47386e-21)
(0.0331532 -0.00845303 3.78148e-21)
(0.0117894 -0.0086339 -8.79697e-21)
(-0.00864712 -0.00877133 -4.92768e-21)
(-0.0281723 -0.00885912 -9.6362e-21)
(-0.0467991 -0.00889288 5.1938e-21)
(-0.0645371 -0.0088715 3.79155e-21)
(-0.081393 -0.00879374 4.21704e-21)
(-0.0973705 -0.0086585 -4.83313e-21)
(-0.11247 -0.00846527 -4.5093e-21)
(-0.12669 -0.00821417 -1.89961e-21)
(-0.140025 -0.00790591 -6.18321e-21)
(-0.140025 -0.00790591 -6.18321e-21)
(-0.154055 -0.010964 -3.08114e-21)
(-0.164891 -0.0102829 -3.04896e-21)
(-0.174859 -0.0095468 -1.53175e-22)
(-0.183954 -0.0087588 -2.50959e-21)
(-0.192167 -0.00792249 4.23546e-21)
(-0.199492 -0.00704183 -4.53752e-22)
(-0.205922 -0.00612118 2.4514e-22)
(-0.211447 -0.00516518 8.09725e-22)
(-0.216061 -0.00417882 1.3995e-21)
(-0.219758 -0.0031673 9.12151e-22)
(-0.222533 -0.00213604 -8.33131e-22)
(-0.22438 -0.00109063 6.08548e-22)
)
;
    }
    procBoundary11to12
    {
        type            processor;
        value           nonuniform List<vector> 
102
(
(1.19455 0.00110701 0)
(1.19478 0.00329746 0)
(1.19523 0.00544309 0)
(1.19587 0.00754838 0)
(1.1967 0.00961734 0)
(1.19769 0.0116535 0)
(1.19884 0.0136599 0)
(1.20012 0.0156393 0)
(1.20152 0.017594 0)
(1.20303 0.019526 0)
(1.20464 0.0214369 0)
(1.20634 0.0233283 0)
(1.2081 0.0252014 0)
(1.20992 0.0270571 0)
(1.21179 0.0288962 0)
(1.2137 0.0307195 0)
(1.21564 0.0325273 0)
(1.2176 0.03432 0)
(1.21957 0.0360978 0)
(1.22153 0.0378609 0)
(1.22153 0.0378609 0)
(1.21386 0.0424645 0)
(1.21568 0.044292 0)
(1.21747 0.0461007 0)
(1.21924 0.0478903 0)
(1.22098 0.0496608 0)
(1.22268 0.0514122 0)
(1.22433 0.0531442 0)
(1.22592 0.0548571 0)
(1.22742 0.0565509 0)
(1.22883 0.0582259 0)
(1.23008 0.0598821 0)
(1.23113 0.0615197 0)
(1.2319 0.0631384 0)
(1.23229 0.0647372 0)
(1.23217 0.0663142 0)
(1.2314 0.0678663 0)
(1.2298 0.0693884 0)
(1.22718 0.0708735 0)
(1.22331 0.0723126 0)
(1.218 0.073694 0)
(1.21102 0.0750043 0)
(1.20217 0.0762279 0)
(1.1913 0.0773483 0)
(1.17825 0.0783481 0)
(1.16294 0.0792104 0)
(1.14533 0.0799193 0)
(1.12542 0.0804604 0)
(1.10327 0.0808223 0)
(1.079 0.0809963 0)
(1.05276 0.0809769 0)
(1.02475 0.0807624 0)
(0.995192 0.0803544 0)
(0.964352 0.0797574 0)
(0.9325 0.0789789 0)
(0.899927 0.0780293 0)
(0.866926 0.0769229 0)
(0.833799 0.0756729 0)
(0.800847 0.0742696 0)
(0.768369 0.0726901 0)
(0.736661 0.0711283 0)
(0.686969 0.0668669 2.64946e-21)
(0.686969 0.0668669 2.64946e-21)
(0.66258 0.0658638 -2.48687e-21)
(0.637637 0.0648015 2.81189e-21)
(0.612182 0.0637146 -1.41205e-21)
(0.586259 0.0625563 4.04139e-21)
(0.559917 0.0613188 -1.73535e-21)
(0.533204 0.0600092 9.50265e-22)
(0.506171 0.0586322 2.61228e-21)
(0.478868 0.0571907 -1.04602e-21)
(0.45135 0.0556882 2.66883e-21)
(0.42367 0.0541288 9.02224e-22)
(0.395882 0.0525169 2.70495e-22)
(0.368041 0.0508574 2.49408e-22)
(0.340203 0.0491551 -7.08963e-21)
(0.312426 0.0474152 -7.28903e-21)
(0.284769 0.0456432 -2.00609e-21)
(0.25729 0.0438443 -3.34318e-22)
(0.230053 0.042024 -5.43897e-21)
(0.203122 0.0401877 3.35956e-21)
(0.176564 0.0383406 -1.45486e-21)
(0.150448 0.0364878 1.1336e-21)
(0.124849 0.0346342 5.73667e-22)
(0.099843 0.0327843 -3.49367e-21)
(0.0755102 0.0309422 8.24826e-22)
(0.0519343 0.0291117 4.42723e-22)
(0.0292024 0.0272962 -5.84197e-23)
(0.007404 0.0254982 -1.59098e-21)
(-0.013369 0.0237198 -4.85938e-21)
(-0.0330236 0.0219627 1.99702e-21)
(-0.0514663 0.0202279 -1.61283e-21)
(-0.0686044 0.0185156 -2.0212e-21)
(-0.0843472 0.0168256 2.33375e-21)
(-0.0986076 0.0151571 -4.06401e-22)
(-0.111303 0.0135087 -2.14639e-22)
(-0.122358 0.0118782 2.10759e-21)
(-0.131704 0.0102633 -9.07476e-22)
(-0.139281 0.00866122 6.67709e-22)
(-0.14504 0.00706854 -1.33939e-22)
(-0.148944 0.00548127 2.40274e-22)
(-0.150967 0.00389538 -1.16091e-22)
)
;
    }
    procBoundary11to26
    {
        type            processor;
        value           nonuniform List<vector> 2((-0.225284 0.0010199 2.43016e-23) (-0.225298 -3.67015e-05 4.16421e-23));
    }
    procBoundary11to27
    {
        type            processor;
        value           nonuniform List<vector> 
12
(
(-0.227654 0.0016597 7.66782e-22)
(-0.243918 0.0012479 -2.76258e-22)
(-0.245014 0.000442906 2.24955e-23)
(-0.253477 -0.000464786 -4.88101e-23)
(-0.250237 -0.00155904 -1.07844e-21)
(-0.250412 -0.002448 6.73709e-22)
(-0.240757 -0.00302858 -1.44368e-22)
(-0.231843 -0.00294183 -4.74521e-22)
(-0.198905 0.000171287 -7.3131e-24)
(-0.214719 -0.00226143 -4.032e-22)
(-0.198905 0.000171287 -7.3131e-24)
(-0.175238 0.00149016 -1.19e-23)
)
;
    }
}


// ************************************************************************* //
