/*--------------------------------*- C++ -*----------------------------------*\
  =========                 |
  \\      /  F ield         | OpenFOAM: The Open Source CFD Toolbox
   \\    /   O peration     | Website:  https://openfoam.org
    \\  /    A nd           | Version:  7
     \\/     M anipulation  |
\*---------------------------------------------------------------------------*/
FoamFile
{
    version     2.0;
    format      ascii;
    class       surfaceScalarField;
    location    "46";
    object      phi;
}
// * * * * * * * * * * * * * * * * * * * * * * * * * * * * * * * * * * * * * //

dimensions      [0 3 -1 0 0 0 0];

internalField   nonuniform List<scalar> 
2014
(
0.0112959
6.18038e-05
0.0112418
5.41526e-05
0.0111945
4.72962e-05
0.0111522
4.22069e-05
0.0111124
3.98911e-05
0.011072
4.03234e-05
0.0110298
4.22736e-05
0.0109843
4.5472e-05
0.0109364
4.78738e-05
0.0108876
4.88595e-05
4.84128e-05
0.0110346
0.000122205
0.0109818
0.000107004
0.0109357
9.34019e-05
0.0108946
8.33023e-05
0.0108557
7.87427e-05
0.0108164
7.96202e-05
0.0107752
8.35461e-05
0.0107307
8.99023e-05
0.0106839
9.47009e-05
0.0106361
9.66468e-05
9.57662e-05
0.0107805
0.000181218
0.010729
0.000158527
0.0106841
0.000138248
0.0106442
0.000123218
0.0106064
0.000116492
0.0105682
0.000117879
0.0105279
0.000123836
0.0104844
0.000133356
0.0104386
0.000140556
0.0103918
0.000143449
0.000142126
0.0105331
0.000238879
0.0104829
0.000208707
0.0104393
0.000181782
0.0104007
0.000161886
0.0103641
0.000153081
0.0103269
0.000155072
0.0102876
0.000163156
0.010245
0.000175882
0.0102001
0.00018551
0.0101542
0.00018934
0.00018756
0.0102921
0.000295222
0.0102433
0.000257534
0.0102011
0.000223959
0.0101637
0.000199247
0.0101284
0.00018846
0.0100923
0.000191178
0.0100539
0.000201523
0.0100122
0.000217526
0.00996813
0.00022963
0.00992308
0.00023439
0.000232129
0.0100574
0.00035028
0.0100099
0.000305001
0.00996911
0.000264741
0.00993311
0.000235252
0.00989898
0.000222586
0.00986398
0.000226182
0.00982655
0.000238952
0.00978575
0.00025833
0.0097424
0.000272975
0.00969813
0.000278661
0.000275888
0.00982856
0.000404082
0.00978246
0.000351102
0.00974311
0.000304094
0.00970851
0.000269857
0.00967567
0.000255425
0.00964178
0.00026007
0.00960527
0.000275461
0.00956526
0.000298337
0.00952264
0.0003156
0.00947909
0.000322211
0.000318886
0.00960548
0.000456659
0.00956074
0.000395836
0.00952285
0.00034199
0.00948968
0.000303024
0.00945816
0.000286948
0.00942539
0.000292836
0.00938978
0.00031107
0.00935053
0.000337586
0.00930858
0.000357558
0.0092657
0.00036509
0.000361169
0.00938787
0.000508039
0.00934451
0.000439199
0.00930809
0.000378405
0.0092764
0.000334721
0.00924621
0.00031713
0.00921457
0.000324475
0.00917985
0.000345796
0.00914132
0.000376115
0.00909998
0.000398895
0.00905772
0.000407348
0.000402779
0.00917553
0.000558249
0.00913354
0.000481191
0.00909863
0.000413318
0.00906843
0.00036492
0.00903961
0.000345953
0.0090091
0.000354985
0.00897523
0.000379662
0.00893738
0.000413962
0.00889662
0.000439655
0.00885494
0.000449027
0.000443752
0.00896826
0.000607312
0.00892764
0.000521815
0.00889425
0.000446711
0.00886557
0.000393597
0.00883812
0.0003734
0.00880874
0.000384368
0.00877571
0.000412688
0.00873851
0.000451162
0.00869829
0.000479881
0.00865715
0.000490168
0.000484122
0.00876587
0.000655255
0.00872661
0.000561069
0.00869476
0.000478567
0.00866762
0.000420731
0.00864156
0.000399459
0.0086133
0.000412628
0.00858109
0.000444896
0.00854451
0.00048775
0.00850478
0.00051961
0.00846414
0.000530807
0.000523919
0.00856817
0.000702098
0.00853028
0.000598958
0.00849997
0.000508873
0.0084744
0.000446305
0.00844974
0.000424122
0.0084226
0.00043977
0.00839118
0.000476308
0.00835517
0.00052376
0.0083159
0.000558878
0.00827573
0.000570979
0.000563171
0.008375
0.000747865
0.00833848
0.000635484
0.00830973
0.000537617
0.00828573
0.000470304
0.00826247
0.000447382
0.00823644
0.000465803
0.0082058
0.000506949
0.00817033
0.000559225
0.00813149
0.000597718
0.00809176
0.000610714
0.000601902
0.00818621
0.000792576
0.00815105
0.000670649
0.00812387
0.000564791
0.00810146
0.000492717
0.0080796
0.000469238
0.00805467
0.000490738
0.00802478
0.000536841
0.00798982
0.000594178
0.00795138
0.000636163
0.00791205
0.00065004
0.000640135
0.00800165
0.000836251
0.00796784
0.000704459
0.00794224
0.000590387
0.00792142
0.000513533
0.00790097
0.000489687
0.00787712
0.000514586
0.00784796
0.000566008
0.00781349
0.000628648
0.00777541
0.000674242
0.00773646
0.000688984
0.000677888
0.00782117
0.000878909
0.00778871
0.000736918
0.0077647
0.000614399
0.00774548
0.000532748
0.00772644
0.000508734
0.00770366
0.000537364
0.00767519
0.000594478
0.00764117
0.000662668
0.00760343
0.000711983
0.00756484
0.000727571
0.000715182
0.00764465
0.000920569
0.00761354
0.000768033
0.00759111
0.000636824
0.0075735
0.000550357
0.00755585
0.000526383
0.00753413
0.000559087
0.00750633
0.000622274
0.00747273
0.000696268
0.0074353
0.000749413
0.00739705
0.000765822
0.000752032
0.00747197
0.00096125
0.00744219
0.000797809
0.00742135
0.000657661
0.00740535
0.00056636
0.00738909
0.000542643
0.0073684
0.000579776
0.00734125
0.000649425
0.00730804
0.000729478
0.0072709
0.000786557
0.00723296
0.000803759
0.000788454
0.00730301
0.00100097
0.00727456
0.000826256
0.00725531
0.000676912
0.00724091
0.000580761
0.00722602
0.000557526
0.00720634
0.000599453
0.00717981
0.000675959
0.00714696
0.000762327
0.00711008
0.00082344
0.00707243
0.000841403
0.000824462
0.00713765
0.00103975
0.00711052
0.000853385
0.00709285
0.000694583
0.00708004
0.000593568
0.00706652
0.000571051
0.00704783
0.000618144
0.00702188
0.000701907
0.00698936
0.000794846
0.00695272
0.000860085
0.00691535
0.000878771
0.00086007
0.0069758
0.00107761
0.00694998
0.000879208
0.00693387
0.000710686
0.00692265
0.000604797
0.00691046
0.000583239
0.00689272
0.000635881
0.00686733
0.000727301
0.00683511
0.000827065
0.00679868
0.000896516
0.00676157
0.00091588
0.000895291
0.00681734
0.00111456
0.00679281
0.000903745
0.00677826
0.000725236
0.00676859
0.000614466
0.00675771
0.000594118
0.00674089
0.000652696
0.00671602
0.000752174
0.00668407
0.000859011
0.00664784
0.000932752
0.00661097
0.000952747
0.000930135
0.00666217
0.00115065
0.0066389
0.000927016
0.00662588
0.000738256
0.00661774
0.000622605
0.00660813
0.000603725
0.0065922
0.000668629
0.00656781
0.000776561
0.00653611
0.000890714
0.00650005
0.000968812
0.00646341
0.000989385
0.000964613
0.00651018
0.00118589
0.00648814
0.00094905
0.00647662
0.000749778
0.00646997
0.000629253
0.00646159
0.000612102
0.0064465
0.000683725
0.00642256
0.000800499
0.00639108
0.000922197
0.00635518
0.00100471
0.00631876
0.0010258
0.000998732
0.00636123
0.00122031
0.0063404
0.000969882
0.00633034
0.000759844
0.00632513
0.000634458
0.00631793
0.000619302
0.00630363
0.000698031
0.0062801
0.000824023
0.00624881
0.000953484
0.00621307
0.00104046
0.00617686
0.001062
0.0010325
0.00621522
0.00125395
0.00619555
0.000989556
0.00618688
0.000768507
0.00618306
0.000638281
0.00617698
0.000625385
0.00616341
0.0007116
0.00614027
0.000847166
0.00610916
0.00098459
0.00607356
0.00107606
0.00603757
0.00109799
0.00106591
0.00607199
0.00128685
0.00605342
0.00100812
0.00604609
0.000775831
0.00604358
0.000640795
0.00603854
0.000630422
0.00602566
0.000724484
0.00600287
0.000869958
0.00597193
0.00101552
0.00593648
0.00111151
0.00590072
0.00113375
0.00109897
0.00593137
0.00131906
0.00591385
0.00102564
0.00590779
0.000781897
0.0059065
0.000642087
0.00590243
0.000634488
0.00589017
0.00073674
0.00586771
0.000892424
0.00583695
0.00104628
0.00580167
0.00114679
0.00576614
0.00116928
0.00113165
0.00579321
0.00135063
0.00577666
0.00104219
0.00577176
0.000786796
0.00577159
0.000642257
0.00576841
0.000637669
0.00575673
0.00074842
0.00573458
0.000914577
0.00570401
0.00107685
0.00566892
0.00118188
0.00563367
0.00120453
0.00116395
0.00565729
0.00138159
0.00564164
0.00105785
0.0056378
0.000790634
0.00563864
0.000641415
0.00563626
0.000640053
0.00562511
0.000759572
0.00560326
0.00093642
0.00557291
0.0011072
0.00553807
0.00121673
0.00550313
0.00123947
0.00119584
0.00552342
0.00141201
0.00550857
0.0010727
0.00550567
0.000793531
0.0055074
0.000639683
0.00550572
0.000641731
0.00549506
0.000770237
0.00547354
0.000957939
0.00544346
0.00113728
0.00540891
0.00125127
0.00537434
0.00127405
0.00122727
0.00539135
0.00144194
0.0053772
0.00108684
0.00537512
0.000795615
0.00537761
0.00063719
0.00537655
0.000642794
0.00536634
0.000780445
0.00534518
0.000979104
0.00531543
0.00116703
0.00528127
0.00128544
0.00524713
0.00130818
0.00125819
0.00526084
0.00147142
0.00524731
0.00110038
0.0052459
0.000797025
0.00524902
0.000634073
0.00524848
0.000643328
0.00523872
0.00079021
0.00521796
0.000999862
0.00518865
0.00119634
0.00515496
0.00131912
0.00512135
0.00134179
0.00128856
0.00513167
0.00150049
0.00511863
0.00111341
0.00511775
0.000797906
0.00512136
0.000630466
0.00512128
0.000643411
0.00511195
0.000799532
0.00509168
0.00102014
0.00506291
0.00122511
0.00502983
0.0013522
0.00499684
0.00137478
0.00131829
0.00500356
0.00152918
0.00499093
0.00112604
0.00499043
0.000798406
0.0049944
0.000626504
0.00499469
0.000643111
0.00498584
0.000808389
0.00496614
0.00103984
0.00493805
0.0012532
0.00490571
0.00138454
0.00487347
0.00140701
0.0013473
0.00487631
0.00155751
0.00486397
0.00113838
0.00486371
0.000798669
0.0048679
0.000622315
0.00486853
0.000642482
0.00486017
0.000816742
0.00484117
0.00105885
0.00481392
0.00128045
0.00478248
0.00141597
0.00475112
0.00143837
0.00137551
0.00474967
0.0015855
0.00473754
0.00115051
0.00473737
0.000798838
0.00474167
0.000618019
0.00474259
0.000641561
0.0047348
0.000824527
0.00471664
0.00107702
0.0046904
0.00130668
0.00466003
0.00144634
0.00462969
0.00146872
0.00140281
0.00462346
0.00161313
0.00461145
0.00116252
0.00461124
0.000799048
0.00461554
0.000613719
0.00461673
0.000640365
0.0046096
0.000831662
0.00459243
0.00109418
0.0045674
0.0013317
0.00453829
0.00147546
0.00450911
0.00149789
0.0014291
0.00449752
0.00164039
0.00448554
0.0011745
0.00448517
0.000799419
0.00448938
0.000609507
0.00449085
0.000638895
0.00448447
0.000838042
0.00446848
0.00111017
0.00444487
0.00135531
0.0044172
0.00150313
0.00438934
0.00152575
0.00145426
0.00437172
0.00166725
0.0043597
0.00118652
0.00435906
0.000800061
0.00436312
0.000605452
0.00436488
0.000637129
0.00435938
0.000843548
0.00434475
0.0011248
0.00432277
0.0013773
0.00429674
0.00152916
0.00427036
0.00155212
0.0014782
0.00424597
0.00169365
0.00423388
0.00119861
0.00423287
0.000801066
0.00423672
0.000601607
0.00423882
0.000635029
0.00423432
0.000848046
0.00422126
0.00113786
0.00420112
0.00139744
0.00417692
0.00155335
0.00415218
0.00157687
0.00150081
0.00412026
0.00171955
0.00410803
0.00121084
0.00410659
0.000802508
0.00411019
0.000598003
0.00411269
0.000632536
0.00410934
0.000851389
0.00409805
0.00114915
0.00407996
0.00141553
0.00405779
0.00157552
0.00403483
0.00159983
0.00152198
0.00399458
0.00174489
0.0039822
0.00122321
0.00398027
0.000804444
0.00398362
0.000594651
0.00398658
0.000629578
0.00398454
0.000853425
0.00397521
0.00115849
0.00395937
0.00143137
0.0039394
0.00159549
0.00391835
0.00162087
0.00154163
0.00386901
0.00176958
0.00385646
0.00123577
0.00385399
0.000806913
0.0038571
0.000591544
0.0038606
0.000626071
0.00386003
0.000854002
0.00385285
0.00116567
0.00383945
0.00144476
0.00382185
0.00161309
0.00380284
0.00163988
0.00155966
0.00374365
0.00179358
0.00373092
0.0012485
0.00372789
0.000809938
0.00373078
0.000588658
0.00373493
0.000621919
0.00373597
0.000852965
0.00373112
0.00117052
0.00372034
0.00145554
0.00370525
0.00162819
0.00368839
0.00165674
0.001576
0.00361866
0.00181681
0.00360574
0.00126142
0.00360215
0.000813526
0.00360486
0.000585954
0.00360976
0.000617022
0.00361255
0.00085017
0.0036102
0.00117287
0.00360218
0.00146355
0.00358972
0.00164065
0.0035751
0.00167136
0.0015906
0.00349422
0.00183922
0.00348112
0.00127452
0.00347697
0.000817672
0.00347955
0.000583379
0.00348529
0.000611275
0.00348999
0.000845478
0.00349026
0.00117259
0.00348514
0.00146867
0.00347541
0.00165038
0.00346309
0.00168367
0.00160341
0.00337054
0.00186075
0.00335726
0.0012878
0.00335258
0.000822359
0.00335508
0.000580873
0.00336178
0.000604575
0.00336849
0.000838766
0.00337153
0.00116956
0.00336939
0.00147081
0.00336246
0.00165732
0.0033525
0.00169364
0.0016144
0.00324786
0.00188139
0.00323441
0.00130124
0.00322921
0.000827564
0.00323171
0.000578366
0.00323947
0.000596818
0.00324831
0.000829924
0.00325419
0.00116368
0.00325512
0.00146988
0.00325103
0.0016614
0.00324344
0.00170122
0.00162357
0.00312643
0.00190111
0.00311281
0.00131486
0.00310712
0.000833258
0.0031097
0.000575786
0.00311861
0.000587909
0.00312967
0.00081886
0.00313847
0.00115488
0.00314249
0.00146586
0.00314127
0.00166262
0.00313607
0.00170643
0.0016309
0.00300651
0.00191992
0.00299271
0.00132866
0.00298656
0.000839407
0.00298929
0.000573056
0.00299945
0.000577756
0.00301281
0.000805498
0.00302457
0.00114313
0.0030317
0.00145872
0.00303334
0.00166099
0.0030305
0.00170927
0.00163641
0.00288835
0.00193788
0.00287436
0.00134266
0.00286779
0.000845975
0.00287075
0.000570098
0.00288223
0.000566276
0.00289794
0.000789783
0.00291268
0.00112839
0.00292291
0.00144849
0.00292737
0.00165653
0.00292686
0.00170979
0.00164015
0.0027722
0.00195503
0.00275798
0.00135687
0.00275103
0.000852924
0.0027543
0.000566833
0.00276718
0.000553395
0.00278529
0.000771677
0.00280299
0.00111068
0.00281628
0.0014352
0.00282351
0.0016493
0.00282526
0.00170804
0.00164213
0.00265828
0.00197149
0.00264381
0.00137134
0.00263652
0.000860217
0.00264017
0.000563186
0.00265452
0.000539049
0.00267503
0.00075116
0.00269568
0.00109004
0.00271196
0.00141892
0.00272188
0.00163938
0.00272583
0.00170409
0.00164242
0.00254681
0.00198736
0.00253205
0.0013861
0.00252445
0.000867811
0.00252856
0.000559078
0.00254443
0.000523184
0.00256736
0.000728231
0.00259089
0.0010665
0.00261008
0.00139973
0.00262259
0.00162687
0.00262865
0.00169803
0.00164108
0.00243798
0.0020028
0.00242287
0.00140121
0.00241502
0.000875664
0.00241966
0.000554436
0.00243709
0.000505754
0.00246241
0.000702903
0.00248877
0.00104015
0.00251075
0.00137774
0.00252575
0.00161187
0.00253382
0.00168996
0.00163816
0.00233193
0.00201799
0.00231643
0.00141671
0.00230837
0.000883728
0.00231362
0.000549187
0.00233264
0.000486727
0.00236034
0.000675209
0.00238942
0.00101106
0.00241408
0.00135308
0.00243143
0.00159453
0.00244141
0.00167998
0.00163375
0.00222882
0.00203313
0.00221287
0.00143266
0.00220464
0.000891951
0.00221057
0.000543259
0.00223122
0.000466078
0.00226124
0.000645193
0.00229294
0.000979356
0.00232015
0.00132587
0.00233971
0.00157497
0.00235148
0.00166822
0.00162793
0.00212873
0.00204842
0.00211228
0.00144912
0.00210395
0.000900278
0.00211063
0.000536582
0.00213292
0.00044379
0.0021652
0.000612908
0.00219942
0.000945136
0.00222903
0.00129627
0.00225066
0.00155334
0.0022641
0.00165478
0.00162076
0.00121497
0.00203929
0.00122268
0.00144141
0.00123229
0.000890666
0.00124659
0.00052228
0.00126599
0.00042439
0.00128858
0.000590316
0.0013117
0.000922019
0.00133326
0.00127471
0.00135216
0.00153443
0.00136817
0.00163877
0.00160708
0.00120913
0.00203125
0.00121578
0.00143477
0.00122484
0.000881597
0.00123935
0.000507775
0.00125962
0.00040412
0.00128347
0.000566468
0.0013079
0.000897593
0.00133055
0.00125205
0.00135021
0.00151478
0.00136663
0.00162235
0.00159325
0.0012019
0.00202427
0.00120754
0.00142913
0.00121613
0.000873003
0.00123091
0.000492996
0.00125211
0.00038292
0.00127726
0.000541313
0.00130305
0.000871805
0.00132686
0.00122824
0.00134732
0.00149431
0.0013642
0.00160547
0.00157921
0.0011932
0.0020183
0.00119791
0.00142442
0.00120614
0.000864774
0.00122129
0.000477845
0.0012435
0.000360719
0.00127001
0.000514801
0.00129719
0.000844618
0.00132219
0.00120324
0.0013435
0.001473
0.00136088
0.00158809
0.00156492
0.00118303
0.00201329
0.00118692
0.00142053
0.00119491
0.000856786
0.00121054
0.000462214
0.00123382
0.000337444
0.00126173
0.000486889
0.00129034
0.000816002
0.00131656
0.00117703
0.00133875
0.00145081
0.00135668
0.00157016
0.00155032
0.00117141
0.00200915
0.0011746
0.00141734
0.00118248
0.000848912
0.00119869
0.000446
0.00122311
0.000313028
0.00125246
0.00045754
0.00128253
0.00078593
0.00130998
0.00114958
0.00133309
0.0014277
0.00135161
0.00155164
0.00153535
0.00115839
0.0020058
0.001161
0.00141473
0.00116889
0.000841022
0.00118579
0.000429101
0.00121141
0.000287412
0.00124222
0.000426723
0.00127377
0.000754386
0.00130248
0.00112086
0.00132654
0.00140365
0.00134569
0.00153249
0.00151997
0.001144
0.00200315
0.00114616
0.00141256
0.0011542
0.000832983
0.00117189
0.000411418
0.00119876
0.000260541
0.00123106
0.000394417
0.00126409
0.000721357
0.00129409
0.00109086
0.00131912
0.00137862
0.00133894
0.00151267
0.00150411
0.00112829
0.00200109
0.00113016
0.0014107
0.00113848
0.000824659
0.00115704
0.000392858
0.00118521
0.000232369
0.00121902
0.000360605
0.00125354
0.000686838
0.00128483
0.00105957
0.00131085
0.00135259
0.00133139
0.00149214
0.00148773
0.00111133
0.00199949
0.00111304
0.00140899
0.00112179
0.000815912
0.00114132
0.00037333
0.00117083
0.000202858
0.00120615
0.000325282
0.00124216
0.000650832
0.00127474
0.00102699
0.00130178
0.00132555
0.00132306
0.00147086
0.00147077
0.00109318
0.00199823
0.0010949
0.00140727
0.0011042
0.000806605
0.00112478
0.00035275
0.00115566
0.000171977
0.0011925
0.000288451
0.00122998
0.00061335
0.00126385
0.000993119
0.00129193
0.00129747
0.001314
0.00144879
0.00145318
0.00107392
0.00199716
0.00107581
0.00140538
0.00108581
0.000796602
0.00110752
0.000331043
0.00113979
0.000139706
0.00117812
0.000250125
0.00121706
0.000574412
0.00125222
0.000957959
0.00128134
0.00126835
0.00130424
0.00142589
0.0014349
0.00105364
0.00199613
0.00105587
0.00140315
0.0010667
0.000785769
0.00108961
0.000308138
0.00112328
0.000106034
0.00116308
0.000210324
0.00120345
0.000534043
0.00123988
0.000921525
0.00127007
0.00123816
0.00129382
0.00140214
0.00141588
0.00103243
0.00199496
0.00103518
0.00140041
0.00104697
0.000773976
0.00107113
0.000283977
0.0011062
7.09624e-05
0.00114744
0.000169082
0.00118921
0.000492279
0.0012269
0.000883837
0.00125815
0.0012069
0.00128279
0.00137749
0.00139606
0.0010104
0.00199348
0.00101384
0.00139697
0.00102671
0.000761099
0.00105218
0.000258507
0.00108865
3.45005e-05
0.00113129
0.00012644
0.0011744
0.000449164
0.00121332
0.000844918
0.00124565
0.00117458
0.00127121
0.00135193
0.000987664
0.00199152
0.000991971
0.00139266
0.00100605
0.000747021
0.00103287
0.000231689
0.0010707
-3.32987e-06
0.00111469
8.24493e-05
0.0011591
0.000404749
0.00119922
0.000804801
0.00123261
0.00114119
0.00132541
0.000964343
0.00198888
0.000969693
0.00138731
0.000985083
0.000731631
0.00101328
0.000203494
0.00105244
-4.24964e-05
0.00109772
3.71721e-05
0.00114338
0.000359093
0.00118466
0.000763522
0.00121911
0.00110673
0.00129792
0.000940566
0.00198537
0.00094713
0.00138075
0.000963933
0.000714828
0.000993525
0.000173902
0.00103398
-8.29554e-05
0.00108048
-9.32013e-06
0.0011273
0.000312265
0.0011697
0.000721123
0.00120522
0.00107122
0.00126943
0.000916467
0.00198079
0.000924412
0.0013728
0.00094272
0.00069652
0.000973715
0.000142907
0.00101541
-0.000124652
0.00106304
-5.6947e-05
0.00111096
0.000264339
0.00115443
0.000677653
0.00119099
0.00103466
0.00123992
0.000892187
0.00197495
0.000901674
0.00136332
0.000921566
0.000676628
0.00095396
0.000110513
0.00099683
-0.000167523
0.0010455
-0.000105618
0.00109444
0.000215399
0.00113893
0.000633166
0.00117651
0.000997086
0.00120937
0.00086787
0.00196766
0.000879051
0.00135214
0.000900596
0.000655083
0.000934372
7.67371e-05
0.00097834
-0.000211491
0.00102796
-0.000155236
0.00107782
0.000165534
0.00112327
0.000587723
0.00116185
0.000958504
0.00117777
0.000843664
0.00195872
0.000856681
0.00133912
0.000879937
0.000631827
0.000915067
4.16066e-05
0.000960049
-0.000256472
0.00101051
-0.000205693
0.0010612
0.00011484
0.00110753
0.000541388
0.00114709
0.000918945
0.00114512
0.000819721
0.00194795
0.000834704
0.00132414
0.000859713
0.000606818
0.00089616
5.16019e-06
0.000942061
-0.000302373
0.000993244
-0.000256875
0.00104466
6.34203e-05
0.00109182
0.000494233
0.00113232
0.000878439
0.00111141
0.000796189
0.00193518
0.000813258
0.00130707
0.000840052
0.000580024
0.000877765
-3.25529e-05
0.000924484
-0.000349092
0.000976272
-0.000308664
0.00102831
1.13835e-05
0.00107621
0.000446332
0.00111763
0.000837021
0.00107663
0.000773222
0.00192023
0.000792479
0.00128781
0.000821076
0.000551427
0.000859996
-7.1473e-05
0.000907424
-0.00039652
0.000959691
-0.000360931
0.00101223
-4.11572e-05
0.0010608
0.000397765
0.00110309
0.000794732
0.00104079
0.000750966
0.00190296
0.000772503
0.00126627
0.000802907
0.000521023
0.000842966
-0.000111531
0.000890986
-0.000444541
0.000943601
-0.000413546
0.000996528
-9.40838e-05
0.00104567
0.000348618
0.00108879
0.000751616
0.00100391
0.00072957
0.00188322
0.00075346
0.00124238
0.000785664
0.00048882
0.000826783
-0.000152651
0.000875275
-0.000493033
0.000928102
-0.000466373
0.000981293
-0.000147274
0.00103093
0.000298979
0.00107483
0.000707721
0.000965994
0.000709173
0.0018609
0.000735475
0.00121608
0.000769458
0.000454836
0.000811553
-0.000194746
0.000860392
-0.000541872
0.000913293
-0.000519274
0.000966622
-0.000200603
0.00101666
0.000248941
0.00106128
0.000663103
0.000927069
0.000689913
0.00183588
0.000718668
0.00118733
0.000754398
0.000419105
0.000797378
-0.000237725
0.000846434
-0.000590928
0.000899268
-0.000572108
0.000952608
-0.000253943
0.00100295
0.000198599
0.00104823
0.000617819
0.00088716
0.000671918
0.00180808
0.000703151
0.00115609
0.000740586
0.00038167
0.000784353
-0.000281492
0.000833496
-0.000640071
0.000886121
-0.000624733
0.000939343
-0.000307165
0.000989889
0.000148053
0.00103578
0.000571932
0.000846301
0.00065531
0.00177742
0.00068903
0.00112237
0.000728116
0.000342584
0.000772568
-0.000325944
0.000821666
-0.000689169
0.000873941
-0.000677008
0.000926914
-0.000360139
0.000977562
9.74051e-05
0.00102398
0.00052551
0.000804532
0.0006402
0.00174387
0.000676399
0.00108617
0.000717073
0.00030191
0.000762105
-0.000370977
0.000811026
-0.00073809
0.00086281
-0.000728791
0.000915405
-0.000412733
0.000966051
4.67586e-05
0.00101294
0.000478626
0.000761898
0.00062669
0.00170738
0.000665345
0.00104752
0.000707534
0.000259721
0.00075304
-0.000416483
0.000801654
-0.000786704
0.000852808
-0.000779945
0.000904894
-0.00046482
0.000955434
-3.78086e-06
0.0010027
0.000431355
0.00071845
0.00061487
0.00166796
0.000655942
0.00100645
0.000699567
0.000216096
0.000745437
-0.000462353
0.000793616
-0.000834884
0.000844005
-0.000830334
0.000895454
-0.000516269
0.000945782
-5.41079e-05
0.00099336
0.000383777
0.000674246
0.00060482
0.00162562
0.000648254
0.000963013
0.000693228
0.000171122
0.000739354
-0.000508479
0.000786974
-0.000882504
0.000836466
-0.000879826
0.000887154
-0.000566957
0.000937161
-0.000104115
0.000984963
0.000335974
0.000629349
0.000596603
0.00158038
0.000642332
0.000917284
0.000688562
0.000124892
0.000734836
-0.000554753
0.000781779
-0.000929447
0.000830249
-0.000928296
0.000880052
-0.00061676
0.000929631
-0.000153694
0.000977571
0.000288034
0.000583829
0.000590273
0.00153231
0.000638216
0.000869341
0.000685605
7.75033e-05
0.000731921
-0.000601069
0.000778072
-0.000975598
0.0008254
-0.000975624
0.0008742
-0.00066556
0.000923246
-0.00020274
0.000971236
0.000240045
0.000537759
0.000585868
0.00148147
0.000635931
0.000819278
0.000684377
2.90575e-05
0.000730633
-0.000647324
0.000775886
-0.00102085
0.000821959
-0.0010217
0.000869643
-0.000713245
0.000918052
0.000965999
0.000583413
0.000635492
0.00068489
0.000730985
0.000775241
0.000819955
)
;

boundaryField
{
    inlet
    {
        type            calculated;
        value           nonuniform 0();
    }
    outlet
    {
        type            calculated;
        value           nonuniform 0();
    }
    cylinder
    {
        type            calculated;
        value           nonuniform 0();
    }
    top
    {
        type            symmetryPlane;
        value           nonuniform 0();
    }
    bottom
    {
        type            symmetryPlane;
        value           uniform 0;
    }
    defaultFaces
    {
        type            empty;
        value           nonuniform 0();
    }
    procBoundary13to12
    {
        type            processor;
        value           nonuniform List<scalar> 
99
(
-0.0113577
-0.011095
-0.0108395
-0.0105907
-0.0103484
-0.0101124
-0.00988237
-0.00965805
-0.00943925
-0.00922574
-0.00901733
-0.00881381
-0.00861501
-0.00842077
-0.00823092
-0.00804532
-0.00786383
-0.00768631
-0.00751265
-0.00734273
-0.00717643
-0.00701366
-0.0068543
-0.00669825
-0.00654541
-0.00639566
-0.00624886
-0.00610489
-0.00596358
-0.00582477
-0.00568826
-0.00555384
-0.00542127
-0.00529032
-0.00516073
-0.00503226
-0.00490464
-0.00477766
-0.00465109
-0.00452478
-0.00439857
-0.00427238
-0.00414616
-0.00401991
-0.00389371
-0.00376765
-0.00364189
-0.00351662
-0.00339207
-0.00326849
-0.00314615
-0.00302533
-0.00290631
-0.00278935
-0.00267473
-0.00256269
-0.00245342
-0.00234712
-0.00224395
-0.00214402
-0.00120585
-0.00120108
-0.00119492
-0.00118724
-0.00117801
-0.00116727
-0.00115504
-0.00114135
-0.00112623
-0.00110974
-0.00109192
-0.00107285
-0.0010526
-0.00103126
-0.00100892
-0.000985701
-0.000961703
-0.000937056
-0.000911891
-0.00088635
-0.000860577
-0.000834726
-0.000808952
-0.000783415
-0.000758275
-0.000733695
-0.000709833
-0.000686848
-0.000664893
-0.000644116
-0.000624656
-0.000606645
-0.000590206
-0.00057545
-0.000562475
-0.000551367
-0.000542199
-0.000535028
-0.000529896
)
;
    }
    procBoundary13to14
    {
        type            processor;
        value           nonuniform List<scalar> 
99
(
0.0108391
0.0105888
0.0103454
0.0101088
0.00987851
0.00965437
0.00943609
0.00922341
0.00901611
0.00881397
0.00861678
0.00842434
0.00823648
0.00805303
0.00787382
0.00769871
0.00752755
0.0073602
0.00719654
0.00703643
0.00687974
0.00672635
0.00657613
0.00642894
0.00628464
0.0061431
0.00600416
0.00586766
0.00573346
0.00560137
0.00547124
0.00534291
0.00521621
0.00509099
0.00496711
0.00484446
0.00472291
0.00460239
0.00448283
0.00436418
0.00424642
0.00412957
0.00401365
0.00389871
0.00378481
0.00367204
0.0035605
0.00345028
0.0033415
0.00323428
0.00312874
0.00302498
0.00292313
0.00282328
0.00272554
0.00262999
0.00253673
0.00244581
0.00235731
0.00227126
0.00138185
0.00138046
0.00137824
0.00137518
0.00137128
0.00136657
0.00136107
0.00135479
0.00134776
0.00134002
0.00133159
0.00132252
0.00131284
0.00130261
0.00129188
0.00137539
0.00125913
0.00124661
0.00123371
0.0012205
0.00120705
0.00119344
0.00117975
0.00116604
0.00115241
0.00113892
0.00112567
0.00111274
0.0011002
0.00108814
0.00107663
0.00106575
0.00105557
0.00104615
0.00103756
0.00102986
0.00102309
0.00101731
0.00101254
)
;
    }
    procBoundary13to29
    {
        type            processor;
        value           nonuniform List<scalar> 
11
(
-0.000251148
0.000192098
0.000491218
0.00142795
0.0007672
-2.03408e-05
-0.00069342
-0.00106511
-0.00106641
0.000866416
-0.000759705
)
;
    }
}


// ************************************************************************* //
