/*--------------------------------*- C++ -*----------------------------------*\
  =========                 |
  \\      /  F ield         | OpenFOAM: The Open Source CFD Toolbox
   \\    /   O peration     | Website:  https://openfoam.org
    \\  /    A nd           | Version:  7
     \\/     M anipulation  |
\*---------------------------------------------------------------------------*/
FoamFile
{
    version     2.0;
    format      ascii;
    class       volVectorField;
    location    "42";
    object      U;
}
// * * * * * * * * * * * * * * * * * * * * * * * * * * * * * * * * * * * * * //

dimensions      [0 1 -1 0 0 0 0];

internalField   nonuniform List<vector> 
1062
(
(1.17421 -0.154245 1.2621e-19)
(1.08672 -0.141364 -1.10824e-19)
(1.14524 -0.146127 3.87571e-19)
(0.968819 -0.118838 -9.70366e-20)
(1.04864 -0.133285 9.931e-20)
(1.11233 -0.137895 -5.4531e-19)
(0.832647 -0.0973002 -1.03583e-19)
(0.922365 -0.110402 -8.91803e-20)
(1.00698 -0.125391 -2.63375e-19)
(1.07542 -0.129735 1.29147e-19)
(0.781689 -0.0896369 1.94524e-19)
(0.873225 -0.102384 1.23452e-19)
(0.961914 -0.117841 8.03422e-20)
(1.03455 -0.121895 1.75468e-19)
(0.636104 -0.0699372 1.83984e-20)
(0.729474 -0.0825779 2.71856e-20)
(0.821791 -0.0949156 -2.27231e-19)
(0.913684 -0.110801 -7.6053e-20)
(0.989851 -0.114702 7.76856e-20)
(0.496794 -0.054437 -4.75305e-20)
(0.585017 -0.064336 1.34259e-20)
(0.676491 -0.0761722 -2.0508e-19)
(0.768502 -0.0881082 3.10384e-19)
(0.862586 -0.104428 1.48582e-19)
(0.941505 -0.108592 -1.80479e-19)
(0.371409 -0.0437772 -9.68563e-20)
(0.450296 -0.0506305 -1.14224e-19)
(0.534586 -0.0594213 -5.47441e-20)
(0.623232 -0.0704261 1.68864e-19)
(0.713823 -0.0820274 -2.29205e-20)
(0.808927 -0.0988411 -1.89549e-19)
(0.889751 -0.104147 2.92436e-19)
(0.331552 -0.0417689 4.34861e-20)
(0.405457 -0.0474461 1.03633e-19)
(0.485232 -0.0551375 1.16474e-19)
(0.570177 -0.0652917 3.245e-20)
(0.658222 -0.0766676 -3.01048e-19)
(0.752974 -0.0940846 -7.58367e-20)
(0.834822 -0.102127 -8.39958e-20)
(0.231784 -0.0374529 1.66939e-19)
(0.293856 -0.0402563 -2.28808e-20)
(0.362551 -0.0447975 4.73025e-20)
(0.437339 -0.0513894 -9.89593e-20)
(0.51778 -0.0606542 -1.15117e-19)
(0.602137 -0.0719123 3.91049e-20)
(0.694847 -0.0901217 2.62502e-19)
(0.776644 -0.103649 -3.3592e-19)
(0.201543 -0.037331 -3.17433e-20)
(0.258443 -0.0391475 -2.30961e-19)
(0.321806 -0.0425824 1.01693e-20)
(0.391258 -0.0480465 -6.29701e-20)
(0.466492 -0.0563141 -2.40553e-20)
(0.546002 -0.067423 2.9783e-20)
(0.634358 -0.0866405 3.12331e-20)
(0.713282 -0.111052 2.23974e-19)
(0.127951 -0.0376398 2.57673e-19)
(0.173554 -0.0374648 2.72226e-20)
(0.225394 -0.0383504 2.19937e-19)
(0.283411 -0.040694 4.04898e-20)
(0.34732 -0.0449618 -2.62505e-20)
(0.416808 -0.0520002 -4.61425e-20)
(0.490385 -0.062453 3.00035e-19)
(0.571104 -0.0815937 -6.80474e-20)
(0.0712528 -0.0400375 4.78331e-20)
(0.106668 -0.0386424 -1.96519e-20)
(0.147797 -0.0377774 -5.14408e-21)
(0.194753 -0.0377807 -2.68548e-19)
(0.247519 -0.0390397 2.08711e-19)
(0.305848 -0.0420177 -2.50677e-19)
(0.369341 -0.0475073 2.67557e-19)
(0.436304 -0.0562737 -3.05826e-19)
(0.505704 -0.0704125 7.96169e-20)
(0.0556706 -0.0415467 -2.06855e-19)
(0.0873133 -0.0396986 -2.04584e-19)
(0.124226 -0.0382018 1.34738e-20)
(0.166531 -0.0373703 1.54576e-19)
(0.214237 -0.0375578 -5.07052e-20)
(0.267123 -0.0391746 4.2988e-20)
(0.324736 -0.0428566 -1.81289e-19)
(0.385499 -0.0492908 8.15548e-20)
(0.0181794 -0.0451613 -1.67675e-19)
(0.0416599 -0.0430073 3.43597e-19)
(0.0697997 -0.040757 1.67854e-19)
(0.102772 -0.0386835 2.15883e-19)
(0.140702 -0.0370688 -1.5511e-20)
(0.183615 -0.0362195 7.68618e-20)
(0.231329 -0.0364704 -8.84509e-21)
(0.283423 -0.038282 1.73829e-19)
(0.338699 -0.0422077 -1.90253e-19)
(0.00846898 -0.0467516 9.83265e-20)
(0.0291235 -0.0443822 -1.53603e-19)
(0.05403 -0.0417761 1.80291e-19)
(0.083349 -0.0391803 -2.29738e-19)
(0.117205 -0.0368416 1.1481e-19)
(0.155638 -0.0350162 -2.18881e-19)
(0.198515 -0.0339651 1.37902e-19)
(0.245499 -0.0340094 -1.38791e-19)
(-0.0144504 -0.0501469 -3.52533e-19)
(-0.000105123 -0.0481951 6.41912e-20)
(0.0179628 -0.0456425 1.62577e-19)
(0.0399011 -0.042724 6.67339e-20)
(0.0658566 -0.0396608 -3.80939e-20)
(0.0959501 -0.0366657 -2.40359e-21)
(0.130237 -0.0339479 1.00523e-19)
(0.168637 -0.0317077 9.57354e-21)
(0.210906 -0.0301748 -2.11434e-19)
(-0.0199534 -0.0514819 1.58247e-19)
(-0.00763041 -0.0494738 4.70623e-20)
(0.00807965 -0.0467671 -1.64577e-20)
(0.0273067 -0.043578 -3.39092e-19)
(0.0501841 -0.0401039 1.12058e-20)
(0.076829 -0.0365271 -6.16845e-20)
(0.107312 -0.0330183 -1.2192e-19)
(0.141599 -0.0297335 -4.4913e-20)
(-0.0321904 -0.0536658 5.67412e-20)
(-0.024681 -0.0526243 -3.16854e-20)
(-0.0141913 -0.0505753 -2.80708e-20)
(-0.000622639 -0.0477419 -5.29891e-21)
(0.016139 -0.0443232 -3.50847e-20)
(0.0362149 -0.0404963 1.91855e-19)
(0.0597188 -0.036419 1.18848e-19)
(0.0867339 -0.0322334 2.63488e-20)
(0.117272 -0.0280696 -1.02043e-19)
(-0.0348215 -0.0545757 9.7846e-22)
(-0.0287017 -0.0535685 7.05054e-20)
(-0.0198689 -0.0514927 -1.02798e-19)
(-0.00823815 -0.0485588 -3.96064e-21)
(0.00629101 -0.0449516 2.15556e-19)
(0.0238293 -0.0408321 -1.43973e-19)
(0.044488 -0.0363402 4.78784e-20)
(0.0683619 -0.0316007 -2.8199e-20)
(-0.0369506 -0.0552823 -9.38995e-20)
(-0.0320801 -0.0543122 -4.93945e-20)
(-0.0247406 -0.052223 1.05626e-19)
(-0.014858 -0.0492145 -4.32746e-20)
(-0.002343 -0.0454603 4.83035e-20)
(0.0129067 -0.0411098 -7.40202e-21)
(0.0310003 -0.0362923 -5.84113e-20)
(0.0520425 -0.0311267 3.02802e-20)
(-0.0401829 -0.0553405 7.84993e-20)
(-0.0386273 -0.0557868 -5.42854e-21)
(-0.0348773 -0.0548564 2.04583e-19)
(-0.0288801 -0.052767 -7.80201e-20)
(-0.02057 -0.0497097 3.54534e-19)
(-0.00986632 -0.0458503 -1.93605e-19)
(0.00332675 -0.0413313 -8.14166e-20)
(0.0191169 -0.0362785 3.03554e-20)
(0.0376163 -0.0308147 1.58207e-19)
(-0.0406481 -0.0555813 9.36607e-20)
(-0.0398985 -0.056092 -6.12339e-21)
(-0.0371511 -0.0552041 7.42271e-22)
(-0.0323577 -0.0531276 -9.83391e-20)
(-0.0254587 -0.0500475 -3.26514e-19)
(-0.0163795 -0.0461247 -1.62951e-19)
(-0.00502927 -0.0414996 1.90221e-19)
(0.00869832 -0.0363006 2.98923e-20)
(-0.0390985 -0.0534262 1.88056e-19)
(-0.040842 -0.0556333 -9.99513e-20)
(-0.040808 -0.0562024 2.95078e-20)
(-0.038956 -0.0553598 8.88013e-22)
(-0.0352402 -0.0533096 2.7702e-19)
(-0.0296049 -0.0502326 3.08738e-20)
(-0.0219797 -0.0462877 1.38291e-19)
(-0.0122776 -0.0416172 -3.14166e-19)
(-0.000393264 -0.0363574 1.54319e-20)
(-0.0385848 -0.053243 3.0837e-20)
(-0.0407973 -0.0555011 3.14767e-20)
(-0.0413972 -0.0561231 -2.59864e-20)
(-0.0403435 -0.0553291 -3.65253e-20)
(-0.037591 -0.0533185 -3.72946e-19)
(-0.033086 -0.0502699 2.45758e-19)
(-0.0267609 -0.0463429 -2.00733e-20)
(-0.018531 -0.0416847 9.12422e-20)
(-0.00829303 -0.0364439 -2.00506e-20)
(-0.0379236 -0.0528934 -3.36295e-20)
(-0.0405444 -0.05519 9.57881e-20)
(-0.041705 -0.05586 -1.47436e-20)
(-0.0413621 -0.0551179 -6.94116e-20)
(-0.0394702 -0.0531601 1.71202e-19)
(-0.0359757 -0.0501642 -1.06073e-19)
(-0.0308125 -0.0462928 -4.50903e-20)
(-0.0238982 -0.0417005 5.87808e-20)
(-0.0328936 -0.0482249 -8.66144e-20)
(-0.0371371 -0.0523822 -1.93593e-19)
(-0.0401121 -0.0547057 3.83975e-20)
(-0.0417678 -0.055419 -8.46927e-20)
(-0.0420577 -0.0547324 -1.10843e-20)
(-0.0409343 -0.0528397 -2.73524e-20)
(-0.0383435 -0.0499195 -2.52282e-19)
(-0.0342198 -0.0461382 1.48993e-19)
(-0.0284825 -0.0416597 -5.89423e-21)
(-0.0318313 -0.0475707 -4.40343e-20)
(-0.0362459 -0.0517145 4.67112e-20)
(-0.0395273 -0.0540536 -1.18292e-19)
(-0.0416197 -0.0548061 -1.67166e-20)
(-0.0424729 -0.0541782 1.02011e-21)
(-0.0420366 -0.0523623 5.81706e-20)
(-0.040255 -0.0495384 4.54992e-19)
(-0.037063 -0.045878 -2.79594e-20)
(-0.0323816 -0.0415547 6.8518e-20)
(-0.030717 -0.0467816 9.1226e-20)
(-0.0352694 -0.0508952 -1.16289e-19)
(-0.0388151 -0.0532395 -1.2525e-20)
(-0.0412928 -0.054027 1.19833e-19)
(-0.0426479 -0.0534606 2.66405e-20)
(-0.0428266 -0.0517318 -1.46053e-19)
(-0.0417715 -0.0490224 -2.76672e-19)
(-0.0394168 -0.0455092 -3.15041e-19)
(-0.0295642 -0.0458617 -1.01169e-19)
(-0.0342257 -0.0499294 1.1021e-19)
(-0.0379988 -0.0522686 1.83649e-19)
(-0.0408168 -0.0530871 -1.28809e-19)
(-0.0426198 -0.0525844 4.88978e-20)
(-0.0433506 -0.0509515 1.44886e-19)
(-0.0429492 -0.0483718 -4.82634e-20)
(-0.0413502 -0.0450276 6.69379e-20)
(-0.0229492 -0.0389193 5.56244e-20)
(-0.0283858 -0.0448153 8.81255e-20)
(-0.0331317 -0.0488218 1.46443e-19)
(-0.0371003 -0.0511462 -1.58591e-19)
(-0.0402189 -0.0519913 1.59566e-19)
(-0.0424228 -0.0515538 -7.10278e-20)
(-0.0436505 -0.0500236 -7.05247e-20)
(-0.0438402 -0.047586 -4.78762e-20)
(-0.042926 -0.0444274 1.01458e-19)
(-0.0218042 -0.0378835 1.52808e-19)
(-0.0271934 -0.0436464 -8.51731e-20)
(-0.0320029 -0.0475773 -1.21356e-19)
(-0.0361395 -0.0498773 7.11678e-20)
(-0.0395246 -0.0507445 -8.0878e-20)
(-0.0420883 -0.0503726 4.17249e-20)
(-0.0437651 -0.0489501 6.99974e-20)
(-0.0444911 -0.0466636 2.0618e-20)
(-0.0442007 -0.0437027 4.24517e-20)
(-0.0206675 -0.0367481 -1.13955e-19)
(-0.0259982 -0.0423593 -1.52749e-19)
(-0.0308538 -0.0462004 1.70608e-20)
(-0.0351349 -0.0484666 9.08025e-20)
(-0.0387569 -0.0493511 -4.57673e-20)
(-0.0416446 -0.049044 5.59695e-20)
(-0.043729 -0.0477324 -5.31912e-21)
(-0.0449441 -0.0456028 1.38408e-19)
(-0.0195467 -0.0355163 1.09473e-19)
(-0.0248103 -0.0409578 2.8299e-20)
(-0.0296977 -0.0446957 1.18077e-19)
(-0.0341033 -0.0469187 -5.04981e-20)
(-0.0379366 -0.0478151 5.59465e-21)
(-0.0411174 -0.0475711 -1.73608e-20)
(-0.0435732 -0.0463716 1.17456e-19)
(-0.0452363 -0.0444021 -1.1666e-20)
(-0.0130953 -0.0271275 -3.68181e-20)
(-0.0184487 -0.0341915 -9.37728e-20)
(-0.023639 -0.0394461 8.07484e-20)
(-0.0285467 -0.0430676 -1.17581e-19)
(-0.0330599 -0.0452383 8.99606e-20)
(-0.0370824 -0.0461408 7.50739e-20)
(-0.0405295 -0.0459572 -5.96865e-21)
(-0.0433251 -0.044869 -2.83716e-20)
(-0.0454003 -0.04306 -9.69588e-20)
(-0.0121978 -0.0259975 1.18352e-19)
(-0.01738 -0.032777 5.39393e-20)
(-0.022493 -0.0378283 3.02912e-20)
(-0.0274118 -0.0413206 -6.06169e-20)
(-0.0320183 -0.0434297 -1.01407e-19)
(-0.0362111 -0.0443323 -2.03305e-20)
(-0.0399009 -0.0442053 -8.61732e-21)
(-0.0430087 -0.0432262 -3.50057e-20)
(-0.0454643 -0.0415756 -8.57786e-20)
(-0.0113323 -0.0248008 8.45245e-20)
(-0.0163464 -0.0312763 -9.83546e-20)
(-0.0213802 -0.0361085 4.77032e-20)
(-0.0263029 -0.0394594 1.10086e-20)
(-0.0309909 -0.0414978 -5.65429e-22)
(-0.0353374 -0.0423938 8.80141e-20)
(-0.0392492 -0.0423188 -1.93555e-20)
(-0.0426446 -0.0414452 -1.07257e-19)
(-0.0454524 -0.039949 1.45223e-19)
(-0.0105027 -0.02354 -1.06242e-19)
(-0.0153533 -0.0296929 -4.79669e-20)
(-0.0203075 -0.0342909 -9.58928e-20)
(-0.0252289 -0.0374886 -6.2462e-20)
(-0.0299883 -0.0394472 -7.14596e-20)
(-0.0344742 -0.04033 -1.63363e-19)
(-0.0385897 -0.0403015 8.6204e-20)
(-0.0422505 -0.0395285 9.80386e-20)
(-0.00971239 -0.0222179 7.65264e-20)
(-0.0144059 -0.0280305 7.64802e-20)
(-0.0192815 -0.03238 -4.13754e-20)
(-0.0241977 -0.0354131 3.34397e-20)
(-0.0290201 -0.0372831 3.35033e-20)
(-0.0336328 -0.0381455 9.55951e-20)
(-0.0379353 -0.0381578 9.98147e-20)
(-0.0418412 -0.0374796 -1.2909e-20)
(-0.00482677 -0.0138856 2.90031e-20)
(-0.0089648 -0.0208373 2.31284e-20)
(-0.0135085 -0.026293 2.21193e-20)
(-0.0183078 -0.0303804 8.03807e-20)
(-0.0232163 -0.033238 8.54401e-21)
(-0.0280945 -0.0350107 1.12972e-19)
(-0.0328227 -0.0358457 -1.20503e-20)
(-0.037297 -0.0358924 -1.27863e-19)
(-0.0414292 -0.0353025 -1.05284e-19)
(-0.00433915 -0.0129281 -7.70419e-20)
(-0.00826296 -0.0194015 -4.1061e-20)
(-0.0126653 -0.0244845 -4.62879e-20)
(-0.0173917 -0.028297 7.74153e-21)
(-0.0222907 -0.0309687 7.82064e-20)
(-0.0272188 -0.0326357 -9.98503e-20)
(-0.032052 -0.0334362 -3.29591e-20)
(-0.0366839 -0.0335108 5.21527e-20)
(-0.0410246 -0.0330024 8.01674e-20)
(-0.00388531 -0.0119363 -1.68904e-20)
(-0.00760965 -0.0179135 -7.62769e-20)
(-0.01188 -0.0226092 2.77639e-20)
(-0.0165375 -0.0261349 -8.02576e-20)
(-0.0214265 -0.028611 -3.38688e-20)
(-0.026399 -0.0301643 -1.80157e-20)
(-0.0313278 -0.0309233 -8.31079e-21)
(-0.0361038 -0.0310191 -7.34752e-20)
(-0.0406356 -0.0305851 1.84621e-20)
(-0.00346692 -0.0109123 2.30849e-20)
(-0.00700743 -0.0163769 4.22647e-20)
(-0.0111559 -0.0206717 1.44919e-20)
(-0.0157493 -0.0238994 4.36312e-20)
(-0.0206281 -0.026171 -1.10268e-20)
(-0.0256403 -0.0276029 1.7546e-20)
(-0.0306557 -0.0283137 -4.88477e-20)
(-0.0355627 -0.0284243 7.5828e-20)
(-0.0402688 -0.0280575 -3.37849e-20)
(-0.00308553 -0.00985855 4.61102e-20)
(-0.0064586 -0.0147954 1.90695e-20)
(-0.0104959 -0.0186768 -8.46923e-21)
(-0.0150307 -0.0215963 7.74998e-20)
(-0.0198996 -0.0236549 -5.20962e-20)
(-0.0249472 -0.0249584 -2.29292e-20)
(-0.0300404 -0.0256146 5.02188e-20)
(-0.0350657 -0.0257336 -3.24507e-20)
(-0.0399293 -0.0254272 6.94118e-21)
(-0.00274258 -0.00877751 -4.56019e-20)
(-0.00596526 -0.0131728 2.62547e-20)
(-0.00990268 -0.0166296 6.01067e-20)
(-0.0143847 -0.0192317 -5.61572e-20)
(-0.0192443 -0.0210696 3.70784e-20)
(-0.0243233 -0.0222381 1.149e-20)
(-0.0294858 -0.0228339 5.68271e-20)
(-0.0346167 -0.0229553 -9.70755e-21)
(-0.039621 -0.0227028 -3.38036e-21)
(-0.00243934 -0.00767187 1.51896e-20)
(-0.00552925 -0.0115133 -2.10551e-20)
(-0.0093785 -0.0145354 -1.05268e-20)
(-0.0138138 -0.0168118 -2.06171e-20)
(-0.0186652 -0.0184222 3.68405e-20)
(-0.0237715 -0.0194499 -4.05692e-20)
(-0.028995 -0.0199797 -7.58353e-20)
(-0.0342188 -0.0200981 5.9109e-20)
(-0.00217699 -0.00654449 -2.16599e-20)
(-0.00515221 -0.00982129 -2.33558e-20)
(-0.00892532 -0.0123998 5.38277e-21)
(-0.0133203 -0.0143434 9.06802e-21)
(-0.0181645 -0.0157202 2.70822e-20)
(-0.0232945 -0.0166017 2.70229e-22)
(-0.0285705 -0.0170607 2.19748e-20)
(-0.0338743 -0.0171713 -4.76875e-20)
(-0.00195651 -0.00539836 2.41769e-20)
(-0.00483552 -0.00810122 -1.25959e-20)
(-0.00854482 -0.0102286 5.07084e-21)
(-0.012906 -0.0118331 -9.75523e-21)
(-0.0177443 -0.0129713 -3.80857e-20)
(-0.022894 -0.0137022 8.00835e-21)
(-0.0282141 -0.0140862 -2.16938e-20)
(-0.0335851 -0.0141845 3.03413e-20)
(-0.00177878 -0.00423663 -3.37245e-20)
(-0.00458036 -0.00635788 -1.00076e-20)
(-0.00823837 -0.00802793 -7.50959e-21)
(-0.0125725 -0.00928829 -5.71091e-21)
(-0.017406 -0.0101835 4.7452e-20)
(-0.0225718 -0.0107601 -8.89553e-21)
(-0.0279274 -0.0110656 8.30462e-21)
(-0.0333524 -0.0111481 4.57384e-21)
(-0.00164446 -0.00306257 1.91415e-20)
(-0.00438767 -0.00459618 7.48893e-21)
(-0.00800708 -0.005804 2.54134e-21)
(-0.0123208 -0.0067162 3.9336e-22)
(-0.0171509 -0.0073651 -3.06524e-20)
(-0.0223289 -0.00778445 2.51413e-20)
(-0.0277114 -0.00800864 -2.12344e-21)
(-0.0331774 -0.00807261 -1.48263e-20)
(-0.00155411 -0.00187954 -9.26567e-22)
(-0.00425817 -0.00282113 4.83791e-21)
(-0.00785176 -0.0035632 2.62295e-21)
(-0.012152 -0.00412437 -4.89332e-21)
(-0.0169799 -0.00452456 1.99966e-20)
(-0.0221663 -0.00478455 -7.77589e-21)
(-0.0275669 -0.00492547 1.50455e-22)
(-0.0330605 -0.00496879 2.2553e-20)
(-0.00419234 -0.00103788 -1.45426e-21)
(-0.00777298 -0.00131204 -1.54451e-21)
(-0.0120666 -0.00152043 1.84512e-21)
(-0.0168936 -0.00167046 -4.315e-21)
(-0.0220844 -0.00176981 2.42124e-21)
(-0.0274945 -0.00182628 -7.38166e-21)
(-0.0330021 -0.00184773 -6.48918e-21)
(1.15029 -0.00240201 -6.62583e-21)
(1.15114 -0.00240034 -2.74637e-22)
(1.152 -0.00239848 -5.56112e-22)
(1.15285 -0.00239642 2.40446e-21)
(1.1537 -0.00239414 1.98046e-21)
(1.15454 -0.00239163 -2.82627e-21)
(1.15538 -0.00238889 -2.02362e-22)
(1.15621 -0.0023859 2.41612e-21)
(1.15705 -0.00238265 -7.65e-22)
(1.15787 -0.00237909 -2.07612e-22)
(1.15059 -0.00706113 5.03629e-21)
(1.15145 -0.00705666 -2.10067e-21)
(1.15231 -0.00705219 -3.26497e-21)
(1.15316 -0.00704771 4.64033e-21)
(1.154 -0.0070432 1.93387e-22)
(1.15485 -0.00703866 9.12033e-22)
(1.15569 -0.00703406 2.71015e-22)
(1.15652 -0.00702941 -1.59225e-21)
(1.15735 -0.00702468 -8.19365e-22)
(1.15818 -0.00701976 6.74188e-22)
(1.15113 -0.0116715 -3.19291e-21)
(1.15199 -0.0116649 -2.84766e-21)
(1.15285 -0.0116584 4.07632e-21)
(1.15371 -0.0116517 -1.64228e-21)
(1.15456 -0.011645 6.75909e-22)
(1.15541 -0.0116382 -4.54729e-21)
(1.15625 -0.0116312 -1.18833e-21)
(1.15709 -0.0116241 2.87834e-21)
(1.15793 -0.0116168 -3.19553e-22)
(1.15876 -0.0116092 -3.73599e-23)
(1.15189 -0.0161805 2.07884e-21)
(1.15276 -0.0161712 5.38984e-22)
(1.15363 -0.0161618 -1.23655e-21)
(1.1545 -0.0161525 6.89146e-22)
(1.15536 -0.0161432 8.13458e-22)
(1.15621 -0.0161338 1.43715e-21)
(1.15707 -0.0161243 -1.13156e-21)
(1.15791 -0.0161147 -7.04073e-22)
(1.15875 -0.016105 -3.70667e-22)
(1.15959 -0.0160949 2.30018e-22)
(1.15197 -0.0206383 -7.5581e-21)
(1.15286 -0.0206265 6.87647e-21)
(1.15375 -0.0206148 -3.42055e-21)
(1.15463 -0.0206032 3.08705e-21)
(1.1555 -0.0205916 2.68397e-22)
(1.15638 -0.02058 3.00217e-21)
(1.15724 -0.0205684 -3.06766e-21)
(1.15811 -0.0205567 -2.11403e-21)
(1.15896 -0.0205449 3.63166e-21)
(1.15982 -0.020533 5.35086e-22)
(1.16067 -0.0205206 -1.99452e-21)
(1.15312 -0.0250221 1.02358e-21)
(1.15403 -0.0250076 -1.36278e-21)
(1.15493 -0.0249932 -1.52263e-21)
(1.15582 -0.0249789 -5.09537e-22)
(1.15672 -0.0249647 2.98873e-21)
(1.1576 -0.0249506 -2.89183e-21)
(1.15848 -0.0249366 -1.44721e-21)
(1.15936 -0.0249225 3.62719e-21)
(1.16023 -0.0249083 -4.74244e-21)
(1.1611 -0.0248941 2.13383e-21)
(1.16197 -0.0248795 1.97609e-22)
(1.15445 -0.0293529 3.5236e-21)
(1.15538 -0.0293356 -3.3982e-21)
(1.15629 -0.0293186 2.87842e-21)
(1.15721 -0.0293017 -8.67972e-22)
(1.15812 -0.0292851 1.91398e-21)
(1.15902 -0.0292686 1.36639e-21)
(1.15992 -0.0292521 1.22986e-21)
(1.16082 -0.0292358 -2.8215e-21)
(1.16171 -0.0292194 3.31134e-21)
(1.16259 -0.029203 -2.56152e-21)
(1.16347 -0.0291862 7.38889e-22)
(1.15595 -0.0336372 -2.21467e-21)
(1.1569 -0.0336169 1.73292e-21)
(1.15783 -0.033597 5.18588e-22)
(1.15877 -0.0335774 -1.89504e-21)
(1.1597 -0.033558 -5.48849e-22)
(1.16062 -0.0335389 1.48367e-21)
(1.16154 -0.03352 -1.60618e-21)
(1.16246 -0.0335012 -4.39316e-21)
(1.16337 -0.0334825 -1.52341e-21)
(1.16428 -0.0334638 2.59283e-21)
(1.16518 -0.0334448 5.34822e-22)
(1.15761 -0.0378811 -2.96909e-21)
(1.15858 -0.0378578 6.52224e-21)
(1.15954 -0.0378348 -1.1455e-21)
(1.16049 -0.0378123 -2.53063e-21)
(1.16145 -0.0377902 4.47443e-21)
(1.16239 -0.0377684 -3.11575e-21)
(1.16334 -0.0377468 -3.62072e-22)
(1.16428 -0.0377255 3.91216e-21)
(1.16521 -0.0377044 2.44518e-21)
(1.16614 -0.0376834 -1.69657e-21)
(1.16706 -0.0376622 4.46815e-22)
(1.15941 -0.0420906 -6.97623e-22)
(1.1604 -0.0420639 -5.17794e-22)
(1.16139 -0.0420377 -1.67726e-21)
(1.16237 -0.0420121 2.55561e-21)
(1.16335 -0.0419869 3.76973e-22)
(1.16432 -0.0419622 3.97092e-21)
(1.16529 -0.0419379 9.65075e-22)
(1.16626 -0.0419139 -3.82734e-21)
(1.16722 -0.0418902 -1.92963e-21)
(1.16817 -0.0418668 -9.2497e-22)
(1.16912 -0.0418432 -2.84953e-21)
(1.16135 -0.0462703 -1.37495e-21)
(1.16237 -0.0462399 -3.6105e-22)
(1.16339 -0.0462102 3.07693e-21)
(1.1644 -0.0461811 -6.35107e-21)
(1.1654 -0.0461527 1.83179e-21)
(1.1664 -0.0461249 3.68893e-21)
(1.1674 -0.0460976 1.63326e-21)
(1.16839 -0.0460707 4.89401e-21)
(1.16938 -0.0460443 8.85423e-21)
(1.17036 -0.0460182 -6.82123e-21)
(1.17133 -0.0459921 4.85849e-21)
(1.16342 -0.0504243 -1.90572e-21)
(1.16447 -0.05039 -2.68987e-22)
(1.16551 -0.0503564 -2.06081e-21)
(1.16655 -0.0503237 -6.96054e-21)
(1.16759 -0.0502917 7.36054e-22)
(1.16862 -0.0502604 -7.04543e-21)
(1.16964 -0.0502298 -1.93025e-22)
(1.17067 -0.0501998 -1.77868e-21)
(1.17168 -0.0501704 -5.13254e-21)
(1.1727 -0.0501415 1.15397e-20)
(1.1737 -0.0501126 -4.7446e-21)
(1.16561 -0.0545563 1.18278e-20)
(1.16669 -0.0545176 -9.83272e-21)
(1.16777 -0.0544798 9.23031e-21)
(1.16884 -0.054443 4.04784e-21)
(1.1699 -0.0544071 1.08473e-21)
(1.17096 -0.054372 -2.59249e-21)
(1.17202 -0.0543378 -3.39026e-21)
(1.17308 -0.0543043 -9.67629e-22)
(1.17412 -0.0542715 -3.89624e-21)
(1.17517 -0.0542395 -5.47998e-21)
(1.1762 -0.0542076 5.89513e-22)
(1.16791 -0.0586693 -1.02444e-20)
(1.16902 -0.0586257 3.03731e-21)
(1.17013 -0.0585832 -3.59093e-21)
(1.17124 -0.0585419 1.56697e-21)
(1.17233 -0.0585016 1.04379e-20)
(1.17343 -0.0584623 -4.20117e-21)
(1.17452 -0.0584241 1.08974e-21)
(1.17561 -0.0583867 -6.19095e-21)
(1.17669 -0.0583503 3.39275e-21)
(1.17777 -0.0583147 -3.89107e-21)
(1.17884 -0.0582793 6.7102e-21)
(1.17032 -0.0627656 1.35116e-20)
(1.17147 -0.0627166 -7.75761e-21)
(1.17261 -0.062669 8.44977e-21)
(1.17375 -0.0626226 -2.82589e-21)
(1.17488 -0.0625774 -7.13882e-21)
(1.17601 -0.0625335 -1.13624e-21)
(1.17714 -0.0624907 -2.38849e-21)
(1.17826 -0.062449 3.30445e-21)
(1.17938 -0.0624084 -6.93136e-21)
(1.18049 -0.0623688 7.5641e-21)
(1.1816 -0.0623297 -1.41114e-21)
(1.17282 -0.0668471 -6.12401e-21)
(1.17401 -0.0667922 8.11163e-21)
(1.17518 -0.0667388 -5.8071e-21)
(1.17636 -0.0666868 -1.15397e-21)
(1.17753 -0.0666362 -4.07397e-22)
(1.1787 -0.066587 1.2001e-21)
(1.17986 -0.0665392 1.01229e-20)
(1.18102 -0.0664926 4.14169e-21)
(1.18218 -0.0664473 2.26105e-21)
(1.18333 -0.0664032 -4.83841e-21)
(1.18447 -0.0663597 1.84197e-21)
(1.17542 -0.0709155 4.0477e-22)
(1.17664 -0.0708539 1.19803e-21)
(1.17786 -0.070794 9.91134e-22)
(1.17907 -0.0707358 5.84025e-21)
(1.18028 -0.0706791 2.02616e-21)
(1.18148 -0.070624 1.58447e-21)
(1.18268 -0.0705704 1.50125e-21)
(1.18388 -0.0705183 -6.42212e-21)
(1.18508 -0.0704677 -1.2402e-21)
(1.18627 -0.0704185 9.29472e-21)
(1.18744 -0.0703701 -1.27191e-20)
(1.1781 -0.0749715 5.14433e-22)
(1.17936 -0.0749026 -8.70957e-21)
(1.18062 -0.0748355 -4.24886e-21)
(1.18187 -0.0747702 1.61919e-21)
(1.18312 -0.0747067 4.73323e-21)
(1.18436 -0.074645 1.80754e-21)
(1.1856 -0.074585 -9.62304e-21)
(1.18684 -0.0745266 -4.08477e-21)
(1.18807 -0.07447 2.09797e-21)
(1.1893 -0.074415 -3.09864e-21)
(1.19052 -0.074361 1.09718e-20)
(1.18087 -0.0790158 -2.9497e-21)
(1.18217 -0.0789387 6.26664e-21)
(1.18346 -0.0788635 -4.16356e-21)
(1.18475 -0.0787904 -6.65089e-21)
(1.18604 -0.0787192 1.26645e-21)
(1.18733 -0.07865 2.56216e-21)
(1.18861 -0.0785828 -1.16916e-21)
(1.18989 -0.0785175 4.50416e-21)
(1.19116 -0.078454 6.97564e-21)
(1.19243 -0.0783924 -7.5696e-21)
(1.19369 -0.078332 3.50229e-21)
(1.18371 -0.0830486 -6.47113e-21)
(1.18505 -0.0829622 3.97526e-21)
(1.18638 -0.0828781 7.47478e-22)
(1.18772 -0.0827962 -1.35575e-21)
(1.18905 -0.0827164 -4.74998e-21)
(1.19037 -0.0826389 1.04856e-21)
(1.1917 -0.0825635 7.98867e-21)
(1.19302 -0.0824902 -3.8968e-21)
(1.19433 -0.082419 -9.09704e-21)
(1.19565 -0.08235 -4.08565e-22)
(1.19695 -0.0822824 -1.73706e-20)
(1.18662 -0.0870695 -5.84818e-21)
(1.188 -0.0869729 -4.18902e-21)
(1.18938 -0.0868787 -7.8553e-21)
(1.19076 -0.0867869 6.11373e-21)
(1.19213 -0.0866976 3.84205e-22)
(1.1935 -0.0866106 5.85678e-21)
(1.19487 -0.0865261 -9.04931e-21)
(1.19623 -0.0864438 4.34387e-21)
(1.19759 -0.086364 1.41325e-20)
(1.19894 -0.0862865 9.28762e-21)
(1.20028 -0.0862106 1.8488e-20)
(1.1896 -0.0910777 7.20724e-21)
(1.19102 -0.0909697 -7.07279e-21)
(1.19245 -0.0908644 1.69021e-20)
(1.19387 -0.0907616 -4.20214e-21)
(1.19528 -0.0906615 -4.99155e-21)
(1.1967 -0.0905641 1.12538e-20)
(1.19811 -0.0904692 4.70166e-21)
(1.19951 -0.0903769 -9.60989e-21)
(1.20091 -0.0902872 -5.87549e-21)
(1.20231 -0.0902002 -8.6182e-21)
(1.2037 -0.090115 -3.10038e-21)
(1.19264 -0.0950723 -1.12859e-20)
(1.19411 -0.0949516 1.65048e-21)
(1.19558 -0.0948338 -6.68335e-21)
(1.19704 -0.0947188 1.22718e-21)
(1.1985 -0.0946067 1.59671e-21)
(1.19996 -0.0944974 -1.30575e-20)
(1.20141 -0.094391 -5.146e-21)
(1.20287 -0.0942875 1.34565e-20)
(1.20431 -0.0941868 2.67598e-21)
(1.20576 -0.094089 2.65886e-21)
(1.20718 -0.0939933 -5.11008e-22)
(1.19575 -0.0990516 1.44271e-20)
(1.19726 -0.0989168 1.04836e-20)
(1.19878 -0.0987852 -4.07508e-21)
(1.20028 -0.0986566 -1.05744e-20)
(1.20179 -0.0985311 -3.28403e-22)
(1.20329 -0.0984086 -7.4163e-21)
(1.20479 -0.0982893 -3.89438e-21)
(1.20628 -0.0981731 -4.02925e-21)
(1.20777 -0.09806 -3.37558e-21)
(1.20926 -0.0979501 8.17161e-21)
(1.21073 -0.0978427 3.30513e-21)
(1.19891 -0.103014 3.60987e-21)
(1.20047 -0.102863 6.80885e-22)
(1.20203 -0.102716 7.74984e-21)
(1.20358 -0.102573 6.88925e-21)
(1.20513 -0.102432 9.68809e-22)
(1.20668 -0.102295 1.44096e-20)
(1.20822 -0.102161 1.30299e-20)
(1.20976 -0.102031 -1.05384e-20)
(1.2113 -0.101904 7.42964e-21)
(1.21283 -0.101781 9.9034e-21)
(1.21434 -0.10166 2.24069e-22)
(1.20213 -0.106956 -9.72841e-22)
(1.20374 -0.106789 -5.49572e-21)
(1.20534 -0.106625 -3.54504e-21)
(1.20694 -0.106464 -9.01679e-21)
(1.20853 -0.106307 1.35146e-20)
(1.21013 -0.106154 -1.73268e-20)
(1.21171 -0.106004 -1.24239e-20)
(1.2133 -0.105858 -1.77839e-20)
(1.21488 -0.105715 -2.20198e-21)
(1.21646 -0.105577 -4.13197e-20)
(1.21801 -0.105441 -2.24224e-21)
(1.20541 -0.110877 2.64857e-21)
(1.20706 -0.11069 -9.85336e-22)
(1.2087 -0.110507 -2.93589e-22)
(1.21035 -0.110328 -2.77835e-21)
(1.21199 -0.110152 -4.18586e-21)
(1.21363 -0.109981 1.08248e-20)
(1.21526 -0.109813 7.91909e-21)
(1.21689 -0.109649 4.93539e-20)
(1.21851 -0.10949 2.19725e-21)
(1.22014 -0.109334 9.31176e-21)
(1.22173 -0.109182 -1.04894e-20)
(1.20873 -0.114772 -2.12226e-20)
(1.21043 -0.114564 -6.26517e-21)
(1.21212 -0.11436 2.761e-21)
(1.21381 -0.11416 -1.11065e-20)
(1.2155 -0.113964 -8.4775e-21)
(1.21718 -0.113773 -7.39734e-21)
(1.21886 -0.113585 -1.69278e-20)
(1.22053 -0.113402 -2.08124e-20)
(1.2222 -0.113223 -3.58827e-21)
(1.22387 -0.113049 3.57855e-22)
(1.2255 -0.112878 1.04474e-20)
(1.2121 -0.118637 2.00942e-20)
(1.21385 -0.118406 1.02832e-20)
(1.21558 -0.118179 1.00398e-21)
(1.21732 -0.117957 -6.21699e-21)
(1.21905 -0.117738 2.79369e-20)
(1.22078 -0.117525 6.05818e-21)
(1.2225 -0.117315 2.90392e-20)
(1.22422 -0.117111 1.62545e-21)
(1.22593 -0.116911 -1.28195e-20)
(1.22764 -0.116715 -3.98766e-21)
(1.22932 -0.116524 -4.35946e-21)
(1.21552 -0.12247 -1.30171e-20)
(1.21731 -0.122213 -8.40775e-21)
(1.2191 -0.121961 2.17306e-20)
(1.22088 -0.121713 1.49486e-21)
(1.22265 -0.12147 -3.00029e-21)
(1.22442 -0.121232 -1.8795e-20)
(1.22619 -0.120999 1.00166e-20)
(1.22795 -0.12077 -5.00086e-21)
(1.2297 -0.120547 2.54715e-20)
(1.23146 -0.120328 -2.78389e-21)
(1.23318 -0.120115 1.81844e-20)
(1.21899 -0.126265 -6.48596e-21)
(1.22082 -0.12598 8.45543e-22)
(1.22265 -0.1257 -3.09582e-20)
(1.22448 -0.125425 2.79346e-20)
(1.22629 -0.125155 -2.04283e-20)
(1.22811 -0.124889 4.72857e-20)
(1.22992 -0.124629 -4.4344e-20)
(1.23172 -0.124375 2.10143e-20)
(1.23352 -0.124125 -3.48417e-20)
(1.23531 -0.123881 4.57349e-20)
(1.23707 -0.123643 -2.19071e-20)
(1.2225 -0.130018 -1.16155e-20)
(1.22438 -0.129703 -4.77954e-21)
(1.22625 -0.129392 3.87267e-20)
(1.22812 -0.129086 -3.26297e-20)
(1.22998 -0.128786 2.35282e-20)
(1.23184 -0.128491 -4.64324e-20)
(1.23369 -0.128202 4.17371e-20)
(1.23553 -0.127918 -2.10366e-20)
(1.23737 -0.12764 3.33761e-20)
(1.2392 -0.127368 -6.0228e-20)
(1.241 -0.127103 -1.28889e-20)
(1.22606 -0.133724 1.49379e-20)
(1.22798 -0.133374 8.3484e-22)
(1.2299 -0.13303 -2.52013e-20)
(1.23181 -0.132691 2.88501e-20)
(1.23371 -0.132358 -2.13007e-20)
(1.23561 -0.132031 3.61208e-20)
(1.2375 -0.131709 -5.73152e-20)
(1.23938 -0.131394 -1.17019e-20)
(1.24126 -0.131085 -1.93064e-20)
(1.24313 -0.130782 3.17286e-20)
(1.24496 -0.130488 4.13101e-21)
(1.22966 -0.137376 9.92769e-22)
(1.23162 -0.13699 -1.98323e-20)
(1.23358 -0.136609 4.29169e-22)
(1.23553 -0.136234 -4.62313e-20)
(1.23748 -0.135865 7.15637e-21)
(1.23941 -0.135502 -8.12039e-21)
(1.24134 -0.135145 5.60635e-20)
(1.24326 -0.134795 4.28391e-20)
(1.24518 -0.134452 -8.89191e-21)
(1.24709 -0.134116 -2.49857e-20)
(1.24896 -0.133789 1.34967e-20)
(1.23331 -0.14097 -1.74174e-20)
(1.23531 -0.140543 3.11908e-20)
(1.23731 -0.140122 1.45722e-20)
(1.2393 -0.139707 2.07768e-21)
(1.24128 -0.139299 -3.15604e-21)
(1.24326 -0.138897 -2.95031e-20)
(1.24523 -0.138503 2.38477e-21)
(1.24719 -0.138115 -4.64114e-20)
(1.24914 -0.137735 5.39367e-21)
(1.25108 -0.137363 2.65136e-20)
(1.25299 -0.137 -1.08944e-20)
(1.237 -0.144499 1.58586e-20)
(1.23904 -0.144028 -2.27599e-20)
(1.24108 -0.143564 -1.54815e-20)
(1.24311 -0.143106 3.66829e-20)
(1.24513 -0.142655 2.76074e-20)
(1.24715 -0.142211 5.62236e-21)
(1.24915 -0.141775 -6.80671e-20)
(1.25115 -0.141346 4.07836e-20)
(1.25313 -0.140926 5.03224e-20)
(1.25512 -0.140513 -8.54198e-21)
(1.25705 -0.140113 6.98766e-21)
(1.24074 -0.147957 1.07895e-20)
(1.24283 -0.147438 3.25238e-20)
(1.2449 -0.146927 1.31163e-20)
(1.24697 -0.146422 -6.48164e-21)
(1.24903 -0.145925 -3.95801e-20)
(1.25108 -0.145435 2.10258e-20)
(1.25312 -0.144954 4.66814e-20)
(1.25515 -0.14448 -2.87357e-20)
(1.25717 -0.144016 -1.20004e-20)
(1.25919 -0.14356 4.36649e-20)
(1.26116 -0.143118 -8.02008e-21)
(1.24453 -0.151338 1.18258e-20)
(1.24666 -0.150768 6.4455e-21)
(1.24877 -0.150205 -2.20561e-20)
(1.25088 -0.14965 -3.58083e-20)
(1.25298 -0.149102 2.41415e-20)
(1.25506 -0.148563 -4.53125e-21)
(1.25714 -0.148032 3.25382e-21)
(1.25921 -0.14751 2.43091e-20)
(1.26127 -0.146998 -2.69101e-20)
(1.26333 -0.146494 -3.31791e-20)
(1.26533 -0.146005 2.17938e-20)
(1.24838 -0.154637 -1.1987e-20)
(1.25055 -0.154011 -1.35944e-20)
(1.25271 -0.153393 -1.40067e-20)
(1.25485 -0.152783 7.19176e-20)
(1.25699 -0.152181 1.87069e-20)
(1.25911 -0.151587 -1.40057e-20)
(1.26123 -0.151003 3.09928e-20)
(1.26334 -0.150428 -1.29527e-21)
(1.26543 -0.149862 -1.57924e-20)
(1.26752 -0.149304 -2.14422e-20)
(1.26956 -0.148763 -9.48438e-21)
(1.2523 -0.157847 2.67612e-20)
(1.25451 -0.157162 -5.48864e-20)
(1.25671 -0.156484 3.6912e-20)
(1.2589 -0.155815 -1.37408e-20)
(1.26107 -0.155154 -2.96552e-20)
(1.26324 -0.154502 5.71353e-20)
(1.26539 -0.153858 -2.23276e-20)
(1.26754 -0.153223 -6.17284e-21)
(1.26967 -0.152597 4.47772e-20)
(1.27179 -0.151977 1.77616e-20)
(1.27386 -0.151375 -5.38002e-21)
(1.25631 -0.160966 6.27373e-21)
(1.25856 -0.160217 2.99197e-20)
(1.2608 -0.159475 -3.43303e-20)
(1.26303 -0.158741 -5.76497e-20)
(1.26525 -0.158016 -3.07766e-20)
(1.26745 -0.157298 -8.44316e-20)
(1.26965 -0.156588 -4.34056e-20)
(1.27183 -0.155885 -4.18112e-20)
(1.27399 -0.155188 -7.91069e-20)
(1.27614 -0.154495 -5.51029e-21)
(1.27823 -0.153818 4.12356e-20)
(1.25809 -0.164815 4.41786e-21)
(1.2604 -0.163989 -3.8882e-20)
(1.2627 -0.16317 2.78145e-20)
(1.26499 -0.162359 1.36376e-20)
(1.26726 -0.161555 4.43151e-20)
(1.26952 -0.160757 1.00122e-20)
(1.27177 -0.159966 6.85372e-20)
(1.274 -0.15918 6.19294e-20)
(1.27621 -0.158397 5.1663e-20)
(1.2784 -0.157617 5.01742e-20)
(1.28056 -0.156832 5.0732e-20)
(1.28264 -0.156063 -3.28176e-20)
(1.26225 -0.167812 1.44645e-20)
(1.26461 -0.166911 -9.29698e-21)
(1.26696 -0.166018 -6.34852e-20)
(1.26929 -0.16513 5.29221e-20)
(1.27161 -0.164247 -1.5728e-20)
(1.27391 -0.163369 4.91201e-20)
(1.27619 -0.162493 -7.81135e-22)
(1.27844 -0.161617 -7.79011e-20)
(1.28067 -0.160739 2.89735e-20)
(1.28285 -0.159855 -3.67547e-20)
(1.28498 -0.158957 -5.15452e-21)
(1.28703 -0.158069 -4.94313e-20)
(1.26653 -0.170709 3.00931e-21)
(1.26894 -0.169728 -1.38684e-20)
(1.27133 -0.168752 4.40834e-20)
(1.27371 -0.167779 1.80271e-20)
(1.27606 -0.166807 3.14897e-20)
(1.27839 -0.165835 -7.87013e-20)
(1.28068 -0.164859 -4.34623e-21)
(1.28294 -0.163876 2.92706e-20)
(1.28514 -0.162881 -9.85706e-21)
(1.28729 -0.161869 9.08144e-20)
(1.28934 -0.160825 -3.33003e-21)
(1.2913 -0.159784 7.57812e-20)
(1.27094 -0.1735 -3.83386e-20)
(1.27339 -0.17243 8.12373e-21)
(1.27582 -0.171361 6.46124e-21)
(1.27823 -0.170291 -7.34885e-21)
(1.2806 -0.169217 -4.64169e-20)
(1.28293 -0.168135 1.49113e-20)
(1.28521 -0.16704 -4.17356e-20)
(1.28742 -0.165927 1.40939e-20)
(1.28955 -0.164786 -3.59952e-20)
(1.29159 -0.163613 -1.90644e-20)
(1.29347 -0.162382 -5.95916e-20)
(1.29525 -0.161145 -6.22788e-20)
(1.27546 -0.176173 -1.61092e-20)
(1.27795 -0.175003 1.70133e-20)
(1.2804 -0.17383 1.69055e-20)
(1.2828 -0.172648 -7.68743e-21)
(1.28516 -0.171454 3.04589e-21)
(1.28745 -0.170241 5.47393e-20)
(1.28966 -0.169003 4.38834e-21)
(1.29177 -0.167729 2.66957e-20)
(1.29375 -0.166409 2.04508e-20)
(1.29558 -0.165032 -3.07533e-20)
(1.29717 -0.163562 4.47123e-20)
(1.28007 -0.178712 8.59235e-20)
(1.28255 -0.177429 8.60131e-21)
(1.28499 -0.176134 -5.90611e-20)
(1.28736 -0.174823 -3.71865e-20)
(1.28964 -0.173488 -3.29277e-21)
(1.29183 -0.172119 -3.52364e-20)
(1.29389 -0.170707 -1.02317e-20)
(1.2958 -0.169237 -1.48902e-20)
(1.29751 -0.167692 -1.61964e-20)
(1.299 -0.166058 -7.30882e-20)
(1.30011 -0.164284 -4.11851e-20)
(1.28468 -0.181092 3.66298e-21)
(1.28712 -0.17968 -2.4683e-20)
(1.28949 -0.178247 9.73209e-21)
(1.29175 -0.176784 -1.94347e-20)
(1.2939 -0.175282 1.32583e-20)
(1.29589 -0.173727 -3.11358e-20)
(1.29769 -0.172103 9.33896e-20)
(1.29926 -0.170391 1.95991e-20)
(1.30053 -0.168567 4.29145e-20)
(1.30149 -0.166609 5.42963e-20)
(1.30188 -0.164449 7.86355e-20)
(1.28919 -0.183286 -9.83209e-20)
(1.29153 -0.181726 9.73555e-22)
(1.29375 -0.180132 2.70384e-21)
(1.29582 -0.178492 -7.06447e-21)
(1.29771 -0.176792 8.55806e-21)
(1.29937 -0.175012 1.32079e-20)
(1.30076 -0.17313 -1.02773e-20)
(1.30182 -0.171121 -3.06785e-20)
(1.30243 -0.168948 -5.38035e-20)
(1.30259 -0.166585 -1.75953e-20)
(1.30193 -0.163942 -2.41314e-20)
(1.29345 -0.185257 2.77368e-20)
(1.29559 -0.183528 -5.62719e-21)
(1.29756 -0.181748 7.49821e-21)
(1.29931 -0.1799 4.4319e-20)
(1.3008 -0.177962 8.12553e-21)
(1.30197 -0.175911 5.6058e-20)
(1.30273 -0.173714 1.00868e-20)
(1.30301 -0.171336 3.49808e-20)
(1.30267 -0.168732 4.4416e-20)
(1.30168 -0.165866 1.66927e-20)
(1.29954 -0.16263 -5.80556e-20)
(1.29725 -0.186962 3.2901e-20)
(1.29908 -0.185037 1.35011e-20)
(1.30066 -0.183038 3.18961e-20)
(1.30193 -0.180941 3.52073e-21)
(1.30282 -0.178719 -8.63616e-20)
(1.30325 -0.176336 -4.17812e-20)
(1.3031 -0.173754 -8.51302e-20)
(1.30227 -0.170926 -5.99165e-20)
(1.30056 -0.167798 -4.00443e-20)
(1.29796 -0.164323 7.86256e-20)
(1.2938 -0.160384 -6.22114e-20)
(1.30035 -0.188347 -6.50682e-20)
(1.30171 -0.18619 -1.12742e-20)
(1.30271 -0.183927 -8.42563e-20)
(1.30327 -0.181528 1.23823e-20)
(1.30329 -0.178956 1.19861e-19)
(1.30264 -0.176169 1.74885e-20)
(1.3012 -0.173118 2.67256e-20)
(1.2988 -0.169749 -2.4549e-20)
(1.29522 -0.166 7.71246e-20)
(1.29043 -0.161818 -2.40955e-20)
(1.28361 -0.157086 3.70511e-20)
(1.30245 -0.189339 2.65509e-20)
(1.30313 -0.186902 -1.39336e-20)
(1.30329 -0.184318 7.17156e-20)
(1.30282 -0.18155 2.70726e-20)
(1.30159 -0.178551 -1.28815e-19)
(1.29944 -0.175272 4.48862e-21)
(1.29619 -0.171657 1.36398e-20)
(1.29165 -0.167649 7.53847e-20)
(1.28557 -0.163188 -1.093e-19)
(1.27788 -0.158221 -9.51914e-20)
(1.26769 -0.152653 1.14485e-19)
(1.30314 -0.189828 4.37119e-20)
(1.30283 -0.187049 -2.14778e-20)
(1.30181 -0.184075 -6.45688e-20)
(1.2999 -0.180859 3.14956e-20)
(1.29695 -0.177351 3.01869e-20)
(1.29275 -0.173495 1.97444e-20)
(1.28708 -0.169236 -1.36676e-20)
(1.27973 -0.164517 -5.72444e-20)
(1.2704 -0.159289 6.17145e-20)
(1.25904 -0.153511 3.99487e-20)
(1.24471 -0.147134 -1.03137e-19)
(1.30188 -0.189654 1.02968e-20)
(1.3002 -0.186446 1.3126e-19)
(1.29751 -0.182989 9.42216e-20)
(1.29363 -0.179232 -1.34494e-19)
(1.28835 -0.175124 -9.90355e-21)
(1.28143 -0.170616 -5.5176e-20)
(1.27263 -0.16566 -1.55745e-20)
(1.2617 -0.160216 2.45346e-20)
(1.24838 -0.154258 -8.47335e-20)
(1.2326 -0.14777 -1.65096e-20)
(1.21347 -0.140767 4.89984e-20)
(1.29803 -0.188646 5.15688e-20)
(1.29445 -0.184904 -1.2356e-20)
(1.28951 -0.180852 -7.55503e-20)
(1.28299 -0.176442 1.42901e-19)
(1.27463 -0.171632 3.82035e-20)
(1.26418 -0.166387 1.39891e-20)
(1.2514 -0.160686 -2.70503e-21)
(1.23605 -0.154525 -5.78051e-20)
(1.21792 -0.147929 4.19746e-20)
(1.19699 -0.140944 8.65046e-20)
(1.17257 -0.133681 3.4476e-20)
(1.2908 -0.186657 -6.02135e-20)
(1.28472 -0.182288 -1.00691e-20)
(1.27686 -0.177555 4.98342e-20)
(1.26695 -0.17242 -1.19349e-19)
(1.25474 -0.166856 4.54732e-21)
(1.23995 -0.160853 9.31093e-20)
(1.22235 -0.154425 -8.76532e-20)
(1.20174 -0.14762 -3.39776e-21)
(1.178 -0.140531 1.20616e-19)
(1.15117 -0.133303 -4.23805e-20)
(1.12093 -0.1262 -5.59078e-20)
(1.27912 -0.183362 -7.4794e-20)
(1.26981 -0.178288 -6.74378e-20)
(1.25827 -0.172828 -6.7554e-20)
(1.24422 -0.16697 -1.8254e-20)
(1.2274 -0.16072 6.92247e-20)
(1.20757 -0.154115 -8.42722e-20)
(1.18455 -0.147225 5.40188e-20)
(1.15824 -0.140169 -1.43604e-20)
(1.12858 -0.133127 -1.13073e-20)
(1.09571 -0.126349 -1.36811e-20)
(1.05964 -0.120235 -2.61092e-20)
(1.26164 -0.178123 -2.48923e-20)
(1.24825 -0.172188 7.12653e-20)
(1.23212 -0.165885 2.02809e-20)
(1.21301 -0.159245 -2.26291e-20)
(1.19069 -0.152337 -6.18154e-20)
(1.16501 -0.145276 7.58739e-20)
(1.13592 -0.138237 4.16412e-20)
(1.10346 -0.131472 -4.33564e-20)
(1.06782 -0.125327 -1.38589e-20)
(1.02933 -0.120266 2.22916e-20)
(0.988514 -0.116899 5.01299e-20)
(1.23761 -0.170993 6.1972e-20)
(1.21925 -0.164033 -8.20072e-20)
(1.19763 -0.15673 -1.20479e-20)
(1.17253 -0.149164 1.83757e-19)
(1.14379 -0.141468 -8.11834e-21)
(1.11134 -0.133837 -2.57786e-20)
(1.0752 -0.126549 6.01228e-20)
(1.03556 -0.119991 2.25841e-20)
(0.992729 -0.114701 -1.50455e-19)
(0.94728 -0.111418 -3.24457e-20)
(0.900231 -0.111135 2.69561e-20)
)
;

boundaryField
{
    inlet
    {
        type            uniformFixedValue;
        uniformValue    constant (1 0 0);
        value           nonuniform 0();
    }
    outlet
    {
        type            pressureInletOutletVelocity;
        value           nonuniform 0();
    }
    cylinder
    {
        type            fixedValue;
        value           nonuniform 0();
    }
    top
    {
        type            symmetryPlane;
    }
    bottom
    {
        type            symmetryPlane;
    }
    defaultFaces
    {
        type            empty;
    }
    procBoundary9to8
    {
        type            processor;
        value           nonuniform List<vector> 
132
(
(1.19939 -0.16212 -2.03134e-20)
(1.19939 -0.16212 -2.03134e-20)
(1.12113 -0.149485 6.91067e-20)
(1.12113 -0.149485 6.91067e-20)
(1.01226 -0.127553 -3.37723e-20)
(1.01226 -0.127553 -3.37723e-20)
(0.88188 -0.105488 -1.28135e-20)
(0.88188 -0.105488 -1.28135e-20)
(0.738421 -0.0832326 8.3273e-20)
(0.687396 -0.076242 -1.25023e-19)
(0.687396 -0.076242 -1.25023e-19)
(0.544633 -0.0589288 -1.09514e-20)
(0.544633 -0.0589288 -1.09514e-20)
(0.413262 -0.0463654 4.82912e-20)
(0.413262 -0.0463654 4.82912e-20)
(0.298964 -0.0388 4.40504e-20)
(0.264271 -0.0379142 1.76306e-19)
(0.264271 -0.0379142 1.76306e-19)
(0.176589 -0.0360472 -1.41403e-19)
(0.151238 -0.0367517 2.96496e-19)
(0.151238 -0.0367517 2.96496e-19)
(0.0885004 -0.0385246 4.39823e-20)
(0.0885004 -0.0385246 4.39823e-20)
(0.0413701 -0.0416449 -1.58408e-19)
(0.029116 -0.0434487 -8.59176e-20)
(0.029116 -0.0434487 -8.59176e-20)
(-0.000826749 -0.0469432 -6.85215e-20)
(-0.00810009 -0.0486292 9.53899e-20)
(-0.00810009 -0.0486292 9.53899e-20)
(-0.0252063 -0.0512445 -5.19906e-19)
(-0.0290041 -0.052554 2.79494e-19)
(-0.0290041 -0.052554 2.79494e-19)
(-0.0368002 -0.0534513 1.77317e-19)
(-0.0382974 -0.0542775 7.20903e-20)
(-0.0394117 -0.0549068 -3.69566e-21)
(-0.0394117 -0.0549068 -3.69566e-21)
(-0.0395883 -0.0532756 1.37971e-19)
(-0.0394414 -0.0534384 4.90242e-20)
(-0.0394414 -0.0534384 4.90242e-20)
(-0.0356192 -0.0493359 -5.81834e-22)
(-0.0348035 -0.0491115 9.33205e-20)
(-0.0338894 -0.0487399 -1.00925e-19)
(-0.0338894 -0.0487399 -1.00925e-19)
(-0.0274445 -0.0419995 -1.06641e-19)
(-0.0263517 -0.0413955 -7.57021e-20)
(-0.0252318 -0.0406786 9.64654e-20)
(-0.0240946 -0.0398521 5.57636e-20)
(-0.0240946 -0.0398521 5.57636e-20)
(-0.0169172 -0.0309307 6.50239e-20)
(-0.0159364 -0.0300923 -1.15795e-19)
(-0.0149691 -0.0291774 5.59825e-20)
(-0.0140205 -0.0281883 7.46954e-20)
(-0.0140205 -0.0281883 7.46954e-20)
(-0.00770371 -0.0180911 1.50414e-20)
(-0.00707688 -0.0173334 -4.08164e-20)
(-0.00647351 -0.0165324 1.44183e-19)
(-0.00589594 -0.0156896 -1.48841e-20)
(-0.00534634 -0.0148067 -6.0393e-21)
(-0.00534634 -0.0148067 -6.0393e-21)
(-0.00151138 -0.00525716 -1.28261e-19)
(-0.00132158 -0.00489456 4.07993e-20)
(-0.00114491 -0.00451913 1.82168e-20)
(-0.000982015 -0.00413163 5.63859e-22)
(-0.000833481 -0.0037329 -2.65193e-20)
(-0.000699859 -0.00332382 4.47476e-20)
(-0.000581658 -0.0029054 -5.08949e-20)
(-0.000479338 -0.00247867 1.99993e-20)
(-0.000393306 -0.00204476 -2.02078e-20)
(-0.00032391 -0.00160485 8.98352e-21)
(-0.000271439 -0.0011602 1.12219e-20)
(1.14942 -0.00240348 -1.33683e-21)
(1.14973 -0.0070656 6.66687e-22)
(1.15026 -0.0116779 -5.1279e-21)
(1.15101 -0.0161899 4.76804e-21)
(1.15101 -0.0161899 4.76804e-21)
(1.15108 -0.0206502 6.17381e-22)
(1.15221 -0.0250369 -7.72083e-22)
(1.15353 -0.0293705 5.408e-21)
(1.15501 -0.0336579 -1.60753e-21)
(1.15664 -0.0379051 -5.55178e-22)
(1.15842 -0.042118 -2.66103e-22)
(1.16033 -0.0463014 2.51059e-21)
(1.16237 -0.0504596 -4.0244e-22)
(1.16453 -0.0545962 -4.31403e-22)
(1.1668 -0.0587141 1.7466e-21)
(1.16917 -0.0628159 9.52545e-22)
(1.17164 -0.0669036 -5.28582e-21)
(1.1742 -0.0709787 -1.05667e-20)
(1.17684 -0.0750423 4.22866e-21)
(1.17957 -0.0790951 -1.42398e-21)
(1.18236 -0.0831372 8.72083e-21)
(1.18523 -0.0871685 -1.0556e-20)
(1.18817 -0.0911884 -2.36955e-21)
(1.19117 -0.0951958 -2.33931e-21)
(1.19423 -0.0991894 -2.37291e-21)
(1.19735 -0.103167 1.58009e-21)
(1.20052 -0.107127 -2.65946e-21)
(1.20375 -0.111067 4.5579e-21)
(1.20703 -0.114983 3.55897e-21)
(1.21036 -0.118873 -3.0589e-21)
(1.21373 -0.122731 -4.20395e-21)
(1.21715 -0.126555 2.16552e-21)
(1.22062 -0.130339 4.65413e-21)
(1.22413 -0.134079 2.45175e-20)
(1.22769 -0.137769 -2.65269e-20)
(1.23129 -0.141403 3.16945e-21)
(1.23494 -0.144976 1.13989e-20)
(1.23864 -0.148482 2.10183e-21)
(1.2424 -0.151915 -1.18082e-20)
(1.24621 -0.15527 -4.00332e-21)
(1.25009 -0.158541 -9.56334e-21)
(1.25404 -0.161724 2.14464e-20)
(1.25404 -0.161724 2.14464e-20)
(1.25577 -0.165649 -3.3949e-20)
(1.25988 -0.16872 1.51647e-20)
(1.26411 -0.171696 5.10252e-20)
(1.26846 -0.174574 -2.39832e-20)
(1.27295 -0.177342 2.9761e-20)
(1.27754 -0.179988 -3.7188e-20)
(1.28217 -0.18249 3.21692e-20)
(1.28676 -0.184821 -7.53777e-20)
(1.29116 -0.186948 1.00826e-19)
(1.29521 -0.188832 -8.97998e-20)
(1.29869 -0.190424 6.47375e-20)
(1.30135 -0.191663 -1.76566e-20)
(1.30284 -0.192453 3.71733e-22)
(1.30273 -0.192657 -1.1867e-20)
(1.30046 -0.192125 4.97373e-21)
(1.29536 -0.190706 4.36616e-20)
(1.28645 -0.188079 -7.89394e-20)
(1.27257 -0.183683 2.49214e-20)
(1.25298 -0.177568 2.11789e-20)
)
;
    }
    procBoundary9to10
    {
        type            processor;
        value           nonuniform List<vector> 
113
(
(0.640585 -0.124543 1.6009e-19)
(0.852729 -0.115233 1.0066e-19)
(0.640585 -0.124543 1.6009e-19)
(0.564418 -0.112888 -4.3905e-19)
(0.446725 -0.0582487 3.39543e-20)
(0.446725 -0.0582487 3.39543e-20)
(0.394142 -0.0471817 -5.23053e-20)
(0.295742 -0.035578 -3.69879e-19)
(0.295742 -0.035578 -3.69879e-19)
(0.256449 -0.0296912 3.53057e-19)
(0.17954 -0.0268544 -1.73886e-19)
(0.17954 -0.0268544 -1.73886e-19)
(0.151263 -0.0240971 -1.17085e-19)
(0.0954997 -0.0267361 -6.55048e-20)
(0.0954997 -0.0267361 -6.55048e-20)
(0.0761121 -0.0257437 3.80313e-21)
(0.0589266 -0.0250925 3.04753e-20)
(0.0249208 -0.0306629 3.77648e-21)
(0.0249208 -0.0306629 3.77648e-21)
(0.0137931 -0.0306625 -5.13321e-20)
(0.00407264 -0.0307971 -6.60818e-20)
(-0.0151317 -0.0365504 5.26825e-20)
(-0.0151317 -0.0365504 5.26825e-20)
(-0.0210341 -0.0366626 5.07547e-20)
(-0.0261176 -0.0367624 -4.06655e-20)
(-0.0356861 -0.0413755 -1.6366e-19)
(-0.0356861 -0.0413755 -1.6366e-19)
(-0.0384794 -0.0411104 2.31266e-19)
(-0.0408369 -0.0407466 -5.86714e-20)
(-0.0428262 -0.0402711 -1.36012e-19)
(-0.0452248 -0.0428471 9.06142e-20)
(-0.0452248 -0.0428471 9.06142e-20)
(-0.0460423 -0.0418548 -9.619e-20)
(-0.0466917 -0.0407209 -8.46091e-21)
(-0.0472056 -0.0394413 5.85212e-20)
(-0.0476117 -0.0380136 -1.00713e-19)
(-0.0453847 -0.0381812 -7.23128e-20)
(-0.0453847 -0.0381812 -7.23128e-20)
(-0.0452782 -0.0362743 3.99128e-21)
(-0.0451465 -0.0342315 -5.50536e-20)
(-0.0450008 -0.0320574 -1.26862e-20)
(-0.0448498 -0.0297577 -1.40261e-20)
(-0.0447003 -0.0273391 4.94981e-20)
(-0.0445575 -0.0248097 -4.19743e-20)
(-0.0444252 -0.0221783 -7.8266e-21)
(-0.039347 -0.0198933 7.60417e-20)
(-0.039347 -0.0198933 7.60417e-20)
(-0.0391095 -0.0170088 -5.71262e-20)
(-0.0389099 -0.0140596 1.50822e-20)
(-0.0387495 -0.0110568 -5.39061e-22)
(-0.038629 -0.00801181 -8.38226e-21)
(-0.0385488 -0.00493622 -6.47635e-21)
(1.1587 -0.00237583 -3.78057e-22)
(1.159 -0.0070166 -1.05653e-22)
(1.15958 -0.0116043 -3.67299e-22)
(1.16043 -0.0160885 6.25439e-22)
(1.16151 -0.0205128 -1.25733e-21)
(1.16283 -0.0248702 2.91132e-21)
(1.16435 -0.0291755 -2.25812e-21)
(1.16608 -0.0334325 1.3426e-21)
(1.16799 -0.0376483 -2.05414e-22)
(1.17007 -0.0418276 -7.40168e-22)
(1.17232 -0.0459746 -1.51007e-21)
(1.17471 -0.0500929 3.1704e-21)
(1.17725 -0.0541853 -7.15768e-21)
(1.17992 -0.0582542 1.14599e-20)
(1.18272 -0.0623011 -9.32277e-21)
(1.18563 -0.0663273 3.09396e-21)
(1.18865 -0.0703331 -6.06538e-21)
(1.19176 -0.0743188 2.12578e-21)
(1.19498 -0.0782837 5.12209e-21)
(1.19828 -0.082227 -1.13016e-21)
(1.20166 -0.0861472 -7.14317e-21)
(1.20512 -0.0900423 3.91505e-21)
(1.20865 -0.09391 1.05705e-20)
(1.21224 -0.0977473 -1.73958e-20)
(1.2159 -0.101551 7.13172e-21)
(1.21961 -0.105317 -1.6855e-20)
(1.22338 -0.10904 7.59353e-21)
(1.2272 -0.112717 2.35335e-20)
(1.23106 -0.116342 -3.28094e-21)
(1.23496 -0.119908 -3.62947e-20)
(1.23889 -0.123409 2.31293e-20)
(1.24286 -0.126839 -5.47616e-22)
(1.24687 -0.130191 2.0365e-21)
(1.2509 -0.133457 -1.92814e-20)
(1.25497 -0.136629 3.59755e-20)
(1.25907 -0.139698 -9.32243e-22)
(1.26322 -0.142655 -8.81053e-21)
(1.26743 -0.145489 -6.85951e-21)
(1.27169 -0.148182 4.0774e-20)
(1.27603 -0.150715 -4.90432e-21)
(1.2804 -0.153059 4.62991e-21)
(1.28478 -0.155174 -4.97126e-20)
(1.28907 -0.157008 -2.05701e-20)
(1.29311 -0.158496 1.92408e-20)
(1.29667 -0.159554 5.07676e-20)
(1.29864 -0.16207 -7.25857e-20)
(1.29864 -0.16207 -7.25857e-20)
(1.3011 -0.162464 9.32473e-20)
(1.30214 -0.16221 -1.08765e-19)
(1.30114 -0.161173 7.47485e-22)
(1.29726 -0.15921 4.91108e-21)
(1.28949 -0.15619 -1.13452e-21)
(1.27661 -0.152025 4.01686e-20)
(1.25728 -0.146697 -7.80042e-21)
(1.23013 -0.14036 5.7824e-21)
(1.19402 -0.133431 1.0199e-19)
(1.14779 -0.126313 -1.59444e-19)
(1.09043 -0.119465 5.64799e-20)
(1.02315 -0.115139 1.1851e-19)
(0.947065 -0.115769 -1.02163e-19)
(0.852729 -0.115233 1.0066e-19)
)
;
    }
    procBoundary9to24
    {
        type            processor;
        value           uniform (-0.000236113 -0.000712088 -2.84257e-21);
    }
    procBoundary9to25
    {
        type            processor;
        value           nonuniform List<vector> 9((-0.00419043 0.000748387 -4.0454e-21) (-0.00777101 0.0009429 -7.81418e-22) (-0.0120648 0.0010879 5.01312e-21) (-0.0168922 0.00118853 -6.26524e-21) (-0.0220836 0.00125024 1.05273e-21) (-0.0274943 0.00127861 -4.05508e-21) (-0.0330026 0.00127943 -8.53226e-21) (-0.00150808 -0.000690983 1.009e-22) (-0.00150808 -0.000690983 1.009e-22));
    }
    procBoundary9to26
    {
        type            processor;
        value           uniform (-0.0385092 -0.00184203 -6.63091e-21);
    }
}


// ************************************************************************* //
