/*--------------------------------*- C++ -*----------------------------------*\
  =========                 |
  \\      /  F ield         | OpenFOAM: The Open Source CFD Toolbox
   \\    /   O peration     | Website:  https://openfoam.org
    \\  /    A nd           | Version:  7
     \\/     M anipulation  |
\*---------------------------------------------------------------------------*/
FoamFile
{
    version     2.0;
    format      ascii;
    class       surfaceScalarField;
    location    "11";
    object      phi;
}
// * * * * * * * * * * * * * * * * * * * * * * * * * * * * * * * * * * * * * //

dimensions      [0 3 -1 0 0 0 0];

internalField   nonuniform List<scalar> 
1995
(
-0.00365655
-0.000552273
-0.000532616
-0.00350396
-0.0036066
-0.000582571
-0.000510318
-0.00335948
-0.000560774
-0.0034535
-0.003555
-0.000612368
-0.000486395
-0.00322463
-0.000536395
-0.00330948
-0.0005884
-0.0034015
-0.00350176
-0.000641647
-0.000510643
-0.00317528
-0.000561962
-0.00325816
-0.000615483
-0.00334797
-0.00344686
-0.000670379
-0.000483856
-0.00304914
-0.00053444
-0.0031247
-0.000587022
-0.00320558
-0.000642015
-0.00329298
-0.00339031
-0.000698565
-0.000455829
-0.00292945
-0.000506
-0.00299897
-0.000557797
-0.0030729
-0.000611591
-0.00315179
-0.000668007
-0.00323657
-0.00333205
-0.000726266
-0.000476322
-0.00287949
-0.000527731
-0.00294756
-0.00058073
-0.0030199
-0.000635704
-0.00309681
-0.000693458
-0.00317881
-0.00327207
-0.000753438
-0.000445213
-0.00276563
-0.000496403
-0.0028283
-0.000549047
-0.00289491
-0.000603264
-0.00296569
-0.000659427
-0.00304065
-0.000718291
-0.00311995
-0.00321037
-0.000779993
-0.000463654
-0.00271462
-0.000516061
-0.0027759
-0.000569937
-0.00284104
-0.000625406
-0.00291022
-0.000682813
-0.00298324
-0.000742984
-0.00305978
-0.00314802
-0.000805337
-0.000429484
-0.00260619
-0.000481675
-0.00266243
-0.000535278
-0.00272229
-0.000590377
-0.00278594
-0.000647121
-0.00285347
-0.00070561
-0.00292475
-0.000765029
-0.00300036
-0.00308309
-0.000393947
-0.00250258
-0.000445936
-0.0025542
-0.000499282
-0.00260908
-0.000554055
-0.00266752
-0.000610348
-0.00272965
-0.0006683
-0.00279552
-0.000727947
-0.00286511
-0.000789265
-0.00293904
-0.0030178
-0.00040888
-0.00245078
-0.000461989
-0.00250109
-0.000516463
-0.00255461
-0.000572377
-0.00261161
-0.000629828
-0.0026722
-0.000688935
-0.00273641
-0.000749761
-0.00280428
-0.000812525
-0.00287628
-0.000370552
-0.00235147
-0.000423436
-0.0023979
-0.00047764
-0.00244688
-0.000533216
-0.00249903
-0.000590242
-0.00255458
-0.000648815
-0.00261362
-0.000709042
-0.00267619
-0.000771012
-0.00274231
-0.00281232
-0.000383664
-0.00229883
-0.000437615
-0.00234395
-0.000492887
-0.00239161
-0.000549538
-0.00244238
-0.000607646
-0.00249647
-0.000667306
-0.00255396
-0.000728621
-0.00261487
-0.000791688
-0.00267924
-0.000396422
-0.00224514
-0.000451414
-0.00228895
-0.000507728
-0.0023353
-0.000565426
-0.00238469
-0.000624586
-0.00243731
-0.000685304
-0.00249325
-0.000747673
-0.0025525
-0.00261512
-0.00035412
-0.00214922
-0.000408827
-0.00219044
-0.000464832
-0.00223295
-0.000522162
-0.00227797
-0.000580878
-0.00232597
-0.000641063
-0.00237713
-0.000702807
-0.0024315
-0.000766201
-0.00248911
-0.000365178
-0.00209487
-0.000420876
-0.00213474
-0.000477869
-0.00217596
-0.000536186
-0.00221965
-0.000595895
-0.00226626
-0.000657076
-0.00231595
-0.000719818
-0.00236876
-0.00242472
-0.000320572
-0.00199996
-0.000375906
-0.00203953
-0.000432569
-0.00207807
-0.000490522
-0.002118
-0.000549801
-0.00216037
-0.000610475
-0.00220559
-0.000672625
-0.0022538
-0.000736337
-0.00230505
-0.00235936
-0.000330021
-0.00194516
-0.000386305
-0.00198325
-0.000443905
-0.00202048
-0.000502792
-0.00205912
-0.000563006
-0.00210016
-0.000624618
-0.00214398
-0.000687709
-0.0021907
-0.000752365
-0.00224039
-0.000283414
-0.00184762
-0.000339169
-0.0018894
-0.000396374
-0.00192604
-0.000454884
-0.00196197
-0.000514677
-0.00199932
-0.000575799
-0.00203904
-0.000638322
-0.00208145
-0.000702328
-0.0021267
-0.00217482
-0.000291344
-0.00179272
-0.000348016
-0.00183273
-0.000406114
-0.00186795
-0.000465505
-0.00190257
-0.000526177
-0.00193865
-0.00058818
-0.00197703
-0.000651587
-0.00201805
-0.000716481
-0.0020618
-0.00210835
-0.000299003
-0.00173689
-0.000356561
-0.00177517
-0.000415523
-0.00180899
-0.000475767
-0.00184233
-0.000537292
-0.00187713
-0.000600148
-0.00191418
-0.000664413
-0.00195378
-0.000730169
-0.00199605
-0.000249667
-0.00163244
-0.000306392
-0.00168016
-0.000364805
-0.00171676
-0.000424601
-0.00174919
-0.000485671
-0.00178126
-0.00054802
-0.00181478
-0.000611703
-0.00185049
-0.000676798
-0.00188869
-0.00192946
-0.000255923
-0.0015771
-0.000313509
-0.00162258
-0.000372747
-0.00165752
-0.000433348
-0.00168859
-0.000495216
-0.00171939
-0.000558361
-0.00175163
-0.000622843
-0.00178601
-0.000688741
-0.00182279
-0.00186206
-0.000261942
-0.00152088
-0.000320355
-0.00156416
-0.000380386
-0.00159749
-0.000441763
-0.00162721
-0.0005044
-0.00165675
-0.000568314
-0.00168772
-0.000633567
-0.00172076
-0.000700241
-0.00175612
-0.000210656
-0.00140339
-0.000267722
-0.00146381
-0.000326929
-0.00150496
-0.000387723
-0.0015367
-0.000449846
-0.00156509
-0.000513224
-0.00159338
-0.000577879
-0.00162306
-0.000643876
-0.00165476
-0.00168869
-0.000215389
-0.00134857
-0.000273263
-0.00140594
-0.000333231
-0.00144499
-0.000394757
-0.00147517
-0.000457597
-0.00150225
-0.000521688
-0.00152929
-0.000587054
-0.0015577
-0.000653766
-0.00158805
-0.00162055
-0.00021992
-0.00129291
-0.000278566
-0.00134729
-0.000339262
-0.00138429
-0.000401488
-0.00141294
-0.000465016
-0.00143872
-0.000529789
-0.00146451
-0.000595839
-0.00149165
-0.000663238
-0.00152065
-0.00155172
-0.000224247
-0.00123646
-0.000283629
-0.00128791
-0.00034502
-0.0013229
-0.000407916
-0.00135005
-0.000472102
-0.00137453
-0.000537528
-0.00139909
-0.000604233
-0.00142494
-0.00067229
-0.00145259
-0.00017117
-0.00110325
-0.00022837
-0.00117926
-0.000288453
-0.00122783
-0.000350506
-0.00126085
-0.00041404
-0.00128651
-0.000478853
-0.00130972
-0.000544905
-0.00133303
-0.000612235
-0.00135761
-0.00138391
-0.000174375
-0.00104964
-0.00023229
-0.00112135
-0.000293038
-0.00116708
-0.000355719
-0.00119817
-0.000419861
-0.00122237
-0.000485272
-0.00124431
-0.000551917
-0.00126639
-0.000619844
-0.00128968
-0.00131462
-0.000177414
-0.000995305
-0.000236005
-0.00106276
-0.000297382
-0.0011057
-0.000360659
-0.00113489
-0.000425377
-0.00115765
-0.000491355
-0.00117833
-0.000558566
-0.00119918
-0.000627059
-0.00122119
-0.00124477
-0.000180287
-0.000940285
-0.000239515
-0.00100353
-0.000301486
-0.00104373
-0.000365326
-0.00107105
-0.00043059
-0.00109239
-0.000497104
-0.00111182
-0.00056485
-0.00113143
-0.000633879
-0.00115216
-0.000182993
-0.000884621
-0.00024282
-0.000943704
-0.000305351
-0.000981199
-0.00036972
-0.00100668
-0.000435497
-0.00102661
-0.000502518
-0.0010448
-0.000570768
-0.00106318
-0.00108263
-0.000129265
-0.000741642
-0.000185531
-0.000828355
-0.00024592
-0.000883315
-0.000308974
-0.000918145
-0.000373841
-0.000941814
-0.0004401
-0.000960354
-0.000507596
-0.000977301
-0.00057632
-0.000994457
-0.00101262
-0.000131075
-0.00069111
-0.000187902
-0.000771528
-0.000248815
-0.000822403
-0.000312357
-0.000854603
-0.000377688
-0.000876483
-0.000444397
-0.000893645
-0.000512337
-0.000909361
-0.000581505
-0.00092529
-0.000942161
-0.000132757
-0.000640034
-0.000190106
-0.000714179
-0.000251503
-0.000761005
-0.0003155
-0.000790607
-0.000381261
-0.000810721
-0.000448389
-0.000826518
-0.000516742
-0.000841007
-0.000586323
-0.000855709
-0.000871291
-0.000134311
-0.000588457
-0.00019214
-0.00065635
-0.000253986
-0.000699159
-0.000318401
-0.000726192
-0.000384561
-0.000744561
-0.000452075
-0.000759004
-0.00052081
-0.000772271
-0.000590772
-0.000785748
-0.000800037
-0.000135737
-0.000536421
-0.000194007
-0.00059808
-0.000256263
-0.000636903
-0.000321061
-0.000661394
-0.000387586
-0.000678036
-0.000455454
-0.000691136
-0.000524541
-0.000703185
-0.000594853
-0.000715435
-0.000728432
-0.000137034
-0.000483968
-0.000195704
-0.00053941
-0.000258333
-0.000574274
-0.000323479
-0.000596248
-0.000390336
-0.000611179
-0.000458528
-0.000622944
-0.000527934
-0.000633779
-0.000598565
-0.000644804
-0.000656506
-0.000138203
-0.000431139
-0.000197232
-0.000480381
-0.000260197
-0.000511309
-0.000325657
-0.000530788
-0.000392812
-0.000544024
-0.000461295
-0.000554462
-0.000530988
-0.000564085
-0.000601907
-0.000573885
-0.000139242
-0.000377977
-0.000198591
-0.000421032
-0.000261854
-0.000448047
-0.000327592
-0.000465049
-0.000395014
-0.000476602
-0.000463755
-0.000485721
-0.000533704
-0.000494136
-0.000502711
-0.000140152
-0.000324522
-0.000199781
-0.000361404
-0.000263304
-0.000384524
-0.000329286
-0.000399066
-0.00039694
-0.000408948
-0.000465908
-0.000416753
-0.000536082
-0.000423962
-0.000431312
-8.72279e-05
-0.000223657
-0.000140933
-0.000270818
-0.000200801
-0.000301536
-0.000264547
-0.000320778
-0.000330739
-0.000332875
-0.000398592
-0.000341095
-0.000467754
-0.000347591
-0.00053812
-0.000353596
-0.000359721
-8.767e-05
-0.000179168
-0.000141583
-0.000216904
-0.000201651
-0.000241468
-0.000265583
-0.000256846
-0.000331949
-0.000266509
-0.000399968
-0.000273076
-0.000469292
-0.000278268
-0.000539818
-0.00028307
-0.00028797
-8.80239e-05
-0.000134517
-0.000142104
-0.000162824
-0.000202331
-0.000181241
-0.000266412
-0.000192765
-0.000332917
-0.000200004
-0.00040107
-0.000204923
-0.000470523
-0.000208814
-0.000541178
-0.000212415
-0.00021609
-8.82894e-05
-8.97455e-05
-0.000142494
-0.000108619
-0.000202841
-0.000120894
-0.000267034
-0.000128572
-0.000333644
-0.000133394
-0.000401896
-0.000136671
-0.000471446
-0.000139264
-0.000542197
-0.000141664
-0.000144114
-8.84664e-05
-4.48932e-05
-0.000142755
-5.43308e-05
-0.000203182
-6.04672e-05
-0.000267448
-6.43049e-05
-0.000334128
-6.67148e-05
-0.000402446
-6.83526e-05
-0.000472062
-6.96486e-05
-0.000542877
-7.08483e-05
-7.20734e-05
-8.85549e-05
-5.24e-10
-0.000142885
-6.35477e-10
-0.000203352
-7.07211e-10
-0.000267656
-7.50502e-10
-0.00033437
-7.75634e-10
-0.000402722
-7.90606e-10
-0.000472369
-8.00763e-10
-0.000543217
-8.09347e-10
-8.18288e-10
-8.85549e-05
-0.000142885
-0.000203352
-0.000267656
-0.00033437
-0.000402722
-0.000472369
-0.000543217
0.00240736
-0.000815773
-0.00239692
0.00241983
-0.000792468
0.00243322
-0.000766829
0.00244688
-0.000739918
0.00246057
-0.000712262
0.0024743
-0.000684102
0.00248802
-0.000655367
0.00250171
-0.000626064
0.00251538
-0.000596238
0.00252901
-0.000565908
-0.000535084
0.00249034
-0.000828261
-0.00247785
0.0025021
-0.000804233
0.00251427
-0.000778991
0.00252659
-0.000752239
0.00253884
-0.00072451
0.00255107
-0.00069634
0.00256335
-0.000667649
0.00257567
-0.000638384
0.00258803
-0.000608588
0.0026004
-0.000578287
-0.000547486
0.00257413
-0.000839665
-0.00256273
0.00258511
-0.000815208
0.00259616
-0.000790044
0.00260736
-0.000763435
0.00261853
-0.000735683
0.00262969
-0.000707498
0.00264089
-0.00067885
0.00265214
-0.000649633
0.00266342
-0.000619872
0.00267474
-0.000589602
-0.000558831
0.00265919
-0.000849911
-0.00264895
0.00266929
-0.000825303
0.0026794
-0.000800158
0.00268963
-0.000773659
0.00269987
-0.000745927
0.00271011
-0.000717733
0.00272037
-0.000689111
0.00273067
-0.000659932
0.002741
-0.000630201
0.00275135
-0.000599958
-0.000569217
0.00274539
-0.000859188
-0.00273612
0.00275463
-0.000834539
0.00276385
-0.000809375
0.00277313
-0.000782945
0.00278245
-0.000755249
0.00279178
-0.000727057
0.00280112
-0.000698456
0.0028105
-0.000669314
0.00281992
-0.000639618
0.00282937
-0.000609408
-0.000578702
0.00283287
-0.000867525
-0.00282453
0.00284123
-0.000842898
0.00284954
-0.000817684
0.00285788
-0.000791291
0.00286627
-0.000763638
0.00287468
-0.000735465
0.00288311
-0.000706891
0.00289159
-0.000677791
0.00290011
-0.00064814
0.00290868
-0.000617975
-0.000587318
0.0029217
-0.000874893
-0.00291433
0.00292913
-0.000850332
0.00293651
-0.000825064
0.00294392
-0.000798693
0.00295137
-0.000771092
0.00295886
-0.000742955
0.00296639
-0.00071442
0.00297397
-0.000685372
0.00298161
-0.000655779
0.00298931
-0.000625674
-0.00059508
0.00301191
-0.000881278
-0.00300553
0.00301839
-0.000856812
0.00302483
-0.000831502
0.00303129
-0.000805151
0.00303781
-0.000777615
0.00304439
-0.000749532
0.00305102
-0.000721051
0.00305771
-0.000692067
0.00306448
-0.000662547
0.00307133
-0.000632518
-0.000602004
0.00310354
-0.000886681
-0.00309814
0.00310906
-0.00086233
0.00311455
-0.000836994
0.00312007
-0.000810672
0.00312567
-0.000783211
0.00313133
-0.000755201
0.00313707
-0.000726789
0.00314289
-0.000697885
0.0031488
-0.000668453
0.00315479
-0.000638517
-0.0006081
0.00319662
-0.000891107
-0.0031922
0.00320118
-0.000866883
0.00320573
-0.000841541
0.00321031
-0.000815259
0.00321499
-0.000787887
0.00321975
-0.000759966
0.00322461
-0.000731642
0.00322956
-0.000702834
0.00323461
-0.000673506
0.00323977
-0.000643681
-0.000613381
0.00329122
-0.000894562
-0.00328777
0.00329481
-0.000870473
0.00329842
-0.000845145
0.00330207
-0.000818917
0.00330584
-0.000791649
0.00330971
-0.000763835
0.00331368
-0.000735616
0.00331777
-0.000706921
0.00332198
-0.000677717
0.00332632
-0.000648022
-0.000617858
0.00338738
-0.000897047
-0.00338489
0.00339
-0.000873102
0.00339267
-0.000847808
0.0033954
-0.000821651
0.00339825
-0.000794502
0.00340123
-0.000766814
0.00340434
-0.00073872
0.00340757
-0.000710157
0.00341095
-0.000681094
0.00341448
-0.000651548
-0.000621541
0.00348513
-0.000898566
-0.00348361
0.0034868
-0.000874771
0.00348852
-0.000849532
0.00349033
-0.000823466
0.00349229
-0.000796453
0.00349438
-0.00076891
0.00349662
-0.000740959
0.00349901
-0.000712548
0.00350156
-0.000683647
0.00350429
-0.000654271
-0.000624442
0.00358451
-0.00089912
-0.00358396
0.00358523
-0.000875483
0.00358602
-0.000850322
0.00358692
-0.000824366
0.00358797
-0.000797509
0.00358919
-0.000770129
0.00359057
-0.000742343
0.00359213
-0.000714104
0.00359387
-0.000685384
0.0035958
-0.0006562
-0.000626569
0.00368556
-0.000898712
-0.00368597
0.00368532
-0.000875243
0.00368518
-0.000850182
0.00368518
-0.000824357
0.00368534
-0.000797675
0.00368569
-0.000770479
0.00368623
-0.000742879
0.00368696
-0.000714832
0.00368789
-0.000686317
0.00368903
-0.000657344
-0.000627934
0.00378831
-0.000897347
-0.00378968
0.00378713
-0.000874056
0.00378606
-0.00084912
0.00378515
-0.000823448
0.00378444
-0.00079696
0.00378393
-0.000769969
0.00378363
-0.000742575
0.00378354
-0.000714744
0.00378367
-0.000686453
0.00378404
-0.000657715
-0.000628546
0.00389279
-0.00089503
-0.00389511
0.00389066
-0.000871929
0.00388868
-0.000847141
0.00388688
-0.000821645
0.00388529
-0.000795372
0.00388393
-0.000768607
0.0038828
-0.000741442
0.0038819
-0.000713847
0.00388125
-0.000685803
0.00388086
-0.00065732
-0.000628416
0.00399903
-0.000891768
-0.00400229
0.00399597
-0.000868869
0.00399308
-0.000844254
0.00399039
-0.000818957
0.00398794
-0.000792921
0.00398574
-0.000766403
0.00398378
-0.000739489
0.00398209
-0.000712152
0.00398066
-0.000684376
0.00397951
-0.000656171
-0.000627553
0.00410706
-0.000887568
-0.00411126
0.00410308
-0.000864887
0.00409929
-0.000840469
0.00409573
-0.000815394
0.00409242
-0.000789616
0.00408939
-0.000763367
0.00408662
-0.000736725
0.00408414
-0.000709669
0.00408195
-0.000682183
0.00408005
-0.000654277
-0.000625967
0.00421693
-0.00088244
-0.00422206
0.00421203
-0.000859991
0.00420736
-0.000835795
0.00420293
-0.000810966
0.00419878
-0.000785467
0.00419492
-0.000759508
0.00419136
-0.000733161
0.0041881
-0.000706407
0.00418515
-0.000679233
0.00418252
-0.000651648
-0.000623667
0.00432868
-0.000876394
-0.00433472
0.00432288
-0.000854191
0.00431732
-0.000830242
0.00431204
-0.000805682
0.00430706
-0.000780483
0.00430239
-0.000754836
0.00429803
-0.000728806
0.004294
-0.000702375
0.0042903
-0.000675535
0.00428695
-0.000648293
-0.000620663
0.00444234
-0.000869439
-0.0044493
0.00443565
-0.0008475
0.00442923
-0.000823821
0.0044231
-0.000799553
0.00441729
-0.000774677
0.00441182
-0.000749362
0.00440668
-0.000723669
0.00440189
-0.000697585
0.00439746
-0.000671099
0.00439339
-0.000644221
-0.000616963
0.00455798
-0.000861586
-0.00456583
0.00455041
-0.000839927
0.00454313
-0.000816542
0.00453616
-0.00079259
0.00452954
-0.000768056
0.00452328
-0.000743095
0.00451737
-0.000717761
0.00451183
-0.000692043
0.00450666
-0.000665933
0.00450188
-0.00063944
-0.000612576
0.00467564
-0.000852846
-0.00468438
0.00466719
-0.000831483
0.00465907
-0.000808416
0.00465128
-0.000784801
0.00464385
-0.000760631
0.0046368
-0.000736045
0.00463013
-0.000711091
0.00462385
-0.00068576
0.00461796
-0.000660046
0.00461248
-0.000633958
-0.000607507
0.00479536
-0.000843229
0.00478606
-0.000822179
0.00477709
-0.000799453
0.00476849
-0.000776197
0.00476027
-0.000752411
0.00475244
-0.000728219
0.00474502
-0.000703665
0.004738
-0.000678742
0.0047314
-0.000653446
0.00472523
-0.000627783
-0.000601766
0.00491721
-0.000832744
0.00490706
-0.000812025
0.00489727
-0.000789661
0.00488786
-0.000766786
0.00487885
-0.000743404
0.00487026
-0.000719627
0.00486209
-0.000695494
0.00485434
-0.000670999
0.00484704
-0.000646139
0.00484017
-0.000620922
-0.000595358
0.00504124
-0.000821401
0.00503025
-0.000801031
0.00501964
-0.000779051
0.00500943
-0.000756578
0.00499965
-0.00073362
0.00499029
-0.000710276
0.00498138
-0.000686583
0.00497292
-0.000662535
0.00496491
-0.000638132
0.00495737
-0.00061338
-0.000588289
0.00516751
-0.00080921
0.00515568
-0.000789206
0.00514426
-0.00076763
0.00513326
-0.00074558
0.00512271
-0.000723065
0.00511261
-0.000700174
0.00510297
-0.00067694
0.00509379
-0.00065336
0.00508509
-0.000629432
0.00507687
-0.000605164
-0.000580565
0.00529607
-0.000796179
0.00528342
-0.000776558
0.0052712
-0.000755408
0.00525942
-0.0007338
0.0052481
-0.000711746
0.00523725
-0.000689327
0.00522688
-0.000666572
0.005217
-0.000643477
0.00520761
-0.000620044
0.00519873
-0.000596279
-0.000572191
0.00542698
-0.000782317
0.00541352
-0.000763095
0.0054005
-0.000742391
0.00538795
-0.000721245
0.00537587
-0.000699672
0.00536429
-0.000677742
0.0053532
-0.000655483
0.00534262
-0.000632893
0.00533255
-0.000609973
0.005323
-0.000586729
-0.00056317
0.00556031
-0.00076763
0.00554604
-0.000748826
0.00553224
-0.000728586
0.00551891
-0.000707922
0.00550609
-0.000686846
0.00549377
-0.000665425
0.00548197
-0.000643681
0.00547069
-0.000621613
0.00545994
-0.000599224
0.00544973
-0.000576519
0.00569612
-0.000752127
0.00568105
-0.000733756
0.00566646
-0.000714001
0.00565238
-0.000693835
0.00563881
-0.000673276
0.00562576
-0.00065238
0.00561325
-0.000631168
0.00560128
-0.000609641
0.00558986
-0.000587801
-0.000565654
0.00583447
-0.000735813
0.00581861
-0.000717894
0.00580325
-0.000698641
0.0057884
-0.000678992
0.00577409
-0.000658966
0.00576033
-0.000638612
0.00574711
-0.000617951
0.00573445
-0.000596982
0.00572236
-0.000575708
-0.000554135
0.00597544
-0.000718695
0.00595879
-0.000701244
0.00594266
-0.000682511
0.00592706
-0.000663397
0.00591202
-0.000643921
0.00589753
-0.000624126
0.00588361
-0.000604032
0.00587027
-0.000583638
0.00585751
-0.000562948
-0.000541967
0.00611909
-0.000700778
0.00610165
-0.000683812
0.00608476
-0.000665616
0.00606842
-0.000647054
0.00605264
-0.000628144
0.00603744
-0.000608926
0.00602282
-0.000589415
0.0060088
-0.000569613
0.00599537
-0.000549524
-0.000529152
0.0062655
-0.000682068
0.00624729
-0.000665603
0.00622963
-0.000647961
0.00621254
-0.000629968
0.00619604
-0.000611641
0.00618013
-0.000593015
0.00616482
-0.000574104
0.00615012
-0.000554911
0.00613603
-0.000535438
-0.000515693
0.00641474
-0.000662568
0.00639576
-0.000646621
0.00637735
-0.00062955
0.00635952
-0.000612142
0.0063423
-0.000594413
0.00632568
-0.000576395
0.00630967
-0.000558101
0.0062943
-0.000539533
0.00627955
-0.000520694
-0.00050159
0.00656691
-0.000642284
0.00654716
-0.000626871
0.006528
-0.000610386
0.00650943
-0.000593579
0.00649149
-0.000576464
0.00647416
-0.000559071
0.00645747
-0.000541408
0.00644142
-0.000523481
0.00642601
-0.000505292
-0.000486847
0.00672209
-0.000621219
0.00670157
-0.000606355
0.00668166
-0.000590473
0.00666236
-0.000574282
0.0066437
-0.000557797
0.00662567
-0.000541042
0.00660829
-0.000524028
0.00659156
-0.000506757
0.00657551
-0.000489234
-0.000471463
0.00688037
-0.000599376
0.00685909
-0.000585077
0.00683843
-0.000569813
0.0068184
-0.000554254
0.00679902
-0.000538413
0.00678029
-0.000522312
0.00676222
-0.000505961
0.00674483
-0.000489363
0.00672811
-0.000472521
-0.000455441
0.00704185
-0.000576757
0.00701981
-0.000563038
0.00699841
-0.000548408
0.00697765
-0.000533495
0.00695755
-0.000518313
0.00693812
-0.000502882
0.00691937
-0.00048721
0.0069013
-0.000471299
0.00688394
-0.000455154
-0.00043878
0.00720663
-0.000553366
0.00718384
-0.000540243
0.00716169
-0.000526259
0.0071402
-0.000512008
0.00711939
-0.0004975
0.00709926
-0.000482753
0.00707982
-0.000467774
0.00706109
-0.000452566
0.00704307
-0.000437134
-0.000421481
0.00737483
-0.000529203
0.00735128
-0.00051669
0.00732839
-0.000503369
0.00730618
-0.000489793
0.00728465
-0.000475974
0.00726382
-0.000461925
0.0072437
-0.000447654
0.0072243
-0.000433164
0.00720563
-0.00041846
-0.000403545
0.00754657
-0.000504269
0.00752226
-0.000492382
0.00749863
-0.000479738
0.00747569
-0.000466852
0.00745345
-0.000453735
0.00743192
-0.000440399
0.00741112
-0.000426851
0.00739105
-0.000413094
0.00737172
-0.000399132
-0.00038497
0.00772196
-0.000478566
0.0076969
-0.00046732
0.00767253
-0.000455365
0.00764886
-0.000443183
0.00762591
-0.000430782
0.00760368
-0.000418174
0.00758219
-0.000405364
0.00756145
-0.000392355
0.00754147
-0.000379151
-0.000365757
0.00790115
-0.000452094
0.00787533
-0.000441502
0.00785022
-0.000430252
0.00782582
-0.000418788
0.00780216
-0.000407117
0.00777923
-0.00039525
0.00775706
-0.000383192
0.00773565
-0.000370946
0.00771502
-0.000358515
-0.000345905
0.00808428
-0.000424853
0.0080577
-0.00041493
0.00803185
-0.000404397
0.00800673
-0.000393664
0.00798235
-0.000382738
0.00795872
-0.000371627
0.00793587
-0.000360335
0.00791379
-0.000348866
0.00789249
-0.000337224
-0.000325412
0.0082715
-0.000396841
0.00824417
-0.000387601
0.00821757
-0.0003778
0.00819172
-0.000367812
0.00816662
-0.000357643
0.0081423
-0.000347302
0.00811875
-0.000336791
0.008096
-0.000326114
0.00807405
-0.000315275
-0.000304277
0.00846297
-0.000368058
0.00843488
-0.000359515
0.00840754
-0.000350458
0.00838096
-0.000341229
0.00835515
-0.000331832
0.00833012
-0.000322274
0.00830589
-0.000312559
0.00828246
-0.000302689
0.00825985
-0.000292668
-0.000282499
0.00865887
-0.000338502
0.00863002
-0.00033067
0.00860193
-0.000322371
0.00857462
-0.000313914
0.00854809
-0.000305302
0.00852236
-0.000296542
0.00849743
-0.000287636
0.00847333
-0.000278588
0.00845007
-0.0002694
-0.000260076
0.00885938
-0.000308172
0.00882977
-0.000301065
0.00880093
-0.000293537
0.00877288
-0.000285864
0.00874563
-0.000278051
0.0087192
-0.000270103
0.00869358
-0.000262022
0.0086688
-0.00025381
0.00864487
-0.000245471
-0.000237007
0.00906469
-0.000277065
0.00903432
-0.000270695
0.00900474
-0.000263951
0.00897595
-0.000257078
0.00894798
-0.000250078
0.00892083
-0.000242955
0.00889452
-0.000235712
0.00886906
-0.000228352
0.00884447
-0.000220876
-0.000213288
0.00927502
-0.000245178
0.00924389
-0.00023956
0.00921355
-0.000233614
0.00918402
-0.000227552
0.00915532
-0.000221378
0.00912746
-0.000215095
0.00910046
-0.000208706
0.00907432
-0.000202212
0.00904906
-0.000195616
-0.000188919
0.00949059
-0.00021251
0.00945868
-0.000207657
0.00942759
-0.000202521
0.00939732
-0.000197284
0.0093679
-0.000191951
0.00933932
-0.000186522
0.00931162
-0.000181001
0.00928479
-0.000175388
0.00925886
-0.000169686
-0.000163897
0.00971162
-0.000179057
0.00967895
-0.000174983
0.0096471
-0.00017067
0.00961608
-0.000166272
0.00958593
-0.000161793
0.00955664
-0.000157233
0.00952823
-0.000152594
0.00950072
-0.000147878
0.00947412
-0.000143086
-0.00013822
0.00993837
-0.000144819
0.00990492
-0.000141536
0.00987231
-0.000138059
0.00984055
-0.000134514
0.00980966
-0.000130902
0.00977965
-0.000127225
0.00975054
-0.000123484
0.00972235
-0.00011968
0.00969507
-0.000115814
-0.000111888
0.0101711
-0.000109794
0.0101369
-0.000107313
0.0101035
-0.000104686
0.010071
-0.000102007
0.0100394
-9.92772e-05
0.0100086
-9.64974e-05
0.00997881
-9.36687e-05
0.00994993
-9.07921e-05
0.00992198
-8.78686e-05
-8.4899e-05
0.01041
-7.39809e-05
0.0103751
-7.23156e-05
0.0103409
-7.05515e-05
0.0103077
-6.87521e-05
0.0102753
-6.69181e-05
0.0102439
-6.50504e-05
0.0102133
-6.31495e-05
0.0101838
-6.12159e-05
0.0101551
-5.92507e-05
-5.72543e-05
0.0106555
-3.73782e-05
0.0106197
-3.65407e-05
0.0105848
-3.56519e-05
0.0105508
-3.47454e-05
0.0105177
-3.38216e-05
0.0104856
-3.28805e-05
0.0104543
-3.19228e-05
0.0104241
-3.09485e-05
0.0103948
-2.99581e-05
-2.89518e-05
0.0109079
0.0108713
0.0108357
0.0108009
0.0107671
0.0107342
0.0107023
0.0106713
0.0106414
0.00170213
0.00166737
0.00163189
0.00159597
0.0015601
0.00152423
0.00148823
0.0014521
0.00141588
0.00137966
0.00134351
0.00130752
0.00127173
0.0012362
0.00120098
0.0011661
0.00113161
0.00109751
0.00106383
0.00103058
0.000997789
0.000965452
0.000933579
)
;

boundaryField
{
    inlet
    {
        type            calculated;
        value           nonuniform 0();
    }
    outlet
    {
        type            calculated;
        value           nonuniform 0();
    }
    cylinder
    {
        type            calculated;
        value           nonuniform 0();
    }
    top
    {
        type            symmetryPlane;
        value           uniform 0;
    }
    bottom
    {
        type            symmetryPlane;
        value           nonuniform 0();
    }
    defaultFaces
    {
        type            empty;
        value           nonuniform 0();
    }
    procBoundary19to2
    {
        type            processor;
        value           nonuniform List<scalar> 2(-0.000615289 -0.000615289);
    }
    procBoundary19to3
    {
        type            processor;
        value           nonuniform List<scalar> 9(4.48922e-05 5.43295e-05 6.04658e-05 6.43034e-05 6.67133e-05 6.83511e-05 6.9647e-05 7.08467e-05 7.20717e-05);
    }
    procBoundary19to4
    {
        type            processor;
        value           uniform 4.36622e-05;
    }
    procBoundary19to18
    {
        type            processor;
        value           nonuniform List<scalar> 
110
(
-0.000829958
-0.000854551
-0.00295202
-0.00087831
-0.000834967
-0.000856712
-0.0027473
-0.000811794
-0.00083134
-0.00254999
-0.000784209
-0.000801698
-0.00081867
-0.00229305
-0.000767902
-0.000782948
-0.000797501
-0.00204102
-0.000743389
-0.00075614
-0.000768422
-0.00179388
-0.000711297
-0.000721907
-0.000732071
-0.000741785
-0.00148222
-0.00068092
-0.000689129
-0.000696913
-0.000704273
-0.00117438
-0.000640303
-0.000646331
-0.000651961
-0.000657193
-0.000662026
-0.000666459
-0.000670491
-0.000674122
-0.000584291
-0.000604879
-0.00060748
-0.000609711
-0.00061157
-0.000613058
-0.000614173
-0.000614917
-0.00480498
-0.0049277
-0.00505259
-0.0051797
-0.0053091
-0.00544084
-0.005575
-0.00571162
-0.00585078
-0.00599255
-0.006137
-0.00628421
-0.00643424
-0.0065872
-0.00674315
-0.00690221
-0.00706447
-0.00723002
-0.007399
-0.0075715
-0.00774766
-0.00792762
-0.00811152
-0.00829951
-0.00849175
-0.00868842
-0.00888971
-0.0090958
-0.00930691
-0.00952326
-0.00974507
-0.00997261
-0.0102061
-0.0104459
-0.0106921
-0.0109452
-0.00235765
-0.00174141
-0.00244308
-0.00252725
-0.00261303
-0.00270025
-0.00278866
-0.00287833
-0.00296939
-0.00306192
-0.00315598
-0.00325162
-0.00334889
-0.00344782
-0.00354843
-0.00365075
-0.0037548
-0.00386061
-0.00396819
-0.00407758
-0.00418881
-0.00430193
-0.00441696
-0.00453396
-0.00465297
0.000902174
)
;
    }
    procBoundary19to20
    {
        type            processor;
        value           nonuniform List<scalar> 
130
(
0.00370489
0.000521484
0.00050394
0.00355284
0.000483731
0.00340811
0.00046169
0.00327271
0.000438317
0.000461296
0.00309806
0.000434931
0.00297816
0.000407118
0.000426365
0.00281544
0.000395404
0.000412643
0.00265703
0.000378641
0.00255325
0.000343273
0.000357087
0.00240304
0.000318984
0.000331023
0.000342735
0.00220257
0.000300773
0.000310823
0.00205379
0.000266745
0.000275214
0.00190156
0.000229474
0.000236442
0.000243173
0.00168687
0.000195243
0.000200582
0.00020572
0.00145734
0.000156702
0.000160565
0.000164265
0.0001678
0.0011561
0.000118325
0.000120764
0.000123078
0.000125266
0.000127329
0.00079159
7.93179e-05
8.05423e-05
8.16813e-05
8.27344e-05
8.37011e-05
8.45812e-05
8.53741e-05
8.60798e-05
8.66978e-05
0.000267944
4.29405e-05
4.31809e-05
4.33733e-05
4.35178e-05
4.36141e-05
4.36622e-05
0.00254261
0.00261281
0.00268608
0.00276174
0.00283886
0.00291729
0.00299707
0.00307825
0.00316089
0.00324506
0.0033308
0.00341816
0.00350719
0.00359792
0.0036904
0.00378466
0.00388073
0.00397865
0.00407847
0.00418022
0.00428394
0.00438969
0.00449749
0.00460741
0.00471948
0.00483377
0.0049503
0.00506915
0.00519035
0.00531398
0.00544007
-0.000553508
0.00557899
0.00571084
0.00584534
0.00598256
0.00612257
0.00626545
0.00641127
0.00656012
0.00671209
0.00686727
0.00702577
0.00718769
0.00735314
0.00752226
0.00769517
0.007872
0.00805292
0.00823808
0.00842764
0.0086218
0.00882075
0.00902469
0.00923384
0.00944844
0.00966874
0.00989499
0.0101275
0.0103665
0.0106124
)
;
    }
}


// ************************************************************************* //
