/*--------------------------------*- C++ -*----------------------------------*\
  =========                 |
  \\      /  F ield         | OpenFOAM: The Open Source CFD Toolbox
   \\    /   O peration     | Website:  https://openfoam.org
    \\  /    A nd           | Version:  7
     \\/     M anipulation  |
\*---------------------------------------------------------------------------*/
FoamFile
{
    version     2.0;
    format      ascii;
    class       volVectorField;
    location    "36";
    object      U;
}
// * * * * * * * * * * * * * * * * * * * * * * * * * * * * * * * * * * * * * //

dimensions      [0 1 -1 0 0 0 0];

internalField   nonuniform List<vector> 
1063
(
(0.705856 -0.0017622 -4.73066e-24)
(0.725801 -0.00172969 -1.25837e-23)
(0.744231 -0.00165012 2.90289e-23)
(0.761404 -0.00152739 -6.14331e-24)
(0.777485 -0.00137086 -1.02138e-23)
(0.792503 -0.00120058 6.32483e-24)
(0.806535 -0.00105088 1.41323e-23)
(0.819945 -0.000930937 2.60415e-25)
(0.832676 -0.000837169 6.26348e-24)
(0.844831 -0.000750568 1.03545e-23)
(0.85584 -0.000705443 4.73544e-24)
(0.707446 -0.00247558 -4.06154e-23)
(0.727256 -0.00237122 -2.34231e-23)
(0.745556 -0.00223027 -1.44908e-23)
(0.762606 -0.00205558 -1.24492e-24)
(0.778574 -0.00185243 -1.31991e-24)
(0.793489 -0.00163902 -3.15073e-23)
(0.807427 -0.00145451 5.70921e-24)
(0.820753 -0.00130568 -3.23222e-24)
(0.833409 -0.00118489 -2.54987e-23)
(0.845497 -0.00106604 -2.05825e-23)
(0.856446 -0.00099955 9.39424e-24)
(0.709547 -0.0031832 2.8138e-23)
(0.729176 -0.00300745 8.15001e-24)
(0.747306 -0.00280555 1.2748e-23)
(0.764195 -0.00257935 2.40051e-23)
(0.780015 -0.00233006 2.78019e-23)
(0.794796 -0.00207399 2.60002e-23)
(0.808612 -0.00185507 -1.78396e-23)
(0.821828 -0.00167772 -3.94393e-24)
(0.834385 -0.00153025 2.91596e-23)
(0.846382 -0.00137944 9.1331e-24)
(0.857251 -0.00129179 -3.17352e-23)
(0.712149 -0.00388341 -5.991e-24)
(0.731553 -0.00363691 -1.95709e-23)
(0.749472 -0.00337464 5.47327e-23)
(0.766164 -0.00309755 -3.80309e-23)
(0.781803 -0.00280274 -1.72599e-23)
(0.796419 -0.00250457 2.54421e-24)
(0.810085 -0.00225174 -7.79521e-24)
(0.823163 -0.00204633 3.75966e-23)
(0.835598 -0.0018726 -1.84232e-23)
(0.847484 -0.00169021 -7.55504e-25)
(0.858253 -0.00158163 -9.80514e-25)
(0.715239 -0.0045746 -2.22251e-23)
(0.734376 -0.00425818 1.11377e-22)
(0.752045 -0.0039363 -2.63976e-23)
(0.768504 -0.00360906 1.36684e-23)
(0.783929 -0.00326946 -5.07023e-23)
(0.79835 -0.00292987 -2.07169e-24)
(0.81184 -0.00264371 2.32445e-23)
(0.824756 -0.00241079 -3.27e-23)
(0.837045 -0.0022113 2.28072e-23)
(0.848798 -0.00199776 -1.57559e-23)
(0.859448 -0.00186857 2.17014e-23)
(0.718802 -0.00525525 -3.97342e-23)
(0.73763 -0.00486991 -7.26125e-23)
(0.755012 -0.00448931 -8.61794e-23)
(0.771205 -0.00411279 4.3799e-23)
(0.786385 -0.00372927 2.02839e-23)
(0.800583 -0.00334905 -4.49603e-23)
(0.813869 -0.00303022 1.56428e-23)
(0.826599 -0.0027704 1.41989e-23)
(0.83872 -0.00254572 3.80651e-24)
(0.850319 -0.00230155 3.83116e-23)
(0.860831 -0.00215208 -3.52974e-23)
(0.72282 -0.00592389 -1.77223e-23)
(0.741302 -0.00547079 1.25291e-23)
(0.758361 -0.00503252 1.3873e-23)
(0.774254 -0.00460772 -1.27654e-23)
(0.78916 -0.00418125 1.65882e-23)
(0.803108 -0.00376128 1.43531e-23)
(0.816166 -0.00341052 -4.4985e-23)
(0.828686 -0.00312448 -4.06001e-23)
(0.840617 -0.00287527 8.89551e-24)
(0.852042 -0.00260105 -1.07739e-23)
(0.862399 -0.00243169 8.83103e-24)
(0.727274 -0.00657914 7.55122e-23)
(0.745372 -0.00605961 9.04593e-23)
(0.762075 -0.00556484 4.37648e-23)
(0.777639 -0.00509288 -7.64818e-23)
(0.792243 -0.00462454 3.71235e-23)
(0.805915 -0.00416577 7.42778e-23)
(0.81872 -0.0037839 -4.16154e-23)
(0.831008 -0.00347241 -4.02124e-23)
(0.842729 -0.00319938 3.79823e-23)
(0.853962 -0.00289574 1.52299e-23)
(0.864146 -0.00270693 1.05327e-23)
(0.732143 -0.00721973 1.32383e-22)
(0.749824 -0.00663523 -1.18774e-22)
(0.76614 -0.00608524 -5.12864e-23)
(0.781345 -0.00556734 -1.32674e-23)
(0.79562 -0.0050583 -1.36597e-22)
(0.808992 -0.00456179 1.90453e-23)
(0.821523 -0.00414968 -8.87002e-24)
(0.833557 -0.00381356 8.47887e-23)
(0.845048 -0.00351748 -9.24353e-23)
(0.85607 -0.00318514 -3.5603e-24)
(0.866065 -0.00297735 3.8099e-23)
(0.737404 -0.00784449 -1.10143e-22)
(0.754636 -0.0071966 4.00165e-23)
(0.770536 -0.00659279 9.17945e-23)
(0.785356 -0.00603026 1.27633e-22)
(0.799278 -0.00548179 8.64648e-23)
(0.812327 -0.00494866 -6.42119e-23)
(0.824563 -0.00450724 1.12508e-22)
(0.836323 -0.00414736 -1.23912e-23)
(0.847566 -0.00382907 2.22873e-23)
(0.858361 -0.00346877 -1.25297e-23)
(0.868151 -0.00324251 -2.08542e-23)
(0.743033 -0.00845233 3.84179e-25)
(0.759787 -0.00774277 -2.55703e-23)
(0.775245 -0.00708661 -8.28293e-23)
(0.789656 -0.00648085 -1.5435e-22)
(0.803202 -0.0058943 4.91665e-24)
(0.815908 -0.00532573 -4.57137e-23)
(0.827828 -0.00485598 3.10468e-24)
(0.839296 -0.00447327 6.28126e-23)
(0.850275 -0.00413366 3.81585e-23)
(0.860826 -0.00374621 -5.93131e-23)
(0.870397 -0.00350201 1.48715e-23)
(0.749003 -0.00904229 -1.82074e-22)
(0.765255 -0.00827286 1.60123e-22)
(0.780248 -0.00756593 8.40888e-24)
(0.794226 -0.00691841 7.30443e-23)
(0.807376 -0.00629517 3.38518e-23)
(0.81972 -0.00569241 8.63641e-23)
(0.831307 -0.00519536 -7.27554e-23)
(0.842466 -0.00479079 -5.44563e-23)
(0.853164 -0.00443079 8.92587e-24)
(0.863456 -0.00401705 5.42497e-23)
(0.872794 -0.00375548 -9.34439e-24)
(0.755288 -0.00961354 2.07594e-22)
(0.771015 -0.00878613 -2.1778e-22)
(0.785522 -0.00803005 5.56357e-23)
(0.799049 -0.0073423 -5.3222e-23)
(0.811785 -0.00668384 -7.35251e-23)
(0.823749 -0.00604818 1.86089e-23)
(0.834987 -0.00552489 5.94589e-23)
(0.845821 -0.00509946 -2.45438e-23)
(0.856223 -0.00472005 -3.66196e-23)
(0.866244 -0.00428091 5.4229e-23)
(0.875336 -0.00400256 1.60056e-23)
(0.761862 -0.0101653 1.41049e-22)
(0.777044 -0.0092819 5.61076e-23)
(0.791046 -0.00847837 -1.75738e-23)
(0.804105 -0.00775195 -8.60205e-23)
(0.81641 -0.0070598 6.04745e-23)
(0.82798 -0.00639256 -5.32864e-23)
(0.838854 -0.00584412 -4.41301e-23)
(0.84935 -0.00539885 -6.27656e-23)
(0.859442 -0.00500105 7.11115e-24)
(0.869178 -0.00453744 -9.06264e-23)
(0.878014 -0.00424292 -1.3949e-23)
(0.768695 -0.0106971 -2.3167e-22)
(0.783316 -0.00975962 1.18036e-22)
(0.796799 -0.00891036 4.95378e-23)
(0.809375 -0.00814689 1.99054e-22)
(0.821236 -0.00742258 -1.14564e-22)
(0.832397 -0.00672514 -1.08776e-23)
(0.842895 -0.00615264 5.37565e-23)
(0.853039 -0.00568861 8.08821e-23)
(0.862811 -0.00527346 -2.62032e-23)
(0.872251 -0.00478633 6.44707e-23)
(0.880819 -0.00447627 1.49003e-24)
(0.77576 -0.0112083 4.19379e-23)
(0.789807 -0.0102188 -2.7416e-22)
(0.802757 -0.00932559 1.2501e-22)
(0.814837 -0.0085267 -1.09231e-22)
(0.826242 -0.00777183 1.73602e-22)
(0.836985 -0.00704556 -4.25489e-24)
(0.847096 -0.00645013 -1.02227e-22)
(0.856877 -0.00596839 -2.71588e-23)
(0.866317 -0.00553695 3.03966e-23)
(0.875452 -0.00502731 -1.43197e-23)
(0.883743 -0.00470234 -1.47898e-24)
(0.783028 -0.0116985 8.6144e-23)
(0.79649 -0.0106592 2.10955e-23)
(0.808898 -0.00972373 -1.20796e-22)
(0.820473 -0.00889106 -1.15513e-23)
(0.831412 -0.00810721 6.0968e-24)
(0.841727 -0.00735352 -1.2357e-23)
(0.851441 -0.00673628 8.17854e-23)
(0.86085 -0.0062379 5.89054e-23)
(0.869951 -0.00579128 -3.55506e-23)
(0.878771 -0.00526012 -2.44703e-23)
(0.886777 -0.00492089 5.16874e-23)
(0.79047 -0.0121675 2.64519e-23)
(0.803341 -0.0110804 1.98155e-23)
(0.815199 -0.0101045 -4.27633e-23)
(0.826262 -0.00923972 -3.22006e-23)
(0.836727 -0.0084285 -1.84049e-22)
(0.846607 -0.00764878 7.84224e-24)
(0.855917 -0.00701085 -4.5836e-23)
(0.864947 -0.00649692 2.54029e-23)
(0.873699 -0.0060362 8.29957e-23)
(0.882197 -0.00548455 9.77146e-24)
(0.889912 -0.00513171 -3.89577e-23)
(0.798059 -0.0126152 1.17358e-22)
(0.810333 -0.0114824 7.51243e-23)
(0.821637 -0.0104678 1.61136e-22)
(0.832182 -0.0095725 -9.15884e-24)
(0.842169 -0.0087355 1.28479e-22)
(0.851608 -0.00793116 8.29453e-25)
(0.860508 -0.00727365 8.40858e-24)
(0.869152 -0.00674524 6.59855e-24)
(0.87755 -0.00627153 -9.05719e-23)
(0.885721 -0.00570043 2.24641e-23)
(0.893138 -0.00533462 9.78022e-24)
(0.805766 -0.0130415 -2.58468e-22)
(0.817442 -0.011865 -6.57864e-23)
(0.82819 -0.0108135 -8.45841e-23)
(0.838214 -0.00988929 -8.17554e-24)
(0.847719 -0.00902811 1.46924e-23)
(0.856714 -0.00820054 5.87867e-23)
(0.865201 -0.00752454 -8.65905e-23)
(0.873454 -0.00698271 -4.09598e-23)
(0.881493 -0.00649712 1.2932e-23)
(0.889331 -0.00590761 -4.25509e-23)
(0.896447 -0.00552947 -4.18745e-23)
(0.813565 -0.0134463 -7.74985e-23)
(0.824644 -0.0122282 3.67019e-23)
(0.834834 -0.0111416 -8.12354e-24)
(0.844338 -0.0101901 -6.64684e-23)
(0.85336 -0.00930627 6.93381e-23)
(0.861909 -0.00845685 3.33467e-23)
(0.869979 -0.00776342 -4.95209e-23)
(0.877839 -0.00720921 -2.64993e-23)
(0.885515 -0.00671286 1.86362e-24)
(0.893018 -0.00610598 2.13385e-24)
(0.899827 -0.00571615 -1.92323e-23)
(0.821428 -0.01383 3.2815e-22)
(0.831913 -0.0125723 -1.63769e-22)
(0.84155 -0.0114521 -1.98447e-23)
(0.850533 -0.0104748 1.2621e-22)
(0.859073 -0.00956999 -1.95737e-23)
(0.867176 -0.00870007 -7.5726e-23)
(0.87483 -0.00799026 1.34407e-22)
(0.882294 -0.00742469 7.73301e-23)
(0.889605 -0.00691866 6.97418e-23)
(0.89677 -0.00629546 -2.24556e-23)
(0.903271 -0.00589457 9.01889e-24)
(0.82933 -0.0141926 9.70989e-23)
(0.839226 -0.0128973 5.03821e-23)
(0.848314 -0.0117452 -1.73151e-23)
(0.856781 -0.0107437 -2.17062e-23)
(0.86484 -0.00981932 -1.88715e-22)
(0.8725 -0.00893024 1.30037e-22)
(0.879738 -0.00820506 -2.34765e-23)
(0.886806 -0.00762912 -6.36626e-23)
(0.893751 -0.0071145 -3.38018e-23)
(0.900577 -0.00647602 3.17183e-24)
(0.906769 -0.00606467 5.85647e-23)
(0.846562 -0.0132036 1.03934e-22)
(0.855107 -0.0120212 -5.81049e-23)
(0.863063 -0.0109969 1.01302e-22)
(0.870646 -0.0100544 1.67668e-22)
(0.877865 -0.00914743 -4.01448e-23)
(0.884689 -0.00840786 -6.95266e-23)
(0.891363 -0.0078225 -4.06527e-23)
(0.897943 -0.00730036 -7.19823e-23)
(0.904429 -0.00664763 2.1454e-23)
(0.910311 -0.00622641 -5.47768e-23)
(0.853898 -0.0134914 -8.2052e-23)
(0.861909 -0.0122802 1.70084e-22)
(0.869361 -0.0112345 -1.39521e-22)
(0.876473 -0.0102754 -1.07584e-22)
(0.883256 -0.00935179 6.95106e-23)
(0.88967 -0.00859875 8.67604e-23)
(0.895952 -0.0080049 -1.74247e-23)
(0.902168 -0.00747628 4.1706e-23)
(0.908316 -0.00681031 2.33141e-23)
(0.913889 -0.0063798 1.17977e-23)
(0.861214 -0.0137611 -1.56639e-22)
(0.868701 -0.0125226 6.92688e-24)
(0.875656 -0.0114568 1.91401e-22)
(0.882305 -0.0104824 1.02078e-22)
(0.888658 -0.00954348 -2.98157e-23)
(0.894668 -0.00877786 -1.17915e-22)
(0.900561 -0.00817639 1.04872e-22)
(0.906415 -0.00764231 -3.19572e-24)
(0.912227 -0.0069641 4.01625e-23)
(0.917493 -0.00652485 -3.80123e-23)
(0.86849 -0.0140132 2.20649e-23)
(0.875465 -0.0127488 9.29694e-23)
(0.881934 -0.0116642 -2.76032e-22)
(0.888128 -0.0106759 -4.90792e-23)
(0.894058 -0.00972271 -1.45391e-23)
(0.899669 -0.00894535 6.65926e-24)
(0.905178 -0.0083371 -9.08852e-23)
(0.910674 -0.00779855 -2.81912e-23)
(0.916154 -0.00710909 1.86984e-23)
(0.921115 -0.00666162 6.12837e-23)
(0.875709 -0.0142481 -8.53398e-23)
(0.882184 -0.0129592 -4.0659e-23)
(0.888178 -0.011857 1.08382e-22)
(0.893926 -0.010856 6.80792e-23)
(0.899442 -0.00988973 -4.31283e-23)
(0.904662 -0.00910143 1.09644e-22)
(0.909792 -0.00848717 4.63475e-23)
(0.914935 -0.00794511 6.78109e-23)
(0.920086 -0.00724536 -6.40713e-23)
(0.924746 -0.00679018 -1.39915e-23)
(0.882853 -0.0144665 4.65879e-23)
(0.888842 -0.0131543 -2.18757e-22)
(0.894373 -0.0120355 5.56745e-23)
(0.899686 -0.0110231 -1.40949e-22)
(0.904797 -0.0100448 -5.42e-23)
(0.909634 -0.00924631 -1.00488e-22)
(0.914392 -0.00862679 -7.2575e-24)
(0.919188 -0.00808215 -4.62363e-23)
(0.924015 -0.00737304 3.24686e-23)
(0.928377 -0.00691062 1.48276e-24)
(0.889905 -0.0146687 1.32824e-22)
(0.895423 -0.0133345 5.68385e-23)
(0.900505 -0.0122003 -1.43198e-22)
(0.905394 -0.0111775 3.45359e-23)
(0.910111 -0.0101883 8.02943e-23)
(0.914574 -0.00938028 8.204e-23)
(0.918968 -0.00875617 5.07895e-23)
(0.923422 -0.00820982 7.25391e-23)
(0.927931 -0.00749227 1.82751e-23)
(0.932002 -0.00702306 -3.91862e-23)
(0.896853 -0.0148555 -2.43718e-23)
(0.901915 -0.0135003 4.38901e-23)
(0.906561 -0.0123517 5.91628e-23)
(0.911039 -0.0113197 4.33722e-23)
(0.915373 -0.0103205 -1.53487e-22)
(0.919471 -0.0095036 -2.5366e-23)
(0.92351 -0.00887554 6.83705e-24)
(0.92763 -0.00832834 -5.67824e-23)
(0.931828 -0.00760322 -7.06177e-23)
(0.935611 -0.00712764 5.22716e-23)
(0.903682 -0.0150274 4.55302e-23)
(0.908305 -0.0136524 7.69346e-23)
(0.912529 -0.0124902 8.16487e-24)
(0.916609 -0.01145 4.5817e-23)
(0.920572 -0.0104418 8.91589e-23)
(0.924317 -0.00961659 4.09711e-23)
(0.928009 -0.00898515 -5.25789e-24)
(0.931803 -0.0084379 -1.21879e-23)
(0.935695 -0.00770608 -6.25739e-24)
(0.939199 -0.00722452 -3.75849e-23)
(0.91038 -0.0151851 -1.21805e-22)
(0.91458 -0.0137912 3.50721e-24)
(0.918399 -0.0126163 4.64429e-23)
(0.922094 -0.0115689 2.72376e-23)
(0.925698 -0.0105525 -8.38966e-23)
(0.929101 -0.00971957 2.353e-23)
(0.932456 -0.00908528 -1.2207e-23)
(0.935931 -0.00853875 2.9647e-23)
(0.939527 -0.00780105 -1.16085e-23)
(0.942757 -0.00731387 1.55868e-23)
(0.916936 -0.0153292 1.85728e-25)
(0.920731 -0.0139174 -4.38163e-24)
(0.92416 -0.0127305 -6.94709e-23)
(0.927484 -0.0116768 4.95118e-23)
(0.930742 -0.010653 -1.03175e-24)
(0.933814 -0.00981288 -9.7101e-23)
(0.936843 -0.0091762 1.30473e-23)
(0.940009 -0.00863111 -2.12921e-23)
(0.943316 -0.00788834 1.73015e-23)
(0.94628 -0.00739586 7.32565e-24)
(0.923341 -0.0154602 1.41855e-22)
(0.926748 -0.0140314 -4.99689e-24)
(0.929802 -0.0128333 -1.41284e-24)
(0.93277 -0.011774 1.94658e-23)
(0.935695 -0.0107438 2.81736e-23)
(0.938449 -0.00989683 8.8328e-23)
(0.941163 -0.00925819 -4.3783e-23)
(0.944028 -0.00871523 -2.34529e-23)
(0.947055 -0.00796815 1.12097e-23)
(0.949761 -0.0074707 2.16724e-23)
(0.929587 -0.0155791 -1.6088e-23)
(0.932623 -0.0141341 4.08438e-23)
(0.935319 -0.0129254 1.48267e-23)
(0.937944 -0.0118614 -2.41846e-23)
(0.94055 -0.0108254 -4.6769e-23)
(0.942998 -0.00997198 3.85254e-24)
(0.945407 -0.00933172 3.32939e-23)
(0.947982 -0.0087915 -1.56093e-23)
(0.950739 -0.00804084 1.41752e-23)
(0.953194 -0.00753867 -8.51548e-26)
(0.935665 -0.0156881 3.10395e-23)
(0.938349 -0.0142274 -3.39569e-23)
(0.940702 -0.0130083 2.53023e-23)
(0.943 -0.0119402 -4.45119e-23)
(0.945301 -0.0108988 1.43603e-24)
(0.947455 -0.0100392 1.87425e-23)
(0.949571 -0.00939749 9.50805e-24)
(0.951866 -0.00886056 8.26035e-24)
(0.95436 -0.00810696 -3.09033e-23)
(0.956574 -0.00760021 2.34075e-24)
(0.941571 -0.0157862 -1.33552e-23)
(0.943918 -0.0143103 1.10443e-23)
(0.945946 -0.0130814 5.64001e-23)
(0.947932 -0.0120096 -1.83733e-23)
(0.94994 -0.0109637 -3.02167e-23)
(0.951814 -0.0100981 -3.1155e-24)
(0.953649 -0.00945531 2.33354e-23)
(0.955673 -0.00892221 -7.01513e-25)
(0.957915 -0.00816632 -1.34099e-23)
(0.959896 -0.00765527 7.38191e-24)
(0.948517 -0.0158772 0)
(0.950496 -0.0143864 0)
(0.952163 -0.0131484 0)
(0.9538 -0.0120748 0)
(0.955481 -0.0110256 0)
(0.957039 -0.010155 0)
(0.958551 -0.00951252 0)
(0.960264 -0.00898526 0)
(0.962213 -0.008228 0)
(0.963923 -0.00771301 0)
(0.965725 -0.00727288 0)
(0.95669 -0.0159613 0)
(0.958243 -0.0144552 0)
(0.959493 -0.0132087 0)
(0.960725 -0.0121347 0)
(0.962026 -0.011083 0)
(0.963216 -0.0102082 0)
(0.964353 -0.0095676 0)
(0.9657 -0.00904797 0)
(0.967306 -0.00828979 0)
(0.968697 -0.00777086 0)
(0.970154 -0.00732959 0)
(0.964698 -0.0160297 0)
(0.965843 -0.0145089 0)
(0.966695 -0.0132543 0)
(0.96754 -0.0121809 0)
(0.968479 -0.0111278 0)
(0.969318 -0.0102487 0)
(0.970095 -0.0096103 0)
(0.971089 -0.00909931 0)
(0.972362 -0.00834122 0)
(0.973445 -0.00781838 0)
(0.974566 -0.00737608 0)
(0.97251 -0.0160812 0)
(0.973268 -0.0145466 0)
(0.973743 -0.0132843 0)
(0.97422 -0.0122125 0)
(0.974815 -0.011159 0)
(0.975321 -0.0102757 0)
(0.975754 -0.0096397 0)
(0.976408 -0.00913844 0)
(0.977362 -0.00838166 0)
(0.97815 -0.00785493 0)
(0.978946 -0.00741157 0)
(0.980098 -0.0161146 0)
(0.98049 -0.0145673 0)
(0.980609 -0.0132981 0)
(0.980738 -0.0122291 0)
(0.981007 -0.0111762 0)
(0.9812 -0.0102891 0)
(0.981307 -0.00965557 0)
(0.981637 -0.0091651 0)
(0.982286 -0.00841083 0)
(0.982792 -0.0078803 0)
(0.983276 -0.00743587 0)
(0.987436 -0.0161301 0)
(0.987483 -0.0145713 0)
(0.987267 -0.0132958 0)
(0.987069 -0.0122308 0)
(0.987033 -0.0111797 0)
(0.986932 -0.0102889 0)
(0.986731 -0.00965804 0)
(0.986754 -0.00917934 0)
(0.987113 -0.0084288 0)
(0.987351 -0.00789451 0)
(0.987536 -0.00744897 0)
(0.994498 -0.0161279 0)
(0.994222 -0.0145589 0)
(0.993693 -0.0132778 0)
(0.993188 -0.0122179 0)
(0.992867 -0.0111697 0)
(0.992493 -0.0102754 0)
(0.992005 -0.00964732 0)
(0.991738 -0.00918131 0)
(0.991823 -0.00843571 0)
(0.99181 -0.00789766 0)
(0.991711 -0.00745085 0)
(1.00126 -0.0161084 0)
(1.00068 -0.0145305 0)
(0.999863 -0.0132444 0)
(0.999073 -0.0121907 0)
(0.998488 -0.0111468 0)
(0.997861 -0.0102491 0)
(0.997106 -0.00962363 0)
(0.996568 -0.00917118 0)
(0.996396 -0.00843173 0)
(0.996148 -0.00788989 0)
(0.995781 -0.00744156 0)
(1.0077 -0.0160717 0)
(1.00684 -0.0144866 0)
(1.00575 -0.0131961 0)
(1.0047 -0.0121498 0)
(1.00387 -0.0111111 0)
(1.00302 -0.0102103 0)
(1.00201 -0.0095873 0)
(1.00122 -0.0091492 0)
(1.00081 -0.00841711 0)
(1.00035 -0.0078714 0)
(0.99973 -0.00742122 0)
(1.0138 -0.0160184 0)
(1.01268 -0.0144275 0)
(1.01135 -0.0131333 0)
(1.01006 -0.0120954 0)
(1.009 -0.0110633 0)
(1.00794 -0.0101595 0)
(1.00671 -0.0095387 0)
(1.00569 -0.00911567 0)
(1.00505 -0.00839215 0)
(1.00439 -0.00784247 0)
(1.00354 -0.00739003 0)
(1.01954 -0.0159489 0)
(1.01818 -0.0143537 0)
(1.01663 -0.0130566 0)
(1.01512 -0.0120281 0)
(1.01386 -0.0110039 0)
(1.01261 -0.0100971 0)
(1.01118 -0.00947828 0)
(1.00994 -0.00907096 0)
(1.0091 -0.0083572 0)
(1.00826 -0.00780344 0)
(1.00719 -0.00734824 0)
(1.0249 -0.0158637 0)
(1.02334 -0.014266 0)
(1.02158 -0.0129665 0)
(1.01987 -0.0119484 0)
(1.01843 -0.0109333 0)
(1.01701 -0.0100238 0)
(1.0154 -0.00940654 0)
(1.01397 -0.00901549 0)
(1.01295 -0.00831268 0)
(1.01194 -0.00775471 0)
(1.01068 -0.00729617 0)
(1.02988 -0.0157633 0)
(1.02812 -0.0141648 0)
(1.02619 -0.0128637 0)
(1.0243 -0.011857 0)
(1.0227 -0.0108521 0)
(1.02113 -0.00994019 0)
(1.01936 -0.00932404 0)
(1.01776 -0.00894973 0)
(1.01657 -0.00825903 0)
(1.01541 -0.00769674 0)
(1.01398 -0.00723421 0)
(1.03447 -0.0156485 0)
(1.03254 -0.014051 0)
(1.03045 -0.0127488 0)
(1.0284 -0.0117543 0)
(1.02666 -0.0107611 0)
(1.02496 -0.00984686 0)
(1.02305 -0.00923137 0)
(1.02129 -0.00887418 0)
(1.01995 -0.00819675 0)
(1.01867 -0.00763 0)
(1.01708 -0.0071628 0)
(1.03866 -0.0155199 0)
(1.03657 -0.0139251 0)
(1.03435 -0.0126225 0)
(1.03216 -0.0116412 0)
(1.0303 -0.0106608 0)
(1.02849 -0.00974449 0)
(1.02646 -0.00912916 0)
(1.02456 -0.00878939 0)
(1.0231 -0.00812636 0)
(1.0217 -0.00755504 0)
(1.01997 -0.00708243 0)
(1.04245 -0.0153783 0)
(1.04023 -0.0137879 0)
(1.03789 -0.0124856 0)
(1.03558 -0.0115182 0)
(1.03361 -0.0105518 0)
(1.03171 -0.00963378 0)
(1.02958 -0.00901807 0)
(1.02757 -0.00869592 0)
(1.02599 -0.00804837 0)
(1.0245 -0.00747241 0)
(1.02265 -0.00699363 0)
(1.04584 -0.0152245 0)
(1.0435 -0.0136402 0)
(1.04106 -0.0123388 0)
(1.03866 -0.0113859 0)
(1.0366 -0.0104349 0)
(1.03462 -0.00951539 0)
(1.0324 -0.00889876 0)
(1.0303 -0.00859436 0)
(1.02862 -0.00796334 0)
(1.02705 -0.00738269 0)
(1.0251 -0.00689698 0)
(1.04883 -0.0150592 0)
(1.0464 -0.0134827 0)
(1.04388 -0.0121828 0)
(1.0414 -0.0112452 0)
(1.03926 -0.0103105 0)
(1.03722 -0.00939 0)
(1.03494 -0.00877193 0)
(1.03275 -0.00848529 0)
(1.03098 -0.00787181 0)
(1.02935 -0.00728646 0)
(1.02732 -0.00679306 0)
(1.05144 -0.0148833 0)
(1.04894 -0.0133162 0)
(1.04635 -0.0120185 0)
(1.0438 -0.0110966 0)
(1.0416 -0.0101794 0)
(1.03951 -0.00925825 0)
(1.03718 -0.00863823 0)
(1.03493 -0.0083693 0)
(1.03309 -0.0077743 0)
(1.03141 -0.0071843 0)
(1.0293 -0.00668248 0)
(1.05368 -0.0146974 0)
(1.05111 -0.0131414 0)
(1.04848 -0.0118464 0)
(1.04588 -0.0109407 0)
(1.04362 -0.010042 0)
(1.04149 -0.00912076 0)
(1.03913 -0.00849833 0)
(1.03683 -0.00824697 0)
(1.03493 -0.00767133 0)
(1.03321 -0.00707676 0)
(1.03105 -0.00656586 0)
(1.05556 -0.0145025 0)
(1.05294 -0.0129589 0)
(1.05027 -0.0116674 0)
(1.04763 -0.0107783 0)
(1.04534 -0.00989893 0)
(1.04319 -0.00897812 0)
(1.0408 -0.00835286 0)
(1.03846 -0.00811884 0)
(1.03651 -0.00756338 0)
(1.03476 -0.0069644 0)
(1.03257 -0.00644381 0)
(1.0571 -0.014299 0)
(1.05444 -0.0127695 0)
(1.05174 -0.0114819 0)
(1.04908 -0.0106098 0)
(1.04676 -0.00975067 0)
(1.04459 -0.00883084 0)
(1.04219 -0.00820242 0)
(1.03982 -0.00798545 0)
(1.03784 -0.00745088 0)
(1.03607 -0.00684771 0)
(1.03385 -0.00631692 0)
(1.05832 -0.0140877 0)
(1.05563 -0.0125735 0)
(1.05292 -0.0112907 0)
(1.05024 -0.0104357 0)
(1.04789 -0.00959761 0)
(1.04572 -0.00867941 0)
(1.04332 -0.00804756 0)
(1.04094 -0.00784728 0)
(1.03893 -0.00733423 0)
(1.03715 -0.00672716 0)
(1.03491 -0.00618578 0)
(1.05924 -0.0138689 0)
(1.05652 -0.0123715 0)
(1.05381 -0.0110942 0)
(1.05113 -0.0102566 0)
(1.04877 -0.00944013 0)
(1.04659 -0.00852421 0)
(1.04419 -0.00788879 0)
(1.04181 -0.0077048 0)
(1.03978 -0.0072138 0)
(1.03799 -0.00660316 0)
(1.03575 -0.00605093 0)
(1.05989 -0.0136433 0)
(1.05715 -0.0121638 0)
(1.05444 -0.0108928 0)
(1.05175 -0.0100727 0)
(1.04939 -0.00927851 0)
(1.04721 -0.0083656 0)
(1.04483 -0.00772657 0)
(1.04245 -0.0075584 0)
(1.0404 -0.00708986 0)
(1.03862 -0.00647608 0)
(1.03638 -0.00591287 0)
(1.06028 -0.013411 0)
(1.05754 -0.0119507 0)
(1.05483 -0.0106868 0)
(1.05215 -0.00988452 0)
(1.04978 -0.00911296 0)
(1.04761 -0.00820383 0)
(1.04524 -0.00756129 0)
(1.04287 -0.00740844 0)
(1.04082 -0.00696265 0)
(1.03903 -0.00634621 0)
(1.0368 -0.00577207 0)
(1.06045 -0.0131722 0)
(1.0577 -0.0117323 0)
(1.05499 -0.0104765 0)
(1.05233 -0.00969217 0)
(1.04996 -0.00894362 0)
(1.04779 -0.00803908 0)
(1.04544 -0.00739326 0)
(1.04309 -0.00725522 0)
(1.04104 -0.00683236 0)
(1.03926 -0.00621379 0)
(1.03704 -0.00562894 0)
(1.06042 -0.0129271 0)
(1.05765 -0.0115088 0)
(1.05496 -0.0102621 0)
(1.05231 -0.00949585 0)
(1.04994 -0.00877056 0)
(1.04778 -0.00787146 0)
(1.04545 -0.00722276 0)
(1.04312 -0.00709897 0)
(1.04107 -0.00669909 0)
(1.0393 -0.006079 0)
(1.0371 -0.00548384 0)
(1.06021 -0.0126756 0)
(1.05743 -0.01128 0)
(1.05475 -0.0100436 0)
(1.05211 -0.00929565 0)
(1.04975 -0.00859378 0)
(1.0476 -0.00770102 0)
(1.0453 -0.00704997 0)
(1.04299 -0.00693988 0)
(1.04094 -0.00656291 0)
(1.03917 -0.00594195 0)
(1.037 -0.00533708 0)
(1.05984 -0.0124177 0)
(1.05706 -0.0110458 0)
(1.05438 -0.00982106 0)
(1.05176 -0.00909157 0)
(1.04941 -0.00841321 0)
(1.04726 -0.00752773 0)
(1.04498 -0.00687503 0)
(1.0427 -0.00677808 0)
(1.04065 -0.00642382 0)
(1.03889 -0.0058027 0)
(1.03674 -0.00518892 0)
(1.05933 -0.0121532 0)
(1.05655 -0.0108062 0)
(1.05388 -0.00959431 0)
(1.05128 -0.00888359 0)
(1.04892 -0.00822872 0)
(1.04678 -0.00735149 0)
(1.04453 -0.00669802 0)
(1.04228 -0.00661365 0)
(1.04023 -0.00628176 0)
(1.03848 -0.00566126 0)
(1.03635 -0.00503954 0)
(1.05871 -0.0118818 0)
(1.05592 -0.0105607 0)
(1.05325 -0.00936325 0)
(1.05067 -0.00867159 0)
(1.04832 -0.00804014 0)
(1.04618 -0.00717218 0)
(1.04395 -0.00651894 0)
(1.04173 -0.00644661 0)
(1.03969 -0.00613665 0)
(1.03794 -0.00551759 0)
(1.03584 -0.00488911 0)
(1.058 -0.0116033 0)
(1.05519 -0.0103092 0)
(1.05253 -0.00912768 0)
(1.04997 -0.00845542 0)
(1.04762 -0.00784724 0)
(1.04547 -0.00698962 0)
(1.04327 -0.00633778 0)
(1.04108 -0.00627694 0)
(1.03904 -0.00598836 0)
(1.03729 -0.00537159 0)
(1.03522 -0.00473772 0)
(1.0572 -0.0113174 0)
(1.05438 -0.0100513 0)
(1.05172 -0.0088874 0)
(1.04917 -0.0082349 0)
(1.04683 -0.00764979 0)
(1.04468 -0.00680359 0)
(1.0425 -0.00615446 0)
(1.04034 -0.00610458 0)
(1.0383 -0.00583672 0)
(1.03655 -0.00522315 0)
(1.0345 -0.00458542 0)
(1.05633 -0.0110237 0)
(1.0535 -0.00978666 0)
(1.05085 -0.00864215 0)
(1.04831 -0.00800981 0)
(1.04596 -0.00744752 0)
(1.04381 -0.00661388 0)
(1.04165 -0.00596888 0)
(1.03951 -0.00592945 0)
(1.03748 -0.00568153 0)
(1.03573 -0.00507214 0)
(1.0337 -0.00443225 0)
(1.05541 -0.0107219 0)
(1.05257 -0.00951499 0)
(1.04991 -0.00839166 0)
(1.04739 -0.00777991 0)
(1.04504 -0.00724015 0)
(1.04288 -0.00642024 0)
(1.04073 -0.00578091 0)
(1.03863 -0.00575142 0)
(1.03659 -0.00552261 0)
(1.03484 -0.00491839 0)
(1.03284 -0.0042782 0)
(1.05445 -0.0104116 0)
(1.05159 -0.00923594 0)
(1.04893 -0.00813568 0)
(1.04641 -0.00754495 0)
(1.04406 -0.00702741 0)
(1.0419 -0.00622243 0)
(1.03977 -0.00559042 0)
(1.03769 -0.00557035 0)
(1.03565 -0.00535973 0)
(1.03389 -0.00476175 0)
(1.03191 -0.00412322 0)
(1.05345 -0.0100925 0)
(1.05057 -0.0089492 0)
(1.04791 -0.00787393 0)
(1.0454 -0.00730469 0)
(1.04305 -0.00680902 0)
(1.04088 -0.00602023 0)
(1.03876 -0.00539725 0)
(1.0367 -0.00538607 0)
(1.03466 -0.00519267 0)
(1.0329 -0.00460205 0)
(1.03094 -0.00396728 0)
(1.05243 -0.00976427 0)
(1.04953 -0.00865447 0)
(1.04686 -0.00760617 0)
(1.04436 -0.00705887 0)
(1.042 -0.00658474 0)
(1.03982 -0.00581341 0)
(1.03772 -0.00520123 0)
(1.03568 -0.00519842 0)
(1.03364 -0.00502123 0)
(1.03187 -0.00443913 0)
(1.02993 -0.0038103 0)
(1.05139 -0.00942657 0)
(1.04847 -0.00835146 0)
(1.0458 -0.00733215 0)
(1.0433 -0.00680724 0)
(1.04093 -0.0063543 0)
(1.03874 -0.00560179 0)
(1.03665 -0.00500221 0)
(1.03464 -0.00500722 0)
(1.0326 -0.0048452 0)
(1.03082 -0.00427286 0)
(1.0289 -0.00365221 0)
(1.05033 -0.00907911 0)
(1.04739 -0.00803994 0)
(1.04472 -0.00705163 0)
(1.04223 -0.00654955 0)
(1.03985 -0.00611749 0)
(1.03765 -0.00538517 0)
(1.03557 -0.00480004 0)
(1.03358 -0.00481228 0)
(1.03153 -0.00466438 0)
(1.02974 -0.0041031 0)
(1.02784 -0.00349293 0)
(1.04927 -0.0087216 0)
(1.04631 -0.00771966 0)
(1.04363 -0.0067644 0)
(1.04115 -0.00628556 0)
(1.03876 -0.0058741 0)
(1.03655 -0.0051634 0)
(1.03448 -0.00459454 0)
(1.03251 -0.00461342 0)
(1.03045 -0.0044786 0)
(1.02866 -0.00392975 0)
(1.02678 -0.00333238 0)
(1.0482 -0.00835377 0)
(1.04523 -0.00739041 0)
(1.04254 -0.00647025 0)
(1.04007 -0.00601504 0)
(1.03767 -0.00562394 0)
(1.03545 -0.00493635 0)
(1.03339 -0.00438557 0)
(1.03143 -0.00441045 0)
(1.02937 -0.00428769 0)
(1.02757 -0.0037527 0)
(1.02571 -0.00317047 0)
(1.04714 -0.00797533 0)
(1.04416 -0.007052 0)
(1.04146 -0.00616897 0)
(1.03899 -0.00573776 0)
(1.03658 -0.00536682 0)
(1.03436 -0.00470388 0)
(1.0323 -0.00417299 0)
(1.03036 -0.00420318 0)
(1.02829 -0.0040915 0)
(1.02648 -0.0035719 0)
(1.02464 -0.00300711 0)
(1.04609 -0.00758606 0)
(1.04309 -0.00670425 0)
(1.04039 -0.00586038 0)
(1.03792 -0.0054535 0)
(1.0355 -0.00510259 0)
(1.03327 -0.0044659 0)
(1.03122 -0.00395664 0)
(1.0293 -0.00399142 0)
(1.02722 -0.00388991 0)
(1.02541 -0.00338728 0)
(1.02358 -0.00284223 0)
(1.04506 -0.00718568 0)
(1.04204 -0.00634699 0)
(1.03934 -0.00554428 0)
(1.03686 -0.00516203 0)
(1.03444 -0.0048311 0)
(1.0322 -0.00422232 0)
(1.03016 -0.00373637 0)
(1.02825 -0.00377499 0)
(1.02617 -0.00368277 0)
(1.02434 -0.0031988 0)
(1.02253 -0.00267574 0)
(1.04404 -0.00677398 0)
(1.04101 -0.00598006 0)
(1.0383 -0.0052205 0)
(1.03583 -0.00486314 0)
(1.0334 -0.00455222 0)
(1.03115 -0.00397305 0)
(1.02912 -0.00351205 0)
(1.02722 -0.00355369 0)
(1.02514 -0.00347 0)
(1.0233 -0.00300643 0)
(1.02151 -0.00250754 0)
(1.04305 -0.0063507 0)
(1.04001 -0.0056033 0)
(1.0373 -0.00488884 0)
(1.03483 -0.00455661 0)
(1.03239 -0.0042658 0)
(1.03013 -0.00371801 0)
(1.02811 -0.00328351 0)
(1.02622 -0.00332735 0)
(1.02413 -0.00325149 0)
(1.02229 -0.00281013 0)
(1.02052 -0.00233753 0)
(1.04209 -0.00591563 0)
(1.03904 -0.00521656 0)
(1.03633 -0.00454912 0)
(1.03386 -0.00424223 0)
(1.03141 -0.00397172 0)
(1.02915 -0.00345712 0)
(1.02714 -0.00305061 0)
(1.02525 -0.00309576 0)
(1.02315 -0.00302714 0)
(1.02131 -0.0026099 0)
(1.01956 -0.00216562 0)
(1.04118 -0.00546855 0)
(1.03811 -0.00481969 0)
(1.0354 -0.00420114 0)
(1.03292 -0.00391979 0)
(1.03047 -0.00366986 0)
(1.0282 -0.0031903 0)
(1.0262 -0.00281318 0)
(1.02433 -0.00285876 0)
(1.02222 -0.00279688 0)
(1.02038 -0.00240568 0)
(1.01864 -0.00199169 0)
(1.0403 -0.00500923 0)
(1.03722 -0.00441253 0)
(1.03451 -0.00384472 0)
(1.03204 -0.00358908 0)
(1.02957 -0.0033601 0)
(1.02731 -0.00291745 0)
(1.02531 -0.00257105 0)
(1.02344 -0.00261616 0)
(1.02133 -0.00256061 0)
(1.01948 -0.00219746 0)
(1.01776 -0.00181561 0)
(1.03948 -0.00453746 0)
(1.03639 -0.00399491 0)
(1.03368 -0.00347967 0)
(1.0312 -0.00324989 0)
(1.02873 -0.00304232 0)
(1.02647 -0.00263848 0)
(1.02448 -0.00232406 0)
(1.02261 -0.00236777 0)
(1.02049 -0.00231825 0)
(1.01865 -0.00198517 0)
(1.01694 -0.00163724 0)
(1.03871 -0.00405304 0)
(1.03562 -0.00356669 0)
(1.0329 -0.00310577 0)
(1.03043 -0.00290203 0)
(1.02795 -0.00271639 0)
(1.02568 -0.00235328 0)
(1.0237 -0.002072 0)
(1.02184 -0.00211341 0)
(1.01972 -0.00206971 0)
(1.01787 -0.00176874 0)
(1.01618 -0.00145642 0)
(1.03802 -0.00355577 0)
(1.03492 -0.00312768 0)
(1.0322 -0.00272282 0)
(1.02972 -0.0025453 0)
(1.02724 -0.00238218 0)
(1.02497 -0.00206171 0)
(1.023 -0.00181469 0)
(1.02114 -0.00185292 0)
(1.01901 -0.00181492 0)
(1.01716 -0.00154809 0)
(1.01549 -0.00127296 0)
(1.03739 -0.00304546 0)
(1.03429 -0.00267772 0)
(1.03157 -0.00233063 0)
(1.02909 -0.00217953 0)
(1.0266 -0.00203957 0)
(1.02433 -0.00176362 0)
(1.02237 -0.00155193 0)
(1.02051 -0.00158612 0)
(1.01838 -0.00155377 0)
(1.01653 -0.00132308 0)
(1.01487 -0.00108665 0)
(1.03685 -0.00252194 0)
(1.03374 -0.00221661 0)
(1.03102 -0.00192897 0)
(1.02854 -0.00180453 0)
(1.02605 -0.00168843 0)
(1.02378 -0.00145886 0)
(1.02182 -0.0012835 0)
(1.01997 -0.00131285 0)
(1.01783 -0.00128617 0)
(1.01598 -0.00109358 0)
(1.01433 -0.000897282 0)
(1.0364 -0.00198503 0)
(1.03329 -0.00174417 0)
(1.03057 -0.00151764 0)
(1.02809 -0.00142014 0)
(1.02559 -0.00132861 0)
(1.02332 -0.00114722 0)
(1.02136 -0.00100918 0)
(1.01952 -0.00103295 0)
(1.01737 -0.00101202 0)
(1.01553 -0.000859386 0)
(1.01389 -0.00070458 0)
(1.03605 -0.00143458 0)
(1.03293 -0.00126022 0)
(1.03021 -0.00109643 0)
(1.02773 -0.00102622 0)
(1.02523 -0.000959991 0)
(1.02296 -0.00082849 0)
(1.02101 -0.000728737 0)
(1.01916 -0.000746284 0)
(1.01702 -0.000731199 0)
(1.01517 -0.000620286 0)
(1.01354 -0.000508262 0)
(1.03581 -0.000870464 0)
(1.03269 -0.000764537 0)
(1.02997 -0.000665122 0)
(1.02749 -0.000622617 0)
(1.02498 -0.000582409 0)
(1.02272 -0.000502438 0)
(1.02076 -0.000441917 0)
(1.01892 -0.000452703 0)
(1.01677 -0.000443592 0)
(1.01493 -0.000376018 0)
(1.0133 -0.000308003 0)
(1.03568 -0.000292483 0)
(1.03256 -0.000256869 0)
(1.02984 -0.000223458 0)
(1.02736 -0.00020919 0)
(1.02485 -0.000195679 0)
(1.02259 -0.000168775 0)
(1.02064 -0.00014844 0)
(1.01879 -0.000152084 0)
(1.01664 -0.000149037 0)
(1.0148 -0.000126278 0)
(1.01317 -0.000103423 0)
)
;

boundaryField
{
    inlet
    {
        type            uniformFixedValue;
        uniformValue    constant (1 0 0);
        value           nonuniform 0();
    }
    outlet
    {
        type            pressureInletOutletVelocity;
        value           nonuniform 0();
    }
    cylinder
    {
        type            fixedValue;
        value           nonuniform 0();
    }
    top
    {
        type            symmetryPlane;
    }
    bottom
    {
        type            symmetryPlane;
    }
    defaultFaces
    {
        type            empty;
    }
    procBoundary30to14
    {
        type            processor;
        value           nonuniform List<vector> 
11
(
(0.704787 -0.00104477 -1.16242e-24)
(0.72482 -0.00108435 -6.19784e-24)
(0.743337 -0.00106644 1.10388e-23)
(0.760593 -0.000995973 1.05232e-23)
(0.776753 -0.000886413 -8.61648e-24)
(0.791843 -0.000759594 -2.47421e-24)
(0.805938 -0.000645015 -3.81641e-24)
(0.819405 -0.000554251 -1.42835e-24)
(0.832186 -0.000487762 -1.55627e-24)
(0.844387 -0.000433629 2.62329e-24)
(0.855435 -0.000410006 3.43936e-24)
)
;
    }
    procBoundary30to29
    {
        type            processor;
        value           nonuniform List<vector> 
99
(
(0.684205 -0.00176022 -1.48047e-26)
(0.685935 -0.00255542 4.75788e-23)
(0.688227 -0.00334435 -2.797e-23)
(0.691069 -0.00412514 -6.51078e-23)
(0.694447 -0.00489597 6.7742e-24)
(0.698342 -0.00565511 -4.96832e-24)
(0.702736 -0.00640091 -8.09684e-23)
(0.707605 -0.00713181 2.29893e-22)
(0.712927 -0.00784638 -1.50561e-22)
(0.718674 -0.00854329 1.25027e-22)
(0.724821 -0.00922135 -1.64181e-22)
(0.731337 -0.00987947 -4.92908e-23)
(0.738192 -0.0105167 2.32543e-22)
(0.745357 -0.0111323 -1.01774e-22)
(0.752799 -0.0117255 -8.17732e-23)
(0.760487 -0.0122958 2.61189e-23)
(0.768389 -0.0128429 -1.38502e-22)
(0.776473 -0.0133663 6.66332e-23)
(0.784708 -0.0138661 -9.94918e-24)
(0.793063 -0.014342 -1.30069e-22)
(0.801508 -0.0147943 1.72043e-22)
(0.810014 -0.0152231 -4.5687e-23)
(0.818552 -0.0156287 -7.51626e-23)
(0.837247 -0.0145345 2.17132e-22)
(0.837247 -0.0145345 2.17132e-22)
(0.845154 -0.014856 2.55456e-23)
(0.85303 -0.0151577 -2.37112e-23)
(0.860854 -0.01544 -4.41641e-23)
(0.868607 -0.0157034 -2.92277e-23)
(0.876269 -0.0159485 1.12257e-22)
(0.883824 -0.0161761 3.84578e-24)
(0.891257 -0.0163866 -1.22944e-23)
(0.898554 -0.0165809 2.57699e-23)
(0.905702 -0.0167597 -1.98679e-22)
(0.91269 -0.0169235 5.68103e-23)
(0.919509 -0.0170729 -4.58348e-23)
(0.92615 -0.0172092 1.06477e-22)
(0.932605 -0.0173349 9.85101e-23)
(0.93887 -0.0174489 4.59026e-24)
(0.946208 -0.0175551 0)
(0.954837 -0.0176543 0)
(0.963282 -0.0177366 0)
(0.971513 -0.0178003 0)
(0.979501 -0.0178441 0)
(0.987219 -0.017868 0)
(0.99464 -0.017872 0)
(1.00174 -0.0178564 0)
(1.0085 -0.0178214 0)
(1.01489 -0.0177673 0)
(1.0209 -0.0176946 0)
(1.02652 -0.0176038 0)
(1.03173 -0.0174954 0)
(1.03652 -0.0173702 0)
(1.04089 -0.017229 0)
(1.04484 -0.0170725 0)
(1.04837 -0.0169017 0)
(1.05149 -0.0167176 0)
(1.0542 -0.0165209 0)
(1.05652 -0.0163128 0)
(1.05847 -0.016094 0)
(1.06006 -0.0158654 0)
(1.06132 -0.0156276 0)
(1.06228 -0.0153815 0)
(1.06294 -0.0151274 0)
(1.06335 -0.0148657 0)
(1.06353 -0.0145969 0)
(1.0635 -0.0143209 0)
(1.0633 -0.0140379 0)
(1.06293 -0.0137478 0)
(1.06243 -0.0134505 0)
(1.06182 -0.0131457 0)
(1.0611 -0.0128332 0)
(1.06031 -0.0125128 0)
(1.05945 -0.012184 0)
(1.05854 -0.0118465 0)
(1.05759 -0.0115 0)
(1.0566 -0.0111441 0)
(1.05559 -0.0107784 0)
(1.05456 -0.0104027 0)
(1.05351 -0.0100166 0)
(1.05246 -0.00961985 0)
(1.05141 -0.00921203 0)
(1.05037 -0.0087929 0)
(1.04933 -0.00836216 0)
(1.04831 -0.00791952 0)
(1.0473 -0.00746469 0)
(1.04633 -0.00699739 0)
(1.04538 -0.00651734 0)
(1.04448 -0.00602427 0)
(1.04361 -0.00551789 0)
(1.0428 -0.00499796 0)
(1.04205 -0.0044642 0)
(1.04136 -0.00391638 0)
(1.04074 -0.00335426 0)
(1.04021 -0.00277762 0)
(1.03977 -0.00218626 0)
(1.03942 -0.00158001 0)
(1.03918 -0.00095869 0)
(1.03905 -0.000322124 0)
)
;
    }
    procBoundary30to31
    {
        type            processor;
        value           nonuniform List<vector> 
99
(
(0.867008 -0.000670916 -9.0791e-24)
(0.867556 -0.000945418 9.4743e-24)
(0.868284 -0.00121823 -9.69878e-25)
(0.869188 -0.00148889 -4.00682e-24)
(0.870268 -0.00175691 4.86928e-24)
(0.871518 -0.00202185 8.31572e-25)
(0.872935 -0.00228327 -4.04112e-23)
(0.874513 -0.00254073 5.91085e-23)
(0.876248 -0.00279382 5.55472e-24)
(0.878135 -0.00304216 -5.25604e-23)
(0.880166 -0.00328538 3.05575e-23)
(0.882336 -0.00352311 1.49166e-23)
(0.884637 -0.00375505 -3.79074e-23)
(0.887063 -0.00398087 2.5586e-23)
(0.889606 -0.0042003 8.93827e-24)
(0.892258 -0.0044131 -1.03418e-23)
(0.895011 -0.00461901 -4.24827e-23)
(0.897858 -0.00481786 9.64882e-23)
(0.900789 -0.00500944 9.40842e-24)
(0.903797 -0.00519363 -1.36017e-22)
(0.906874 -0.00537029 9.66208e-23)
(0.91001 -0.00553932 2.10697e-23)
(0.913198 -0.00570064 -3.438e-23)
(0.916429 -0.00585423 -6.56762e-23)
(0.919695 -0.00600004 3.42558e-23)
(0.922989 -0.00613807 1.81517e-24)
(0.926301 -0.00626837 -6.6757e-24)
(0.929625 -0.00639096 2.76981e-23)
(0.932953 -0.00650591 -4.72346e-24)
(0.936278 -0.00661332 1.86377e-23)
(0.939593 -0.00671328 -2.9409e-23)
(0.942891 -0.00680592 -2.4946e-23)
(0.946165 -0.00689138 6.39158e-23)
(0.949411 -0.0069698 -1.3849e-23)
(0.952621 -0.00704135 -1.00204e-23)
(0.955791 -0.00710625 -2.03345e-24)
(0.958916 -0.00716484 -2.76013e-24)
(0.961991 -0.00721718 -4.25497e-25)
(0.961991 -0.00721718 -4.25497e-25)
(0.967441 -0.0073158 0)
(0.971549 -0.00738523 0)
(0.975649 -0.00744496 0)
(0.979723 -0.00749427 0)
(0.983758 -0.00753287 0)
(0.987735 -0.00756065 0)
(0.991637 -0.00757751 0)
(0.99545 -0.00758341 0)
(0.999155 -0.00757837 0)
(1.00274 -0.00756248 0)
(1.00618 -0.00753587 0)
(1.00947 -0.00749877 0)
(1.01259 -0.00745144 0)
(1.01553 -0.00739419 0)
(1.01829 -0.00732741 0)
(1.02084 -0.00725152 0)
(1.02318 -0.00716697 0)
(1.02531 -0.00707427 0)
(1.02723 -0.00697392 0)
(1.02892 -0.00686648 0)
(1.03039 -0.00675247 0)
(1.03165 -0.00663246 0)
(1.03269 -0.00650698 0)
(1.03353 -0.00637656 0)
(1.03416 -0.00624171 0)
(1.0346 -0.0061029 0)
(1.03486 -0.00596059 0)
(1.03495 -0.00581519 0)
(1.03488 -0.00566705 0)
(1.03467 -0.00551651 0)
(1.03432 -0.00536385 0)
(1.03385 -0.00520931 0)
(1.03327 -0.00505307 0)
(1.0326 -0.00489529 0)
(1.03185 -0.00473608 0)
(1.03103 -0.00457551 0)
(1.03015 -0.00441362 0)
(1.02922 -0.00425042 0)
(1.02825 -0.00408589 0)
(1.02726 -0.00391999 0)
(1.02624 -0.00375265 0)
(1.02521 -0.00358379 0)
(1.02417 -0.00341331 0)
(1.02313 -0.0032411 0)
(1.0221 -0.00306703 0)
(1.02108 -0.00289095 0)
(1.02008 -0.00271272 0)
(1.01911 -0.00253217 0)
(1.01817 -0.00234913 0)
(1.01727 -0.00216342 0)
(1.01641 -0.00197484 0)
(1.01561 -0.0017832 0)
(1.01486 -0.00158829 0)
(1.01418 -0.00138989 0)
(1.01357 -0.00118778 0)
(1.01304 -0.000981737 0)
(1.0126 -0.000771519 0)
(1.01226 -0.000556882 0)
(1.01202 -0.000337576 0)
(1.0119 -0.000113362 0)
)
;
    }
}


// ************************************************************************* //
