/*--------------------------------*- C++ -*----------------------------------*\
  =========                 |
  \\      /  F ield         | OpenFOAM: The Open Source CFD Toolbox
   \\    /   O peration     | Website:  https://openfoam.org
    \\  /    A nd           | Version:  7
     \\/     M anipulation  |
\*---------------------------------------------------------------------------*/
FoamFile
{
    version     2.0;
    format      ascii;
    class       volVectorField;
    location    "59";
    object      U;
}
// * * * * * * * * * * * * * * * * * * * * * * * * * * * * * * * * * * * * * //

dimensions      [0 1 -1 0 0 0 0];

internalField   nonuniform List<vector> 
1063
(
(-0.000228063 0.00165235 1.97064e-21)
(-0.000271412 0.0020932 -1.09555e-23)
(-0.000331577 0.00252821 9.47359e-21)
(-0.000408221 0.00295616 1.19755e-20)
(-0.000500942 0.00337589 -2.10718e-21)
(-0.00060928 0.00378628 1.70744e-20)
(-0.000732725 0.0041863 -5.92675e-20)
(-0.000870719 0.00457499 4.91949e-20)
(-0.00102266 0.00495146 -7.81016e-21)
(-0.00118792 0.00531492 -4.30179e-21)
(-0.00136583 0.00566466 4.18344e-20)
(-0.0015557 0.00600005 5.32954e-20)
(-0.00175681 0.00632055 -9.93105e-20)
(-0.00196845 0.00662569 5.56984e-20)
(-0.00593624 0.0174937 3.31976e-20)
(-0.00218986 0.00691505 4.18519e-20)
(-0.00650359 0.0182642 -2.75079e-20)
(-0.0024203 0.0071883 -4.67972e-20)
(-0.0070941 0.018991 4.36838e-20)
(-0.00265899 0.00744514 4.60029e-20)
(-0.00770553 0.0196729 -1.08187e-19)
(-0.00290516 0.00768531 8.12473e-21)
(-0.00833555 0.0203091 5.75651e-20)
(-0.00315801 0.00790858 -5.73084e-20)
(-0.00898175 0.0208984 -1.19375e-20)
(-0.0148017 0.0314113 4.63118e-20)
(-0.00341674 0.00811476 8.81317e-21)
(-0.00964162 0.0214401 -2.01675e-20)
(-0.0157406 0.032221 6.48895e-20)
(-0.00368052 0.00830367 9.61965e-20)
(-0.0103126 0.0219334 -1.04934e-19)
(-0.016692 0.0329548 -1.28878e-19)
(-0.00394851 0.00847515 2.99202e-20)
(-0.0109919 0.0223773 1.38016e-19)
(-0.0176511 0.0336113 1.90263e-19)
(-0.00421988 0.00862903 -1.17555e-19)
(-0.0116767 0.0227712 -1.61737e-19)
(-0.0186127 0.0341888 -9.59879e-20)
(-0.02478 0.0431255 1.16619e-19)
(-0.00449373 0.0087652 -2.41248e-21)
(-0.0123642 0.0231144 -7.09242e-20)
(-0.0195716 0.0346858 1.61768e-20)
(-0.0258773 0.0437281 4.60113e-20)
(-0.00476919 0.00888351 5.69728e-20)
(-0.0130512 0.023406 8.1456e-20)
(-0.020522 0.0351007 -5.33336e-20)
(-0.0269518 0.0442218 -4.56658e-20)
(-0.00504535 0.00898386 1.82514e-20)
(-0.0137347 0.0236455 1.71281e-19)
(-0.0214581 0.0354322 4.57847e-20)
(-0.027994 0.0446042 -4.35746e-20)
(-0.0053213 0.00906618 -5.0382e-20)
(-0.0144114 0.0238322 -2.19583e-19)
(-0.0223737 0.0356787 -2.81036e-19)
(-0.0289943 0.044873 -9.38662e-20)
(-0.0342017 0.0516393 1.01063e-19)
(-0.0055961 0.00913039 -4.12377e-20)
(-0.0150778 0.0239654 1.24864e-19)
(-0.0232621 0.0358389 1.30513e-19)
(-0.0299422 0.0450257 1.1885e-19)
(-0.035047 0.0517599 8.2234e-20)
(-0.00586881 0.00917646 -3.4876e-20)
(-0.0157305 0.0240447 -4.68133e-20)
(-0.0241166 0.0359115 1.2298e-19)
(-0.0308267 0.0450604 -1.52613e-19)
(-0.0357897 0.0517362 4.7729e-20)
(-0.00613846 0.00920438 2.09189e-19)
(-0.0163656 0.0240696 1.92672e-20)
(-0.0249297 0.0358953 -2.66498e-21)
(-0.031636 0.044975 -1.47826e-19)
(-0.0364126 0.0515654 -8.74568e-20)
(-0.0392074 0.0559346 -2.07319e-19)
(-0.00640407 0.00921415 1.29217e-19)
(-0.0169793 0.0240396 -1.19015e-19)
(-0.0256936 0.0357893 -2.666e-19)
(-0.0323575 0.0447678 9.58617e-20)
(-0.0368975 0.0512453 6.10326e-20)
(-0.0392609 0.0555015 8.99976e-21)
(-0.0066646 0.00920581 -2.44575e-19)
(-0.0175673 0.0239544 1.68494e-19)
(-0.0263999 0.0355927 1.87008e-19)
(-0.0329775 0.0444374 -9.4709e-20)
(-0.0372245 0.0507737 -8.74947e-20)
(-0.0390867 0.0548945 2.32764e-19)
(-0.0385203 0.057088 -1.86814e-19)
(-0.00691896 0.00917939 6.88285e-20)
(-0.0181253 0.0238136 3.36407e-20)
(-0.0270396 0.0353046 -1.99844e-20)
(-0.0334815 0.0439827 2.69308e-19)
(-0.0373725 0.0501495 -1.45123e-19)
(-0.0386559 0.0541121 -2.16506e-19)
(-0.0372844 0.0561709 -2.86417e-20)
(-0.00716601 0.00913492 -1.57012e-19)
(-0.0186483 0.0236171 6.69219e-20)
(-0.0276029 0.0349247 -2.70223e-20)
(-0.0338536 0.0434032 2.63389e-20)
(-0.0373183 0.049372 6.51131e-20)
(-0.0379372 0.0531539 7.84146e-20)
(-0.035658 0.0550625 7.96027e-20)
(-0.00740447 0.0090724 2.40767e-19)
(-0.0191311 0.0233645 -2.87307e-19)
(-0.028079 0.0344526 -1.72204e-19)
(-0.0340764 0.0426987 -8.27785e-20)
(-0.0370372 0.0484417 1.32248e-19)
(-0.0368971 0.052021 1.0962e-19)
(-0.0335974 0.0537647 4.60022e-20)
(-0.0270747 0.0539811 1.31631e-19)
(-0.00763293 0.00899178 -2.14423e-19)
(-0.0195679 0.0230556 1.17883e-19)
(-0.0284564 0.0338883 1.08579e-19)
(-0.0341313 0.0418698 -8.32227e-20)
(-0.0365022 0.0473599 2.27944e-20)
(-0.0354993 0.0507161 -7.59217e-22)
(-0.0310561 0.0522816 -2.34887e-19)
(-0.0230976 0.0523784 -4.48239e-19)
(-0.00784978 0.00889293 -6.67078e-20)
(-0.019952 0.0226899 -1.73788e-20)
(-0.0287223 0.033232 -1.2384e-19)
(-0.0339978 0.0409174 -1.0211e-19)
(-0.0356839 0.046129 1.21275e-19)
(-0.0337044 0.0492434 -4.67902e-20)
(-0.0279838 0.0506198 2.12791e-19)
(-0.0184336 0.0505948 1.77236e-19)
(-0.00494325 0.0494812 3.5176e-19)
(-0.00805331 0.00877563 1.58283e-19)
(-0.0202764 0.0222675 -1.65204e-20)
(-0.0288623 0.0324842 4.33122e-20)
(-0.0336536 0.0398433 7.5639e-20)
(-0.0345506 0.0447526 -2.48631e-19)
(-0.0314705 0.0476091 6.90145e-20)
(-0.024327 0.0487886 -9.67044e-21)
(-0.0130169 0.0486431 -2.83325e-20)
(0.00258909 0.0474999 -7.58959e-21)
(-0.00824139 0.00863967 -1.54309e-19)
(-0.0205332 0.021788 1.40889e-19)
(-0.0288609 0.0316451 -6.75405e-21)
(-0.0330741 0.0386497 4.93898e-20)
(-0.033068 0.0432358 1.37459e-19)
(-0.0287522 0.0458214 1.87116e-21)
(-0.0200288 0.0468002 -2.37804e-20)
(-0.00677822 0.0465402 -1.82365e-19)
(0.0111483 0.0453835 3.50329e-22)
(0.0339301 0.0436507 2.15381e-20)
(-0.00841151 0.00848459 5.44389e-21)
(-0.0207134 0.0212509 -1.27903e-20)
(-0.0287011 0.0307157 2.24973e-19)
(-0.0322331 0.0373397 -2.39084e-19)
(-0.0311995 0.0415846 4.56546e-20)
(-0.0255015 0.0438905 -1.57954e-19)
(-0.0150289 0.0446697 1.7839e-19)
(0.000354912 0.0443066 -4.58788e-20)
(0.0208184 0.043159 -1.70108e-19)
(0.0465611 0.041563 -1.1873e-19)
(-0.00856089 0.00830992 2.0243e-19)
(-0.0208069 0.0206556 1.73358e-20)
(-0.0283642 0.029697 -2.51075e-19)
(-0.031102 0.0359172 7.30186e-20)
(-0.0289054 0.0398066 -2.5257e-19)
(-0.0216673 0.0418287 1.60699e-19)
(-0.00926412 0.0424152 -4.79933e-20)
(0.00845757 0.0419672 -7.94762e-21)
(0.0316853 0.0408587 6.84043e-20)
(0.0606356 0.039441 1.62198e-19)
(0.0955394 0.0380494 -3.30408e-19)
(-0.00868633 0.00811502 -7.04574e-20)
(-0.0208026 0.0200015 -1.7765e-19)
(-0.0278298 0.0285904 6.78548e-20)
(-0.0296501 0.0343866 1.71168e-19)
(-0.0261439 0.0379108 1.75396e-19)
(-0.0171958 0.0396506 1.08709e-19)
(-0.00266891 0.0400575 -6.69565e-21)
(0.0176066 0.0395506 1.94781e-19)
(0.0438347 0.0385196 2.85838e-20)
(0.0762445 0.0373307 -4.05325e-20)
(0.115069 0.0363328 4.60559e-19)
(0.160511 0.035864 3.73567e-20)
(-0.00878411 0.0078991 5.56292e-20)
(-0.0206881 0.0192881 1.60368e-19)
(-0.0270758 0.0273974 8.06185e-21)
(-0.0278445 0.0327532 -1.94232e-20)
(-0.0228708 0.0359073 2.74367e-20)
(-0.012031 0.0373725 -5.89829e-20)
(0.00482416 0.0376208 1.07934e-19)
(0.0278794 0.037089 -5.86601e-20)
(0.0573514 0.0361832 -6.49088e-20)
(0.0934737 0.0352837 -3.37957e-20)
(0.136469 0.0347506 -3.55738e-19)
(0.186508 0.0349282 -1.73344e-19)
(-0.00885 0.00766135 -1.15602e-19)
(-0.0204501 0.0185148 -2.28005e-19)
(-0.0260783 0.0261201 -6.24056e-21)
(-0.0256503 0.0310231 -4.12791e-20)
(-0.0190398 0.0338079 -2.56515e-19)
(-0.00611525 0.0350131 1.22782e-19)
(0.0132835 0.0351315 -5.1491e-21)
(0.039353 0.0346183 2.38504e-20)
(0.0723165 0.0338953 -5.12696e-19)
(0.112402 0.033356 2.21274e-19)
(0.159805 0.0333688 1.59917e-19)
(0.21464 0.0342795 4.27847e-20)
(0.276875 0.0364093 -1.7796e-19)
(-0.00887929 0.00740089 1.0385e-20)
(-0.0200736 0.0176813 1.32631e-19)
(-0.0248118 0.0247609 1.86116e-20)
(-0.0230308 0.0292033 7.15634e-20)
(-0.0146026 0.0316258 8.15681e-20)
(0.000610524 0.032593 3.70911e-20)
(0.0227777 0.0326189 -9.14074e-20)
(0.0521023 0.0321773 -1.11411e-19)
(0.088806 0.0317051 1.91657e-19)
(0.133098 0.031607 -1.99844e-21)
(0.185126 0.0322567 -1.70066e-19)
(0.244919 0.0339952 -1.23251e-20)
(0.31231 0.0371237 -1.46563e-20)
(-0.00886671 0.00711686 -8.02322e-20)
(-0.0195427 0.0167874 -8.17729e-20)
(-0.0232492 0.0233228 -4.01643e-20)
(-0.0199477 0.0273021 -1.35547e-19)
(-0.00951005 0.0293757 -1.36262e-19)
(0.00820579 0.0301348 9.61812e-20)
(0.033374 0.0301149 -1.24471e-19)
(0.0661985 0.0298076 7.15459e-20)
(0.106888 0.0296643 -1.02469e-19)
(0.155615 0.0300986 -4.97695e-20)
(0.212458 0.0314849 7.84586e-20)
(0.277323 0.0341524 -1.65513e-19)
(0.349871 0.0383724 -1.75063e-19)
(0.429431 0.0443392 1.70365e-19)
(-0.0188402 0.0158332 1.84965e-19)
(-0.0213619 0.0218097 1.36219e-19)
(-0.0163612 0.0253285 1.97721e-19)
(-0.00371178 0.0270739 -8.75578e-20)
(0.0167297 0.0276634 -1.8463e-19)
(0.0451375 0.0276535 4.51082e-20)
(0.0817073 0.0275534 -7.75912e-21)
(0.126621 0.0278271 -3.61989e-20)
(0.179994 0.0288938 3.58365e-19)
(0.241803 0.0311232 5.48068e-21)
(0.311801 0.0348244 2.68914e-19)
(0.389429 0.0402279 7.0205e-20)
(0.473735 0.0474599 -1.75598e-19)
(0.563337 0.0565264 5.48574e-20)
(-0.0191202 0.0202261 1.69824e-20)
(-0.0122306 0.0232931 -2.96521e-19)
(0.00284265 0.0247383 2.33986e-19)
(0.0262403 0.0252053 1.08763e-19)
(0.0581299 0.0252711 -7.80914e-20)
(0.0986874 0.0254609 -7.14746e-20)
(0.148051 0.026249 2.04695e-19)
(0.206253 0.0280558 -1.52825e-19)
(0.273137 0.0312393 -1.81721e-19)
(0.348263 0.0360788 4.89665e-21)
(0.430808 0.0427516 1.51563e-19)
(0.5195 0.0513035 -5.05472e-20)
(0.612597 0.0616321 -1.62563e-19)
(0.707883 0.0733802 -9.13301e-20)
(-0.00751448 0.021208 2.15733e-19)
(0.0102034 0.0223888 -4.60084e-20)
(0.0367934 0.0227894 -8.08602e-20)
(0.0724075 0.0230059 3.99802e-21)
(0.117188 0.0235779 -4.41491e-20)
(0.171208 0.0249861 -2.27904e-19)
(0.234389 0.0276466 -1.13342e-19)
(0.306406 0.0318969 2.94996e-19)
(0.38658 0.0379752 -5.15989e-20)
(0.47379 0.045992 7.81909e-21)
(0.566409 0.0558998 6.14453e-20)
(0.662323 0.0674793 6.45968e-20)
(0.758978 0.0802481 2.21297e-19)
(-0.00217134 0.0190867 -2.52071e-19)
(0.0184195 0.0200473 -9.58798e-20)
(0.0484418 0.0204467 2.69848e-19)
(0.0880206 0.0208986 -5.73529e-20)
(0.137248 0.0219537 8.03456e-20)
(0.196107 0.0240948 5.97657e-20)
(0.264376 0.027726 8.39774e-20)
(0.341522 0.0331544 -1.3125e-19)
(0.426589 0.0405635 2.06942e-19)
(0.518116 0.0499829 8.68533e-20)
(0.614106 0.061259 -3.22017e-20)
(0.712079 0.0740488 2.61034e-20)
(0.809185 0.0877509 1.36651e-19)
(0.902587 0.101865 2.03062e-19)
(0.0275384 0.0177377 1.85891e-20)
(0.0612339 0.0182103 -5.4203e-20)
(0.105012 0.0189912 2.75218e-20)
(0.158893 0.0206385 -6.90885e-20)
(0.222742 0.0236307 -1.13861e-21)
(0.29616 0.0283509 -1.60004e-19)
(0.378365 0.0350633 1.0256e-19)
(0.468084 0.0438824 -5.96372e-20)
(0.563491 0.0547421 -2.03226e-19)
(0.662208 0.0673711 -3.19827e-20)
(0.761418 0.0812988 3.10809e-20)
(0.858043 0.0958149 -2.08569e-19)
(0.94915 0.110311 -2.88129e-20)
(1.0318 0.123138 1.07109e-19)
(0.0752132 0.0161155 4.7448e-20)
(0.123414 0.0173277 1.92063e-19)
(0.182134 0.0196831 4.25536e-20)
(0.251088 0.023648 -7.24814e-20)
(0.329662 0.0295735 3.00654e-19)
(0.416783 0.0376671 -9.61257e-20)
(0.510829 0.0479586 -3.09701e-20)
(0.609589 0.0602714 6.06389e-20)
(0.710315 0.0742072 1.38953e-19)
(0.8099 0.089169 2.73165e-20)
(0.905124 0.104351 -1.8063e-20)
(0.993074 0.119062 -4.78536e-20)
(1.07111 0.131797 -9.04115e-20)
(1.13845 0.144104 3.82738e-19)
(0.143251 0.0159536 1.3587e-20)
(0.206967 0.0191384 1.82573e-19)
(0.281098 0.0241988 3.99475e-20)
(0.364773 0.0314412 -1.2779e-19)
(0.456593 0.0410005 -2.70139e-19)
(0.554556 0.0528056 -3.71412e-20)
(0.656061 0.0665563 -4.27465e-20)
(0.758021 0.0817219 -1.34583e-19)
(0.857105 0.0975841 -1.58146e-19)
(0.95005 0.113259 -1.00662e-19)
(1.03408 0.128007 -7.83373e-20)
(1.10695 0.140476 -1.96809e-20)
(1.16814 0.151953 -2.0735e-19)
(1.21417 0.155911 -4.52649e-19)
(0.233372 0.0190548 -2.90159e-19)
(0.312703 0.0253323 7.77098e-20)
(0.401359 0.0339948 -1.90597e-19)
(0.497581 0.0450879 4.34289e-19)
(0.59897 0.0584238 -1.01571e-20)
(0.702545 0.0735678 1.58861e-19)
(0.804927 0.0898552 5.92944e-20)
(0.902647 0.106458 3.28596e-20)
(0.992502 0.122438 1.35669e-19)
(1.07197 0.137038 1.90738e-19)
(1.13928 0.149071 -1.04564e-19)
(1.19426 0.159635 1.78878e-19)
(1.23474 0.163275 1.80773e-19)
(0.345808 0.0270937 -1.20825e-19)
(0.439257 0.0372679 9.83658e-20)
(0.539509 0.0499433 8.97584e-20)
(0.64376 0.0648005 -2.23853e-19)
(0.748678 0.0812627 -2.17415e-19)
(0.850657 0.098536 -1.58466e-19)
(0.946183 0.1157 8.2096e-20)
(1.03223 0.131789 -2.60349e-19)
(1.10663 0.146059 -1.46449e-19)
(1.16812 0.157502 2.90879e-20)
(1.21695 0.167086 -3.34337e-20)
(1.25205 0.170282 7.78582e-20)
(0.478283 0.0412863 1.98923e-19)
(0.582117 0.0555696 -5.0916e-19)
(0.688604 0.0719102 2.97625e-20)
(0.794103 0.0895865 1.49093e-19)
(0.89486 0.107685 2.84634e-19)
(0.987426 0.125217 1.29659e-20)
(1.06905 0.141216 1.0285e-19)
(1.138 0.154988 1.87206e-19)
(1.19357 0.165704 -4.77988e-20)
(1.23644 0.17426 -9.24128e-21)
(1.26643 0.176915 1.2117e-19)
(0.625131 0.0619588 2.65351e-19)
(0.733177 0.079716 1.08406e-19)
(0.838478 0.0984752 2.11575e-19)
(0.937229 0.11722 -1.32454e-19)
(1.02615 0.134918 -3.27232e-20)
(1.10286 0.150636 3.85338e-20)
(1.16612 0.163757 -2.00921e-19)
(1.21578 0.173634 -3.78889e-20)
(1.25295 0.181134 -2.19947e-20)
(1.27817 0.18318 -7.4463e-20)
(0.77716 0.0881709 1.92276e-19)
(0.881492 0.107858 -2.90555e-19)
(0.977503 0.127055 7.49174e-20)
(1.06219 0.144718 -2.21243e-20)
(1.13361 0.159976 1.29729e-19)
(1.19107 0.172313 2.44168e-19)
(1.23495 0.181267 9.49346e-22)
(1.26676 0.187701 -4.13014e-20)
(1.28758 0.189093 -1.71347e-19)
(1.01547 0.13711 -6.48961e-20)
(1.09543 0.154542 1.54606e-19)
(1.16132 0.169177 -6.47399e-20)
(1.21298 0.180621 -1.08579e-19)
(1.2513 0.18859 6.00416e-20)
(1.27813 0.193965 2.21282e-19)
(1.29497 0.194685 5.84249e-21)
(1.12584 0.164323 -3.73546e-19)
(1.18605 0.178193 -9.19262e-20)
(1.23202 0.188658 -7.59392e-20)
(1.26507 0.195606 -1.01818e-19)
(1.28734 0.199945 1.32298e-20)
(1.30061 0.19999 9.1698e-20)
(1.20793 0.186991 -7.86751e-21)
(1.24839 0.196415 -5.40399e-20)
(1.27651 0.202327 1.88427e-19)
(1.29464 0.205662 -1.82609e-19)
(1.30475 0.205048 -1.11613e-19)
(1.28586 0.208771 4.44625e-20)
(1.30028 0.211146 2.79949e-20)
(1.30762 0.209898 -6.44224e-20)
(1.30448 0.216427 -3.95446e-20)
(1.30941 0.214576 1.41784e-19)
(-0.000192836 0.000758215 -2.89151e-21)
(-0.000201803 0.00120693 9.32733e-22)
(1.30951 0.218882 -9.97376e-21)
(1.30992 0.214877 5.64865e-20)
(1.3097 0.210782 -7.74338e-20)
(1.30872 0.206567 -2.2661e-20)
(1.30684 0.202199 -6.83209e-22)
(1.30388 0.197641 -5.05075e-20)
(1.29965 0.192856 2.57053e-20)
(1.29391 0.187804 -1.70855e-20)
(1.28642 0.182447 -1.28656e-19)
(1.27689 0.176753 4.80844e-20)
(1.26505 0.170699 -6.31179e-21)
(1.30764 0.218067 -2.03491e-21)
(1.30882 0.214455 1.79606e-20)
(1.30954 0.210795 5.491e-20)
(1.30971 0.207063 6.37191e-20)
(1.30923 0.203233 4.68598e-20)
(1.30795 0.199276 7.57232e-20)
(1.30573 0.195157 -1.67686e-20)
(1.30238 0.190843 2.21756e-20)
(1.29769 0.186294 3.82908e-20)
(1.29145 0.181474 -7.96444e-20)
(1.28338 0.17635 2.33975e-20)
(1.30491 0.21682 -1.1054e-20)
(1.30666 0.213538 -9.41903e-21)
(1.30807 0.210236 -7.94753e-20)
(1.30909 0.206898 -3.67216e-20)
(1.30964 0.203503 -1.01908e-19)
(1.30963 0.200029 -5.02097e-20)
(1.30893 0.196447 -5.13872e-20)
(1.30741 0.192725 6.77068e-20)
(1.3049 0.188828 -3.07446e-20)
(1.30123 0.184718 3.9428e-20)
(1.29616 0.180355 -7.97595e-20)
(1.30148 0.215162 2.47519e-20)
(1.30365 0.212147 -3.08248e-20)
(1.30557 0.209128 7.6735e-20)
(1.3072 0.206092 -9.53936e-20)
(1.3085 0.203027 9.1077e-20)
(1.30939 0.199914 1.13344e-19)
(1.30979 0.196729 1.29333e-19)
(1.3096 0.193447 -6.22625e-20)
(1.3087 0.190036 1.09847e-20)
(1.30694 0.186459 2.51063e-20)
(1.30414 0.182678 4.82841e-20)
(1.2975 0.213135 -3.83044e-20)
(1.29997 0.210347 1.54393e-20)
(1.30226 0.207563 -1.03403e-20)
(1.30434 0.204775 7.66626e-20)
(1.30617 0.201972 1.63291e-20)
(1.30771 0.199143 -9.07453e-20)
(1.3089 0.19627 -1.83446e-20)
(1.30967 0.193332 -3.60155e-20)
(1.30993 0.190305 -4.93753e-21)
(1.30957 0.187157 -9.44742e-20)
(1.30847 0.183854 6.83703e-21)
(1.29307 0.2108 4.70357e-20)
(1.29577 0.208217 4.07506e-20)
(1.29833 0.205639 -1.10628e-20)
(1.30074 0.203064 8.03643e-22)
(1.30295 0.200484 -1.27943e-20)
(1.30496 0.197891 -5.045e-20)
(1.30672 0.195274 -7.54711e-20)
(1.30818 0.192616 9.22696e-20)
(1.30928 0.1899 2.82149e-20)
(1.30995 0.187101 1.383e-21)
(1.31008 0.184191 -1.19671e-20)
(1.28831 0.2082 -1.41986e-20)
(1.29118 0.205803 -4.0728e-21)
(1.29394 0.203413 5.07388e-20)
(1.29658 0.201028 -7.20039e-21)
(1.29908 0.198643 -3.37644e-20)
(1.30142 0.196252 9.72292e-20)
(1.30359 0.193849 2.9681e-20)
(1.30554 0.191421 -4.38501e-20)
(1.30723 0.188956 -4.54579e-20)
(1.30862 0.186435 -1.48175e-21)
(1.30964 0.183837 1.19603e-21)
(1.28335 0.205368 -8.03329e-21)
(1.28632 0.203143 -1.02587e-20)
(1.28921 0.200925 -3.70187e-20)
(1.29201 0.198711 3.10762e-20)
(1.29471 0.1965 3.27684e-20)
(1.29729 0.194287 -5.16858e-20)
(1.29973 0.192068 4.2946e-20)
(1.30203 0.189834 3.55445e-20)
(1.30414 0.187576 1.80874e-20)
(1.30604 0.185281 9.81208e-20)
(1.30767 0.182933 -2.1943e-20)
(1.28132 0.200271 -1.9287e-20)
(1.28428 0.198209 1.22626e-20)
(1.28718 0.196153 -3.07353e-20)
(1.29 0.194101 -4.77315e-20)
(1.29273 0.192049 -7.98687e-21)
(1.29537 0.189993 -4.05991e-20)
(1.29789 0.187929 1.90764e-20)
(1.30029 0.18585 -1.70453e-21)
(1.30253 0.183746 -6.94215e-20)
(1.30459 0.181607 7.17109e-20)
(1.27629 0.197225 2.21387e-21)
(1.27927 0.195306 -1.13577e-20)
(1.28221 0.193394 1.0999e-20)
(1.28509 0.191486 4.72459e-20)
(1.28791 0.18958 7.73237e-20)
(1.29066 0.187673 -3.91376e-20)
(1.29333 0.185763 -5.19695e-20)
(1.29591 0.183843 -2.35593e-20)
(1.29838 0.181907 8.18479e-20)
(1.30073 0.179947 -9.55929e-20)
(1.27132 0.19404 -8.67954e-21)
(1.27428 0.192251 -2.33554e-21)
(1.27721 0.190468 -2.31445e-20)
(1.2801 0.188692 -2.13839e-20)
(1.28295 0.186919 -7.41603e-20)
(1.28576 0.185148 9.43308e-20)
(1.28851 0.183376 -9.12986e-21)
(1.29119 0.181599 4.47122e-20)
(1.2938 0.179813 -6.13509e-20)
(1.29633 0.178012 9.66412e-20)
(1.26648 0.190746 1.72376e-20)
(1.2694 0.189074 1.45315e-20)
(1.27229 0.18741 -1.38107e-20)
(1.27515 0.185753 2.3386e-22)
(1.27799 0.184101 3.04609e-20)
(1.2808 0.182452 -6.93431e-20)
(1.28357 0.180806 -1.49126e-20)
(1.2863 0.179158 2.3611e-20)
(1.28898 0.177507 3.06254e-20)
(1.29159 0.175846 -8.30283e-20)
(1.29414 0.174172 1.59349e-20)
(1.2618 0.187366 -1.86308e-20)
(1.26465 0.185802 7.33701e-21)
(1.26749 0.184246 -1.76345e-21)
(1.2703 0.182697 2.49119e-21)
(1.2731 0.181154 9.52065e-21)
(1.27587 0.179617 4.24438e-20)
(1.27863 0.178084 2.88307e-20)
(1.28135 0.176553 -8.33222e-21)
(1.28404 0.175022 -4.70396e-20)
(1.2867 0.173488 3.85772e-20)
(1.2893 0.171946 4.07437e-21)
(1.25728 0.183914 1.01475e-20)
(1.26007 0.182451 1.04449e-20)
(1.26284 0.180995 3.59057e-21)
(1.26559 0.179546 -2.17842e-20)
(1.26833 0.178104 1.27844e-20)
(1.27105 0.176668 -2.18909e-22)
(1.27376 0.175238 6.35439e-21)
(1.27645 0.173813 -3.74105e-20)
(1.27912 0.17239 4.70385e-20)
(1.28176 0.170968 -3.8494e-20)
(1.28438 0.169544 8.47508e-20)
(1.25292 0.180401 4.70024e-21)
(1.25563 0.179032 -1.266e-21)
(1.25834 0.17767 1.63716e-20)
(1.26103 0.176314 1.3999e-20)
(1.2637 0.174966 -2.11069e-20)
(1.26636 0.173624 -3.50301e-20)
(1.26901 0.172288 -1.42963e-20)
(1.27165 0.170959 -2.04553e-24)
(1.27427 0.169634 -1.21131e-20)
(1.27688 0.168313 1.94585e-20)
(1.27947 0.166994 -1.9149e-20)
(1.24869 0.176829 2.29852e-21)
(1.25134 0.17555 1.13421e-21)
(1.25398 0.174277 -1.16068e-20)
(1.25661 0.173011 1.85514e-20)
(1.25922 0.17175 -4.95623e-21)
(1.26181 0.170496 -1.46976e-20)
(1.2644 0.169249 -1.30722e-20)
(1.26698 0.168008 -1.71556e-20)
(1.26954 0.166773 3.27894e-20)
(1.2721 0.165544 -1.90102e-20)
(1.27464 0.164319 -4.07095e-20)
(1.24458 0.173202 -2.00311e-20)
(1.24717 0.172009 -1.89866e-20)
(1.24975 0.170822 -1.32158e-20)
(1.25231 0.16964 -5.81865e-21)
(1.25486 0.168463 1.03948e-20)
(1.2574 0.167293 3.56905e-20)
(1.25993 0.166128 3.87861e-20)
(1.26244 0.164971 6.2607e-20)
(1.26495 0.163819 -6.98228e-20)
(1.26744 0.162674 5.03141e-20)
(1.26993 0.161534 7.21237e-22)
(1.24058 0.169523 3.38693e-20)
(1.24311 0.168412 -1.85705e-21)
(1.24563 0.167306 2.40703e-20)
(1.24813 0.166205 -9.39943e-21)
(1.25063 0.165108 -1.46348e-20)
(1.25311 0.164017 -2.09413e-20)
(1.25557 0.162932 6.28576e-21)
(1.25803 0.161852 -7.07747e-20)
(1.26048 0.160779 4.0871e-20)
(1.26292 0.159712 1.70361e-20)
(1.26534 0.158652 1.28699e-20)
(1.23667 0.165794 -2.05982e-20)
(1.23914 0.164762 -1.06308e-20)
(1.2416 0.163733 -1.99816e-20)
(1.24405 0.162708 1.51337e-20)
(1.24649 0.161688 -2.05105e-20)
(1.24891 0.160672 3.06186e-20)
(1.25133 0.159662 -6.70801e-20)
(1.25373 0.158657 5.66573e-20)
(1.25612 0.157658 3.00419e-20)
(1.2585 0.156665 -2.78162e-20)
(1.26088 0.155679 -1.47122e-20)
(1.23284 0.16202 1.73301e-20)
(1.23526 0.161061 1.02782e-20)
(1.23766 0.160105 4.91496e-21)
(1.24006 0.159153 -1.56609e-20)
(1.24244 0.158205 -3.2006e-22)
(1.24481 0.157262 -9.79217e-21)
(1.24717 0.156322 4.03619e-20)
(1.24952 0.155388 -3.32021e-20)
(1.25186 0.15446 -3.34541e-20)
(1.25419 0.153536 -1.28711e-20)
(1.25651 0.152619 2.17268e-20)
(1.22908 0.158204 -7.16498e-21)
(1.23144 0.157314 4.3948e-22)
(1.2338 0.156427 -1.57268e-20)
(1.23614 0.155544 1.54954e-20)
(1.23847 0.154664 1.52302e-20)
(1.24079 0.153788 4.62846e-21)
(1.24309 0.152916 1.1754e-20)
(1.24539 0.152049 4.80466e-20)
(1.24768 0.151187 2.48627e-20)
(1.24996 0.15033 4.47124e-21)
(1.25224 0.149478 -9.8704e-21)
(1.22539 0.154351 1.9277e-21)
(1.2277 0.153526 1.82207e-20)
(1.23 0.152704 1.06796e-20)
(1.23228 0.151884 4.85435e-21)
(1.23456 0.151068 -5.76307e-21)
(1.23683 0.150256 -5.55619e-21)
(1.23909 0.149448 -2.74848e-21)
(1.24134 0.148643 -1.5886e-20)
(1.24358 0.147844 -3.89143e-20)
(1.24581 0.147049 6.25381e-22)
(1.24803 0.146259 -2.41693e-21)
(1.22177 0.150466 -6.54602e-21)
(1.22402 0.149701 -5.99988e-21)
(1.22626 0.148939 5.01793e-21)
(1.2285 0.148179 -1.51635e-20)
(1.23072 0.147423 3.86411e-22)
(1.23294 0.146671 1.3642e-21)
(1.23515 0.145922 3.36904e-21)
(1.23735 0.145176 -1.98872e-20)
(1.23954 0.144435 2.49286e-20)
(1.24172 0.143698 -6.62461e-21)
(1.2439 0.142966 -9.86112e-21)
(1.21821 0.146552 7.20786e-21)
(1.2204 0.145843 -5.3649e-21)
(1.22259 0.145137 -1.44102e-21)
(1.22477 0.144434 -1.08484e-21)
(1.22694 0.143734 4.9383e-21)
(1.22911 0.143037 7.67978e-21)
(1.23127 0.142343 -1.63457e-20)
(1.23342 0.141653 -8.67044e-21)
(1.23556 0.140967 -1.79955e-20)
(1.23769 0.140284 -5.54573e-21)
(1.23982 0.139606 1.59894e-21)
(1.2147 0.142614 -1.93488e-21)
(1.21684 0.141957 -6.91389e-21)
(1.21897 0.141304 -5.73607e-21)
(1.2211 0.140653 1.29117e-21)
(1.22322 0.140005 -1.82277e-20)
(1.22533 0.139359 -1.2803e-21)
(1.22744 0.138717 1.09939e-20)
(1.22954 0.138079 4.25241e-21)
(1.23163 0.137443 1.26164e-20)
(1.23372 0.136812 5.20609e-21)
(1.2358 0.136184 4.8347e-21)
(1.21125 0.138656 -4.00155e-21)
(1.21334 0.138048 1.53439e-21)
(1.21541 0.137443 8.36641e-21)
(1.21749 0.136841 9.93376e-21)
(1.21955 0.136241 5.24773e-22)
(1.22161 0.135644 -1.38938e-20)
(1.22367 0.13505 -1.69168e-20)
(1.22572 0.134459 -1.1618e-20)
(1.22776 0.133871 1.62874e-20)
(1.2298 0.133287 -1.47684e-21)
(1.23183 0.132707 -4.22365e-21)
(1.20786 0.134682 2.21052e-21)
(1.20988 0.13412 -7.36546e-22)
(1.21191 0.13356 2.99019e-21)
(1.21392 0.133003 -1.07219e-20)
(1.21594 0.132448 3.18881e-21)
(1.21794 0.131896 3.88036e-21)
(1.21995 0.131346 1.56334e-20)
(1.22194 0.1308 1.24701e-20)
(1.22394 0.130256 -1.34211e-20)
(1.22592 0.129716 1.68416e-20)
(1.22791 0.129179 -2.85675e-20)
(1.20451 0.130697 -7.7723e-21)
(1.20648 0.130176 -7.25731e-21)
(1.20845 0.129658 5.62203e-22)
(1.21041 0.129143 1.5146e-20)
(1.21237 0.12863 1.74188e-20)
(1.21433 0.128119 -1.03772e-20)
(1.21628 0.127611 -5.78682e-21)
(1.21822 0.127106 -6.12978e-21)
(1.22017 0.126604 8.0522e-21)
(1.2221 0.126104 1.13467e-20)
(1.22403 0.125608 2.28482e-20)
(1.20122 0.126702 5.47106e-21)
(1.20314 0.126221 6.09819e-21)
(1.20505 0.125742 7.0036e-21)
(1.20696 0.125265 -1.35299e-20)
(1.20886 0.124791 -1.72163e-21)
(1.21076 0.124319 5.15496e-21)
(1.21266 0.123849 -4.66975e-21)
(1.21455 0.123383 1.25068e-20)
(1.21644 0.122918 -1.93358e-20)
(1.21833 0.122457 -1.07343e-20)
(1.22021 0.121998 8.0378e-21)
(1.19798 0.122703 -3.64233e-21)
(1.19984 0.122258 1.95431e-21)
(1.2017 0.121815 -1.73696e-20)
(1.20355 0.121374 -4.32664e-22)
(1.2054 0.120936 -5.59024e-21)
(1.20725 0.120499 1.37853e-20)
(1.2091 0.120066 9.07429e-21)
(1.21094 0.119634 6.85577e-21)
(1.21277 0.119205 5.25019e-21)
(1.21461 0.118779 -3.49095e-21)
(1.21644 0.118356 2.18932e-21)
(1.19479 0.1187 5.74201e-21)
(1.19659 0.118289 -2.04072e-21)
(1.1984 0.11788 9.65885e-21)
(1.2002 0.117472 5.97516e-21)
(1.202 0.117067 -1.5284e-21)
(1.20379 0.116664 -3.79904e-21)
(1.20558 0.116263 -5.0068e-21)
(1.20737 0.115865 -2.60361e-21)
(1.20916 0.115469 1.57178e-20)
(1.21094 0.115075 5.02107e-21)
(1.21272 0.114684 -2.70207e-21)
(1.19165 0.114698 -9.23106e-21)
(1.1934 0.114318 1.00387e-20)
(1.19515 0.11394 -9.15079e-21)
(1.1969 0.113563 3.86414e-21)
(1.19864 0.113189 7.1937e-21)
(1.20038 0.112817 -1.59941e-20)
(1.20212 0.112447 3.47663e-21)
(1.20386 0.112079 -9.49087e-22)
(1.20559 0.111714 -1.58822e-20)
(1.20732 0.11135 5.07687e-21)
(1.20905 0.110989 -1.03065e-20)
(1.18855 0.110698 3.83674e-21)
(1.19025 0.110347 -3.5098e-21)
(1.19195 0.109997 5.0717e-21)
(1.19365 0.10965 2.42709e-21)
(1.19534 0.109304 -3.02964e-21)
(1.19703 0.108961 1.30346e-20)
(1.19872 0.108619 -1.05243e-20)
(1.2004 0.10828 5.85358e-21)
(1.20208 0.107943 4.40828e-21)
(1.20376 0.107607 -2.5105e-21)
(1.20544 0.107274 2.47802e-21)
(1.18551 0.106702 5.11135e-21)
(1.18716 0.106377 -4.90951e-21)
(1.18881 0.106055 5.79136e-21)
(1.19045 0.105734 -6.49299e-21)
(1.19209 0.105415 -5.95148e-21)
(1.19373 0.105098 -5.68995e-21)
(1.19536 0.104783 -1.83313e-21)
(1.197 0.10447 -3.98338e-21)
(1.19863 0.104159 2.69965e-21)
(1.20026 0.10385 -1.29583e-20)
(1.20188 0.103543 1.80954e-21)
(1.18253 0.102712 -2.09409e-21)
(1.18412 0.102412 -3.84958e-21)
(1.18572 0.102114 -8.23605e-21)
(1.18731 0.101818 5.51323e-23)
(1.1889 0.101524 9.741e-21)
(1.19049 0.101232 1.46466e-20)
(1.19207 0.100941 7.26883e-21)
(1.19365 0.100653 9.72568e-22)
(1.19523 0.100366 3.54057e-21)
(1.19681 0.100081 2.42967e-21)
(1.19839 0.0997982 -1.26706e-21)
(1.17959 0.098728 1.10155e-20)
(1.18114 0.0984517 1.08513e-21)
(1.18268 0.0981771 -2.84362e-21)
(1.18422 0.0979042 8.19157e-21)
(1.18576 0.097633 -1.14007e-20)
(1.1873 0.0973636 -1.10741e-20)
(1.18884 0.0970959 -1.92292e-21)
(1.19037 0.09683 -3.03095e-21)
(1.1919 0.0965659 -3.98051e-21)
(1.19343 0.0963035 1.86553e-21)
(1.19495 0.0960429 -2.75189e-21)
(1.17671 0.0947522 -9.06268e-21)
(1.17821 0.0944975 1.22998e-21)
(1.1797 0.0942443 -2.55078e-21)
(1.1812 0.0939928 -7.38855e-21)
(1.18269 0.093743 -2.1105e-21)
(1.18418 0.0934949 2.09819e-21)
(1.18566 0.0932484 2.0309e-21)
(1.18715 0.0930036 -1.06083e-21)
(1.18863 0.0927604 2.48745e-21)
(1.19011 0.0925189 6.9198e-22)
(1.19158 0.092279 3.26229e-21)
(1.17389 0.0907847 6.03473e-21)
(1.17534 0.09055 6.97406e-21)
(1.17678 0.0903168 6.63869e-21)
(1.17823 0.0900853 3.10936e-21)
(1.17967 0.0898553 -6.2759e-21)
(1.18111 0.089627 1.48788e-20)
(1.18255 0.0894002 -5.62977e-21)
(1.18399 0.0891749 -6.17129e-22)
(1.18542 0.0889513 1.58835e-21)
(1.18685 0.0887292 -4.24531e-21)
(1.18828 0.0885086 -1.18445e-21)
(1.17112 0.0868258 3.03318e-21)
(1.17252 0.0866097 -1.00907e-20)
(1.17392 0.0863952 1.33865e-21)
(1.17532 0.0861822 5.85753e-22)
(1.17672 0.0859707 1.35142e-21)
(1.17811 0.0857607 -2.33394e-21)
(1.17951 0.0855522 -5.11308e-21)
(1.1809 0.0853452 -4.38086e-21)
(1.18228 0.0851396 -7.05091e-21)
(1.18367 0.0849355 2.70533e-21)
(1.18505 0.0847329 4.06748e-21)
(1.16842 0.0828753 6.47501e-22)
(1.16977 0.0826766 3.51945e-22)
(1.17113 0.0824794 6.83038e-21)
(1.17248 0.0822837 2.13561e-21)
(1.17383 0.0820894 5.43459e-21)
(1.17518 0.0818965 2.35592e-21)
(1.17653 0.081705 2.15663e-21)
(1.17787 0.0815149 1.09238e-20)
(1.17921 0.0813262 2.71293e-21)
(1.18055 0.0811389 -1.95156e-21)
(1.18189 0.0809529 -1.40192e-21)
(1.16578 0.0789327 -1.93913e-21)
(1.16709 0.0787503 2.93159e-21)
(1.1684 0.0785693 -9.71141e-21)
(1.16971 0.0783896 -1.30639e-20)
(1.17102 0.0782113 -8.50842e-21)
(1.17232 0.0780344 1.44004e-21)
(1.17363 0.0778588 4.83628e-21)
(1.17493 0.0776844 -5.57809e-21)
(1.17622 0.0775114 1.02678e-21)
(1.17752 0.0773396 -2.95522e-21)
(1.17881 0.0771691 6.99313e-21)
(1.1632 0.0749976 1.15207e-21)
(1.16448 0.0748303 -4.04096e-21)
(1.16574 0.0746643 1.83722e-21)
(1.16701 0.0744997 1.81614e-21)
(1.16828 0.0743363 4.18453e-21)
(1.16954 0.0741742 4.54235e-22)
(1.1708 0.0740133 -1.5204e-21)
(1.17205 0.0738537 -6.42618e-21)
(1.17331 0.0736953 -9.48018e-22)
(1.17456 0.073538 1.84638e-21)
(1.17581 0.0733818 5.17286e-21)
(1.1607 0.0710686 -4.89882e-21)
(1.16193 0.0709155 4.88526e-21)
(1.16316 0.0707636 -2.31076e-21)
(1.16439 0.0706129 9.95714e-21)
(1.16561 0.0704635 -5.60206e-21)
(1.16683 0.0703152 -2.34198e-21)
(1.16805 0.0701681 -2.32158e-21)
(1.16927 0.0700222 6.94401e-21)
(1.17048 0.0698773 5.05359e-21)
(1.17169 0.0697335 -4.05333e-21)
(1.17289 0.0695908 3.67501e-21)
(1.15827 0.0671446 5.18722e-21)
(1.15947 0.0670046 -3.57345e-21)
(1.16066 0.0668659 1.23141e-21)
(1.16184 0.0667283 -4.84884e-21)
(1.16303 0.0665918 8.97529e-21)
(1.16421 0.0664565 4.10689e-21)
(1.16539 0.0663222 8.54539e-23)
(1.16656 0.066189 -3.89061e-21)
(1.16774 0.0660568 -8.31544e-21)
(1.1689 0.0659256 6.39109e-21)
(1.17007 0.0657954 -1.52424e-21)
(1.15593 0.0632235 -1.53761e-21)
(1.15708 0.0630959 -1.88491e-21)
(1.15823 0.0629695 6.55786e-22)
(1.15938 0.0628441 1.29395e-21)
(1.16053 0.0627198 -2.20428e-21)
(1.16167 0.0625966 -2.4931e-22)
(1.16281 0.0624743 -3.92556e-21)
(1.16395 0.062353 4.51783e-21)
(1.16508 0.0622326 -2.58676e-21)
(1.16622 0.0621132 6.24081e-22)
(1.16734 0.0619946 -2.37491e-21)
(1.15366 0.0593034 -7.89549e-22)
(1.15478 0.0591874 2.18689e-21)
(1.1559 0.0590725 2.63734e-21)
(1.15701 0.0589586 -4.29749e-21)
(1.15812 0.0588457 2.85062e-21)
(1.15923 0.0587337 4.30027e-21)
(1.16033 0.0586227 3.58796e-21)
(1.16143 0.0585125 2.32066e-22)
(1.16253 0.0584032 5.12506e-21)
(1.16363 0.0582946 -9.83765e-21)
(1.16472 0.0581869 2.07104e-21)
(1.15149 0.0553817 2.47106e-21)
(1.15257 0.0552767 -2.48098e-21)
(1.15366 0.0551726 -1.21057e-23)
(1.15474 0.0550694 -2.86856e-22)
(1.15581 0.0549671 -4.21317e-21)
(1.15689 0.0548657 -6.58861e-22)
(1.15795 0.0547652 -1.45718e-21)
(1.15902 0.0546654 -8.70653e-22)
(1.16008 0.0545664 -5.74275e-22)
(1.16114 0.0544682 -3.49374e-21)
(1.1622 0.0543706 3.94946e-21)
(1.14941 0.0514556 3.4552e-22)
(1.15046 0.0513607 4.38855e-22)
(1.15151 0.0512668 -5.92398e-21)
(1.15256 0.0511737 3.79146e-21)
(1.15361 0.0510815 1.61893e-21)
(1.15465 0.05099 2.88953e-21)
(1.15568 0.0508993 -1.91926e-21)
(1.15672 0.0508093 4.00601e-22)
(1.15775 0.05072 2.42364e-21)
(1.15877 0.0506314 3.14383e-22)
(1.15979 0.0505433 -4.27158e-21)
(1.16081 0.0504559 -6.3666e-21)
(1.14846 0.0474365 9.01967e-22)
(1.14948 0.0473521 -7.55473e-22)
(1.1505 0.0472686 -1.06514e-21)
(1.15151 0.0471857 -3.31576e-21)
(1.15252 0.0471036 3.70326e-21)
(1.15352 0.0470222 2.28779e-21)
(1.15453 0.0469414 -2.78096e-21)
(1.15552 0.0468612 -1.40676e-21)
(1.15652 0.0467815 1.88973e-21)
(1.15751 0.0467024 -1.86245e-21)
(1.15849 0.0466238 -2.93597e-21)
(1.14656 0.0435 -1.02255e-21)
(1.14756 0.0434247 -1.9217e-21)
(1.14854 0.0433501 2.07207e-22)
(1.14953 0.0432762 6.75142e-22)
(1.15051 0.0432029 -1.96042e-21)
(1.15149 0.0431302 1.91233e-21)
(1.15246 0.043058 1.92304e-21)
(1.15343 0.0429864 -3.85992e-21)
(1.15439 0.0429152 3.59989e-21)
(1.15535 0.0428446 3.01029e-21)
(1.15631 0.0427743 -3.81097e-21)
(1.14479 0.0395474 1.73417e-21)
(1.14575 0.0394806 -5.71684e-23)
(1.14671 0.0394145 -1.3408e-21)
(1.14767 0.039349 1.40684e-21)
(1.14862 0.039284 2.36561e-21)
(1.14958 0.0392195 5.90243e-23)
(1.15052 0.0391556 -2.1715e-21)
(1.15146 0.039092 3.25172e-21)
(1.1524 0.0390289 -1.55524e-21)
(1.15333 0.0389662 -1.14654e-22)
(1.15426 0.0389038 1.25524e-21)
(1.14314 0.0355735 1.43124e-22)
(1.14408 0.0355149 -3.27246e-22)
(1.14501 0.0354568 1.15666e-21)
(1.14595 0.0353993 2.66536e-21)
(1.14688 0.0353422 -6.19098e-21)
(1.1478 0.0352856 -4.49211e-22)
(1.14872 0.0352294 4.88162e-21)
(1.14964 0.0351735 -5.55007e-22)
(1.15055 0.035118 -2.7715e-21)
(1.15146 0.0350628 1.64656e-21)
(1.15237 0.0350078 1.91809e-21)
(1.14162 0.0315735 1.62812e-21)
(1.14254 0.0315226 2.04184e-21)
(1.14345 0.0314722 -2.20313e-21)
(1.14436 0.0314223 -1.26464e-21)
(1.14527 0.0313727 2.59657e-21)
(1.14617 0.0313236 -5.99531e-22)
(1.14707 0.0312747 6.86769e-22)
(1.14797 0.0312262 -3.01542e-21)
(1.14886 0.0311779 3.93473e-21)
(1.14974 0.0311299 -1.35857e-21)
(1.15063 0.031082 5.69423e-22)
(1.14025 0.0275406 7.0283e-22)
(1.14115 0.0274972 -1.72551e-21)
(1.14204 0.0274542 -3.19717e-21)
(1.14293 0.0274115 -6.68078e-23)
(1.14382 0.0273692 3.75143e-21)
(1.1447 0.0273272 -1.38266e-21)
(1.14558 0.0272854 -2.20493e-21)
(1.14646 0.0272439 5.20935e-21)
(1.14733 0.0272026 1.49687e-22)
(1.14819 0.0271615 -6.81143e-21)
(1.14905 0.0271205 2.93635e-21)
(1.13903 0.0234695 1.2876e-21)
(1.13991 0.0234332 1.85016e-21)
(1.14079 0.0233972 -4.6126e-21)
(1.14166 0.0233615 -1.66018e-22)
(1.14253 0.0233261 -6.08923e-23)
(1.1434 0.0232909 -1.1445e-22)
(1.14426 0.0232558 2.95831e-21)
(1.14511 0.023221 1.81339e-21)
(1.14597 0.0231863 -5.0793e-21)
(1.14681 0.0231518 2.8234e-21)
(1.14766 0.0231173 6.47218e-23)
(1.13798 0.0193508 -2.62636e-21)
(1.13884 0.0193215 -1.28372e-21)
(1.13971 0.0192925 6.58584e-21)
(1.14056 0.0192637 -5.36094e-21)
(1.14142 0.0192351 5.31844e-22)
(1.14227 0.0192066 -4.06557e-23)
(1.14311 0.0191783 8.72628e-22)
(1.14395 0.0191501 4.2598e-21)
(1.14479 0.019122 -2.703e-22)
(1.14562 0.019094 -2.22857e-21)
(1.14645 0.019066 1.35341e-21)
(1.1371 0.0151784 3.45355e-21)
(1.13796 0.0151557 -2.74066e-21)
(1.1388 0.015133 -2.30803e-22)
(1.13965 0.0151106 1.35913e-22)
(1.14049 0.0150883 3.11512e-21)
(1.14133 0.0150661 -3.66062e-21)
(1.14216 0.0150439 2.98855e-21)
(1.14299 0.0150219 -4.39686e-21)
(1.14382 0.0149999 -2.29841e-21)
(1.14464 0.0149779 6.85749e-21)
(1.14545 0.014956 -4.26797e-21)
(1.13641 0.0109422 8.32436e-22)
(1.13725 0.0109265 1.08404e-21)
(1.13809 0.0109109 -2.53603e-21)
(1.13893 0.0108954 3.10937e-21)
(1.13976 0.0108799 -4.24178e-21)
(1.14059 0.0108645 1.96531e-22)
(1.14141 0.0108491 1.24726e-21)
(1.14223 0.0108338 2.52947e-21)
(1.14305 0.0108184 -5.8025e-21)
(1.14386 0.010803 3.07299e-21)
(1.14467 0.0107875 5.21737e-21)
(1.13593 0.00662627 2.3556e-21)
(1.13676 0.00661618 -1.2833e-21)
(1.13759 0.00660615 2.65697e-22)
(1.13842 0.00659618 1.55613e-21)
(1.13925 0.00658625 -4.71242e-21)
(1.14007 0.00657636 4.63272e-21)
(1.14089 0.0065665 -1.67259e-21)
(1.1417 0.00655665 6.83644e-22)
(1.14251 0.00654681 6.53021e-22)
(1.14332 0.00653697 -1.98855e-21)
(1.14412 0.00652712 -6.17609e-22)
(1.13564 0.00224479 -4.93851e-21)
(1.13647 0.00224278 1.2471e-21)
(1.1373 0.00224068 5.49971e-21)
(1.13812 0.00223848 -3.87811e-21)
(1.13895 0.00223617 3.7716e-22)
(1.13976 0.00223374 -5.3749e-22)
(1.14058 0.00223119 4.86987e-22)
(1.14139 0.0022285 -1.16013e-21)
(1.1422 0.00222567 3.74255e-21)
(1.143 0.00222268 -7.18667e-23)
(1.1438 0.00221953 1.30009e-21)
)
;

boundaryField
{
    inlet
    {
        type            uniformFixedValue;
        uniformValue    constant (1 0 0);
        value           nonuniform 0();
    }
    outlet
    {
        type            pressureInletOutletVelocity;
        value           nonuniform 0();
    }
    cylinder
    {
        type            fixedValue;
        value           uniform (0 0 0);
    }
    top
    {
        type            symmetryPlane;
    }
    bottom
    {
        type            symmetryPlane;
    }
    defaultFaces
    {
        type            empty;
    }
    procBoundary24to7
    {
        type            processor;
        value           nonuniform List<vector> 4((-0.00880647 0.00680845 -1.81113e-19) (-0.00880647 0.00680845 -1.81113e-19) (-0.0179479 0.0148193 8.16252e-20) (-0.0179479 0.0148193 8.16252e-20));
    }
    procBoundary24to8
    {
        type            processor;
        value           uniform (-0.000201298 0.000307495 1.14024e-20);
    }
    procBoundary24to9
    {
        type            processor;
        value           uniform (-0.00144093 0.00192932 -9.42669e-22);
    }
    procBoundary24to23
    {
        type            processor;
        value           nonuniform List<vector> 
96
(
(-0.0164931 0.0185776 -5.75151e-20)
(-0.0164931 0.0185776 -5.75151e-20)
(-0.0134491 0.0168711 2.3116e-19)
(0.00384014 0.0169447 -1.36056e-19)
(0.00384014 0.0169447 -1.36056e-19)
(0.0376048 0.0154862 6.55336e-20)
(0.0376048 0.0154862 6.55336e-20)
(0.0904167 0.0141999 1.27264e-19)
(0.0904167 0.0141999 1.27264e-19)
(0.164533 0.0149154 2.1934e-20)
(0.164533 0.0149154 2.1934e-20)
(0.261308 0.0194816 1.63889e-20)
(0.261308 0.0194816 1.63889e-20)
(0.380297 0.0295237 -1.01436e-19)
(0.380297 0.0295237 -1.01436e-19)
(0.518228 0.046067 1.33492e-19)
(0.518228 0.046067 1.33492e-19)
(0.668267 0.0690919 1.68661e-19)
(0.668267 0.0690919 1.68661e-19)
(0.820248 0.0972197 5.18135e-21)
(0.922862 0.11766 -7.14052e-20)
(0.922862 0.11766 -7.14052e-20)
(1.05098 0.147305 -1.11204e-19)
(1.05098 0.147305 -1.11204e-19)
(1.15341 0.174006 -2.52038e-19)
(1.15341 0.174006 -2.52038e-19)
(1.2271 0.19555 -7.18123e-21)
(1.26229 0.203893 -1.45024e-19)
(1.26229 0.203893 -1.45024e-19)
(1.29335 0.214964 1.42851e-20)
(1.29335 0.214964 1.42851e-20)
(1.30743 0.221535 -1.20369e-19)
(1.31029 0.219119 3.33131e-20)
(1.31029 0.219119 3.33131e-20)
(1.30857 0.222822 -2.84998e-20)
(1.30608 0.221647 -2.409e-21)
(1.30288 0.220094 1.50011e-21)
(1.29911 0.21818 -9.44991e-21)
(1.29486 0.215931 1.95507e-20)
(1.29023 0.213393 -2.93755e-20)
(1.28534 0.210606 1.86062e-20)
(1.2803 0.207601 6.45691e-23)
(1.2783 0.202339 7.25511e-21)
(1.2783 0.202339 7.25511e-21)
(1.27326 0.19915 4.73769e-21)
(1.26833 0.195836 1.54708e-20)
(1.26354 0.192425 -2.70712e-20)
(1.25893 0.188937 -1.20054e-20)
(1.25448 0.185385 -4.6922e-21)
(1.25018 0.181776 2.50344e-20)
(1.24602 0.178113 1.37687e-20)
(1.24198 0.174399 -1.23939e-20)
(1.23803 0.170637 -3.73245e-21)
(1.23418 0.16683 1.86891e-21)
(1.23041 0.162982 8.88562e-21)
(1.22671 0.159097 -8.40536e-21)
(1.22308 0.155179 1.32367e-20)
(1.21951 0.151233 2.46552e-21)
(1.216 0.147263 3.70024e-21)
(1.21256 0.143272 -1.66473e-20)
(1.20916 0.139265 1.64548e-20)
(1.20582 0.135247 -1.39781e-20)
(1.20254 0.131219 8.87423e-21)
(1.1993 0.127186 -6.51779e-21)
(1.19611 0.12315 6.56685e-21)
(1.19298 0.119114 -6.97432e-21)
(1.18989 0.11508 5.58713e-21)
(1.18685 0.111051 -3.61067e-21)
(1.18387 0.107028 6.17858e-21)
(1.18093 0.103013 4.27075e-21)
(1.17804 0.0990061 -1.41475e-20)
(1.17521 0.0950087 3.82486e-21)
(1.17244 0.091021 5.38747e-21)
(1.16972 0.0870433 -1.78441e-21)
(1.16706 0.0830754 5.80848e-21)
(1.16446 0.0791166 2.03003e-21)
(1.16193 0.0751663 -4.14083e-21)
(1.15947 0.0712231 1.45689e-21)
(1.15708 0.0672857 -2.16052e-21)
(1.15477 0.0633522 2.13412e-21)
(1.15254 0.0594204 3.57863e-21)
(1.1504 0.0554877 3.36915e-21)
(1.14836 0.0515513 -2.12608e-21)
(1.14744 0.0475216 -6.52223e-21)
(1.14744 0.0475216 -6.52223e-21)
(1.14557 0.0435761 -1.08902e-22)
(1.14382 0.0396148 2.19594e-21)
(1.14219 0.0356326 4.8157e-22)
(1.1407 0.0316248 -6.11415e-22)
(1.13935 0.0275844 1.1248e-21)
(1.13815 0.0235061 -1.79484e-21)
(1.13711 0.0193804 -4.3542e-23)
(1.13625 0.0152014 5.09466e-21)
(1.13556 0.010958 2.41919e-21)
(1.13509 0.00663642 1.29493e-21)
(1.1348 0.00224672 -2.00758e-21)
)
;
    }
    procBoundary24to25
    {
        type            processor;
        value           nonuniform List<vector> 
135
(
(-0.00151949 0.00428951 -1.02643e-22)
(-0.00162486 0.00545454 4.74148e-21)
(-0.00177351 0.00660514 4.9331e-21)
(-0.00196463 0.00773808 -2.83646e-20)
(-0.00219726 0.00885027 3.04577e-20)
(-0.0024703 0.00993875 -3.44251e-20)
(-0.00278253 0.0110007 1.70936e-20)
(-0.00313256 0.0120335 -2.75009e-20)
(-0.00351892 0.0130347 5.4886e-20)
(-0.00394001 0.014002 5.70888e-20)
(-0.00439413 0.0149333 -2.80615e-20)
(-0.00487948 0.0158269 -2.66763e-20)
(-0.00539418 0.0166808 1.56363e-20)
(-0.00539418 0.0166808 1.56363e-20)
(-0.0104459 0.0262854 6.93129e-20)
(-0.0112586 0.0274481 -1.3578e-19)
(-0.0121042 0.028544 -6.0551e-20)
(-0.0129793 0.029571 8.87119e-20)
(-0.0138798 0.0305274 -8.6785e-20)
(-0.0138798 0.0305274 -8.6785e-20)
(-0.0203277 0.0396745 1.23866e-20)
(-0.0214348 0.0406885 -1.3964e-19)
(-0.0225507 0.0416033 9.09459e-20)
(-0.0236684 0.0424164 -7.44003e-21)
(-0.0236684 0.0424164 -7.44003e-21)
(-0.0300989 0.0497779 -8.33846e-20)
(-0.0312047 0.0504436 9.3028e-20)
(-0.032266 0.050978 -6.38756e-20)
(-0.0332697 0.0513776 8.10543e-20)
(-0.0332697 0.0513776 8.10543e-20)
(-0.0379402 0.056217 8.36619e-20)
(-0.0385229 0.056289 3.02625e-20)
(-0.038953 0.0561961 -2.0263e-20)
(-0.038953 0.0561961 -2.0263e-20)
(-0.0399795 0.0583492 1.09036e-19)
(-0.0394061 0.0578136 -8.45853e-20)
(-0.0394061 0.0578136 -8.45853e-20)
(-0.0354852 0.0576272 -1.17722e-19)
(-0.0332121 0.05661 7.84228e-20)
(-0.0304268 0.0553936 -9.14426e-21)
(-0.0304268 0.0553936 -9.14426e-21)
(-0.0172505 0.0529564 9.94469e-20)
(-0.0115303 0.0513057 -7.86291e-20)
(-0.0115303 0.0513057 -7.86291e-20)
(0.0126244 0.0475692 6.58701e-20)
(0.0226492 0.045664 -5.75398e-20)
(0.0226492 0.045664 -5.75398e-20)
(0.0617702 0.0416459 -4.68492e-20)
(0.0778027 0.0398388 -2.48906e-19)
(0.0778027 0.0398388 -2.48906e-19)
(0.136615 0.0370111 5.81805e-20)
(0.136615 0.0370111 5.81805e-20)
(0.212703 0.0362588 -4.34441e-21)
(0.243656 0.036149 -2.42994e-19)
(0.243656 0.036149 -2.42994e-19)
(0.346266 0.0400513 -1.28147e-19)
(0.386865 0.0418919 2.43212e-19)
(0.386865 0.0418919 2.43212e-19)
(0.514956 0.0521565 -1.76891e-20)
(0.514956 0.0521565 -1.76891e-20)
(0.656381 0.067199 1.04341e-19)
(0.656381 0.067199 1.04341e-19)
(0.80302 0.0863202 -3.29934e-20)
(0.853739 0.0938344 2.13942e-20)
(0.853739 0.0938344 2.13942e-20)
(0.989161 0.114616 5.18488e-20)
(0.989161 0.114616 5.18488e-20)
(1.10508 0.136182 2.85906e-19)
(1.10508 0.136182 2.85906e-19)
(1.19009 0.148237 -3.08286e-19)
(1.19009 0.148237 -3.08286e-19)
(1.2506 0.164275 1.10788e-19)
(-0.00145802 0.00311331 1.02649e-22)
(1.2506 0.164275 1.10788e-19)
(1.27323 0.170896 -2.81352e-20)
(1.28948 0.175699 -7.02166e-20)
(1.30012 0.17865 -5.85145e-20)
(1.30647 0.180357 5.83486e-20)
(1.30957 0.181137 1.13521e-20)
(1.31021 0.181135 4.58101e-20)
(1.30899 0.180511 2.2144e-20)
(1.30643 0.179416 -6.26393e-20)
(1.30292 0.177953 3.82756e-20)
(1.29874 0.176188 2.86144e-20)
(1.29874 0.176188 2.86144e-20)
(1.2966 0.172477 6.99973e-21)
(1.29185 0.170393 -2.68705e-20)
(1.28696 0.168115 9.08164e-21)
(1.28204 0.165675 1.20531e-20)
(1.27717 0.163097 2.38229e-21)
(1.27241 0.1604 -1.41174e-20)
(1.26777 0.157598 -1.17732e-20)
(1.26324 0.154698 -3.99616e-20)
(1.25882 0.151708 6.66179e-21)
(1.2545 0.148632 2.59987e-20)
(1.25025 0.145474 -1.32415e-20)
(1.24607 0.142239 1.21045e-20)
(1.24195 0.138933 1.21186e-20)
(1.23788 0.135561 1.39915e-20)
(1.23386 0.13213 -1.95601e-20)
(1.22989 0.128646 -2.93905e-22)
(1.22596 0.125115 2.24066e-20)
(1.22209 0.121543 -2.25381e-21)
(1.21827 0.117935 -1.09673e-20)
(1.2145 0.114296 -1.34199e-20)
(1.21078 0.110631 1.8266e-20)
(1.20711 0.106944 -2.08657e-20)
(1.20351 0.103238 3.709e-21)
(1.19996 0.0995172 -6.31425e-21)
(1.19648 0.095784 -2.64835e-21)
(1.19306 0.0920408 1.5209e-20)
(1.18971 0.0882895 -8.7798e-21)
(1.18643 0.0845316 7.7925e-21)
(1.18322 0.0807682 -5.00027e-21)
(1.1801 0.0769998 6.34742e-22)
(1.17705 0.0732268 9.99584e-21)
(1.1741 0.0694491 -2.6045e-21)
(1.17123 0.0656661 5.26918e-21)
(1.16847 0.0618768 -7.01598e-21)
(1.1658 0.0580799 4.29233e-21)
(1.16325 0.0542737 -7.34428e-21)
(1.16325 0.0542737 -7.34428e-21)
(1.16182 0.0503689 -5.66169e-21)
(1.15948 0.0465456 -1.90333e-21)
(1.15726 0.0427044 9.58981e-22)
(1.15519 0.0388416 -1.88175e-21)
(1.15327 0.0349531 1.7274e-21)
(1.1515 0.0310343 4.77038e-21)
(1.14991 0.0270796 -2.63733e-21)
(1.1485 0.0230829 -9.41876e-22)
(1.14728 0.019038 5.92279e-21)
(1.14627 0.014934 -4.81756e-21)
(1.14547 0.010772 4.83241e-21)
(1.14491 0.00651725 -4.03999e-21)
(1.1446 0.00221621 5.27113e-21)
)
;
    }
}


// ************************************************************************* //
