/*--------------------------------*- C++ -*----------------------------------*\
  =========                 |
  \\      /  F ield         | OpenFOAM: The Open Source CFD Toolbox
   \\    /   O peration     | Website:  https://openfoam.org
    \\  /    A nd           | Version:  7
     \\/     M anipulation  |
\*---------------------------------------------------------------------------*/
FoamFile
{
    version     2.0;
    format      ascii;
    class       surfaceScalarField;
    location    "80";
    object      phi;
}
// * * * * * * * * * * * * * * * * * * * * * * * * * * * * * * * * * * * * * //

dimensions      [0 3 -1 0 0 0 0];

internalField   nonuniform List<scalar> 
2004
(
-0.00070012
-3.02095e-05
-0.000775779
-2.99356e-05
-0.000852905
-2.96507e-05
-0.000931603
-2.9358e-05
-0.00101198
-2.90607e-05
-2.87627e-05
-0.000700007
4.40743e-05
-0.000775656
4.57144e-05
-0.000852774
4.74669e-05
-0.000931464
4.93317e-05
-0.00101183
5.13078e-05
-0.00109399
5.33938e-05
-0.00117805
5.55889e-05
-0.00126412
5.78886e-05
6.0279e-05
-0.00135229
-0.0006995
0.000118317
-0.000775109
0.000121323
-0.000852186
0.000124544
-0.000930835
0.00012798
-0.00101116
0.000131635
-0.00109328
0.000135509
-0.00117729
0.000139606
-0.00126333
0.00014392
0.00014842
-0.00135147
-0.000698601
0.000192488
-0.000774138
0.00019686
-0.000851141
0.000201547
-0.000929716
0.000206556
-0.00100997
0.000211888
-0.00109201
0.000217549
-0.00117595
0.000223547
-0.00126191
0.000229874
0.000236483
-0.00134997
-0.000697309
0.000266555
-0.000772741
0.000272292
-0.000849639
0.000278446
-0.000928108
0.000285025
-0.00100825
0.000292034
-0.00109019
0.000299481
-0.00117402
0.000307378
-0.00125986
0.000315717
0.000324432
-0.00134781
-0.000695623
0.000340487
-0.00077092
0.000347589
-0.000847681
0.000355207
-0.000926011
0.000363355
-0.00100602
0.00037204
-0.00108781
0.00038127
-0.00117149
0.000391063
-0.00125719
0.000401412
0.00041223
-0.00134499
-0.000693546
0.000414253
-0.000768674
0.000422717
-0.000845266
0.000431799
-0.000923426
0.000441515
-0.00100326
0.000451872
-0.00108487
0.000462883
-0.00116838
0.00047457
-0.00125389
0.000486924
0.000499841
-0.0013415
-0.000691076
0.000487821
-0.000766005
0.000497647
-0.000842396
0.00050819
-0.000920352
0.000519471
-0.000999978
0.000531498
-0.00108138
0.000544287
-0.00116468
0.000557864
-0.00124997
0.00057222
0.000587231
-0.00133736
-0.000688214
-0.000762912
0.000572345
-0.000839071
0.000584349
-0.000916791
0.000597191
-0.000996178
0.000610886
-0.00107734
0.000625449
-0.00116039
0.000640911
-0.00124543
0.000657263
0.000674363
-0.00133256
-0.000759397
0.000646782
-0.000835291
0.000660242
-0.000912743
0.000674644
-0.000991859
0.000690002
-0.00107274
0.000706334
-0.00115551
0.000723676
-0.00124027
0.00074202
0.000761203
-0.00132711
-0.000755459
0.000720926
-0.000831057
0.00073584
-0.00090821
0.000751797
-0.000987022
0.000768814
-0.0010676
0.000786911
-0.00115005
0.000806127
-0.00123449
0.000826455
0.000847714
-0.001321
-0.0007511
0.000794745
-0.000826371
0.00081111
-0.000903192
0.000828619
-0.000981669
0.00084729
-0.0010619
0.000867146
-0.00114401
0.00088823
-0.00122809
0.000910535
0.000933862
-0.00131423
-0.000746321
0.00086821
-0.000821232
0.000886022
-0.000897691
0.000905078
-0.0009758
0.000925398
-0.00105566
0.000947007
-0.00113738
0.000969951
-0.00122107
0.000994226
0.00101961
-0.00130682
-0.000741121
0.000941289
-0.000815643
0.000960544
-0.000891708
0.000981143
-0.000969417
0.00100311
-0.00104887
0.00102646
-0.00113018
0.00105126
-0.00121345
0.00107749
0.00110493
-0.00129876
-0.000735503
0.00101395
-0.000809605
0.00103465
-0.000885245
0.00105678
-0.000962522
0.00108038
-0.00104154
0.00110548
-0.0011224
0.00113212
-0.00120521
0.00116031
0.00118978
-0.00129006
-0.000729467
-0.000803118
0.0011083
-0.000878302
0.00113197
-0.000955117
0.0011572
-0.00103366
0.00118403
-0.00111405
0.0012125
-0.00119637
0.00124263
0.00127413
-0.00128072
-0.000796185
0.00118147
-0.000870882
0.00120666
-0.000947204
0.00123352
-0.00102525
0.00126207
-0.00110512
0.00129237
-0.00118692
0.00132443
0.00135795
-0.00127074
-0.000788806
0.00125413
-0.000862986
0.00128084
-0.000938785
0.00130932
-0.0010163
0.00133958
-0.00109563
0.0013717
-0.00117687
0.00140568
0.0014412
-0.00126013
-0.000780983
0.00132625
-0.000854617
0.00135448
-0.000929861
0.00138456
-0.00100681
0.00141653
-0.00108557
0.00145046
-0.00116623
0.00148634
0.00152385
-0.00124888
-0.000772717
0.0013978
-0.000845775
0.00142754
-0.000920437
0.00145923
-0.000996795
0.00149289
-0.00107495
0.00152861
-0.00115499
0.00156639
0.00160587
-0.00123702
-0.000764011
-0.000836464
0.00149999
-0.000910512
0.00153327
-0.000986249
0.00156863
-0.00106377
0.00160613
-0.00114317
0.00164579
0.00168723
-0.00122453
-0.000826684
0.00157181
-0.000900091
0.00160668
-0.000975177
0.00164372
-0.00105203
0.00168298
-0.00113076
0.00172451
0.0017679
-0.00121143
-0.000816438
0.00164297
-0.000889176
0.00167942
-0.000963583
0.00171812
-0.00103975
0.00175915
-0.00111777
0.00180253
0.00184785
-0.00119772
-0.000805728
0.00171343
-0.000877768
0.00175146
-0.000951468
0.00179182
-0.00102692
0.00183459
-0.0011042
0.00187982
0.00192705
-0.0011834
-0.000794556
-0.000865872
0.00182277
-0.000938838
0.00186479
-0.00101354
0.0019093
-0.00109007
0.00195635
0.00200548
-0.00116849
-0.000853488
0.00189334
-0.000925694
0.00193699
-0.000999624
0.00198323
-0.00107537
0.00203209
0.0020831
-0.00115299
-0.000840619
0.00196312
-0.000912039
0.00200841
-0.000985173
0.00205636
-0.00106011
0.00210702
0.0021599
-0.00113691
-0.000827268
-0.000897877
0.00207902
-0.000970191
0.00212867
-0.00104429
0.00218113
0.00223585
-0.00112025
-0.00088321
0.0021488
-0.000954681
0.00220015
-0.00102793
0.00225438
0.00231093
-0.00110302
-0.00086804
0.00221771
-0.000938646
0.00227075
-0.00101102
0.00232675
0.00238514
-0.00108523
-0.000852368
-0.000922088
0.00234047
-0.000993579
0.00239825
0.00245845
-0.00106689
-0.000905009
0.00240929
-0.000975597
0.00246883
0.00253085
-0.001048
-0.000887409
0.00247717
-0.000957081
0.0025385
0.00260236
-0.00102859
-0.000869286
-0.000938029
0.00260725
0.00267297
-0.00100864
-0.000918436
0.00267505
0.0027427
-0.000988165
-0.000898289
0.00281157
-0.000967162
0.00287962
-0.000945619
-0.000923511
0.00114506
-0.00108487
0.00112191
0.00110735
-0.00115839
0.00119609
0.00106935
-0.00123293
0.00127094
0.00103126
-0.00130555
0.00134364
0.000993779
-0.00137912
0.0014166
0.000957051
-0.00144628
0.00148301
0.000922309
-0.00151823
0.00155297
0.000889174
-0.00157046
0.0016036
-0.00165906
0.00116743
-0.00104831
0.00113015
-0.00112111
0.00109248
-0.00119526
0.00105466
-0.00126773
0.00101727
-0.00134173
0.000980582
-0.0014096
0.000945294
-0.00148294
0.000912061
-0.00153723
-0.00162443
0.0011904
-0.00101229
0.00115358
-0.00108428
0.00111625
-0.00115794
0.00107866
-0.00123014
0.00104129
-0.00130436
0.00100451
-0.00137282
0.00096871
-0.00144714
0.000935035
-0.00150356
-0.00159019
0.00121319
-0.00097682
0.00117684
-0.00104794
0.00113987
-0.00112096
0.00110252
-0.00119279
0.00106518
-0.00126703
0.00102831
-0.00133595
0.00099209
-0.00141092
0.000957866
-0.00146933
-0.00155584
0.00123556
-0.000941907
0.00119968
-0.00101206
0.00116307
-0.00108435
0.00112597
-0.00115569
0.00108868
-0.00122975
0.00105173
-0.00129899
0.00101513
-0.00137432
0.000980298
-0.00143449
-0.00152116
0.00125751
-0.000907539
0.0012221
-0.000976651
0.00118585
-0.00104809
0.00114898
-0.00111883
0.00111176
-0.00119252
0.00107471
-0.00126194
0.00103778
-0.0013374
0.00100232
-0.00139903
-0.001486
0.00127902
0.00124407
-0.0009417
0.00120816
-0.00101218
0.00117153
-0.0010822
0.00113436
-0.00115535
0.00109721
-0.00122479
0.00105998
-0.00130017
0.00102391
-0.00136296
-0.00145026
0.00126554
-0.000907199
0.00122997
-0.000976613
0.00119357
-0.0010458
0.00115647
-0.00111825
0.00111921
-0.00118753
0.0010817
-0.00126265
0.00104504
-0.0013263
-0.00141385
0.00128649
-0.000873136
0.00125125
-0.000941376
0.00121508
-0.00100962
0.00117804
-0.00108122
0.00114068
-0.00115017
0.0011029
-0.00122487
0.00106568
-0.00128908
-0.00137676
0.0013069
-0.000839498
0.00127199
-0.000906465
0.00123603
-0.000973659
0.00119907
-0.00104427
0.00116161
-0.00111271
0.00112356
-0.00118682
0.00108581
-0.00125133
-0.00133896
0.00132675
-0.000806275
0.00129216
-0.000871873
0.0012564
-0.000937908
0.00121952
-0.00100738
0.00118197
-0.00107515
0.00114366
-0.00114852
0.00110541
-0.00121307
-0.00130044
0.00134603
-0.000773454
0.00131174
-0.000837591
0.0012762
-0.00090236
0.00123939
-0.00097058
0.00120174
-0.00103751
0.0011632
-0.00110997
0.00112445
-0.00117433
-0.00126121
0.00136472
-0.000741022
0.00133074
-0.000803612
0.00129539
-0.00086701
0.00125867
-0.000933854
0.00122093
-0.000999772
0.00118214
-0.00107118
0.00114294
-0.00113513
-0.00122129
0.00138282
-0.000708966
0.00134914
-0.000769928
0.00131398
-0.000831853
0.00127733
-0.000897207
0.00123952
-0.00096196
0.0012005
-0.00103216
0.00116085
-0.00109548
-0.00118069
0.00140032
0.00136692
-0.000736529
0.00133195
-0.000796883
0.00129538
-0.000860636
0.00125749
-0.000924076
0.00121825
-0.000992918
0.00117817
-0.0010554
-0.00113942
0.00138408
-0.000703408
0.00134929
-0.000762093
0.00131279
-0.000824141
0.00127484
-0.000886125
0.00123538
-0.000953456
0.0011949
-0.00101492
-0.00109751
0.00140061
-0.000670553
0.00136599
-0.00072748
0.00132957
-0.00078772
0.00129156
-0.000848113
0.00125189
-0.000913785
0.00121102
-0.000974054
-0.00105498
0.0014165
-0.000637956
0.00138206
-0.000693037
0.00134571
-0.000751372
0.00130764
-0.000810044
0.00126777
-0.000873915
0.00122653
-0.000932811
-0.00101186
0.00143175
-0.000605607
0.00139747
-0.000658757
0.00136119
-0.000715095
0.00132307
-0.000771923
0.00128301
-0.000833856
0.00124141
-0.000891211
-0.000968162
0.00144635
-0.000573496
0.00141223
-0.000624637
0.00137602
-0.000678886
0.00133785
-0.000733755
0.00129761
-0.000793615
0.00125567
-0.000849272
-0.000923918
0.00146029
-0.000541613
0.00142632
-0.000590668
0.00139018
-0.000642744
0.00135197
-0.000695542
0.00131156
-0.000753203
0.00126929
-0.00080701
-0.000879152
0.00147357
-0.000509947
0.00143975
-0.000556845
0.00140367
-0.000606666
0.00136542
-0.00065729
0.00132485
-0.00071263
0.00128228
-0.000764441
-0.000833891
0.00148619
-0.000478488
0.0014525
-0.000523162
0.00141649
-0.00057065
0.0013782
-0.000619
0.00133747
-0.000671903
0.00129461
-0.000721583
-0.000788159
0.00149813
-0.000447226
0.00146458
-0.000489611
0.00142862
-0.000534693
0.0013903
-0.000580677
0.00134943
-0.000631033
0.0013063
-0.000678451
-0.000741984
0.0015094
0.00147597
-0.000456187
0.00144008
-0.000498793
0.00140172
-0.000542324
0.00136072
-0.000590029
0.00131733
-0.000635064
-0.000695392
0.00148668
-0.000422882
0.00145084
-0.000462948
0.00141246
-0.000503943
0.00137133
-0.000548901
0.0013277
-0.000591438
-0.00064841
0.0014967
-0.00038969
0.00146091
-0.000427155
0.0014225
-0.000465538
0.00138126
-0.000507657
0.00133741
-0.000547589
-0.000601065
0.00150602
-0.000356604
0.00147028
-0.000391411
0.00143185
-0.000427111
0.0013905
-0.000466307
0.00134645
-0.000503534
-0.000553383
0.00151465
-0.000323616
0.00147895
-0.000355713
0.0014405
-0.000388666
0.00139906
-0.000424861
0.00135481
-0.000459291
-0.000505393
0.00152257
-0.00029072
0.00148692
-0.00032006
0.00144846
-0.000350204
0.00140692
-0.000383327
0.00136251
-0.000414877
-0.00045712
0.00152979
-0.000257909
0.00149418
-0.000284448
0.00145571
-0.00031173
0.00141409
-0.000341715
0.00136952
-0.000370308
-0.000408593
0.00153631
-0.000225175
0.00150073
-0.000248874
0.00146225
-0.000273245
0.00142057
-0.000300034
0.00137586
-0.000325601
-0.000359837
0.00154212
-0.000192512
0.00150658
-0.000213337
0.00146809
-0.000234753
0.00142635
-0.000258294
0.00138152
-0.000280774
-0.000310881
0.00154721
-0.000159912
0.00151171
-0.000177833
0.00147321
-0.000196256
0.00143142
-0.000216503
0.00138649
-0.000235843
-0.000261752
0.0015516
-0.000127369
0.00151613
-0.00014236
0.00147763
-0.000157757
0.0014358
-0.000174671
0.00139078
-0.000190825
-0.000212475
0.00155527
-9.48743e-05
0.00151983
-0.000106916
0.00148133
-0.000119259
0.00143947
-0.000132807
0.00139438
-0.000145738
-0.00016308
0.00155823
-6.24214e-05
0.00152282
-7.14985e-05
0.00148432
-8.0764e-05
0.00144243
-9.09207e-05
0.0013973
-0.000100599
-0.000113592
0.00156048
-3.00045e-05
0.00152509
-3.61071e-05
0.0014866
-4.22739e-05
0.0014447
-4.90206e-05
0.00139952
-5.54243e-05
-6.40392e-05
0.00156201
2.3836e-06
0.00152664
-7.40886e-07
0.00148816
-3.78977e-06
0.00144625
-7.11675e-06
0.00140106
-1.02307e-05
-1.44483e-05
0.00156283
0.00152745
0.00148899
0.0014471
0.0014019
0.0106033
-2.75708e-05
0.0106301
-2.68069e-05
0.0106561
-2.59736e-05
0.0106812
-2.51048e-05
0.0107054
-2.41857e-05
0.0107287
-2.32712e-05
0.010751
-2.2304e-05
0.0107724
-2.14022e-05
-2.03924e-05
0.0103576
-5.45971e-05
0.0103839
-5.30903e-05
0.0104093
-5.14454e-05
0.010434
-4.97295e-05
0.0104577
-4.79132e-05
0.0104805
-4.61054e-05
0.0105024
-4.41931e-05
0.0105234
-4.24093e-05
-4.0411e-05
0.0101179
-8.1176e-05
0.0101438
-7.89501e-05
0.0101689
-7.65167e-05
0.0101931
-7.39763e-05
0.0102165
-7.12845e-05
0.010239
-6.86045e-05
0.0102606
-6.57662e-05
0.0102813
-6.31199e-05
-6.01505e-05
0.00988419
-0.000107393
0.00990971
-0.000104474
0.00993447
-0.000101277
0.00995843
-9.79355e-05
0.00998153
-9.43897e-05
0.0100038
-9.08585e-05
0.0100251
-8.71126e-05
0.0100456
-8.36231e-05
-7.96964e-05
0.00965612
-0.000133322
0.00968139
-0.000129739
0.00970591
-0.000125804
0.00972966
-0.000121686
0.00975258
-0.000117308
0.00977467
-0.000112947
0.00979587
-0.00010831
0.00981624
-0.000103995
-9.91232e-05
0.00943352
-0.000159027
0.0094586
-0.000154811
0.00948296
-0.000150166
0.00950657
-0.000145299
0.00952937
-0.00014011
0.00955137
-0.00013494
0.00957249
-0.000129429
0.0095928
-0.000124306
-0.000118498
0.00921619
-0.000184566
0.00924113
-0.000179749
0.00926539
-0.000174424
0.00928892
-0.000168833
0.00931167
-0.000162857
0.00933363
-0.000156899
0.00935473
-0.000150529
0.00937504
-0.000144616
-0.00013788
0.00900393
-0.000209984
0.00902878
-0.000204603
0.00905299
-0.000198629
0.0090765
-0.000192343
0.00909924
-0.000185604
0.00912122
-0.000178879
0.00914236
-0.000171666
0.00916272
-0.00016498
-0.000157324
0.00879653
-0.000235322
0.00882135
-0.000229416
0.00884554
-0.000222827
0.00886908
-0.000215876
0.00889187
-0.000208396
0.00891392
-0.000200928
0.00893514
-0.000192889
0.00895561
-0.000185447
-0.000176875
0.00859383
-0.000260614
0.00861864
-0.000254224
0.00864287
-0.000247055
0.00866646
-0.000239471
0.00868934
-0.000231278
0.0087115
-0.00022309
0.00873285
-0.000214238
0.00875347
-0.00020606
-0.000196578
0.00839564
-0.000285887
0.00842048
-0.000279056
0.00844477
-0.000271345
0.00846846
-0.000263163
0.00849146
-0.000254283
0.00851378
-0.000245401
0.00853529
-0.000235754
0.00855609
-0.000226858
-0.00021647
0.00820181
-0.000311161
0.00822669
-0.000303938
0.00825107
-0.000295726
0.00827489
-0.000286982
0.00829805
-0.000277444
0.00832054
-0.000267894
0.00834226
-0.00025747
0.00836327
-0.000247875
-0.000236585
0.00801216
-0.000336452
0.00803711
-0.000328887
0.0080616
-0.00032022
0.00808557
-0.000310952
0.00810892
-0.000300788
0.00813162
-0.000290599
0.00815357
-0.000279414
0.00817483
-0.000269142
-0.000256955
0.00782656
-0.000361772
0.00785159
-0.00035392
0.00787621
-0.000344842
0.00790035
-0.000335095
0.0079239
-0.000324337
0.00794684
-0.000313539
0.00796904
-0.000301615
0.00799059
-0.000290688
-0.000277608
0.00764485
-0.000387126
0.00766998
-0.000379045
0.00769474
-0.000369608
0.00771907
-0.000359425
0.00774285
-0.00034811
0.00776605
-0.000336737
0.00778852
-0.000324093
0.00781037
-0.000312536
-0.000298568
0.00746692
-0.000412515
0.00749214
-0.000404268
0.00751706
-0.000394526
0.00754159
-0.000383956
0.0075656
-0.000372123
0.00758908
-0.00036021
0.00761185
-0.000346871
0.00763403
-0.00033471
-0.000319858
0.00729262
-0.000437937
0.00731795
-0.00042959
0.00734302
-0.000419601
0.00736776
-0.000408697
0.00739203
-0.000396388
0.00741579
-0.000383974
0.00743888
-0.000369964
0.0074614
-0.000357228
-0.0003415
0.00712185
-0.000463385
0.00714727
-0.000455008
0.0071725
-0.000444834
0.00719746
-0.000433653
0.00722199
-0.000420913
0.00724605
-0.00040804
0.00726948
-0.000393389
0.00729236
-0.000380108
-0.000363512
0.00695449
-0.000488847
0.00698
-0.000480517
0.00700539
-0.000470225
0.00703057
-0.000458826
0.00705536
-0.000445706
0.00707974
-0.00043242
0.00710351
-0.000417157
0.00712677
-0.000403367
-0.00038591
0.00679044
-0.00051431
0.00681603
-0.000506105
0.00684157
-0.000495766
0.00686696
-0.000484216
0.00689203
-0.000470769
0.00691673
-0.00045712
0.00694085
-0.000441279
0.0069645
-0.000427017
-0.000408711
0.0066296
-0.000539754
0.00665526
-0.00053176
0.00668094
-0.00052145
0.00670654
-0.000509819
0.00673188
-0.000496103
0.0067569
-0.000482145
0.00678139
-0.000465763
0.00680544
-0.00045107
-0.000431929
0.00647188
-0.000565158
0.00649758
-0.000557464
0.0065234
-0.000547265
0.00654921
-0.000535627
0.00657481
-0.000521705
0.00660016
-0.000507497
0.00662502
-0.000490617
0.00664948
-0.000475537
-0.000455576
0.00631719
-0.000590496
0.00634293
-0.000583196
0.00636885
-0.000573194
0.00639486
-0.000561631
0.00642073
-0.000547572
0.0064464
-0.000533177
0.00647163
-0.000515843
0.00649652
-0.000500427
-0.000479663
0.00616546
-0.000615739
0.0061912
-0.000608933
0.00621722
-0.00059922
0.00624341
-0.000587818
0.00626953
-0.000573694
0.00629554
-0.000559182
0.00632114
-0.000541445
0.00634646
-0.000525747
-0.000504201
0.00601661
-0.000640854
0.00604232
-0.000634647
0.00606842
-0.000625319
0.00609477
-0.00061417
0.00612114
-0.000600061
0.00614747
-0.000585507
0.00617344
-0.000567423
0.0061992
-0.000551501
-0.000529199
0.00587057
-0.000665807
0.00589623
-0.000660308
0.00592238
-0.000651467
0.00594887
-0.00064067
0.00597547
-0.000626661
0.00600211
-0.000612146
0.00602846
-0.000593774
0.00605466
-0.000577694
-0.000554664
0.00572727
-0.000690558
0.00575285
-0.00068588
0.00577901
-0.000677636
0.00580564
-0.000667293
0.00583245
-0.000653476
0.0058594
-0.000639088
0.00588612
-0.000620496
0.00591275
-0.000604328
-0.000580604
0.00558667
-0.000715065
0.00561212
-0.000711326
0.00563827
-0.000703792
0.005665
-0.000694015
0.00569201
-0.000680488
0.00571924
-0.00066632
0.00574633
-0.000647582
0.0057734
-0.000631404
-0.000607023
0.0054487
-0.000739284
0.00547398
-0.000736606
0.00550009
-0.000729901
0.00552688
-0.000720805
0.00555407
-0.000707674
0.00558158
-0.000693828
0.00560902
-0.000675023
0.00563653
-0.000658919
-0.000633924
0.00531332
-0.000763166
0.00533839
-0.000761676
0.00536441
-0.000755923
0.00539124
-0.000747632
0.00541857
-0.000735008
0.00544634
-0.000721594
0.00547412
-0.000702808
0.00550207
-0.00068687
-0.000661312
0.00518048
-0.000786661
0.00520529
-0.000786487
0.00523118
-0.000781817
0.00525801
-0.000774459
0.00528546
-0.000762461
0.00531346
-0.000749594
0.00534158
-0.000730924
0.00536996
-0.000715251
-0.000689185
0.00505013
-0.000809716
0.00507463
-0.00081099
0.00510035
-0.000807536
0.00512714
-0.000801246
0.00515468
-0.000790001
0.00518289
-0.000777806
0.00521132
-0.000759354
0.00524012
-0.000744055
-0.000717543
0.00492224
-0.000832274
0.00494638
-0.000835131
0.00497187
-0.00083303
0.00499857
-0.000827949
0.00502616
-0.000817591
0.00505456
-0.0008062
0.00508328
-0.000788078
0.0051125
-0.000773268
-0.000746383
0.00479677
-0.000854279
0.00482049
-0.000858853
0.00484571
-0.000858248
0.00487228
-0.000854521
0.00489988
-0.00084519
0.00492842
-0.000834743
0.00495742
-0.000817072
0.00498703
-0.000802878
-0.000775699
0.00467369
-0.000875671
0.00469693
-0.000882096
0.00472182
-0.000883132
0.00474821
-0.00088091
0.00477577
-0.000872755
0.00480443
-0.0008634
0.00483367
-0.000846311
0.00486366
-0.000832868
-0.000805484
0.00455297
-0.000896387
0.00457568
-0.0009048
0.00460017
-0.000907624
0.00462632
-0.000907061
0.0046538
-0.000900237
0.00468253
-0.000892131
0.00471198
-0.000875762
0.00474233
-0.000863216
-0.000835726
0.00443459
-0.000916366
0.00445669
-0.000926899
0.00448073
-0.00093166
0.00450658
-0.000932915
0.00453393
-0.000927584
0.00456269
-0.00092089
0.00459232
-0.000905393
0.004623
-0.000893898
-0.000866412
0.00431853
-0.000935543
0.00433995
-0.000948327
0.00436347
-0.000955175
0.00438896
-0.000958409
0.00441612
-0.000954738
0.00444485
-0.000949629
0.00447462
-0.000935163
0.00450561
-0.000924885
-0.000897525
0.00420475
-0.000953855
0.00422544
-0.000969016
0.00424836
-0.0009781
0.00427343
-0.000983475
0.00430033
-0.000981639
0.00432899
-0.000978293
0.00435886
-0.000965029
0.00439012
-0.000956145
-0.000929044
0.00409325
-0.000971236
0.00411312
-0.000988896
0.00413539
-0.00100036
0.00415996
-0.00100804
0.00418654
-0.00100822
0.00421507
-0.00100682
0.00424499
-0.000994944
0.00427648
-0.00098764
-0.000960946
0.003984
-0.000987624
0.004003
-0.0010079
0.00402453
-0.00102189
0.00404853
-0.00103204
0.00407472
-0.00103442
0.00410306
-0.00103516
0.00413297
-0.00102485
0.00416465
-0.00101933
-0.000993202
0.00387699
-0.00100295
0.00389504
-0.00102594
0.00391576
-0.00104261
0.00393911
-0.00105539
0.00396485
-0.00106015
0.00399292
-0.00106323
0.00402277
-0.0010547
0.0040546
-0.00105116
-0.00102578
0.00377222
-0.00101717
0.00378925
-0.00104297
0.00380908
-0.00106245
0.00383171
-0.00107801
0.00385691
-0.00108535
0.00388464
-0.00109096
0.00391436
-0.00108443
0.00394629
-0.00108309
-0.00105865
0.00366967
-0.0010302
0.0036856
-0.00105891
0.00370448
-0.00108133
0.00372629
-0.00109983
0.00375088
-0.00110993
0.00377819
-0.00111828
0.00380773
-0.00111397
0.0038397
-0.00111506
-0.00109176
0.00356933
-0.001042
0.00358411
-0.00107368
0.00360194
-0.00109917
0.00362286
-0.00112075
0.00364675
-0.00113382
0.00367357
-0.0011451
0.00370285
-0.00114325
0.00373479
-0.001147
-0.00112507
0.0034712
-0.00105251
0.00348475
-0.00108723
0.00350147
-0.00111589
0.00352142
-0.00114069
0.00354452
-0.00115692
0.00357076
-0.00117135
0.00359971
-0.00117219
0.00363156
-0.00117885
-0.00115854
0.00337527
-0.00106169
0.00338753
-0.00109949
0.00340307
-0.00113143
0.00342195
-0.00115958
0.00344419
-0.00117915
0.00346976
-0.00119692
0.00349829
-0.00120073
0.00352998
-0.00121054
-0.0011921
0.00328155
-0.00106949
0.00329246
-0.00111041
0.00330674
-0.00114571
0.00332448
-0.00117732
0.00334575
-0.00120043
0.00337056
-0.00122173
0.0033986
-0.00122877
0.00343004
-0.00124198
-0.00122571
0.00319002
-0.00107587
0.00319954
-0.00111992
0.00321249
-0.00115866
0.003229
-0.00119383
0.00324922
-0.00122066
0.00327317
-0.00124568
0.00330063
-0.00125622
0.00333174
-0.00127309
-0.0012593
0.00310071
-0.0010808
0.00310877
-0.00112798
0.00312032
-0.00117021
0.00313552
-0.00120902
0.00315461
-0.00123974
0.00317759
-0.00126866
0.00320437
-0.001283
0.00323506
-0.00130378
-0.00129278
0.0030136
-0.00108426
0.00302017
-0.00113456
0.00303026
-0.0011803
0.00304407
-0.00122283
0.00306192
-0.00125759
0.00308383
-0.00129057
0.00310983
-0.001309
0.00313998
-0.00133393
-0.00132609
0.0029287
-0.00108622
0.00293374
-0.00113961
0.00294231
-0.00118887
0.00295465
-0.00123516
0.00297116
-0.00127411
0.00299188
-0.00131129
0.00301699
-0.00133411
0.00304649
-0.00136343
-0.00135912
0.00284601
-0.00108668
0.0028495
-0.0011431
0.00285649
-0.00119586
0.00286727
-0.00124595
0.00288234
-0.00128917
0.00290174
-0.00133069
0.00292584
-0.0013582
0.00295455
-0.00139214
-0.00139177
0.00276554
-0.00108563
0.00276745
-0.001145
0.0027728
-0.00120121
0.00278195
-0.0012551
0.00279546
-0.00130268
0.00281341
-0.00134865
0.00283635
-0.00138114
0.00286411
-0.00141991
-0.00142394
0.00268729
-0.00108307
0.00268758
-0.0011453
0.00269125
-0.00120487
0.00269869
-0.00126255
0.00271051
-0.0013145
0.00272687
-0.00136501
0.00274848
-0.00140274
0.0027751
-0.00144653
-0.00145553
0.00261124
-0.00107901
0.00260991
-0.00114396
0.00261183
-0.00120679
0.00261748
-0.00126819
0.00262749
-0.00132451
0.00264209
-0.00137961
0.00266218
-0.00142283
0.00268744
-0.00147179
-0.0014864
0.00253739
-0.00107345
0.00253441
-0.00114098
0.00253455
-0.00120693
0.00253831
-0.00127195
0.00254637
-0.00133258
0.00255905
-0.00139229
0.00257742
-0.00144121
0.0026011
-0.00149546
-0.00151637
0.00246572
-0.0010664
0.00246107
-0.00113633
0.00245937
-0.00120523
0.00246116
-0.00127374
0.00246714
-0.00133856
0.00247768
-0.00140283
0.00249408
-0.0014576
0.00251595
-0.00151734
-0.00154564
0.00239617
-0.00105787
0.00238982
-0.00112999
0.00238623
-0.00120164
0.00238593
-0.00127343
0.00238967
-0.0013423
0.00239785
-0.00141102
0.0024119
-0.00147165
0.00243144
-0.00153687
-0.00157515
0.00232865
0.00232058
0.00231503
0.00231253
0.00231387
0.00231946
0.00233082
0.00234692
)
;

boundaryField
{
    inlet
    {
        type            calculated;
        value           nonuniform 0();
    }
    outlet
    {
        type            calculated;
        value           nonuniform 0();
    }
    cylinder
    {
        type            calculated;
        value           nonuniform 0();
    }
    top
    {
        type            symmetryPlane;
        value           nonuniform 0();
    }
    bottom
    {
        type            symmetryPlane;
        value           uniform 0;
    }
    defaultFaces
    {
        type            empty;
        value           nonuniform 0();
    }
    procBoundary2to1
    {
        type            processor;
        value           nonuniform List<scalar> 
104
(
-0.0011821
-0.00104784
-0.00120399
-0.00122643
-0.00124865
-0.00127047
-0.00129188
-0.00131285
-0.000873708
-0.00130004
-0.00132055
-0.00134054
-0.00135997
-0.00137885
-0.00139715
-0.00141488
-0.00143201
-0.000677275
-0.0014172
-0.00143346
-0.0014491
-0.0014641
-0.00147846
-0.00149217
-0.00150524
-0.00151765
-0.00152939
-0.00154048
-0.000416149
-0.00151999
-0.00152989
-0.00153911
-0.00154763
-0.00155547
-0.0015626
-0.00156904
-0.00157478
-0.00157981
-0.00158414
-0.00158777
-0.00159069
-0.00159289
-0.00159439
-0.0015952
-0.0105758
-0.0103306
-0.0100914
-0.00985797
-0.00963019
-0.00940782
-0.00919065
-0.00897851
-0.00877119
-0.00856854
-0.00837037
-0.00817653
-0.00798687
-0.00780124
-0.0076195
-0.00744153
-0.0072672
-0.0070964
-0.00692903
-0.00676498
-0.00660416
-0.00644648
-0.00629186
-0.00614022
-0.00599149
-0.00584561
-0.00570252
-0.00556216
-0.00542448
-0.00528944
-0.00515698
-0.00502707
-0.00489968
-0.00477476
-0.0046523
-0.00453226
-0.00441462
-0.00429935
-0.00418644
-0.00407586
-0.00396761
-0.00386166
-0.00375801
-0.00365663
-0.00355753
-0.00346069
-0.00336609
-0.00327375
-0.00318364
-0.00309577
-0.00301014
-0.00292673
-0.00284555
-0.00276659
-0.00268985
-0.00261531
-0.00254295
-0.00247276
-0.0024047
-0.00233868
)
;
    }
    procBoundary2to3
    {
        type            processor;
        value           nonuniform List<scalar> 
109
(
0.000625257
0.00062443
0.000623242
0.000621691
0.00061978
0.000617508
0.000614875
0.00056116
0.00068496
0.000681316
0.000677281
0.000672856
0.000668043
0.000662841
0.000657251
0.00108617
0.000723015
0.000716146
0.000708864
0.000701168
0.00069306
0.00146875
0.000754865
0.000745281
0.000735261
0.000724806
0.00178318
0.000782924
0.000770833
0.000758286
0.00203211
0.000813436
0.000799125
0.000784336
0.00228574
0.000836195
0.000819522
0.000802347
0.00254411
0.000850635
0.00083145
0.00274189
0.000877566
0.000856226
0.00294691
0.000900792
0.000877432
0.000853166
0.00169507
0.0107928
0.0105434
0.010301
0.0100652
0.00983567
0.00961217
0.00939442
0.00918217
0.00897516
0.00877317
0.00857598
0.00838339
0.0081952
0.00801124
0.00783133
0.00765532
0.00748304
0.00731437
0.00714916
0.0069873
0.00682866
0.00667313
0.00652061
0.00637099
0.0062242
0.00608012
0.00593869
0.00579982
0.00566344
0.00552946
0.00539783
0.00526848
0.00514134
0.00501634
0.00489344
0.00477257
0.00465369
0.00453673
0.00442164
0.00430838
0.00419691
0.00408718
0.00397916
0.00387281
0.00376811
0.00366503
0.00356355
0.00346365
0.00336532
0.00326854
0.00317328
0.00307952
0.0029872
0.00289629
0.00280669
0.0027183
0.00263107
0.00254522
0.00246095
0.00237537
)
;
    }
    procBoundary2to18
    {
        type            processor;
        value           nonuniform List<scalar> 
16
(
0.000104503
0.000105595
0.000106777
0.000108056
0.000109437
0.000110927
-0.00109414
2.84693e-05
2.81837e-05
2.78965e-05
3.47528e-05
3.46368e-05
3.46729e-05
3.47783e-05
3.49631e-05
3.51591e-05
)
;
    }
    procBoundary2to19
    {
        type            processor;
        value           nonuniform List<scalar> 2(0.000625827 0.000625723);
    }
}


// ************************************************************************* //
