/*--------------------------------*- C++ -*----------------------------------*\
  =========                 |
  \\      /  F ield         | OpenFOAM: The Open Source CFD Toolbox
   \\    /   O peration     | Website:  https://openfoam.org
    \\  /    A nd           | Version:  7
     \\/     M anipulation  |
\*---------------------------------------------------------------------------*/
FoamFile
{
    version     2.0;
    format      ascii;
    class       surfaceScalarField;
    location    "30";
    object      phi;
}
// * * * * * * * * * * * * * * * * * * * * * * * * * * * * * * * * * * * * * //

dimensions      [0 3 -1 0 0 0 0];

internalField   nonuniform List<scalar> 
1982
(
-0.000148481
-0.00396761
-0.00408334
-0.000178407
-0.00015154
-0.00382652
-0.000182095
-0.00393705
-0.00405174
-0.000213695
-0.000151993
-0.00369179
-0.000183128
-0.00379539
-0.000215335
-0.00390485
-0.00401848
-0.000248597
-0.000119705
-0.00347422
-0.00015001
-0.0035642
-0.000181576
-0.00366023
-0.000214334
-0.00376263
-0.000248189
-0.00387099
-0.00398356
-0.000283102
-0.000115278
-0.00336032
-0.000145801
-0.0034437
-0.000177635
-0.00353237
-0.000210773
-0.00362709
-0.000245147
-0.00372826
-0.000280645
-0.00383549
-0.00394701
-0.0003172
-0.000108842
-0.00325184
-0.000139524
-0.00332964
-0.000171531
-0.00341169
-0.000204878
-0.00349902
-0.000239574
-0.00359239
-0.000275556
-0.00369228
-0.000312693
-0.00379835
-0.00390882
-0.000350881
-0.000100503
-0.00314746
-0.000131278
-0.00322107
-0.000163416
-0.0032975
-0.000196888
-0.00337822
-0.000231731
-0.00346418
-0.00026797
-0.00355616
-0.000305549
-0.0036547
-0.000344321
-0.00375958
-0.00386901
-0.000384135
-9.04135e-05
-0.00304514
-0.000121151
-0.00311672
-0.000153372
-0.00318885
-0.000186947
-0.00326392
-0.000221867
-0.0033433
-0.000258186
-0.00342786
-0.000295949
-0.00351839
-0.000335114
-0.00361553
-0.000375516
-0.00371918
-0.00382757
-0.000416951
-7.88215e-05
-0.00294156
-0.000109276
-0.00301469
-0.000141471
-0.00308453
-0.000175119
-0.0031552
-0.000210113
-0.00322893
-0.000246461
-0.00330695
-0.000284235
-0.00339009
-0.000323503
-0.00347913
-0.000364238
-0.0035748
-0.000406267
-0.00367715
-0.00378452
-0.00044932
-6.61149e-05
-0.00283138
-9.58839e-05
-0.00291179
-0.00012783
-0.00298274
-0.00016146
-0.0030509
-0.000196516
-0.00312014
-0.00023291
-0.00319254
-0.000270667
-0.00326919
-0.000309873
-0.00335088
-0.000350621
-0.00343838
-0.00039291
-0.00353251
-0.00043656
-0.0036335
-0.00373985
-0.000481232
-5.28441e-05
-0.00270654
-8.13393e-05
-0.00280288
-0.000112661
-0.00288047
-0.000146071
-0.00294933
-0.000181113
-0.00301586
-0.000217558
-0.0030837
-0.000255335
-0.00315476
-0.00029448
-0.00323005
-0.000335094
-0.00331027
-0.000377295
-0.00339618
-0.000421115
-0.00348869
-0.000466382
-0.00358823
-6.61714e-05
-0.00268009
-9.63082e-05
-0.00277274
-0.000129148
-0.00284763
-0.000163995
-0.00291448
-0.000200428
-0.00297942
-0.000238243
-0.00304588
-0.000277384
-0.00311562
-0.000317896
-0.00318954
-0.000359893
-0.00326827
-0.000403517
-0.00335255
-0.000448842
-0.00344336
-5.10734e-05
-0.00253243
-7.92789e-05
-0.00265188
-0.000111016
-0.00274101
-0.000145341
-0.00281331
-0.000181598
-0.00287823
-0.000219401
-0.00294162
-0.000258567
-0.00300672
-0.000299055
-0.00307513
-0.000340914
-0.00314768
-0.000384268
-0.00322492
-0.000429281
-0.00330754
-3.68574e-05
-0.002346
-6.22512e-05
-0.00250703
-9.21604e-05
-0.00262197
-0.000125458
-0.00270771
-0.000161236
-0.00277753
-0.000198878
-0.00284059
-0.000238028
-0.00290247
-0.000278529
-0.00296622
-0.000320345
-0.00303331
-0.000363533
-0.00310449
-0.000408217
-0.00318023
-2.43512e-05
-0.00210513
-4.60367e-05
-0.00232432
-7.32432e-05
-0.00247983
-0.00010481
-0.00259041
-0.000139629
-0.00267289
-0.000176829
-0.00274033
-0.00021583
-0.00280158
-0.000256309
-0.00286199
-0.000298124
-0.0029244
-0.000341253
-0.00299018
-0.00038575
-0.00305999
-0.00313424
-1.42508e-05
-0.0017944
-3.14905e-05
-0.00208789
-5.5074e-05
-0.00230073
-8.4043e-05
-0.00245086
-0.000117223
-0.00255723
-0.000153525
-0.00263659
-0.000192116
-0.00270174
-0.000232453
-0.00276125
-0.000274238
-0.00282021
-0.000317351
-0.00288129
-0.000361775
-0.00294576
-0.000407566
-0.0030142
-1.93717e-05
-0.00178198
-3.85305e-05
-0.00206873
-6.39619e-05
-0.0022753
-9.46448e-05
-0.00242018
-0.000129394
-0.00252248
-0.000167144
-0.00259884
-0.000207096
-0.00266178
-0.000248742
-0.0027196
-0.000291814
-0.00277714
-0.000336206
-0.0028369
-0.00038191
-0.00290005
-1.01859e-05
-0.00139355
-2.44309e-05
-0.00176774
-4.54645e-05
-0.00204769
-7.26945e-05
-0.00224807
-0.000105043
-0.00238783
-0.000141319
-0.0024862
-0.000180481
-0.00255968
-0.000221765
-0.0026205
-0.000264697
-0.00267667
-0.000309034
-0.0027328
-0.000354686
-0.00279124
-0.00285309
-4.07269e-06
-0.000914754
-1.33829e-05
-0.00138424
-2.94231e-05
-0.0017517
-5.22862e-05
-0.00202483
-8.12661e-05
-0.00221909
-0.000115234
-0.00235386
-0.000152996
-0.00244844
-0.000193534
-0.00251914
-0.000236121
-0.00257791
-0.000280314
-0.00263248
-0.000325894
-0.00268722
-0.000372788
-0.00274435
-5.67399e-06
-0.000909882
-1.65449e-05
-0.00137337
-3.43431e-05
-0.0017339
-5.89902e-05
-0.00200018
-8.96718e-05
-0.00218841
-0.000125213
-0.00231832
-0.00016442
-0.00240923
-0.0002063
-0.00247726
-0.000250161
-0.00253405
-0.00029559
-0.00258705
-0.000342391
-0.00264042
-0.00269623
-1.26547e-06
-0.000342802
-7.2637e-06
-0.000903884
-1.96682e-05
-0.00136097
-3.91863e-05
-0.00171438
-6.55714e-05
-0.0019738
-9.79069e-05
-0.00215608
-0.000134977
-0.00228125
-0.000175588
-0.00236862
-0.000218777
-0.00243407
-0.000263883
-0.00248895
-0.000310523
-0.00254041
-0.000358522
-0.00259242
-1.72798e-06
-0.000341074
-8.83483e-06
-0.000896777
-2.27441e-05
-0.00134706
-4.39423e-05
-0.00169318
-7.20192e-05
-0.00194572
-0.000105961
-0.00212213
-0.000144515
-0.00224269
-0.000186493
-0.00232664
-0.000230957
-0.0023896
-0.000277279
-0.00244263
-0.000325104
-0.00249258
-2.1904e-06
-0.000338883
-1.03921e-05
-0.000888576
-2.57789e-05
-0.00133167
-4.86185e-05
-0.00167034
-7.83418e-05
-0.001916
-0.000113844
-0.00208663
-0.000153838
-0.0022027
-0.000197143
-0.00228334
-0.00024285
-0.0023439
-0.000290359
-0.00239512
-0.0024436
-2.64895e-06
-0.000336234
-1.19294e-05
-0.000879295
-2.87642e-05
-0.00131484
-5.32051e-05
-0.0016459
-8.45291e-05
-0.00188468
-0.000121545
-0.00204962
-0.000162936
-0.00216131
-0.000207532
-0.00223874
-0.000254447
-0.00229698
-0.000303115
-0.00234645
-3.10271e-06
-0.000333132
-1.34448e-05
-0.000868953
-3.16971e-05
-0.00129658
-5.76986e-05
-0.0016199
-9.05777e-05
-0.0018518
-0.000129062
-0.00201113
-0.000171809
-0.00211856
-0.000217656
-0.0021929
-0.000265749
-0.00224889
-0.00229665
-3.55098e-06
-0.000329581
-1.49364e-05
-0.000857568
-3.45747e-05
-0.00127694
-6.20958e-05
-0.00159238
-9.64844e-05
-0.00181741
-0.000136391
-0.00197122
-0.000180452
-0.0020745
-0.000227516
-0.00214583
-0.000276752
-0.00219965
-0.00224575
-3.99316e-06
-0.000325587
-1.64024e-05
-0.000845158
-3.73943e-05
-0.00125595
-6.63935e-05
-0.00156338
-0.000102246
-0.00178155
-0.000143532
-0.00192994
-0.000188865
-0.00202917
-0.000237108
-0.00209759
-0.000287457
-0.0021493
-4.42866e-06
-0.000321159
-1.78412e-05
-0.000831746
-4.01534e-05
-0.00123364
-7.05891e-05
-0.00153294
-0.000107861
-0.00174428
-0.000150481
-0.00188732
-0.000197046
-0.0019826
-0.000246433
-0.0020482
-0.00209788
-4.85692e-06
-0.000316302
-1.92512e-05
-0.000817352
-4.28498e-05
-0.00121004
-7.46799e-05
-0.00150111
-0.000113326
-0.00170564
-0.000157237
-0.00184341
-0.000204994
-0.00193484
-0.000255489
-0.00199771
-5.27739e-06
-0.000311025
-2.06309e-05
-0.000801998
-4.54812e-05
-0.00118519
-7.86638e-05
-0.00146793
-0.00011864
-0.00166566
-0.000163798
-0.00179825
-0.000212708
-0.00188593
-0.00194614
-5.68956e-06
-0.000305335
-2.1979e-05
-0.000785709
-4.80458e-05
-0.00115912
-8.25385e-05
-0.00143344
-0.0001238
-0.0016244
-0.000170163
-0.00175189
-0.000220186
-0.00183591
-6.09289e-06
-0.000299242
-2.32941e-05
-0.000768508
-5.05417e-05
-0.00113188
-8.63021e-05
-0.00139768
-0.000128805
-0.0015819
-0.00017633
-0.00170436
-0.00178481
-6.48693e-06
-0.000292755
-2.45751e-05
-0.000750419
-5.29671e-05
-0.00110349
-8.99528e-05
-0.00136069
-0.000133653
-0.0015382
-0.000182298
-0.00165572
-0.00173268
-6.87119e-06
-0.000285884
-2.58208e-05
-0.00073147
-5.53206e-05
-0.00107399
-9.34889e-05
-0.00132252
-0.000138343
-0.00149334
-0.000188067
-0.001606
-7.24525e-06
-0.000278639
-2.70301e-05
-0.000711685
-5.76005e-05
-0.00104341
-9.6909e-05
-0.00128322
-0.000142873
-0.00144738
-0.00155523
-7.60869e-06
-0.00027103
-2.8202e-05
-0.000691092
-5.98057e-05
-0.00101181
-0.000100212
-0.00124281
-0.000147243
-0.00140035
-0.00150347
-7.96111e-06
-0.000263069
-2.93356e-05
-0.000669717
-6.19347e-05
-0.000979212
-0.000103396
-0.00120135
-0.000151451
-0.00135229
-8.30215e-06
-0.000254767
-3.043e-05
-0.000647589
-6.39864e-05
-0.000945656
-0.00010646
-0.00115888
-0.00130325
-8.63145e-06
-0.000246135
-3.14844e-05
-0.000624736
-6.59598e-05
-0.00091118
-0.000109403
-0.00111543
-0.00125328
-8.94868e-06
-0.000237187
-3.2498e-05
-0.000601187
-6.78538e-05
-0.000875825
-0.000112224
-0.00107106
-0.0012024
-9.25353e-06
-0.000227933
-3.34701e-05
-0.00057697
-6.96674e-05
-0.000839627
-0.000114923
-0.00102581
-9.5457e-06
-0.000218387
-3.44e-05
-0.000552116
-7.13999e-05
-0.000802627
-0.000979709
-9.82491e-06
-0.000208562
-3.52871e-05
-0.000526654
-7.30503e-05
-0.000764864
-0.000932811
-1.00909e-05
-0.000198472
-3.61307e-05
-0.000500614
-7.4618e-05
-0.000726377
-0.000885156
-1.03434e-05
-0.000188128
-3.69303e-05
-0.000474027
-7.61022e-05
-0.000687205
-0.000836786
-1.05822e-05
-0.000177546
-3.76855e-05
-0.000446924
-7.75022e-05
-0.000647388
-1.08072e-05
-0.000166739
-3.83957e-05
-0.000419336
-0.000606966
-1.1018e-05
-0.000155721
-3.90605e-05
-0.000391293
-0.000565979
-1.12145e-05
-0.000144506
-3.96795e-05
-0.000362828
-0.000524467
-1.13965e-05
-0.00013311
-4.02522e-05
-0.000333972
-0.00048247
-1.1564e-05
-0.000121546
-4.07785e-05
-0.000304758
-0.000440027
-1.17166e-05
-0.000109829
-4.12578e-05
-0.000275217
-0.00039718
-1.18544e-05
-9.79748e-05
-4.16901e-05
-0.000245381
-0.000353968
-1.19771e-05
-8.59976e-05
-4.20749e-05
-0.000215283
-0.000310432
-1.20848e-05
-7.39129e-05
-4.24121e-05
-0.000184956
-1.21772e-05
-6.17357e-05
-0.000154431
-1.22543e-05
-4.94814e-05
-0.000123743
-1.23161e-05
-3.71653e-05
-9.29226e-05
-1.23624e-05
-2.48029e-05
-6.20038e-05
-1.23934e-05
-1.24095e-05
-3.10192e-05
-1.24088e-05
-7.01553e-10
0.00254345
-0.000494573
0.00255675
-0.000462617
0.00257
-0.000430199
0.00258319
-0.00039733
0.00259633
-0.00036402
0.00260941
-0.000330278
0.00262242
-0.000296114
0.00263536
-0.00026154
0.00264823
-0.000226565
0.00266103
-0.000191201
-0.00015546
0.00261234
-0.000506779
0.00262456
-0.000474831
0.00263677
-0.000442415
0.00264898
-0.000409543
0.00266119
-0.000376224
0.00267338
-0.000342469
0.00268555
-0.000308289
0.00269771
-0.000273695
0.00270984
-0.000238699
0.00272195
-0.000203312
-0.00016755
0.0026844
-0.000517946
0.00269558
-0.00048602
0.00270679
-0.000453623
0.00271802
-0.000420768
0.00272926
-0.000387465
0.00274052
-0.000353725
0.00275179
-0.00031956
0.00276307
-0.00028498
0.00277437
-0.000249998
0.00278568
-0.000214626
-0.000178879
0.00275893
-0.000528162
0.00276917
-0.000496263
0.00277944
-0.000463895
0.00278974
-0.000431069
0.00280007
-0.000397796
0.00281044
-0.000364088
0.00282083
-0.000329955
0.00283126
-0.000295411
0.00284173
-0.000260466
0.00285224
-0.000225134
-0.000189427
0.00283501
-0.000537493
0.00284438
-0.000505633
0.00285379
-0.000473304
0.00286324
-0.00044052
0.00287274
-0.000407292
0.00288228
-0.00037363
0.00289187
-0.000339548
0.00290152
-0.000305056
0.00291122
-0.000270167
0.00292098
-0.000234894
-0.000199249
0.00291246
-0.000545976
0.00292099
-0.000514167
0.00292958
-0.000481895
0.00293823
-0.000449169
0.00294694
-0.000416002
0.00295572
-0.000382405
0.00296456
-0.00034839
0.00297347
-0.00031397
0.00298246
-0.000279156
0.00299153
-0.000243962
-0.0002084
0.00299129
-0.000553628
0.00299901
-0.00052189
0.00300681
-0.00048969
0.00301468
-0.000457042
0.00302263
-0.000423955
0.00303067
-0.000390443
0.0030388
-0.000356517
0.00304702
-0.00032219
0.00305533
-0.000287473
0.00306375
-0.000252379
-0.000216921
0.00307155
-0.000560468
0.00307848
-0.000528817
0.00308549
-0.00049671
0.00309261
-0.000464158
0.00309983
-0.000431174
0.00310715
-0.000397768
0.00311459
-0.000363953
0.00312214
-0.00032974
0.00312981
-0.000295143
0.0031376
-0.000260174
-0.000224844
0.00315331
-0.000566507
0.00315945
-0.000534964
0.00316571
-0.000502969
0.00317209
-0.000470535
0.00317859
-0.000437673
0.00318521
-0.000404395
0.00319198
-0.000370713
0.00319887
-0.000336639
0.00320592
-0.000302186
0.00321311
-0.000267365
-0.000232189
0.00323662
-0.000571759
0.003242
-0.000540342
0.00324751
-0.000508481
0.00325316
-0.000476185
0.00325896
-0.000443468
0.0032649
-0.000410341
0.00327101
-0.000376815
0.00327727
-0.000342903
0.0032837
-0.000308617
0.0032903
-0.000273969
-0.000238971
0.00332155
-0.000576235
0.00332617
-0.000544966
0.00333095
-0.000513259
0.00333589
-0.000481124
0.003341
-0.000448573
0.00334627
-0.000415619
0.00335173
-0.000382272
0.00335737
-0.000348545
0.0033632
-0.000314449
0.00336923
-0.000279998
-0.000245202
0.00340814
-0.000579947
0.00341202
-0.000548847
0.00341608
-0.000517315
0.00342032
-0.000485362
0.00342475
-0.000453001
0.00342937
-0.000420242
0.00343419
-0.000387097
0.00343923
-0.000353578
0.00344447
-0.000319697
0.00344994
-0.000285465
-0.000250896
0.00349644
-0.000582907
0.00349959
-0.000551997
0.00350294
-0.000520662
0.00350649
-0.000488913
0.00351025
-0.000456763
0.00351423
-0.000424222
0.00351844
-0.000391302
0.00352287
-0.000358014
0.00352755
-0.000324371
0.00353246
-0.000290384
-0.000256065
0.00358649
-0.000585124
0.00358892
-0.000554426
0.00359157
-0.00052331
0.00359444
-0.000491788
0.00359755
-0.000459872
0.0036009
-0.000427571
0.0036045
-0.000394899
0.00360835
-0.000361866
0.00361246
-0.000328483
0.00361684
-0.000294764
-0.000260719
0.00367833
-0.00058661
0.00368004
-0.000556145
0.00368201
-0.000525271
0.00368422
-0.000493998
0.00368668
-0.000462338
0.00368941
-0.000430301
0.00369241
-0.000397898
0.00369569
-0.000365142
0.00369925
-0.000332044
0.0037031
-0.000298615
0.00377199
-0.000587375
0.00377301
-0.000557166
0.00377429
-0.000526555
0.00377585
-0.000495553
0.00377768
-0.000464171
0.0037798
-0.00043242
0.00378221
-0.000400311
0.00378493
-0.000367854
0.00378794
-0.000335062
-0.000301946
0.00386752
-0.000587429
0.00386785
-0.000557498
0.00386847
-0.000527172
0.00386938
-0.000496464
0.00387059
-0.000465383
0.00387211
-0.000433939
0.00387394
-0.000402145
0.0038761
-0.00037001
0.00387858
-0.000337547
-0.000304765
0.00396495
-0.000586782
0.00396461
-0.000557151
0.00396457
-0.000527133
0.00396484
-0.00049674
0.00396544
-0.000465981
0.00396637
-0.000434868
0.00396764
-0.000403411
0.00396925
-0.00037162
0.00397121
-0.000339507
-0.000307083
0.00406434
-0.000585445
0.00406332
-0.000556135
0.00406263
-0.000526447
0.00406228
-0.000496391
0.00406228
-0.000465977
0.00406263
-0.000435215
0.00406333
-0.000404116
0.0040644
-0.000372692
0.00406585
-0.000340951
-0.000308906
0.00416571
-0.000583426
0.00416403
-0.000554459
0.00416271
-0.000525122
0.00416174
-0.000495425
0.00416114
-0.000465377
0.00416091
-0.000434989
0.00416107
-0.00040427
0.00416161
-0.000373232
0.00416254
-0.000341886
-0.00031024
0.00426911
-0.000580735
0.00426679
-0.000552133
0.00426483
-0.000523168
0.00426326
-0.00049385
0.00426207
-0.00046419
0.00426128
-0.000434196
0.00426089
-0.000403879
0.00426091
-0.00037325
0.00426134
-0.000342317
-0.000311093
0.0043746
-0.00057738
0.00437163
-0.000549164
0.00436905
-0.000520592
0.00436688
-0.000491676
0.00436511
-0.000462424
0.00436376
-0.000432845
0.00436283
-0.00040295
0.00436233
-0.00037275
0.00436227
-0.000342253
-0.000311471
0.00448221
-0.000573369
0.00447861
-0.00054556
0.00447542
-0.000517403
0.00447265
-0.000488908
0.00447031
-0.000460084
0.00446841
-0.000430942
0.00446695
-0.00040149
0.00446594
-0.000371739
0.00446538
-0.000341697
-0.000311377
0.004592
-0.000568711
0.00458777
-0.000541328
0.00458398
-0.000513607
0.00458062
-0.000485554
0.00457772
-0.000457179
0.00457527
-0.000428493
0.00457328
-0.000399504
0.00457176
-0.000370222
0.00457072
-0.000340657
-0.000310818
0.00470402
-0.000563412
0.00469917
-0.000536477
0.00469477
-0.00050921
0.00469084
-0.000481619
0.00468737
-0.000453714
0.00468438
-0.000425504
0.00468188
-0.000396998
0.00467986
-0.000368206
0.00467834
-0.000339136
-0.000309799
0.00481831
-0.000557478
0.00481285
-0.000531011
0.00480786
-0.000504219
0.00480335
-0.000477111
0.00479933
-0.000449695
0.00479581
-0.000421981
0.00479279
-0.000393977
0.00479027
-0.000365694
0.00478828
-0.00033714
-0.000308325
0.00493494
-0.000550918
0.00492887
-0.000524937
0.00492329
-0.00049864
0.00491821
-0.000472033
0.00491364
-0.000445126
0.00490959
-0.000417927
0.00490605
-0.000390446
0.00490305
-0.000362691
0.00490058
-0.000334672
-0.000306398
0.00505395
-0.000543734
0.00504727
-0.000518261
0.00504111
-0.000492476
0.00503547
-0.000466391
0.00503035
-0.000440011
0.00502578
-0.000413347
0.00502174
-0.000386407
0.00501825
-0.0003592
0.00501531
-0.000331735
-0.000304021
0.0051754
-0.000535934
0.00516813
-0.000510986
0.00516138
-0.000485734
0.00515518
-0.000460188
0.00514953
-0.000434356
0.00514443
-0.000408246
0.00513988
-0.000381866
0.00513591
-0.000355226
0.00513251
-0.000328333
-0.000301197
0.00529935
-0.000527521
0.00529148
-0.000503117
0.00528416
-0.000478418
0.00527741
-0.00045343
0.00527121
-0.000428164
0.00526559
-0.000402626
0.00526055
-0.000376825
0.0052561
-0.00035077
0.00525223
-0.000324469
-0.00029793
0.00542585
-0.000518501
0.0054174
-0.00049466
0.00540951
-0.00047053
0.0054022
-0.00044612
0.00539547
-0.000421437
0.00538934
-0.00039649
0.0053838
-0.000371287
0.00537887
-0.000345836
0.00537454
-0.000320145
-0.000294222
0.0055646
-0.000531848
0.00555498
-0.000508876
0.00554593
-0.000485616
0.00553748
-0.000462075
0.00552962
-0.00043826
0.00552236
-0.00041418
0.00551571
-0.000389843
0.00550968
-0.000365255
0.00550427
-0.000340426
0.00549949
-0.000315363
-0.000290075
0.00569701
-0.000521032
0.00568678
-0.000498651
0.00567716
-0.00047599
0.00566814
-0.000453055
0.00565973
-0.000429855
0.00565195
-0.000406395
0.00564479
-0.000382685
0.00563826
-0.000358732
0.00563238
-0.000334544
0.00562715
-0.000310128
-0.000285492
0.00583216
-0.000509599
0.00582133
-0.000487828
0.00581113
-0.000465784
0.00580155
-0.000443474
0.0057926
-0.000420905
0.00578429
-0.000398085
0.00577662
-0.00037502
0.00576961
-0.00035172
0.00576326
-0.00032819
0.00575757
-0.000304439
-0.000280475
0.00597012
-0.000497555
0.0059587
-0.000476411
0.00594792
-0.000455002
0.00593778
-0.000433334
0.00592829
-0.000411415
0.00591945
-0.000389251
0.00591128
-0.00036685
0.00590378
-0.00034422
0.00589696
-0.000321367
0.00589082
-0.000298299
-0.000275024
0.00611096
-0.000484901
0.00609895
-0.000464401
0.0060876
-0.000443644
0.0060769
-0.000422636
0.00606687
-0.000401384
0.00605751
-0.000379895
0.00604884
-0.000358176
0.00604085
-0.000336233
0.00603356
-0.000314075
0.00602697
-0.000291709
-0.000269141
0.00625477
-0.00047164
0.00624217
-0.000451802
0.00623024
-0.000431714
0.00621899
-0.000411384
0.00620842
-0.000390816
0.00619855
-0.000370019
0.00618937
-0.000348999
0.0061809
-0.000327763
0.00617314
-0.000306317
0.0061661
-0.00028467
-0.000262827
0.00640162
-0.000457773
0.00638843
-0.000438614
0.00637593
-0.000419213
0.00636413
-0.000399577
0.00635302
-0.000379712
0.00634263
-0.000359625
0.00633295
-0.000339321
0.006324
-0.000318809
0.00631577
-0.000298094
0.00630829
-0.000277183
-0.000256084
0.0065516
-0.000443303
0.00653782
-0.000424839
0.00652475
-0.000406142
0.00651239
-0.000387218
0.00650075
-0.000368073
0.00648984
-0.000348712
0.00647966
-0.000329143
0.00647023
-0.000309372
0.00646154
-0.000289405
0.0064536
-0.000269249
-0.000248911
0.00670478
-0.00042823
0.00669042
-0.000410479
0.00667678
-0.000392503
0.00666387
-0.000374308
0.0066517
-0.000355899
0.00664027
-0.000337283
0.00662959
-0.000318466
0.00661967
-0.000299453
0.00661052
-0.000280253
0.00660214
-0.00026087
-0.000241311
0.00686128
-0.000412556
0.00684633
-0.000395534
0.00683212
-0.000378296
0.00681866
-0.000360846
0.00680596
-0.000343192
0.00679401
-0.000325337
0.00678283
-0.000307289
0.00677243
-0.000289054
0.00676282
-0.000270637
0.00675399
-0.000252045
-0.000233283
0.00702117
-0.000396281
0.00700565
-0.000380005
0.00699087
-0.000363521
0.00697686
-0.000346835
0.00696362
-0.000329951
0.00695116
-0.000312876
0.00693948
-0.000295615
0.0069286
-0.000278174
0.00691852
-0.000260558
0.00690926
-0.000242775
-0.000224829
0.00718458
-0.000379407
0.00716847
-0.000363893
0.00715313
-0.00034818
0.00713857
-0.000332274
0.00712479
-0.000316178
0.00711182
-0.000299899
0.00709964
-0.000283443
0.00708828
-0.000266814
0.00707774
-0.000250018
0.00706803
-0.00023306
-0.000215948
0.00735161
-0.000361932
0.00733491
-0.000347197
0.007319
-0.000332272
0.00730389
-0.000317162
0.00728959
-0.000301873
0.00727609
-0.000286407
0.00726342
-0.000270773
0.00725158
-0.000254973
0.00724058
-0.000239014
0.00723042
-0.000222902
-0.000206641
0.00752237
-0.000343857
0.00750509
-0.000329918
0.00748862
-0.000315797
0.00747296
-0.000301501
0.00745812
-0.000287034
0.00744411
-0.0002724
0.00743094
-0.000257604
0.00741862
-0.000242652
0.00740715
-0.000227549
0.00739655
-0.000212299
-0.000196908
0.007697
-0.000325182
0.00767913
-0.000312054
0.00766209
-0.000298755
0.00764588
-0.000285289
0.00763051
-0.000271662
0.00761598
-0.000257876
0.00760232
-0.000243938
0.00758951
-0.000229851
0.00757759
-0.000215621
0.00756654
-0.000201252
-0.000186749
0.00787561
-0.000305905
0.00785716
-0.000293606
0.00783955
-0.000281145
0.00782279
-0.000268527
0.00780688
-0.000255756
0.00779184
-0.000242836
0.00777768
-0.000229773
0.0077644
-0.000216569
0.00775201
-0.00020323
0.00774051
-0.000189761
-0.000176165
0.00805836
-0.000286026
0.00803933
-0.000274571
0.00802115
-0.000262965
0.00800383
-0.000251212
0.00798739
-0.000239315
0.00797184
-0.000227279
0.00795717
-0.000215108
0.00794341
-0.000202806
0.00793055
-0.000190377
0.00791862
-0.000177825
-0.000165155
0.00824539
-0.000265544
0.00822577
-0.00025495
0.00820702
-0.000244216
0.00818915
-0.000233344
0.00817218
-0.000222339
0.0081561
-0.000211204
0.00814094
-0.000199944
0.00812669
-0.000188561
0.00811338
-0.00017706
0.008101
-0.000165445
-0.000153719
0.00843686
-0.000244457
0.00841665
-0.000234741
0.00839733
-0.000224895
0.00837891
-0.000214922
0.0083614
-0.000204826
0.0083448
-0.00019461
0.00832914
-0.000184278
0.00831441
-0.000173833
0.00830063
-0.000163279
0.0082878
-0.00015262
-0.000141858
0.00863293
-0.000222764
0.00861214
-0.000213942
0.00859224
-0.000205001
0.00857327
-0.000195945
0.00855521
-0.000186776
0.0085381
-0.000177497
0.00852194
-0.000168112
0.00850673
-0.000158623
0.00849248
-0.000149035
0.00847921
-0.00013935
-0.000129572
0.00883379
-0.000200463
0.0088124
-0.000192552
0.00879193
-0.000184534
0.0087724
-0.000176411
0.00875381
-0.000168187
0.00873618
-0.000159863
0.00871951
-0.000151443
0.00870382
-0.00014293
0.00868911
-0.000134327
0.00867539
-0.000125636
-0.000116861
0.00903962
-0.000177552
0.00901764
-0.000170569
0.00899659
-0.000163491
0.0089765
-0.00015632
0.00895737
-0.000149058
0.00893922
-0.000141708
0.00892205
-0.000134272
0.00890587
-0.000126753
0.0088907
-0.000119154
0.00887654
-0.000111477
-0.000103725
0.00925062
-0.000154029
0.00922804
-0.000147992
0.00920642
-0.000141871
0.00918577
-0.000135669
0.0091661
-0.000129388
0.00914742
-0.00012303
0.00912975
-0.000116597
0.00911309
-0.000110092
0.00909745
-0.000103517
0.00908285
-9.68736e-05
0.009467
-0.000129894
0.00944382
-0.000124818
0.00942162
-0.000119673
0.00940041
-0.000114458
0.0093802
-0.000109176
0.009361
-0.000103829
0.00934282
-9.8419e-05
0.00932568
-9.29471e-05
0.00930958
-8.74158e-05
-8.18266e-05
0.00968898
-0.000105144
0.00966521
-0.000101049
0.00964243
-9.68956e-05
0.00962066
-9.26866e-05
0.00959991
-8.84228e-05
0.00958018
-8.4106e-05
0.0095615
-7.97375e-05
0.00954387
-7.53188e-05
0.00952731
-7.08518e-05
-6.63374e-05
0.00991679
-7.97792e-05
0.00989242
-7.66809e-05
0.00986906
-7.35388e-05
0.00984673
-7.03537e-05
0.00982544
-6.71271e-05
0.00980519
-6.38598e-05
0.00978601
-6.05529e-05
0.00976789
-5.72079e-05
0.00975087
-5.38258e-05
-5.04076e-05
0.0101507
-5.38001e-05
0.0101257
-5.17169e-05
0.0101018
-4.96037e-05
0.0100789
-4.74614e-05
0.0100571
-4.52909e-05
0.0100363
-4.30928e-05
0.0100166
-4.08677e-05
0.00999803
-3.86167e-05
0.00998055
-3.63405e-05
-3.40396e-05
0.0103909
-2.72048e-05
0.0103653
-2.61547e-05
0.0103408
-2.50894e-05
0.0103174
-2.40092e-05
0.010295
-2.29147e-05
0.0102737
-2.18059e-05
0.0102535
-2.06837e-05
0.0102345
-1.95478e-05
0.0102165
-1.83993e-05
-1.72381e-05
0.0106379
0.0106117
0.0105866
0.0105626
0.0105397
0.0105179
0.0104972
0.0104776
0.0104592
)
;

boundaryField
{
    inlet
    {
        type            calculated;
        value           nonuniform 0();
    }
    outlet
    {
        type            calculated;
        value           nonuniform 0();
    }
    cylinder
    {
        type            calculated;
        value           uniform 0;
    }
    top
    {
        type            symmetryPlane;
        value           uniform 0;
    }
    bottom
    {
        type            symmetryPlane;
        value           nonuniform 0();
    }
    defaultFaces
    {
        type            empty;
        value           nonuniform 0();
    }
    procBoundary20to4
    {
        type            processor;
        value           nonuniform List<scalar> 3(-1.67426e-09 -1.24088e-05 1.24081e-05);
    }
    procBoundary20to19
    {
        type            processor;
        value           nonuniform List<scalar> 
130
(
-0.00369355
-0.000512675
-0.000495718
-0.00354136
-0.000476077
-0.00339657
-0.000454583
-0.00326117
-0.000431741
-0.000454842
-0.00308696
-0.000428979
-0.00296713
-0.000401654
-0.000421003
-0.00280487
-0.000390506
-0.000407837
-0.00264692
-0.000374279
-0.00254324
-0.000339344
-0.000353233
-0.00239348
-0.000315547
-0.000327651
-0.000339428
-0.00219378
-0.000297862
-0.000307967
-0.0020454
-0.000264275
-0.000272791
-0.00189354
-0.000227429
-0.000234434
-0.000241201
-0.00167954
-0.000193635
-0.000199002
-0.000204167
-0.00145076
-0.000155497
-0.000159379
-0.000163098
-0.000166651
-0.00115068
-0.000117498
-0.000119948
-0.000122273
-0.000124473
-0.000126546
-0.000787742
-7.88175e-05
-8.00476e-05
-8.11918e-05
-8.22498e-05
-8.3221e-05
-8.41052e-05
-8.4902e-05
-8.5611e-05
-8.62319e-05
-0.000266612
-4.27015e-05
-4.29429e-05
-4.31362e-05
-4.32813e-05
-4.3378e-05
-4.34263e-05
-0.00253011
-0.00260013
-0.00267323
-0.00274871
-0.00282568
-0.00290398
-0.00298363
-0.00306471
-0.00314727
-0.00323137
-0.00331707
-0.00340443
-0.00349348
-0.00358427
-0.00367684
-0.00377122
-0.00386746
-0.0039656
-0.00406567
-0.00416773
-0.0042718
-0.00437795
-0.00448622
-0.00459666
-0.00470932
-0.00482425
-0.0049415
-0.00506113
-0.0051832
-0.00530776
-0.00543488
0.000542047
-0.0055748
-0.00570782
-0.00584359
-0.00598216
-0.00612362
-0.00626803
-0.00641549
-0.00656607
-0.00671986
-0.00687695
-0.00703745
-0.00720146
-0.00736908
-0.00754045
-0.00771567
-0.00789489
-0.00807824
-0.00826587
-0.00845795
-0.00865463
-0.00885609
-0.00906253
-0.00927414
-0.00949113
-0.00971373
-0.00994215
-0.0101767
-0.0104175
-0.0106651
)
;
    }
    procBoundary20to21
    {
        type            processor;
        value           nonuniform List<scalar> 
103
(
0.00399651
0.00411327
0.000142742
0.000119582
0.00385603
0.000122036
0.00372177
0.00350324
0.000122012
0.00359451
9.06815e-05
0.00338953
8.60686e-05
0.00328115
7.95335e-05
0.00317672
7.1247e-05
0.00307408
6.14796e-05
0.00296974
5.06413e-05
0.00285819
3.93045e-05
0.0027312
2.81893e-05
3.97169e-05
0.00255596
2.75432e-05
0.00236574
1.71196e-05
0.0021204
9.07379e-06
0.00180494
3.70479e-06
6.95853e-06
0.00140128
2.45875e-06
0.00091847
3.56266e-07
8.02826e-07
0.000344067
0.00267374
0.00273404
0.00279701
0.00286279
0.0029308
0.00300068
0.00307227
0.00314553
0.00322045
0.00329709
0.00337546
0.00345563
0.00353763
0.00362149
0.00370725
-0.000264867
0.00379127
0.0038814
0.00397352
0.00406767
0.00416388
0.00426219
0.00436265
0.00446529
0.00457017
0.00467732
0.0047868
0.00489866
0.00501293
0.00512968
0.00524897
0.00537083
0.00549535
0.00562256
0.00575255
0.00588537
0.00602109
0.00615979
0.00630154
0.00644643
0.00659454
0.00674597
0.0069008
0.00705915
0.00722112
0.00738682
0.00755638
0.00772993
0.00790761
0.00808956
0.00827594
0.00846692
0.00866268
0.0088634
0.00906929
-9.01648e-05
0.00929453
0.00951182
0.00973494
0.00996418
0.0101997
0.010442
)
;
    }
}


// ************************************************************************* //
