/*--------------------------------*- C++ -*----------------------------------*\
  =========                 |
  \\      /  F ield         | OpenFOAM: The Open Source CFD Toolbox
   \\    /   O peration     | Website:  https://openfoam.org
    \\  /    A nd           | Version:  7
     \\/     M anipulation  |
\*---------------------------------------------------------------------------*/
FoamFile
{
    version     2.0;
    format      ascii;
    class       volVectorField;
    location    "100";
    object      U;
}
// * * * * * * * * * * * * * * * * * * * * * * * * * * * * * * * * * * * * * //

dimensions      [0 1 -1 0 0 0 0];

internalField   nonuniform List<vector> 
1450
(
(1.0016 -0.220579 0)
(0.959013 1.86798e-05 0)
(0.941258 0.209905 0)
(0.932078 0.321608 0)
(0.978137 0.268078 0)
(1.02539 0.033895 0)
(1.0578 -0.175671 0)
(1.04779 -0.319072 0)
(1.01547 -0.266904 0)
(0.984079 -0.0452182 0)
(0.950055 0.149992 0)
(0.955233 0.335787 0)
(0.99883 0.236925 0)
(1.03328 -0.0799076 0)
(1.0617 -0.245747 0)
(1.00262 -0.304891 0)
(0.997807 -0.0329609 0)
(1.00125 0.34798 0)
(0.981239 0.204395 0)
(0.964506 -0.00874873 0)
(1.27377 -0.164458 0)
(1.22929 -0.20614 0)
(1.17512 -0.229508 0)
(1.11591 -0.240756 0)
(1.05415 -0.240323 0)
(0.99702 -0.215278 0)
(0.943389 -0.176606 0)
(0.901958 -0.153403 0)
(0.859712 -0.140873 0)
(0.80562 -0.0618184 0)
(0.777082 0.157699 0)
(0.767494 0.439715 0)
(0.814125 0.561257 0)
(0.999839 0.402814 0)
(1.1898 0.129586 0)
(1.27247 -0.0806501 0)
(1.2597 -0.212057 0)
(1.19804 -0.274746 0)
(1.13832 -0.260974 0)
(1.0928 -0.231392 0)
(1.0435 -0.267186 0)
(0.994525 -0.332152 0)
(0.969049 -0.303154 0)
(0.964945 -0.12624 0)
(0.952392 0.13933 0)
(0.914107 0.382701 0)
(0.869252 0.481033 0)
(0.87177 0.371582 0)
(0.937397 0.154153 0)
(1.02899 0.00178162 0)
(1.09068 -0.0895737 0)
(1.08807 -0.236909 0)
(1.0631 -0.384058 0)
(1.04711 -0.366581 0)
(1.00594 -0.220088 0)
(0.949046 -0.054685 0)
(0.915306 0.126369 0)
(0.90664 0.294341 0)
(0.914124 0.362761 0)
(0.965233 0.255602 0)
(1.0282 0.0517949 0)
(1.06842 -0.160093 0)
(1.06251 -0.306945 0)
(1.03553 -0.32254 0)
(0.999018 -0.21793 0)
(0.955934 0.00207176 0)
(0.937875 0.210767 0)
(0.929823 0.320388 0)
(0.97829 0.265099 0)
(1.02681 0.0314867 0)
(1.05838 -0.176315 0)
(1.04646 -0.31782 0)
(1.01246 -0.265042 0)
(0.980544 -0.0433355 0)
(0.945984 0.150788 0)
(0.952375 0.334446 0)
(0.998399 0.23477 0)
(1.03336 -0.0814728 0)
(1.06044 -0.245022 0)
(1.00008 -0.303252 0)
(0.995073 -0.0329013 0)
(0.999775 0.348347 0)
(0.9806 0.205201 0)
(0.964555 -0.00834759 0)
(1.26594 -0.158707 0)
(1.2234 -0.198275 0)
(1.17141 -0.220663 0)
(1.11498 -0.231479 0)
(1.05498 -0.231338 0)
(0.999589 -0.207128 0)
(0.948293 -0.169676 0)
(0.906907 -0.147347 0)
(0.866146 -0.134133 0)
(0.811594 -0.0558068 0)
(0.777175 0.160596 0)
(0.766404 0.436736 0)
(0.828212 0.545118 0)
(1.02764 0.378527 0)
(1.21114 0.113147 0)
(1.28277 -0.0844633 0)
(1.2637 -0.207382 0)
(1.19927 -0.267499 0)
(1.13822 -0.25485 0)
(1.09324 -0.226031 0)
(1.04492 -0.261714 0)
(0.995035 -0.32803 0)
(0.967479 -0.30152 0)
(0.962379 -0.125288 0)
(0.950359 0.141941 0)
(0.913615 0.386659 0)
(0.871668 0.482933 0)
(0.87847 0.368305 0)
(0.945483 0.14673 0)
(1.0354 -0.00538499 0)
(1.0959 -0.0921793 0)
(1.09181 -0.235581 0)
(1.06404 -0.3822 0)
(1.04635 -0.364085 0)
(1.00435 -0.215951 0)
(0.946352 -0.0509025 0)
(0.911726 0.128143 0)
(0.903307 0.294348 0)
(0.912894 0.360389 0)
(0.966836 0.251176 0)
(1.03102 0.0479649 0)
(1.0707 -0.161305 0)
(1.06289 -0.305731 0)
(1.03407 -0.32029 0)
(0.996232 -0.215165 0)
(0.952647 0.00419524 0)
(0.934352 0.211616 0)
(0.927606 0.319025 0)
(0.978562 0.261942 0)
(1.02832 0.0290199 0)
(1.05897 -0.176888 0)
(1.04507 -0.316435 0)
(1.00928 -0.263075 0)
(0.976803 -0.0413823 0)
(0.941785 0.151578 0)
(0.94953 0.332972 0)
(0.998101 0.232489 0)
(1.03352 -0.0830424 0)
(1.05914 -0.244217 0)
(0.99746 -0.301538 0)
(0.99219 -0.0328659 0)
(0.998221 0.348668 0)
(0.980047 0.205981 0)
(0.964698 -0.00795325 0)
(1.25832 -0.153071 0)
(1.21767 -0.190585 0)
(1.16775 -0.212031 0)
(1.11397 -0.222377 0)
(1.05585 -0.22244 0)
(1.00197 -0.199124 0)
(0.953188 -0.162798 0)
(0.911993 -0.141265 0)
(0.872135 -0.127323 0)
(0.817557 -0.0492307 0)
(0.777615 0.163983 0)
(0.766728 0.432646 0)
(0.845929 0.526686 0)
(1.05696 0.353438 0)
(1.23156 0.09758 0)
(1.2916 -0.0872634 0)
(1.26659 -0.202075 0)
(1.1999 -0.259875 0)
(1.13777 -0.248562 0)
(1.09343 -0.220653 0)
(1.04623 -0.256141 0)
(0.9954 -0.323657 0)
(0.96557 -0.29968 0)
(0.95938 -0.124282 0)
(0.947966 0.144494 0)
(0.912948 0.390445 0)
(0.874363 0.484483 0)
(0.885925 0.364679 0)
(0.954258 0.139183 0)
(1.04209 -0.012552 0)
(1.10115 -0.0947049 0)
(1.09554 -0.23403 0)
(1.06487 -0.3801 0)
(1.0454 -0.361424 0)
(1.00259 -0.211645 0)
(0.943446 -0.0469583 0)
(0.907921 0.12998 0)
(0.899897 0.294252 0)
(0.911811 0.357767 0)
(0.968623 0.246503 0)
(1.03395 0.0440356 0)
(1.073 -0.162448 0)
(1.06322 -0.304354 0)
(1.03248 -0.317879 0)
(0.993229 -0.212277 0)
(0.949144 0.00638868 0)
(0.930691 0.21244 0)
(0.925439 0.317502 0)
(0.978957 0.258599 0)
(1.02992 0.0264967 0)
(1.05957 -0.177381 0)
(1.04361 -0.314906 0)
(1.00593 -0.260994 0)
(0.972852 -0.0393579 0)
(0.937461 0.152354 0)
(0.946706 0.331356 0)
(0.997943 0.230077 0)
(1.03376 -0.0846111 0)
(1.05781 -0.243325 0)
(0.994749 -0.299744 0)
(0.989151 -0.032856 0)
(0.99659 0.348935 0)
(0.979591 0.206731 0)
(0.964942 -0.00756621 0)
(1.25091 -0.147546 0)
(1.21208 -0.183068 0)
(1.16415 -0.203605 0)
(1.11288 -0.213457 0)
(1.05675 -0.213631 0)
(1.00421 -0.191269 0)
(0.958001 -0.156001 0)
(0.917263 -0.135132 0)
(0.87772 -0.120425 0)
(0.82349 -0.0421389 0)
(0.778719 0.167749 0)
(0.769265 0.427165 0)
(0.867677 0.505903 0)
(1.08731 0.32786 0)
(1.25064 0.0831097 0)
(1.29876 -0.0890039 0)
(1.26831 -0.196172 0)
(1.19993 -0.251912 0)
(1.13698 -0.242128 0)
(1.09337 -0.215275 0)
(1.0474 -0.250469 0)
(0.995622 -0.319015 0)
(0.963312 -0.297608 0)
(0.955909 -0.123218 0)
(0.945163 0.146974 0)
(0.912075 0.394013 0)
(0.877351 0.485618 0)
(0.894154 0.36067 0)
(0.963721 0.131537 0)
(1.04905 -0.0196836 0)
(1.10639 -0.0971317 0)
(1.09922 -0.232243 0)
(1.06559 -0.377742 0)
(1.04426 -0.358591 0)
(1.00065 -0.207166 0)
(0.940322 -0.0428454 0)
(0.903895 0.131874 0)
(0.896428 0.294034 0)
(0.910891 0.354874 0)
(0.970599 0.241578 0)
(1.03699 0.0400108 0)
(1.07533 -0.163513 0)
(1.0635 -0.302803 0)
(1.03076 -0.315295 0)
(0.990001 -0.20926 0)
(0.945419 0.00865116 0)
(0.926896 0.213231 0)
(0.923331 0.315807 0)
(0.979481 0.255062 0)
(1.03162 0.0239194 0)
(1.0602 -0.177785 0)
(1.04209 -0.313222 0)
(1.0024 -0.258791 0)
(0.968686 -0.0372614 0)
(0.933018 0.153109 0)
(0.943917 0.329582 0)
(0.997936 0.227527 0)
(1.0341 -0.0861734 0)
(1.05645 -0.242339 0)
(0.991953 -0.297863 0)
(0.985946 -0.0328728 0)
(0.994878 0.34914 0)
(0.979244 0.207444 0)
(0.965298 -0.00718697 0)
(1.24371 -0.142129 0)
(1.20663 -0.175722 0)
(1.16063 -0.195378 0)
(1.1117 -0.204729 0)
(1.05768 -0.204914 0)
(1.00637 -0.183559 0)
(0.962661 -0.149316 0)
(0.922735 -0.128931 0)
(0.882981 -0.113417 0)
(0.829386 -0.034606 0)
(0.780916 0.171709 0)
(0.774999 0.419999 0)
(0.893672 0.482813 0)
(1.11806 0.302179 0)
(1.26791 0.0699495 0)
(1.3041 -0.089663 0)
(1.26885 -0.189726 0)
(1.19936 -0.243652 0)
(1.13587 -0.235566 0)
(1.09306 -0.20991 0)
(1.04842 -0.244703 0)
(0.995707 -0.314082 0)
(0.960695 -0.295276 0)
(0.951928 -0.122089 0)
(0.9419 0.149361 0)
(0.91096 0.397315 0)
(0.880644 0.486269 0)
(0.903165 0.356245 0)
(0.973862 0.123817 0)
(1.05625 -0.0267407 0)
(1.1116 -0.0994399 0)
(1.10286 -0.230205 0)
(1.06618 -0.375109 0)
(1.0429 -0.355574 0)
(0.998509 -0.202507 0)
(0.936977 -0.0385573 0)
(0.899652 0.133821 0)
(0.892916 0.293672 0)
(0.91015 0.351691 0)
(0.97277 0.236397 0)
(1.04013 0.035895 0)
(1.07768 -0.16449 0)
(1.06372 -0.301066 0)
(1.0289 -0.312526 0)
(0.986543 -0.206105 0)
(0.941466 0.0109813 0)
(0.922971 0.213975 0)
(0.921294 0.313922 0)
(0.980137 0.251324 0)
(1.03341 0.0212906 0)
(1.06084 -0.178093 0)
(1.0405 -0.311372 0)
(0.998681 -0.256458 0)
(0.964302 -0.0350928 0)
(0.928461 0.153833 0)
(0.941172 0.327638 0)
(0.998089 0.224834 0)
(1.03453 -0.0877228 0)
(1.05506 -0.24125 0)
(0.989072 -0.29589 0)
(0.982568 -0.0329177 0)
(0.99308 0.349271 0)
(0.979015 0.208114 0)
(0.965777 -0.00681601 0)
(1.23672 -0.136815 0)
(1.2013 -0.168546 0)
(1.15719 -0.187343 0)
(1.11044 -0.196197 0)
(1.05861 -0.1963 0)
(1.00848 -0.175986 0)
(0.967115 -0.142773 0)
(0.928393 -0.122655 0)
(0.888034 -0.106273 0)
(0.835254 -0.0267429 0)
(0.784723 0.175594 0)
(0.784999 0.410861 0)
(0.923817 0.457596 0)
(1.14839 0.276836 0)
(1.28291 0.0582898 0)
(1.30746 -0.0892487 0)
(1.26819 -0.182801 0)
(1.19823 -0.235143 0)
(1.13444 -0.228894 0)
(1.09249 -0.204571 0)
(1.0493 -0.23885 0)
(0.995662 -0.308836 0)
(0.957717 -0.292651 0)
(0.947397 -0.120884 0)
(0.938119 0.151635 0)
(0.90957 0.400294 0)
(0.884252 0.486359 0)
(0.912957 0.351369 0)
(0.984655 0.116051 0)
(1.06366 -0.0336811 0)
(1.11675 -0.101609 0)
(1.10643 -0.227906 0)
(1.06665 -0.372183 0)
(1.04132 -0.352364 0)
(0.996165 -0.197662 0)
(0.933409 -0.0340879 0)
(0.8952 0.135812 0)
(0.889381 0.293143 0)
(0.909605 0.348198 0)
(0.975139 0.230953 0)
(1.04338 0.0316935 0)
(1.08004 -0.165369 0)
(1.06388 -0.29913 0)
(1.02689 -0.309558 0)
(0.982848 -0.202805 0)
(0.937281 0.0133769 0)
(0.918924 0.21466 0)
(0.919341 0.311831 0)
(0.980931 0.247378 0)
(1.0353 0.0186136 0)
(1.0615 -0.178295 0)
(1.03885 -0.309343 0)
(0.994784 -0.253983 0)
(0.9597 -0.0328519 0)
(0.923799 0.154518 0)
(0.938484 0.325509 0)
(0.99841 0.221991 0)
(1.03507 -0.0892527 0)
(1.05364 -0.24005 0)
(0.986111 -0.293816 0)
(0.979007 -0.0329917 0)
(0.991195 0.349319 0)
(0.978919 0.208731 0)
(0.966389 -0.00645381 0)
(1.22992 -0.131602 0)
(1.1961 -0.161539 0)
(1.15384 -0.179494 0)
(1.10912 -0.187865 0)
(1.05952 -0.187803 0)
(1.01061 -0.168541 0)
(0.97133 -0.136392 0)
(0.934184 -0.116314 0)
(0.89303 -0.0989754 0)
(0.841132 -0.0186997 0)
(0.790682 0.179036 0)
(0.800226 0.399509 0)
(0.957566 0.430593 0)
(1.17732 0.252312 0)
(1.29517 0.0482773 0)
(1.30877 -0.0878041 0)
(1.26635 -0.175479 0)
(1.19654 -0.226437 0)
(1.13273 -0.22213 0)
(1.09166 -0.19927 0)
(1.05 -0.232915 0)
(0.995496 -0.303255 0)
(0.95438 -0.289696 0)
(0.94228 -0.11959 0)
(0.933764 0.153777 0)
(0.907872 0.402887 0)
(0.88818 0.485805 0)
(0.923515 0.346009 0)
(0.996067 0.10827 0)
(1.07126 -0.0404598 0)
(1.1218 -0.103619 0)
(1.1099 -0.225331 0)
(1.06699 -0.368947 0)
(1.0395 -0.348951 0)
(0.993607 -0.192626 0)
(0.929618 -0.029432 0)
(0.890553 0.137841 0)
(0.885845 0.292423 0)
(0.90927 0.344374 0)
(0.977712 0.225243 0)
(1.04672 0.0274123 0)
(1.0824 -0.166139 0)
(1.06397 -0.296982 0)
(1.02473 -0.306378 0)
(0.978912 -0.199351 0)
(0.932863 0.0158354 0)
(0.914763 0.215271 0)
(0.917484 0.309518 0)
(0.981866 0.243217 0)
(1.03728 0.0158918 0)
(1.06216 -0.178381 0)
(1.03714 -0.307122 0)
(0.990705 -0.251359 0)
(0.95488 -0.0305392 0)
(0.919042 0.155151 0)
(0.935866 0.323179 0)
(0.998909 0.218993 0)
(1.0357 -0.0907556 0)
(1.0522 -0.238729 0)
(0.983072 -0.291633 0)
(0.975254 -0.0330957 0)
(0.989219 0.349271 0)
(0.978969 0.209289 0)
(0.967146 -0.0061008 0)
(1.22333 -0.126487 0)
(1.19102 -0.154701 0)
(1.15058 -0.171827 0)
(1.10774 -0.179732 0)
(1.06038 -0.179439 0)
(1.01279 -0.161214 0)
(0.975305 -0.130189 0)
(0.940023 -0.109929 0)
(0.89813 -0.0915129 0)
(0.847106 -0.0106627 0)
(0.799259 0.181594 0)
(0.821232 0.385787 0)
(0.993813 0.402312 0)
(1.20376 0.229085 0)
(1.30428 0.0399979 0)
(1.30798 -0.0854097 0)
(1.26338 -0.167853 0)
(1.19435 -0.217591 0)
(1.13076 -0.215291 0)
(1.09056 -0.194017 0)
(1.05053 -0.226907 0)
(0.995218 -0.297318 0)
(0.950692 -0.286371 0)
(0.936542 -0.118188 0)
(0.928777 0.155764 0)
(0.905835 0.405027 0)
(0.892432 0.484522 0)
(0.934806 0.340133 0)
(1.00804 0.100509 0)
(1.07899 -0.0470296 0)
(1.12672 -0.105447 0)
(1.11327 -0.222471 0)
(1.06718 -0.365382 0)
(1.03743 -0.345324 0)
(0.990823 -0.187395 0)
(0.925607 -0.0245852 0)
(0.885724 0.139896 0)
(0.882329 0.291485 0)
(0.909162 0.340197 0)
(0.980494 0.219265 0)
(1.05016 0.0230585 0)
(1.08477 -0.166788 0)
(1.06399 -0.294607 0)
(1.02243 -0.302972 0)
(0.974735 -0.195736 0)
(0.928213 0.0183531 0)
(0.910501 0.215791 0)
(0.915738 0.306965 0)
(0.982946 0.238834 0)
(1.03935 0.0131293 0)
(1.06284 -0.178342 0)
(1.03537 -0.304696 0)
(0.986443 -0.248574 0)
(0.949846 -0.0281555 0)
(0.914202 0.155722 0)
(0.933332 0.320633 0)
(0.999595 0.215834 0)
(1.03645 -0.0922236 0)
(1.05073 -0.237279 0)
(0.979959 -0.289334 0)
(0.9713 -0.0332307 0)
(0.987149 0.349113 0)
(0.979178 0.209777 0)
(0.968061 -0.00575742 0)
(1.21692 -0.121467 0)
(1.18605 -0.148032 0)
(1.1474 -0.164337 0)
(1.10634 -0.171798 0)
(1.06117 -0.171225 0)
(1.01504 -0.153998 0)
(0.979063 -0.124167 0)
(0.94581 -0.103536 0)
(0.90349 -0.0838953 0)
(0.853328 -0.00285228 0)
(0.810728 0.182792 0)
(0.847813 0.369676 0)
(1.03085 0.373399 0)
(1.22658 0.207579 0)
(1.30995 0.0334612 0)
(1.30515 -0.0821834 0)
(1.25935 -0.160025 0)
(1.19169 -0.20866 0)
(1.12856 -0.208392 0)
(1.08921 -0.18882 0)
(1.05086 -0.220835 0)
(0.99484 -0.291004 0)
(0.946674 -0.282628 0)
(0.930157 -0.116654 0)
(0.923106 0.157571 0)
(0.903431 0.406637 0)
(0.897005 0.482417 0)
(0.946783 0.333711 0)
(1.02053 0.0928036 0)
(1.08681 -0.0533413 0)
(1.13145 -0.107074 0)
(1.11649 -0.219317 0)
(1.06722 -0.361469 0)
(1.03509 -0.341469 0)
(0.987804 -0.181963 0)
(0.921383 -0.0195445 0)
(0.880733 0.141967 0)
(0.878856 0.290303 0)
(0.909296 0.335647 0)
(0.98349 0.213016 0)
(1.05368 0.0186399 0)
(1.08712 -0.167304 0)
(1.06393 -0.291992 0)
(1.01997 -0.299324 0)
(0.970315 -0.191951 0)
(0.923336 0.0209259 0)
(0.90615 0.216205 0)
(0.914119 0.304154 0)
(0.984176 0.234224 0)
(1.04152 0.0103305 0)
(1.06352 -0.178166 0)
(1.03354 -0.302052 0)
(0.982002 -0.245618 0)
(0.944603 -0.0257022 0)
(0.909294 0.156217 0)
(0.930898 0.317853 0)
(1.00048 0.212509 0)
(1.03731 -0.0936481 0)
(1.04924 -0.235689 0)
(0.976777 -0.286908 0)
(0.967135 -0.0333972 0)
(0.984982 0.348831 0)
(0.97956 0.210185 0)
(0.969145 -0.00542407 0)
(1.2107 -0.116541 0)
(1.1812 -0.141531 0)
(1.1443 -0.157024 0)
(1.10493 -0.16406 0)
(1.06189 -0.16318 0)
(1.01736 -0.146891 0)
(0.982651 -0.118321 0)
(0.951445 -0.0971797 0)
(0.909223 -0.0761595 0)
(0.860016 0.00449925 0)
(0.825049 0.182195 0)
(0.878764 0.351325 0)
(1.06652 0.344568 0)
(1.24473 0.188114 0)
(1.312 0.0285859 0)
(1.30039 -0.0782765 0)
(1.25437 -0.1521 0)
(1.1886 -0.199702 0)
(1.12617 -0.201448 0)
(1.0876 -0.183683 0)
(1.05097 -0.214709 0)
(0.994374 -0.284292 0)
(0.942354 -0.278417 0)
(0.923106 -0.114959 0)
(0.9167 0.159176 0)
(0.900639 0.407635 0)
(0.901892 0.479398 0)
(0.959381 0.326714 0)
(1.03343 0.085192 0)
(1.09466 -0.0593446 0)
(1.13596 -0.108479 0)
(1.11956 -0.215861 0)
(1.06712 -0.35719 0)
(1.03248 -0.337375 0)
(0.98454 -0.176328 0)
(0.916954 -0.0143082 0)
(0.875601 0.14404 0)
(0.87545 0.288847 0)
(0.909689 0.330704 0)
(0.986706 0.206495 0)
(1.0573 0.0141656 0)
(1.08946 -0.167674 0)
(1.06379 -0.289121 0)
(1.01736 -0.29542 0)
(0.965655 -0.187988 0)
(0.918239 0.0235484 0)
(0.90173 0.216494 0)
(0.912643 0.301066 0)
(0.985559 0.22938 0)
(1.04377 0.00750035 0)
(1.06421 -0.177844 0)
(1.03166 -0.299174 0)
(0.977387 -0.242479 0)
(0.939159 -0.0231812 0)
(0.904337 0.156624 0)
(0.928578 0.314823 0)
(1.00156 0.209011 0)
(1.03829 -0.0950199 0)
(1.04773 -0.23395 0)
(0.973533 -0.284345 0)
(0.962752 -0.0335956 0)
(0.982716 0.348408 0)
(0.980131 0.210502 0)
(0.970413 -0.00510111 0)
(1.20466 -0.111707 0)
(1.17646 -0.135197 0)
(1.14127 -0.149886 0)
(1.10353 -0.156514 0)
(1.06252 -0.155319 0)
(1.01974 -0.139893 0)
(0.986123 -0.112635 0)
(0.956852 -0.09091 0)
(0.915388 -0.0683763 0)
(0.867434 0.0111798 0)
(0.841817 0.179505 0)
(0.911915 0.331074 0)
(1.09848 0.316514 0)
(1.25745 0.170852 0)
(1.3105 0.0252015 0)
(1.2939 -0.073864 0)
(1.24856 -0.144183 0)
(1.18514 -0.190769 0)
(1.12362 -0.194469 0)
(1.08574 -0.178607 0)
(1.05084 -0.208539 0)
(0.993833 -0.277167 0)
(0.937773 -0.273683 0)
(0.915387 -0.113067 0)
(0.909522 0.160552 0)
(0.897444 0.407932 0)
(0.907083 0.475368 0)
(0.972515 0.319117 0)
(1.04666 0.0777134 0)
(1.10249 -0.0649885 0)
(1.1402 -0.109643 0)
(1.12244 -0.212097 0)
(1.06687 -0.352525 0)
(1.02957 -0.333028 0)
(0.981021 -0.170488 0)
(0.912333 -0.0088764 0)
(0.870354 0.146102 0)
(0.872137 0.287088 0)
(0.910358 0.325346 0)
(0.99015 0.199704 0)
(1.06099 0.00964595 0)
(1.09178 -0.167885 0)
(1.06356 -0.28598 0)
(1.01459 -0.291245 0)
(0.960762 -0.183837 0)
(0.912932 0.0262145 0)
(0.897259 0.216637 0)
(0.911327 0.297683 0)
(0.987099 0.224299 0)
(1.04612 0.00464446 0)
(1.0649 -0.177364 0)
(1.02973 -0.296049 0)
(0.972602 -0.239146 0)
(0.933525 -0.0205953 0)
(0.89935 0.156927 0)
(0.926391 0.311524 0)
(1.00285 0.205336 0)
(1.03939 -0.0963294 0)
(1.0462 -0.23205 0)
(0.970235 -0.281634 0)
(0.95814 -0.0338261 0)
(0.980349 0.347827 0)
(0.980906 0.210715 0)
(0.971878 -0.00478889 0)
(1.19881 -0.106964 0)
(1.17185 -0.129029 0)
(1.13832 -0.142923 0)
(1.10214 -0.149156 0)
(1.06308 -0.147656 0)
(1.02215 -0.133014 0)
(0.989531 -0.107092 0)
(0.961991 -0.0847767 0)
(0.921974 -0.0606512 0)
(0.875826 0.0170198 0)
(0.860293 0.17464 0)
(0.944546 0.309426 0)
(1.1247 0.289806 0)
(1.26438 0.155776 0)
(1.30569 0.0230592 0)
(1.28597 -0.069132 0)
(1.24205 -0.136369 0)
(1.18135 -0.181913 0)
(1.12095 -0.187466 0)
(1.08365 -0.173591 0)
(1.05046 -0.202337 0)
(0.993229 -0.269614 0)
(0.932987 -0.268367 0)
(0.907012 -0.110934 0)
(0.901546 0.161674 0)
(0.893845 0.407433 0)
(0.912559 0.470234 0)
(0.986081 0.310901 0)
(1.0601 0.0704073 0)
(1.11021 -0.0702224 0)
(1.14412 -0.110547 0)
(1.12511 -0.208024 0)
(1.06647 -0.347456 0)
(1.02636 -0.328413 0)
(0.977237 -0.164443 0)
(0.907537 -0.00325142 0)
(0.865025 0.148136 0)
(0.868945 0.284996 0)
(0.911324 0.319553 0)
(0.993832 0.192642 0)
(1.06477 0.00509263 0)
(1.09406 -0.167923 0)
(1.06324 -0.282554 0)
(1.01168 -0.286783 0)
(0.955643 -0.179492 0)
(0.907432 0.0289168 0)
(0.892762 0.216613 0)
(0.91019 0.293985 0)
(0.988799 0.218975 0)
(1.04854 0.00176884 0)
(1.06559 -0.176715 0)
(1.02776 -0.292661 0)
(0.967657 -0.235608 0)
(0.927716 -0.017948 0)
(0.894359 0.157111 0)
(0.924355 0.30794 0)
(1.00436 0.20148 0)
(1.04061 -0.097566 0)
(1.04466 -0.229978 0)
(0.966891 -0.278763 0)
(0.953293 -0.0340883 0)
(0.977879 0.347068 0)
(0.9819 0.210812 0)
(0.973554 -0.00448773 0)
(1.19313 -0.102312 0)
(1.16735 -0.123024 0)
(1.13543 -0.136136 0)
(1.10078 -0.141984 0)
(1.06356 -0.140201 0)
(1.02456 -0.126264 0)
(0.992918 -0.101673 0)
(0.966862 -0.0788241 0)
(0.928915 -0.0531161 0)
(0.885337 0.0219114 0)
(0.879542 0.167769 0)
(0.974062 0.286997 0)
(1.14393 0.264824 0)
(1.26572 0.142704 0)
(1.29805 0.0218612 0)
(1.2769 -0.0642609 0)
(1.235 -0.12874 0)
(1.17727 -0.173178 0)
(1.11819 -0.180447 0)
(1.08136 -0.168626 0)
(1.0498 -0.196115 0)
(0.992573 -0.261626 0)
(0.928067 -0.26241 0)
(0.898021 -0.108512 0)
(0.892768 0.162515 0)
(0.889855 0.406039 0)
(0.918297 0.463904 0)
(0.999957 0.30205 0)
(1.07364 0.0633128 0)
(1.11776 -0.074997 0)
(1.14767 -0.111175 0)
(1.12754 -0.203641 0)
(1.06591 -0.341964 0)
(1.02285 -0.323515 0)
(0.973182 -0.158192 0)
(0.902586 0.00256202 0)
(0.85965 0.150125 0)
(0.865908 0.282538 0)
(0.912611 0.313304 0)
(0.997764 0.185314 0)
(1.06861 0.000519033 0)
(1.0963 -0.167774 0)
(1.06283 -0.278828 0)
(1.00861 -0.282017 0)
(0.950311 -0.174943 0)
(0.901757 0.0316469 0)
(0.888267 0.216401 0)
(0.909254 0.289954 0)
(0.990665 0.213405 0)
(1.05106 -0.00111988 0)
(1.06627 -0.175887 0)
(1.02576 -0.288995 0)
(0.962561 -0.231853 0)
(0.921749 -0.0152434 0)
(0.889389 0.157159 0)
(0.922489 0.304051 0)
(1.00609 0.197439 0)
(1.04197 -0.0987189 0)
(1.04311 -0.227723 0)
(0.963513 -0.275719 0)
(0.948202 -0.0343815 0)
(0.975305 0.346109 0)
(0.983129 0.210779 0)
(0.975456 -0.00419792 0)
(1.18762 -0.0977522 0)
(1.16297 -0.11718 0)
(1.1326 -0.129527 0)
(1.09945 -0.134994 0)
(1.06399 -0.13296 0)
(1.02695 -0.119656 0)
(0.996305 -0.0963624 0)
(0.971501 -0.073089 0)
(0.936109 -0.0459132 0)
(0.895946 0.0258188 0)
(0.898627 0.159279 0)
(0.998655 0.264429 0)
(1.15591 0.241738 0)
(1.26214 0.131331 0)
(1.28818 0.0213007 0)
(1.26703 -0.0594104 0)
(1.22753 -0.12136 0)
(1.17294 -0.164604 0)
(1.11538 -0.17342 0)
(1.07888 -0.163703 0)
(1.04885 -0.189885 0)
(0.991873 -0.2532 0)
(0.923101 -0.25575 0)
(0.888477 -0.105742 0)
(0.883209 0.163051 0)
(0.885505 0.403648 0)
(0.924269 0.456291 0)
(1.014 0.292554 0)
(1.08713 0.0564666 0)
(1.12507 -0.0792651 0)
(1.15081 -0.111512 0)
(1.1297 -0.198951 0)
(1.06521 -0.336033 0)
(1.01902 -0.318316 0)
(0.968847 -0.15174 0)
(0.897507 0.00855611 0)
(0.854275 0.15205 0)
(0.863065 0.279682 0)
(0.914249 0.30658 0)
(1.00196 0.177726 0)
(1.07252 -0.00405957 0)
(1.09848 -0.167422 0)
(1.06232 -0.274785 0)
(1.0054 -0.276934 0)
(0.944781 -0.170183 0)
(0.895933 0.0343949 0)
(0.883808 0.215977 0)
(0.908541 0.285573 0)
(0.992698 0.207588 0)
(1.05365 -0.00401442 0)
(1.06696 -0.174868 0)
(1.02373 -0.285037 0)
(0.957329 -0.227868 0)
(0.915646 -0.0124869 0)
(0.884473 0.157054 0)
(0.920812 0.299841 0)
(1.00805 0.193208 0)
(1.04346 -0.0997764 0)
(1.04155 -0.225272 0)
(0.960112 -0.272489 0)
(0.94286 -0.0347047 0)
(0.972626 0.344928 0)
(0.98461 0.210598 0)
(0.977597 -0.00391973 0)
(1.18228 -0.0932849 0)
(1.15872 -0.111496 0)
(1.12984 -0.123094 0)
(1.09816 -0.128187 0)
(1.06437 -0.125937 0)
(1.02928 -0.113205 0)
(0.999698 -0.091151 0)
(0.975966 -0.0675993 0)
(0.943443 -0.0391761 0)
(0.907442 0.0287723 0)
(0.91679 0.149685 0)
(1.01764 0.242303 0)
(1.16135 0.220544 0)
(1.25469 0.121306 0)
(1.27674 0.0210973 0)
(1.25666 -0.0547085 0)
(1.21978 -0.114276 0)
(1.16839 -0.156225 0)
(1.11254 -0.166395 0)
(1.07625 -0.158804 0)
(1.04758 -0.183658 0)
(0.991134 -0.244345 0)
(0.918195 -0.248329 0)
(0.878485 -0.102559 0)
(0.872925 0.163256 0)
(0.880852 0.400157 0)
(0.930441 0.447317 0)
(1.02807 0.282412 0)
(1.10044 0.0499039 0)
(1.13205 -0.0829828 0)
(1.15347 -0.111548 0)
(1.13157 -0.193962 0)
(1.06437 -0.329645 0)
(1.01489 -0.312798 0)
(0.964226 -0.145091 0)
(0.892332 0.0147194 0)
(0.848957 0.15389 0)
(0.860467 0.276394 0)
(0.916276 0.29936 0)
(1.00644 0.169884 0)
(1.07649 -0.00862568 0)
(1.1006 -0.166851 0)
(1.06172 -0.270412 0)
(1.00206 -0.271516 0)
(0.939075 -0.165206 0)
(0.889989 0.0371496 0)
(0.879421 0.215316 0)
(0.908073 0.280822 0)
(0.994904 0.201522 0)
(1.05632 -0.00690689 0)
(1.06763 -0.173646 0)
(1.02169 -0.28077 0)
(0.951976 -0.223643 0)
(0.909433 -0.00968499 0)
(0.879646 0.156778 0)
(0.919346 0.295291 0)
(1.01024 0.188785 0)
(1.04508 -0.100727 0)
(1.03999 -0.222615 0)
(0.956703 -0.269058 0)
(0.937261 -0.035056 0)
(0.969842 0.3435 0)
(0.986359 0.210255 0)
(0.979994 -0.00365339 0)
(1.17711 -0.0889111 0)
(1.15459 -0.105969 0)
(1.12714 -0.11684 0)
(1.09691 -0.121563 0)
(1.06472 -0.119134 0)
(1.03153 -0.106925 0)
(1.00309 -0.0860373 0)
(0.980317 -0.0623749 0)
(0.950809 -0.033011 0)
(0.919468 0.0308507 0)
(0.933553 0.139514 0)
(1.03138 0.221073 0)
(1.16163 0.201119 0)
(1.24458 0.112292 0)
(1.26438 0.021018 0)
(1.24607 -0.050247 0)
(1.21185 -0.107512 0)
(1.16363 -0.148066 0)
(1.10969 -0.15938 0)
(1.07352 -0.15391 0)
(1.04598 -0.177441 0)
(0.990354 -0.235075 0)
(0.91347 -0.240095 0)
(0.868187 -0.0988961 0)
(0.862013 0.16311 0)
(0.87598 0.395464 0)
(0.936778 0.436918 0)
(1.04199 0.271628 0)
(1.11341 0.0436603 0)
(1.13862 -0.0861097 0)
(1.15562 -0.111272 0)
(1.13311 -0.188685 0)
(1.0634 -0.322785 0)
(1.01045 -0.306941 0)
(0.959316 -0.138252 0)
(0.887098 0.0210358 0)
(0.843766 0.155621 0)
(0.858177 0.272642 0)
(0.918739 0.291628 0)
(1.01123 0.1618 0)
(1.08052 -0.0131591 0)
(1.10264 -0.166046 0)
(1.06101 -0.265693 0)
(0.998595 -0.265751 0)
(0.933218 -0.160005 0)
(0.883962 0.0398985 0)
(0.875149 0.214393 0)
(0.907878 0.275685 0)
(0.997287 0.195208 0)
(1.05907 -0.00978864 0)
(1.0683 -0.17221 0)
(1.01964 -0.276181 0)
(0.946521 -0.219165 0)
(0.90314 -0.00684515 0)
(0.874944 0.156313 0)
(0.918112 0.290384 0)
(1.01266 0.184168 0)
(1.04685 -0.101557 0)
(1.03842 -0.219738 0)
(0.953302 -0.265411 0)
(0.931402 -0.0354329 0)
(0.966952 0.341796 0)
(0.98839 0.20973 0)
(0.98266 -0.00339916 0)
(1.1721 -0.0846321 0)
(1.15059 -0.100596 0)
(1.1245 -0.110765 0)
(1.09569 -0.115121 0)
(1.06505 -0.11255 0)
(1.03371 -0.100827 0)
(1.00647 -0.0810267 0)
(0.984603 -0.0574286 0)
(0.958115 -0.0274838 0)
(0.931617 0.0321595 0)
(0.948712 0.129218 0)
(1.04087 0.201043 0)
(1.15837 0.183296 0)
(1.23292 0.104014 0)
(1.2516 0.0209011 0)
(1.23546 -0.0460818 0)
(1.20384 -0.101079 0)
(1.1587 -0.140152 0)
(1.10685 -0.152387 0)
(1.07074 -0.149001 0)
(1.04405 -0.171241 0)
(0.989526 -0.225417 0)
(0.909065 -0.231005 0)
(0.857779 -0.0946797 0)
(0.850624 0.162593 0)
(0.871005 0.389476 0)
(0.943241 0.425044 0)
(1.0556 0.260215 0)
(1.1259 0.0377619 0)
(1.14471 -0.0886113 0)
(1.15722 -0.110678 0)
(1.13429 -0.183134 0)
(1.06231 -0.315439 0)
(1.00571 -0.300724 0)
(0.954116 -0.131232 0)
(0.881851 0.0274839 0)
(0.838788 0.157217 0)
(0.856276 0.268392 0)
(0.921694 0.283367 0)
(1.01634 0.153488 0)
(1.0846 -0.0176369 0)
(1.10459 -0.16499 0)
(1.06021 -0.260615 0)
(0.99502 -0.259623 0)
(0.927241 -0.154577 0)
(0.877895 0.0426271 0)
(0.87104 0.213182 0)
(0.907983 0.270147 0)
(0.999852 0.188647 0)
(1.0619 -0.0126503 0)
(1.06895 -0.170549 0)
(1.0176 -0.271254 0)
(0.940987 -0.214423 0)
(0.896803 -0.00397623 0)
(0.870412 0.155638 0)
(0.917131 0.285104 0)
(1.01531 0.179354 0)
(1.04875 -0.102254 0)
(1.03686 -0.216629 0)
(0.949928 -0.26153 0)
(0.92528 -0.035832 0)
(0.963958 0.339789 0)
(0.990719 0.209005 0)
(0.985609 -0.00315726 0)
(1.16725 -0.0804492 0)
(1.14671 -0.0953753 0)
(1.12193 -0.104867 0)
(1.0945 -0.108864 0)
(1.06536 -0.106183 0)
(1.0358 -0.0949185 0)
(1.00981 -0.0761301 0)
(0.988858 -0.0527676 0)
(0.965287 -0.0226188 0)
(0.94351 0.0328113 0)
(0.962266 0.119128 0)
(1.0473 0.182377 0)
(1.15301 0.166907 0)
(1.22063 0.0962781 0)
(1.23883 0.0206534 0)
(1.22499 -0.0422383 0)
(1.19584 -0.0949722 0)
(1.15362 -0.132497 0)
(1.10401 -0.145432 0)
(1.06795 -0.14405 0)
(1.0418 -0.16506 0)
(0.988632 -0.215411 0)
(0.905129 -0.221032 0)
(0.847512 -0.08983 0)
(0.838973 0.161692 0)
(0.866082 0.382107 0)
(0.949801 0.411666 0)
(1.06874 0.248195 0)
(1.13776 0.0322301 0)
(1.15026 -0.0904585 0)
(1.15822 -0.109762 0)
(1.13508 -0.177329 0)
(1.06111 -0.307597 0)
(1.00069 -0.294125 0)
(0.948629 -0.124045 0)
(0.876644 0.0340354 0)
(0.834129 0.158647 0)
(0.854868 0.263608 0)
(0.925212 0.274565 0)
(1.0218 0.144968 0)
(1.08872 -0.0220325 0)
(1.10642 -0.163667 0)
(1.05931 -0.255164 0)
(0.991351 -0.25312 0)
(0.921179 -0.148917 0)
(0.871838 0.0453195 0)
(0.867149 0.211656 0)
(0.908417 0.264194 0)
(1.0026 0.181844 0)
(1.06479 -0.0154817 0)
(1.06959 -0.168653 0)
(1.01559 -0.265974 0)
(0.935401 -0.209407 0)
(0.890461 -0.00108837 0)
(0.866094 0.154734 0)
(0.916425 0.279436 0)
(1.01819 0.174344 0)
(1.05081 -0.102804 0)
(1.03529 -0.213276 0)
(0.946601 -0.2574 0)
(0.918895 -0.0362492 0)
(0.960859 0.337446 0)
(0.993361 0.208059 0)
(0.988857 -0.00292794 0)
(1.16256 -0.0763635 0)
(1.14296 -0.0903053 0)
(1.11943 -0.0991473 0)
(1.09335 -0.102793 0)
(1.06566 -0.100033 0)
(1.0378 -0.0892079 0)
(1.0131 -0.0713614 0)
(0.993092 -0.0483944 0)
(0.972265 -0.018404 0)
(0.954862 0.0329141 0)
(0.974321 0.10945 0)
(1.05172 0.165125 0)
(1.14669 0.151807 0)
(1.20835 0.088968 0)
(1.22633 0.0202227 0)
(1.21476 -0.0387224 0)
(1.1879 -0.0891795 0)
(1.1484 -0.125112 0)
(1.10118 -0.138532 0)
(1.0652 -0.139034 0)
(1.03927 -0.158892 0)
(0.987647 -0.20511 0)
(0.901814 -0.210172 0)
(0.837702 -0.0842794 0)
(0.827348 0.1604 0)
(0.861408 0.373287 0)
(0.956441 0.396776 0)
(1.08127 0.235599 0)
(1.14884 0.0270845 0)
(1.15519 -0.0916283 0)
(1.1586 -0.108523 0)
(1.13546 -0.171294 0)
(1.05982 -0.29925 0)
(0.995418 -0.287118 0)
(0.942863 -0.116706 0)
(0.871542 0.0406537 0)
(0.829916 0.159876 0)
(0.854078 0.258259 0)
(0.929369 0.265214 0)
(1.02764 0.136265 0)
(1.09287 -0.0263159 0)
(1.10813 -0.162057 0)
(1.05831 -0.249331 0)
(0.987611 -0.246231 0)
(0.915077 -0.143024 0)
(0.865847 0.0479579 0)
(0.863535 0.209789 0)
(0.909213 0.257815 0)
(1.00555 0.174802 0)
(1.06776 -0.0182717 0)
(1.07021 -0.166509 0)
(1.01361 -0.26033 0)
(0.929793 -0.204107 0)
(0.88416 0.0018066 0)
(0.862041 0.153582 0)
(0.916016 0.273366 0)
(1.02129 0.169138 0)
(1.05301 -0.103194 0)
(1.03373 -0.209667 0)
(0.943346 -0.253001 0)
(0.912248 -0.0366791 0)
(0.957658 0.334734 0)
(0.99633 0.20687 0)
(0.992417 -0.00271147 0)
(1.15802 -0.0723763 0)
(1.13934 -0.0853837 0)
(1.117 -0.0936039 0)
(1.09223 -0.0969083 0)
(1.06595 -0.0940963 0)
(1.03972 -0.0836992 0)
(1.01631 -0.0667351 0)
(0.997301 -0.0443076 0)
(0.979003 -0.0148023 0)
(0.965493 0.0325646 0)
(0.985023 0.100295 0)
(1.05489 0.149265 0)
(1.14012 0.137881 0)
(1.19648 0.0820235 0)
(1.21425 0.019595 0)
(1.20482 -0.0355257 0)
(1.18008 -0.0836826 0)
(1.14309 -0.118003 0)
(1.09833 -0.131709 0)
(1.06256 -0.133933 0)
(1.03648 -0.152727 0)
(0.98654 -0.194576 0)
(0.899261 -0.198447 0)
(0.828729 -0.0779775 0)
(0.816124 0.158717 0)
(0.857227 0.36297 0)
(0.963175 0.380397 0)
(1.09307 0.22247 0)
(1.15903 0.0223357 0)
(1.15945 -0.0921051 0)
(1.15834 -0.106963 0)
(1.13541 -0.165054 0)
(1.05846 -0.290394 0)
(0.989925 -0.279679 0)
(0.936833 -0.109235 0)
(0.866615 0.0472924 0)
(0.826302 0.160863 0)
(0.854059 0.252314 0)
(0.93425 0.255314 0)
(1.03386 0.127412 0)
(1.09703 -0.0304533 0)
(1.10969 -0.160146 0)
(1.05721 -0.243104 0)
(0.983824 -0.238947 0)
(0.908984 -0.136899 0)
(0.859988 0.0505224 0)
(0.860266 0.207553 0)
(0.910405 0.250998 0)
(1.0087 0.167532 0)
(1.07079 -0.0210084 0)
(1.0708 -0.164109 0)
(1.01169 -0.254308 0)
(0.924198 -0.198515 0)
(0.877951 0.00469537 0)
(0.858305 0.152163 0)
(0.915925 0.266882 0)
(1.02462 0.163737 0)
(1.05536 -0.10341 0)
(1.03219 -0.20579 0)
(0.940186 -0.248316 0)
(0.905347 -0.0371149 0)
(0.954356 0.331618 0)
(0.999638 0.205416 0)
(0.996301 -0.00250815 0)
(1.15364 -0.0684883 0)
(1.13584 -0.0806088 0)
(1.11464 -0.0882358 0)
(1.09115 -0.091212 0)
(1.06624 -0.088371 0)
(1.04154 -0.0783955 0)
(1.01945 -0.0622654 0)
(1.00147 -0.0405025 0)
(0.985463 -0.0117635 0)
(0.975316 0.0318471 0)
(0.994516 0.0917032 0)
(1.05729 0.134731 0)
(1.13373 0.125036 0)
(1.18524 0.0754191 0)
(1.20271 0.01879 0)
(1.1952 -0.0326304 0)
(1.17242 -0.078461 0)
(1.13771 -0.11117 0)
(1.09545 -0.124986 0)
(1.06004 -0.128728 0)
(1.03352 -0.146549 0)
(0.98528 -0.183883 0)
(0.89759 -0.185921 0)
(0.821036 -0.0708678 0)
(0.805778 0.156655 0)
(0.853853 0.351135 0)
(0.970064 0.362579 0)
(1.10406 0.208862 0)
(1.16821 0.0180025 0)
(1.163 -0.0918798 0)
(1.15743 -0.105086 0)
(1.13489 -0.158642 0)
(1.05703 -0.281028 0)
(0.984258 -0.271782 0)
(0.930564 -0.101653 0)
(0.861947 0.053894 0)
(0.823462 0.161557 0)
(0.854984 0.245745 0)
(0.93994 0.244873 0)
(1.04049 0.118447 0)
(1.10119 -0.0344071 0)
(1.11108 -0.157915 0)
(1.05602 -0.236476 0)
(0.980019 -0.23126 0)
(0.902956 -0.130545 0)
(0.854333 0.0529914 0)
(0.857411 0.204923 0)
(0.912029 0.243739 0)
(1.01205 0.160041 0)
(1.07389 -0.0236784 0)
(1.07138 -0.161443 0)
(1.00984 -0.247898 0)
(0.918655 -0.192623 0)
(0.871891 0.00756308 0)
(0.854942 0.150456 0)
(0.916173 0.259975 0)
(1.02816 0.158143 0)
(1.05786 -0.103437 0)
(1.03065 -0.201632 0)
(0.937151 -0.243325 0)
(0.898201 -0.0375483 0)
(0.950957 0.328059 0)
(1.0033 0.203672 0)
(1.00052 -0.00231832 0)
(1.14941 -0.0647005 0)
(1.13247 -0.0759787 0)
(1.11236 -0.0830412 0)
(1.0901 -0.0857041 0)
(1.06652 -0.0828547 0)
(1.04329 -0.0732978 0)
(1.02249 -0.0579642 0)
(1.00557 -0.0369708 0)
(0.991619 -0.00922764 0)
(0.984311 0.0308347 0)
(1.00293 0.0836809 0)
(1.05917 0.121438 0)
(1.12768 0.113195 0)
(1.17471 0.0691481 0)
(1.19173 0.0178349 0)
(1.18592 -0.0300158 0)
(1.16496 -0.0734944 0)
(1.1323 -0.104607 0)
(1.09252 -0.118385 0)
(1.05769 -0.123412 0)
(1.03046 -0.140335 0)
(0.983841 -0.173112 0)
(0.89688 -0.172699 0)
(0.815114 -0.0629453 0)
(0.7969 0.154238 0)
(0.85168 0.337796 0)
(0.977247 0.343412 0)
(1.11421 0.19485 0)
(1.17629 0.0140943 0)
(1.16579 -0.090951 0)
(1.15586 -0.102896 0)
(1.13388 -0.152093 0)
(1.05557 -0.271157 0)
(0.978474 -0.263399 0)
(0.924091 -0.0939883 0)
(0.857633 0.0603874 0)
(0.821591 0.161902 0)
(0.857042 0.238529 0)
(0.946517 0.23391 0)
(1.04751 0.109419 0)
(1.10532 -0.0381361 0)
(1.11229 -0.155348 0)
(1.05474 -0.229443 0)
(0.976231 -0.223168 0)
(0.89706 -0.123966 0)
(0.848964 0.0553412 0)
(0.85505 0.201872 0)
(0.914124 0.236034 0)
(1.01563 0.152344 0)
(1.07705 -0.0262675 0)
(1.07193 -0.158501 0)
(1.00809 -0.24109 0)
(0.913207 -0.186426 0)
(0.866041 0.0103932 0)
(0.85201 0.148445 0)
(0.916779 0.252638 0)
(1.03191 0.152359 0)
(1.06052 -0.10326 0)
(1.02913 -0.197183 0)
(0.934271 -0.238008 0)
(0.890826 -0.0379694 0)
(0.947463 0.324018 0)
(1.00732 0.201611 0)
(1.00509 -0.0021424 0)
(1.14534 -0.0610131 0)
(1.12923 -0.0714917 0)
(1.11016 -0.0780182 0)
(1.08909 -0.0803846 0)
(1.06679 -0.0775447 0)
(1.04495 -0.0684063 0)
(1.02542 -0.0538411 0)
(1.00958 -0.0337019 0)
(0.997453 -0.00713372 0)
(0.992496 0.0295907 0)
(1.01038 0.0762125 0)
(1.0607 0.109296 0)
(1.12206 0.102288 0)
(1.16491 0.063211 0)
(1.18134 0.0167591 0)
(1.17699 -0.0276598 0)
(1.15771 -0.0687641 0)
(1.12692 -0.0983035 0)
(1.08952 -0.111928 0)
(1.05549 -0.117984 0)
(1.02742 -0.134057 0)
(0.98222 -0.162345 0)
)
;

boundaryField
{
    inlet
    {
        type            uniformFixedValue;
        uniformValue    constant (1 0 0);
        value           nonuniform 0();
    }
    outlet
    {
        type            pressureInletOutletVelocity;
        value           nonuniform List<vector> 
23
(
(0.964506 -0.00874873 0)
(0.964555 -0.00834759 0)
(0.964698 -0.00795325 0)
(0.964942 -0.00756621 0)
(0.965298 -0.00718697 0)
(0.965777 -0.00681601 0)
(0.966389 -0.00645381 0)
(0.967146 -0.0061008 0)
(0.968061 -0.00575742 0)
(0.969145 -0.00542407 0)
(0.970413 -0.00510111 0)
(0.971878 -0.00478889 0)
(0.973554 -0.00448773 0)
(0.975456 -0.00419792 0)
(0.977597 -0.00391973 0)
(0.979994 -0.00365339 0)
(0.98266 -0.00339916 0)
(0.985609 -0.00315726 0)
(0.988857 -0.00292794 0)
(0.992417 -0.00271147 0)
(0.996301 -0.00250815 0)
(1.00052 -0.00231832 0)
(1.00509 -0.0021424 0)
)
;
    }
    cylinder
    {
        type            fixedValue;
        value           nonuniform 0();
    }
    top
    {
        type            symmetryPlane;
    }
    bottom
    {
        type            symmetryPlane;
    }
    defaultFaces
    {
        type            empty;
    }
    procBoundary13to11
    {
        type            processor;
        value           nonuniform List<vector> 
65
(
(1.00398 -0.223118 0)
(0.961896 -0.00196406 0)
(0.944502 0.209037 0)
(0.934363 0.322696 0)
(0.978098 0.270885 0)
(1.02407 0.0362433 0)
(1.05725 -0.174963 0)
(1.04905 -0.320202 0)
(1.01831 -0.268667 0)
(0.987415 -0.0470314 0)
(0.953996 0.149196 0)
(0.958095 0.337009 0)
(0.999383 0.238961 0)
(1.03328 -0.0783515 0)
(1.06292 -0.246399 0)
(1.00507 -0.306461 0)
(1.0004 -0.0330432 0)
(1.00266 0.347574 0)
(0.981955 0.20357 0)
(0.96454 -0.00915616 0)
(1.28183 -0.170328 0)
(1.23535 -0.214185 0)
(1.17885 -0.238573 0)
(1.11677 -0.250197 0)
(1.05335 -0.249396 0)
(0.994238 -0.223566 0)
(0.938545 -0.183559 0)
(0.897082 -0.159464 0)
(0.852822 -0.147553 0)
(0.799657 -0.0672392 0)
(0.77713 0.155349 0)
(0.769399 0.44183 0)
(0.803177 0.575234 0)
(0.973881 0.426059 0)
(1.16793 0.146671 0)
(1.26089 -0.0758895 0)
(1.25467 -0.216077 0)
(1.19622 -0.281587 0)
(1.13806 -0.266918 0)
(1.09214 -0.236725 0)
(1.04195 -0.272552 0)
(0.993867 -0.336044 0)
(0.970296 -0.304602 0)
(0.96711 -0.127141 0)
(0.954106 0.136677 0)
(0.914458 0.378607 0)
(0.867101 0.478842 0)
(0.865796 0.37454 0)
(0.929994 0.161436 0)
(1.02288 0.0089153 0)
(1.0855 -0.0869058 0)
(1.08432 -0.238028 0)
(1.06207 -0.385691 0)
(1.04771 -0.368921 0)
(1.00736 -0.224065 0)
(0.951534 -0.0583129 0)
(0.918664 0.12466 0)
(0.909883 0.294249 0)
(0.915486 0.364902 0)
(0.963809 0.25979 0)
(1.02549 0.0555224 0)
(1.06617 -0.158821 0)
(1.06208 -0.30801 0)
(1.03686 -0.324639 0)
(1.03686 -0.324639 0)
)
;
    }
    procBoundary13to12
    {
        type            processor;
        value           nonuniform List<vector> 
20
(
(1.29968 -0.115304 0)
(1.29101 -0.112313 0)
(1.28262 -0.109281 0)
(1.2745 -0.106214 0)
(1.26663 -0.103116 0)
(1.259 -0.0999907 0)
(1.25159 -0.0968448 0)
(1.24439 -0.0936834 0)
(1.23739 -0.0905126 0)
(1.23059 -0.0873384 0)
(1.22397 -0.0841669 0)
(1.21753 -0.0810038 0)
(1.21126 -0.0778548 0)
(1.20516 -0.0747254 0)
(1.19922 -0.0716207 0)
(1.19345 -0.0685454 0)
(1.18785 -0.0655039 0)
(1.1824 -0.0625004 0)
(1.17712 -0.0595386 0)
(1.17201 -0.056622 0)
)
;
    }
    procBoundary13to14
    {
        type            processor;
        value           nonuniform List<vector> 3((1.16706 -0.0537538 0) (1.16227 -0.0509368 0) (1.15765 -0.0481735 0));
    }
    procBoundary13to15
    {
        type            processor;
        value           nonuniform List<vector> 
65
(
(0.89715 -0.158935 0)
(0.811466 -0.0542668 0)
(0.790208 0.151487 0)
(0.851229 0.323005 0)
(0.984958 0.323023 0)
(1.12354 0.180534 0)
(1.18318 0.0106176 0)
(1.16781 -0.0893253 0)
(1.15366 -0.100402 0)
(1.13237 -0.145442 0)
(1.05408 -0.260793 0)
(0.972644 -0.254506 0)
(0.917466 -0.086272 0)
(0.853778 0.0666877 0)
(0.8209 0.161831 0)
(0.860426 0.230653 0)
(0.954042 0.22246 0)
(1.05492 0.100385 0)
(1.10939 -0.0415959 0)
(1.11328 -0.15243 0)
(1.05337 -0.222003 0)
(0.972496 -0.21467 0)
(0.891369 -0.117174 0)
(0.843969 0.0575462 0)
(0.853264 0.198377 0)
(0.916732 0.227883 0)
(1.01944 0.144456 0)
(1.08028 -0.0287598 0)
(1.07246 -0.155275 0)
(1.00646 -0.233878 0)
(0.907903 -0.179919 0)
(0.860468 0.0131677 0)
(0.84957 0.146111 0)
(0.917764 0.244867 0)
(1.03585 0.146391 0)
(1.06334 -0.102866 0)
(1.02763 -0.192433 0)
(0.931578 -0.232347 0)
(0.883242 -0.0383669 0)
(0.943879 0.319454 0)
(1.0117 0.199208 0)
(1.01001 -0.00198087 0)
(1.14143 -0.0574263 0)
(1.12611 -0.0671459 0)
(1.10803 -0.0731645 0)
(1.0881 -0.0752525 0)
(1.06705 -0.0724382 0)
(1.04653 -0.0637195 0)
(1.02824 -0.0499025 0)
(1.01347 -0.0306837 0)
(1.00295 -0.00542351 0)
(0.999908 0.0281697 0)
(1.01696 0.0692741 0)
(1.06194 0.0982153 0)
(1.11685 0.0922536 0)
(1.15583 0.0576097 0)
(1.17154 0.0155942 0)
(1.16841 -0.0255388 0)
(1.15069 -0.0642543 0)
(1.12161 -0.0922459 0)
(1.08646 -0.105634 0)
(1.05343 -0.112454 0)
(1.0245 -0.127689 0)
(0.89715 -0.158935 0)
(0.980443 -0.151659 0)
)
;
    }
}


// ************************************************************************* //
