/*--------------------------------*- C++ -*----------------------------------*\
  =========                 |
  \\      /  F ield         | OpenFOAM: The Open Source CFD Toolbox
   \\    /   O peration     | Website:  https://openfoam.org
    \\  /    A nd           | Version:  7
     \\/     M anipulation  |
\*---------------------------------------------------------------------------*/
FoamFile
{
    version     2.0;
    format      ascii;
    class       surfaceScalarField;
    location    "45";
    object      phi;
}
// * * * * * * * * * * * * * * * * * * * * * * * * * * * * * * * * * * * * * //

dimensions      [0 3 -1 0 0 0 0];

internalField   nonuniform List<scalar> 
2014
(
0.0112955
5.71718e-05
0.0112437
5.18096e-05
0.0111956
4.80996e-05
0.0111489
4.67161e-05
0.0111016
4.72986e-05
0.0110528
4.87617e-05
0.0110023
5.05817e-05
0.0109505
5.17996e-05
0.0108992
5.12646e-05
0.0108492
5.00163e-05
4.75205e-05
0.0110344
0.000112963
0.0109839
0.000102317
0.010937
9.49794e-05
0.0108915
9.22541e-05
0.0108453
9.34543e-05
0.0107977
9.63814e-05
0.0107482
0.00010003
0.0106976
0.000102442
0.0106474
0.000101406
0.0105986
9.89063e-05
9.39706e-05
0.0107804
0.00016733
0.0107313
0.000151467
0.0106857
0.000140583
0.0106413
0.000136589
0.0105963
0.000138468
0.0105498
0.000142907
0.0105014
0.000148404
0.0104519
0.000152012
0.0104028
0.000150489
0.0103549
0.000146734
0.000139387
0.0105333
0.000220251
0.0104856
0.000199212
0.0104413
0.000184861
0.0103982
0.000179687
0.0103543
0.00018234
0.0103089
0.00018837
0.0102615
0.00019576
0.0102129
0.000200577
0.0101648
0.000198584
0.010118
0.000193554
0.000183811
0.0102927
0.000271707
0.0102464
0.000245511
0.0102035
0.000227769
0.0101617
0.000221524
0.010119
0.000225069
0.0100745
0.000232803
0.0100281
0.000242152
0.00998052
0.000248201
0.00993335
0.000245752
0.00988749
0.000239418
0.000227281
0.0100584
0.000321681
0.0100136
0.00029033
0.00997212
0.000269273
0.00993157
0.000262077
0.00988998
0.00026666
0.00984654
0.000276237
0.00980106
0.000287629
0.00975432
0.000294943
0.00970802
0.000292052
0.00966307
0.000284371
0.000269831
0.00983016
0.000370163
0.00978685
0.000333639
0.00974678
0.000309343
0.00970752
0.000301332
0.00966706
0.00030712
0.0096246
0.000318701
0.00957999
0.000332238
0.00953408
0.000340856
0.00948859
0.000337534
0.00944451
0.000328456
0.000311492
0.00960764
0.000417142
0.00956586
0.000375414
0.00952725
0.000347953
0.00948931
0.000339276
0.00944997
0.000346458
0.00940844
0.000360227
0.00936466
0.000376025
0.00931952
0.000385991
0.00927481
0.000382248
0.00923155
0.000371711
0.000352294
0.00939065
0.000462611
0.00935043
0.000415634
0.0093133
0.000385082
0.00927667
0.000375901
0.00923845
0.000384684
0.00919783
0.000400844
0.00915482
0.000419032
0.00911042
0.000430393
0.00906643
0.000426235
0.00902397
0.000414173
0.000392261
0.00917898
0.000506563
0.00914033
0.00045428
0.0091047
0.000420714
0.0090694
0.000411204
0.00903227
0.000421811
0.00899253
0.000440581
0.00895026
0.000461301
0.00890655
0.000474105
0.00886325
0.000469537
0.00882155
0.000455873
0.000431417
0.00897241
0.000548993
0.00893536
0.000491337
0.00890124
0.000454834
0.00886726
0.000445181
0.00883122
0.000457852
0.00879233
0.000479469
0.00875076
0.000502869
0.0087077
0.000517168
0.00866505
0.00051219
0.00862408
0.000496842
0.000469782
0.00877077
0.000589899
0.00873531
0.000526791
0.00870272
0.000487431
0.00867006
0.000477833
0.00863509
0.000492824
0.00859702
0.000517535
0.00855612
0.000543775
0.00851367
0.000559618
0.00847163
0.000554227
0.00843137
0.000537106
0.000507376
0.00857386
0.000629276
0.00854002
0.000560632
0.00850895
0.000518496
0.00847762
0.000509164
0.0084437
0.000526742
0.00840643
0.000554809
0.00836615
0.000584054
0.00832428
0.000601491
0.00828282
0.000595678
0.00824324
0.000576691
0.000544215
0.00838151
0.000667122
0.00834929
0.00059285
0.00831977
0.000548023
0.00828975
0.000539178
0.00825687
0.000559625
0.00822036
0.00059132
0.00818067
0.00062374
0.00813934
0.00064282
0.00809845
0.000636571
0.00805952
0.000615619
0.000580316
0.00819357
0.000703438
0.00816298
0.000623438
0.008135
0.000576008
0.00810629
0.000567882
0.00807443
0.000591491
0.00803865
0.000627095
0.00799953
0.000662867
0.00795871
0.000683634
0.00791835
0.000676933
0.00788006
0.00065391
0.000615691
0.00800989
0.000738221
0.00798094
0.000652391
0.0079545
0.000602448
0.00792709
0.000595285
0.00789622
0.000622361
0.00786115
0.000662164
0.00782255
0.000701467
0.00778223
0.000723962
0.00774237
0.000716786
0.0077047
0.000691585
0.000650355
0.00783032
0.000771474
0.00780301
0.000679704
0.00777811
0.000627345
0.007752
0.000621398
0.0077221
0.000652256
0.00768771
0.000696554
0.00764961
0.000739569
0.00760974
0.000763833
0.00757037
0.000756152
0.0075333
0.000728662
0.000684321
0.00765474
0.000803197
0.00762906
0.000705377
0.00760571
0.0006507
0.00758087
0.000646234
0.00755193
0.000681198
0.00751819
0.000730295
0.00748055
0.000777204
0.00744111
0.000803271
0.00740222
0.000795051
0.00736572
0.000765157
0.000717599
0.00748301
0.000833395
0.00745898
0.00072941
0.00743716
0.000672519
0.00741358
0.000669808
0.00738557
0.000709212
0.00735245
0.000763415
0.00731525
0.000814402
0.00727622
0.000842302
0.00723777
0.000833503
0.00720184
0.000801086
0.000750204
0.00731502
0.000862071
0.00729263
0.000751807
0.00727233
0.000692811
0.00725
0.000692139
0.00722289
0.000736324
0.00719036
0.000795944
0.00715358
0.00085119
0.00711493
0.00088095
0.00707691
0.000871525
0.00704153
0.000836466
0.000782147
0.00715066
0.000889233
0.0071299
0.000772574
0.00711112
0.000711587
0.00709001
0.000713246
0.00706377
0.000762562
0.0070318
0.000827913
0.0069954
0.000887597
0.00695711
0.000919237
0.0069195
0.000909136
0.00688465
0.000871312
0.000813442
0.00698982
0.000914892
0.00697067
0.000791722
0.00695339
0.000728866
0.00693348
0.000733157
0.00690809
0.000787956
0.00687665
0.000859352
0.00684059
0.00092365
0.00680264
0.000957186
0.00676543
0.000946351
0.0067311
0.000905638
0.000844105
0.00683238
0.000939062
0.00681483
0.000809267
0.00679903
0.000744668
0.00678029
0.000751899
0.0067557
0.00081254
0.00672476
0.000890295
0.00668903
0.000959377
0.0066514
0.000994819
0.00661456
0.000983187
0.00658074
0.000939461
0.000874149
0.00667823
0.000961761
0.00666226
0.000825232
0.00664791
0.000759022
0.0066303
0.000769508
0.00660649
0.00083635
0.00657601
0.000920773
0.00654058
0.000994803
0.00650325
0.00103215
0.00646678
0.00101966
0.00643344
0.000972795
0.000903592
0.00652725
0.000983016
0.00651284
0.000839646
0.0064999
0.000771963
0.00648338
0.000786023
0.00646031
0.000859427
0.00643026
0.00095082
0.00639511
0.00102995
0.00635805
0.00106921
0.00632193
0.00105578
0.00628908
0.00100565
0.000932449
0.00637933
0.00100286
0.00636642
0.000852548
0.00635485
0.000783538
0.00633938
0.00080149
0.006317
0.00088181
0.00628735
0.000980467
0.00625246
0.00106485
0.00621567
0.001106
0.00617989
0.00109155
0.0061475
0.00103805
0.000960739
0.00623431
0.00102133
0.00622287
0.000863987
0.00621261
0.000793797
0.00619814
0.00081596
0.00617641
0.000903542
0.00614713
0.00100974
0.00611248
0.0010995
0.00607594
0.00114254
0.0060405
0.00112699
0.00600856
0.00106999
0.000988477
0.00609204
0.00103848
0.00608201
0.000874021
0.006073
0.000802803
0.00605947
0.000829487
0.00603835
0.000924666
0.00600942
0.00103868
0.005975
0.00113392
0.00593871
0.00117882
0.00590361
0.0011621
0.00587211
0.00110148
0.00101568
0.00595236
0.00105438
0.00594366
0.000882723
0.00593583
0.000810628
0.00592319
0.000842133
0.00590263
0.000945221
0.00587403
0.00106728
0.00583983
0.00116811
0.00580381
0.00121484
0.00576905
0.00119686
0.005738
0.00113253
0.00104235
0.00581506
0.00106908
0.00580761
0.000890172
0.00580089
0.000817352
0.00578906
0.000853958
0.00576904
0.000965243
0.00574076
0.00109556
0.0057068
0.00120207
0.00567106
0.00125059
0.00563665
0.00123127
0.00560605
0.00116313
0.00106851
0.00567993
0.00108268
0.00567364
0.000896463
0.00566793
0.000823059
0.00565687
0.000865022
0.00563735
0.000984759
0.00560939
0.00112352
0.00557571
0.00123575
0.00554027
0.00128603
0.00550624
0.0012653
0.0054761
0.00119326
0.00109416
0.00554674
0.00109526
0.0055415
0.000901696
0.00553672
0.000827842
0.00552636
0.000875384
0.00550733
0.00100379
0.00547972
0.00115114
0.00544634
0.00126912
0.00541125
0.00132112
0.00537764
0.00129891
0.00534799
0.00122292
0.00111929
0.00541522
0.00110692
0.00541094
0.000905982
0.00540699
0.000831792
0.00539728
0.000885093
0.00537874
0.00102233
0.00535151
0.00117837
0.0053185
0.00130213
0.00528383
0.0013558
0.00525068
0.00133206
0.00522154
0.00125206
0.0011439
0.00528512
0.00111776
0.00528167
0.000909433
0.00527846
0.000835001
0.00526937
0.000894192
0.00525133
0.00104036
0.00522454
0.00120516
0.00519199
0.00133468
0.00515781
0.00138998
0.00512519
0.00136467
0.00509661
0.00128064
0.00116797
0.00515617
0.00112789
0.00515343
0.000912164
0.00515088
0.000837555
0.00514237
0.000902706
0.00512487
0.00105786
0.00509861
0.00123142
0.00506661
0.00136667
0.00503302
0.00142358
0.00500102
0.00139667
0.00497303
0.00130863
0.00119146
0.00502808
0.0011374
0.00502595
0.00091429
0.00502398
0.000839532
0.00501603
0.000910648
0.00499913
0.00107477
0.0049735
0.00125705
0.00494219
0.00139798
0.0049093
0.00145646
0.004878
0.00142797
0.00485069
0.00133594
0.00121436
0.0049006
0.00114639
0.00489897
0.000915916
0.00489751
0.000840999
0.00489014
0.00091801
0.00487391
0.001091
0.00484905
0.00128192
0.00481857
0.00142846
0.00478652
0.00148851
0.00475603
0.00145846
0.00472945
0.00136252
0.00123661
0.00477348
0.00115496
0.00477226
0.000917143
0.00477125
0.000842008
0.00476449
0.000924766
0.00474904
0.00110645
0.00472509
0.00130586
0.00469561
0.00145794
0.00466455
0.00151957
0.00463498
0.00148803
0.00460922
0.00138828
0.00125818
0.00464652
0.00116319
0.00464561
0.000918055
0.00464502
0.000842592
0.00463892
0.000930866
0.00462437
0.001121
0.00460151
0.00132873
0.00457321
0.00148625
0.0045433
0.00154948
0.00451478
0.00151655
0.00448992
0.00141314
0.00127899
0.00451953
0.00117114
0.00451886
0.000918724
0.00451868
0.000842769
0.0045133
0.000936243
0.0044998
0.0011345
0.00447822
0.00135031
0.00445129
0.00151318
0.0044227
0.00157806
0.00439536
0.00154388
0.0043715
0.00143701
0.001299
0.00439238
0.00117886
0.0043919
0.000919204
0.00439213
0.000842534
0.00438756
0.000940809
0.00437527
0.0011468
0.00435516
0.00137041
0.00432981
0.00153853
0.00430272
0.00160516
0.0042767
0.00156989
0.00425393
0.00145978
0.00131813
0.00426498
0.0011864
0.00426465
0.000919532
0.00426532
0.000841866
0.00426167
0.000944458
0.00425076
0.00115772
0.00423234
0.00138883
0.00420877
0.0015621
0.00418335
0.00163057
0.00415879
0.00159446
0.0041372
0.00148137
0.00133632
0.00413732
0.00119377
0.00413713
0.000919726
0.00413827
0.000840723
0.00413565
0.000947073
0.0041263
0.00116707
0.00410978
0.00140535
0.0040882
0.00158369
0.00406462
0.00165415
0.00404165
0.00161743
0.00402134
0.00150168
0.00135351
0.00400942
0.00120099
0.00400936
0.000919787
0.00401103
0.00083905
0.00400958
0.000948526
0.00400197
0.00117468
0.00398755
0.00141976
0.00396815
0.00160309
0.00394659
0.00167571
0.00392532
0.00163869
0.00390638
0.00152063
0.00136964
0.00388135
0.00120805
0.00388144
0.000919699
0.00388371
0.000836776
0.00388356
0.000948682
0.00387787
0.00118037
0.00386576
0.00143187
0.00384872
0.00162013
0.00382932
0.00169511
0.00380989
0.00165813
0.00379238
0.00153813
0.00138463
0.00375326
0.00121492
0.00375353
0.000919433
0.00375648
0.000833822
0.00375776
0.000947405
0.00375417
0.00118396
0.00374454
0.0014415
0.00373004
0.00163463
0.00371293
0.00171222
0.00369542
0.00167564
0.00367944
0.00155412
0.00139845
0.00362532
0.0012216
0.0036258
0.000918949
0.00362952
0.000830102
0.00363236
0.000944565
0.00363103
0.00118529
0.00362406
0.00144848
0.00361223
0.00164645
0.00359754
0.00172691
0.00358204
0.00169114
0.00356763
0.00156853
0.00141103
0.00349775
0.00122803
0.0034985
0.000918199
0.00350308
0.000825527
0.00350761
0.000940034
0.00350868
0.00118421
0.00350449
0.00145266
0.00349547
0.00165548
0.00348328
0.00173909
0.00346986
0.00170456
0.00345707
0.00158132
0.00142234
0.0033708
0.0012342
0.00337187
0.000917129
0.00337739
0.000820009
0.00338373
0.000933698
0.00338732
0.00118062
0.00338604
0.00145395
0.00337991
0.00166161
0.00337031
0.0017487
0.00335901
0.00171585
0.00334788
0.00159245
0.00143235
0.00324475
0.00124006
0.00324619
0.000915688
0.00325274
0.000813462
0.00326098
0.000925454
0.00326721
0.00117439
0.00326892
0.00145224
0.00326575
0.00166478
0.00325876
0.00175568
0.00324963
0.00172499
0.00324017
0.00160191
0.00144104
0.00311987
0.0012456
0.00312174
0.000913824
0.00312939
0.000805809
0.00313963
0.000915215
0.00314856
0.00116546
0.00315332
0.00144747
0.00315315
0.00166496
0.00314881
0.00176002
0.00314184
0.00173196
0.00313406
0.00160968
0.00144838
0.00299647
0.00125079
0.0029988
0.000911489
0.00300763
0.000796979
0.00301994
0.000902912
0.00303163
0.00115376
0.00303947
0.00143963
0.0030423
0.00166213
0.0030406
0.00176172
0.00303578
0.00173678
0.00302969
0.00161577
0.00145437
0.00287482
0.00125564
0.00287767
0.000908645
0.00288773
0.000786914
0.00290215
0.00088849
0.00291664
0.00113928
0.00292757
0.0014287
0.00293338
0.00165631
0.00293429
0.00176081
0.00293159
0.00173948
0.00292716
0.00162021
0.00145902
0.00275521
0.00126015
0.00275859
0.000905258
0.00276995
0.000775562
0.00278652
0.000871913
0.0028038
0.001122
0.00281779
0.00141471
0.00282655
0.00164755
0.00283001
0.00175735
0.00282939
0.0017401
0.00282658
0.00162302
0.00146233
0.00263788
0.00126433
0.00264183
0.000901304
0.00265451
0.000762883
0.00267326
0.000853161
0.00269332
0.00110194
0.00271033
0.00139771
0.00272195
0.00163593
0.0027279
0.0017514
0.0027293
0.0017387
0.00272808
0.00162424
0.00146431
0.00252307
0.00126824
0.00252761
0.000896765
0.00254164
0.000748849
0.00256257
0.000832228
0.00258538
0.00107913
0.00260533
0.00137776
0.00261974
0.00162152
0.00262808
0.00174307
0.00263141
0.00173537
0.00263173
0.00162392
0.001465
0.00241098
0.0012719
0.00241612
0.000891629
0.00243153
0.000733437
0.00245464
0.000809123
0.00248014
0.00105362
0.00250294
0.00135497
0.00252002
0.00160444
0.00253064
0.00173244
0.00253584
0.00173017
0.00253764
0.00162212
0.00146441
0.0023018
0.00127539
0.00230754
0.00088589
0.00232434
0.000716635
0.0023496
0.000783868
0.00237773
0.00102549
0.00240327
0.00132943
0.0024229
0.00158481
0.0024357
0.00171964
0.00244265
0.00172322
0.00244587
0.00161889
0.00146257
0.00219567
0.00127876
0.00220202
0.000879542
0.00222022
0.000698435
0.00224759
0.000756495
0.00227827
0.000994813
0.00230643
0.00130126
0.00232847
0.00156277
0.00234331
0.00170481
0.00235192
0.00171461
0.00235651
0.00161431
0.00145951
0.00209269
0.00128208
0.00209965
0.000872582
0.00211925
0.000678833
0.00214871
0.000727041
0.00218184
0.000961677
0.00221251
0.0012706
0.00223681
0.00153846
0.00225355
0.00168806
0.00226372
0.00170445
0.00226959
0.00160843
0.00145528
0.00120605
0.00126804
0.00122244
0.000856191
0.00124208
0.000659185
0.00126419
0.000704938
0.0012869
0.000938964
0.00130852
0.00124899
0.00132804
0.00151893
0.00134512
0.00167098
0.00135998
0.00168959
0.00137327
0.00159514
0.00144261
0.00119828
0.00125451
0.00121474
0.000839734
0.00123508
0.000638844
0.00125833
0.000681689
0.00128235
0.000914936
0.00130519
0.00122615
0.00132565
0.00149847
0.00134333
0.0016533
0.0013585
0.00167442
0.00137192
0.00158172
0.00142987
0.0011891
0.00124143
0.00120569
0.000823147
0.00122679
0.000617745
0.00125125
0.000657234
0.00127665
0.000889532
0.00130076
0.00120204
0.00132221
0.00147701
0.00134055
0.00163497
0.00135609
0.00165888
0.0013697
0.00156812
0.00141699
0.00117849
0.0012287
0.00119531
0.000806326
0.00121726
0.000595802
0.00124298
0.000631509
0.00126981
0.000862706
0.00129523
0.00117662
0.00131773
0.00145452
0.00133677
0.00161593
0.00135273
0.00164292
0.00136658
0.00155426
0.00140393
0.00116647
0.00121622
0.00118364
0.000789157
0.00120651
0.000572927
0.00123357
0.000604454
0.00126186
0.000834412
0.00128864
0.00114984
0.00131221
0.00143095
0.001332
0.00159614
0.00134843
0.00162649
0.00136258
0.00154011
0.00139061
0.00115307
0.00120386
0.0011707
0.00077153
0.00119459
0.000549035
0.00122303
0.000576015
0.00125283
0.000804617
0.001281
0.00112167
0.00130568
0.00140626
0.00132625
0.00157557
0.0013432
0.00160955
0.00135772
0.0015256
0.00137696
0.00113835
0.0011915
0.00115655
0.000753332
0.00118154
0.000524048
0.00121141
0.000546142
0.00124274
0.000773287
0.00127232
0.00109209
0.00129814
0.00138044
0.00131955
0.00155416
0.00133707
0.00159202
0.001352
0.00151066
0.00136293
0.00112236
0.00117901
0.00114124
0.000734455
0.00116739
0.00049789
0.00119874
0.000514796
0.00123163
0.000740401
0.00126264
0.00106107
0.00128964
0.00135344
0.0013119
0.0015319
0.00133005
0.00157388
0.00134546
0.00149524
0.00134845
0.00110516
0.00116626
0.00112482
0.00071479
0.00115222
0.000470495
0.00118507
0.000481942
0.00121953
0.000705943
0.00125199
0.00102861
0.00128018
0.00132526
0.00130335
0.00150872
0.00132217
0.00155506
0.00133813
0.00147928
0.00133345
0.00108682
0.00115312
0.00110738
0.00069423
0.00113607
0.000441802
0.00117045
0.000447556
0.00120649
0.000669905
0.00124041
0.00099469
0.00126981
0.00129586
0.00129392
0.00148461
0.00131346
0.00153552
0.00133003
0.00146271
0.00131785
0.00106742
0.00113944
0.00108897
0.000672676
0.00111902
0.000411756
0.00115495
0.000411623
0.00119257
0.000632286
0.00122794
0.000959315
0.00125857
0.00126523
0.00128365
0.00145953
0.00130396
0.00151521
0.0013212
0.00144548
0.0013016
0.00104704
0.00112509
0.00106969
0.00065003
0.00110113
0.000380314
0.00113862
0.000374136
0.00117781
0.000593098
0.00121463
0.000922489
0.00124649
0.00123337
0.00127257
0.00143345
0.00129371
0.00149407
0.00131168
0.00142751
0.00128462
0.0010258
0.00110993
0.00104962
0.000626203
0.0010825
0.000347442
0.00112153
0.000335098
0.00116227
0.000552358
0.00120054
0.000884225
0.00123364
0.00120027
0.00126075
0.00140635
0.00128275
0.00147207
0.00130152
0.00140875
0.00126685
0.00100378
0.00109383
0.00102887
0.000601113
0.0010632
0.000313113
0.00110377
0.000294525
0.00114603
0.000510094
0.00118572
0.000844543
0.00122006
0.00116593
0.00124822
0.00137819
0.00127114
0.00144915
0.00129076
0.00138913
0.00124822
0.000981099
0.00107664
0.00100753
0.000574685
0.00104332
0.000277315
0.00108541
0.00025244
0.00112916
0.000466342
0.00117023
0.000803469
0.00120581
0.00113035
0.00123505
0.00134895
0.00125893
0.00142526
0.00127946
0.0013686
0.000957877
0.00105826
0.000985705
0.000546857
0.00102298
0.000240045
0.00106654
0.000208879
0.00111173
0.000421149
0.00115416
0.00076104
0.00119096
0.00109355
0.00122129
0.00131862
0.00124618
0.00140037
0.00134709
0.000934236
0.00103854
0.00096352
0.000517573
0.00100225
0.00020131
0.00104724
0.00016389
0.00109382
0.000374571
0.00113757
0.000717296
0.00117558
0.00105553
0.00120702
0.00128719
0.00123296
0.00137443
0.00132456
0.000910307
0.00101739
0.00094109
0.00048679
0.000981268
0.000161132
0.00102763
0.000117529
0.00107553
0.000326672
0.00112054
0.000672287
0.00115975
0.00101632
0.00119231
0.00125463
0.00121933
0.00134741
0.00130094
0.000886225
0.000994687
0.000918538
0.000454477
0.000960128
0.000119542
0.00100779
6.98645e-05
0.00105694
0.000277526
0.00110316
0.000626068
0.00114354
0.000975941
0.00117722
0.00122094
0.00120537
0.00131926
0.00127619
0.000862128
0.000970345
0.00089599
0.000420615
0.000938948
7.65836e-05
0.000987839
2.09744e-05
0.00103815
0.000227215
0.00108552
0.000578701
0.00112703
0.000934424
0.00116185
0.00118612
0.00119115
0.00128997
0.00125026
0.000838158
0.000944276
0.000873578
0.000385195
0.000917849
3.23126e-05
0.000967876
-2.9053e-05
0.00101926
0.00017583
0.00106771
0.000530257
0.00111032
0.000891805
0.00114628
0.00115016
0.00117676
0.00125949
0.00122311
0.00081446
0.000916409
0.000851432
0.000348223
0.00089695
-1.32052e-05
0.000948017
-8.01202e-05
0.00100038
0.00012347
0.00104982
0.000480812
0.0010935
0.000848124
0.00113059
0.00111307
0.00116228
0.00122781
0.0011947
0.000791177
0.000886684
0.000829685
0.000309715
0.000876373
-5.98935e-05
0.000928374
-0.000132121
0.000981604
7.024e-05
0.00103197
0.000430447
0.00107667
0.000803425
0.00111488
0.00107486
0.00114779
0.0011949
0.001165
0.000768457
0.000855054
0.00080847
0.000269702
0.000856242
-0.000107666
0.000909062
-0.000184941
0.000963049
1.62532e-05
0.00101425
0.00037925
0.00105991
0.000757759
0.00109923
0.00103553
0.00113338
0.00116076
0.00113399
0.000746442
0.000821488
0.00078792
0.000228223
0.000836681
-0.000156427
0.000890199
-0.000238458
0.000944824
-3.83716e-05
0.000996759
0.000327314
0.00104334
0.000711183
0.00108375
0.000995122
0.00111914
0.00112537
0.00110164
0.000725274
0.000785964
0.000768166
0.000185332
0.000817812
-0.000206072
0.000871899
-0.000292545
0.000927037
-9.351e-05
0.000979613
0.000274739
0.00102704
0.000663757
0.00106852
0.000953643
0.00110515
0.00108873
0.00106794
0.000705093
0.000748479
0.000749335
0.000141089
0.000799755
-0.000256492
0.000854278
-0.000347069
0.000909801
-0.000149033
0.000962913
0.000221627
0.00101112
0.000615546
0.00105364
0.000911127
0.00109152
0.00105085
0.00103289
0.00068603
0.00070904
0.000731552
9.55673e-05
0.000782629
-0.000307569
0.000837451
-0.00040189
0.000893225
-0.000204807
0.000946767
0.000168085
0.000995691
0.000566623
0.00103921
0.00086761
0.00107832
0.00101174
0.000996486
0.000668216
0.000667671
0.000714935
4.88479e-05
0.000766547
-0.000359181
0.000821526
-0.00045687
0.000877416
-0.000260696
0.000931277
0.000114224
0.000980838
0.000517061
0.00102532
0.000823132
0.00106564
0.000971417
0.000958745
0.00065177
0.000624404
0.000699599
1.01897e-06
0.000751619
-0.000411201
0.000806613
-0.000511863
0.000862479
-0.000316563
0.000916545
6.01587e-05
0.000966665
0.000466941
0.00101206
0.000777742
0.00105356
0.000929908
0.000919683
0.000636805
0.000579289
0.000685649
-4.78247e-05
0.000737949
-0.000463501
0.000792812
-0.000566727
0.000848517
-0.000372267
0.00090267
6.00546e-06
0.000953264
0.000416347
0.000999513
0.000731492
0.00104218
0.000887246
0.000879326
0.000623426
0.000532384
0.000673182
-9.7581e-05
0.000725632
-0.000515951
0.000780222
-0.000621317
0.000835624
-0.00042767
0.000889747
-4.81173e-05
0.000940727
0.000365368
0.000987776
0.000684443
0.00103155
0.000843473
0.00083771
0.000611727
0.000483758
0.00066229
-0.000148144
0.000714758
-0.00056842
0.000768932
-0.000675491
0.000823893
-0.000482631
0.000877865
-0.00010209
0.000929138
0.000314095
0.000976922
0.000636659
0.00102176
0.000798636
0.000794878
0.000601789
0.00043349
0.00065305
-0.000199405
0.000705407
-0.000620777
0.000759024
-0.000729108
0.000813407
-0.000537013
0.000867108
-0.000155791
0.00091858
0.000262623
0.000967027
0.000588212
0.00101287
0.000752791
0.000750882
0.000593685
0.000381671
0.000645531
-0.000251251
0.00069765
-0.000672896
0.000750573
-0.000782031
0.000804242
-0.000590682
0.000857552
-0.000209101
0.000909125
0.00021105
0.000958159
0.000539178
0.00100495
0.000706003
0.000705781
0.000587471
0.000328395
0.000639791
-0.00030357
0.000691546
-0.000724652
0.000743644
-0.000834129
0.000796468
-0.000643506
0.000849267
-0.0002619
0.00090084
0.000159477
0.000950379
0.000489639
0.000998041
0.000658342
0.000659643
0.000583193
0.000273767
0.000635872
-0.000356249
0.000687144
-0.000775924
0.00073829
-0.000885275
0.000790143
-0.000695359
0.000842314
-0.000314071
0.000893785
0.000108006
0.000943743
0.000439681
0.000992201
0.000609883
0.000612543
0.000580881
0.000217897
0.000633808
-0.000409175
0.000684482
-0.000826598
0.000734557
-0.00093535
0.000785317
-0.000746119
0.000836744
-0.000365498
0.00088801
5.67398e-05
0.000938296
0.000987467
0.000580552
0.000633616
0.000683583
0.000732475
0.000782028
0.000832599
)
;

boundaryField
{
    inlet
    {
        type            calculated;
        value           nonuniform 0();
    }
    outlet
    {
        type            calculated;
        value           nonuniform 0();
    }
    cylinder
    {
        type            calculated;
        value           nonuniform 0();
    }
    top
    {
        type            symmetryPlane;
        value           nonuniform 0();
    }
    bottom
    {
        type            symmetryPlane;
        value           uniform 0;
    }
    defaultFaces
    {
        type            empty;
        value           nonuniform 0();
    }
    procBoundary13to12
    {
        type            processor;
        value           nonuniform List<scalar> 
99
(
-0.0113527
-0.0110902
-0.0108348
-0.0105862
-0.0103442
-0.0101084
-0.00987864
-0.00965461
-0.00943612
-0.00922293
-0.00901484
-0.00881167
-0.00861323
-0.00841936
-0.00822989
-0.00804467
-0.00786357
-0.00768646
-0.00751321
-0.0073437
-0.00717782
-0.00701548
-0.00685655
-0.00670093
-0.00654851
-0.00639917
-0.00625278
-0.0061092
-0.00596825
-0.00582976
-0.00569353
-0.00555932
-0.00542688
-0.00529596
-0.00516629
-0.00503759
-0.00490959
-0.00478205
-0.00465474
-0.00452747
-0.0044001
-0.00427252
-0.0041447
-0.00401664
-0.00388841
-0.00376014
-0.00363199
-0.00350419
-0.00337697
-0.00325061
-0.00312541
-0.00300166
-0.00287967
-0.00275971
-0.00264206
-0.00252697
-0.00241465
-0.00230529
-0.00219904
-0.00209601
-0.00119201
-0.00118475
-0.00117603
-0.00116577
-0.00115399
-0.00114071
-0.00112599
-0.00110987
-0.00109241
-0.00107367
-0.00105374
-0.00103269
-0.00101064
-0.000987674
-0.000963917
-0.000939489
-0.000914522
-0.000889152
-0.000863524
-0.000837785
-0.000812089
-0.000786593
-0.000761452
-0.000736827
-0.000712875
-0.000689751
-0.000667607
-0.000646592
-0.000626846
-0.000608503
-0.00059169
-0.000576521
-0.000563101
-0.000551522
-0.000541865
-0.000534196
-0.000528565
-0.000525011
-0.000523554
)
;
    }
    procBoundary13to14
    {
        type            processor;
        value           nonuniform List<scalar> 
99
(
0.0108017
0.0105521
0.0103095
0.0100736
0.00984402
0.00962052
0.00940285
0.00919075
0.008984
0.00878239
0.00858571
0.00839377
0.0082064
0.00802342
0.00784468
0.00767003
0.00749933
0.00733244
0.00716923
0.00700958
0.00685336
0.00670044
0.0065507
0.006404
0.00626022
0.00611921
0.00598082
0.00584491
0.00571132
0.00557989
0.00545046
0.00532286
0.00519693
0.00507254
0.00494954
0.00482779
0.0047072
0.00458766
0.00446911
0.0043515
0.0042348
0.00411901
0.00400415
0.00389025
0.00377739
0.00366562
0.00355505
0.00344576
0.00333787
0.00323149
0.00312672
0.00302369
0.00292251
0.00282327
0.00272609
0.00263105
0.00253823
0.00244771
0.00235956
0.00227382
0.00138594
0.00138467
0.00138257
0.00137965
0.0013759
0.00137136
0.00136603
0.00135995
0.00135313
0.00134562
0.00133745
0.00132866
0.00131929
0.00130939
0.00129902
0.00122866
0.00126769
0.00125549
0.00124295
0.00123012
0.00121708
0.00120391
0.00119069
0.00117749
0.00116439
0.00115149
0.00113885
0.00112657
0.00111472
0.00110338
0.00109263
0.00108253
0.00107317
0.00106459
0.00105687
0.00105005
0.00104418
0.0010393
0.00103545
)
;
    }
    procBoundary13to29
    {
        type            processor;
        value           nonuniform List<scalar> 
11
(
0.000389395
0.000560712
0.00056456
0.000160898
-0.000462239
-0.000876565
-0.000984242
-0.000795671
-0.000416069
0.000883556
5.78305e-06
)
;
    }
}


// ************************************************************************* //
