/*--------------------------------*- C++ -*----------------------------------*\
  =========                 |
  \\      /  F ield         | OpenFOAM: The Open Source CFD Toolbox
   \\    /   O peration     | Website:  https://openfoam.org
    \\  /    A nd           | Version:  7
     \\/     M anipulation  |
\*---------------------------------------------------------------------------*/
FoamFile
{
    version     2.0;
    format      ascii;
    class       volScalarField;
    location    "100";
    object      p;
}
// * * * * * * * * * * * * * * * * * * * * * * * * * * * * * * * * * * * * * //

dimensions      [0 2 -2 0 0 0 0];

internalField   nonuniform List<scalar> 
8500
(
-0.390293
-0.391945
-0.392821
-0.393502
-0.394032
-0.394438
-0.394773
-0.395073
-0.395371
-0.395686
-0.396034
-0.396423
-0.396861
-0.397357
-0.397926
-0.398591
-0.399391
-0.400398
-0.40155
-0.402917
-0.39203
-0.39383
-0.394796
-0.395561
-0.396178
-0.396674
-0.397105
-0.397509
-0.397915
-0.398344
-0.398806
-0.39931
-0.399857
-0.400454
-0.401111
-0.401844
-0.402685
-0.403698
-0.404813
-0.406105
-0.39388
-0.395819
-0.39687
-0.397717
-0.398418
-0.399004
-0.399531
-0.400038
-0.400555
-0.401098
-0.401677
-0.402295
-0.402953
-0.403651
-0.404395
-0.405195
-0.406077
-0.407094
-0.408169
-0.409376
-0.395852
-0.397919
-0.399048
-0.399974
-0.400757
-0.401432
-0.402055
-0.402666
-0.403293
-0.403952
-0.404648
-0.405383
-0.406152
-0.406952
-0.407783
-0.408649
-0.409569
-0.410589
-0.411621
-0.412733
-0.397953
-0.400134
-0.401337
-0.402336
-0.403199
-0.40396
-0.404679
-0.405395
-0.406133
-0.406908
-0.407724
-0.408576
-0.409457
-0.410358
-0.411275
-0.412206
-0.413163
-0.414184
-0.415171
-0.41618
-0.400189
-0.40247
-0.403738
-0.404806
-0.405745
-0.406592
-0.407406
-0.408226
-0.409076
-0.409968
-0.410903
-0.411873
-0.412866
-0.41387
-0.414872
-0.415866
-0.416857
-0.417878
-0.418816
-0.419715
-0.402566
-0.404929
-0.406255
-0.407386
-0.408398
-0.409327
-0.410235
-0.411159
-0.412122
-0.413132
-0.414186
-0.415275
-0.41638
-0.417484
-0.41857
-0.419624
-0.420646
-0.421665
-0.42255
-0.42333
-0.405085
-0.407514
-0.408888
-0.410076
-0.411156
-0.412166
-0.413166
-0.414193
-0.415268
-0.416396
-0.417571
-0.418777
-0.419994
-0.421198
-0.422365
-0.423475
-0.424523
-0.425536
-0.426362
-0.427015
-0.407749
-0.410223
-0.411638
-0.412876
-0.414019
-0.415106
-0.416197
-0.417326
-0.418512
-0.419757
-0.421052
-0.422376
-0.423704
-0.425004
-0.426249
-0.42741
-0.428478
-0.429478
-0.43024
-0.430753
-0.410557
-0.413057
-0.414501
-0.415783
-0.416984
-0.418145
-0.419323
-0.420553
-0.421848
-0.42321
-0.424624
-0.426065
-0.427501
-0.428896
-0.430213
-0.431419
-0.432498
-0.433477
-0.434163
-0.434523
-0.413506
-0.416011
-0.417475
-0.418792
-0.420046
-0.421276
-0.422539
-0.423867
-0.425271
-0.426748
-0.428279
-0.429835
-0.431376
-0.432861
-0.434245
-0.435487
-0.436567
-0.437514
-0.438112
-0.438299
-0.416593
-0.41908
-0.420554
-0.421899
-0.423199
-0.424493
-0.425837
-0.42726
-0.428771
-0.430361
-0.432007
-0.433675
-0.435319
-0.436888
-0.438332
-0.439601
-0.440668
-0.441569
-0.442063
-0.442051
-0.41981
-0.422259
-0.423731
-0.425095
-0.426434
-0.427788
-0.429209
-0.430724
-0.432338
-0.434038
-0.435797
-0.437574
-0.439316
-0.440964
-0.442459
-0.443743
-0.444782
-0.445618
-0.44599
-0.445748
-0.42315
-0.425539
-0.426998
-0.428372
-0.429744
-0.431151
-0.432644
-0.434247
-0.43596
-0.437767
-0.439635
-0.441517
-0.443352
-0.445073
-0.44661
-0.447895
-0.448888
-0.449639
-0.449866
-0.449353
-0.426601
-0.428908
-0.430344
-0.431719
-0.433116
-0.43457
-0.43613
-0.437816
-0.439624
-0.441533
-0.443506
-0.445488
-0.44741
-0.449196
-0.450766
-0.452039
-0.452966
-0.453606
-0.453664
-0.45283
-0.430151
-0.432357
-0.433758
-0.435125
-0.436538
-0.438033
-0.439653
-0.441415
-0.443313
-0.44532
-0.447393
-0.449469
-0.451473
-0.453317
-0.454908
-0.456154
-0.456995
-0.457496
-0.457359
-0.45614
-0.433787
-0.435873
-0.437227
-0.438577
-0.439998
-0.441525
-0.443198
-0.445031
-0.447012
-0.44911
-0.451276
-0.453442
-0.45552
-0.457413
-0.459015
-0.460221
-0.460954
-0.461286
-0.460927
-0.459247
-0.437494
-0.43944
-0.440739
-0.442061
-0.443481
-0.445032
-0.44675
-0.448645
-0.450702
-0.452884
-0.455137
-0.457384
-0.45953
-0.461464
-0.463067
-0.464217
-0.46482
-0.464952
-0.464349
-0.462115
-0.441255
-0.443046
-0.444278
-0.445563
-0.446973
-0.448538
-0.450292
-0.452241
-0.454364
-0.456623
-0.458954
-0.461275
-0.46348
-0.465446
-0.467039
-0.468121
-0.468574
-0.468472
-0.467609
-0.464712
-0.445053
-0.446674
-0.447829
-0.449068
-0.450457
-0.452027
-0.453807
-0.455799
-0.45798
-0.460304
-0.462704
-0.465089
-0.467345
-0.469335
-0.470908
-0.471909
-0.472193
-0.471823
-0.470693
-0.466979
-0.448871
-0.450308
-0.451378
-0.452561
-0.453919
-0.455482
-0.457277
-0.459301
-0.461528
-0.463907
-0.466366
-0.468805
-0.4711
-0.473104
-0.474648
-0.475557
-0.475655
-0.474987
-0.473592
-0.468702
-0.45269
-0.453935
-0.45491
-0.456027
-0.457344
-0.458889
-0.460686
-0.46273
-0.46499
-0.467411
-0.469914
-0.472395
-0.47472
-0.476726
-0.478232
-0.479039
-0.478941
-0.477955
-0.476318
-0.469784
-0.456493
-0.457538
-0.458411
-0.459453
-0.460717
-0.462232
-0.464018
-0.466067
-0.468345
-0.470793
-0.473328
-0.475837
-0.478177
-0.480175
-0.481631
-0.482329
-0.482028
-0.480699
-0.478761
-0.471757
-0.460264
-0.461103
-0.461868
-0.462825
-0.464025
-0.465496
-0.467257
-0.469296
-0.471577
-0.474036
-0.476585
-0.479105
-0.481446
-0.483423
-0.484818
-0.485397
-0.484893
-0.483238
-0.480769
-0.47332
-0.463987
-0.464617
-0.465267
-0.466131
-0.467255
-0.46867
-0.47039
-0.472403
-0.474668
-0.47712
-0.479665
-0.482179
-0.484503
-0.486444
-0.487765
-0.488215
-0.487499
-0.485514
-0.48255
-0.474356
-0.467646
-0.468068
-0.468599
-0.469361
-0.470398
-0.471742
-0.473405
-0.475373
-0.477604
-0.480029
-0.482551
-0.485038
-0.487324
-0.489214
-0.490444
-0.490752
-0.489817
-0.487486
-0.484088
-0.47495
-0.471231
-0.471447
-0.471854
-0.472506
-0.473444
-0.474703
-0.476292
-0.478196
-0.480373
-0.48275
-0.485227
-0.487667
-0.489897
-0.491707
-0.492832
-0.492984
-0.491822
-0.489126
-0.485333
-0.475127
-0.474729
-0.474745
-0.475026
-0.47556
-0.476388
-0.477546
-0.479044
-0.480866
-0.482967
-0.485274
-0.487682
-0.490051
-0.492202
-0.493912
-0.49491
-0.494889
-0.493489
-0.490413
-0.486255
-0.47489
-0.478133
-0.477956
-0.478108
-0.478517
-0.479225
-0.480268
-0.481657
-0.483376
-0.48538
-0.487594
-0.489911
-0.492184
-0.49423
-0.495818
-0.496665
-0.496452
-0.494801
-0.491328
-0.486832
-0.47424
-0.481437
-0.481076
-0.481098
-0.481377
-0.481953
-0.482866
-0.484129
-0.485725
-0.487611
-0.489709
-0.491909
-0.494063
-0.495979
-0.497419
-0.498092
-0.497665
-0.495747
-0.491859
-0.487047
-0.473183
-0.484638
-0.484104
-0.483996
-0.484138
-0.484572
-0.485342
-0.486462
-0.487916
-0.489662
-0.491621
-0.493681
-0.49569
-0.497451
-0.498719
-0.499192
-0.498527
-0.496325
-0.492003
-0.486887
-0.471735
-0.487737
-0.487041
-0.486804
-0.486804
-0.487087
-0.4877
-0.48866
-0.489953
-0.491538
-0.493336
-0.495233
-0.497073
-0.498655
-0.499725
-0.499975
-0.499047
-0.49654
-0.491769
-0.486349
-0.469919
-0.490736
-0.489891
-0.489524
-0.489379
-0.489502
-0.489947
-0.490731
-0.491846
-0.49325
-0.494866
-0.496577
-0.498226
-0.499604
-0.500454
-0.500455
-0.499242
-0.496409
-0.491176
-0.485433
-0.467771
-0.493641
-0.492659
-0.492165
-0.491871
-0.491826
-0.492091
-0.492685
-0.493605
-0.49481
-0.496224
-0.49773
-0.499166
-0.500319
-0.500925
-0.500656
-0.499137
-0.495956
-0.490258
-0.484153
-0.465343
-0.49646
-0.495354
-0.494734
-0.494287
-0.494069
-0.494143
-0.494535
-0.495245
-0.496235
-0.49743
-0.498711
-0.499914
-0.500822
-0.501164
-0.500605
-0.498762
-0.49521
-0.489061
-0.482541
-0.462726
-0.499205
-0.497986
-0.497241
-0.49664
-0.496242
-0.496117
-0.496296
-0.496783
-0.497543
-0.498503
-0.499543
-0.500496
-0.501141
-0.5012
-0.500332
-0.49815
-0.494207
-0.487635
-0.480631
-0.460032
-0.50189
-0.500568
-0.4997
-0.498942
-0.498359
-0.498028
-0.497985
-0.498237
-0.498755
-0.499466
-0.50025
-0.500937
-0.501302
-0.501062
-0.49987
-0.497339
-0.492986
-0.486036
-0.478412
-0.457211
-0.50453
-0.503113
-0.502123
-0.501207
-0.500435
-0.499892
-0.499619
-0.499628
-0.499894
-0.500344
-0.500859
-0.501265
-0.501335
-0.500781
-0.499253
-0.496371
-0.491609
-0.484364
-0.475818
-0.453803
-0.507143
-0.505637
-0.504526
-0.50345
-0.502487
-0.501727
-0.501218
-0.500977
-0.500982
-0.501161
-0.501396
-0.501509
-0.501269
-0.500386
-0.498511
-0.495283
-0.490154
-0.482812
-0.473057
-0.450016
-0.509748
-0.508156
-0.506924
-0.505687
-0.50453
-0.503551
-0.502802
-0.502305
-0.502042
-0.501943
-0.501886
-0.501693
-0.501128
-0.499901
-0.497668
-0.494096
-0.488665
-0.48148
-0.470977
-0.450729
-0.512364
-0.510688
-0.509334
-0.507935
-0.506583
-0.505382
-0.50439
-0.503635
-0.503098
-0.502713
-0.502356
-0.501844
-0.500938
-0.499348
-0.496738
-0.492812
-0.487094
-0.480063
-0.469858
-0.464126
-0.515013
-0.513251
-0.511774
-0.510211
-0.508663
-0.507239
-0.506003
-0.504985
-0.504172
-0.503495
-0.502826
-0.501981
-0.500717
-0.498742
-0.495732
-0.491422
-0.485387
-0.478352
-0.468235
-0.465225
-0.517714
-0.515861
-0.514258
-0.512531
-0.510786
-0.509139
-0.507658
-0.506378
-0.505284
-0.504308
-0.503318
-0.502125
-0.500482
-0.498097
-0.494655
-0.489917
-0.483505
-0.476224
-0.465839
-0.462518
-0.520489
-0.518537
-0.516805
-0.514911
-0.512969
-0.511099
-0.509374
-0.50783
-0.506453
-0.50517
-0.503849
-0.502291
-0.500245
-0.497422
-0.493512
-0.488297
-0.481435
-0.473715
-0.462887
-0.45837
-0.523356
-0.521295
-0.51943
-0.517368
-0.515228
-0.513136
-0.511167
-0.509358
-0.507694
-0.506098
-0.504432
-0.50249
-0.500017
-0.496721
-0.492305
-0.486563
-0.479183
-0.470889
-0.459523
-0.453468
-0.526334
-0.524151
-0.522149
-0.519915
-0.517577
-0.515264
-0.513052
-0.510977
-0.509021
-0.507104
-0.505077
-0.502731
-0.499801
-0.496
-0.491037
-0.484719
-0.476764
-0.467811
-0.455865
-0.448249
-0.52712
-0.524974
-0.522566
-0.520029
-0.517495
-0.51504
-0.512698
-0.510446
-0.508197
-0.505793
-0.503017
-0.499601
-0.495259
-0.489709
-0.482774
-0.474199
-0.464544
-0.452013
-0.442957
-0.527918
-0.525334
-0.522596
-0.519842
-0.517144
-0.514532
-0.511977
-0.509382
-0.506583
-0.503351
-0.499417
-0.494497
-0.488324
-0.480736
-0.471512
-0.461141
-0.448045
-0.437726
-0.528228
-0.525289
-0.522314
-0.519371
-0.516485
-0.513618
-0.510664
-0.507446
-0.50373
-0.499244
-0.493711
-0.486883
-0.478615
-0.468723
-0.457646
-0.44402
-0.432622
-0.531259
-0.528116
-0.524918
-0.521728
-0.518562
-0.515373
-0.512042
-0.508381
-0.504151
-0.499079
-0.492899
-0.485386
-0.476418
-0.465855
-0.454094
-0.439979
-0.427674
-0.531084
-0.527661
-0.52422
-0.520767
-0.517242
-0.513514
-0.509384
-0.504606
-0.498913
-0.492056
-0.483834
-0.474155
-0.462923
-0.450512
-0.435951
-0.422889
-0.530547
-0.52685
-0.5231
-0.519223
-0.515074
-0.510445
-0.505087
-0.49874
-0.491176
-0.482226
-0.471832
-0.459943
-0.446918
-0.431953
-0.418264
-0.529618
-0.525559
-0.521312
-0.516716
-0.511557
-0.505583
-0.49855
-0.490254
-0.480562
-0.469454
-0.456925
-0.443325
-0.427994
-0.413785
-0.52814
-0.523501
-0.518431
-0.512707
-0.506083
-0.498333
-0.489282
-0.478841
-0.467026
-0.453878
-0.439742
-0.424079
-0.409437
-0.525782
-0.520206
-0.513882
-0.506574
-0.498077
-0.488255
-0.47706
-0.46455
-0.450807
-0.436172
-0.420208
-0.4052
-0.522029
-0.515068
-0.507041
-0.497772
-0.487165
-0.475217
-0.462027
-0.447714
-0.432614
-0.416375
-0.401058
-0.51625
-0.50747
-0.497405
-0.486003
-0.473309
-0.459457
-0.444599
-0.429067
-0.412576
-0.396992
-0.507846
-0.496965
-0.484764
-0.471331
-0.456837
-0.44146
-0.425525
-0.408802
-0.392984
-0.483438
-0.469279
-0.454164
-0.438295
-0.421983
-0.405043
-0.389017
-0.467147
-0.451435
-0.435097
-0.418432
-0.40129
-0.385075
-0.448643
-0.431861
-0.414865
-0.397533
-0.381143
-0.411271
-0.393759
-0.377206
-0.389958
-0.373251
-0.4128
-0.420543
-0.459074
-0.493948
-0.534718
-0.526133
-0.468001
-0.370954
-0.285219
-0.226864
-0.197749
-0.195002
-0.217932
-0.238983
-0.230992
-0.193583
-0.150028
-0.11663
-0.0983539
-0.0910168
-0.0943622
-0.112826
-0.132987
-0.135395
-0.116607
-0.0922571
-0.0746792
-0.0643169
-0.0587964
-0.062795
-0.0681612
-0.0671126
-0.0591627
-0.0529584
-0.0476909
-0.0433357
-0.0385111
-0.034783
-0.0320054
-0.0351744
-0.0379943
-0.0388843
-0.032703
-0.030163
-0.0287895
-0.03436
-0.0350912
-0.0337612
-0.0260418
-0.0285327
-0.0294734
-0.032804
-0.0259165
-0.0270373
-0.0223271
-0.0270972
-0.0204357
-0.0208253
-0.00737707
-0.00878122
-0.415266
-0.420287
-0.454536
-0.484897
-0.521929
-0.512335
-0.456083
-0.362796
-0.280917
-0.22592
-0.199399
-0.199378
-0.22461
-0.246729
-0.237333
-0.197795
-0.152468
-0.117646
-0.0981135
-0.089837
-0.0921711
-0.109638
-0.129131
-0.131662
-0.113657
-0.0904343
-0.0739747
-0.0644167
-0.0596106
-0.0643675
-0.0704225
-0.0695249
-0.0610687
-0.0541148
-0.0482805
-0.0434413
-0.0381361
-0.0340319
-0.0310517
-0.0343041
-0.0372723
-0.0384484
-0.0326851
-0.0304208
-0.029309
-0.0349197
-0.0355582
-0.0339647
-0.0259366
-0.0282424
-0.0290286
-0.0324842
-0.0257919
-0.0271321
-0.0226689
-0.0273778
-0.0206597
-0.0208201
-0.00718236
-0.00866998
-0.417897
-0.420016
-0.449733
-0.475294
-0.508384
-0.497776
-0.443524
-0.354148
-0.276236
-0.224679
-0.200813
-0.203569
-0.231148
-0.254305
-0.24349
-0.20185
-0.154781
-0.118578
-0.0978238
-0.0886274
-0.089963
-0.106422
-0.125239
-0.127876
-0.110667
-0.0885799
-0.0732433
-0.0644996
-0.0604231
-0.0659509
-0.0727054
-0.071954
-0.0629818
-0.0552653
-0.0488633
-0.0435482
-0.0377764
-0.0333028
-0.0301141
-0.033436
-0.036548
-0.0380089
-0.0326685
-0.030679
-0.0298303
-0.0354772
-0.0360242
-0.0341651
-0.0258304
-0.0279521
-0.0285849
-0.0321608
-0.0256651
-0.0272255
-0.0230113
-0.0276564
-0.0208822
-0.0208145
-0.00699007
-0.00855906
-0.420719
-0.419773
-0.444736
-0.465218
-0.494159
-0.482499
-0.430356
-0.345016
-0.271163
-0.223116
-0.201961
-0.207544
-0.237515
-0.261679
-0.249448
-0.205745
-0.156969
-0.119431
-0.0974902
-0.0873939
-0.0877459
-0.103187
-0.121321
-0.124049
-0.107641
-0.0866944
-0.0724838
-0.0645635
-0.0612308
-0.067541
-0.0750051
-0.0743963
-0.0649006
-0.0564096
-0.0494395
-0.0436567
-0.0374322
-0.032596
-0.0291932
-0.0325704
-0.0358217
-0.037566
-0.0326527
-0.0309372
-0.0303531
-0.0360322
-0.0364892
-0.0343627
-0.0257237
-0.0276619
-0.0281424
-0.0318337
-0.0255358
-0.0273173
-0.0233541
-0.0279328
-0.0211033
-0.0208086
-0.00680021
-0.00844844
-0.423753
-0.419597
-0.439618
-0.454756
-0.479348
-0.466551
-0.416616
-0.335411
-0.265689
-0.221205
-0.202818
-0.21127
-0.243679
-0.268818
-0.255193
-0.209475
-0.159035
-0.120209
-0.0971181
-0.0861421
-0.0855276
-0.099941
-0.117387
-0.120187
-0.104583
-0.0847781
-0.0716951
-0.0646065
-0.0620305
-0.0691334
-0.0773166
-0.0768479
-0.0668238
-0.0575475
-0.0500092
-0.043767
-0.0371038
-0.031912
-0.0282898
-0.0317082
-0.0350938
-0.0371196
-0.0326374
-0.031195
-0.0308769
-0.0365845
-0.036953
-0.0345575
-0.0256164
-0.0273722
-0.0277012
-0.031503
-0.0254042
-0.0274076
-0.0236974
-0.028207
-0.0213229
-0.0208024
-0.00661277
-0.00833808
-0.427015
-0.419527
-0.434453
-0.443996
-0.464036
-0.449948
-0.402341
-0.325345
-0.259804
-0.218923
-0.203356
-0.214716
-0.249607
-0.275692
-0.26071
-0.213037
-0.160981
-0.120915
-0.0967126
-0.0848777
-0.0833158
-0.0966941
-0.113445
-0.116299
-0.101495
-0.082832
-0.0708761
-0.0646266
-0.062819
-0.0707236
-0.079635
-0.0793053
-0.0687498
-0.0586788
-0.0505726
-0.0438794
-0.0367913
-0.0312512
-0.0274044
-0.0308498
-0.0343646
-0.0366697
-0.0326224
-0.031452
-0.0314014
-0.0371337
-0.0374156
-0.0347495
-0.0255089
-0.0270831
-0.0272616
-0.0311686
-0.0252701
-0.027496
-0.0240411
-0.028479
-0.0215408
-0.0207958
-0.00642778
-0.00822797
-0.430513
-0.419595
-0.429314
-0.433029
-0.448317
-0.432744
-0.387574
-0.314834
-0.2535
-0.216248
-0.20355
-0.217853
-0.255269
-0.282272
-0.265987
-0.216429
-0.162809
-0.121554
-0.0962792
-0.0836059
-0.0811179
-0.0934548
-0.109507
-0.11239
-0.0983815
-0.0808568
-0.070026
-0.0646217
-0.063593
-0.0723071
-0.081955
-0.0817647
-0.0706773
-0.0598036
-0.0511297
-0.0439941
-0.0364949
-0.030614
-0.0265377
-0.029996
-0.0336344
-0.0362163
-0.0326073
-0.0317079
-0.0319262
-0.0376797
-0.0378767
-0.034939
-0.0254013
-0.0267948
-0.0268235
-0.0308307
-0.0251336
-0.0275826
-0.024385
-0.0287487
-0.0217571
-0.020789
-0.00624524
-0.00811808
-0.434249
-0.419831
-0.424269
-0.421944
-0.432296
-0.418252
-0.372364
-0.303894
-0.246772
-0.213158
-0.203373
-0.220652
-0.260632
-0.288531
-0.27101
-0.219648
-0.164523
-0.12213
-0.0958228
-0.0823321
-0.078941
-0.0902322
-0.10558
-0.10847
-0.0952464
-0.0788536
-0.069144
-0.06459
-0.0643491
-0.0738792
-0.0842715
-0.0842224
-0.0726049
-0.0609218
-0.0516807
-0.0441111
-0.0362147
-0.0300007
-0.0256903
-0.0291474
-0.0329037
-0.0357595
-0.0325919
-0.0319622
-0.0324509
-0.0382222
-0.0383363
-0.035126
-0.0252938
-0.0265075
-0.0263873
-0.0304891
-0.0249947
-0.0276672
-0.0247292
-0.029016
-0.0219716
-0.020782
-0.00606516
-0.00800839
-0.438213
-0.420256
-0.419382
-0.410831
-0.416036
-0.400079
-0.356715
-0.292545
-0.239617
-0.209635
-0.202804
-0.223087
-0.265665
-0.294443
-0.275768
-0.222692
-0.166126
-0.122648
-0.0953485
-0.0810614
-0.0767917
-0.0870352
-0.101676
-0.104546
-0.0920937
-0.0768238
-0.0682295
-0.0645295
-0.0650838
-0.0754351
-0.0865794
-0.0866748
-0.0745312
-0.0620333
-0.0522258
-0.0442307
-0.0359506
-0.0294114
-0.0248627
-0.0283046
-0.0321728
-0.0352991
-0.0325757
-0.0322146
-0.032975
-0.038761
-0.0387942
-0.0353106
-0.0251865
-0.0262214
-0.025953
-0.0301439
-0.0248533
-0.0277496
-0.0250735
-0.0292809
-0.0221842
-0.0207748
-0.00588753
-0.00789886
-0.44239
-0.420883
-0.414712
-0.399779
-0.399648
-0.381762
-0.340596
-0.280805
-0.232033
-0.205662
-0.20182
-0.225134
-0.270339
-0.299986
-0.280249
-0.22556
-0.16762
-0.123111
-0.0948611
-0.0797987
-0.0746763
-0.0838724
-0.0978028
-0.100627
-0.0889277
-0.0747689
-0.0672821
-0.0644383
-0.0657936
-0.0769703
-0.0888734
-0.0891181
-0.0764546
-0.0631383
-0.052765
-0.044353
-0.0357025
-0.0288465
-0.0240557
-0.0274684
-0.031442
-0.0348353
-0.0325585
-0.0324647
-0.0334981
-0.0392958
-0.0392503
-0.0354929
-0.0250796
-0.0259368
-0.0255207
-0.0297952
-0.0247094
-0.0278298
-0.0254179
-0.0295434
-0.0223948
-0.0207675
-0.00571236
-0.00778948
-0.446754
-0.421718
-0.410309
-0.388873
-0.383236
-0.363363
-0.324154
-0.268697
-0.22402
-0.201224
-0.200401
-0.226772
-0.274628
-0.305138
-0.284443
-0.22825
-0.169011
-0.123524
-0.0943653
-0.0785486
-0.0726005
-0.0807523
-0.0939706
-0.0967211
-0.0857532
-0.0726906
-0.0663016
-0.0643147
-0.0664752
-0.07848
-0.0911485
-0.0915484
-0.0783739
-0.0642367
-0.0532985
-0.0444779
-0.0354705
-0.0283061
-0.0232697
-0.0266393
-0.0307117
-0.0343679
-0.0325399
-0.032712
-0.0340199
-0.0398263
-0.0397046
-0.0356729
-0.0249733
-0.0256538
-0.0250907
-0.0294428
-0.024563
-0.0279076
-0.0257623
-0.0298032
-0.0226034
-0.0207601
-0.00553964
-0.00768022
-0.451271
-0.422759
-0.406214
-0.378195
-0.3669
-0.344893
-0.307471
-0.256243
-0.215583
-0.19631
-0.19853
-0.227983
-0.278505
-0.309883
-0.288343
-0.230762
-0.1703
-0.12389
-0.0938654
-0.0773158
-0.0705698
-0.0776832
-0.0901883
-0.0928387
-0.0825752
-0.0705908
-0.0652877
-0.064157
-0.067125
-0.0799596
-0.0933995
-0.0939622
-0.0802874
-0.0653286
-0.0538266
-0.0446057
-0.0352542
-0.0277904
-0.0225054
-0.0258182
-0.0299824
-0.033897
-0.0325196
-0.0329564
-0.03454
-0.0403522
-0.0401567
-0.0358508
-0.0248678
-0.0253726
-0.0246631
-0.0290869
-0.024414
-0.0279828
-0.0261067
-0.0300605
-0.0228099
-0.0207525
-0.00536938
-0.00757105
-0.4559
-0.423994
-0.40246
-0.367823
-0.350736
-0.326418
-0.290589
-0.243466
-0.206726
-0.19091
-0.196191
-0.22875
-0.281948
-0.314203
-0.291939
-0.233096
-0.171492
-0.124214
-0.0933658
-0.0761043
-0.0685889
-0.074673
-0.0864645
-0.0889889
-0.0793987
-0.068472
-0.0642406
-0.0639634
-0.0677397
-0.0814046
-0.0956214
-0.0963558
-0.0821938
-0.0664142
-0.0543492
-0.0447364
-0.0350534
-0.0272993
-0.0217631
-0.0250055
-0.0292543
-0.0334225
-0.0324973
-0.0331973
-0.0350578
-0.0408734
-0.0406067
-0.0360267
-0.0247631
-0.0250934
-0.0242381
-0.0287274
-0.0242625
-0.0280554
-0.0264508
-0.0303151
-0.0230142
-0.0207449
-0.00520156
-0.00746194
-0.460593
-0.425403
-0.399068
-0.357825
-0.334837
-0.308022
-0.273553
-0.230392
-0.197457
-0.185019
-0.193372
-0.22906
-0.284938
-0.318086
-0.295227
-0.235251
-0.172591
-0.1245
-0.0928704
-0.0749182
-0.066662
-0.071729
-0.0828075
-0.0851812
-0.0762295
-0.0663363
-0.0631605
-0.0637324
-0.0683161
-0.0828103
-0.0978095
-0.0987256
-0.0840915
-0.0674936
-0.0548667
-0.0448699
-0.0348679
-0.0268329
-0.0210435
-0.024202
-0.028528
-0.0329444
-0.0324727
-0.0334344
-0.0355729
-0.0413895
-0.0410544
-0.0362005
-0.0246594
-0.0248164
-0.0238158
-0.0283644
-0.0241084
-0.0281252
-0.0267948
-0.030567
-0.0232161
-0.0207371
-0.00503619
-0.00735288
-0.465297
-0.426959
-0.39605
-0.348266
-0.319291
-0.28979
-0.256418
-0.217048
-0.187788
-0.178634
-0.190065
-0.228904
-0.287458
-0.321521
-0.2982
-0.237229
-0.1736
-0.124752
-0.0923829
-0.0737612
-0.0647931
-0.0688581
-0.0792251
-0.0814252
-0.0730733
-0.0641867
-0.062048
-0.0634626
-0.0688508
-0.0841725
-0.0999589
-0.101068
-0.085979
-0.0685669
-0.0553792
-0.0450064
-0.0346974
-0.0263911
-0.0203471
-0.0234083
-0.0278038
-0.0324626
-0.0324454
-0.0336674
-0.036085
-0.0419003
-0.0414996
-0.0363723
-0.0245568
-0.0245418
-0.0233965
-0.0279979
-0.0239517
-0.0281921
-0.0271383
-0.030816
-0.0234157
-0.0207294
-0.00487325
-0.00724382
-0.469957
-0.428626
-0.393407
-0.339199
-0.304182
-0.27181
-0.239245
-0.203462
-0.17773
-0.171755
-0.186262
-0.228274
-0.289494
-0.324501
-0.300855
-0.239029
-0.174523
-0.124972
-0.0919067
-0.0726366
-0.0629853
-0.0660666
-0.0757249
-0.0777302
-0.0699364
-0.0620259
-0.0609035
-0.0631527
-0.0693408
-0.0854871
-0.102065
-0.103379
-0.0878546
-0.0696341
-0.0558868
-0.0451459
-0.0345414
-0.025974
-0.0196742
-0.022625
-0.027082
-0.0319772
-0.0324151
-0.0338959
-0.0365936
-0.0424055
-0.0419422
-0.0365423
-0.0244555
-0.0242698
-0.0229802
-0.0276279
-0.0237924
-0.0282558
-0.0274815
-0.0310621
-0.0236128
-0.0207216
-0.00471272
-0.00713474
-0.474515
-0.430365
-0.391132
-0.330669
-0.289592
-0.25417
-0.222103
-0.189663
-0.167301
-0.164387
-0.181962
-0.227166
-0.291035
-0.32702
-0.303189
-0.240653
-0.175364
-0.125165
-0.0914451
-0.0715479
-0.0612414
-0.0633601
-0.0723135
-0.0741056
-0.0668251
-0.0598572
-0.0597281
-0.0628014
-0.0697831
-0.0867498
-0.104124
-0.105655
-0.0897167
-0.0706956
-0.0563898
-0.0452883
-0.0343997
-0.0255813
-0.0190253
-0.0218527
-0.0263632
-0.031488
-0.0323815
-0.0341196
-0.0370982
-0.0429048
-0.0423821
-0.0367104
-0.0243556
-0.0240005
-0.0225673
-0.0272544
-0.0236304
-0.0283164
-0.0278241
-0.0313052
-0.0238073
-0.0207138
-0.0045546
-0.00702561
-0.478915
-0.432133
-0.389207
-0.322712
-0.275594
-0.236954
-0.205065
-0.175685
-0.156521
-0.15654
-0.177167
-0.225579
-0.292075
-0.329075
-0.3052
-0.242102
-0.176127
-0.125335
-0.091001
-0.0704977
-0.0595637
-0.0607435
-0.0689974
-0.0705607
-0.0637464
-0.057684
-0.0585227
-0.0624078
-0.0701749
-0.087957
-0.106131
-0.107893
-0.0915637
-0.0717513
-0.0568884
-0.0454337
-0.0342716
-0.0252129
-0.0184007
-0.0210921
-0.0256477
-0.0309951
-0.0323442
-0.0343381
-0.0375984
-0.0433979
-0.042819
-0.0368766
-0.0242572
-0.0237342
-0.0221578
-0.0268774
-0.0234658
-0.0283736
-0.028166
-0.0315453
-0.0239992
-0.020706
-0.00439885
-0.00691641
-0.483104
-0.433884
-0.387608
-0.315356
-0.26226
-0.220246
-0.188165
-0.161562
-0.145412
-0.148226
-0.171881
-0.223514
-0.29261
-0.330664
-0.306888
-0.243377
-0.176814
-0.125483
-0.0905768
-0.0694889
-0.0579541
-0.0582211
-0.065782
-0.0671043
-0.0607073
-0.0555098
-0.0572886
-0.0619709
-0.0705134
-0.0891049
-0.108082
-0.110091
-0.0933939
-0.0728014
-0.0573828
-0.0455821
-0.0341569
-0.0248685
-0.0178009
-0.0203436
-0.0249359
-0.0304983
-0.032303
-0.034551
-0.0380937
-0.0438846
-0.0432528
-0.037041
-0.0241605
-0.023471
-0.0217521
-0.0264971
-0.0232984
-0.0284272
-0.0285072
-0.0317821
-0.0241883
-0.0206982
-0.00424546
-0.00680708
-0.487035
-0.435576
-0.386305
-0.308618
-0.249656
-0.20412
-0.171495
-0.147336
-0.134002
-0.139463
-0.166114
-0.220976
-0.292638
-0.331788
-0.308253
-0.24448
-0.17743
-0.125614
-0.0901749
-0.0685238
-0.056414
-0.055796
-0.0626723
-0.0637445
-0.0577149
-0.0533386
-0.0560273
-0.06149
-0.0707963
-0.0901901
-0.109974
-0.112246
-0.0952056
-0.0738461
-0.0578732
-0.0457335
-0.0340549
-0.0245478
-0.0172262
-0.0196078
-0.0242282
-0.0299976
-0.0322575
-0.0347582
-0.0385838
-0.0443644
-0.0436835
-0.0372036
-0.0240654
-0.0232111
-0.0213503
-0.0261133
-0.0231284
-0.0284772
-0.0288474
-0.0320156
-0.0243747
-0.0206904
-0.0040944
-0.00669761
-0.490706
-0.437165
-0.385261
-0.302509
-0.237838
-0.188649
-0.156959
-0.133065
-0.122324
-0.130275
-0.159879
-0.217971
-0.292161
-0.33245
-0.309296
-0.245413
-0.177978
-0.12573
-0.0897973
-0.0676045
-0.0549445
-0.0534709
-0.0596726
-0.0604891
-0.0547766
-0.0511744
-0.0547404
-0.0609646
-0.0710211
-0.0912094
-0.111803
-0.114353
-0.0969972
-0.0748852
-0.0583598
-0.045888
-0.0339653
-0.0242504
-0.0166768
-0.0188852
-0.023525
-0.0294931
-0.0322075
-0.0349592
-0.0390681
-0.0448372
-0.0441107
-0.0373643
-0.0239721
-0.0229548
-0.0209525
-0.0257262
-0.0229557
-0.0285234
-0.0291867
-0.0322457
-0.0245581
-0.0206826
-0.00394565
-0.00658796
-0.494105
-0.438589
-0.384435
-0.29703
-0.226859
-0.17389
-0.140599
-0.118757
-0.110415
-0.12069
-0.153193
-0.214508
-0.291183
-0.332654
-0.31002
-0.246178
-0.178461
-0.125834
-0.0894456
-0.066733
-0.0535462
-0.0512477
-0.0567863
-0.0573449
-0.0518998
-0.0490213
-0.0534299
-0.0603943
-0.0711858
-0.0921598
-0.113567
-0.116411
-0.0987667
-0.0759189
-0.058843
-0.0460454
-0.0338874
-0.0239759
-0.016153
-0.0181763
-0.0228266
-0.0289845
-0.0321526
-0.0351538
-0.0395463
-0.0453027
-0.0445344
-0.0375232
-0.0238807
-0.0227021
-0.0205592
-0.0253358
-0.0227802
-0.0285656
-0.0295247
-0.0324723
-0.0247386
-0.0206749
-0.00379916
-0.00647809
-0.496865
-0.439801
-0.383791
-0.292178
-0.216763
-0.15993
-0.125094
-0.104195
-0.0983151
-0.110742
-0.146079
-0.210599
-0.289712
-0.332406
-0.310427
-0.246776
-0.178882
-0.125929
-0.0891213
-0.0659109
-0.0522196
-0.0491271
-0.0540163
-0.0543179
-0.0490921
-0.0468839
-0.0520977
-0.0597788
-0.0712883
-0.0930387
-0.115261
-0.118416
-0.100512
-0.0769473
-0.0593229
-0.0462058
-0.0338207
-0.0237239
-0.0156551
-0.0174815
-0.0221336
-0.0284719
-0.0320925
-0.0353416
-0.0400179
-0.0457604
-0.0449543
-0.0376802
-0.0237912
-0.0224532
-0.0201704
-0.0249422
-0.022602
-0.0286037
-0.0298615
-0.0326953
-0.024916
-0.0206672
-0.00365491
-0.00636798
-0.499092
-0.440958
-0.383316
-0.287941
-0.207585
-0.146843
-0.110341
-0.0899081
-0.0860742
-0.100472
-0.138561
-0.206259
-0.287757
-0.331712
-0.310522
-0.24721
-0.179244
-0.126017
-0.0888254
-0.0651397
-0.0509647
-0.0471097
-0.0513644
-0.0514132
-0.0463605
-0.0447667
-0.0507463
-0.0591184
-0.0713271
-0.0938436
-0.116884
-0.120366
-0.102232
-0.0779701
-0.0597999
-0.0463693
-0.0337647
-0.0234938
-0.0151831
-0.0168014
-0.0214462
-0.0279552
-0.0320269
-0.0355224
-0.0404824
-0.0462101
-0.0453703
-0.0378353
-0.0237038
-0.0222084
-0.0197864
-0.0245454
-0.022421
-0.0286374
-0.0301967
-0.0329145
-0.0250902
-0.0206595
-0.00351285
-0.00625757
-0.500959
-0.441867
-0.382987
-0.284308
-0.19935
-0.134689
-0.0963007
-0.0759691
-0.0737483
-0.0899276
-0.13067
-0.201502
-0.28533
-0.330583
-0.310307
-0.247482
-0.179549
-0.1261
-0.088559
-0.0644205
-0.0497813
-0.0451948
-0.0488317
-0.0486348
-0.0437121
-0.0426743
-0.049378
-0.058413
-0.0713006
-0.0945722
-0.118433
-0.122259
-0.103925
-0.0789874
-0.0602743
-0.0465357
-0.0337188
-0.0232851
-0.0147374
-0.0161362
-0.0207648
-0.0274344
-0.0319557
-0.0356958
-0.0409394
-0.0466515
-0.0457822
-0.0379884
-0.0236185
-0.0219678
-0.0194074
-0.0241455
-0.0222372
-0.0286667
-0.0305303
-0.0331297
-0.0252613
-0.020652
-0.00337294
-0.00614683
-0.502446
-0.442668
-0.382581
-0.281265
-0.192075
-0.123523
-0.0829869
-0.0624281
-0.0614061
-0.0791616
-0.122439
-0.196347
-0.282444
-0.329028
-0.309788
-0.247594
-0.179799
-0.12618
-0.0883225
-0.0637543
-0.0486693
-0.0433817
-0.0464184
-0.0459857
-0.0411539
-0.0406115
-0.0479954
-0.0576632
-0.0712074
-0.0952227
-0.119906
-0.124092
-0.105588
-0.0799989
-0.0607463
-0.0467052
-0.0336825
-0.023097
-0.0143178
-0.0154742
-0.0200897
-0.0269094
-0.0318784
-0.0358617
-0.0413886
-0.0470842
-0.0461898
-0.0381395
-0.0235353
-0.0217315
-0.0190338
-0.0237426
-0.0220507
-0.0286914
-0.0308622
-0.033341
-0.025429
-0.0206445
-0.00323514
-0.00603572
-0.503519
-0.443205
-0.38221
-0.278782
-0.185778
-0.113396
-0.0704564
-0.0493619
-0.0491269
-0.0682338
-0.113904
-0.190813
-0.279115
-0.327059
-0.308971
-0.247548
-0.179997
-0.12626
-0.0881165
-0.0631418
-0.0476279
-0.0416686
-0.0441241
-0.0434678
-0.0386926
-0.0385834
-0.0466014
-0.0568696
-0.0710465
-0.0957934
-0.121302
-0.125863
-0.10722
-0.0810045
-0.0612162
-0.0468778
-0.0336552
-0.0229289
-0.0139247
-0.0148404
-0.0194215
-0.0263802
-0.0317949
-0.0360197
-0.0418294
-0.0475078
-0.046593
-0.0382885
-0.0234544
-0.0214998
-0.0186656
-0.0233367
-0.0218613
-0.0287113
-0.031192
-0.033548
-0.0255934
-0.0206371
-0.0030994
-0.0059242
-0.504156
-0.443478
-0.381863
-0.276797
-0.180474
-0.104359
-0.058746
-0.036876
-0.0369989
-0.0572098
-0.105107
-0.184922
-0.275358
-0.324689
-0.307859
-0.247345
-0.180145
-0.12634
-0.0879411
-0.0625835
-0.0466567
-0.0400538
-0.0419475
-0.0410821
-0.0363316
-0.0365947
-0.045199
-0.0560331
-0.0708171
-0.0962827
-0.122618
-0.12757
-0.108819
-0.0820038
-0.0616845
-0.0470534
-0.0336365
-0.02278
-0.0135579
-0.0142229
-0.0187602
-0.0258467
-0.0317049
-0.0361696
-0.0422615
-0.0479221
-0.0469914
-0.0384352
-0.0233757
-0.0212728
-0.0183032
-0.0229279
-0.0216692
-0.0287263
-0.0315197
-0.0337507
-0.0257543
-0.0206297
-0.00296566
-0.00581224
-0.504338
-0.4435
-0.3815
-0.275325
-0.176101
-0.0964572
-0.0479054
-0.0250713
-0.025117
-0.0461607
-0.0960901
-0.178697
-0.271193
-0.321925
-0.30646
-0.246989
-0.180245
-0.126424
-0.0877965
-0.0620795
-0.0457548
-0.038535
-0.0398862
-0.0388286
-0.0340747
-0.0346502
-0.0437912
-0.0551547
-0.0705184
-0.0966895
-0.123854
-0.129212
-0.110383
-0.0829965
-0.0621514
-0.0472322
-0.0336258
-0.0226496
-0.0132175
-0.0136214
-0.0181064
-0.0253089
-0.0316081
-0.0363111
-0.0426845
-0.0483266
-0.047385
-0.0385796
-0.0232992
-0.0210507
-0.0179469
-0.0225163
-0.0214742
-0.028736
-0.0318451
-0.0339489
-0.0259117
-0.0206225
-0.00283387
-0.00569979
-0.504047
-0.443279
-0.381104
-0.274382
-0.172585
-0.0896955
-0.0381606
-0.0139396
-0.0135789
-0.0351625
-0.0869012
-0.172162
-0.266638
-0.318778
-0.304778
-0.246479
-0.180296
-0.126511
-0.0876824
-0.0616298
-0.0449212
-0.0371097
-0.0379375
-0.0367065
-0.0320187
-0.0327547
-0.0423814
-0.0542356
-0.0701501
-0.0970128
-0.12501
-0.130787
-0.111909
-0.083982
-0.0626173
-0.0474141
-0.0336226
-0.0225367
-0.0129034
-0.0130363
-0.0174603
-0.0247666
-0.0315043
-0.036444
-0.0430979
-0.0487209
-0.0477734
-0.0387215
-0.0232251
-0.0208336
-0.0175967
-0.022102
-0.0212764
-0.0287405
-0.0321679
-0.0341423
-0.0260656
-0.0206154
-0.00270399
-0.00558681
-0.503258
-0.442822
-0.38066
-0.273873
-0.170062
-0.0839765
-0.029596
-0.00359179
-0.00248142
-0.0242951
-0.0775885
-0.165342
-0.261714
-0.315259
-0.30282
-0.245819
-0.180301
-0.126604
-0.0875984
-0.0612338
-0.044155
-0.035775
-0.0360977
-0.0347131
-0.0299573
-0.0309127
-0.0409729
-0.0532774
-0.0697118
-0.0972518
-0.126083
-0.132293
-0.113397
-0.0849598
-0.0630825
-0.0475992
-0.0336264
-0.0224405
-0.0126155
-0.0124678
-0.0168223
-0.02422
-0.0313933
-0.0365681
-0.0435014
-0.0491047
-0.0481565
-0.0388608
-0.0231533
-0.0206216
-0.0172531
-0.0216851
-0.0210758
-0.0287395
-0.032488
-0.0343309
-0.0262158
-0.0206084
-0.00257595
-0.00547326
-0.501945
-0.442139
-0.380157
-0.273766
-0.168462
-0.0794468
-0.0220877
0.00584362
0.00807817
-0.0136415
-0.0682027
-0.158264
-0.256441
-0.31138
-0.30059
-0.245011
-0.180259
-0.126703
-0.0875447
-0.0608916
-0.0434557
-0.0345288
-0.0343629
-0.0328456
-0.027998
-0.02913
-0.0395694
-0.0522819
-0.0692037
-0.0974059
-0.127073
-0.133729
-0.114843
-0.0859292
-0.0635473
-0.0477877
-0.0336369
-0.0223601
-0.0123537
-0.0119164
-0.0161926
-0.0236689
-0.0312749
-0.0366832
-0.0438944
-0.0494775
-0.048534
-0.0389974
-0.0230838
-0.020415
-0.0169162
-0.0212658
-0.0208723
-0.0287328
-0.0328051
-0.0345145
-0.0263622
-0.0206016
-0.0024497
-0.00535911
-0.500076
-0.441237
-0.379588
-0.274036
-0.167686
-0.0761495
-0.0156811
0.0143552
0.0180032
-0.00328548
-0.058796
-0.150955
-0.250839
-0.307163
-0.298095
-0.244055
-0.180175
-0.126813
-0.0875239
-0.0606045
-0.0428237
-0.0333694
-0.0327292
-0.0311015
-0.0261705
-0.0274118
-0.0381745
-0.0512508
-0.0686258
-0.0974748
-0.127981
-0.135094
-0.116246
-0.0868893
-0.0640122
-0.0479796
-0.0336536
-0.022295
-0.0121183
-0.0113824
-0.0155715
-0.0231132
-0.0311488
-0.036789
-0.0442767
-0.0498387
-0.0489055
-0.0391309
-0.0230168
-0.0202139
-0.0165863
-0.0208441
-0.020666
-0.0287203
-0.0331191
-0.0346926
-0.0265048
-0.0205949
-0.00232522
-0.00524433
-0.497624
-0.440124
-0.378951
-0.274653
-0.167696
-0.0739692
-0.0104673
0.0218069
0.027196
0.00668909
-0.0494211
-0.143442
-0.244927
-0.302623
-0.295335
-0.242951
-0.180048
-0.126934
-0.0875351
-0.0603713
-0.042258
-0.0322935
-0.0311911
-0.0294776
-0.0244783
-0.0257623
-0.0367926
-0.0501867
-0.0679785
-0.0974582
-0.128806
-0.136386
-0.117602
-0.0878394
-0.0644777
-0.048175
-0.0336762
-0.022244
-0.011909
-0.0108665
-0.0149597
-0.0225531
-0.0310149
-0.0368852
-0.0446475
-0.0501871
-0.0492707
-0.0392614
-0.022952
-0.0200184
-0.0162638
-0.0204202
-0.0204569
-0.0287016
-0.0334297
-0.0348653
-0.0266435
-0.0205883
-0.00220242
-0.00512889
-0.49456
-0.438799
-0.378238
-0.27557
-0.168429
-0.0728465
-0.00641442
0.0258676
0.0355707
0.0161999
-0.040132
-0.135753
-0.238724
-0.297764
-0.292317
-0.241698
-0.179864
-0.12705
-0.0875619
-0.0601776
-0.0417475
-0.0312914
-0.0297371
-0.0279634
-0.0229097
-0.0241841
-0.0354275
-0.0490919
-0.0672625
-0.097356
-0.129547
-0.137605
-0.118913
-0.0887792
-0.064943
-0.0483734
-0.0337035
-0.0222038
-0.011722
-0.0103671
-0.0143563
-0.0219882
-0.030873
-0.0369719
-0.045007
-0.0505151
-0.049631
-0.0393895
-0.0228886
-0.0198273
-0.0159475
-0.0199942
-0.0202449
-0.0286768
-0.0337369
-0.0350326
-0.0267786
-0.020582
-0.00208104
-0.00501273
-0.490857
-0.437242
-0.377407
-0.27668
-0.169744
-0.0726567
-0.00341529
0.0320702
0.0430919
0.0251707
-0.030986
-0.127922
-0.232268
-0.2926
-0.289079
-0.240299
-0.179603
-0.127138
-0.0875858
-0.0600071
-0.0412801
-0.0303553
-0.0283571
-0.0265431
-0.0214451
-0.0226727
-0.0340788
-0.0479672
-0.0664783
-0.0971688
-0.130208
-0.138762
-0.120186
-0.0897083
-0.0654065
-0.048574
-0.0337346
-0.0221712
-0.0115521
-0.00987921
-0.0137587
-0.0214175
-0.0307229
-0.0370493
-0.0453564
-0.0508402
-0.049988
-0.0395155
-0.0228262
-0.0196399
-0.015636
-0.0195652
-0.0200297
-0.0286456
-0.0340412
-0.035195
-0.0269101
-0.0205758
-0.00196087
-0.00489579
-0.486525
-0.435482
-0.376499
-0.277978
-0.171602
-0.0733553
-0.00146868
0.0372762
0.0496948
0.0335368
-0.0220315
-0.119976
-0.225584
-0.287161
-0.285627
-0.238784
-0.17933
-0.127276
-0.087678
-0.059917
-0.0409018
-0.0295216
-0.0270807
-0.0252381
-0.0200917
-0.0212327
-0.0327492
-0.0468134
-0.0656258
-0.0968974
-0.130791
-0.139846
-0.1214
-0.0906189
-0.0658723
-0.048781
-0.0337741
-0.0221571
-0.0114175
-0.00941273
-0.0131715
-0.0208416
-0.0305643
-0.0371164
-0.0456924
-0.0511617
-0.050332
-0.0396342
-0.0227696
-0.0194636
-0.0153362
-0.019135
-0.0198116
-0.0286076
-0.0343408
-0.0353495
-0.0270362
-0.02057
-0.00184328
-0.00477825
-0.481656
-0.433698
-0.375859
-0.279943
-0.174538
-0.0754309
-0.000987947
0.0408594
0.0551957
0.0411949
-0.0132621
-0.111814
-0.218432
-0.281223
-0.281722
-0.237164
-0.179229
-0.127683
-0.0880259
-0.0600645
-0.0407372
-0.0288684
-0.0259755
-0.0241477
-0.0189569
-0.0199473
-0.0314991
-0.0456634
-0.064712
-0.096529
-0.13124
-0.140744
-0.122462
-0.0914963
-0.0663606
-0.0490054
-0.0338315
-0.0221941
-0.0113827
-0.0090261
-0.0126341
-0.020274
-0.0303961
-0.0371632
-0.0459898
-0.0514451
-0.0506314
-0.0397329
-0.0227301
-0.0193182
-0.0150767
-0.0187149
-0.019595
-0.0285614
-0.034625
-0.0354855
-0.0271524
-0.0205648
-0.00173235
-0.004661
-0.476062
-0.431688
-0.375361
-0.282556
-0.178593
-0.0789598
-0.00209727
0.0426886
0.0594412
0.0479042
-0.00480782
-0.103328
-0.210504
-0.274233
-0.27712
-0.235254
-0.179099
-0.128151
-0.0884316
-0.0602868
-0.0406494
-0.0282538
-0.0249024
-0.0231991
-0.0180778
-0.0189068
-0.0304218
-0.0445887
-0.063761
-0.0960321
-0.131477
-0.141393
-0.123376
-0.092367
-0.0668726
-0.0492364
-0.0338906
-0.0222523
-0.0114118
-0.00871981
-0.0121564
-0.0197234
-0.0302191
-0.0371847
-0.0462416
-0.0516515
-0.0509095
-0.039825
-0.0226936
-0.0191831
-0.0148462
-0.0183063
-0.0193838
-0.0285066
-0.0348915
-0.0356064
-0.0272638
-0.0205605
-0.00162386
-0.00454343
-0.468576
-0.42787
-0.372324
-0.281935
-0.179348
-0.0796975
-0.00130047
0.0452076
0.063805
0.0537709
0.00219423
-0.0964941
-0.204569
-0.26868
-0.273275
-0.232758
-0.177629
-0.127193
-0.0876027
-0.0594753
-0.039726
-0.027017
-0.023238
-0.0215749
-0.0166197
-0.0174702
-0.0289844
-0.0432154
-0.062677
-0.095619
-0.132166
-0.142807
-0.124882
-0.0933579
-0.0672715
-0.0493854
-0.0338621
-0.0220617
-0.0109744
-0.00797958
-0.0113418
-0.0190229
-0.0300439
-0.0373037
-0.0467182
-0.0521087
-0.0514557
-0.0400233
-0.0225553
-0.0188777
-0.0143792
-0.0177818
-0.0191276
-0.0284611
-0.0352579
-0.0358095
-0.0274173
-0.0205566
-0.0014766
-0.00441489
-0.45777
-0.422239
-0.365826
-0.275806
-0.173557
-0.0737535
0.00569671
0.0540764
0.0730289
0.0634042
0.0100754
-0.09336
-0.205968
-0.272531
-0.273082
-0.23052
-0.174607
-0.124318
-0.0850716
-0.0570297
-0.0373647
-0.0248154
-0.0204763
-0.0179515
-0.012336
-0.0129277
-0.0244637
-0.0390938
-0.060361
-0.096393
-0.136189
-0.148122
-0.128864
-0.0949787
-0.0675519
-0.0495242
-0.0337802
-0.0213216
-0.00920176
-0.00555796
-0.00898918
-0.0174638
-0.0298161
-0.0378789
-0.0482086
-0.0538872
-0.052853
-0.0405658
-0.0221839
-0.0180979
-0.0130808
-0.0167078
-0.0185896
-0.0284558
-0.036101
-0.0363298
-0.0277103
-0.020554
-0.00120539
-0.00423208
-0.443235
-0.410022
-0.353631
-0.26614
-0.166773
-0.069334
0.00900167
0.0570726
0.0765775
0.0676163
0.0145692
-0.0886064
-0.200079
-0.264119
-0.264744
-0.22313
-0.169101
-0.120525
-0.0824278
-0.055105
-0.0357341
-0.0231682
-0.0185684
-0.0160277
-0.0105417
-0.0112893
-0.0226256
-0.0373763
-0.0593495
-0.09646
-0.137428
-0.149932
-0.130259
-0.0955076
-0.0673987
-0.0492131
-0.0334086
-0.02089
-0.00858928
-0.00484448
-0.00801233
-0.016742
-0.0296898
-0.0380913
-0.0487999
-0.0544788
-0.0532963
-0.040702
-0.0219215
-0.0176665
-0.0124402
-0.0162077
-0.0182052
-0.0283845
-0.0365747
-0.0366323
-0.0278177
-0.0204926
-0.00103886
-0.00409565
-0.429681
-0.396322
-0.340383
-0.255917
-0.159972
-0.0654916
0.0111202
0.0586281
0.0777141
0.0686774
0.0159824
-0.085182
-0.193345
-0.255538
-0.255135
-0.215016
-0.163242
-0.116557
-0.0797081
-0.053172
-0.0341539
-0.0216365
-0.0168667
-0.0144137
-0.00917945
-0.0102497
-0.0217426
-0.0367495
-0.0591011
-0.0964309
-0.137686
-0.150746
-0.131063
-0.0957593
-0.0670987
-0.0487872
-0.0329758
-0.0204856
-0.00814468
-0.00441298
-0.00744518
-0.0163496
-0.0296303
-0.0381819
-0.0491034
-0.0549227
-0.0535565
-0.04077
-0.0216639
-0.0172897
-0.0119495
-0.0158839
-0.0178877
-0.0282902
-0.0369116
-0.0368689
-0.0278808
-0.0204205
-0.000899579
-0.0039773
-0.417032
-0.382421
-0.327315
-0.246113
-0.153767
-0.0624491
0.0122459
0.0590127
0.0776728
0.0685685
0.0163581
-0.0824996
-0.187057
-0.246502
-0.245378
-0.20678
-0.157271
-0.112505
-0.076922
-0.0511711
-0.0325257
-0.0201034
-0.0151729
-0.0127552
-0.00770196
-0.00901345
-0.0206519
-0.0359361
-0.0587523
-0.0964296
-0.138102
-0.151745
-0.13193
-0.0959799
-0.0667499
-0.0483307
-0.0325232
-0.0200517
-0.00763118
-0.00386075
-0.00676276
-0.0158888
-0.029573
-0.0383071
-0.0494812
-0.0554394
-0.0538607
-0.0408356
-0.0213854
-0.0168841
-0.0114098
-0.0155042
-0.0175438
-0.0281893
-0.0372733
-0.0371117
-0.0279422
-0.0203419
-0.000760237
-0.00385708
-0.404559
-0.368422
-0.314489
-0.236783
-0.148242
-0.0603386
0.0121801
0.0579672
0.0762982
0.0673135
0.016027
-0.0800625
-0.18066
-0.236781
-0.235257
-0.198306
-0.151167
-0.108384
-0.074099
-0.0491469
-0.0309012
-0.0186083
-0.0135405
-0.0111533
-0.00626008
-0.00773496
-0.0194072
-0.0348813
-0.0581888
-0.0963873
-0.138615
-0.15274
-0.132705
-0.0961071
-0.066336
-0.0478278
-0.0320417
-0.0196039
-0.00710961
-0.00328877
-0.00601596
-0.0153682
-0.0295165
-0.0384641
-0.0499031
-0.0559335
-0.0541574
-0.0408782
-0.0210917
-0.0164673
-0.0108545
-0.0150874
-0.0171746
-0.028081
-0.0376493
-0.0373483
-0.0279914
-0.0202537
-0.000627126
-0.00373792
-0.391993
-0.354417
-0.301925
-0.227896
-0.143336
-0.0590803
0.0109883
0.0556199
0.0735714
0.0648064
0.014908
-0.0777324
-0.173829
-0.226526
-0.224731
-0.189609
-0.144952
-0.10421
-0.07125
-0.0471096
-0.0292913
-0.0171611
-0.0119866
-0.00964256
-0.00492117
-0.00653072
-0.0181829
-0.0337769
-0.0575193
-0.0962349
-0.138988
-0.153528
-0.133291
-0.0961097
-0.0658457
-0.0472697
-0.0315272
-0.019147
-0.0066065
-0.00275037
-0.00528338
-0.0148507
-0.0294696
-0.0386253
-0.0503073
-0.0563929
-0.054418
-0.0408906
-0.0207844
-0.0160473
-0.0103086
-0.0146698
-0.0167938
-0.0279598
-0.0380128
-0.0375678
-0.0280223
-0.0201549
-0.000504097
-0.00362337
-0.379288
-0.340549
-0.289699
-0.219455
-0.13899
-0.058554
0.00883865
0.0521694
0.0696749
0.0611843
0.0130664
-0.0754645
-0.166562
-0.21583
-0.213881
-0.180753
-0.138663
-0.0999988
-0.0683836
-0.0450628
-0.0276964
-0.0157599
-0.0105086
-0.00821672
-0.00367889
-0.00540693
-0.0170195
-0.0326935
-0.0567958
-0.0959406
-0.139133
-0.154071
-0.13367
-0.0959781
-0.0652747
-0.0466541
-0.0309784
-0.0186802
-0.00612319
-0.00224572
-0.00458013
-0.014354
-0.0294345
-0.0387818
-0.0506803
-0.0568153
-0.0546391
-0.0408704
-0.0204628
-0.015624
-0.00977448
-0.0142588
-0.0164039
-0.0278218
-0.0383564
-0.0377674
-0.0280332
-0.0200446
-0.000391825
-0.00351429
-0.366428
-0.326938
-0.277877
-0.21146
-0.135146
-0.0586388
0.00590451
0.0478095
0.0648348
0.0566784
0.0106753
-0.0731988
-0.158913
-0.204768
-0.2028
-0.171803
-0.132332
-0.0957664
-0.0655087
-0.043011
-0.0261178
-0.0144034
-0.00910352
-0.00686802
-0.00252194
-0.00434953
-0.0159041
-0.0316218
-0.0560116
-0.0954932
-0.139046
-0.154364
-0.133827
-0.0957023
-0.0646189
-0.0459789
-0.0303936
-0.0182022
-0.00565987
-0.00177394
-0.00390303
-0.0138754
-0.0294113
-0.0389353
-0.0510246
-0.0571989
-0.0548182
-0.0408148
-0.0201258
-0.0151972
-0.00925161
-0.0138521
-0.0160033
-0.0276652
-0.0386792
-0.0379453
-0.0280224
-0.0199219
-0.000290667
-0.00341092
-0.353436
-0.313673
-0.2665
-0.203894
-0.131738
-0.0592137
0.00235526
0.0427348
0.059268
0.0515169
0.00791854
-0.0708657
-0.150924
-0.193423
-0.191586
-0.162823
-0.125996
-0.0915299
-0.0626342
-0.0409592
-0.0245574
-0.0130903
-0.00776884
-0.00559095
-0.00144388
-0.00335154
-0.014827
-0.0305458
-0.0551497
-0.0948846
-0.138721
-0.154387
-0.133743
-0.0952711
-0.0638738
-0.0452416
-0.029771
-0.017712
-0.0052183
-0.00133865
-0.0032525
-0.0134134
-0.0294011
-0.0390878
-0.0513407
-0.0575396
-0.054951
-0.0407204
-0.0197724
-0.014767
-0.008741
-0.0134484
-0.0155908
-0.0274883
-0.0389793
-0.0380985
-0.0279879
-0.0197855
-0.000201166
-0.00331366
-0.340378
-0.300812
-0.255586
-0.196733
-0.1287
-0.0601611
-0.00164507
0.0371363
0.0531789
0.0459101
0.00496201
-0.0684086
-0.142646
-0.181898
-0.180342
-0.153882
-0.119688
-0.0873054
-0.0597687
-0.0389124
-0.0230168
-0.0118191
-0.00650192
-0.0043802
-0.000438806
-0.00240964
-0.0137868
-0.0294606
-0.0542004
-0.0941021
-0.138138
-0.154113
-0.133397
-0.0946732
-0.0630351
-0.0444399
-0.0291089
-0.0172086
-0.00480048
-0.00094401
-0.00263239
-0.0129701
-0.0294051
-0.0392398
-0.0516259
-0.0578326
-0.0550324
-0.0405838
-0.0194018
-0.0143335
-0.00824413
-0.0130485
-0.0151659
-0.0272889
-0.0392533
-0.038224
-0.0279273
-0.0196342
-0.000123868
-0.00322301
-0.327327
-0.28839
-0.245143
-0.189945
-0.125965
-0.0613721
-0.00594504
0.0311926
0.0467569
0.0400497
0.00194912
-0.065798
-0.134161
-0.170316
-0.169175
-0.145045
-0.113444
-0.0831087
-0.0569206
-0.0368756
-0.0214973
-0.0105882
-0.00529958
-0.00323023
0.000499854
-0.00152076
-0.0127836
-0.0283661
-0.053157
-0.0931296
-0.137272
-0.153519
-0.132769
-0.0938977
-0.0620986
-0.0435716
-0.0284054
-0.0166905
-0.00440823
-0.000594003
-0.00204725
-0.0125483
-0.0294247
-0.039391
-0.0518771
-0.0580727
-0.0550573
-0.0404011
-0.0190128
-0.0138968
-0.00776237
-0.012653
-0.0147279
-0.0270646
-0.0394973
-0.0383183
-0.0278383
-0.0194667
-5.92433e-05
-0.00313943
-0.314359
-0.276423
-0.235165
-0.1835
-0.123474
-0.0627499
-0.0104353
0.0250629
0.0401697
0.0341027
-0.00100623
-0.0630387
-0.125576
-0.158814
-0.158192
-0.136373
-0.107293
-0.0789547
-0.0540977
-0.0348538
-0.0200001
-0.00939556
-0.00415807
-0.00213538
0.00137899
-0.000681765
-0.0118169
-0.0272617
-0.0520125
-0.0919501
-0.136103
-0.15258
-0.131843
-0.092934
-0.0610602
-0.0426348
-0.0276589
-0.0161565
-0.0040432
-0.000292556
-0.00150159
-0.0121509
-0.029461
-0.0395413
-0.0520914
-0.058255
-0.0550202
-0.0401685
-0.0186042
-0.0134568
-0.00729691
-0.0122622
-0.0142763
-0.0268124
-0.0397073
-0.0383779
-0.0277184
-0.0192814
-7.66505e-06
-0.00306332
-0.30154
-0.264913
-0.225639
-0.177366
-0.121171
-0.0642111
-0.0149384
0.0188851
0.0335587
0.0282047
-0.00382672
-0.0601693
-0.117022
-0.147534
-0.147494
-0.127924
-0.101267
-0.0748575
-0.0513072
-0.0328516
-0.0185261
-0.00823893
-0.00307314
-0.00108999
0.00220559
0.000110201
-0.0108854
-0.026145
-0.0507581
-0.0905467
-0.134609
-0.151275
-0.1306
-0.091772
-0.0599164
-0.0416277
-0.0268675
-0.0156049
-0.00370685
-4.36267e-05
-0.00100002
-0.0117805
-0.0295152
-0.0396909
-0.052266
-0.0583739
-0.0549155
-0.0398819
-0.0181746
-0.0130133
-0.0068488
-0.0118763
-0.0138102
-0.0265294
-0.0398789
-0.0383992
-0.0275648
-0.0190766
3.06019e-05
-0.00299504
-0.28893
-0.253852
-0.216546
-0.171513
-0.119012
-0.0656883
-0.0193859
0.0127729
0.0270375
0.0224579
-0.00647243
-0.0572549
-0.10864
-0.136612
-0.137171
-0.119744
-0.0953886
-0.07083
-0.0485559
-0.0308737
-0.017076
-0.00711601
-0.00204003
-8.83138e-05
0.00298676
0.000857794
-0.00998813
-0.0250125
-0.049384
-0.0889032
-0.132772
-0.149583
-0.129024
-0.0904021
-0.0586635
-0.0405488
-0.0260296
-0.0150339
-0.00340042
0.000148801
-0.000547426
-0.0114396
-0.0295881
-0.0398399
-0.052398
-0.0584239
-0.054737
-0.039537
-0.0177226
-0.0125661
-0.00641889
-0.0114952
-0.0133286
-0.0262124
-0.0400076
-0.0383781
-0.0273747
-0.0188505
5.54238e-05
-0.00293485
-0.276577
-0.243228
-0.207866
-0.165912
-0.116956
-0.0671273
-0.0237014
0.00681607
0.0206936
0.0169325
-0.00893465
-0.0543751
-0.100564
-0.126168
-0.127295
-0.111874
-0.0896814
-0.0668837
-0.0458498
-0.0289244
-0.0156504
-0.00602432
-0.00105348
0.000875483
0.00372987
0.00156349
-0.00912399
-0.02386
-0.0478801
-0.0870035
-0.130575
-0.147485
-0.127102
-0.0888157
-0.0572987
-0.0393967
-0.0251435
-0.0144417
-0.00312484
0.000280723
-0.000148888
-0.0111312
-0.0296807
-0.0399881
-0.0524844
-0.058399
-0.0544786
-0.0391291
-0.0172466
-0.0121147
-0.00600782
-0.0111185
-0.0128305
-0.025858
-0.0400885
-0.0383105
-0.0271451
-0.0186011
6.68226e-05
-0.00288294
-0.264517
-0.233021
-0.199575
-0.160539
-0.114971
-0.0684857
-0.0278268
0.00108315
0.0145912
0.0116725
-0.0112253
-0.0516089
-0.0929124
-0.116296
-0.117922
-0.104344
-0.0841629
-0.063029
-0.0431943
-0.0270077
-0.0142498
-0.00496133
-0.000107783
0.00180745
0.00444268
0.00223
-0.00829179
-0.0226822
-0.0462353
-0.0848316
-0.128002
-0.144967
-0.124821
-0.087005
-0.0558193
-0.0381707
-0.0242077
-0.013826
-0.0028807
0.000348147
0.000190347
-0.0108581
-0.0297931
-0.0401353
-0.0525217
-0.0582929
-0.0541336
-0.0386537
-0.0167448
-0.0116585
-0.00561592
-0.0107457
-0.0123146
-0.0254625
-0.0401164
-0.0381922
-0.0268729
-0.0183262
6.50035e-05
-0.00283938
-0.252781
-0.223212
-0.191649
-0.155372
-0.11303
-0.0697318
-0.0317202
-0.0043756
0.0087756
0.0067018
-0.0133658
-0.0490232
-0.0857735
-0.107062
-0.109089
-0.0971738
-0.0788471
-0.0592751
-0.0405945
-0.0251275
-0.0128744
-0.00392446
0.000803142
0.0027139
0.00513353
0.00286056
-0.00748991
-0.0214723
-0.0444378
-0.0823723
-0.12504
-0.142014
-0.12217
-0.0849639
-0.0542234
-0.03687
-0.0232206
-0.0131845
-0.00266819
0.000347141
0.000464973
-0.010623
-0.0299252
-0.0402809
-0.0525063
-0.0580993
-0.0536951
-0.0381057
-0.0162153
-0.0111968
-0.00524318
-0.0103758
-0.0117796
-0.0250221
-0.0400857
-0.0380188
-0.0265548
-0.0180233
5.03833e-05
-0.00280414
-0.24139
-0.213781
-0.184065
-0.15039
-0.111113
-0.0708423
-0.0353525
-0.00952504
0.00327724
0.00203129
-0.0153783
-0.0466652
-0.0792011
-0.098503
-0.100816
-0.0903765
-0.0737445
-0.0556298
-0.0380545
-0.0232868
-0.0115246
-0.00291109
0.00168566
0.00360148
0.00581154
0.00345929
-0.00671577
-0.0202223
-0.0424748
-0.0796115
-0.121679
-0.138617
-0.119143
-0.0826875
-0.0525096
-0.0354945
-0.0221811
-0.0125145
-0.002487
0.000273928
0.00066973
-0.0104285
-0.0300763
-0.0404237
-0.0524342
-0.0578112
-0.0531562
-0.03748
-0.0156559
-0.0107285
-0.00488918
-0.0100077
-0.0112239
-0.0245329
-0.0399909
-0.0377856
-0.0261876
-0.0176901
2.36208e-05
-0.00277704
-0.23036
-0.204707
-0.176801
-0.145578
-0.109202
-0.071801
-0.0387051
-0.0143421
-0.00188494
-0.00233652
-0.0172798
-0.0445602
-0.0732172
-0.0906277
-0.0931074
-0.0839571
-0.0688621
-0.0520999
-0.0355784
-0.0214888
-0.0102007
-0.00191866
0.00254633
0.00447717
0.00648672
0.00403171
-0.00596519
-0.0189224
-0.0403323
-0.0765361
-0.117911
-0.134769
-0.115735
-0.0801728
-0.050677
-0.0340443
-0.0210878
-0.0118132
-0.00233624
0.000125044
0.000799562
-0.0102769
-0.0302444
-0.0405619
-0.0523007
-0.0574214
-0.0525096
-0.0367714
-0.0150644
-0.0102524
-0.00455303
-0.00963963
-0.0106455
-0.0239905
-0.0398261
-0.0374881
-0.0257678
-0.0173235
-1.43506e-05
-0.00275771
-0.2197
-0.19597
-0.169837
-0.140918
-0.107284
-0.0725975
-0.0417675
-0.0188132
-0.00670041
-0.00640354
-0.0190808
-0.0427134
-0.0678171
-0.0834248
-0.0859546
-0.0779144
-0.0642042
-0.0486909
-0.0331694
-0.0197357
-0.00890303
-0.000944604
0.00339176
0.00534825
0.00717015
0.0045853
-0.00523147
-0.0175603
-0.0379953
-0.0731347
-0.113735
-0.130469
-0.111946
-0.077419
-0.0487257
-0.0325198
-0.0199397
-0.0110775
-0.0022143
-0.000102445
0.000849813
-0.0101697
-0.0304263
-0.0406926
-0.0521007
-0.0569227
-0.051748
-0.0359746
-0.0144382
-0.00976696
-0.0042333
-0.00926945
-0.0100425
-0.0233907
-0.0395851
-0.0371216
-0.0252919
-0.0169207
-6.229e-05
-0.00274564
-0.209419
-0.18755
-0.163152
-0.136399
-0.105349
-0.0732251
-0.0445353
-0.0229318
-0.0111649
-0.0101739
-0.0207854
-0.0411149
-0.0629763
-0.0768675
-0.0793412
-0.072243
-0.0597725
-0.0454075
-0.0308305
-0.0180296
-0.00763192
1.35628e-05
0.0042285
0.00622222
0.00787409
0.00513028
-0.00450415
-0.0161207
-0.0354469
-0.0693981
-0.10915
-0.125719
-0.107779
-0.0744276
-0.0466567
-0.0309221
-0.0187361
-0.0103039
-0.00211869
-0.00041063
0.000816506
-0.0101079
-0.0306175
-0.0408115
-0.0518283
-0.0563072
-0.0508641
-0.0350839
-0.0137745
-0.00927027
-0.00392798
-0.00889456
-0.00941261
-0.0227291
-0.039262
-0.0366812
-0.0247563
-0.0164784
-0.000118615
-0.00274008
-0.199517
-0.179623
-0.156732
-0.132009
-0.10339
-0.0736799
-0.0470086
-0.026697
-0.0152785
-0.013653
-0.0223928
-0.0397445
-0.0586573
-0.0709186
-0.0732442
-0.0669338
-0.0555667
-0.0422533
-0.0285641
-0.016372
-0.00638786
0.000958252
0.00506291
0.00710667
0.00861208
0.00568067
-0.00376745
-0.0145838
-0.032669
-0.0653196
-0.104163
-0.120527
-0.103243
-0.0712027
-0.0444715
-0.0292525
-0.0174762
-0.00948865
-0.00204583
-0.000800371
0.000696689
-0.0100906
-0.0308108
-0.0409127
-0.0514766
-0.0555672
-0.0498505
-0.034094
-0.0130703
-0.00876012
-0.00363442
-0.00851176
-0.00875313
-0.0220011
-0.0388504
-0.0361624
-0.0241577
-0.0159932
-0.000181367
-0.00274006
-0.189983
-0.17181
-0.150551
-0.127736
-0.101401
-0.0739607
-0.0491904
-0.0301118
-0.0190449
-0.0168469
-0.0238995
-0.0385764
-0.0548161
-0.0655357
-0.0676366
-0.0619753
-0.0515849
-0.0392307
-0.0263726
-0.014764
-0.00517138
0.00189176
0.00590098
0.00800914
0.00939898
0.00625539
-0.00299835
-0.0129246
-0.0296414
-0.060896
-0.0987836
-0.114905
-0.098351
-0.0677513
-0.042173
-0.0275127
-0.0161597
-0.00862769
-0.00199077
-0.00127082
0.000488874
-0.0101156
-0.030997
-0.0409879
-0.0510379
-0.0546947
-0.0487004
-0.0329993
-0.0123225
-0.00823388
-0.00334927
-0.00811731
-0.00806125
-0.0212022
-0.0383444
-0.0355606
-0.0234926
-0.0154614
-0.000248178
-0.00274436
-0.180815
-0.164288
-0.144594
-0.123573
-0.0993782
-0.0740699
-0.0510868
-0.0331825
-0.0224703
-0.0197622
-0.0253004
-0.0375827
-0.0514064
-0.0606737
-0.0624893
-0.0573542
-0.0478237
-0.0363417
-0.0242576
-0.0132065
-0.00398313
0.00281622
0.00674821
0.00893695
0.0102508
0.00687938
-0.00216443
-0.0111107
-0.0263425
-0.0561285
-0.0930279
-0.108871
-0.0931216
-0.0640834
-0.0397648
-0.0257049
-0.0147864
-0.00771665
-0.00194693
-0.00181883
0.000193572
-0.0101782
-0.0311632
-0.0410265
-0.0505031
-0.0536816
-0.0474069
-0.0317946
-0.0115277
-0.00768849
-0.00306842
-0.00770678
-0.00733384
-0.0203281
-0.0377379
-0.0348712
-0.0227576
-0.0148792
-0.000316241
-0.00275146
-0.172008
-0.157045
-0.138858
-0.119513
-0.0973196
-0.0740103
-0.0527061
-0.0359177
-0.0255629
-0.0224064
-0.0265909
-0.0367358
-0.0483819
-0.056288
-0.0577727
-0.0530565
-0.0442786
-0.0335869
-0.0222207
-0.0116998
-0.00282378
0.00373356
0.00760939
0.00989701
0.0111845
0.00758462
-0.00122179
-0.00910139
-0.0227494
-0.0510236
-0.0869174
-0.10245
-0.0875789
-0.0602127
-0.0372517
-0.0238316
-0.0133563
-0.00675089
-0.00190581
-0.00243815
-0.000186062
-0.0102706
-0.031293
-0.0410141
-0.0498617
-0.0525199
-0.0459639
-0.0304747
-0.0106821
-0.00712045
-0.00278697
-0.00727513
-0.00656752
-0.0193745
-0.0370253
-0.0340901
-0.0219496
-0.0142427
-0.000382277
-0.00275956
-0.163557
-0.150067
-0.133317
-0.11555
-0.095221
-0.0737866
-0.0540578
-0.0383282
-0.0283326
-0.0247874
-0.0277671
-0.03601
-0.0456985
-0.0523352
-0.053457
-0.0490669
-0.0409443
-0.0309665
-0.0202632
-0.0102442
-0.00169407
0.00464536
0.00848844
0.0108956
0.012217
0.00841076
-0.000113483
-0.00684662
-0.0188388
-0.0455951
-0.0804791
-0.0956739
-0.0817536
-0.0561561
-0.0346397
-0.0218955
-0.01187
-0.00572553
-0.00185668
-0.00311916
-0.000643486
-0.0103815
-0.0313656
-0.0409331
-0.0491019
-0.0512018
-0.0443659
-0.0290348
-0.00978206
-0.00652577
-0.00249918
-0.00681663
-0.00575868
-0.0183372
-0.0362011
-0.0332132
-0.0210657
-0.0135476
-0.000442518
-0.00276653
-0.155455
-0.143346
-0.127966
-0.111678
-0.0930892
-0.0734047
-0.0551527
-0.0404261
-0.0307908
-0.0269141
-0.0288264
-0.0353842
-0.0433156
-0.0487745
-0.0495131
-0.0453702
-0.0378147
-0.0284795
-0.018386
-0.00883951
-0.000594675
0.00555278
0.00938823
0.0119381
0.0133641
0.00940493
0.00123107
-0.00428691
-0.0145886
-0.0398652
-0.0737455
-0.0885816
-0.0756823
-0.051934
-0.0319356
-0.0198999
-0.0103279
-0.00463552
-0.00178624
-0.0038482
-0.00116807
-0.010495
-0.031355
-0.0407616
-0.0482103
-0.0497199
-0.0426085
-0.0274708
-0.00882345
-0.00589994
-0.00219847
-0.00632483
-0.00490352
-0.0172127
-0.0352606
-0.032237
-0.0201032
-0.0127898
-0.000492687
-0.00276987
-0.147693
-0.136873
-0.122798
-0.107892
-0.0909226
-0.0728716
-0.0560026
-0.0422249
-0.0329499
-0.0287961
-0.0297673
-0.0348334
-0.0411963
-0.0455677
-0.0459131
-0.0419509
-0.0348832
-0.0261247
-0.0165897
-0.00748572
0.000473767
0.00645637
0.0103104
0.0130287
0.0146388
0.0106204
0.00289465
-0.00135519
-0.00998106
-0.0338669
-0.0667561
-0.0812133
-0.0694074
-0.0475706
-0.0291478
-0.0178484
-0.00873104
-0.00347574
-0.00167836
-0.00460633
-0.00174433
-0.0105902
-0.0312303
-0.040473
-0.0471721
-0.0480675
-0.0406882
-0.0257788
-0.00780218
-0.00523796
-0.00187732
-0.00579262
-0.00399807
-0.0159977
-0.0341993
-0.0311584
-0.0190599
-0.0119649
-0.000527998
-0.00276677
-0.140263
-0.130641
-0.117803
-0.104189
-0.0887238
-0.0721951
-0.0566201
-0.0437392
-0.0348235
-0.0304438
-0.0305898
-0.0343405
-0.0393069
-0.0426795
-0.0426302
-0.0387933
-0.0321427
-0.0238996
-0.0148747
-0.0061826
0.00151074
0.00735594
0.0112551
0.0141697
0.0160488
0.0121127
0.00496782
0.00201882
-0.00500682
-0.027646
-0.0595581
-0.0736258
-0.0629754
-0.0430931
-0.0262856
-0.0157446
-0.00708064
-0.00224108
-0.00151419
-0.00536862
-0.00235087
-0.0106406
-0.0309548
-0.0400367
-0.0459711
-0.0462388
-0.0386034
-0.0239562
-0.00671407
-0.00453429
-0.0015273
-0.00521215
-0.0030383
-0.0146895
-0.0330139
-0.0299747
-0.0179342
-0.0110687
-0.000543157
-0.00275402
-0.133157
-0.124643
-0.112975
-0.100568
-0.0864962
-0.0713839
-0.0570185
-0.0449844
-0.036426
-0.0318681
-0.0312956
-0.0338908
-0.0376173
-0.0400777
-0.0396391
-0.0358819
-0.0295857
-0.0218017
-0.013241
-0.00492999
0.00251583
0.00825048
0.0122212
0.0153609
0.0175951
0.0139327
0.00754015
0.00590041
0.000328235
-0.021262
-0.0522045
-0.06588
-0.0564396
-0.0385323
-0.0233597
-0.0135927
-0.0053783
-0.000926721
-0.00127214
-0.00610409
-0.00295946
-0.0106131
-0.0304868
-0.0394175
-0.0445902
-0.0442293
-0.0363538
-0.0220013
-0.00555493
-0.00378288
-0.00113906
-0.00457495
-0.00202017
-0.0132865
-0.0317018
-0.0286841
-0.0167248
-0.010097
-0.000532395
-0.00272805
-0.126366
-0.118874
-0.108308
-0.0970269
-0.0842444
-0.0704475
-0.0572116
-0.0459764
-0.0377723
-0.0330807
-0.031887
-0.0334713
-0.036101
-0.0377325
-0.0369158
-0.0332016
-0.0272045
-0.0198277
-0.0116883
-0.00372777
0.00348873
0.00913808
0.0132058
0.0165993
0.0192697
0.0161174
0.0106862
0.010337
0.00599483
-0.0147897
-0.0447549
-0.0580418
-0.0498574
-0.0339213
-0.0203818
-0.0113973
-0.003626
0.000471672
-0.000927721
-0.00677537
-0.00353474
-0.0104685
-0.0297798
-0.0385767
-0.0430119
-0.0420361
-0.0339416
-0.0199135
-0.0043207
-0.00297718
-0.000702352
-0.00387187
-0.000939731
-0.0117876
-0.0302615
-0.0272855
-0.0154312
-0.00904598
-0.000489508
-0.00268494
-0.119882
-0.113328
-0.103796
-0.0935641
-0.0819732
-0.0693959
-0.0572139
-0.0467317
-0.038878
-0.0340934
-0.0323675
-0.0330716
-0.0347347
-0.0356169
-0.0344377
-0.0307373
-0.0249913
-0.017974
-0.0102159
-0.00257595
0.00442914
0.010016
0.0142043
0.0178778
0.0210545
0.0186802
0.0144472
0.0153399
0.0119307
-0.00831758
-0.0372764
-0.0501841
-0.0432886
-0.0292953
-0.0173648
-0.00916313
-0.00182618
0.00195759
-0.000453934
-0.00733807
-0.00403395
-0.0101611
-0.0287845
-0.0374735
-0.0412188
-0.0396583
-0.031371
-0.017694
-0.00300751
-0.0021102
-0.000206002
-0.00309321
0.000206754
-0.0101932
-0.0286928
-0.0257785
-0.0140537
-0.007912
-0.000407956
-0.00262045
-0.113694
-0.108
-0.0994366
-0.0901797
-0.0796881
-0.0682398
-0.0570398
-0.0472671
-0.039759
-0.0349184
-0.032741
-0.0326827
-0.0334976
-0.0337063
-0.0321837
-0.0284744
-0.0229379
-0.0162367
-0.008823
-0.00147465
0.00533669
0.0108809
0.0152106
0.019185
0.0229207
0.0215977
0.0188094
0.0208628
0.0180318
-0.00194466
-0.0298418
-0.0423828
-0.036794
-0.0246909
-0.0143227
-0.00689558
1.82152e-05
0.00353335
0.000177675
-0.00774131
-0.00440647
-0.00963989
-0.0274501
-0.0360663
-0.039195
-0.0370977
-0.028649
-0.0153458
-0.00161184
-0.00117454
0.000361967
-0.00222879
0.00142265
-0.0085047
-0.026997
-0.0241639
-0.0125935
-0.00669202
-0.000280966
-0.00253002
-0.107795
-0.102886
-0.0952252
-0.086874
-0.077395
-0.0669901
-0.0567042
-0.0475994
-0.0404314
-0.0355685
-0.0330126
-0.0322977
-0.0323718
-0.0319785
-0.0301339
-0.0263987
-0.0210362
-0.0146117
-0.00750817
-0.000424102
0.00621085
0.0117289
0.0162164
0.0205052
0.0248301
0.0248009
0.0236805
0.0267796
0.0241473
0.00422641
-0.0225269
-0.034716
-0.0304336
-0.0201449
-0.0112704
-0.00460052
0.00190362
0.00519966
0.000996072
-0.00792812
-0.00459433
-0.00884933
-0.0257275
-0.0343156
-0.0369273
-0.034359
-0.0257854
-0.0128737
-0.000130758
-0.000162555
0.00101427
-0.00126808
0.0027108
-0.00672506
-0.025177
-0.0224436
-0.0110527
-0.00538359
-0.000101683
-0.00240889
-0.102175
-0.09798
-0.0911592
-0.0836478
-0.0751004
-0.0656579
-0.0562219
-0.0477457
-0.0409111
-0.0360558
-0.0331875
-0.0319112
-0.0313414
-0.0304131
-0.0282701
-0.0244968
-0.0192781
-0.0130948
-0.00626988
0.00057538
0.00705084
0.0125557
0.0172122
0.0218188
0.0267365
0.0281745
0.0288729
0.0328707
0.0300833
0.0100994
-0.0154076
-0.0272612
-0.0242649
-0.015693
-0.00822337
-0.00228445
0.0038258
0.00695515
0.00202942
-0.00783683
-0.00453372
-0.00773195
-0.0235728
-0.0321867
-0.0344066
-0.0314502
-0.0227928
-0.0102848
0.00143798
0.000933548
0.00176421
-0.000200373
0.00407327
-0.00485887
-0.0232374
-0.0206204
-0.00943453
-0.00398514
0.00013663
-0.0022521
-0.0968257
-0.0932791
-0.0872366
-0.0805023
-0.0728107
-0.0642547
-0.0556079
-0.0477228
-0.0412143
-0.0363927
-0.0332715
-0.031519
-0.0303928
-0.0289922
-0.0265751
-0.0227555
-0.0176553
-0.0116816
-0.00510633
0.00152351
0.00785553
0.013357
0.0181869
0.0231042
0.0285887
0.0315613
0.0341081
0.0388318
0.0356214
0.0155955
-0.00855694
-0.020093
-0.0183408
-0.0113693
-0.00519789
4.53759e-05
0.00577971
0.00879587
0.00330314
-0.00740408
-0.00415721
-0.00623125
-0.0209512
-0.0296532
-0.031629
-0.0283834
-0.019687
-0.00758889
0.00309559
0.00212145
0.00262541
0.000984911
0.00551116
-0.00291248
-0.0211843
-0.0186986
-0.00774321
-0.00249614
0.000440378
-0.00205465
-0.0917393
-0.0887791
-0.0834555
-0.0774393
-0.0705327
-0.0627918
-0.0548768
-0.047547
-0.0413571
-0.0365888
-0.0332703
-0.0311179
-0.0295142
-0.0276993
-0.0250333
-0.0211626
-0.0161598
-0.0103679
-0.00401559
0.00242007
0.00862347
0.0141283
0.0191285
0.0243387
0.0303365
0.0347851
0.0390516
0.0443142
0.0405519
0.0206597
-0.00204542
-0.0132818
-0.0127079
-0.00720422
-0.00221024
0.0023809
0.00775938
0.0107149
0.00483756
-0.00656799
-0.00339717
-0.00429572
-0.0178419
-0.0267008
-0.0285975
-0.0251739
-0.0164866
-0.00479816
0.00484207
0.0034084
0.00361146
0.00229788
0.00702424
-0.000894142
-0.0190258
-0.0166836
-0.00598432
-0.000917504
0.000815438
-0.0018116
-0.0869073
-0.0844762
-0.0798149
-0.0744606
-0.068273
-0.0612805
-0.0540433
-0.0472347
-0.0413553
-0.0366626
-0.0331907
-0.030706
-0.0286955
-0.0265199
-0.02363
-0.0197062
-0.0147836
-0.00914919
-0.0029956
0.00326501
0.00935295
0.0148652
0.0200253
0.0255003
0.0319352
0.0376822
0.0433833
0.048997
0.0447146
0.0252572
0.00405807
-0.00689084
-0.00740461
-0.00322401
0.00072336
0.00471318
0.00975781
0.0127018
0.00664508
-0.00527267
-0.00219044
-0.00188382
-0.0142423
-0.0233312
-0.0253238
-0.0218413
-0.0132131
-0.00192755
0.00667583
0.00480087
0.00473538
0.00374767
0.00861068
0.00118591
-0.0167715
-0.0145822
-0.00416468
0.000748143
0.00126684
-0.00151825
-0.0823221
-0.0803668
-0.0763139
-0.0715686
-0.0660387
-0.059732
-0.0531215
-0.0468019
-0.0412242
-0.0366233
-0.0330394
-0.0302823
-0.0279282
-0.0254411
-0.022352
-0.0183756
-0.013519
-0.00802101
-0.00204427
0.00405841
0.0100421
0.0155632
0.0208661
0.0265688
0.0333468
0.0401326
0.0468738
0.0526626
0.0480268
0.0293612
0.00968611
-0.000973352
-0.00245967
0.000550534
0.0035872
0.00703246
0.0117668
0.0147426
0.00872717
-0.00347434
-0.000483941
0.00103046
-0.0101727
-0.0195646
-0.0218291
-0.018409
-0.00989021
0.00100529
0.00859336
0.00630394
0.00600882
0.00534175
0.0102667
0.00331543
-0.0144324
-0.0124026
-0.0022924
0.00249613
0.00179846
-0.00117034
-0.0779761
-0.0764476
-0.0729518
-0.0687657
-0.0638364
-0.0581574
-0.0521255
-0.0462637
-0.0409784
-0.036483
-0.0328232
-0.0298466
-0.0272051
-0.0244514
-0.0211872
-0.0171603
-0.0123585
-0.00697895
-0.00115945
0.00480055
0.0106891
0.0162178
0.0216414
0.0275278
0.0345431
0.04187
0.0494238
0.0552367
0.0504868
0.032944
0.0147777
0.0044311
0.0021089
0.00410457
0.00636649
0.00932814
0.013777
0.01682
0.0110718
-0.00114741
0.00175848
0.0044517
-0.00567862
-0.015442
-0.018145
-0.0149042
-0.00654359
0.00398017
0.0105888
0.00792069
0.00744112
0.00708502
0.011986
0.00548016
-0.0120209
-0.010154
-0.000376963
0.00431942
0.00241282
-0.000764441
-0.0738624
-0.0727155
-0.0697285
-0.0660547
-0.0616731
-0.0565674
-0.0510689
-0.0456352
-0.0406311
-0.0362533
-0.032549
-0.0293991
-0.0265204
-0.0235409
-0.0201245
-0.0160508
-0.011295
-0.0060186
-0.00033896
0.00549181
0.0112925
0.016825
0.0223437
0.0283656
0.0355191
0.0432577
0.0510777
0.0567811
0.0521553
0.0359801
0.0192881
0.00930075
0.00629404
0.00742925
0.00904763
0.011589
0.0157775
0.0189131
0.0136509
0.00170874
0.00454911
0.00835745
-0.000833227
-0.0110265
-0.0143123
-0.0113564
-0.00320015
0.00697452
0.0126538
0.00965136
0.00903826
0.0089788
0.01376
0.00766381
-0.00954997
-0.00784711
0.00157088
0.0062083
0.00311062
-0.000298204
-0.0699743
-0.0691675
-0.0666439
-0.0634385
-0.0595553
-0.0549725
-0.0499649
-0.0449312
-0.040197
-0.0359451
-0.0322236
-0.0289411
-0.0258693
-0.0227008
-0.0191541
-0.0150383
-0.0103218
-0.00513562
0.000419419
0.00613276
0.0118508
0.017381
0.0229676
0.0290757
0.0362716
0.044162
0.0519612
0.057446
0.0531306
0.0384594
0.0231996
0.0136338
0.0100988
0.0105212
0.0116186
0.0138033
0.0177565
0.0209987
0.0164197
0.00506343
0.00787069
0.0126938
0.00426394
-0.00640201
-0.0103789
-0.00779685
0.000112635
0.00996375
0.0147768
0.0114924
0.0108143
0.0110196
0.0155769
0.00984841
-0.00703344
-0.00549388
0.00353905
0.00815019
0.00389015
0.000229218
-0.0663056
-0.0658009
-0.0636983
-0.06092
-0.0574898
-0.0533829
-0.0488264
-0.0441655
-0.0396904
-0.0355699
-0.0318542
-0.0284741
-0.025248
-0.0219236
-0.018267
-0.0141147
-0.00943235
-0.00432573
0.00111795
0.00672407
0.0123633
0.0178831
0.0235102
0.0296566
0.0368085
0.0446495
0.0522334
0.0574174
0.0535288
0.0403991
0.0265243
0.0174479
0.0135344
0.0133819
0.014069
0.0159591
0.0197008
0.0230519
0.0193166
0.00884972
0.0116719
0.0173731
0.00949048
-0.0016698
-0.00639317
-0.00425713
0.00336751
0.0129215
0.0169433
0.0134351
0.0127378
0.0131975
0.0174226
0.0120147
-0.00448561
-0.00310781
0.00551424
0.0101295
0.00474749
0.000816756
-0.0628506
-0.0626134
-0.0608919
-0.0585023
-0.0554829
-0.0518085
-0.0476655
-0.0433514
-0.0391241
-0.0351389
-0.0314478
-0.0280003
-0.0246539
-0.0212029
-0.0174554
-0.0132724
-0.00862068
-0.00358479
0.00175893
0.0072666
0.0128297
0.0183298
0.0239705
0.0301112
0.0371474
0.0447969
0.0520468
0.0568777
0.0534697
0.0418453
0.0293004
0.0207761
0.0166179
0.016016
0.0163907
0.0180445
0.0215965
0.0250473
0.0222664
0.012965
0.0158652
0.0222754
0.0147079
0.00305922
-0.00240728
-0.000769755
0.00653808
0.0158202
0.0191356
0.0154657
0.0148022
0.0154952
0.0192802
0.0141426
-0.00192166
-0.000703956
0.00748202
0.0121272
0.00567613
0.00146118
-0.0596042
-0.0596029
-0.0582255
-0.0561888
-0.0535412
-0.0502588
-0.046494
-0.0425018
-0.0385107
-0.0346627
-0.0310116
-0.0275221
-0.0240848
-0.0205334
-0.0167123
-0.0125049
-0.00788121
-0.00290876
0.00234475
0.00776143
0.0132499
0.0187204
0.02435
0.030446
0.0373119
0.044678
0.0515299
0.0559849
0.0530661
0.0428632
0.0315824
0.0236608
0.0193694
0.0184308
0.0185771
0.020048
0.0234294
0.0269607
0.0251839
0.0172743
0.0203275
0.0272521
0.0197721
0.00767318
0.00149218
0.00263311
0.00959952
0.0186318
0.0213324
0.0175638
0.0169815
0.0178872
0.0211315
0.0162119
0.000642191
0.00170094
0.00942707
0.0141213
0.00666601
0.00215683
-0.0565615
-0.0567674
-0.0556999
-0.0539826
-0.0516708
-0.048743
-0.0453232
-0.041629
-0.0378619
-0.0341514
-0.0305524
-0.0270426
-0.0235396
-0.0199106
-0.0160316
-0.0118059
-0.00720873
-0.00229379
0.00287781
0.00820981
0.0136247
0.0190556
0.0246519
0.0306703
0.037328
0.0443576
0.0507851
0.0548662
0.0524166
0.0435252
0.0334303
0.0261491
0.0218097
0.0206351
0.0206239
0.0219587
0.0251856
0.02877
0.027982
0.0216166
0.0249034
0.032133
0.0245459
0.012071
0.00526268
0.00592215
0.0125292
0.0213284
0.0235096
0.0197029
0.0192382
0.0203395
0.0229575
0.0182028
0.00318826
0.00408823
0.0113334
0.0160871
0.00770393
0.00289499
-0.0537185
-0.0541057
-0.0533162
-0.0518873
-0.0498779
-0.04727
-0.0441641
-0.0407449
-0.0371892
-0.0336149
-0.0300775
-0.0265648
-0.0230176
-0.019331
-0.0154081
-0.0111702
-0.00659849
-0.0017362
0.00336058
0.00861329
0.0139553
0.0193372
0.0248812
0.0307959
0.0372217
0.0438904
0.0498915
0.053619
0.0516035
0.0439016
0.034901
0.028283
0.0239598
0.0226386
0.0225285
0.023767
0.0268524
0.0304569
0.0305808
0.02582
0.0294074
0.0367347
0.0289146
0.0161735
0.00886032
0.00907113
0.0153069
0.0238834
0.0256405
0.0218508
0.0215254
0.0228103
0.0247397
0.0200969
0.00569642
0.00643731
0.0131848
0.0179979
0.00877354
0.00366385
-0.0510718
-0.0516168
-0.0510758
-0.0499064
-0.0481686
-0.0458484
-0.0430271
-0.0398607
-0.0365034
-0.0330627
-0.0295936
-0.0260925
-0.0225191
-0.0187918
-0.0148374
-0.0105928
-0.00604615
-0.00123249
0.00379554
0.00897364
0.0142433
0.019568
0.0250441
0.0308357
0.0370182
0.0433217
0.0489106
0.0523162
0.0506924
0.044056
0.0360452
0.0294355
0.0258376
0.0244518
0.0242897
0.0254642
0.0284188
0.0320086
0.0329171
0.0297187
0.0336377
0.0408758
0.0327972
0.0199314
0.0122502
0.0120569
0.0179154
0.0262721
0.0276968
0.0239703
0.0237899
0.0252523
0.0264607
0.0218781
0.00814365
0.00872576
0.014965
0.0198253
0.00985526
0.00444866
-0.0486184
-0.0493001
-0.0489803
-0.0480436
-0.046549
-0.0444866
-0.0419223
-0.0389873
-0.0358154
-0.032504
-0.0291076
-0.0256294
-0.0220445
-0.0182909
-0.0143158
-0.0100696
-0.00554778
-0.000779367
0.0041852
0.00929287
0.0144909
0.0197518
0.0251479
0.0308028
0.036741
0.0426886
0.04789
0.051011
0.049735
0.044044
0.0369487
0.0310041
0.0274965
0.0260855
0.0259078
0.0270434
0.0298752
0.0334175
0.0349533
0.0331806
0.0374033
0.0444012
0.0361526
0.0233239
0.0154066
0.0148596
0.0203405
0.0284734
0.0296496
0.0260223
0.0259773
0.0276155
0.0281044
0.0235326
0.0105041
0.0109299
0.0166582
0.0215408
0.0109271
0.00523189
-0.0463563
-0.0471556
-0.0470318
-0.0463029
-0.0450252
-0.0431927
-0.0408594
-0.0381348
-0.0351351
-0.0319478
-0.0286264
-0.0251795
-0.021595
-0.0178271
-0.0138403
-0.00959696
-0.00509986
-0.000373763
0.00453207
0.00957321
0.0147007
0.0198929
0.0252004
0.030711
0.0364111
0.0420214
0.0468665
0.0497419
0.048771
0.0439117
0.0376503
0.0323101
0.0289506
0.0275499
0.0273837
0.028499
0.0312139
0.0346796
0.0366757
0.036132
0.0405634
0.0472123
0.0389782
0.0263511
0.0183103
0.0174616
0.0225708
0.0304705
0.0314715
0.0279677
0.0280376
0.0298514
0.0296562
0.0250495
0.0127499
0.0130256
0.0182499
0.0231172
0.0119654
0.00599382
-0.044284
-0.0451838
-0.0452328
-0.0446885
-0.0436031
-0.0419748
-0.0398478
-0.0373122
-0.0344722
-0.0314028
-0.0281567
-0.0247469
-0.0211721
-0.0173995
-0.0134086
-0.0091719
-0.00469931
-1.28312e-05
0.00483862
0.00981704
0.0148757
0.0199962
0.0252101
0.0305742
0.036047
0.0413446
0.0458685
0.0485362
0.0478307
0.0436965
0.0381847
0.0333857
0.0302153
0.0288542
0.028719
0.0298273
0.0324298
0.0357949
0.0380904
0.0385577
0.0430548
0.049291
0.0412994
0.0290211
0.0209465
0.0198485
0.0245984
0.0322521
0.0331374
0.0297706
0.029929
0.031916
0.0311026
0.0264209
0.014853
0.0149895
0.0197267
0.0245303
0.0129456
0.0067137
-0.0424011
-0.0433862
-0.0435862
-0.0432049
-0.0422891
-0.0408407
-0.0388969
-0.0365322
-0.0338367
-0.0308774
-0.0277052
-0.0243362
-0.0207777
-0.0170081
-0.013019
-0.0087919
-0.00434344
0.000306024
0.00510725
0.0100269
0.0150192
0.020067
0.0251856
0.030405
0.0356648
0.0406786
0.0449183
0.0474135
0.046937
0.0434291
0.0385825
0.0342664
0.0313063
0.0300068
0.0299156
0.031026
0.0335197
0.0367663
0.0392199
0.0404928
0.044902
0.0506995
0.0431587
0.031343
0.0233041
0.0220086
0.0264185
0.0338131
0.0346273
0.0314005
0.0316205
0.0337734
0.0324314
0.0276421
0.0167882
0.0168005
0.0210775
0.025761
0.0138444
0.00737139
-0.040708
-0.0417646
-0.0420957
-0.0418569
-0.0410894
-0.0397984
-0.0380157
-0.035803
-0.0332378
-0.0303799
-0.0272784
-0.0239518
-0.0204143
-0.016653
-0.0126703
-0.00845501
-0.00402998
0.000585129
0.00534028
0.0102053
0.0151345
0.0201108
0.0251355
0.0302156
0.0352653
0.0400408
0.0440333
0.0463874
0.0461068
0.0431345
0.0388704
0.0349834
0.032239
0.0310158
0.0309759
0.032094
0.0344832
0.0375996
0.0400946
0.0413066
0.0461923
0.0515565
0.0446069
0.0333256
0.0253758
0.0239336
0.0280297
0.035155
0.0359281
0.0328349
0.0330915
0.0353978
0.0336317
0.0287111
0.0185342
0.0184411
0.0222935
0.0267976
0.0146421
0.00794945
-0.0392061
-0.040322
-0.0407654
-0.0406501
-0.0400109
-0.0388558
-0.037213
-0.0351336
-0.0326843
-0.0299183
-0.0268829
-0.0235984
-0.0200843
-0.0163352
-0.0123619
-0.00815978
-0.00375708
0.000826516
0.00553989
0.0103549
0.0152252
0.0201329
0.0250682
0.0300189
0.0348938
0.039447
0.0432272
0.0454678
0.0453533
0.0428332
0.039072
0.0355624
0.0330273
0.031888
0.0319021
0.0330312
0.0353213
0.0383034
0.0407829
0.0424168
0.0470734
0.0520021
0.0456997
0.0349816
0.0271585
0.0256192
0.0294329
0.036285
0.0370343
0.0340604
0.0343316
0.0367747
0.0346946
0.0296294
0.0200759
0.0198974
0.0233682
0.0276375
0.0153249
0.0084356
-0.037898
-0.0390624
-0.0396005
-0.0395903
-0.0390603
-0.038021
-0.0364976
-0.0345331
-0.0321849
-0.0295005
-0.0265253
-0.0232807
-0.0197908
-0.016056
-0.0120939
-0.00790529
-0.00352335
0.00103189
0.00570803
0.0104782
0.0152949
0.020139
0.0249915
0.0298254
0.034547
0.0389097
0.0425111
0.044662
0.0446864
0.0425422
0.0392073
0.0360242
0.0336836
0.0326296
0.0326965
0.0338379
0.0360366
0.038887
0.0413156
0.0432441
0.0476573
0.052168
0.0464957
0.0363312
0.0286408
0.0270644
0.0306312
0.0372148
0.0379483
0.0350739
0.0353409
0.0379021
0.0356145
0.0304012
0.0214041
0.0211594
0.0242971
0.0282875
0.015887
0.00882465
-0.0367876
-0.0379906
-0.0386069
-0.0386843
-0.0382453
-0.0373021
-0.0358784
-0.0340104
-0.0317482
-0.0291341
-0.0262118
-0.0230036
-0.019537
-0.0158169
-0.0118665
-0.00769109
-0.00332781
0.00120259
0.00584642
0.0105774
0.0153468
0.0201341
0.024913
0.029645
0.0342356
0.0384396
0.0418944
0.0439757
0.0441141
0.0422756
0.0392938
0.0363849
0.0342178
0.0332455
0.0333608
0.0345144
0.036632
0.039359
0.0417195
0.0438469
0.0480345
0.0521632
0.0470535
0.0374027
0.0298875
0.028271
0.0316286
0.0379587
0.0386795
0.0358822
0.0361296
0.0387896
0.0363879
0.0310322
0.0225141
0.0222209
0.0250778
0.0287637
0.0163305
0.00911905
-0.0358804
-0.0371133
-0.0377918
-0.0379397
-0.0375738
-0.0367078
-0.0353642
-0.0335745
-0.0313825
-0.0288267
-0.0259488
-0.022772
-0.0193263
-0.01562
-0.0116808
-0.00751729
-0.00317
0.00133953
0.00595644
0.0106546
0.0153842
0.020123
0.0248397
0.0294866
0.0339696
0.0380465
0.0413851
0.0434143
0.043643
0.0420453
0.0393457
0.0366584
0.0346384
0.033739
0.0338962
0.0350608
0.0371097
0.0397279
0.0420177
0.0442745
0.0482708
0.0520702
0.0474281
0.0382249
0.0308772
0.0292404
0.0324287
0.038532
0.0392417
0.0364993
0.036717
0.0394564
0.0370131
0.0315287
0.0234051
0.0230783
0.0257086
0.0290901
0.0166648
0.00932792
-0.0351833
-0.0364381
-0.0371635
-0.037365
-0.0370547
-0.036247
-0.0349642
-0.0332341
-0.0310962
-0.0285855
-0.0257425
-0.0225909
-0.0191624
-0.0154678
-0.0115381
-0.00738451
-0.00304998
0.00144314
0.00603904
0.0107114
0.0154097
0.0201101
0.0247776
0.029358
0.0337584
0.0377391
0.040991
0.042983
0.0432796
0.0418611
0.0393742
0.0368564
0.0349519
0.0341121
0.0343026
0.0354763
0.037471
0.0400005
0.0422279
0.0445649
0.0484126
0.0519494
0.0476669
0.0388231
0.0316183
0.0299738
0.033034
0.0389489
0.0396503
0.036943
0.0371285
0.0399277
0.0374891
0.0318964
0.0240774
0.0237295
0.0261886
0.0292946
0.0169029
0.00946471
-0.0347063
-0.0359753
-0.0367322
-0.0369701
-0.0366975
-0.0359294
-0.0346878
-0.0329982
-0.0308974
-0.0284179
-0.0255992
-0.0224652
-0.019049
-0.0153631
-0.0114404
-0.00729397
-0.00296837
0.00151326
0.00609465
0.0107491
0.0154256
0.0200989
0.0247321
0.0292665
0.0336102
0.037526
0.0407197
0.0426879
0.0430302
0.0417317
0.0393881
0.0369862
0.0351619
0.0343644
0.0345785
0.0357585
0.0377157
0.0401813
0.0423629
0.0447452
0.0484912
0.0518428
0.0478072
0.0392168
0.0321153
0.0304692
0.0334441
0.0392201
0.039919
0.037231
0.0373883
0.0402273
0.0378141
0.0321404
0.0245304
0.0241713
0.0265163
0.0294059
0.0170583
0.00954357
-0.0344596
-0.0357363
-0.0365093
-0.036766
-0.0365128
-0.035765
-0.0345445
-0.0328758
-0.0307941
-0.0283307
-0.0255246
-0.0224
-0.0189902
-0.0153091
-0.0113899
-0.00724752
-0.00292644
0.00154902
0.0061231
0.010768
0.0154333
0.0200924
0.0247078
0.0292182
0.0335326
0.037415
0.0405789
0.0425356
0.0429015
0.0416645
0.0393942
0.0370513
0.0352692
0.0344933
0.03472
0.0359029
0.0378411
0.0402722
0.0424304
0.044832
0.0485253
0.0517773
0.0478734
0.0394175
0.0323707
0.0307204
0.0336542
0.0393502
0.0400552
0.0373784
0.0375105
0.0403712
0.037982
0.0322653
0.0247613
0.0243967
0.0266872
0.0294487
0.0171409
0.00957594
-0.353737
-0.357668
-0.361557
-0.365414
-0.369248
-0.37307
-0.376891
-0.380722
-0.384575
-0.388465
-0.392407
-0.396419
-0.400524
-0.404745
-0.409114
-0.413666
-0.418445
-0.42351
-0.428939
-0.434853
-0.441466
-0.449277
-0.458957
-0.47471
-0.341539
-0.345428
-0.349276
-0.353093
-0.356889
-0.360675
-0.364461
-0.368262
-0.372091
-0.375965
-0.379905
-0.383935
-0.388083
-0.392384
-0.396883
-0.401635
-0.406713
-0.412214
-0.418268
-0.42506
-0.432796
-0.44188
-0.451609
-0.466542
-0.329704
-0.333569
-0.337398
-0.341199
-0.344983
-0.348761
-0.352543
-0.356344
-0.360178
-0.364062
-0.368015
-0.37206
-0.376223
-0.380536
-0.385034
-0.389763
-0.394775
-0.400129
-0.405889
-0.412132
-0.41886
-0.426385
-0.433726
-0.446263
-0.31812
-0.321945
-0.325737
-0.329503
-0.333252
-0.336994
-0.34074
-0.344499
-0.348286
-0.352113
-0.355997
-0.359954
-0.364006
-0.368173
-0.37248
-0.376957
-0.381632
-0.386541
-0.391722
-0.397244
-0.403123
-0.409804
-0.416345
-0.427423
-0.306713
-0.310476
-0.314206
-0.317911
-0.321597
-0.325274
-0.328949
-0.332632
-0.336334
-0.340065
-0.343838
-0.347668
-0.351569
-0.355561
-0.359662
-0.363897
-0.368294
-0.372893
-0.377733
-0.382899
-0.388385
-0.394561
-0.400444
-0.409864
-0.295513
-0.299198
-0.302851
-0.306479
-0.310087
-0.313682
-0.317273
-0.320866
-0.324471
-0.328097
-0.331755
-0.335456
-0.339215
-0.343047
-0.346969
-0.351003
-0.355172
-0.359507
-0.364031
-0.368798
-0.37376
-0.379213
-0.384331
-0.392257
-0.284547
-0.288143
-0.291709
-0.295248
-0.298767
-0.302272
-0.305768
-0.309263
-0.312763
-0.316278
-0.319815
-0.323385
-0.326997
-0.330665
-0.3344
-0.338219
-0.342135
-0.346166
-0.350325
-0.35465
-0.359104
-0.363938
-0.368513
-0.375258
-0.273823
-0.277323
-0.280791
-0.284234
-0.287655
-0.29106
-0.294454
-0.297841
-0.30123
-0.304625
-0.308033
-0.311463
-0.314922
-0.318419
-0.321963
-0.325565
-0.329235
-0.332987
-0.336833
-0.340805
-0.344875
-0.349231
-0.353383
-0.359139
-0.266745
-0.27011
-0.273449
-0.276765
-0.280064
-0.283348
-0.286623
-0.289893
-0.293165
-0.296442
-0.299731
-0.303039
-0.306371
-0.309736
-0.313142
-0.316597
-0.320113
-0.323696
-0.32737
-0.331108
-0.335045
-0.338828
-0.343781
-0.256416
-0.259674
-0.262904
-0.266112
-0.269299
-0.272471
-0.27563
-0.278781
-0.281927
-0.285074
-0.288225
-0.291387
-0.294564
-0.297762
-0.300988
-0.304247
-0.307546
-0.310891
-0.314296
-0.317743
-0.321329
-0.324813
-0.329137
-0.246344
-0.249489
-0.252609
-0.255704
-0.258779
-0.261836
-0.264878
-0.267908
-0.270931
-0.273949
-0.276966
-0.279987
-0.283014
-0.286054
-0.28911
-0.292186
-0.295289
-0.298421
-0.301594
-0.304797
-0.308095
-0.311329
-0.315158
-0.23653
-0.239562
-0.242568
-0.245551
-0.248511
-0.251453
-0.254378
-0.257288
-0.260188
-0.26308
-0.265966
-0.26885
-0.271735
-0.274625
-0.277523
-0.280433
-0.283359
-0.286303
-0.289275
-0.292266
-0.295319
-0.298335
-0.301771
-0.226977
-0.229895
-0.232788
-0.235656
-0.238502
-0.241329
-0.244137
-0.246929
-0.249709
-0.252476
-0.255236
-0.257989
-0.260739
-0.263488
-0.266239
-0.268995
-0.271759
-0.274534
-0.277325
-0.280127
-0.28297
-0.285794
-0.288915
-0.217687
-0.220491
-0.22327
-0.226024
-0.228757
-0.231469
-0.234162
-0.236838
-0.239499
-0.242146
-0.244783
-0.24741
-0.25003
-0.252646
-0.255259
-0.257872
-0.260487
-0.263107
-0.265734
-0.268369
-0.271028
-0.273679
-0.276542
-0.208661
-0.211351
-0.214017
-0.216658
-0.219278
-0.221877
-0.224456
-0.227018
-0.229563
-0.232093
-0.234611
-0.237117
-0.239613
-0.242102
-0.244585
-0.247063
-0.24954
-0.252017
-0.254496
-0.256978
-0.259474
-0.261967
-0.264615
-0.199899
-0.202476
-0.20503
-0.20756
-0.210068
-0.212555
-0.215023
-0.217472
-0.219904
-0.222321
-0.224723
-0.227112
-0.22949
-0.231857
-0.234216
-0.236569
-0.238916
-0.24126
-0.243603
-0.245944
-0.248292
-0.25064
-0.253103
-0.1914
-0.193866
-0.196309
-0.198729
-0.201128
-0.203505
-0.205864
-0.208203
-0.210525
-0.212831
-0.215121
-0.217397
-0.21966
-0.221912
-0.224154
-0.226386
-0.228612
-0.230831
-0.233045
-0.235257
-0.23747
-0.239682
-0.241983
-0.183164
-0.185521
-0.187855
-0.190167
-0.192458
-0.194729
-0.196979
-0.199212
-0.201426
-0.203624
-0.205806
-0.207973
-0.210126
-0.212266
-0.214395
-0.216514
-0.218623
-0.220724
-0.222819
-0.224908
-0.226996
-0.229081
-0.231237
-0.175189
-0.177439
-0.179666
-0.181873
-0.184058
-0.186224
-0.18837
-0.190498
-0.192608
-0.194701
-0.196778
-0.198839
-0.200886
-0.202919
-0.20494
-0.20695
-0.208948
-0.210938
-0.212919
-0.214893
-0.216862
-0.218829
-0.220852
-0.167472
-0.169617
-0.171742
-0.173845
-0.175928
-0.177991
-0.180036
-0.182062
-0.18407
-0.186062
-0.188036
-0.189996
-0.19194
-0.19387
-0.195787
-0.197692
-0.199585
-0.201468
-0.203341
-0.205205
-0.207063
-0.208917
-0.210817
-0.160011
-0.162055
-0.164078
-0.166081
-0.168065
-0.170029
-0.171975
-0.173902
-0.175812
-0.177705
-0.179581
-0.181442
-0.183287
-0.185118
-0.186935
-0.188739
-0.190531
-0.192312
-0.194082
-0.195842
-0.197595
-0.199341
-0.201126
-0.152804
-0.154749
-0.156674
-0.15858
-0.160467
-0.162335
-0.164184
-0.166016
-0.167831
-0.169629
-0.17141
-0.173175
-0.174925
-0.176661
-0.178382
-0.18009
-0.181785
-0.183468
-0.185139
-0.1868
-0.188452
-0.190096
-0.191773
-0.145846
-0.147695
-0.149526
-0.151338
-0.153131
-0.154906
-0.156663
-0.158403
-0.160125
-0.161831
-0.163521
-0.165195
-0.166853
-0.168496
-0.170126
-0.171741
-0.173343
-0.174932
-0.17651
-0.178076
-0.179632
-0.181179
-0.182752
-0.139133
-0.140891
-0.14263
-0.144351
-0.146054
-0.147739
-0.149407
-0.151058
-0.152692
-0.15431
-0.155911
-0.157497
-0.159067
-0.160622
-0.162163
-0.16369
-0.165203
-0.166703
-0.168191
-0.169667
-0.171132
-0.172586
-0.174059
-0.132663
-0.134332
-0.135983
-0.137617
-0.139233
-0.140832
-0.142414
-0.143979
-0.145528
-0.147061
-0.148578
-0.150079
-0.151565
-0.153036
-0.154492
-0.155934
-0.157362
-0.158777
-0.160179
-0.161569
-0.162947
-0.164314
-0.165693
-0.126431
-0.128015
-0.129581
-0.131131
-0.132664
-0.13418
-0.13568
-0.137163
-0.13863
-0.140081
-0.141517
-0.142937
-0.144342
-0.145732
-0.147108
-0.148469
-0.149817
-0.151151
-0.152471
-0.153779
-0.155075
-0.156359
-0.15765
-0.120432
-0.121934
-0.12342
-0.124889
-0.126342
-0.127779
-0.1292
-0.130604
-0.131993
-0.133367
-0.134725
-0.136068
-0.137396
-0.138709
-0.140008
-0.141292
-0.142562
-0.143819
-0.145063
-0.146293
-0.147511
-0.148716
-0.149924
-0.114663
-0.116087
-0.117495
-0.118887
-0.120264
-0.121624
-0.12297
-0.124299
-0.125614
-0.126913
-0.128197
-0.129466
-0.13072
-0.13196
-0.133186
-0.134397
-0.135595
-0.136778
-0.137948
-0.139105
-0.14025
-0.141381
-0.142511
-0.109118
-0.110467
-0.111802
-0.11312
-0.114424
-0.115712
-0.116985
-0.118243
-0.119486
-0.120715
-0.121928
-0.123127
-0.124312
-0.125482
-0.126638
-0.12778
-0.128908
-0.130022
-0.131124
-0.132211
-0.133286
-0.134348
-0.135405
-0.103793
-0.105071
-0.106335
-0.107584
-0.108818
-0.110037
-0.111241
-0.112431
-0.113607
-0.114768
-0.115914
-0.117046
-0.118164
-0.119268
-0.120359
-0.121435
-0.122497
-0.123546
-0.124582
-0.125605
-0.126614
-0.127611
-0.128599
-0.098683
-0.0998939
-0.10109
-0.102273
-0.103441
-0.104594
-0.105733
-0.106859
-0.10797
-0.109066
-0.110149
-0.111218
-0.112273
-0.113315
-0.114342
-0.115356
-0.116357
-0.117344
-0.118318
-0.119279
-0.120227
-0.121163
-0.122087
-0.0937837
-0.0949305
-0.0960633
-0.0971822
-0.0982873
-0.0993786
-0.100456
-0.10152
-0.102569
-0.103606
-0.104628
-0.105637
-0.106633
-0.107615
-0.108583
-0.109539
-0.110481
-0.11141
-0.112326
-0.113229
-0.114119
-0.114997
-0.115861
-0.0890903
-0.0901761
-0.0912485
-0.0923075
-0.093353
-0.0943852
-0.0954039
-0.0964093
-0.0974013
-0.0983801
-0.0993455
-0.100298
-0.101237
-0.102163
-0.103076
-0.103975
-0.104862
-0.105736
-0.106598
-0.107446
-0.108282
-0.109106
-0.109915
-0.084598
-0.0856261
-0.0866412
-0.0876434
-0.0886326
-0.0896088
-0.090572
-0.0915223
-0.0924596
-0.093384
-0.0942955
-0.0951941
-0.0960799
-0.0969529
-0.0978131
-0.0986607
-0.0994956
-0.100318
-0.101128
-0.101925
-0.10271
-0.103483
-0.10424
-0.0803021
-0.0812756
-0.0822366
-0.0831851
-0.084121
-0.0850443
-0.0859551
-0.0868533
-0.0877389
-0.088612
-0.0894725
-0.0903206
-0.0911561
-0.0919792
-0.0927899
-0.0935882
-0.0943742
-0.0951479
-0.0959094
-0.0966587
-0.0973959
-0.0981214
-0.0988296
-0.076198
-0.07712
-0.0780299
-0.0789277
-0.0798133
-0.0806867
-0.081548
-0.082397
-0.0832339
-0.0840586
-0.0848711
-0.0856715
-0.0864597
-0.0872358
-0.0879998
-0.0887518
-0.0894918
-0.0902198
-0.0909359
-0.0916401
-0.0923324
-0.0930133
-0.0936765
-0.0722813
-0.0731547
-0.0740164
-0.0748663
-0.0757045
-0.0765309
-0.0773455
-0.0781482
-0.0789392
-0.0797183
-0.0804856
-0.0812411
-0.0819848
-0.0827167
-0.0834369
-0.0841454
-0.0848421
-0.0855272
-0.0862007
-0.0868626
-0.0875129
-0.0881521
-0.0887733
-0.0685475
-0.0693752
-0.0701914
-0.0709964
-0.0717899
-0.072572
-0.0733427
-0.0741019
-0.0748496
-0.0755859
-0.0763106
-0.077024
-0.0777258
-0.0784162
-0.0790952
-0.0797628
-0.080419
-0.0810639
-0.0816974
-0.0823197
-0.0829307
-0.0835308
-0.084113
-0.0649924
-0.065777
-0.0665506
-0.0673132
-0.0680648
-0.0688052
-0.0695346
-0.0702529
-0.07096
-0.071656
-0.0723409
-0.0730146
-0.0736772
-0.0743287
-0.074969
-0.0755983
-0.0762165
-0.0768237
-0.0774198
-0.078005
-0.0785792
-0.0791428
-0.0796887
-0.0616119
-0.062356
-0.0630896
-0.0638124
-0.0645246
-0.065226
-0.0659166
-0.0665965
-0.0672656
-0.0679238
-0.0685712
-0.0692078
-0.0698336
-0.0704486
-0.0710527
-0.0716461
-0.0722288
-0.0728007
-0.0733618
-0.0739124
-0.0744521
-0.0749816
-0.0754938
-0.058402
-0.0591083
-0.0598042
-0.0604898
-0.0611651
-0.0618299
-0.0624842
-0.0631281
-0.0637614
-0.0643843
-0.0649967
-0.0655985
-0.0661899
-0.0667707
-0.067341
-0.0679008
-0.0684502
-0.0689891
-0.0695176
-0.0700358
-0.0705435
-0.0710411
-0.071522
-0.0553591
-0.0560299
-0.0566907
-0.0573414
-0.0579821
-0.0586126
-0.059233
-0.0598432
-0.0604432
-0.061033
-0.0616126
-0.062182
-0.0627411
-0.06329
-0.0638287
-0.0643572
-0.0648755
-0.0653837
-0.0658817
-0.0663696
-0.0668474
-0.0673154
-0.0677672
-0.0524797
-0.0531173
-0.0537453
-0.0543634
-0.0549718
-0.0555703
-0.056159
-0.0567378
-0.0573066
-0.0578655
-0.0584145
-0.0589536
-0.0594827
-0.0600019
-0.0605111
-0.0610104
-0.0614998
-0.0619793
-0.0624489
-0.0629087
-0.0633586
-0.063799
-0.0642238
-0.0497606
-0.0503673
-0.0509646
-0.0515524
-0.0521306
-0.0526993
-0.0532584
-0.0538079
-0.0543477
-0.0548779
-0.0553984
-0.0559092
-0.0564103
-0.0569018
-0.0573836
-0.0578557
-0.0583182
-0.058771
-0.0592143
-0.0596479
-0.060072
-0.0604867
-0.0608867
-0.0471988
-0.0477768
-0.0483455
-0.0489051
-0.0494553
-0.0499962
-0.0505278
-0.0510501
-0.0515629
-0.0520664
-0.0525604
-0.053045
-0.0535201
-0.0539858
-0.0544421
-0.054889
-0.0553265
-0.0557546
-0.0561734
-0.0565828
-0.0569829
-0.0573738
-0.0577508
-0.0447919
-0.0453431
-0.0458854
-0.0464187
-0.0469429
-0.0474581
-0.0479642
-0.0484611
-0.048949
-0.0494276
-0.0498971
-0.0503573
-0.0508084
-0.0512503
-0.051683
-0.0521065
-0.0525209
-0.0529261
-0.0533222
-0.0537092
-0.0540871
-0.0544561
-0.0548118
-0.0425375
-0.043064
-0.0435818
-0.0440907
-0.0445909
-0.0450823
-0.0455648
-0.0460383
-0.046503
-0.0469587
-0.0474055
-0.0478433
-0.0482721
-0.048692
-0.0491029
-0.0495049
-0.0498979
-0.050282
-0.0506572
-0.0510235
-0.0513809
-0.0517297
-0.0520659
-0.0404339
-0.0409375
-0.0414326
-0.0419192
-0.0423972
-0.0428666
-0.0433273
-0.0437793
-0.0442226
-0.0446572
-0.0450831
-0.0455002
-0.0459086
-0.0463082
-0.0466991
-0.0470812
-0.0474546
-0.0478193
-0.0481752
-0.0485226
-0.0488612
-0.0491914
-0.0495098
-0.0389621
-0.0394365
-0.0399024
-0.0403601
-0.0408092
-0.04125
-0.0416822
-0.042106
-0.0425212
-0.0429279
-0.043326
-0.0437156
-0.0440967
-0.0444692
-0.0448331
-0.0451885
-0.0455355
-0.0458739
-0.0462038
-0.0465253
-0.0468385
-0.0471406
-0.0371369
-0.0375922
-0.0380394
-0.0384783
-0.0389091
-0.0393316
-0.0397457
-0.0401516
-0.0405492
-0.0409384
-0.0413192
-0.0416917
-0.0420558
-0.0424116
-0.042759
-0.0430981
-0.0434288
-0.0437513
-0.0440654
-0.0443713
-0.0446691
-0.0449563
-0.0354613
-0.0358993
-0.0363294
-0.0367514
-0.0371654
-0.0375713
-0.0379691
-0.0383588
-0.0387403
-0.0391136
-0.0394788
-0.0398358
-0.0401846
-0.0405252
-0.0408577
-0.041182
-0.0414981
-0.0418061
-0.0421061
-0.0423979
-0.0426817
-0.0429557
-0.0339356
-0.034358
-0.0347726
-0.0351794
-0.0355783
-0.0359693
-0.0363523
-0.0367274
-0.0370945
-0.0374536
-0.0378047
-0.0381478
-0.0384828
-0.0388099
-0.0391289
-0.03944
-0.039743
-0.0400381
-0.0403253
-0.0406045
-0.0408759
-0.041138
-0.0325605
-0.032969
-0.0333698
-0.033763
-0.0341484
-0.0345261
-0.034896
-0.0352581
-0.0356123
-0.0359588
-0.0362973
-0.0366281
-0.036951
-0.037266
-0.0375731
-0.0378725
-0.038164
-0.0384476
-0.0387235
-0.0389916
-0.039252
-0.0395036
-0.0313378
-0.031734
-0.0321227
-0.0325038
-0.0328774
-0.0332434
-0.0336017
-0.0339524
-0.0342954
-0.0346307
-0.0349583
-0.0352783
-0.0355905
-0.035895
-0.0361917
-0.0364808
-0.0367623
-0.037036
-0.0373021
-0.0375605
-0.0378114
-0.0380538
-0.0302697
-0.0306552
-0.0310334
-0.0314042
-0.0317675
-0.0321234
-0.0324718
-0.0328127
-0.0331461
-0.0334719
-0.0337901
-0.0341008
-0.0344039
-0.0346994
-0.0349874
-0.0352677
-0.0355406
-0.0358058
-0.0360636
-0.0363138
-0.0365566
-0.0367913
-0.0293601
-0.0297366
-0.0301059
-0.0304679
-0.0308226
-0.0311699
-0.0315099
-0.0318425
-0.0321678
-0.0324856
-0.032796
-0.0330989
-0.0333944
-0.0336824
-0.033963
-0.0342362
-0.0345019
-0.0347602
-0.0350111
-0.0352546
-0.0354908
-0.0357192
-0.0286135
-0.0289827
-0.0293448
-0.0296998
-0.0300476
-0.0303881
-0.0307215
-0.0310476
-0.0313663
-0.0316778
-0.031982
-0.0322788
-0.0325684
-0.0328505
-0.0331254
-0.0333929
-0.033653
-0.0339058
-0.0341513
-0.0343895
-0.0346205
-0.0348439
-0.028035
-0.0283984
-0.0287548
-0.0291043
-0.0294466
-0.0297819
-0.0301101
-0.0304311
-0.030745
-0.0310517
-0.0313512
-0.0316435
-0.0319286
-0.0322065
-0.0324772
-0.0327406
-0.0329968
-0.0332458
-0.0334876
-0.0337222
-0.0339496
-0.0341698
-0.0276367
-0.0279964
-0.0283493
-0.0286952
-0.0290341
-0.0293661
-0.029691
-0.0300089
-0.0303197
-0.0306234
-0.03092
-0.0312094
-0.0314917
-0.0317669
-0.0320349
-0.0322958
-0.0325495
-0.032796
-0.0330353
-0.0332676
-0.0334926
-0.0337105
-0.0274142
-0.0277716
-0.0281222
-0.028466
-0.0288031
-0.0291333
-0.0294566
-0.0297731
-0.0300826
-0.0303852
-0.0306808
-0.0309694
-0.031251
-0.0315256
-0.0317931
-0.0320537
-0.0323071
-0.0325536
-0.0327929
-0.0330252
-0.0332505
-0.0334687
-0.0299191
-0.0331202
-0.0260387
-0.0269412
-0.021986
-0.0268144
-0.0202105
-0.02083
-0.00757421
-0.00889281
)
;

boundaryField
{
    inlet
    {
        type            zeroGradient;
    }
    outlet
    {
        type            fixedValue;
        value           uniform 0;
    }
    cylinder
    {
        type            zeroGradient;
    }
    top
    {
        type            symmetryPlane;
    }
    bottom
    {
        type            symmetryPlane;
    }
    defaultFaces
    {
        type            empty;
    }
    procBoundary3to1
    {
        type            processor;
        value           nonuniform List<scalar> 
81
(
-0.388661
-0.390157
-0.39094
-0.391533
-0.391975
-0.392291
-0.392529
-0.392728
-0.392917
-0.393121
-0.393354
-0.39363
-0.393959
-0.394354
-0.394836
-0.395432
-0.396188
-0.397186
-0.398372
-0.399801
-0.410469
-0.420743
-0.463279
-0.502378
-0.546683
-0.539121
-0.479248
-0.378615
-0.289153
-0.227537
-0.195889
-0.190476
-0.211143
-0.231098
-0.224482
-0.189218
-0.147462
-0.115526
-0.0985396
-0.0921611
-0.0965281
-0.115978
-0.1368
-0.139082
-0.119515
-0.094048
-0.0753581
-0.0642021
-0.0579834
-0.0612375
-0.0659262
-0.0647206
-0.0572653
-0.0517962
-0.0470945
-0.0432311
-0.0389008
-0.0355554
-0.0329746
-0.036046
-0.0387138
-0.0393167
-0.0327222
-0.0299059
-0.0282721
-0.0337982
-0.0346233
-0.0335545
-0.0261461
-0.0288227
-0.0303657
-0.0334327
-0.0261585
-0.0268439
-0.0216455
-0.0265297
-0.019984
-0.0208341
-0.00777378
-0.00900478
-0.0288227
)
;
    }
    procBoundary3to2
    {
        type            processor;
        value           nonuniform List<scalar> 
100
(
-0.52944
-0.52944
-0.530216
-0.530216
-0.530993
-0.530993
-0.534209
-0.534433
-0.534433
-0.534198
-0.534198
-0.533579
-0.533579
-0.532523
-0.532523
-0.530839
-0.530839
-0.528146
-0.528146
-0.523885
-0.523885
-0.51741
-0.51741
-0.508153
-0.496441
-0.496441
-0.482018
-0.482018
-0.46493
-0.46493
-0.445782
-0.428578
-0.428578
-0.40764
-0.40764
-0.386119
-0.369264
-0.369264
-0.349755
-0.3376
-0.325795
-0.314254
-0.302911
-0.291791
-0.280914
-0.270289
-0.263349
-0.263349
-0.25313
-0.243169
-0.233468
-0.224031
-0.214856
-0.205944
-0.197296
-0.18891
-0.180784
-0.172916
-0.165305
-0.157947
-0.150838
-0.143976
-0.137357
-0.130976
-0.12483
-0.118913
-0.113222
-0.107753
-0.102499
-0.0974576
-0.0926231
-0.0879911
-0.083557
-0.0793161
-0.075264
-0.0713963
-0.0677086
-0.0641969
-0.0608572
-0.0576855
-0.0546784
-0.0518324
-0.0491445
-0.0466118
-0.0442318
-0.0420024
-0.0399218
-0.0384795
-0.0384795
-0.0366735
-0.0350153
-0.0335054
-0.0321444
-0.0309341
-0.0298768
-0.0289764
-0.0282372
-0.0276646
-0.0272701
-0.0270501
)
;
    }
}


// ************************************************************************* //
