/*--------------------------------*- C++ -*----------------------------------*\
  =========                 |
  \\      /  F ield         | OpenFOAM: The Open Source CFD Toolbox
   \\    /   O peration     | Website:  https://openfoam.org
    \\  /    A nd           | Version:  7
     \\/     M anipulation  |
\*---------------------------------------------------------------------------*/
FoamFile
{
    version     2.0;
    format      ascii;
    class       volVectorField;
    location    "25";
    object      U;
}
// * * * * * * * * * * * * * * * * * * * * * * * * * * * * * * * * * * * * * //

dimensions      [0 1 -1 0 0 0 0];

internalField   nonuniform List<vector> 
1450
(
(1.19349 -0.00109609 0)
(1.19607 -0.000985741 0)
(1.19841 -0.000875451 0)
(1.20053 -0.000766018 0)
(1.20239 -0.000658219 0)
(1.20401 -0.0005528 0)
(1.20538 -0.000450468 0)
(1.20649 -0.000351875 0)
(1.20736 -0.000257618 0)
(1.20797 -0.00016822 0)
(1.20833 -8.41354e-05 0)
(1.20846 -5.73381e-06 0)
(1.20836 6.6681e-05 0)
(1.20804 0.000132907 0)
(1.20751 0.000192815 0)
(1.20678 0.000246353 0)
(1.19382 -0.00326537 0)
(1.19639 -0.00293596 0)
(1.19873 -0.00260682 0)
(1.20084 -0.00228029 0)
(1.2027 -0.00195871 0)
(1.20431 -0.00164428 0)
(1.20567 -0.00133911 0)
(1.20678 -0.00104514 0)
(1.20763 -0.000764153 0)
(1.20823 -0.000497701 0)
(1.20859 -0.00024713 0)
(1.20871 -1.35452e-05 0)
(1.20859 0.000202173 0)
(1.20826 0.000399413 0)
(1.20772 0.000577796 0)
(1.20698 0.000737175 0)
(1.19445 -0.00538886 0)
(1.19701 -0.00484328 0)
(1.19935 -0.00429832 0)
(1.20144 -0.00375789 0)
(1.20329 -0.00322581 0)
(1.20489 -0.00270574 0)
(1.20623 -0.00220116 0)
(1.20732 -0.00171526 0)
(1.20816 -0.00125096 0)
(1.20874 -0.000810837 0)
(1.20908 -0.000397088 0)
(1.20918 -1.15278e-05 0)
(1.20904 0.000344423 0)
(1.20869 0.000669759 0)
(1.20813 0.000963871 0)
(1.20738 0.00122654 0)
(1.19536 -0.007466 0)
(1.19792 -0.0067063 0)
(1.20024 -0.0059478 0)
(1.20232 -0.00519596 0)
(1.20415 -0.00445607 0)
(1.20573 -0.00373322 0)
(1.20705 -0.00303222 0)
(1.20811 -0.0023575 0)
(1.20892 -0.00171308 0)
(1.20948 -0.00110251 0)
(1.20979 -0.000528812 0)
(1.20986 5.52814e-06 0)
(1.2097 0.000498582 0)
(1.20932 0.000948982 0)
(1.20873 0.00135592 0)
(1.20795 0.00171913 0)
(1.19655 -0.00949568 0)
(1.1991 -0.00852318 0)
(1.20141 -0.00755277 0)
(1.20346 -0.00659141 0)
(1.20527 -0.00564589 0)
(1.20682 -0.0047227 0)
(1.20811 -0.00382794 0)
(1.20914 -0.00296726 0)
(1.20991 -0.00214572 0)
(1.21043 -0.00136782 0)
(1.21071 -0.000637364 0)
(1.21074 4.25377e-05 0)
(1.21054 0.000669486 0)
(1.21012 0.0012418 0)
(1.2095 0.0017585 0)
(1.20868 0.0022193 0)
(1.198 -0.0114769 0)
(1.20053 -0.0102923 0)
(1.20282 -0.00911095 0)
(1.20485 -0.00794148 0)
(1.20663 -0.00679207 0)
(1.20814 -0.0056706 0)
(1.20939 -0.00458445 0)
(1.21038 -0.00354042 0)
(1.21111 -0.00254462 0)
(1.21159 -0.00160243 0)
(1.21182 -0.000718371 0)
(1.2118 0.00010385 0)
(1.21156 0.000861416 0)
(1.2111 0.00155237 0)
(1.21043 0.00217563 0)
(1.20956 0.00273093 0)
(1.19969 -0.0134087 0)
(1.2022 -0.012012 0)
(1.20446 -0.0106203 0)
(1.20646 -0.00924362 0)
(1.2082 -0.00789166 0)
(1.20968 -0.00657365 0)
(1.21088 -0.00529823 0)
(1.21183 -0.0040733 0)
(1.21251 -0.00290598 0)
(1.21293 -0.00180245 0)
(1.2131 -0.000767942 0)
(1.21303 0.000193327 0)
(1.21274 0.00107817 0)
(1.21222 0.00188441 0)
(1.2115 0.0026109 0)
(1.21059 0.00325745 0)
(1.2016 -0.0152901 0)
(1.20409 -0.0136809 0)
(1.20632 -0.0120788 0)
(1.20829 -0.0104954 0)
(1.20999 -0.00894194 0)
(1.21141 -0.00742887 0)
(1.21257 -0.00596608 0)
(1.21346 -0.00456256 0)
(1.21408 -0.00322634 0)
(1.21444 -0.0019644 0)
(1.21455 -0.00078258 0)
(1.21442 0.000314432 0)
(1.21406 0.00132314 0)
(1.21348 0.00224122 0)
(1.2127 0.00306751 0)
(1.21173 0.00380193 0)
(1.20373 -0.0171202 0)
(1.20619 -0.0152974 0)
(1.20839 -0.0134845 0)
(1.21031 -0.0116947 0)
(1.21196 -0.00994035 0)
(1.21334 -0.00823347 0)
(1.21443 -0.00658505 0)
(1.21526 -0.00500511 0)
(1.21581 -0.00350257 0)
(1.21611 -0.0020851 0)
(1.21615 -0.000759126 0)
(1.21595 0.000470286 0)
(1.21552 0.00159939 0)
(1.21487 0.00262578 0)
(1.21403 0.00354834 0)
(1.21299 0.00436717 0)
(1.20606 -0.0188977 0)
(1.20849 -0.01686 0)
(1.21065 -0.0148356 0)
(1.21253 -0.0128391 0)
(1.21412 -0.0108844 0)
(1.21543 -0.00898483 0)
(1.21646 -0.0071524 0)
(1.21722 -0.00539814 0)
(1.2177 -0.00373179 0)
(1.21792 -0.00216168 0)
(1.21788 -0.000694711 0)
(1.21761 0.000663723 0)
(1.2171 0.00190971 0)
(1.21638 0.00304081 0)
(1.21545 0.00405603 0)
(1.21434 0.00495572 0)
(1.20857 -0.0206215 0)
(1.21097 -0.0183671 0)
(1.21308 -0.0161301 0)
(1.21491 -0.0139265 0)
(1.21644 -0.0117719 0)
(1.21769 -0.00968047 0)
(1.21865 -0.00766554 0)
(1.21932 -0.00573901 0)
(1.21972 -0.00391135 0)
(1.21986 -0.00219148 0)
(1.21974 -0.0005867 0)
(1.21938 0.000897341 0)
(1.21878 0.00225664 0)
(1.21798 0.00348881 0)
(1.21697 0.00459303 0)
(1.21578 0.00556997 0)
(1.21126 -0.0222901 0)
(1.21362 -0.0198169 0)
(1.21569 -0.017366 0)
(1.21745 -0.0149549 0)
(1.21892 -0.0126004 0)
(1.22009 -0.010318 0)
(1.22097 -0.00812204 0)
(1.22156 -0.00602524 0)
(1.22187 -0.00403876 0)
(1.22191 -0.00217202 0)
(1.2217 -0.000432633 0)
(1.22124 0.00117357 0)
(1.22056 0.00264256 0)
(1.21966 0.0039721 0)
(1.21856 0.00516163 0)
(1.21729 0.00621216 0)
(1.21412 -0.023902 0)
(1.21643 -0.0212078 0)
(1.21844 -0.0185414 0)
(1.22014 -0.0159221 0)
(1.22153 -0.0133677 0)
(1.22262 -0.0108951 0)
(1.22341 -0.00851954 0)
(1.22391 -0.00625446 0)
(1.22412 -0.00411164 0)
(1.22407 -0.00210092 0)
(1.22375 -0.000230172 0)
(1.22319 0.00149471 0)
(1.22241 0.00306977 0)
(1.22141 0.00449296 0)
(1.22022 0.00576406 0)
(1.21885 0.00688452 0)
(1.21713 -0.0254555 0)
(1.21939 -0.0225377 0)
(1.22134 -0.0196542 0)
(1.22296 -0.0168258 0)
(1.22427 -0.0140716 0)
(1.22527 -0.0114095 0)
(1.22596 -0.00885569 0)
(1.22636 -0.00642432 0)
(1.22647 -0.00412767 0)
(1.22631 -0.0019759 0)
(1.22588 2.29659e-05 0)
(1.22521 0.00186303 0)
(1.22432 0.00354051 0)
(1.22321 0.00505362 0)
(1.22192 0.00640255 0)
(1.22044 0.00758927 0)
(1.22028 -0.0269487 0)
(1.22249 -0.0238046 0)
(1.22436 -0.0207023 0)
(1.22591 -0.0176638 0)
(1.22713 -0.0147097 0)
(1.22803 -0.0118589 0)
(1.22862 -0.00912818 0)
(1.2289 -0.00653251 0)
(1.2289 -0.00408454 0)
(1.22861 -0.00179464 0)
(1.22807 0.000329076 0)
(1.22729 0.00228083 0)
(1.22627 0.00405705 0)
(1.22505 0.00565636 0)
(1.22364 0.00707939 0)
(1.22205 0.0083287 0)
(1.22357 -0.0283795 0)
(1.22571 -0.0250063 0)
(1.22751 -0.0216832 0)
(1.22896 -0.0184338 0)
(1.23008 -0.0152797 0)
(1.23088 -0.0122407 0)
(1.23135 -0.00933457 0)
(1.23151 -0.00657662 0)
(1.23139 -0.00397984 0)
(1.23098 -0.00155477 0)
(1.23031 0.000690533 0)
(1.2294 0.00275046 0)
(1.22825 0.00462178 0)
(1.22691 0.00630355 0)
(1.22537 0.00779697 0)
(1.22366 0.00910522 0)
(1.22697 -0.0297457 0)
(1.22904 -0.0261403 0)
(1.23075 -0.0225946 0)
(1.23211 -0.0191332 0)
(1.23313 -0.0157789 0)
(1.2338 -0.0125526 0)
(1.23415 -0.00947234 0)
(1.23418 -0.0065541 0)
(1.23392 -0.00381104 0)
(1.23338 -0.00125375 0)
(1.23257 0.00110986 0)
(1.23152 0.00327446 0)
(1.23024 0.00523723 0)
(1.22876 0.00699775 0)
(1.22708 0.00855785 0)
(1.22525 0.00992142 0)
(1.23049 -0.0310446 0)
(1.23248 -0.0272041 0)
(1.23409 -0.0234336 0)
(1.23534 -0.0197592 0)
(1.23624 -0.0162047 0)
(1.23679 -0.0127916 0)
(1.237 -0.0095387 0)
(1.2369 -0.0064622 0)
(1.23649 -0.00357541 0)
(1.2358 -0.000888842 0)
(1.23484 0.0015898 0)
(1.23364 0.00385557 0)
(1.23221 0.00590614 0)
(1.23058 0.00774171 0)
(1.22876 0.00936481 0)
(1.22678 0.0107801 0)
(1.2341 -0.0322733 0)
(1.236 -0.0281945 0)
(1.23751 -0.0241972 0)
(1.23864 -0.0203088 0)
(1.23941 -0.0165539 0)
(1.23982 -0.0129548 0)
(1.23988 -0.00953063 0)
(1.23963 -0.0062979 0)
(1.23906 -0.00326991 0)
(1.23821 -0.000457029 0)
(1.23709 0.00213337 0)
(1.23572 0.0044968 0)
(1.23414 0.00663153 0)
(1.23234 0.00853844 0)
(1.23037 0.0102208 0)
(1.22823 0.0116841 0)
(1.2378 -0.0334286 0)
(1.2396 -0.0291083 0)
(1.24099 -0.0248822 0)
(1.24199 -0.0207786 0)
(1.24262 -0.0168232 0)
(1.24287 -0.0130387 0)
(1.24278 -0.00944471 0)
(1.24235 -0.00605778 0)
(1.24162 -0.00289116 0)
(1.24059 4.50574e-05 0)
(1.2393 0.00274391 0)
(1.23776 0.00520147 0)
(1.23599 0.00741669 0)
(1.23402 0.0093912 0)
(1.23188 0.0111291 0)
(1.22957 0.0126368 0)
(1.24157 -0.0345067 0)
(1.24326 -0.0299416 0)
(1.24452 -0.0254845 0)
(1.24538 -0.0211647 0)
(1.24584 -0.0170086 0)
(1.24593 -0.0130394 0)
(1.24566 -0.00927707 0)
(1.24506 -0.00573802 0)
(1.24414 -0.00243537 0)
(1.24292 0.000621167 0)
(1.24143 0.00342513 0)
(1.2397 0.00597324 0)
(1.23774 0.0082652 0)
(1.23559 0.0103035 0)
(1.23326 0.0120931 0)
(1.23077 0.0136415 0)
(1.2454 -0.0355033 0)
(1.24696 -0.03069 0)
(1.24808 -0.0259997 0)
(1.24877 -0.0214626 0)
(1.24907 -0.0171057 0)
(1.24897 -0.0129526 0)
(1.24851 -0.00902337 0)
(1.24771 -0.00533432 0)
(1.24658 -0.00189829 0)
(1.24516 0.00127546 0)
(1.24346 0.00418109 0)
(1.24152 0.00681606 0)
(1.23936 0.00918091 0)
(1.237 0.011279 0)
(1.23446 0.0131165 0)
(1.23178 0.0147015 0)
(1.24927 -0.0364133 0)
(1.25068 -0.0313485 0)
(1.25164 -0.0264228 0)
(1.25216 -0.0216673 0)
(1.25226 -0.0171095 0)
(1.25196 -0.0127733 0)
(1.25129 -0.00867868 0)
(1.25027 -0.00484185 0)
(1.24892 -0.00127522 0)
(1.24727 0.00201251 0)
(1.24535 0.00501622 0)
(1.24318 0.00773419 0)
(1.24079 0.0101679 0)
(1.23821 0.0123217 0)
(1.23546 0.0142028 0)
(1.23256 0.0158205 0)
(1.25316 -0.037231 0)
(1.25441 -0.0319112 0)
(1.25518 -0.0267479 0)
(1.2555 -0.021773 0)
(1.25539 -0.0170142 0)
(1.25487 -0.0124958 0)
(1.25397 -0.00823749 0)
(1.25271 -0.00425526 0)
(1.25111 -0.000560997 0)
(1.24922 0.00283727 0)
(1.24705 0.00593523 0)
(1.24464 0.0087321 0)
(1.24201 0.0112304 0)
(1.23918 0.0134356 0)
(1.23619 0.0153558 0)
(1.23306 0.0170017 0)
(1.25704 -0.0379497 0)
(1.2581 -0.0323714 0)
(1.25867 -0.0269684 0)
(1.25877 -0.021773 0)
(1.25843 -0.0168134 0)
(1.25766 -0.0121138 0)
(1.2565 -0.00769372 0)
(1.25498 -0.00356872 0)
(1.25312 0.000249924 0)
(1.25096 0.00375497 0)
(1.24852 0.00694304 0)
(1.24584 0.00981438 0)
(1.24294 0.0123726 0)
(1.23986 0.0146244 0)
(1.23661 0.0165791 0)
(1.23324 0.0182485 0)
(1.26089 -0.0385615 0)
(1.26174 -0.0327213 0)
(1.26208 -0.0270765 0)
(1.26193 -0.0216599 0)
(1.26133 -0.0164998 0)
(1.26029 -0.0116203 0)
(1.25885 -0.00704075 0)
(1.25704 -0.00277598 0)
(1.25489 0.00116341 0)
(1.25243 0.00477108 0)
(1.2497 0.00804468 0)
(1.24673 0.0109856 0)
(1.24355 0.0135987 0)
(1.24019 0.0158919 0)
(1.23667 0.0178759 0)
(1.23303 0.0195637 0)
(1.26467 -0.0390577 0)
(1.26528 -0.0329523 0)
(1.26536 -0.0270639 0)
(1.26494 -0.0214255 0)
(1.26404 -0.0160656 0)
(1.2627 -0.011008 0)
(1.26095 -0.00627153 0)
(1.25882 -0.00187047 0)
(1.25636 0.00218551 0)
(1.25359 0.00589109 0)
(1.25054 0.0092451 0)
(1.24726 0.0122502 0)
(1.24378 0.0149125 0)
(1.24012 0.0172414 0)
(1.23631 0.019249 0)
(1.23239 0.0209496 0)
(1.26834 -0.0394282 0)
(1.26868 -0.0330546 0)
(1.26847 -0.026921 0)
(1.26774 -0.0210607 0)
(1.26652 -0.0155022 0)
(1.26485 -0.0102687 0)
(1.26276 -0.00537871 0)
(1.26029 -0.000845487 0)
(1.25747 0.00332225 0)
(1.25436 0.00712036 0)
(1.25098 0.010549 0)
(1.24736 0.0136121 0)
(1.24355 0.0163175 0)
(1.23958 0.0186758 0)
(1.23547 0.0207006 0)
(1.23125 0.0224079 0)
(1.27186 -0.0396619 0)
(1.27189 -0.0330173 0)
(1.27136 -0.0266375 0)
(1.27028 -0.0205559 0)
(1.2687 -0.0148006 0)
(1.26666 -0.00939437 0)
(1.2642 -0.00435482 0)
(1.26135 0.000305616 0)
(1.25817 0.00457946 0)
(1.25468 0.0084639 0)
(1.25094 0.0119605 0)
(1.24697 0.0150749 0)
(1.24282 0.0178162 0)
(1.23851 0.020197 0)
(1.23408 0.0222322 0)
(1.22956 0.0239395 0)
(1.27517 -0.0397465 0)
(1.27485 -0.0328289 0)
(1.27395 -0.0262026 0)
(1.27249 -0.019901 0)
(1.27051 -0.0139515 0)
(1.26807 -0.00837655 0)
(1.2652 -0.00319255 0)
(1.26195 0.00158917 0)
(1.25837 0.00596249 0)
(1.25449 0.0099261 0)
(1.25036 0.0134832 0)
(1.24602 0.0166411 0)
(1.2415 0.0194107 0)
(1.23685 0.0218061 0)
(1.23209 0.0238443 0)
(1.22725 0.0255442 0)
(1.2782 -0.0396685 0)
(1.27749 -0.0324768 0)
(1.27618 -0.0256048 0)
(1.27429 -0.0190854 0)
(1.27189 -0.0129458 0)
(1.26901 -0.0072072 0)
(1.2657 -0.00188498 0)
(1.26202 0.00301094 0)
(1.258 0.00747598 0)
(1.25371 0.0115105 0)
(1.24917 0.0151196 0)
(1.24444 0.0183124 0)
(1.23955 0.0211016 0)
(1.23453 0.0235033 0)
(1.22943 0.0255362 0)
(1.22427 0.0272209 0)
(1.28088 -0.039414 0)
(1.27974 -0.0319481 0)
(1.27797 -0.0248324 0)
(1.27562 -0.0180991 0)
(1.27274 -0.0117745 0)
(1.26938 -0.00587878 0)
(1.26561 -0.000425915 0)
(1.26146 0.00457579 0)
(1.25699 0.00912353 0)
(1.25226 0.0132196 0)
(1.2473 0.0168711 0)
(1.24216 0.0200891 0)
(1.23688 0.0228885 0)
(1.2315 0.0252873 0)
(1.22605 0.027306 0)
(1.22057 0.0289671 0)
(1.28314 -0.0389684 0)
(1.28151 -0.0312298 0)
(1.27923 -0.0238738 0)
(1.27637 -0.0169319 0)
(1.27298 -0.0104293 0)
(1.26912 -0.00438459 0)
(1.26484 0.00118977 0)
(1.2602 0.00628738 0)
(1.25526 0.0109075 0)
(1.25006 0.0150545 0)
(1.24466 0.0187376 0)
(1.23911 0.0219703 0)
(1.23344 0.0247696 0)
(1.22769 0.0271555 0)
(1.22189 0.0291505 0)
(1.21609 0.0307792 0)
(1.28488 -0.0383168 0)
(1.28271 -0.030309 0)
(1.27988 -0.0227182 0)
(1.27647 -0.0155749 0)
(1.27253 -0.00890296 0)
(1.26812 -0.00271922 0)
(1.26331 0.00296582 0)
(1.25816 0.0081479 0)
(1.25272 0.0128285 0)
(1.24705 0.0170146 0)
(1.2412 0.0207176 0)
(1.23523 0.0239534 0)
(1.22916 0.0267414 0)
(1.22304 0.0291038 0)
(1.2169 0.0310653 0)
(1.21078 0.0326521 0)
(1.28601 -0.0374451 0)
(1.28324 -0.0291734 0)
(1.27982 -0.0213555 0)
(1.27581 -0.0140203 0)
(1.27128 -0.00718975 0)
(1.2663 -0.000878831 0)
(1.26093 0.00490428 0)
(1.25525 0.0101578 0)
(1.2493 0.0148857 0)
(1.24315 0.0190976 0)
(1.23685 0.0228076 0)
(1.23045 0.0260341 0)
(1.22399 0.028799 0)
(1.21751 0.0311267 0)
(1.21104 0.0330442 0)
(1.20461 0.0345797 0)
(1.28642 -0.0363395 0)
(1.28301 -0.0278122 0)
(1.27895 -0.0197772 0)
(1.2743 -0.0122618 0)
(1.26915 -0.00528571 0)
(1.26357 0.00113846 0)
(1.25763 0.00700516 0)
(1.25139 0.0123153 0)
(1.24493 0.0170759 0)
(1.23829 0.0212993 0)
(1.23154 0.0250024 0)
(1.22472 0.0282064 0)
(1.21788 0.0309357 0)
(1.21105 0.0332173 0)
(1.20426 0.0350801 0)
(1.19755 0.0365545 0)
(1.28601 -0.034988 0)
(1.28191 -0.0262159 0)
(1.27715 -0.0179767 0)
(1.27184 -0.0102954 0)
(1.26604 -0.00318913 0)
(1.25984 0.00333227 0)
(1.25331 0.00926624 0)
(1.24652 0.0146168 0)
(1.23953 0.0193941 0)
(1.23242 0.0236134 0)
(1.22522 0.027295 0)
(1.218 0.0304626 0)
(1.21078 0.0331434 0)
(1.20362 0.0353669 0)
(1.19653 0.0371643 0)
(1.18956 0.0385677 0)
(1.28466 -0.0333803 0)
(1.27982 -0.0243774 0)
(1.27434 -0.0159498 0)
(1.26833 -0.00811947 0)
(1.26186 -0.000900799 0)
(1.25503 0.00569973 0)
(1.2479 0.0116829 0)
(1.24055 0.017056 0)
(1.23306 0.0218327 0)
(1.22547 0.0260317 0)
(1.21784 0.0296762 0)
(1.21023 0.0327932 0)
(1.20267 0.0354124 0)
(1.1952 0.0375659 0)
(1.18784 0.0392869 0)
(1.18062 0.0406098 0)
(1.28227 -0.0315087 0)
(1.27664 -0.0222924 0)
(1.27041 -0.013695 0)
(1.26368 -0.00573532 0)
(1.25653 0.00157572 0)
(1.24906 0.00823526 0)
(1.24133 0.0142478 0)
(1.23344 0.0196244 0)
(1.22544 0.0243824 0)
(1.2174 0.0285439 0)
(1.20937 0.0321355 0)
(1.20139 0.0351872 0)
(1.19351 0.0377316 0)
(1.18576 0.0398031 0)
(1.17816 0.0414373 0)
(1.17074 0.0426703 0)
(1.27872 -0.0293685 0)
(1.27228 -0.0199595 0)
(1.26527 -0.011214 0)
(1.2578 -0.0031472 0)
(1.24997 0.00423388 0)
(1.24186 0.0109305 0)
(1.23355 0.0169511 0)
(1.22512 0.022311 0)
(1.21665 0.0270312 0)
(1.20818 0.0311377 0)
(1.19977 0.0346603 0)
(1.19147 0.0376321 0)
(1.1833 0.0400886 0)
(1.1753 0.0420665 0)
(1.1675 0.0436037 0)
(1.15991 0.0447379 0)
(1.2739 -0.0269585 0)
(1.26662 -0.0173807 0)
(1.25883 -0.00851177 0)
(1.25062 -0.000362645 0)
(1.24211 0.00706409 0)
(1.23337 0.0137741 0)
(1.2245 0.0197805 0)
(1.21557 0.0251026 0)
(1.20664 0.0297655 0)
(1.19778 0.0337991 0)
(1.18903 0.0372366 0)
(1.18044 0.0401142 0)
(1.17203 0.04247 0)
(1.16383 0.0443433 0)
(1.15586 0.0457738 0)
(1.14814 0.0468009 0)
(1.26772 -0.0242811 0)
(1.25959 -0.0145618 0)
(1.25101 -0.00559696 0)
(1.24207 0.00260748 0)
(1.23289 0.0100537 0)
(1.22355 0.0167523 0)
(1.21415 0.0227209 0)
(1.20474 0.0279837 0)
(1.19541 0.0325697 0)
(1.1862 0.0365127 0)
(1.17715 0.0398493 0)
(1.16831 0.0426188 0)
(1.1597 0.0448619 0)
(1.15134 0.04662 0)
(1.14325 0.0479349 0)
(1.13545 0.0488475 0)
(1.26009 -0.021343 0)
(1.25111 -0.0115126 0)
(1.24174 -0.00248171 0)
(1.23209 0.00574902 0)
(1.22227 0.0131871 0)
(1.21237 0.0198483 0)
(1.20247 0.0257554 0)
(1.19264 0.030937 0)
(1.18294 0.0354266 0)
(1.17342 0.0392617 0)
(1.16413 0.0424822 0)
(1.15509 0.0451304 0)
(1.14633 0.0472494 0)
(1.13786 0.0488829 0)
(1.12971 0.050074 0)
(1.12187 0.0508654 0)
(1.25093 -0.0181548 0)
(1.2411 -0.00824642 0)
(1.23097 0.000818237 0)
(1.22064 0.00904461 0)
(1.21022 0.0164458 0)
(1.1998 0.0230432 0)
(1.18945 0.0288647 0)
(1.17925 0.0339437 0)
(1.16924 0.0383179 0)
(1.15947 0.0420283 0)
(1.14999 0.0451185 0)
(1.14081 0.0476331 0)
(1.13195 0.0496178 0)
(1.12343 0.0511179 0)
(1.11525 0.0521784 0)
(1.10742 0.0528429 0)
(1.24017 -0.0147316 0)
(1.22953 -0.00478074 0)
(1.21867 0.00428374 0)
(1.2077 0.0124739 0)
(1.19673 0.0198089 0)
(1.18584 0.0263159 0)
(1.1751 0.0320281 0)
(1.16458 0.0369835 0)
(1.15433 0.041224 0)
(1.14438 0.0447944 0)
(1.13476 0.0477408 0)
(1.1255 0.0501109 0)
(1.1166 0.051952 0)
(1.10808 0.0533115 0)
(1.09994 0.0542354 0)
(1.09217 0.0547684 0)
(1.22777 -0.0110923 0)
(1.21635 -0.00113653 0)
(1.20481 0.00789247 0)
(1.19326 0.0160139 0)
(1.1818 0.0232532 0)
(1.1705 0.0296436 0)
(1.15945 0.0352234 0)
(1.14868 0.0400354 0)
(1.13824 0.0441253 0)
(1.12817 0.0475411 0)
(1.11848 0.0503321 0)
(1.1092 0.0525478 0)
(1.10032 0.0542376 0)
(1.09186 0.0554502 0)
(1.0838 0.0562328 0)
(1.07615 0.0566308 0)
(1.2137 -0.00725986 0)
(1.20155 0.00266187 0)
(1.18939 0.0116192 0)
(1.17732 0.0196393 0)
(1.16544 0.0267538 0)
(1.15382 0.0330021 0)
(1.14252 0.0384278 0)
(1.13157 0.0430777 0)
(1.12103 0.0470016 0)
(1.1109 0.0502502 0)
(1.10121 0.0528752 0)
(1.09197 0.0549283 0)
(1.08318 0.0564604 0)
(1.07483 0.0575213 0)
(1.06691 0.0581591 0)
(1.05942 0.0584198 0)
(1.19795 -0.00326064 0)
(1.18513 0.00658706 0)
(1.17242 0.0154365 0)
(1.15992 0.0233228 0)
(1.1477 0.0302845 0)
(1.13583 0.0363667 0)
(1.12436 0.0416178 0)
(1.11332 0.046089 0)
(1.10274 0.049833 0)
(1.09263 0.0529033 0)
(1.08301 0.0553537 0)
(1.07387 0.0572376 0)
(1.06522 0.0586071 0)
(1.05704 0.0595128 0)
(1.04932 0.0600036 0)
(1.04205 0.0601259 0)
(1.18051 0.00087569 0)
(1.16712 0.0106091 0)
(1.15395 0.0193146 0)
(1.14109 0.0270359 0)
(1.12862 0.0338181 0)
(1.11659 0.039712 0)
(1.10503 0.0447703 0)
(1.09398 0.0490479 0)
(1.08344 0.0526002 0)
(1.07342 0.0554831 0)
(1.06394 0.0577521 0)
(1.05497 0.0594618 0)
(1.04652 0.0606652 0)
(1.03857 0.0614138 0)
(1.0311 0.0617566 0)
(1.02409 0.0617403 0)
(1.16143 0.00511677 0)
(1.14754 0.0146958 0)
(1.13401 0.0232225 0)
(1.1209 0.0307493 0)
(1.10827 0.0373274 0)
(1.09617 0.0430129 0)
(1.08461 0.0478624 0)
(1.07362 0.0519338 0)
(1.06321 0.0552849 0)
(1.05336 0.0579733 0)
(1.04408 0.0600559 0)
(1.03535 0.061588 0)
(1.02715 0.0626236 0)
(1.01948 0.0632143 0)
(1.01231 0.0634094 0)
(1.00561 0.0632556 0)
(1.14074 0.00942798 0)
(1.12647 0.0188137 0)
(1.11267 0.0271283 0)
(1.09941 0.0344332 0)
(1.08673 0.0407851 0)
(1.07465 0.0462448 0)
(1.06319 0.0508721 0)
(1.05235 0.0547272 0)
(1.04213 0.0578698 0)
(1.03252 0.0603587 0)
(1.0235 0.0622517 0)
(1.01507 0.0636048 0)
(1.0072 0.0644721 0)
(0.999858 0.0649056 0)
(0.993031 0.0649544 0)
(0.986689 0.0646651 0)
(1.11851 0.013773 0)
(1.10397 0.0229281 0)
(1.09002 0.0309999 0)
(1.07672 0.0380583 0)
(1.06408 0.044165 0)
(1.05213 0.0493843 0)
(1.04085 0.0537787 0)
(1.03024 0.0574101 0)
(1.02029 0.0603392 0)
(1.01099 0.0626257 0)
(1.00231 0.0643278 0)
(0.994229 0.0655018 0)
(0.986725 0.066202 0)
(0.979769 0.0664802 0)
(0.973333 0.0663853 0)
(0.967388 0.0659635 0)
(1.09482 0.0181144 0)
(1.08013 0.027004 0)
(1.06615 0.0348053 0)
(1.05292 0.041596 0)
(1.04044 0.0474416 0)
(1.0287 0.0524094 0)
(1.01769 0.0565633 0)
(1.00739 0.059966 0)
(0.997794 0.062679 0)
(0.988863 0.0647622 0)
(0.980576 0.066274 0)
(0.972906 0.0672705 0)
(0.965822 0.067806 0)
(0.959294 0.0679319 0)
(0.953291 0.0676968 0)
(0.947781 0.0671464 0)
(1.06977 0.0224143 0)
(1.05506 0.0310066 0)
(1.04118 0.0385134 0)
(1.02813 0.0450191 0)
(1.0159 0.0505917 0)
(1.00447 0.0553 0)
(0.993819 0.0592085 0)
(0.983914 0.0623804 0)
(0.974729 0.0648769 0)
(0.966233 0.066758 0)
(0.958396 0.0680815 0)
(0.951186 0.0689037 0)
(0.944568 0.0692781 0)
(0.938511 0.0692558 0)
(0.932978 0.0688849 0)
(0.927937 0.0682106 0)
(1.04347 0.0266346 0)
(1.02888 0.0349022 0)
(1.01521 0.0420949 0)
(1.00246 0.0483024 0)
(0.99059 0.0535936 0)
(0.979564 0.0580379 0)
(0.969346 0.0616994 0)
(0.959902 0.0646408 0)
(0.951197 0.0669226 0)
(0.943194 0.0686044 0)
(0.935858 0.0697436 0)
(0.929154 0.0703956 0)
(0.923044 0.0706138 0)
(0.917494 0.0704483 0)
(0.912466 0.0699469 0)
(0.907925 0.0691539 0)
(1.01605 0.0307384 0)
(1.00171 0.0386582 0)
(0.988386 0.0455221 0)
(0.976043 0.0514226 0)
(0.964625 0.0564284 0)
(0.954086 0.0606076 0)
(0.94438 0.0640232 0)
(0.935464 0.0667367 0)
(0.927296 0.0688077 0)
(0.919838 0.0702948 0)
(0.91305 0.0712547 0)
(0.906893 0.0717423 0)
(0.901329 0.0718098 0)
(0.896319 0.0715071 0)
(0.891825 0.070881 0)
(0.887811 0.0699752 0)
(0.987642 0.0346898 0)
(0.973698 0.0422445 0)
(0.960833 0.04877 0)
(0.949003 0.0543596 0)
(0.93813 0.0590794 0)
(0.928157 0.0629958 0)
(0.919031 0.0661693 0)
(0.910703 0.0686599 0)
(0.903126 0.0705258 0)
(0.896259 0.0718243 0)
(0.89006 0.0726114 0)
(0.884487 0.0729408 0)
(0.879499 0.0728644 0)
(0.875058 0.072431 0)
(0.871124 0.0716867 0)
(0.867659 0.0706744 0)
(0.958395 0.0384553 0)
(0.944978 0.0456333 0)
(0.932691 0.0518165 0)
(0.921472 0.0570957 0)
(0.911228 0.0615332 0)
(0.901894 0.065192 0)
(0.893409 0.0681298 0)
(0.885722 0.0704044 0)
(0.878783 0.0720723 0)
(0.872547 0.0731897 0)
(0.866971 0.0738113 0)
(0.862012 0.0739901 0)
(0.857629 0.0737769 0)
(0.853781 0.0732199 0)
(0.850428 0.0723642 0)
(0.847531 0.071252 0)
(0.928463 0.0420036 0)
(0.915702 0.0488002 0)
(0.9041 0.0546427 0)
(0.893582 0.0596166 0)
(0.884042 0.063779 0)
(0.87541 0.0671882 0)
(0.867621 0.0698989 0)
(0.86062 0.0719661 0)
(0.854357 0.0734448 0)
(0.848787 0.0743895 0)
(0.843864 0.0748539 0)
(0.839545 0.07489 0)
(0.835789 0.0745479 0)
(0.832553 0.0738747 0)
(0.829798 0.0729149 0)
(0.827484 0.0717098 0)
(0.898001 0.0453071 0)
(0.886018 0.0517242 0)
(0.8752 0.0572333 0)
(0.865462 0.0619113 0)
(0.856693 0.0658089 0)
(0.848817 0.0689792 0)
(0.841768 0.0714732 0)
(0.835492 0.0733432 0)
(0.829939 0.0746422 0)
(0.825061 0.0754236 0)
(0.820815 0.0757397 0)
(0.817157 0.0756418 0)
(0.814045 0.0751789 0)
(0.811437 0.0743974 0)
(0.809293 0.0733409 0)
(0.807574 0.0720498 0)
(0.867169 0.048342 0)
(0.856073 0.0543884 0)
(0.846126 0.0595765 0)
(0.83724 0.0639719 0)
(0.829295 0.067618 0)
(0.822221 0.0705622 0)
(0.81595 0.0728514 0)
(0.81043 0.0745354 0)
(0.805611 0.0756655 0)
(0.801449 0.0762935 0)
(0.797897 0.0764708 0)
(0.794915 0.0762478 0)
(0.79246 0.0756725 0)
(0.79049 0.0747906 0)
(0.788966 0.073645 0)
(0.787849 0.0722751 0)
(0.836125 0.0510886 0)
(0.826015 0.0567799 0)
(0.817013 0.0616643 0)
(0.809034 0.0657939 0)
(0.80196 0.0692042 0)
(0.795723 0.0719366 0)
(0.790259 0.0740342 0)
(0.785518 0.0755445 0)
(0.781454 0.0765168 0)
(0.778021 0.0770018 0)
(0.775177 0.0770501 0)
(0.772881 0.076711 0)
(0.771091 0.076032 0)
(0.769767 0.0750579 0)
(0.768869 0.0738306 0)
(0.768358 0.0723891 0)
(0.805026 0.053532 0)
(0.795982 0.05889 0)
(0.787986 0.0634923 0)
(0.78096 0.0673757 0)
(0.774791 0.0705678 0)
(0.769418 0.073104 0)
(0.764781 0.0750242 0)
(0.760836 0.0763734 0)
(0.757538 0.0771996 0)
(0.754845 0.0775524 0)
(0.752717 0.0774816 0)
(0.751113 0.0770357 0)
(0.749993 0.0762615 0)
(0.749317 0.0752031 0)
(0.749046 0.0739019 0)
(0.749143 0.0723958 0)
(0.774022 0.0556621 0)
(0.76611 0.0607143 0)
(0.759166 0.0650596 0)
(0.753125 0.0687185 0)
(0.747885 0.0717114 0)
(0.743393 0.074068 0)
(0.739597 0.0758254 0)
(0.736456 0.0770266 0)
(0.733931 0.0777186 0)
(0.731983 0.07795 0)
(0.730574 0.07777 0)
(0.729664 0.0772265 0)
(0.729214 0.0763657 0)
(0.729185 0.0752311 0)
(0.729541 0.0738632 0)
(0.730243 0.0722994 0)
(0.743256 0.0574747 0)
(0.736523 0.0622531 0)
(0.730663 0.0663693 0)
(0.725628 0.069827 0)
(0.72133 0.0726404 0)
(0.717728 0.0748345 0)
(0.714778 0.0764439 0)
(0.712445 0.0775103 0)
(0.710695 0.0780798 0)
(0.709492 0.0782005 0)
(0.708799 0.0779211 0)
(0.70858 0.0772892 0)
(0.708797 0.0763502 0)
(0.709412 0.075147 0)
(0.710389 0.0737197 0)
(0.711692 0.072105 0)
(0.712862 0.0589725 0)
(0.707338 0.0635127 0)
(0.702578 0.0674289 0)
(0.698558 0.0707094 0)
(0.695207 0.0733633 0)
(0.692496 0.0754117 0)
(0.69039 0.0768878 0)
(0.688863 0.0778322 0)
(0.687883 0.0782907 0)
(0.68742 0.0783112 0)
(0.687438 0.077942 0)
(0.687904 0.0772302 0)
(0.688781 0.076221 0)
(0.690034 0.0749568 0)
(0.691626 0.073477 0)
(0.693523 0.0718177 0)
(0.682964 0.0601584 0)
(0.67866 0.0644981 0)
(0.675004 0.0682445 0)
(0.671997 0.0713719 0)
(0.669588 0.0738861 0)
(0.667761 0.0758055 0)
(0.666493 0.0771626 0)
(0.665763 0.0779977 0)
(0.665545 0.0783564 0)
(0.665812 0.0782868 0)
(0.666533 0.077837 0)
(0.667675 0.077054 0)
(0.669203 0.0759825 0)
(0.671083 0.0746645 0)
(0.673281 0.073139 0)
(0.675761 0.0714414 0)
(0.653673 0.0610139 0)
(0.650584 0.065194 0)
(0.648022 0.0688027 0)
(0.646017 0.0718026 0)
(0.644537 0.0741985 0)
(0.643582 0.076007 0)
(0.643138 0.0772607 0)
(0.643192 0.0780002 0)
(0.643724 0.0782717 0)
(0.644709 0.0781231 0)
(0.646119 0.0776029 0)
(0.647924 0.0767579 0)
(0.650091 0.0756327 0)
(0.652587 0.0742689 0)
(0.655378 0.0727048 0)
(0.658432 0.0709757 0)
(0.625089 0.061526 0)
(0.623193 0.0655907 0)
(0.621705 0.0690966 0)
(0.62068 0.0719976 0)
(0.62011 0.0742988 0)
(0.620008 0.0760166 0)
(0.620371 0.0771846 0)
(0.621192 0.0778441 0)
(0.622457 0.078042 0)
(0.624144 0.0778268 0)
(0.626229 0.0772473 0)
(0.628682 0.0763504 0)
(0.631473 0.0751806 0)
(0.63457 0.0737791 0)
(0.637942 0.0721841 0)
(0.641555 0.0704301 0)
(0.597298 0.0619302 0)
(0.596561 0.0659084 0)
(0.596115 0.0693317 0)
(0.596042 0.0721474 0)
(0.596356 0.0743636 0)
(0.597083 0.0759974 0)
(0.598231 0.0770842 0)
(0.599799 0.0776668 0)
(0.601776 0.0777933 0)
(0.604147 0.077513 0)
(0.606888 0.0768751 0)
(0.609972 0.0759269 0)
(0.613371 0.0747126 0)
(0.617053 0.0732736 0)
(0.620989 0.0716476 0)
(0.625147 0.0698686 0)
(0.561728 0.0631162 3.49739e-20)
(0.562484 0.0669438 -8.00164e-20)
(0.563386 0.0702113 -3.44597e-20)
(0.564547 0.0728617 8.92448e-20)
(0.56601 0.0749114 -2.06839e-20)
(0.567817 0.076381 -6.0067e-21)
(0.569987 0.0773101 -2.18494e-20)
(0.572528 0.0777442 1.67235e-20)
(0.575436 0.0777333 2.67173e-20)
(0.578698 0.0773281 -5.33994e-20)
(0.582294 0.0765784 5.16031e-20)
(0.586201 0.0755315 -1.59574e-20)
(0.590392 0.0742315 8.98075e-21)
(0.594837 0.0727191 -2.63844e-20)
(0.599507 0.0710313 1.8339e-20)
(0.604373 0.0692015 -6.0716e-21)
(0.5107 0.0596252 1.96642e-20)
(0.513593 0.0639225 3.49046e-20)
(0.516372 0.0675655 1.99386e-20)
(0.519118 0.070616 -2.71254e-20)
(0.521985 0.0730356 -7.22358e-20)
(0.525045 0.0748539 8.36593e-20)
(0.528363 0.0761012 -9.18517e-21)
(0.531969 0.0768235 -5.76563e-20)
(0.535883 0.0770701 2.6238e-20)
(0.540105 0.0768934 2.3096e-20)
(0.544629 0.0763446 -3.53282e-20)
(0.549438 0.0754733 -1.23843e-20)
(0.554512 0.0743257 3.00477e-20)
(0.559825 0.0729447 -3.27711e-20)
(0.565351 0.0713694 -6.01901e-21)
(0.571063 0.069635 2.16686e-20)
(0.461054 0.0593829 5.86981e-20)
(0.466035 0.0636563 -7.08774e-20)
(0.470696 0.0672094 -4.21935e-20)
(0.475183 0.0701225 7.87174e-20)
(0.479679 0.0723836 -1.92946e-20)
(0.484284 0.0740366 -1.28297e-20)
(0.489073 0.0751226 -2.96466e-20)
(0.49409 0.0756946 3.92878e-20)
(0.499357 0.0758063 2.99877e-20)
(0.504882 0.0755121 6.10951e-21)
(0.51066 0.0748643 -2.06611e-20)
(0.516678 0.0739123 -1.50555e-20)
(0.522917 0.0727016 -5.0624e-21)
(0.529354 0.0712738 2.66897e-20)
(0.535964 0.0696667 -1.48977e-21)
(0.542721 0.067914 -6.27663e-21)
(0.41261 0.0583708 1.14583e-19)
(0.419427 0.0626858 -6.02699e-20)
(0.425793 0.0662054 -1.9589e-20)
(0.431892 0.0690317 -9.79169e-21)
(0.437923 0.0711799 5.69401e-20)
(0.444 0.0727088 -2.64373e-20)
(0.450206 0.0736713 2.58024e-20)
(0.456591 0.0741275 9.32611e-21)
(0.46318 0.0741358 4.16556e-21)
(0.469984 0.073753 -3.95539e-20)
(0.476998 0.0730324 3.98022e-21)
(0.484211 0.0720236 -1.41095e-20)
(0.491604 0.0707714 -6.64326e-21)
(0.499157 0.0693167 3.0537e-20)
(0.506845 0.0676959 -6.0414e-21)
(0.514643 0.0659414 7.26312e-21)
(0.365735 0.0567651 -5.84932e-20)
(0.374113 0.0611515 7.4339e-20)
(0.381984 0.0646663 3.49459e-20)
(0.389545 0.0674338 -5.09333e-20)
(0.396998 0.0694954 -6.2315e-21)
(0.40446 0.0709254 1.60327e-20)
(0.412016 0.0717884 -2.70142e-20)
(0.419716 0.0721518 2.71659e-20)
(0.427584 0.0720783 -5.39638e-21)
(0.435632 0.0716275 2.26662e-20)
(0.443854 0.0708537 -4.07958e-20)
(0.452238 0.0698065 3.18096e-20)
(0.460768 0.0685304 -2.31781e-20)
(0.46942 0.0670652 -1.72998e-21)
(0.478172 0.0654462 1.32321e-20)
(0.486999 0.0637045 1.52367e-21)
(0.320752 0.0546144 -4.75438e-20)
(0.330405 0.0590788 -4.63164e-20)
(0.33957 0.0626028 4.18531e-20)
(0.348432 0.0653291 9.89796e-21)
(0.357183 0.0673238 1.7721e-20)
(0.365932 0.0686757 -4.049e-20)
(0.374759 0.0694604 4.29965e-20)
(0.383708 0.0697521 -1.54226e-20)
(0.392804 0.0696178 1.03051e-20)
(0.40205 0.0691195 -1.37642e-20)
(0.411443 0.0683122 -7.88616e-21)
(0.420967 0.0672458 9.7663e-21)
(0.430604 0.0659639 -5.24618e-21)
(0.440331 0.0645055 -4.36608e-21)
(0.450126 0.0629047 1.03712e-21)
(0.459963 0.0611914 -1.09117e-20)
(0.266482 0.0464796 2.27286e-20)
(0.277934 0.0519895 -2.78099e-20)
(0.288584 0.0565168 4.5393e-20)
(0.298829 0.0600484 1.07507e-20)
(0.308828 0.0627409 -4.9789e-20)
(0.318744 0.0646813 8.17719e-20)
(0.328674 0.065971 -3.82858e-20)
(0.338685 0.0666952 1.39327e-20)
(0.348812 0.066934 -2.2354e-21)
(0.359073 0.0667584 -2.22767e-20)
(0.369466 0.0662318 -1.46879e-20)
(0.379983 0.0654103 4.39013e-20)
(0.390606 0.064343 -2.8842e-20)
(0.401314 0.0630733 -6.29013e-21)
(0.412084 0.0616389 9.19936e-21)
(0.422891 0.0600727 -1.11901e-20)
(0.43371 0.0584034 1.42705e-20)
(0.225546 0.0433686 6.32464e-20)
(0.23751 0.048976 -9.78622e-21)
(0.248898 0.0535315 6.56302e-20)
(0.26002 0.0570543 -9.91033e-20)
(0.270989 0.0597092 5.27816e-21)
(0.281938 0.0615996 6.70993e-20)
(0.292938 0.0628367 4.72555e-21)
(0.30404 0.0635135 1.02224e-21)
(0.315267 0.0637148 -6.10033e-21)
(0.326623 0.0635143 -2.8051e-20)
(0.338102 0.0629767 2.00069e-20)
(0.349689 0.062158 1.9156e-20)
(0.361362 0.0611072 -2.71785e-21)
(0.373097 0.0598663 -2.0347e-20)
(0.384869 0.0584721 -5.3978e-22)
(0.396651 0.0569561 -1.30444e-20)
(0.408417 0.0553458 1.05266e-20)
(0.187466 0.0400303 9.69281e-20)
(0.199666 0.0456529 -8.8255e-20)
(0.211563 0.0501868 5.52448e-20)
(0.223371 0.053672 -1.52745e-20)
(0.235156 0.0562756 -5.70005e-20)
(0.247005 0.0581126 2.02134e-20)
(0.258965 0.0593007 5.85513e-20)
(0.271062 0.0599386 -2.37983e-20)
(0.283303 0.0601141 4.60553e-21)
(0.29568 0.0599023 -2.03772e-20)
(0.308178 0.0593684 1.14987e-20)
(0.320774 0.0585681 -1.11006e-21)
(0.333441 0.0575492 6.13703e-21)
(0.346152 0.0563527 -1.82957e-20)
(0.358877 0.0550138 1.6187e-20)
(0.371589 0.0535628 -1.98453e-20)
(0.384261 0.0520255 1.80683e-20)
(0.152341 0.036543 -4.20838e-20)
(0.164556 0.0420893 -1.02437e-21)
(0.176766 0.046541 -2.19242e-20)
(0.189093 0.04995 3.18305e-20)
(0.201546 0.0524808 1.51512e-20)
(0.214172 0.0542545 -7.00968e-20)
(0.226981 0.0553923 -9.84383e-21)
(0.239975 0.0559956 6.28489e-20)
(0.253143 0.0561535 -1.54182e-20)
(0.266462 0.0559415 -4.23324e-20)
(0.279906 0.0554239 6.1719e-20)
(0.293444 0.0546555 2.05002e-22)
(0.307043 0.0536826 -2.43991e-20)
(0.32067 0.0525446 1.18987e-20)
(0.334295 0.0512752 -8.43947e-21)
(0.347886 0.0499028 -5.70764e-21)
(0.120245 0.0329707 -2.84013e-21)
(0.132307 0.0383448 2.80573e-20)
(0.14467 0.0426472 -2.01429e-20)
(0.157369 0.0459349 -1.58277e-20)
(0.170361 0.0483652 -1.47196e-20)
(0.183645 0.0500607 -2.27176e-20)
(0.197197 0.0511424 1.5263e-20)
(0.210992 0.0517119 7.29328e-21)
(0.224998 0.0518576 1.05301e-20)
(0.239177 0.0516537 2.52572e-21)
(0.25349 0.051163 -7.26105e-21)
(0.267897 0.0504382 -5.60009e-21)
(0.282359 0.0495238 -1.22244e-20)
(0.29684 0.0484572 2.22855e-21)
(0.311302 0.04727 1.37529e-20)
(0.325713 0.0459892 -1.44949e-20)
(0.0912325 0.0293635 -3.44617e-20)
(0.103022 0.0344697 -5.04339e-21)
(0.115414 0.0385529 2.87364e-20)
(0.128364 0.0416702 -6.77696e-21)
(0.141781 0.0439681 -9.15096e-21)
(0.155616 0.0455666 2.09004e-20)
(0.169811 0.046583 -4.01128e-20)
(0.184312 0.0471166 1.3031e-20)
(0.199066 0.0472529 2.16612e-21)
(0.214019 0.0470634 1.09467e-20)
(0.229121 0.0466081 -5.73968e-21)
(0.244321 0.045937 1.48284e-20)
(0.259574 0.0450921 -8.49887e-21)
(0.274836 0.0441083 -5.09533e-21)
(0.290069 0.0430152 -1.11303e-21)
(0.305235 0.0418375 6.78131e-21)
(0.0549998 0.0199441 -1.14911e-21)
(0.0653458 0.0257586 5.65974e-21)
(0.0767882 0.0305048 1.00756e-20)
(0.0891188 0.0342991 3.52257e-22)
(0.102224 0.0371957 1.6842e-21)
(0.115968 0.0393273 -3.22395e-20)
(0.130258 0.0408076 1.85345e-20)
(0.145001 0.0417473 8.40132e-23)
(0.160116 0.0422406 1.05916e-20)
(0.17553 0.0423681 -4.11896e-21)
(0.191172 0.0421973 -1.36256e-20)
(0.206978 0.0417841 1.4093e-20)
(0.222891 0.0411752 -9.42063e-21)
(0.238856 0.0404092 1.14627e-21)
(0.254826 0.0395184 -1.06807e-20)
(0.270756 0.0385298 8.17562e-21)
(0.286609 0.0374658 1.09367e-20)
(0.0329246 0.0169425 -3.26941e-20)
(0.0426195 0.0221817 8.12571e-21)
(0.0536796 0.026482 4.00462e-20)
(0.0658888 0.0299208 -2.52477e-20)
(0.0790765 0.0325471 -1.01994e-20)
(0.0930665 0.0344783 2.98483e-20)
(0.107725 0.0358183 -2.72099e-20)
(0.122928 0.0366685 1.38502e-20)
(0.138571 0.0371154 4.11856e-22)
(0.154556 0.0372334 -5.15673e-21)
(0.1708 0.0370839 -2.09123e-20)
(0.187226 0.0367181 8.6677e-21)
(0.203767 0.0361783 5.31865e-21)
(0.220364 0.0354994 7.07401e-23)
(0.236961 0.0347103 -8.77464e-21)
(0.253513 0.0338352 4.42206e-21)
(0.269976 0.0328942 3.11923e-22)
(0.0140104 0.0140691 2.95542e-20)
(0.0230824 0.0186485 3.73769e-21)
(0.0337581 0.022425 5.4803e-22)
(0.0458133 0.025447 -1.32352e-20)
(0.0590314 0.0277567 1.81245e-20)
(0.0732014 0.0294545 -9.98653e-21)
(0.0881542 0.0306323 1.44588e-20)
(0.103738 0.0313796 -8.47038e-21)
(0.119822 0.0317736 9.56037e-21)
(0.136293 0.0318799 -1.59217e-20)
(0.153051 0.0317533 1.70837e-20)
(0.170011 0.0314389 -1.68235e-20)
(0.187095 0.0309737 5.43475e-21)
(0.204238 0.0303886 -2.73559e-21)
(0.22138 0.0297087 6.95715e-21)
(0.238471 0.0289551 -1.10077e-20)
(0.255466 0.0281452 1.03464e-20)
(-0.00174907 0.0113185 1.17173e-20)
(0.00675958 0.0151661 3.52529e-21)
(0.017076 0.0183509 2.29786e-20)
(0.0289682 0.0209017 -3.30477e-21)
(0.042183 0.0228528 -6.92021e-21)
(0.0564811 0.0242871 1.45481e-20)
(0.0716631 0.0252821 -9.97004e-21)
(0.0875523 0.0259139 8.44763e-22)
(0.103998 0.0262478 -1.3356e-20)
(0.12087 0.0263401 4.97614e-21)
(0.138057 0.0262369 7.88399e-21)
(0.155462 0.0259766 -1.29704e-21)
(0.173001 0.0255906 5.54565e-21)
(0.190603 0.0251047 -8.62785e-21)
(0.208204 0.0245403 6.17371e-21)
(0.22575 0.0239147 -1.29068e-21)
(0.243194 0.0232428 -2.86944e-21)
(-0.0143558 0.00867777 -9.71139e-21)
(-0.00632696 0.0117338 -3.88523e-21)
(0.00367704 0.0142706 1.5438e-20)
(0.0154163 0.016304 -8.43165e-21)
(0.0286099 0.0178607 -8.30153e-22)
(0.0429959 0.0190052 5.92938e-21)
(0.0583506 0.0197994 -4.36873e-21)
(0.0744769 0.0203039 2.40043e-21)
(0.0912072 0.0205715 -4.64641e-21)
(0.108398 0.0206468 -7.70732e-21)
(0.125926 0.0205671 9.9804e-22)
(0.143688 0.0203629 3.98104e-21)
(0.161593 0.0200595 -2.97543e-21)
(0.179564 0.0196772 1.41592e-21)
(0.197535 0.0192331 2.55756e-22)
(0.215449 0.0187411 5.41487e-21)
(0.233256 0.0182126 -4.41423e-21)
(-0.0238112 0.00612875 -2.08624e-20)
(-0.0161589 0.00834575 9.6463e-21)
(-0.00640344 0.0101902 -7.46314e-21)
(0.00520801 0.0116695 8.52751e-21)
(0.0183749 0.0128027 -1.27245e-20)
(0.0328183 0.0136361 2.07205e-20)
(0.0482962 0.0142146 -1.94034e-20)
(0.0645959 0.0145823 1.34734e-20)
(0.0815368 0.0147777 -2.6205e-21)
(0.0989648 0.0148336 2.80159e-21)
(0.116749 0.0147771 -6.23759e-21)
(0.134779 0.0146305 -2.45489e-22)
(0.152959 0.014412 5.76084e-21)
(0.171209 0.0141367 -2.28365e-21)
(0.189459 0.0138168 -3.27355e-21)
(0.20765 0.0134624 2.58321e-21)
(0.225732 0.0130818 -1.60818e-21)
(-0.0301154 0.00364871 7.54498e-21)
(-0.0227219 0.00499261 8.68909e-22)
(-0.0131387 0.00611237 -3.74577e-21)
(-0.00161864 0.00701082 2.4722e-21)
(0.0115252 0.00769936 4.38676e-21)
(0.0260028 0.00820584 -3.48064e-21)
(0.0415597 0.00855747 8.02909e-22)
(0.0579729 0.00878114 -4.02103e-21)
(0.0750529 0.00890019 4.71511e-21)
(0.0926384 0.00893459 5.59855e-22)
(0.110593 0.00890086 -9.55455e-22)
(0.128801 0.00881258 1.69458e-23)
(0.147165 0.00868086 2.93496e-21)
(0.165602 0.00851477 -2.96048e-21)
(0.184039 0.00832175 2.38075e-21)
(0.202416 0.00810792 -6.58084e-22)
(0.220682 0.00787833 -7.55342e-22)
(-0.0332678 0.00121143 2.73172e-21)
(-0.0260059 0.00166168 -1.6699e-21)
(-0.0165109 0.00203712 3.68192e-23)
(-0.00503832 0.00233843 -1.42984e-22)
(0.0080925 0.00256938 1.12677e-21)
(0.0225859 0.00273929 -1.28415e-21)
(0.0381815 0.00285727 5.3284e-22)
(0.0546507 0.00293232 -3.32155e-22)
(0.0717998 0.00297231 -7.55253e-22)
(0.0894638 0.00298392 1.33917e-21)
(0.107504 0.0029727 -1.05052e-21)
(0.125801 0.00294323 1.06601e-21)
(0.144257 0.0028992 -4.47496e-22)
(0.162787 0.00284369 -6.55908e-23)
(0.181318 0.00277916 3.76108e-22)
(0.199789 0.00270769 -2.62111e-22)
)
;

boundaryField
{
    inlet
    {
        type            uniformFixedValue;
        uniformValue    constant (1 0 0);
        value           nonuniform 0();
    }
    outlet
    {
        type            pressureInletOutletVelocity;
        value           nonuniform 0();
    }
    cylinder
    {
        type            fixedValue;
        value           nonuniform 0();
    }
    top
    {
        type            symmetryPlane;
    }
    bottom
    {
        type            symmetryPlane;
    }
    defaultFaces
    {
        type            empty;
    }
    procBoundary4to3
    {
        type            processor;
        value           nonuniform List<vector> 
93
(
(1.1907 -0.00120572 0)
(1.19103 -0.00359268 0)
(1.19166 -0.00593119 0)
(1.19258 -0.00822153 0)
(1.19378 -0.0104633 0)
(1.19524 -0.0126564 0)
(1.19694 -0.0148003 0)
(1.19886 -0.0168949 0)
(1.20101 -0.0189396 0)
(1.20336 -0.0209338 0)
(1.2059 -0.0228767 0)
(1.20862 -0.0247672 0)
(1.21151 -0.0266041 0)
(1.21455 -0.028386 0)
(1.21775 -0.0301112 0)
(1.22108 -0.0317779 0)
(1.22455 -0.033384 0)
(1.22813 -0.0349269 0)
(1.23181 -0.0364039 0)
(1.2356 -0.0378119 0)
(1.23947 -0.0391473 0)
(1.2434 -0.0404057 0)
(1.2474 -0.0415823 0)
(1.25143 -0.0426714 0)
(1.25547 -0.0436664 0)
(1.25951 -0.0445595 0)
(1.2635 -0.0453419 0)
(1.26742 -0.0460034 0)
(1.27122 -0.0465325 0)
(1.27485 -0.0469164 0)
(1.27825 -0.0471411 0)
(1.28135 -0.0471915 0)
(1.28407 -0.0470515 0)
(1.28634 -0.0467047 0)
(1.28805 -0.0461345 0)
(1.2891 -0.0453248 0)
(1.28939 -0.0442605 0)
(1.28879 -0.0429281 0)
(1.28719 -0.0413164 0)
(1.28449 -0.0394169 0)
(1.28055 -0.0372246 0)
(1.27527 -0.0347383 0)
(1.26856 -0.0319609 0)
(1.26032 -0.0288999 0)
(1.25047 -0.0255671 0)
(1.23895 -0.0219789 0)
(1.22572 -0.0181559 0)
(1.21075 -0.0141229 0)
(1.19403 -0.00990839 0)
(1.17557 -0.00554419 0)
(1.15541 -0.00106501 0)
(1.1336 0.00349205 0)
(1.11021 0.00808799 0)
(1.08532 0.0126825 0)
(1.05904 0.0172343 0)
(1.03149 0.0217021 0)
(1.00281 0.0260449 0)
(0.973132 0.0302226 0)
(0.942615 0.034197 0)
(0.911422 0.0379323 0)
(0.879719 0.0413959 0)
(0.847676 0.0445592 0)
(0.815462 0.0473981 0)
(0.783246 0.0498938 0)
(0.751191 0.0520342 0)
(0.719454 0.0538159 0)
(0.688179 0.0552366 0)
(0.657503 0.056273 0)
(0.627547 0.0569077 0)
(0.59842 0.0573892 0)
(0.56113 0.058689 -9.24627e-20)
(0.56113 0.058689 -9.24627e-20)
(0.507192 0.0550347 -6.03372e-20)
(0.455209 0.0546612 -4.72336e-20)
(0.404784 0.0534497 7.1031e-20)
(0.356319 0.0516252 -5.32921e-20)
(0.310135 0.0492683 2.15747e-20)
(0.310135 0.0492683 2.15747e-20)
(0.254312 0.0394687 5.94167e-20)
(0.213125 0.0362686 1.07954e-19)
(0.175109 0.0329561 2.30093e-20)
(0.14029 0.0296134 -2.74819e-20)
(0.108671 0.0263028 -9.36249e-20)
(0.0802449 0.0230697 -2.63283e-20)
(0.0802449 0.0230697 -2.63283e-20)
(0.0463577 0.013285 6.80869e-21)
(0.0252389 0.0109385 -1.47432e-21)
(0.00719558 0.00881893 4.19382e-20)
(-0.00783558 0.00691047 2.52529e-20)
(-0.019842 0.00517779 -1.22718e-20)
(-0.0288335 0.00359034 -3.1965e-21)
(-0.0348221 0.00211061 6.31475e-21)
(-0.0378149 0.000696258 -3.12289e-22)
)
;
    }
    procBoundary4to5
    {
        type            processor;
        value           nonuniform List<vector> 
91
(
(1.20587 0.000293546 0)
(1.20606 0.00087763 0)
(1.20644 0.0014579 0)
(1.20698 0.00203884 0)
(1.20768 0.00262458 0)
(1.20852 0.00321879 0)
(1.2095 0.00382477 0)
(1.21059 0.00444547 0)
(1.21178 0.00508356 0)
(1.21307 0.00574151 0)
(1.21443 0.00642166 0)
(1.21585 0.00712622 0)
(1.21732 0.00785739 0)
(1.21881 0.0086174 0)
(1.22031 0.00940855 0)
(1.2218 0.0102333 0)
(1.22326 0.0110942 0)
(1.22465 0.011994 0)
(1.22595 0.0129358 0)
(1.22713 0.0139226 0)
(1.22815 0.0149578 0)
(1.22896 0.0160445 0)
(1.22953 0.0171861 0)
(1.22981 0.0183858 0)
(1.22975 0.0196464 0)
(1.22928 0.0209704 0)
(1.22837 0.0223596 0)
(1.22695 0.0238154 0)
(1.22497 0.0253379 0)
(1.22236 0.0269267 0)
(1.21908 0.0285799 0)
(1.21507 0.0302948 0)
(1.21029 0.0320672 0)
(1.2047 0.0338919 0)
(1.19825 0.0357625 0)
(1.19093 0.0376714 0)
(1.1827 0.03961 0)
(1.17356 0.041569 0)
(1.16351 0.0435382 0)
(1.15254 0.0455068 0)
(1.14067 0.0474638 0)
(1.12793 0.049398 0)
(1.11434 0.0512983 0)
(1.09994 0.0531536 0)
(1.08477 0.0549535 0)
(1.06889 0.0566878 0)
(1.05235 0.0583474 0)
(1.0352 0.0599236 0)
(1.01752 0.0614089 0)
(0.999366 0.0627967 0)
(0.980805 0.0640812 0)
(0.961904 0.065258 0)
(0.942732 0.0663233 0)
(0.923354 0.0672747 0)
(0.903836 0.0681106 0)
(0.88424 0.0688302 0)
(0.864626 0.0694337 0)
(0.845053 0.0699222 0)
(0.825575 0.0702973 0)
(0.806242 0.0705614 0)
(0.787102 0.0707175 0)
(0.768198 0.070769 0)
(0.749571 0.0707198 0)
(0.731256 0.070574 0)
(0.713286 0.0703364 0)
(0.69569 0.0700119 0)
(0.678492 0.069604 0)
(0.661716 0.069113 0)
(0.645379 0.0685484 0)
(0.629497 0.0679676 0)
(0.609406 0.0672596 -2.61401e-22)
(0.576933 0.0677732 -5.83247e-22)
(0.576933 0.0677732 -5.83247e-22)
(0.549599 0.0660459 2.07521e-20)
(0.522527 0.0640821 1.52295e-20)
(0.495878 0.0618677 -2.05406e-20)
(0.469818 0.0593919 -2.47959e-20)
(0.444517 0.0566559 7.8429e-21)
(0.420144 0.0536646 -1.49159e-20)
(0.396868 0.0504243 4.70544e-21)
(0.361414 0.0484521 -5.89691e-21)
(0.361414 0.0484521 -5.89691e-21)
(0.340041 0.0446375 -6.90953e-21)
(0.320303 0.0405963 9.98741e-21)
(0.302348 0.0363455 5.7598e-21)
(0.286314 0.0319043 -8.99952e-21)
(0.272327 0.0272936 1.28373e-20)
(0.260495 0.0225365 -1.20205e-21)
(0.250914 0.0176574 -2.79635e-21)
(0.24366 0.012682 1.67334e-21)
(0.238791 0.00763718 2.65032e-21)
)
;
    }
    procBoundary4to12
    {
        type            processor;
        value           nonuniform List<vector> 
18
(
(-0.0332678 -0.00121138 -2.58764e-21)
(-0.0260059 -0.00166164 1.91656e-21)
(-0.0165109 -0.00203708 3.57357e-23)
(-0.00503832 -0.0023384 2.84301e-22)
(0.0080925 -0.00256936 -1.42241e-21)
(0.0225859 -0.00273928 1.39438e-21)
(0.0381815 -0.00285727 -6.0216e-22)
(0.0546507 -0.00293235 4.76721e-22)
(0.0717998 -0.00297235 6.1732e-22)
(0.0894638 -0.00298398 -1.12893e-21)
(0.107504 -0.00297278 8.06171e-22)
(0.125801 -0.00294332 -9.39794e-22)
(0.144257 -0.00289932 2.90019e-22)
(0.162787 -0.00284382 -6.17784e-22)
(0.181318 -0.00277931 7.41015e-22)
(0.199789 -0.00270785 9.21728e-23)
(0.218147 0.00263095 -9.79914e-23)
(0.218147 0.00263095 -9.79914e-23)
)
;
    }
}


// ************************************************************************* //
