/*--------------------------------*- C++ -*----------------------------------*\
  =========                 |
  \\      /  F ield         | OpenFOAM: The Open Source CFD Toolbox
   \\    /   O peration     | Website:  https://openfoam.org
    \\  /    A nd           | Version:  7
     \\/     M anipulation  |
\*---------------------------------------------------------------------------*/
FoamFile
{
    version     2.0;
    format      ascii;
    class       surfaceScalarField;
    location    "47";
    object      phi;
}
// * * * * * * * * * * * * * * * * * * * * * * * * * * * * * * * * * * * * * //

dimensions      [0 3 -1 0 0 0 0];

internalField   nonuniform List<scalar> 
2012
(
0.000920874
-8.22701e-07
0.000922315
0.00140722
1.09068e-06
0.000343387
8.07485e-07
0.000922599
-3.69665e-06
0.00141172
0.0018047
1.55173e-06
0.000341836
2.43806e-06
0.000921712
-3.80878e-07
0.00141454
0.00181338
2.0075e-06
0.000339828
4.05879e-06
0.000919661
2.86716e-06
0.00141573
-3.83777e-06
0.00182009
0.0021334
2.45892e-06
0.000337369
5.6778e-06
0.000916442
6.16377e-06
0.00141525
1.44148e-06
0.00182481
-9.7834e-06
0.00214463
0.0023832
2.90561e-06
0.000334464
7.2908e-06
0.000912057
9.46102e-06
0.00141308
6.70895e-06
0.00182756
-2.38054e-06
0.00215372
-1.80739e-05
0.00239889
0.00257729
3.34629e-06
0.000331117
8.89299e-06
0.00090651
1.27575e-05
0.00140921
1.2023e-05
0.0018283
5.06356e-06
0.00216068
-8.51814e-06
0.00241247
0.00259692
3.78101e-06
0.000327336
1.04809e-05
0.00089981
1.60459e-05
0.00140365
1.73528e-05
0.00182699
1.25718e-05
0.00216546
1.17009e-06
0.00242388
-1.64628e-05
0.00261456
0.00275371
4.20774e-06
0.000323129
1.20504e-05
0.000891968
1.93182e-05
0.00139638
2.26887e-05
0.00182362
2.01253e-05
0.00216802
1.09077e-05
0.00243309
-4.62236e-06
0.00263009
-2.55163e-05
0.0027746
0.00288298
4.62469e-06
0.000318504
1.35972e-05
0.000882995
2.25669e-05
0.00138741
2.802e-05
0.00181817
2.77141e-05
0.00216833
2.07551e-05
0.00244005
7.35756e-06
0.00264348
-1.15776e-05
0.00279354
-3.48738e-05
0.00290627
0.00299601
5.03033e-06
0.000313474
1.51169e-05
0.000872909
2.57841e-05
0.00137674
3.33355e-05
0.00181062
3.53242e-05
0.00216634
3.06734e-05
0.0024447
1.94676e-05
0.00265469
2.54847e-06
0.00281046
-1.89239e-05
0.00292775
-4.38044e-05
0.00302089
0.00310117
5.42328e-06
0.00030805
1.66052e-05
0.000861727
2.89616e-05
0.00136438
3.86235e-05
0.00180095
4.29408e-05
0.00216202
4.06488e-05
0.00244699
3.16946e-05
0.00266364
1.68449e-05
0.00282531
-2.74941e-06
0.00294734
-2.59224e-05
0.00304406
-5.17148e-05
0.00312696
0.00320417
5.80224e-06
0.000302248
1.80576e-05
0.000849471
3.20906e-05
0.00135035
4.38712e-05
0.00178917
5.05489e-05
0.00215534
5.06659e-05
0.00244688
4.40227e-05
0.00267029
3.13044e-05
0.00283803
1.36398e-05
0.002965
-7.78231e-06
0.00306548
-3.19581e-05
0.00315114
-5.8171e-05
0.00323039
0.00330867
6.16592e-06
0.000296082
1.94694e-05
0.000836168
3.51624e-05
0.00133466
4.90657e-05
0.00177527
5.81322e-05
0.00214628
6.07073e-05
0.0024443
5.64358e-05
0.00267456
4.59109e-05
0.00284855
3.02323e-05
0.00298068
1.06071e-05
0.00308511
-1.19168e-05
0.00317366
-3.65722e-05
0.00325504
-6.28801e-05
0.00333498
-9.05909e-05
0.00341694
0.00350294
6.5131e-06
0.000289569
2.08362e-05
0.000821845
3.81675e-05
0.00131733
5.41929e-05
0.00175924
6.56735e-05
0.0021348
7.07544e-05
0.00243922
6.89156e-05
0.0026764
6.06484e-05
0.00285682
4.70147e-05
0.00299432
2.92355e-05
0.00310289
8.40118e-06
0.00319449
-1.4669e-05
0.00327811
-3.94484e-05
0.00335976
-6.56509e-05
0.00344315
-9.31513e-05
0.00353044
0.00362296
6.84253e-06
0.000282726
2.21532e-05
0.000806534
4.10965e-05
0.00129838
5.92384e-05
0.0017411
7.31545e-05
0.00212088
8.07869e-05
0.00243159
8.14424e-05
0.00267574
7.54992e-05
0.00286276
6.39725e-05
0.00300584
4.80912e-05
0.00311877
2.89869e-05
0.0032136
7.53134e-06
0.00329957
-1.56976e-05
0.00338299
-4.03743e-05
0.00346782
-6.6344e-05
0.00355641
-9.3541e-05
0.00365016
0.00374985
7.15302e-06
0.000275573
2.34157e-05
0.000790271
4.39396e-05
0.00127786
6.41868e-05
0.00172086
8.05556e-05
0.00210451
9.07831e-05
0.00242136
9.39946e-05
0.00267253
9.04437e-05
0.00286631
8.10892e-05
0.0030152
6.7161e-05
0.0031327
4.98298e-05
0.00323093
3.00213e-05
0.00331938
8.3649e-06
0.00340465
-1.47685e-05
0.00349096
-3.91929e-05
0.00358084
-6.48213e-05
0.00367579
-9.15964e-05
0.00377662
0.00388358
7.44341e-06
0.00026813
2.46191e-05
0.000773096
4.66868e-05
0.00125579
6.90224e-05
0.00169852
8.78561e-05
0.00208568
0.00010072
0.0024085
0.000106548
0.0026667
0.00010546
0.0028674
9.83462e-05
0.00302231
8.64302e-05
0.00314461
7.09181e-05
0.00324644
5.27905e-05
0.0033375
3.27323e-05
0.00342471
1.11592e-05
0.00351253
-1.17067e-05
0.0036037
-3.57552e-05
0.00369984
-6.09177e-05
0.00380179
-8.71363e-05
0.0039098
-0.000114371
0.00402343
0.00414118
7.71256e-06
0.000260417
2.57588e-05
0.000755049
4.93278e-05
0.00123222
7.37286e-05
0.00167412
9.5034e-05
0.00206437
0.000110571
0.00239296
0.000119078
0.00265819
0.000120525
0.00286595
0.000115723
0.00302711
0.000105882
0.00315445
9.22388e-05
0.00326008
7.58287e-05
0.00335391
5.73942e-05
0.00344314
3.74011e-05
0.00353252
1.61074e-05
0.003625
-6.35239e-06
0.0037223
-2.9894e-05
0.00382533
-5.44651e-05
0.00393437
-8.00484e-05
0.00404901
0.0041677
-0.000106567
7.95942e-06
0.000252458
2.683e-05
0.000736179
5.18524e-05
0.0012072
7.82885e-05
0.00164768
0.000102066
0.0020406
0.000120311
0.00237472
0.000131556
0.00264695
0.000135611
0.0028619
0.000133196
0.00302953
0.000125497
0.00316215
0.000113777
0.0032718
9.91241e-05
0.00336857
8.23413e-05
0.00345992
6.39472e-05
0.00355092
4.424e-05
0.0036447
2.33794e-05
0.00374316
1.45324e-06
0.00384725
-2.1453e-05
0.00395727
-4.53819e-05
0.00407294
0.00419251
-7.0195e-05
8.18297e-06
0.000244275
2.78285e-05
0.000716533
5.42504e-05
0.00118078
8.26847e-05
0.00161925
0.000108929
0.00201435
0.00012991
0.00235374
0.000143951
0.00263291
0.000150689
0.00285516
0.00015074
0.00302948
0.000145255
0.00316764
0.000135516
0.00328154
0.000122664
0.00338142
0.000107563
0.00347502
9.07882e-05
0.00356769
7.26815e-05
0.00366281
5.34317e-05
0.00376241
3.31466e-05
0.00386754
1.1893e-05
0.00397853
-1.02538e-05
0.00409509
0.00421583
-3.35738e-05
8.38229e-06
2.87499e-05
0.000696166
5.65115e-05
0.00115302
8.68993e-05
0.00158886
0.000115597
0.00198565
0.000139338
0.00232999
0.00015623
0.00261602
0.000165728
0.00284566
0.000168327
0.00302688
0.000165131
0.00317083
0.000157436
0.00328924
0.000146432
0.00339242
0.000133047
0.00348841
0.000117914
0.00358282
0.000101422
0.0036793
8.3792e-05
0.00378004
6.51444e-05
0.00388619
4.55488e-05
0.00399812
2.49459e-05
0.00411569
0.0042381
2.67761e-06
2.959e-05
5.86255e-05
9.09145e-05
0.00155657
0.000122044
0.00195452
0.000148563
0.00230348
0.000168359
0.00259622
0.000180693
0.00283333
0.000185925
0.00302165
0.000185099
0.00317166
0.000179517
0.00329482
0.000170413
0.00340153
0.00015878
0.00350004
0.000145313
0.00359629
0.000130452
0.00369416
0.000114451
0.00379604
9.74501e-05
0.00390319
7.9518e-05
0.00401606
6.06827e-05
0.00413452
0.00425783
4.09497e-05
9.47121e-05
0.000128244
0.00015755
0.00227417
0.0001803
0.00257347
0.000195545
0.00281808
0.000203498
0.00301369
0.000205129
0.00317003
0.000201733
0.00329822
0.000194587
0.00340867
0.000184746
0.00350988
0.000172972
0.00360806
0.000159759
0.00370738
0.000145399
0.0038104
0.000130057
0.00391853
0.000113815
0.0040323
9.67168e-05
0.00415162
0.00427583
7.87192e-05
0.000166265
0.000192012
0.000210244
0.000221009
0.00300293
0.000225188
0.00316585
0.000224058
0.00329935
0.000218933
0.0034138
0.00021093
0.00351789
0.000200879
0.00361812
0.000189331
0.00371892
0.000176624
0.0038231
0.000162948
0.00393221
0.000148398
0.00404685
0.00013301
0.00416701
0.00429209
0.000116753
0.000238415
0.000245238
0.000246461
0.000243426
0.00341683
0.000237311
0.003524
0.000229016
0.00362641
0.000219156
0.00372879
0.000208112
0.00383415
0.000196107
0.00394421
0.000183249
0.00405971
0.000169572
0.00418069
0.0043066
0.000155057
0.00026804
0.000263869
0.000257369
0.000249218
0.00373694
0.000239851
0.00384351
0.000229521
0.00395454
0.000218357
0.00407087
0.000206397
0.00419265
0.00431938
0.000193622
0.000279501
0.000271826
0.00026318
0.000253713
0.000243474
0.00420289
0.00433041
0.000232441
0.00028079
0.000271505
0.0104271
1.60478e-05
0.0104122
1.48625e-05
0.0103985
1.36659e-05
0.0103861
1.24586e-05
0.0103748
1.12407e-05
0.0103648
1.00129e-05
0.010356
8.77581e-06
0.0103485
7.52935e-06
0.0103422
6.27459e-06
0.0103372
5.01152e-06
0.0103335
3.74093e-06
2.46345e-06
0.0101851
3.16815e-05
0.0101707
2.93335e-05
0.0101574
2.69637e-05
0.0101453
2.45725e-05
0.0101343
2.21613e-05
0.0101246
1.97306e-05
0.0101161
1.72814e-05
0.0101088
1.48147e-05
0.0101028
1.23313e-05
0.0100979
9.8319e-06
0.0100944
7.31796e-06
4.79011e-06
0.00994997
4.69048e-05
0.00993589
4.34172e-05
0.00992295
3.98975e-05
0.00991118
3.63468e-05
0.00990058
3.27661e-05
0.00989115
2.91573e-05
0.00988291
2.55212e-05
0.00987586
2.18593e-05
0.00987002
1.8173e-05
0.00986539
1.44637e-05
0.00986198
1.07326e-05
6.98154e-06
0.0097211
6.17125e-05
0.00970741
5.71076e-05
0.00969485
5.24606e-05
0.00968342
4.77731e-05
0.00967314
4.30468e-05
0.00966401
3.82834e-05
0.00965605
3.34847e-05
0.00964926
2.86523e-05
0.00964364
2.37879e-05
0.00963921
1.88938e-05
0.00963597
1.39712e-05
9.02244e-06
0.00949835
7.61014e-05
0.00948506
7.04014e-05
0.00947287
6.46494e-05
0.00946179
5.88479e-05
0.00945184
5.29989e-05
0.00944302
4.71045e-05
0.00943534
4.11666e-05
0.0094288
3.51877e-05
0.00942342
2.91699e-05
0.0094192
2.31153e-05
0.00941614
1.70263e-05
1.09054e-05
0.00928143
9.007e-05
0.00926853
8.32958e-05
0.00925672
7.64609e-05
0.009246
6.95675e-05
0.00923638
6.26182e-05
0.00922787
5.56155e-05
0.00922048
4.85619e-05
0.00921421
4.14599e-05
0.00920906
3.43122e-05
0.00920506
2.71213e-05
0.00920219
1.98902e-05
1.26215e-05
0.00907011
0.000103616
0.00905762
9.57892e-05
0.00904619
8.78927e-05
0.00903583
7.9929e-05
0.00902654
7.19016e-05
0.00901835
6.38129e-05
0.00901124
5.56661e-05
0.00900524
4.74638e-05
0.00900034
3.92095e-05
0.00899656
3.09058e-05
0.00899389
2.25561e-05
1.41635e-05
0.00886417
0.000116739
0.00885208
0.00010788
0.00884103
9.89428e-05
0.00883103
8.99304e-05
0.00882209
8.08463e-05
0.00881421
7.16935e-05
0.0088074
6.24755e-05
0.00880166
5.31956e-05
0.00879702
4.38572e-05
0.00879346
3.44635e-05
0.008791
2.50183e-05
1.55252e-05
0.0086634
0.000129438
0.00865171
0.000119567
0.00864104
0.00010961
0.0086314
9.95698e-05
0.0086228
8.945e-05
0.00861524
7.92547e-05
0.00860873
6.89872e-05
0.00860327
5.86515e-05
0.00859888
4.82511e-05
0.00859555
3.77899e-05
0.0085933
2.72719e-05
1.67011e-05
0.00846758
0.000141713
0.0084563
0.00013085
0.00844602
0.000119893
0.00843674
0.000108846
0.00842848
9.77111e-05
0.00842124
8.64942e-05
0.00841503
7.51987e-05
0.00840985
6.38284e-05
0.00840571
5.23879e-05
0.00840262
4.0881e-05
0.00840058
2.93123e-05
1.7686e-05
0.00827654
0.000153563
0.00826566
0.000141728
0.00825577
0.000129791
0.00824686
0.000117756
0.00823894
0.000105628
0.00823202
9.341e-05
0.00822611
8.11072e-05
0.00822122
6.87239e-05
0.00821734
5.62642e-05
0.00821449
4.37333e-05
0.00821267
3.11354e-05
1.84757e-05
0.0080901
0.000164989
0.00807963
0.000152201
0.00807012
0.000139304
0.00806157
0.000126302
0.008054
0.000113199
0.00804741
0.000100001
0.00804181
8.67112e-05
0.00803719
7.33353e-05
0.00803358
5.98778e-05
0.00803097
4.63436e-05
0.00802937
3.27379e-05
0.00802878
1.90661e-05
5.33935e-06
0.00790809
0.00017599
0.00789803
0.000162268
0.0078889
0.000148431
0.00788072
0.000134481
0.0078735
0.000120424
0.00786723
0.000106265
0.00786194
9.20088e-05
0.00785761
7.76606e-05
0.00785426
6.32257e-05
0.0078519
4.87091e-05
0.00785052
3.41164e-05
0.00785013
1.94538e-05
4.73473e-06
0.00773036
0.0077207
0.00017193
0.00771196
0.00015717
0.00770415
0.000142292
0.00769727
0.000127301
0.00769134
0.000112201
0.00768635
9.69982e-05
0.00768231
8.1698e-05
0.00767923
6.63059e-05
0.00767711
5.08273e-05
0.00767596
3.52684e-05
0.00767578
1.96353e-05
3.94665e-06
0.0075475
0.000181185
0.00753915
0.000165523
0.00753171
0.000149735
0.00752518
0.000133829
0.00751957
0.000117808
0.00751489
0.000101678
0.00751115
8.54457e-05
0.00750834
6.91162e-05
0.00750647
5.26959e-05
0.00750555
3.61905e-05
0.00750557
1.96079e-05
2.97318e-06
0.0073783
0.000190033
0.00737033
0.000173487
0.00736326
0.00015681
0.00735708
0.000140007
0.0073518
0.000123084
0.00734744
0.000106047
0.00734398
8.89018e-05
0.00734144
7.16549e-05
0.00733982
5.43124e-05
0.00733913
3.68811e-05
0.00733937
1.93687e-05
1.81503e-06
0.00721295
0.000198475
0.00720538
0.000181064
0.00719867
0.000163515
0.00719284
0.000145835
0.0071879
0.000128029
0.00718384
0.000110103
0.00718068
9.20643e-05
0.00717842
7.39187e-05
0.00717705
5.56729e-05
0.0071766
3.73339e-05
0.00717706
1.89102e-05
4.86132e-07
0.00705134
0.00020651
0.00704415
0.000188253
0.00703782
0.000169852
0.00703234
0.000151313
0.00702773
0.000132643
0.00702398
0.000113848
0.00702111
9.49353e-05
0.00701912
7.59112e-05
0.00701801
5.67827e-05
0.00701779
3.75572e-05
0.00701845
1.82443e-05
-1.09405e-06
0.00689336
0.000214138
0.00688656
0.000195052
0.00688059
0.000175817
0.00687547
0.000156439
0.00687119
0.000136924
0.00686776
0.000117279
0.00686518
9.75112e-05
0.00686346
7.76276e-05
0.00686261
5.76355e-05
0.00686262
3.75428e-05
0.00686351
1.736e-05
-2.88059e-06
0.00673889
0.000221357
0.00673248
0.000201462
0.00672689
0.000181412
0.00672211
0.000161212
0.00671817
0.00014087
0.00671505
0.000120394
0.00671277
9.97902e-05
0.00671133
7.90659e-05
0.00671074
5.82291e-05
0.00671099
3.72878e-05
0.0067121
1.62541e-05
-4.85687e-06
0.00658783
0.000228169
0.00658181
0.000207482
0.00657659
0.000186634
0.00657217
0.000165632
0.00656856
0.000144482
0.00656576
0.000123193
0.00656378
0.000101771
0.00656262
8.02253e-05
0.00656229
5.85624e-05
0.00656278
3.67915e-05
0.00656411
1.49269e-05
-7.03224e-06
0.00644009
0.00023457
0.00643447
0.00021311
0.00642962
0.000191483
0.00642555
0.000169697
0.00642228
0.000147758
0.00641979
0.000125674
0.00641811
0.000103454
0.00641723
8.11046e-05
0.00641716
5.86343e-05
0.0064179
3.60528e-05
0.00641945
1.33768e-05
-9.41027e-06
0.00629558
0.000240562
0.00629034
0.000218347
0.00628587
0.000195959
0.00628216
0.000173406
0.00627922
0.000150697
0.00627706
0.000127837
0.00627567
0.000104836
0.00627508
8.17023e-05
0.00627527
5.84436e-05
0.00627625
3.50702e-05
0.00627802
1.16034e-05
-1.19939e-05
0.0061542
0.000246142
0.00614936
0.00022319
0.00614526
0.00020006
0.00614191
0.00017676
0.00613931
0.000153297
0.00613746
0.00012968
0.00613638
0.000105918
0.00613607
8.20175e-05
0.00613652
5.79889e-05
0.00613775
3.38425e-05
0.00613975
9.6061e-06
-1.47853e-05
0.00601589
0.00025131
0.00601144
0.000227639
0.00600771
0.000203785
0.00600472
0.000179755
0.00600246
0.000155558
0.00600093
0.000131202
0.00600015
0.000106696
0.00600012
8.20484e-05
0.00600084
5.72686e-05
0.00600232
3.23681e-05
0.00600454
7.38585e-06
-1.77862e-05
0.00588055
0.000256065
0.00587649
0.000231693
0.00587315
0.000207133
0.00587051
0.000182392
0.00586859
0.000157479
0.00586739
0.000132402
0.00586692
0.000107171
0.00586717
8.17936e-05
0.00586816
5.62809e-05
0.00586988
3.06451e-05
0.00587232
4.94585e-06
-2.09995e-05
0.00574812
0.000260405
0.00574446
0.000235351
0.00574149
0.000210103
0.00573921
0.000184669
0.00573764
0.000159057
0.00573676
0.000133278
0.00573659
0.000107339
0.00573713
8.12509e-05
0.00573839
5.50233e-05
0.00574037
2.86711e-05
0.00574302
2.29699e-06
-2.44309e-05
0.00561852
0.000264329
0.00561526
0.000238611
0.00561267
0.000212693
0.00561076
0.000186584
0.00560952
0.000160293
0.00560897
0.000133828
0.00560911
0.0001072
0.00560995
8.04162e-05
0.00561148
5.34879e-05
0.00561372
2.64311e-05
0.00561657
-5.47949e-07
-2.80829e-05
0.0054917
0.000267836
0.00548884
0.000241472
0.00548663
0.000214904
0.00548507
0.000188139
0.00548418
0.000161188
0.00548395
0.000134059
0.00548439
0.000106762
0.00548549
7.93079e-05
0.00548727
5.17078e-05
0.00548973
2.39802e-05
0.00549299
-3.80803e-06
-3.19229e-05
0.00536759
0.000270923
0.00536513
0.000243932
0.0053633
0.000216731
0.00536211
0.000189329
0.00536156
0.000161736
0.00536166
0.00013396
0.00536241
0.000106012
0.00536382
7.79027e-05
0.00536588
4.96434e-05
0.0053686
2.12574e-05
0.00537204
-7.24034e-06
-3.59908e-05
0.00524613
0.000273587
0.00524407
0.000245988
0.00524263
0.000218174
0.0052418
0.000190153
0.0052416
0.000161935
0.00524203
0.000133532
0.00524309
0.000104951
0.00524479
7.62048e-05
0.00524713
4.73061e-05
0.0052501
1.82833e-05
0.00525376
-1.08959e-05
-4.02809e-05
0.00512725
0.000275827
0.0051256
0.000247638
0.00512455
0.000219229
0.00512409
0.000190608
0.00512424
0.000161785
0.005125
0.000132772
0.00512638
0.000103577
0.00512837
7.4213e-05
0.00513098
4.46936e-05
0.00513421
1.50567e-05
0.0051381
-1.47833e-05
-4.47922e-05
0.00501091
0.00027764
0.00500967
0.00024888
0.00500901
0.000219894
0.00500892
0.000190691
0.00500943
0.000161282
0.00501052
0.000131678
0.00501221
0.000101888
0.0050145
7.19251e-05
0.00501739
4.18046e-05
0.00502086
1.15806e-05
0.00502499
-1.89072e-05
-4.95254e-05
0.00489705
0.000279022
0.00489622
0.00024971
0.00489595
0.000220166
0.00489624
0.000190401
0.0048971
0.000160424
0.00489853
0.000130247
0.00490054
9.98811e-05
0.00490312
6.93383e-05
0.00490629
3.86363e-05
0.00491001
7.8603e-06
0.00491438
-2.32723e-05
-5.44841e-05
0.00478562
0.000279972
0.00478521
0.000250126
0.00478533
0.000220043
0.004786
0.000189734
0.00478721
0.000159208
0.00478898
0.000128477
0.00479131
9.75529e-05
0.0047942
6.64501e-05
0.00479764
3.51915e-05
0.00480159
3.91142e-06
0.00480621
-2.78899e-05
-5.96766e-05
0.00467657
0.000280485
0.00467657
0.000250125
0.00467709
0.000219523
0.00467813
0.000188688
0.00467971
0.000157631
0.00468182
0.000126362
0.00468449
9.48908e-05
0.00468771
6.32288e-05
0.0046915
3.13988e-05
0.00469554
-1.29459e-07
0.00470044
-3.27873e-05
-6.50949e-05
0.00456984
0.000280558
0.00457026
0.000249706
0.00457118
0.000218605
0.0045726
0.000187267
0.00457453
0.000155703
0.00457697
0.000123924
0.00457991
9.19434e-05
0.00458336
5.97776e-05
0.00458731
2.74564e-05
0.00459211
-4.9307e-06
0.00459716
-3.78366e-05
-7.07163e-05
0.0044654
0.000280186
0.00446625
0.000248861
0.00446757
0.000217281
0.00446938
0.000185459
0.00447167
0.000153406
0.00447446
0.000121134
0.00447775
8.86545e-05
0.00448155
5.59855e-05
0.00448584
2.31655e-05
0.00449073
-9.81947e-06
0.00449606
-4.31736e-05
-7.65708e-05
0.0043632
0.000279364
0.00436448
0.000247585
0.00436621
0.000215547
0.00436841
0.000183261
0.00437108
0.000150738
0.00437422
0.000117991
0.00437784
8.5034e-05
0.00438194
5.18851e-05
0.00438651
1.85976e-05
0.00439164
-1.49509e-05
0.00439724
-4.87707e-05
-8.26675e-05
0.0042632
0.000278087
0.00426491
0.000245875
0.00426706
0.000213398
0.00426965
0.000180667
0.00427269
0.000147695
0.00427619
0.000114494
0.00428014
8.10792e-05
0.00428456
4.74712e-05
0.00428941
1.37497e-05
0.0042948
-2.0345e-05
0.00430065
-5.46249e-05
-8.90013e-05
0.00416534
0.000276349
0.00416749
0.000243724
0.00417006
0.000210829
0.00417305
0.000177674
0.00417648
0.000144272
0.00418033
0.000110637
0.00418463
7.67847e-05
0.00418936
4.27403e-05
0.00419448
8.63251e-06
0.00420015
-2.60156e-05
0.00420626
-6.07399e-05
-9.55736e-05
0.0040696
0.000274144
0.00407219
0.000241128
0.00407519
0.000207835
0.00407858
0.000174277
0.00408239
0.000140466
0.00408661
0.000106415
0.00409126
7.21405e-05
0.00409632
3.76727e-05
0.00410168
3.27565e-06
0.00410764
-3.19789e-05
0.00411402
-6.71173e-05
-0.000102387
0.00397592
0.000271467
0.00397897
0.000238081
0.00398239
0.000204413
0.00398619
0.000170474
0.00399038
0.000136276
0.00399496
0.000101833
0.00399994
6.71617e-05
0.00400532
3.22975e-05
0.00401106
-2.46648e-06
0.00401729
-3.82084e-05
0.00402392
-7.37478e-05
-0.000109438
0.00388428
0.000268309
0.00388778
0.000234577
0.00389164
0.000200556
0.00389586
0.000166259
0.00390043
0.0001317
0.00390537
9.68935e-05
0.00391067
6.18608e-05
0.00391632
2.66524e-05
0.00392257
-8.71579e-06
0.00392904
-4.46812e-05
0.00393592
-8.06314e-05
-0.000116726
0.00379464
0.000264662
0.00379861
0.000230605
0.00380291
0.000196253
0.00380755
0.000161621
0.00381253
0.000126721
0.00381785
9.15704e-05
0.00382352
5.61922e-05
0.00382951
2.06608e-05
0.003836
-1.52042e-05
0.00384279
-5.14672e-05
0.00384994
-8.7789e-05
-0.000124264
0.00370696
0.000260518
0.0037114
0.000226158
0.00371616
0.000191497
0.00372123
0.000156551
0.00372662
0.000121332
0.00373233
8.5859e-05
0.00373836
5.01602e-05
0.00374467
1.43542e-05
0.00375145
-2.19871e-05
0.00375854
-5.85603e-05
0.00376598
-9.52279e-05
-0.000132057
0.0036212
0.000255868
0.00362613
0.000221227
0.00363135
0.00018628
0.00363686
0.00015104
0.00364267
0.000115523
0.00364878
7.97501e-05
0.00365518
4.37621e-05
0.00366178
7.7539e-06
0.00366889
-2.91001e-05
0.0036763
-6.59658e-05
0.00368402
-0.00010295
-0.000140109
0.00353734
0.000250702
0.00354277
0.000215805
0.00354845
0.000180595
0.00355441
0.000145085
0.00356064
0.000109287
0.00356718
7.32151e-05
0.00357403
3.69071e-05
0.00358079
9.94581e-07
0.00358828
-3.65878e-05
0.00359599
-7.36777e-05
0.003604
-0.000110959
-0.000148429
0.00345535
0.000245013
0.00346127
0.000209884
0.00346742
0.000174439
0.00347382
0.00013869
0.00348045
0.000102655
0.00348731
6.63595e-05
0.00349435
2.98657e-05
0.00350206
-6.7222e-06
0.00350974
-4.42587e-05
0.00351772
-8.16668e-05
0.003526
-0.000119237
-0.000156995
0.00337518
0.000238786
0.00338161
0.00020345
0.00338826
0.000167793
0.00339512
0.000131829
0.0034022
9.55769e-05
0.00340949
5.90656e-05
0.00341697
2.23887e-05
0.00342492
-1.46785e-05
0.00343298
-5.23169e-05
0.00344129
-8.99745e-05
0.00344986
-0.000127808
-0.000165832
0.0032968
0.000232008
0.00330376
0.000196489
0.00331091
0.000160643
0.00331825
0.000124487
0.00332579
8.80396e-05
0.00333352
5.13403e-05
0.00334136
1.4546e-05
0.00334965
-2.29659e-05
0.00335808
-6.07489e-05
0.00336673
-9.86213e-05
0.0033756
-0.000136686
-0.00017495
0.00322017
0.000224666
0.00322767
0.000188988
0.00323534
0.000152978
0.00324317
0.000116651
0.00325118
8.00294e-05
0.00325936
4.31654e-05
0.00326754
6.36711e-06
0.00327622
-3.1645e-05
0.00328502
-6.95568e-05
0.00329402
-0.000107614
0.00330321
-0.000145883
-0.00018436
0.00314525
0.000216747
0.0031533
0.000180936
0.00316149
0.000144788
0.00316982
0.000108317
0.00317831
7.15395e-05
0.00318697
3.45128e-05
0.00319555
-2.2135e-06
0.00320463
-4.073e-05
0.00321381
-7.87364e-05
0.00322316
-0.000116964
0.0032327
-0.000155417
-0.000194082
0.003072
0.00308062
0.000172312
0.00308935
0.000136057
0.00309819
9.94826e-05
0.0031071
6.2624e-05
0.00311603
2.55818e-05
0.00312562
-1.18042e-05
0.00313498
-5.00906e-05
0.00314453
-8.82875e-05
0.00315425
-0.000126676
0.00316412
-0.000165291
-0.000204127
0.00300964
0.000163081
0.00301896
0.000126738
0.00302836
9.00788e-05
0.00303784
5.31485e-05
0.0030473
1.61175e-05
0.00305723
-2.1737e-05
0.00306712
-5.99791e-05
0.00307712
-9.82823e-05
0.00308724
-0.000136803
0.00309751
-0.000175557
-0.000214537
0.00294041
0.000153197
0.00295036
0.000116786
0.00296039
8.00541e-05
0.00297048
4.30602e-05
0.0029804
6.19744e-06
0.00299084
-3.21837e-05
0.00300126
-7.03913e-05
0.00301174
-0.000108768
0.00302233
-0.000147387
0.00303302
-0.000186246
-0.000225337
0.0028731
0.000142611
0.00288373
0.000106161
0.00289439
6.93973e-05
0.00290505
3.24003e-05
0.00291574
-4.49873e-06
0.00292669
-4.31329e-05
0.00293762
-8.13238e-05
0.00294861
-0.000119751
0.00295965
-0.000158432
0.00297076
-0.000197357
-0.000236518
0.00280809
0.000131275
0.00281942
9.48244e-05
0.00283072
5.81013e-05
0.00284185
2.12689e-05
0.00285358
-1.6231e-05
0.00286498
-5.45288e-05
0.00287641
-9.27517e-05
0.00288785
-0.000131195
0.00289931
-0.000169893
0.00291079
-0.000208837
-0.000248019
0.00274585
0.000119209
0.0027579
8.27796e-05
0.00276989
4.61068e-05
0.00278155
9.61045e-06
0.00279374
-2.84203e-05
0.00280567
-6.64633e-05
0.00281753
-0.000104615
0.00282936
-0.000143016
0.00284114
-0.000181673
0.00285288
-0.000220577
-0.000259723
0.00268613
0.00269871
0.00271125
0.00272353
0.00273606
0.00274832
0.00276046
0.0027725
0.00278445
0.00279631
)
;

boundaryField
{
    inlet
    {
        type            calculated;
        value           nonuniform 0();
    }
    outlet
    {
        type            calculated;
        value           nonuniform 0();
    }
    cylinder
    {
        type            calculated;
        value           uniform 0;
    }
    top
    {
        type            symmetryPlane;
        value           nonuniform 0();
    }
    bottom
    {
        type            symmetryPlane;
        value           uniform 0;
    }
    defaultFaces
    {
        type            empty;
        value           nonuniform 0();
    }
    procBoundary5to4
    {
        type            processor;
        value           nonuniform List<scalar> 
100
(
-0.000918341
-2.45489e-06
-0.00140109
-6.95023e-06
-0.00179416
-1.42366e-05
-9.05966e-06
-0.00212014
-1.70988e-05
-0.00236547
-2.75149e-05
-0.00255568
-3.96809e-05
-2.81533e-05
-0.00273091
-3.92605e-05
-0.0028579
-5.05895e-05
-0.00296946
-6.142e-05
-0.00307379
-7.11799e-05
-0.00317643
-7.94587e-05
-0.00328086
-8.5986e-05
-0.00338923
-0.00347393
-0.000119607
-0.00359421
-0.000121905
-0.00372147
-0.00012192
-0.00385572
-0.000119456
-0.00399619
-0.00411296
-0.000142597
-0.0104431
-0.0102008
-0.0099652
-0.00973591
-0.00951274
-0.0092954
-0.00908366
-0.0088773
-0.0086761
-0.00847986
-0.00828839
-0.00810153
-0.0079191
-0.00774094
0.000186565
-0.00755676
-0.00738715
-0.00722139
-0.00705938
-0.00690099
-0.00674611
-0.00659464
-0.0064465
-0.00630157
-0.00615978
-0.00602105
-0.0058853
-0.00575246
-0.00562245
-0.00549521
-0.00537068
-0.00524879
-0.00512949
-0.00501273
-0.00489844
-0.00478657
-0.00467708
-0.00456991
-0.00446503
-0.00436238
-0.00426192
-0.0041636
-0.00406739
-0.00397324
-0.00388112
-0.00379099
-0.00370281
-0.00361655
-0.00353218
-0.00344966
-0.00336895
-0.00329002
-0.00321283
-0.00313733
-0.00306348
0.00020823
-0.00300041
-0.00293053
-0.00286252
-0.00279675
-0.00273378
-0.00267349
)
;
    }
    procBoundary5to6
    {
        type            processor;
        value           nonuniform List<scalar> 
86
(
0.000675132
0.00112398
-6.05827e-05
0.00152244
0.00192099
-0.000134168
0.00224207
0.00254772
0.00279985
-0.000224744
0.00298926
0.00315903
0.00329812
-0.000268908
0.0034177
0.00352817
0.00363291
-0.000285916
0.00374335
0.00385119
0.00396319
0.00408034
-0.000289304
0.0042114
0.0043397
0.010331
0.010092
0.00985978
0.00963393
0.00941426
0.00920048
0.00899235
0.00878963
0.00859212
0.0083996
0.00821188
-5.76323e-06
0.0080292
0.00785074
0.00767657
0.00750655
0.00734053
0.00717839
0.00702003
0.0068653
0.00671408
0.00656629
0.00642183
0.00628061
0.00614254
0.00600754
0.00587553
0.00574645
0.00562022
0.00549683
0.0053761
0.00525805
0.00514261
0.00502972
0.00491933
0.0048114
0.00470586
0.00460278
0.00450192
0.00440333
0.00430699
0.00421283
0.00412083
0.00403097
0.00394321
0.00385748
0.00377378
0.00369207
0.00361232
0.00353457
0.0034587
0.00338472
0.00331262
0.00324242
0.00317417
0.00310792
0.00304382
0.00298194
0.00292229
0.00286458
0.00280809
)
;
    }
    procBoundary5to21
    {
        type            processor;
        value           nonuniform List<scalar> 3(-7.86088e-08 -6.18669e-07 -0.000344478);
    }
    procBoundary5to22
    {
        type            processor;
        value           nonuniform List<scalar> 2(0.000235893 -8.55656e-06);
    }
}


// ************************************************************************* //
