/*--------------------------------*- C++ -*----------------------------------*\
  =========                 |
  \\      /  F ield         | OpenFOAM: The Open Source CFD Toolbox
   \\    /   O peration     | Website:  https://openfoam.org
    \\  /    A nd           | Version:  7
     \\/     M anipulation  |
\*---------------------------------------------------------------------------*/
FoamFile
{
    version     2.0;
    format      ascii;
    class       volVectorField;
    location    "70";
    object      U;
}
// * * * * * * * * * * * * * * * * * * * * * * * * * * * * * * * * * * * * * //

dimensions      [0 1 -1 0 0 0 0];

internalField   nonuniform List<vector> 
1450
(
(0.899582 -0.0247879 0)
(0.887569 -0.0195876 0)
(0.878379 -0.0112022 0)
(0.861308 0.000278309 0)
(0.868668 -9.87725e-05 0)
(0.917259 -0.0830929 0)
(0.97283 -0.199074 0)
(0.991649 -0.294315 0)
(0.973987 -0.348536 0)
(0.923802 -0.36054 0)
(0.854131 -0.33378 0)
(0.78036 -0.278446 0)
(0.666529 -0.22459 0)
(0.502032 -0.169426 0)
(0.371148 -0.0558399 0)
(0.331184 0.138767 0)
(0.341542 0.356045 0)
(0.390083 0.493082 0)
(0.506467 0.455318 0)
(0.697672 0.247695 0)
(0.872175 -0.0132904 0)
(0.980498 -0.212207 0)
(1.02525 -0.317678 0)
(0.996346 -0.356639 0)
(0.947248 -0.335676 0)
(0.912737 -0.281012 0)
(0.820793 -0.253834 0)
(0.687103 -0.219387 0)
(0.619494 -0.0921787 0)
(0.60732 0.111053 0)
(0.578023 0.305373 0)
(0.555103 0.405692 0)
(0.612691 0.348844 0)
(0.749793 0.172542 0)
(0.879179 -0.0134966 0)
(0.944494 -0.143491 0)
(0.955256 -0.202906 0)
(0.956161 -0.196667 0)
(0.930921 -0.1622 0)
(0.842565 -0.125278 0)
(0.728497 -0.0622925 0)
(0.649542 0.0404321 0)
(0.621926 0.138171 0)
(0.654607 0.172672 0)
(0.741765 0.127853 0)
(0.83807 0.0413761 0)
(0.905649 -0.037878 0)
(0.941646 -0.0794062 0)
(0.947858 -0.082759 0)
(0.919834 -0.0621002 0)
(0.863034 -0.0300871 0)
(0.811934 0.0077885 0)
(0.788768 0.0364418 0)
(0.804675 0.0428314 0)
(0.839013 0.0244372 0)
(0.87678 -0.00059235 0)
(0.898952 -0.0203582 0)
(0.906228 -0.0247238 0)
(0.894516 -0.0192613 0)
(0.885186 -0.0108081 0)
(0.868317 0.00042833 0)
(0.875207 -0.000202745 0)
(0.688451 0.0056207 0)
(0.664422 0.0200755 0)
(0.656137 0.0408467 0)
(0.669713 0.0646509 0)
(0.710683 0.0827463 0)
(0.780863 0.0728546 0)
(0.869728 0.0130153 0)
(0.949423 -0.0892885 0)
(1.00139 -0.202302 0)
(1.01611 -0.294273 0)
(0.994366 -0.345559 0)
(0.941537 -0.355465 0)
(0.869737 -0.327887 0)
(0.796291 -0.271043 0)
(0.687983 -0.21379 0)
(0.527094 -0.157906 0)
(0.390673 -0.0490109 0)
(0.342863 0.140208 0)
(0.352368 0.354112 0)
(0.404425 0.487294 0)
(0.526407 0.444528 0)
(0.7194 0.235068 0)
(0.890848 -0.0226541 0)
(0.994712 -0.217217 0)
(1.03573 -0.318167 0)
(1.00491 -0.354109 0)
(0.952068 -0.333026 0)
(0.916954 -0.277228 0)
(0.828696 -0.247158 0)
(0.694556 -0.213361 0)
(0.620157 -0.0896733 0)
(0.603009 0.112388 0)
(0.573721 0.306859 0)
(0.55465 0.404678 0)
(0.61854 0.343552 0)
(0.758564 0.165528 0)
(0.887847 -0.0184727 0)
(0.952536 -0.145391 0)
(0.960963 -0.203158 0)
(0.959648 -0.196095 0)
(0.935993 -0.159602 0)
(0.850334 -0.120652 0)
(0.735774 -0.0578856 0)
(0.654235 0.0428578 0)
(0.626439 0.138077 0)
(0.661565 0.170098 0)
(0.750619 0.124011 0)
(0.846552 0.0380368 0)
(0.912649 -0.0399336 0)
(0.947081 -0.0802305 0)
(0.953218 -0.0823626 0)
(0.926471 -0.0605378 0)
(0.871201 -0.0281136 0)
(0.820607 0.00913302 0)
(0.79768 0.036582 0)
(0.813325 0.0419686 0)
(0.847333 0.0232205 0)
(0.884209 -0.0015848 0)
(0.905974 -0.0208366 0)
(0.912924 -0.0246575 0)
(0.901533 -0.0189315 0)
(0.892094 -0.0104081 0)
(0.875473 0.000584713 0)
(0.881887 -0.000301768 0)
(0.741905 0.0087301 0)
(0.71597 0.0218718 0)
(0.705472 0.0407075 0)
(0.716413 0.0620151 0)
(0.75469 0.0773438 0)
(0.822113 0.0653026 0)
(0.906929 0.00526965 0)
(0.982481 -0.0951452 0)
(1.03046 -0.205106 0)
(1.04055 -0.293754 0)
(1.01441 -0.342154 0)
(0.958901 -0.350034 0)
(0.8851 -0.321751 0)
(0.811715 -0.263691 0)
(0.708924 -0.203152 0)
(0.552654 -0.146156 0)
(0.412039 -0.0416414 0)
(0.356822 0.141805 0)
(0.365171 0.351751 0)
(0.420336 0.480806 0)
(0.547915 0.433213 0)
(0.741919 0.222395 0)
(0.910647 -0.0319493 0)
(1.00959 -0.221953 0)
(1.04631 -0.318426 0)
(1.01352 -0.351323 0)
(0.95696 -0.330165 0)
(0.920927 -0.273448 0)
(0.8364 -0.240457 0)
(0.702296 -0.207037 0)
(0.621372 -0.0868397 0)
(0.599143 0.113784 0)
(0.569838 0.308162 0)
(0.554763 0.403321 0)
(0.625087 0.337946 0)
(0.767723 0.158382 0)
(0.896877 -0.0234857 0)
(0.960864 -0.147217 0)
(0.966922 -0.203279 0)
(0.963164 -0.195478 0)
(0.940883 -0.157049 0)
(0.858085 -0.116 0)
(0.743438 -0.0533504 0)
(0.6596 0.0453575 0)
(0.631706 0.137906 0)
(0.669194 0.167376 0)
(0.759931 0.120075 0)
(0.855364 0.0346878 0)
(0.919892 -0.0419531 0)
(0.952622 -0.0810273 0)
(0.958537 -0.081976 0)
(0.933042 -0.0589988 0)
(0.879432 -0.0261452 0)
(0.829517 0.0104833 0)
(0.806918 0.0367209 0)
(0.822281 0.0410991 0)
(0.855876 0.0220032 0)
(0.891772 -0.00257261 0)
(0.913062 -0.0213103 0)
(0.919657 -0.0245892 0)
(0.908606 -0.0185988 0)
(0.899091 -0.0100029 0)
(0.882765 0.000747243 0)
(0.888698 -0.000395484 0)
(0.795979 0.012099 0)
(0.768481 0.0239168 0)
(0.756026 0.0408183 0)
(0.764427 0.0596071 0)
(0.799876 0.0721208 0)
(0.864172 0.0579428 0)
(0.944779 -0.00224264 0)
(1.01607 -0.100742 0)
(1.05956 -0.207572 0)
(1.06461 -0.292821 0)
(1.0339 -0.338373 0)
(0.975747 -0.344298 0)
(0.900157 -0.315405 0)
(0.826653 -0.256413 0)
(0.729335 -0.192726 0)
(0.578616 -0.134218 0)
(0.435176 -0.0336655 0)
(0.373082 0.143778 0)
(0.379975 0.349241 0)
(0.437914 0.473801 0)
(0.570939 0.421411 0)
(0.765328 0.209534 0)
(0.931422 -0.0411919 0)
(1.02496 -0.226475 0)
(1.05688 -0.318481 0)
(1.02211 -0.348298 0)
(0.961932 -0.327089 0)
(0.924709 -0.269673 0)
(0.843956 -0.233743 0)
(0.710361 -0.200392 0)
(0.62319 -0.0835894 0)
(0.59578 0.115365 0)
(0.566426 0.309367 0)
(0.555519 0.401632 0)
(0.632347 0.331983 0)
(0.777323 0.151029 0)
(0.906254 -0.0285882 0)
(0.96942 -0.149006 0)
(0.973099 -0.20328 0)
(0.966713 -0.194817 0)
(0.945603 -0.154546 0)
(0.865822 -0.111325 0)
(0.751494 -0.0486735 0)
(0.665657 0.047961 0)
(0.637759 0.13768 0)
(0.677508 0.164512 0)
(0.769709 0.116036 0)
(0.864508 0.031316 0)
(0.927373 -0.0439445 0)
(0.958264 -0.0817985 0)
(0.963811 -0.0816 0)
(0.939535 -0.0574861 0)
(0.887708 -0.0241846 0)
(0.838645 0.0118398 0)
(0.816469 0.0368611 0)
(0.831531 0.0402254 0)
(0.864632 0.0207873 0)
(0.899461 -0.003554 0)
(0.920204 -0.0217787 0)
(0.926416 -0.0245191 0)
(0.915722 -0.018264 0)
(0.906162 -0.00959358 0)
(0.890179 0.000915559 0)
(0.895628 -0.000483572 0)
(0.850018 0.0156868 0)
(0.821396 0.0261775 0)
(0.807342 0.0411649 0)
(0.813411 0.057441 0)
(0.845988 0.067123 0)
(0.906846 0.0508242 0)
(0.98306 -0.00948468 0)
(1.04981 -0.106025 0)
(1.0883 -0.209628 0)
(1.088 -0.291422 0)
(1.05267 -0.334191 0)
(0.991969 -0.338259 0)
(0.914851 -0.30885 0)
(0.841111 -0.249211 0)
(0.749167 -0.182566 0)
(0.604858 -0.122194 0)
(0.459995 -0.0251627 0)
(0.391653 0.146145 0)
(0.396801 0.346671 0)
(0.457259 0.466376 0)
(0.595395 0.409168 0)
(0.789704 0.196485 0)
(0.953017 -0.0503405 0)
(1.04067 -0.230726 0)
(1.06739 -0.318301 0)
(1.03064 -0.345028 0)
(0.966984 -0.32379 0)
(0.928326 -0.2659 0)
(0.851381 -0.227036 0)
(0.718769 -0.193446 0)
(0.62566 -0.0799191 0)
(0.592986 0.117152 0)
(0.563538 0.310487 0)
(0.557001 0.399605 0)
(0.640331 0.325646 0)
(0.787421 0.143463 0)
(0.915967 -0.0337705 0)
(0.978158 -0.15075 0)
(0.979467 -0.203152 0)
(0.970299 -0.194101 0)
(0.95016 -0.152094 0)
(0.873543 -0.106643 0)
(0.759941 -0.0438682 0)
(0.672428 0.0506639 0)
(0.644626 0.137401 0)
(0.68652 0.161511 0)
(0.77996 0.1119 0)
(0.873986 0.0279257 0)
(0.935083 -0.0459013 0)
(0.964003 -0.0825373 0)
(0.969037 -0.0812319 0)
(0.945939 -0.0560032 0)
(0.896009 -0.0222384 0)
(0.84797 0.0131972 0)
(0.826316 0.0370013 0)
(0.841063 0.0393496 0)
(0.87359 0.0195761 0)
(0.907266 -0.00452545 0)
(0.927391 -0.0222397 0)
(0.933188 -0.0244469 0)
(0.922865 -0.0179281 0)
(0.913293 -0.00918147 0)
(0.8977 0.00108909 0)
(0.902665 -0.000565743 0)
(0.903309 0.0194398 0)
(0.874086 0.0286103 0)
(0.858874 0.0417148 0)
(0.862918 0.0555033 0)
(0.892677 0.0623642 0)
(0.949866 0.0439781 0)
(1.02149 -0.0164096 0)
(1.08333 -0.110923 0)
(1.11635 -0.211207 0)
(1.1105 -0.289515 0)
(1.0706 -0.329593 0)
(1.00748 -0.331919 0)
(0.929131 -0.302088 0)
(0.85509 -0.242081 0)
(0.768361 -0.172719 0)
(0.631239 -0.110184 0)
(0.486381 -0.0162175 0)
(0.412518 0.148876 0)
(0.415665 0.344041 0)
(0.478468 0.458539 0)
(0.6212 0.396508 0)
(0.81509 0.183285 0)
(0.975283 -0.0593465 0)
(1.05663 -0.234653 0)
(1.07779 -0.317859 0)
(1.03908 -0.341507 0)
(0.972116 -0.320257 0)
(0.931795 -0.262123 0)
(0.858676 -0.220355 0)
(0.727528 -0.186217 0)
(0.628829 -0.0758306 0)
(0.590826 0.119145 0)
(0.561237 0.311506 0)
(0.559295 0.397219 0)
(0.64906 0.318935 0)
(0.79807 0.135698 0)
(0.926005 -0.0390164 0)
(0.98704 -0.152437 0)
(0.986003 -0.202883 0)
(0.973927 -0.193317 0)
(0.954556 -0.149697 0)
(0.881238 -0.101971 0)
(0.768775 -0.0389522 0)
(0.67993 0.0534549 0)
(0.652334 0.137066 0)
(0.696243 0.158375 0)
(0.79069 0.107672 0)
(0.88379 0.024525 0)
(0.94301 -0.0478145 0)
(0.969836 -0.0832353 0)
(0.974212 -0.0808678 0)
(0.95224 -0.0545534 0)
(0.904314 -0.020314 0)
(0.857471 0.0145492 0)
(0.83644 0.0371396 0)
(0.850861 0.0384736 0)
(0.882737 0.0183736 0)
(0.915178 -0.00548314 0)
(0.934611 -0.0226908 0)
(0.939961 -0.0243724 0)
(0.930021 -0.0175918 0)
(0.920468 -0.00876796 0)
(0.905314 0.00126714 0)
(0.909795 -0.000641731 0)
(0.955109 0.0232925 0)
(0.925871 0.0311624 0)
(0.910005 0.0424283 0)
(0.912419 0.0537764 0)
(0.939504 0.0578569 0)
(0.992882 0.0374373 0)
(1.0597 -0.0229705 0)
(1.11626 -0.115378 0)
(1.1434 -0.21226 0)
(1.13193 -0.287079 0)
(1.08759 -0.324574 0)
(1.02221 -0.325292 0)
(0.94295 -0.295124 0)
(0.868594 -0.235018 0)
(0.786855 -0.163225 0)
(0.657604 -0.0982881 0)
(0.514194 -0.00690885 0)
(0.435638 0.151956 0)
(0.436579 0.341345 0)
(0.501624 0.450288 0)
(0.648295 0.383451 0)
(0.841488 0.169969 0)
(0.998078 -0.0681689 0)
(1.07275 -0.238215 0)
(1.08804 -0.317131 0)
(1.04738 -0.337735 0)
(0.977328 -0.316481 0)
(0.935125 -0.258337 0)
(0.86583 -0.213721 0)
(0.736637 -0.178725 0)
(0.632741 -0.0713194 0)
(0.589365 0.121348 0)
(0.55959 0.312407 0)
(0.562484 0.394455 0)
(0.658562 0.311847 0)
(0.80932 0.127746 0)
(0.936357 -0.0443129 0)
(0.996032 -0.154061 0)
(0.992684 -0.202466 0)
(0.977602 -0.192456 0)
(0.958794 -0.147354 0)
(0.888892 -0.0973229 0)
(0.777984 -0.0339426 0)
(0.688176 0.0563238 0)
(0.660905 0.136672 0)
(0.706685 0.155109 0)
(0.801904 0.103361 0)
(0.893914 0.0211216 0)
(0.951141 -0.0496763 0)
(0.975756 -0.0838848 0)
(0.979331 -0.0805038 0)
(0.958427 -0.0531396 0)
(0.9126 -0.0184188 0)
(0.867123 0.0158893 0)
(0.846818 0.0372737 0)
(0.860908 0.0375994 0)
(0.892059 0.0171836 0)
(0.923183 -0.00642321 0)
(0.941853 -0.0231294 0)
(0.946721 -0.0242948 0)
(0.937174 -0.0172561 0)
(0.927669 -0.00835449 0)
(0.913002 0.00144898 0)
(0.917005 -0.000711305 0)
(1.00468 0.0271697 0)
(0.976046 0.0337718 0)
(0.96007 0.0432575 0)
(0.961307 0.0522357 0)
(0.985947 0.053609 0)
(1.03546 0.0312329 0)
(1.0973 -0.0291199 0)
(1.1482 -0.119331 0)
(1.16918 -0.212747 0)
(1.1521 -0.2841 0)
(1.10354 -0.319138 0)
(1.03611 -0.318391 0)
(0.956264 -0.28797 0)
(0.881629 -0.228016 0)
(0.804593 -0.154118 0)
(0.683788 -0.0866042 0)
(0.543268 0.00267621 0)
(0.460945 0.155367 0)
(0.459559 0.338589 0)
(0.526773 0.441637 0)
(0.676654 0.370024 0)
(0.868862 0.156569 0)
(1.02127 -0.0767647 0)
(1.08895 -0.241372 0)
(1.0981 -0.316098 0)
(1.05552 -0.33371 0)
(0.982616 -0.312453 0)
(0.938329 -0.254535 0)
(0.872827 -0.207154 0)
(0.746087 -0.170992 0)
(0.637436 -0.0663819 0)
(0.588671 0.123773 0)
(0.558675 0.31318 0)
(0.566649 0.391294 0)
(0.668879 0.30438 0)
(0.821213 0.119614 0)
(0.947017 -0.0496453 0)
(1.00511 -0.155612 0)
(0.99949 -0.201894 0)
(0.981328 -0.191507 0)
(0.96287 -0.145067 0)
(0.896487 -0.0927171 0)
(0.787555 -0.0288578 0)
(0.697175 0.0592602 0)
(0.670358 0.136217 0)
(0.717854 0.151719 0)
(0.813601 0.0989747 0)
(0.904343 0.0177232 0)
(0.959458 -0.0514787 0)
(0.981755 -0.0844779 0)
(0.984391 -0.0801356 0)
(0.964488 -0.0517643 0)
(0.920845 -0.0165601 0)
(0.876898 0.017211 0)
(0.857425 0.0374013 0)
(0.871183 0.0367289 0)
(0.901538 0.0160101 0)
(0.931268 -0.00734173 0)
(0.949104 -0.023553 0)
(0.953455 -0.0242138 0)
(0.944307 -0.0169217 0)
(0.93488 -0.00794258 0)
(0.920746 0.00163375 0)
(0.924279 -0.000774268 0)
(1.05133 0.0309903 0)
(1.02391 0.0363699 0)
(1.00839 0.0441467 0)
(1.00893 0.0508477 0)
(1.03142 0.049619 0)
(1.07712 0.0253912 0)
(1.13382 -0.0348114 0)
(1.17876 -0.122731 0)
(1.19342 -0.212635 0)
(1.17087 -0.280575 0)
(1.11838 -0.313293 0)
(1.04912 -0.311236 0)
(0.96903 -0.280638 0)
(0.894206 -0.221069 0)
(0.821531 -0.145426 0)
(0.709619 -0.0752325 0)
(0.573413 0.0124397 0)
(0.488346 0.159085 0)
(0.484619 0.335781 0)
(0.553922 0.432607 0)
(0.706285 0.356261 0)
(0.897151 0.14312 0)
(1.04472 -0.0850862 0)
(1.10514 -0.244087 0)
(1.10794 -0.314739 0)
(1.06345 -0.329436 0)
(0.987975 -0.308168 0)
(0.941415 -0.250709 0)
(0.879646 -0.200675 0)
(0.755865 -0.163043 0)
(0.642952 -0.0610181 0)
(0.588811 0.126428 0)
(0.558578 0.313812 0)
(0.571866 0.38772 0)
(0.680065 0.296531 0)
(0.833788 0.111316 0)
(0.95798 -0.0549958 0)
(1.01424 -0.157082 0)
(1.0064 -0.20116 0)
(0.985111 -0.190459 0)
(0.966786 -0.142835 0)
(0.904002 -0.08817 0)
(0.797468 -0.0237182 0)
(0.706932 0.0622521 0)
(0.680706 0.135699 0)
(0.729758 0.148209 0)
(0.82578 0.0945222 0)
(0.91506 0.0143387 0)
(0.967943 -0.0532134 0)
(0.987825 -0.0850068 0)
(0.989389 -0.0797585 0)
(0.97041 -0.0504298 0)
(0.929023 -0.0147452 0)
(0.886767 0.0185073 0)
(0.868231 0.0375201 0)
(0.881661 0.0358639 0)
(0.911154 0.014857 0)
(0.939419 -0.00823467 0)
(0.956351 -0.0239586 0)
(0.960148 -0.0241286 0)
(0.951403 -0.0165895 0)
(0.942081 -0.00753378 0)
(0.928527 0.00182056 0)
(0.931599 -0.000830467 0)
(1.09445 0.0346716 0)
(1.06883 0.0388852 0)
(1.05428 0.0450358 0)
(1.05463 0.049572 0)
(1.07531 0.0458763 0)
(1.1173 0.019931 0)
(1.16879 -0.0400042 0)
(1.20758 -0.125536 0)
(1.21588 -0.211906 0)
(1.1881 -0.276509 0)
(1.13205 -0.307052 0)
(1.06122 -0.303845 0)
(0.981212 -0.273148 0)
(0.906341 -0.21417 0)
(0.837636 -0.137171 0)
(0.734922 -0.0642712 0)
(0.604413 0.022274 0)
(0.517721 0.16307 0)
(0.511769 0.332922 0)
(0.583031 0.423222 0)
(0.737212 0.3422 0)
(0.92627 0.129671 0)
(1.06831 -0.0930822 0)
(1.12123 -0.246322 0)
(1.11752 -0.313033 0)
(1.07113 -0.324914 0)
(0.993401 -0.303621 0)
(0.944398 -0.246851 0)
(0.886267 -0.194305 0)
(0.765952 -0.154908 0)
(0.649323 -0.0552315 0)
(0.589857 0.129322 0)
(0.559391 0.314291 0)
(0.578202 0.383717 0)
(0.692181 0.288301 0)
(0.847076 0.102864 0)
(0.96924 -0.0603433 0)
(1.0234 -0.15846 0)
(1.01339 -0.200259 0)
(0.988955 -0.189301 0)
(0.970541 -0.140656 0)
(0.911411 -0.0836991 0)
(0.807696 -0.0185462 0)
(0.717445 0.0652856 0)
(0.691958 0.135117 0)
(0.742398 0.144588 0)
(0.838435 0.0900137 0)
(0.926043 0.0109776 0)
(0.976571 -0.054872 0)
(0.993955 -0.0854636 0)
(0.994322 -0.0793676 0)
(0.976183 -0.0491379 0)
(0.93711 -0.0129815 0)
(0.896698 0.0197712 0)
(0.879205 0.0376272 0)
(0.892315 0.0350061 0)
(0.920886 0.0137282 0)
(0.947618 -0.00909791 0)
(0.963581 -0.0243434 0)
(0.966787 -0.0240384 0)
(0.958446 -0.0162601 0)
(0.949254 -0.0071297 0)
(0.936325 0.00200839 0)
(0.938947 -0.000879797 0)
(1.13353 0.0381348 0)
(1.11022 0.0412474 0)
(1.09714 0.0458636 0)
(1.09777 0.0483638 0)
(1.11698 0.0423631 0)
(1.15545 0.0148638 0)
(1.20173 -0.0446659 0)
(1.2343 -0.127714 0)
(1.23636 -0.210552 0)
(1.20369 -0.271917 0)
(1.1445 -0.300437 0)
(1.07238 -0.296245 0)
(0.992776 -0.265521 0)
(0.918051 -0.207314 0)
(0.852895 -0.129365 0)
(0.759526 -0.0538146 0)
(0.636026 0.0320633 0)
(0.548924 0.167271 0)
(0.541005 0.33001 0)
(0.614025 0.413505 0)
(0.76946 0.327884 0)
(0.956121 0.116277 0)
(1.0919 -0.100699 0)
(1.13714 -0.248044 0)
(1.1268 -0.310963 0)
(1.07853 -0.320149 0)
(0.998885 -0.298811 0)
(0.947293 -0.242951 0)
(0.892666 -0.188065 0)
(0.776321 -0.146621 0)
(0.656577 -0.0490295 0)
(0.59188 0.132458 0)
(0.561218 0.314603 0)
(0.585717 0.379268 0)
(0.705295 0.27969 0)
(0.861101 0.0942786 0)
(0.980792 -0.065664 0)
(1.03256 -0.159736 0)
(1.02043 -0.199185 0)
(0.992864 -0.188022 0)
(0.974135 -0.13853 0)
(0.91869 -0.079322 0)
(0.818211 -0.0133661 0)
(0.728705 0.068345 0)
(0.704116 0.134468 0)
(0.755776 0.140864 0)
(0.851555 0.085461 0)
(0.937268 0.00765061 0)
(0.985318 -0.0564458 0)
(1.00013 -0.0858404 0)
(0.999186 -0.0789576 0)
(0.981796 -0.0478902 0)
(0.945081 -0.0112762 0)
(0.906658 0.0209953 0)
(0.890313 0.0377197 0)
(0.903114 0.0341572 0)
(0.930708 0.0126277 0)
(0.955848 -0.00992732 0)
(0.970778 -0.0247044 0)
(0.973358 -0.0239422 0)
(0.965417 -0.0159343 0)
(0.95638 -0.00673193 0)
(0.944117 0.00219619 0)
(0.946305 -0.000922199 0)
(1.16824 0.0413097 0)
(1.14763 0.0433916 0)
(1.13644 0.0465718 0)
(1.13774 0.047178 0)
(1.15585 0.0390563 0)
(1.19104 0.0101924 0)
(1.23219 -0.0487754 0)
(1.2586 -0.12925 0)
(1.25468 -0.208579 0)
(1.21756 -0.266824 0)
(1.15571 -0.293474 0)
(1.0826 -0.288458 0)
(1.0037 -0.257779 0)
(0.929353 -0.200493 0)
(0.867312 -0.122012 0)
(0.783264 -0.0439501 0)
(0.667988 0.0416842 0)
(0.581777 0.171623 0)
(0.572295 0.327039 0)
(0.646806 0.403479 0)
(0.803032 0.313357 0)
(0.986587 0.103004 0)
(1.11535 -0.10788 0)
(1.15276 -0.24922 0)
(1.13576 -0.308512 0)
(1.08561 -0.315147 0)
(1.00442 -0.293736 0)
(0.950119 -0.238999 0)
(0.89882 -0.181976 0)
(0.786944 -0.138218 0)
(0.664737 -0.0424242 0)
(0.594955 0.13584 0)
(0.564164 0.314735 0)
(0.594472 0.374358 0)
(0.719475 0.270702 0)
(0.875876 0.0855796 0)
(0.992626 -0.0709312 0)
(1.04171 -0.160897 0)
(1.0275 -0.197934 0)
(0.99684 -0.186613 0)
(0.977571 -0.136453 0)
(0.925811 -0.0750563 0)
(0.828976 -0.00820408 0)
(0.740696 0.071413 0)
(0.717176 0.13375 0)
(0.769887 0.137044 0)
(0.865122 0.0808769 0)
(0.948704 0.00436932 0)
(0.994155 -0.0579261 0)
(1.00635 -0.0861297 0)
(1.00398 -0.0785232 0)
(0.987239 -0.0466875 0)
(0.952911 -0.0096364 0)
(0.916611 0.022172 0)
(0.901515 0.0377943 0)
(0.914025 0.0333186 0)
(0.940594 0.0115594 0)
(0.964088 -0.0107188 0)
(0.977928 -0.0250386 0)
(0.979845 -0.0238392 0)
(0.972299 -0.0156127 0)
(0.963438 -0.00634211 0)
(0.951881 0.00238279 0)
(0.953653 -0.000957671 0)
(1.19839 0.0441392 0)
(1.18077 0.0452626 0)
(1.17176 0.0471085 0)
(1.17408 0.0459713 0)
(1.1914 0.0359296 0)
(1.22357 0.00591182 0)
(1.25976 -0.0523244 0)
(1.28023 -0.130144 0)
(1.27074 -0.206008 0)
(1.22966 -0.261266 0)
(1.16566 -0.286195 0)
(1.09189 -0.280513 0)
(1.01396 -0.249951 0)
(0.940265 -0.193704 0)
(0.88091 -0.115106 0)
(0.805983 -0.0347561 0)
(0.700013 0.0510076 0)
(0.616069 0.176044 0)
(0.605565 0.324001 0)
(0.681264 0.393167 0)
(0.837899 0.29867 0)
(1.01753 0.0899294 0)
(1.13853 -0.114567 0)
(1.16801 -0.249822 0)
(1.14435 -0.305664 0)
(1.09234 -0.309916 0)
(1.00998 -0.2884 0)
(0.952899 -0.234982 0)
(0.904709 -0.176056 0)
(0.797782 -0.129741 0)
(0.67382 -0.0354324 0)
(0.599159 0.139467 0)
(0.568338 0.314673 0)
(0.604523 0.368972 0)
(0.734783 0.261342 0)
(0.891409 0.0767929 0)
(1.00473 -0.0761157 0)
(1.05081 -0.16193 0)
(1.03458 -0.196502 0)
(1.00089 -0.185063 0)
(0.980852 -0.134421 0)
(0.932745 -0.0709193 0)
(0.83995 -0.00308806 0)
(0.753393 0.07447 0)
(0.731128 0.13296 0)
(0.784722 0.13314 0)
(0.879115 0.076276 0)
(0.960317 0.00114617 0)
(1.00305 -0.0593044 0)
(1.01257 -0.086324 0)
(1.00869 -0.0780587 0)
(0.992503 -0.0455303 0)
(0.960576 -0.00806881 0)
(0.92652 0.0232937 0)
(0.91277 0.0378476 0)
(0.925012 0.0324918 0)
(0.950512 0.010527 0)
(0.972318 -0.0114683 0)
(0.985014 -0.0253428 0)
(0.986236 -0.0237282 0)
(0.979075 -0.0152959 0)
(0.970408 -0.00596181 0)
(0.959593 0.00256701 0)
(0.960969 -0.000986268 0)
(1.22394 0.0465821 0)
(1.20946 0.0468177 0)
(1.20284 0.0474313 0)
(1.20642 0.0447061 0)
(1.22323 0.0329559 0)
(1.25266 0.00200622 0)
(1.28414 -0.055318 0)
(1.29901 -0.130412 0)
(1.28444 -0.202873 0)
(1.23998 -0.255284 0)
(1.17437 -0.278638 0)
(1.10027 -0.272437 0)
(1.02354 -0.242063 0)
(0.950801 -0.186944 0)
(0.893733 -0.108633 0)
(0.82755 -0.0262988 0)
(0.7318 0.0599011 0)
(0.651551 0.180439 0)
(0.640685 0.320881 0)
(0.717289 0.382593 0)
(0.873989 0.283874 0)
(1.0488 0.0771355 0)
(1.16129 -0.120703 0)
(1.18276 -0.249824 0)
(1.15254 -0.302407 0)
(1.09869 -0.304465 0)
(1.01557 -0.282806 0)
(0.95566 -0.230888 0)
(0.910312 -0.170324 0)
(0.808793 -0.121235 0)
(0.683834 -0.0280772 0)
(0.60457 0.143334 0)
(0.573845 0.314404 0)
(0.615935 0.363099 0)
(0.751271 0.251618 0)
(0.90769 0.0679478 0)
(1.01709 -0.0811857 0)
(1.05985 -0.16282 0)
(1.04162 -0.194886 0)
(1.005 -0.183364 0)
(0.983985 -0.132428 0)
(0.939466 -0.0669277 0)
(0.851087 0.00195236 0)
(0.766764 0.0774947 0)
(0.745953 0.132096 0)
(0.800263 0.129163 0)
(0.893503 0.0716743 0)
(0.97207 -0.00200552 0)
(1.01197 -0.0605719 0)
(1.0188 -0.0864164 0)
(1.01332 -0.0775584 0)
(0.997581 -0.0444187 0)
(0.968051 -0.00657985 0)
(0.936348 0.024353 0)
(0.924036 0.037876 0)
(0.936032 0.0316778 0)
(0.960431 0.00953407 0)
(0.980514 -0.0121719 0)
(0.992021 -0.0256139 0)
(0.992514 -0.023608 0)
(0.985727 -0.0149842 0)
(0.97727 -0.00559261 0)
(0.967231 0.00274758 0)
(0.968234 -0.0010081 0)
(1.24505 0.0486154 0)
(1.23371 0.0480292 0)
(1.22955 0.04751 0)
(1.23453 0.0433523 0)
(1.25104 0.0301094 0)
(1.27801 -0.00153153 0)
(1.30511 -0.0577741 0)
(1.31482 -0.130086 0)
(1.29578 -0.199219 0)
(1.24855 -0.248928 0)
(1.18186 -0.270842 0)
(1.10778 -0.264259 0)
(1.03246 -0.234144 0)
(0.960971 -0.180214 0)
(0.90584 -0.10257 0)
(0.847856 -0.0186287 0)
(0.763036 0.0682318 0)
(0.687934 0.184702 0)
(0.677464 0.317653 0)
(0.754762 0.371777 0)
(0.911177 0.269031 0)
(1.08019 0.0647141 0)
(1.18345 -0.126227 0)
(1.19692 -0.249204 0)
(1.16029 -0.298732 0)
(1.10461 -0.298804 0)
(1.02115 -0.276965 0)
(0.958433 -0.226704 0)
(0.915611 -0.164795 0)
(0.819927 -0.112747 0)
(0.694782 -0.0203877 0)
(0.611265 0.147433 0)
(0.580786 0.313914 0)
(0.628775 0.356726 0)
(0.768981 0.241542 0)
(0.924701 0.0590779 0)
(1.02967 -0.0861072 0)
(1.06878 -0.163552 0)
(1.0486 -0.193084 0)
(1.00918 -0.181506 0)
(0.986979 -0.130468 0)
(0.945944 -0.0630975 0)
(0.862335 0.00688626 0)
(0.780764 0.0804638 0)
(0.761621 0.131152 0)
(0.816486 0.125123 0)
(0.908251 0.0670893 0)
(0.983921 -0.00507165 0)
(1.02088 -0.0617202 0)
(1.02501 -0.0864004 0)
(1.01787 -0.0770165 0)
(1.00247 -0.0433519 0)
(0.975313 -0.00517547 0)
(0.946055 0.0253423 0)
(0.935267 0.0378759 0)
(0.947045 0.0308775 0)
(0.970315 0.00858401 0)
(0.98865 -0.0128259 0)
(0.99893 -0.025849 0)
(0.998666 -0.0234774 0)
(0.992238 -0.0146782 0)
(0.984005 -0.00523602 0)
(0.97477 0.00292322 0)
(0.975423 -0.00102335 0)
(1.26199 0.050234 0)
(1.25368 0.0488854 0)
(1.25193 0.0473277 0)
(1.25835 0.0418892 0)
(1.27471 0.027368 0)
(1.29948 -0.00472607 0)
(1.32255 -0.0597222 0)
(1.32765 -0.129211 0)
(1.3048 -0.195099 0)
(1.25543 -0.242252 0)
(1.18818 -0.262851 0)
(1.11446 -0.256008 0)
(1.04072 -0.226224 0)
(0.970783 -0.173517 0)
(0.917304 -0.0968862 0)
(0.866826 -0.011779 0)
(0.79341 0.0758703 0)
(0.72488 0.188714 0)
(0.715642 0.314286 0)
(0.793547 0.360739 0)
(0.949282 0.254206 0)
(1.11149 0.0527623 0)
(1.20486 -0.131081 0)
(1.21037 -0.247947 0)
(1.16758 -0.294631 0)
(1.1101 -0.292944 0)
(1.02671 -0.270886 0)
(0.96125 -0.222415 0)
(0.920594 -0.159483 0)
(0.831127 -0.104331 0)
(0.706651 -0.0124005 0)
(0.61932 0.15175 0)
(0.589255 0.313189 0)
(0.643118 0.349844 0)
(0.787937 0.23113 0)
(0.942405 0.0502211 0)
(1.04244 -0.0908443 0)
(1.0776 -0.164108 0)
(1.05549 -0.191095 0)
(1.01343 -0.179483 0)
(0.989844 -0.128533 0)
(0.952156 -0.0594434 0)
(0.873639 0.0116817 0)
(0.795341 0.0833519 0)
(0.778095 0.130124 0)
(0.833354 0.121034 0)
(0.923314 0.0625397 0)
(0.995823 -0.00803748 0)
(1.02974 -0.0627411 0)
(1.03117 -0.08627 0)
(1.02232 -0.0764275 0)
(1.00715 -0.0423289 0)
(0.98234 -0.00386102 0)
(0.955603 0.0262544 0)
(0.946415 0.0378435 0)
(0.958005 0.0300918 0)
(0.980128 0.0076799 0)
(0.996701 -0.0134267 0)
(1.00572 -0.0260451 0)
(1.00468 -0.023335 0)
(0.998591 -0.0143779 0)
(0.990591 -0.00489348 0)
(0.982184 0.00309259 0)
(0.982516 -0.00103224 0)
(1.27513 0.0514492 0)
(1.26964 0.04939 0)
(1.27016 0.0468811 0)
(1.27796 0.0403065 0)
(1.29425 0.0247138 0)
(1.31704 -0.00761402 0)
(1.3365 -0.061201 0)
(1.33756 -0.12784 0)
(1.3116 -0.190577 0)
(1.2607 -0.235313 0)
(1.19341 -0.25471 0)
(1.12036 -0.247711 0)
(1.04833 -0.218329 0)
(0.980235 -0.166861 0)
(0.92821 -0.091547 0)
(0.884424 -0.00576647 0)
(0.822618 0.082696 0)
(0.762003 0.192349 0)
(0.754898 0.310732 0)
(0.833471 0.349496 0)
(0.988056 0.239476 0)
(1.14244 0.0413803 0)
(1.22534 -0.135213 0)
(1.22302 -0.246043 0)
(1.17438 -0.290103 0)
(1.11513 -0.286901 0)
(1.03222 -0.264583 0)
(0.964147 -0.218007 0)
(0.925253 -0.154398 0)
(0.84233 -0.0960403 0)
(0.719421 -0.00415952 0)
(0.628801 0.156266 0)
(0.599337 0.312214 0)
(0.659039 0.342449 0)
(0.808148 0.220403 0)
(0.960752 0.041419 0)
(1.05537 -0.0953596 0)
(1.08625 -0.164473 0)
(1.06225 -0.188919 0)
(1.01773 -0.177288 0)
(0.992594 -0.126614 0)
(0.958075 -0.0559787 0)
(0.884936 0.0163059 0)
(0.810431 0.0861318 0)
(0.795323 0.129007 0)
(0.850821 0.116909 0)
(0.938639 0.0580458 0)
(1.00773 -0.0108877 0)
(1.03851 -0.0636266 0)
(1.03726 -0.0860199 0)
(1.02668 -0.075786 0)
(1.01164 -0.041348 0)
(0.989111 -0.00264124 0)
(0.964953 0.0270825 0)
(0.95743 0.037775 0)
(0.968864 0.029321 0)
(0.989832 0.00682449 0)
(1.00464 -0.0139713 0)
(1.01238 -0.0261994 0)
(1.01053 -0.0231797 0)
(1.00477 -0.0140836 0)
(0.997011 -0.00456631 0)
(0.989451 0.00325437 0)
(0.98949 -0.00103509 0)
(1.28494 0.0522863 0)
(1.28196 0.0495606 0)
(1.28453 0.0461798 0)
(1.29358 0.0386042 0)
(1.3098 0.0221349 0)
(1.33081 -0.0102162 0)
(1.34707 -0.0622553 0)
(1.34471 -0.126035 0)
(1.31631 -0.185717 0)
(1.26449 -0.228171 0)
(1.1976 -0.246463 0)
(1.12556 -0.239396 0)
(1.05534 -0.210486 0)
(0.989326 -0.160257 0)
(0.93864 -0.086513 0)
(0.900656 -0.000586758 0)
(0.850379 0.0886022 0)
(0.798873 0.195476 0)
(0.794849 0.306934 0)
(0.874308 0.338062 0)
(1.02718 0.224923 0)
(1.17273 0.0306695 0)
(1.24469 -0.138572 0)
(1.23474 -0.243489 0)
(1.18065 -0.285151 0)
(1.11969 -0.280686 0)
(1.03765 -0.258076 0)
(0.967162 -0.213467 0)
(0.929586 -0.149545 0)
(0.853465 -0.0879321 0)
(0.733057 0.00428298 0)
(0.639766 0.160959 0)
(0.611109 0.310974 0)
(0.676617 0.334535 0)
(0.829598 0.20939 0)
(0.979674 0.0327175 0)
(1.06841 -0.0996147 0)
(1.09473 -0.164628 0)
(1.06885 -0.186555 0)
(1.02208 -0.174916 0)
(0.995244 -0.1247 0)
(0.963682 -0.0527145 0)
(0.896162 0.0207257 0)
(0.825959 0.0887747 0)
(0.813241 0.127794 0)
(0.868823 0.112764 0)
(0.954164 0.0536287 0)
(1.01958 -0.0136067 0)
(1.04715 -0.0643692 0)
(1.04327 -0.0856456 0)
(1.03094 -0.0750867 0)
(1.01592 -0.0404072 0)
(0.995609 -0.00152009 0)
(0.974065 0.02782 0)
(0.968262 0.0376667 0)
(0.979573 0.0285656 0)
(0.999384 0.00602019 0)
(1.01244 -0.0144567 0)
(1.01889 -0.0263095 0)
(1.01622 -0.0230099 0)
(1.01076 -0.0137953 0)
(1.00325 -0.00425576 0)
(0.996546 0.00340723 0)
(0.996322 -0.00103223 0)
(1.2919 0.0527806 0)
(1.2911 0.0494259 0)
(1.29542 0.0452442 0)
(1.30554 0.0367916 0)
(1.32164 0.019625 0)
(1.34103 -0.0125586 0)
(1.35448 -0.0629337 0)
(1.34929 -0.123863 0)
(1.31911 -0.180588 0)
(1.26693 -0.220883 0)
(1.20087 -0.238156 0)
(1.13011 -0.231088 0)
(1.06179 -0.202718 0)
(0.998048 -0.153719 0)
(0.948679 -0.0817445 0)
(0.915573 0.00378978 0)
(0.876448 0.0935027 0)
(0.835022 0.197965 0)
(0.835061 0.302819 0)
(0.915752 0.326449 0)
(1.06625 0.210639 0)
(1.20205 0.0207262 0)
(1.26274 -0.141117 0)
(1.24544 -0.240292 0)
(1.18638 -0.279781 0)
(1.12377 -0.274316 0)
(1.04297 -0.251386 0)
(0.970332 -0.208782 0)
(0.933601 -0.144925 0)
(0.864457 -0.0800646 0)
(0.747505 0.0128663 0)
(0.652257 0.165797 0)
(0.624642 0.309451 0)
(0.695922 0.326105 0)
(0.852253 0.198127 0)
(0.999086 0.0241662 0)
(1.08148 -0.103571 0)
(1.10298 -0.164556 0)
(1.07526 -0.184006 0)
(1.02647 -0.172364 0)
(0.997813 -0.122781 0)
(0.968959 -0.0496599 0)
(0.90725 0.0249082 0)
(0.84184 0.0912502 0)
(0.831771 0.12648 0)
(0.887287 0.108613 0)
(0.969818 0.0493104 0)
(1.03132 -0.0161789 0)
(1.05561 -0.064962 0)
(1.04915 -0.0851434 0)
(1.03508 -0.0743249 0)
(1.02 -0.0395037 0)
(1.00182 -0.000500751 0)
(0.982902 0.0284611 0)
(0.978862 0.0375149 0)
(0.990082 0.0278254 0)
(1.00875 0.00526897 0)
(1.02006 -0.0148806 0)
(1.02523 -0.026373 0)
(1.02173 -0.0228245 0)
(1.01654 -0.013513 0)
(1.00928 -0.00396291 0)
(1.00344 0.00354986 0)
(1.00299 -0.0010241 0)
(1.2965 0.0529739 0)
(1.29752 0.0490225 0)
(1.30329 0.0441035 0)
(1.31422 0.0348857 0)
(1.33012 0.0171835 0)
(1.34802 -0.0146654 0)
(1.35903 -0.063285 0)
(1.35157 -0.121387 0)
(1.32023 -0.175255 0)
(1.26819 -0.213502 0)
(1.2033 -0.229828 0)
(1.13409 -0.222813 0)
(1.06771 -0.195046 0)
(1.00639 -0.147263 0)
(0.958396 -0.0772035 0)
(0.92927 0.00741028 0)
(0.900629 0.0973375 0)
(0.869961 0.199692 0)
(0.875052 0.298303 0)
(0.957412 0.314669 0)
(1.10481 0.19672 0)
(1.23002 0.0116446 0)
(1.27931 -0.142818 0)
(1.25504 -0.236464 0)
(1.19155 -0.274005 0)
(1.12738 -0.267805 0)
(1.04814 -0.244535 0)
(0.973693 -0.20394 0)
(0.937315 -0.140536 0)
(0.875226 -0.0724964 0)
(0.762696 0.0215216 0)
(0.666296 0.170744 0)
(0.640002 0.307625 0)
(0.717013 0.317165 0)
(0.876052 0.186658 0)
(1.01889 0.015818 0)
(1.09453 -0.107189 0)
(1.11099 -0.164238 0)
(1.08144 -0.181275 0)
(1.03088 -0.169632 0)
(1.00032 -0.120845 0)
(0.973894 -0.0468214 0)
(0.918131 0.0288213 0)
(0.85798 0.0935269 0)
(0.850817 0.125056 0)
(0.906118 0.104472 0)
(0.98552 0.0451134 0)
(1.0429 -0.0185886 0)
(1.06385 -0.0653989 0)
(1.05489 -0.0845107 0)
(1.0391 -0.0734965 0)
(1.02387 -0.0386345 0)
(1.00772 0.000414525 0)
(0.991429 0.0290004 0)
(0.98918 0.0373162 0)
(1.00034 0.0271004 0)
(1.01787 0.00457235 0)
(1.02749 -0.015241 0)
(1.03137 -0.0263879 0)
(1.02704 -0.0226221 0)
(1.02211 -0.0132364 0)
(1.01509 -0.00368869 0)
(1.01013 0.003681 0)
(1.00947 -0.00101114 0)
(1.29921 0.0529107 0)
(1.30169 0.0483913 0)
(1.30859 0.0427921 0)
(1.3201 0.0329091 0)
(1.33568 0.0148145 0)
(1.35217 -0.0165581 0)
(1.36108 -0.0633562 0)
(1.35186 -0.118671 0)
(1.31988 -0.16978 0)
(1.26841 -0.206079 0)
(1.20499 -0.22152 0)
(1.13755 -0.214593 0)
(1.07318 -0.187485 0)
(1.01436 -0.140907 0)
(0.967848 -0.0728566 0)
(0.94188 0.010336 0)
(0.922788 0.100078 0)
(0.903204 0.200544 0)
(0.914301 0.293296 0)
(0.998802 0.302735 0)
(1.14231 0.183262 0)
(1.25628 0.00350557 0)
(1.29422 -0.143658 0)
(1.26346 -0.232029 0)
(1.19613 -0.267842 0)
(1.13051 -0.261169 0)
(1.05312 -0.237553 0)
(0.977277 -0.198932 0)
(0.940755 -0.136366 0)
(0.885685 -0.0652846 0)
(0.778538 0.0301716 0)
(0.681883 0.175754 0)
(0.657249 0.305475 0)
(0.739931 0.307726 0)
(0.900912 0.175036 0)
(1.03896 0.00772907 0)
(1.10748 -0.110432 0)
(1.11871 -0.16366 0)
(1.08736 -0.178364 0)
(1.0353 -0.166718 0)
(1.00279 -0.11888 0)
(0.978481 -0.0442025 0)
(0.928736 0.0324342 0)
(0.874272 0.0955728 0)
(0.870268 0.123515 0)
(0.925208 0.100359 0)
(1.00118 0.0410602 0)
(1.05424 -0.0208209 0)
(1.07184 -0.0656743 0)
(1.06045 -0.0837457 0)
(1.043 -0.0725977 0)
(1.02753 -0.0377962 0)
(1.01331 0.00122447 0)
(0.999613 0.0294337 0)
(0.999165 0.0370675 0)
(1.0103 0.0263899 0)
(1.02673 0.00393137 0)
(1.03468 -0.0155366 0)
(1.03731 -0.0263525 0)
(1.03214 -0.0224015 0)
(1.02745 -0.0129654 0)
(1.02066 -0.00343388 0)
(1.01657 0.00379944 0)
(1.01574 -0.000993893 0)
(1.30046 0.0526347 0)
(1.30407 0.0475743 0)
(1.31178 0.0413471 0)
(1.32361 0.0308882 0)
(1.33875 0.0125254 0)
(1.3539 -0.0182545 0)
(1.36101 -0.0631904 0)
(1.35047 -0.115771 0)
(1.3183 -0.164218 0)
(1.26776 -0.198659 0)
(1.20606 -0.213264 0)
(1.14058 -0.206449 0)
(1.07823 -0.180049 0)
(1.02194 -0.134669 0)
(0.977073 -0.0686772 0)
(0.95356 0.0126427 0)
(0.942862 0.10173 0)
(0.934297 0.200427 0)
(0.952265 0.287705 0)
(1.03934 0.29066 0)
(1.17817 0.170362 0)
(1.28045 -0.00363362 0)
(1.30733 -0.143634 0)
(1.27064 -0.227022 0)
(1.20013 -0.261316 0)
(1.1332 -0.254424 0)
(1.05788 -0.230469 0)
(0.981108 -0.193751 0)
(0.943963 -0.132401 0)
(0.895751 -0.0584838 0)
(0.794918 0.0387314 0)
(0.698992 0.180772 0)
(0.676433 0.302975 0)
(0.76469 0.29781 0)
(0.926719 0.163325 0)
(1.05917 -4.21614e-05 0)
(1.12023 -0.113263 0)
(1.12611 -0.162805 0)
(1.09299 -0.175279 0)
(1.0397 -0.163627 0)
(1.00523 -0.116873 0)
(0.982719 -0.0418036 0)
(0.938997 0.0357181 0)
(0.890604 0.0973561 0)
(0.889995 0.12185 0)
(0.944432 0.0962892 0)
(1.0167 0.037173 0)
(1.06528 -0.0228616 0)
(1.07951 -0.0657839 0)
(1.06582 -0.0828479 0)
(1.04677 -0.0716256 0)
(1.031 -0.0369851 0)
(1.01858 0.00192878 0)
(1.00742 0.0297572 0)
(1.00877 0.0367659 0)
(1.01991 0.0256935 0)
(1.03526 0.00334654 0)
(1.04162 -0.0157663 0)
(1.04302 -0.0262656 0)
(1.03703 -0.0221617 0)
(1.03254 -0.0126994 0)
(1.02599 -0.00319907 0)
(1.02274 0.00390407 0)
(1.02179 -0.0009729 0)
(1.30059 0.0521863 0)
(1.30505 0.0466122 0)
(1.3133 0.0398053 0)
(1.32522 0.02885 0)
(1.33979 0.0103261 0)
(1.35365 -0.0197694 0)
(1.35921 -0.0628255 0)
(1.3477 -0.112737 0)
(1.31572 -0.158619 0)
(1.2664 -0.191281 0)
(1.2066 -0.205093 0)
(1.14322 -0.198402 0)
(1.08294 -0.172748 0)
(1.02914 -0.128568 0)
(0.98609 -0.0646467 0)
(0.964482 0.0144146 0)
(0.960865 0.102337 0)
(0.962851 0.199273 0)
(0.988394 0.281441 0)
(1.07839 0.278464 0)
(1.21176 0.158103 0)
(1.30218 -0.00973386 0)
(1.3185 -0.142762 0)
(1.27654 -0.221485 0)
(1.20355 -0.254454 0)
(1.13546 -0.247585 0)
(1.06238 -0.223313 0)
(0.985205 -0.188394 0)
(0.946993 -0.128619 0)
(0.905338 -0.0521436 0)
(0.811697 0.047109 0)
(0.717565 0.185733 0)
(0.697598 0.300099 0)
(0.791274 0.287444 0)
(0.953334 0.151598 0)
(1.07937 -0.00743537 0)
(1.13271 -0.115648 0)
(1.13315 -0.161658 0)
(1.0983 -0.172024 0)
(1.04406 -0.160362 0)
(1.00768 -0.114813 0)
(0.986615 -0.0396216 0)
(0.94885 0.0386472 0)
(0.906855 0.0988456 0)
)
;

boundaryField
{
    inlet
    {
        type            uniformFixedValue;
        uniformValue    constant (1 0 0);
        value           nonuniform 0();
    }
    outlet
    {
        type            pressureInletOutletVelocity;
        value           nonuniform List<vector> 
23
(
(0.868668 -9.87725e-05 0)
(0.875207 -0.000202745 0)
(0.881887 -0.000301768 0)
(0.888698 -0.000395484 0)
(0.895628 -0.000483572 0)
(0.902665 -0.000565743 0)
(0.909795 -0.000641731 0)
(0.917005 -0.000711305 0)
(0.924279 -0.000774268 0)
(0.931599 -0.000830467 0)
(0.938947 -0.000879797 0)
(0.946305 -0.000922199 0)
(0.953653 -0.000957671 0)
(0.960969 -0.000986268 0)
(0.968234 -0.0010081 0)
(0.975423 -0.00102335 0)
(0.982516 -0.00103224 0)
(0.98949 -0.00103509 0)
(0.996322 -0.00103223 0)
(1.00299 -0.0010241 0)
(1.00947 -0.00101114 0)
(1.01574 -0.000993893 0)
(1.02179 -0.0009729 0)
)
;
    }
    cylinder
    {
        type            fixedValue;
        value           nonuniform 0();
    }
    top
    {
        type            symmetryPlane;
    }
    bottom
    {
        type            symmetryPlane;
    }
    defaultFaces
    {
        type            empty;
    }
    procBoundary11to9
    {
        type            processor;
        value           nonuniform List<vector> 
66
(
(0.892996 -0.024854 0)
(0.880704 -0.0199102 0)
(0.871686 -0.011588 0)
(0.854457 0.000135892 0)
(0.862278 9.80294e-06 0)
(0.886355 -0.0763173 0)
(0.945392 -0.195097 0)
(0.967734 -0.293575 0)
(0.953648 -0.350861 0)
(0.905922 -0.365139 0)
(0.838364 -0.339424 0)
(0.763862 -0.285949 0)
(0.644524 -0.235599 0)
(0.477536 -0.180842 0)
(0.35352 -0.0624579 0)
(0.321749 0.13717 0)
(0.332656 0.3575 0)
(0.37722 0.498362 0)
(0.488091 0.465738 0)
(0.676651 0.260395 0)
(0.854756 -0.00392264 0)
(0.967239 -0.206651 0)
(1.01504 -0.316789 0)
(0.987886 -0.358847 0)
(0.942484 -0.338139 0)
(0.908178 -0.284834 0)
(0.812577 -0.260506 0)
(0.679872 -0.225216 0)
(0.619338 -0.0945608 0)
(0.612018 0.109636 0)
(0.582694 0.303692 0)
(0.556045 0.406401 0)
(0.607519 0.353848 0)
(0.741365 0.179477 0)
(0.870883 -0.00840558 0)
(0.936813 -0.141434 0)
(0.949851 -0.202494 0)
(0.952703 -0.197203 0)
(0.925644 -0.164851 0)
(0.834763 -0.129886 0)
(0.721599 -0.0666039 0)
(0.645496 0.03804 0)
(0.618132 0.138169 0)
(0.6483 0.175096 0)
(0.73336 0.131608 0)
(0.829912 0.0447215 0)
(0.898895 -0.0357727 0)
(0.93632 -0.078551 0)
(0.942463 -0.0831659 0)
(0.913144 -0.063686 0)
(0.854949 -0.0320656 0)
(0.803511 0.00644766 0)
(0.780195 0.036298 0)
(0.796337 0.0436852 0)
(0.830923 0.0256517 0)
(0.869493 0.000404656 0)
(0.892004 -0.0198758 0)
(0.892004 -0.0198758 0)
(0.636196 0.00279781 0)
(0.614306 0.0185337 0)
(0.608389 0.0411892 0)
(0.624583 0.0674042 0)
(0.668023 0.0881751 0)
(0.740546 0.0804932 0)
(0.833328 0.0210217 0)
(0.833328 0.0210217 0)
)
;
    }
    procBoundary11to10
    {
        type            processor;
        value           nonuniform List<vector> 
19
(
(0.720309 0.00129715 0)
(0.775746 0.00519026 0)
(0.831389 0.00937042 0)
(0.88647 0.0137869 0)
(0.940184 0.0183732 0)
(0.991725 0.0230471 0)
(1.04033 0.0277162 0)
(1.08532 0.0322841 0)
(1.12615 0.0366564 0)
(1.16241 0.0407468 0)
(1.19391 0.0444825 0)
(1.22058 0.0478085 0)
(1.24258 0.0506903 0)
(1.26019 0.0531137 0)
(1.27381 0.0550844 0)
(1.28391 0.0566244 0)
(1.29102 0.0577681 0)
(1.29565 0.0585585 0)
(1.29832 0.0590422 0)
)
;
    }
    procBoundary11to12
    {
        type            processor;
        value           nonuniform List<vector> 3((1.29946 0.0592658 0) (1.29945 0.0592731 0) (1.29861 0.0591028 0));
    }
    procBoundary11to13
    {
        type            processor;
        value           nonuniform List<vector> 
65
(
(0.909852 0.120054 0)
(0.963647 0.0922791 0)
(1.03196 0.0334727 0)
(1.07595 -0.024698 0)
(1.08685 -0.0657245 0)
(1.07096 -0.0818177 0)
(1.0504 -0.0705782 0)
(1.03427 -0.0361972 0)
(1.02351 0.00252819 0)
(1.01483 0.0299686 0)
(1.01796 0.0364088 0)
(1.02912 0.0250102 0)
(1.04344 0.00281787 0)
(1.04826 -0.01593 0)
(1.04848 -0.0261265 0)
(1.04168 -0.0219016 0)
(1.03738 -0.0124382 0)
(1.03105 -0.00298464 0)
(1.02865 0.00399386 0)
(1.02758 -0.000948754 0)
(1.29992 0.0516012 0)
(1.30498 0.0455417 0)
(1.31352 0.0382015 0)
(1.32533 0.0268211 0)
(1.33922 0.00822747 0)
(1.35183 -0.0211141 0)
(1.35603 -0.0622933 0)
(1.34387 -0.109612 0)
(1.31236 -0.153024 0)
(1.26447 -0.183978 0)
(1.2067 -0.19703 0)
(1.14553 -0.190467 0)
(1.08734 -0.16559 0)
(1.03597 -0.122618 0)
(0.994899 -0.0607553 0)
(0.974813 0.0157392 0)
(0.976889 0.101976 0)
(0.988575 0.197044 0)
(1.02216 0.274432 0)
(1.11524 0.26617 0)
(1.24249 0.146559 0)
(1.32116 -0.0147809 0)
(1.32765 -0.141076 0)
(1.28115 -0.21547 0)
(1.20637 -0.247292 0)
(1.13734 -0.240665 0)
(1.06659 -0.21612 0)
(0.989571 -0.182863 0)
(0.949911 -0.124992 0)
(0.914369 -0.0463063 0)
(0.828711 0.0552068 0)
(0.737515 0.190558 0)
(0.720764 0.296814 0)
(0.819624 0.276667 0)
(0.980584 0.139937 0)
(1.0994 -0.0143895 0)
(1.1448 -0.117556 0)
(1.1398 -0.16021 0)
(1.10327 -0.168608 0)
(1.04836 -0.156931 0)
(1.01015 -0.112687 0)
(0.990183 -0.0376503 0)
(0.958238 0.041199 0)
(0.909852 0.120054 0)
(0.9229 0.100012 0)
)
;
    }
}


// ************************************************************************* //
