/*--------------------------------*- C++ -*----------------------------------*\
  =========                 |
  \\      /  F ield         | OpenFOAM: The Open Source CFD Toolbox
   \\    /   O peration     | Website:  https://openfoam.org
    \\  /    A nd           | Version:  7
     \\/     M anipulation  |
\*---------------------------------------------------------------------------*/
FoamFile
{
    version     2.0;
    format      ascii;
    class       volScalarField;
    location    "33";
    object      p;
}
// * * * * * * * * * * * * * * * * * * * * * * * * * * * * * * * * * * * * * //

dimensions      [0 2 -2 0 0 0 0];

internalField   nonuniform List<scalar> 
1062
(
0.615779
0.608622
0.600557
0.591226
0.580459
0.568362
0.555148
0.541053
0.526299
0.613457
0.606394
0.59844
0.589228
0.57858
0.566599
0.553494
0.539502
0.524845
0.609981
0.603058
0.59527
0.586237
0.575767
0.563958
0.551018
0.53718
0.522668
0.605356
0.598619
0.591054
0.582257
0.572024
0.560445
0.547722
0.53409
0.51977
0.599593
0.593088
0.585798
0.577296
0.567359
0.556065
0.543614
0.530237
0.516158
0.586475
0.579515
0.571364
0.561779
0.550827
0.538701
0.52563
0.511837
0.578793
0.572215
0.564472
0.555297
0.544741
0.532991
0.520275
0.506816
0.570059
0.563913
0.556633
0.547923
0.537817
0.526496
0.514183
0.501102
0.487454
0.560288
0.554625
0.547862
0.539671
0.530069
0.519226
0.507364
0.494707
0.481455
0.549502
0.544371
0.538176
0.530557
0.52151
0.511195
0.499831
0.487641
0.474827
0.537722
0.533168
0.527594
0.520599
0.512157
0.502418
0.491597
0.479917
0.467581
0.524972
0.521041
0.516135
0.509814
0.502027
0.492911
0.482677
0.471548
0.459729
0.511277
0.508012
0.503822
0.498223
0.491137
0.48269
0.473086
0.46255
0.451286
0.496665
0.494106
0.490678
0.485848
0.479509
0.471774
0.462843
0.452937
0.442265
0.479353
0.476728
0.472711
0.467164
0.460183
0.451964
0.442727
0.432682
0.422016
0.463779
0.461999
0.458838
0.454124
0.447938
0.440469
0.431937
0.422554
0.412508
0.447417
0.44652
0.444254
0.440414
0.435061
0.428379
0.420587
0.411898
0.402503
0.430299
0.43032
0.428987
0.426058
0.421575
0.415716
0.408697
0.400732
0.392017
0.412457
0.413431
0.413066
0.411083
0.407505
0.402501
0.396286
0.389076
0.381068
0.395884
0.39652
0.395517
0.392877
0.388758
0.383377
0.37695
0.369675
0.361728
0.377714
0.379381
0.379388
0.377715
0.374512
0.369992
0.364374
0.357857
0.350621
0.358956
0.361681
0.362726
0.362049
0.359788
0.356155
0.351369
0.345634
0.339129
0.343453
0.345562
0.345905
0.344612
0.341889
0.337958
0.333025
0.327273
0.324732
0.327927
0.329314
0.32901
0.32722
0.324164
0.320053
0.315071
0.309378
0.305552
0.309854
0.312305
0.313011
0.312172
0.31001
0.306737
0.302543
0.297587
0.285951
0.291376
0.294909
0.296641
0.296771
0.29552
0.293102
0.289708
0.285505
0.272527
0.277156
0.279932
0.281045
0.280718
0.279168
0.276589
0.273149
0.269001
0.253341
0.25908
0.262911
0.26502
0.26563
0.264959
0.263206
0.26054
0.257117
0.233854
0.240712
0.245608
0.248724
0.250281
0.250499
0.24958
0.247697
0.245007
0.222086
0.228055
0.232184
0.234696
0.235812
0.235734
0.23464
0.23269
0.230094
0.203234
0.210281
0.21543
0.218902
0.22092
0.22169
0.221391
0.220183
0.218286
0.192318
0.19849
0.202926
0.20585
0.207471
0.207968
0.207507
0.20631
0.174197
0.181393
0.186794
0.190625
0.193098
0.194395
0.19468
0.194184
0.192968
0.164167
0.170533
0.175271
0.178596
0.180693
0.181724
0.181926
0.181373
0.146843
0.15417
0.159813
0.163989
0.166883
0.168658
0.169556
0.169666
0.168008
0.12945
0.137732
0.144276
0.149299
0.152988
0.155504
0.157094
0.157868
0.156763
0.121247
0.128685
0.13455
0.13903
0.142284
0.144558
0.146004
0.145468
0.144568
0.113066
0.119766
0.125033
0.129021
0.131969
0.134093
0.134198
0.133334
0.0974437
0.104971
0.111019
0.115738
0.119343
0.122129
0.123049
0.121862
0.0901869
0.0970084
0.102459
0.106709
0.110114
0.112334
0.111179
0.075437
0.0830229
0.0892042
0.0941147
0.098077
0.101356
0.102076
0.0690822
0.0759884
0.0815778
0.086105
0.0901985
0.0926415
0.0552051
0.0628235
0.0690961
0.0742158
0.0789617
0.0825688
0.0497234
0.056668
0.0623948
0.0677336
0.0721682
0.0443017
0.0506332
0.0565445
0.0616737
0.0389351
0.0453968
0.0511516
0.0273123
0.0342993
0.0406242
0.0232688
0.030122
0.0196743
-0.033019
-0.0329551
-0.0328324
-0.0326523
-0.0324177
-0.0321304
-0.0317922
-0.0314041
-0.030967
-0.0304813
-0.0299472
-0.0293647
-0.0287334
-0.0280529
-0.0273223
-0.0265408
-0.0257071
-0.0248198
-0.0238775
-0.0228783
-0.0218201
-0.0207008
-0.0195179
-0.0182688
-0.0169503
-0.0155593
-0.0140922
-0.0125453
-0.0109143
-0.00919473
-0.0073817
-0.00546995
-0.00345379
-0.00132712
0.000916624
0.00328446
0.0057839
0.00842292
0.01121
0.0141542
0.0172649
0.0205522
0.0240263
0.0276983
0.0315792
0.0356804
0.0400136
0.0445903
0.0494219
0.0545197
0.0598944
0.0655552
0.0715073
0.0777548
0.0843192
0.0912454
0.0984653
0.105509
0.112009
0.120725
-0.0349134
-0.035901
-0.0368917
-0.0378846
-0.0388806
-0.0398799
-0.0408825
-0.0418883
-0.0428969
-0.0348515
-0.035836
-0.0368235
-0.0378132
-0.0388062
-0.0398029
-0.0408032
-0.041807
-0.042814
-0.0347386
-0.0357252
-0.0367147
-0.0377064
-0.0387016
-0.0397009
-0.0407043
-0.0417114
-0.0427221
-0.0345721
-0.0355635
-0.0365578
-0.0375539
-0.0385535
-0.0395576
-0.0405661
-0.0415786
-0.042595
-0.0343569
-0.0353567
-0.0363592
-0.0373628
-0.0383699
-0.0393819
-0.0403987
-0.0414197
-0.0424449
-0.0340938
-0.035105
-0.0361187
-0.0371325
-0.0381498
-0.0391723
-0.0401998
-0.041232
-0.0422685
-0.0337845
-0.0348104
-0.0358382
-0.036865
-0.0378951
-0.0389307
-0.0399717
-0.0410176
-0.0420681
-0.03343
-0.0344735
-0.0355183
-0.0365607
-0.0376062
-0.0386575
-0.0397146
-0.0407768
-0.0418436
-0.042915
-0.033031
-0.0340951
-0.0351598
-0.0362205
-0.0372838
-0.0383534
-0.0394291
-0.04051
-0.0415958
-0.0426863
-0.0325878
-0.0336756
-0.0347631
-0.0358446
-0.0369283
-0.0380186
-0.0391154
-0.0402176
-0.0413248
-0.0424368
-0.0321007
-0.0332151
-0.0343283
-0.0354332
-0.0365398
-0.0376533
-0.0387738
-0.0398998
-0.0410308
-0.0421667
-0.0315696
-0.0327136
-0.0338554
-0.0349864
-0.0361183
-0.0372577
-0.0384042
-0.0395565
-0.0407139
-0.0418762
-0.0309942
-0.0321708
-0.0333442
-0.0345039
-0.0356638
-0.0368315
-0.0380068
-0.0391879
-0.0403741
-0.0415653
-0.0303739
-0.0315862
-0.0327943
-0.0339854
-0.0351759
-0.0363745
-0.0375812
-0.0387937
-0.0400113
-0.041234
-0.0297081
-0.0309594
-0.0322052
-0.0334305
-0.0346542
-0.0358865
-0.0371272
-0.0383738
-0.0396255
-0.0408822
-0.0289959
-0.0302893
-0.0315762
-0.0328386
-0.0340983
-0.035367
-0.0366444
-0.0379279
-0.0392163
-0.0405097
-0.0282362
-0.0295752
-0.0309065
-0.032209
-0.0335075
-0.0348154
-0.0361325
-0.0374556
-0.0387835
-0.0401163
-0.0274276
-0.0288158
-0.0301951
-0.0315408
-0.032881
-0.0342311
-0.0355908
-0.0369565
-0.0383268
-0.0397019
-0.0265689
-0.0280099
-0.0294408
-0.030833
-0.0322179
-0.0336133
-0.0350187
-0.0364301
-0.0378458
-0.0392661
-0.0256582
-0.0271559
-0.0286425
-0.0300844
-0.0315173
-0.0329612
-0.0344156
-0.0358757
-0.03734
-0.0388086
-0.0246937
-0.0262522
-0.0277985
-0.0292938
-0.030778
-0.0322738
-0.0337805
-0.0352928
-0.0368089
-0.038329
-0.0236735
-0.0252969
-0.0269073
-0.0284597
-0.0299988
-0.03155
-0.0331126
-0.0346805
-0.0362518
-0.0378268
-0.0225951
-0.024288
-0.0259671
-0.0275807
-0.0291783
-0.0307886
-0.0324108
-0.0340381
-0.0356682
-0.0373016
-0.0214561
-0.0232231
-0.0249759
-0.0266548
-0.0283148
-0.0299882
-0.0316739
-0.0333644
-0.0350572
-0.0367527
-0.0202536
-0.0220999
-0.0239316
-0.0256801
-0.0274068
-0.0291474
-0.0309008
-0.0326586
-0.0344179
-0.0361795
-0.0189847
-0.0209155
-0.0228316
-0.0246546
-0.0264522
-0.0282645
-0.03009
-0.0319194
-0.0337496
-0.0355813
-0.0176461
-0.0196669
-0.0216735
-0.0235759
-0.0254491
-0.0273376
-0.02924
-0.0311456
-0.033051
-0.0349573
-0.016234
-0.0183509
-0.0204543
-0.0224415
-0.0243951
-0.0263649
-0.0283491
-0.0303357
-0.0323212
-0.0343066
-0.0147446
-0.0169639
-0.0191708
-0.0212486
-0.0232878
-0.0253442
-0.0274153
-0.0294882
-0.0315587
-0.0336282
-0.0131736
-0.015502
-0.0178197
-0.019994
-0.0221245
-0.0242729
-0.0264368
-0.0286013
-0.0307622
-0.032921
-0.0115162
-0.0139608
-0.0163972
-0.0186744
-0.0209021
-0.0231486
-0.0254111
-0.0276732
-0.02993
-0.0321837
-0.00976736
-0.0123358
-0.0148991
-0.0172863
-0.0196173
-0.0219683
-0.0243358
-0.0267016
-0.0290605
-0.0314149
-0.00792159
-0.0106218
-0.0133211
-0.0158255
-0.0182666
-0.0207288
-0.0232081
-0.0256842
-0.0281516
-0.0306129
-0.00597287
-0.00881346
-0.0116582
-0.0142877
-0.0168461
-0.0194267
-0.022025
-0.0246185
-0.0272012
-0.0297762
-0.00391476
-0.00690474
-0.0099052
-0.0126682
-0.0153514
-0.0180581
-0.0207832
-0.0235016
-0.0262069
-0.0289026
-0.00174029
-0.00488923
-0.00805636
-0.0109618
-0.0137779
-0.016619
-0.019479
-0.0223304
-0.025166
-0.02799
0.000558055
-0.00275998
-0.00610549
-0.00916285
-0.0121206
-0.0151047
-0.0181085
-0.0211014
-0.0240756
-0.027036
0.00298832
-0.000509527
-0.0040459
-0.00726535
-0.0103738
-0.0135104
-0.0166673
-0.0198107
-0.0229325
-0.0260378
0.00555911
0.00187016
-0.00187037
-0.00526267
-0.00853158
-0.0118305
-0.0151506
-0.0184543
-0.0217329
-0.0249924
0.00827962
0.00438765
0.00042883
-0.00314771
-0.00658743
-0.0100594
-0.0135532
-0.0170275
-0.0204729
-0.0238964
-0.0273019
0.0111596
0.00705209
0.00286001
-0.000912841
-0.00453434
-0.00819056
-0.0118694
-0.0155253
-0.0191483
-0.0227461
-0.0263231
0.0142094
0.00987322
0.00543203
0.00145016
-0.00236473
-0.00621719
-0.0100931
-0.0139422
-0.017754
-0.0215373
-0.0252968
0.0174399
0.0128613
0.00815434
0.00395007
-7.04843e-05
-0.00413187
-0.00821761
-0.0122722
-0.016285
-0.0202656
-0.0242191
0.0208625
0.0160272
0.0110369
0.00659625
0.0023571
-0.00192665
-0.00623566
-0.0105089
-0.0147354
-0.0189259
-0.0230858
0.0244891
0.0193822
0.0140904
0.00939867
0.00492731
0.000406996
-0.00413951
-0.00864531
-0.013099
-0.0175127
-0.021892
0.028332
0.0229383
0.0173259
0.0123678
0.00765
0.00287817
-0.00192082
-0.00667371
-0.0113689
-0.01602
-0.0206327
0.0324041
0.0267077
0.0207549
0.0155149
0.0105356
0.00549656
0.000429336
-0.004586
-0.00953783
-0.0144412
-0.019302
0.0367181
0.0307029
0.0243895
0.0188513
0.0135951
0.00827239
0.00292046
-0.00237338
-0.00759773
-0.0127692
-0.0178938
0.041287
0.0349365
0.028242
0.0223893
0.0168401
0.0112164
0.00556262
-2.6483e-05
-0.00554001
-0.0109962
-0.016401
0.0461232
0.0394207
0.0323248
0.0261412
0.0202824
0.0143399
0.00836643
0.00246467
-0.00335543
-0.00911388
-0.0148163
0.0512384
0.0441672
0.03665
0.0301196
0.0239343
0.0176545
0.011343
0.00511067
-0.00103408
-0.0071131
-0.0131315
0.0566426
0.0491862
0.0412295
0.0343377
0.0278084
0.0211719
0.0145038
0.00792269
0.00143459
-0.00498415
-0.0113376
0.0623414
0.0544845
0.046074
0.0388082
0.0319176
0.0249044
0.0178607
0.0109125
0.00406184
-0.00271656
-0.00942507
0.0683334
0.060062
0.0511909
0.0435433
0.0362737
0.0288634
0.021426
0.0140927
0.0068596
-0.000299164
-0.00738346
0.0746133
0.0659108
0.0565837
0.0485529
0.0408864
0.0330589
0.0252115
0.0174758
0.00984018
0.00227979
-0.00520164
0.0811807
0.0720278
0.0622631
0.0538499
0.0457647
0.0375004
0.0292295
0.0210755
0.0130173
0.00503399
-0.00286618
0.088006
0.0784161
0.0682562
0.0594574
0.05092
0.0421968
0.0334904
0.0249017
0.0164001
0.0079725
-0.000368357
0.0948888
0.0849918
0.0745645
0.065393
0.0563597
0.0471536
0.0379974
0.0289525
0.0199845
0.0110914
0.00228834
0.101416
0.0915278
0.0812187
0.071787
0.0622694
0.0526001
0.0429925
0.0334677
0.024005
0.0146172
0.00532017
0.106745
0.097031
0.0872615
0.0776474
0.0677393
0.0577096
0.0477025
0.037724
0.0277832
0.0179061
0.00811144
)
;

boundaryField
{
    inlet
    {
        type            zeroGradient;
    }
    outlet
    {
        type            fixedValue;
        value           nonuniform 0();
    }
    cylinder
    {
        type            zeroGradient;
    }
    top
    {
        type            symmetryPlane;
    }
    bottom
    {
        type            symmetryPlane;
    }
    defaultFaces
    {
        type            empty;
    }
    procBoundary3to2
    {
        type            processor;
        value           nonuniform List<scalar> 
109
(
0.511083
0.50972
0.507678
0.504961
0.501574
0.497522
0.492812
0.492812
0.473412
0.467785
0.461567
0.454769
0.447401
0.439478
0.431011
0.431011
0.41089
0.401963
0.392567
0.382718
0.372433
0.372433
0.353255
0.342814
0.332009
0.320858
0.320858
0.303118
0.292019
0.280641
0.280641
0.264339
0.253138
0.241717
0.241717
0.226892
0.215745
0.204431
0.204431
0.190193
0.17916
0.17916
0.166567
0.155646
0.155646
0.157153
0.146751
0.135571
0.135571
-0.0301809
-0.030109
-0.0299693
-0.0297653
-0.0294995
-0.0291741
-0.028791
-0.0283515
-0.0278563
-0.0273061
-0.0267011
-0.0260411
-0.0253258
-0.0245546
-0.0237266
-0.0228407
-0.0218955
-0.0208895
-0.0198208
-0.0186875
-0.0174871
-0.0162173
-0.0148751
-0.0134576
-0.0119614
-0.0103828
-0.00871811
-0.0069629
-0.00511267
-0.00316248
-0.00110705
0.00105927
0.00334255
0.00574923
0.00828618
0.0109607
0.0137805
0.0167537
0.0198889
0.023195
0.0266813
0.0303575
0.0342336
0.0383199
0.0426268
0.047165
0.0519452
0.0569783
0.0622748
0.0678456
0.0737014
0.0798522
0.0863066
0.0930762
0.100189
0.107686
0.115514
0.123408
0.131442
0.141896
)
;
    }
    procBoundary3to4
    {
        type            processor;
        value           nonuniform List<scalar> 
130
(
0.623079
0.620692
0.617117
0.612362
0.606437
0.592704
0.592704
0.584703
0.575606
0.565433
0.554203
0.541941
0.528672
0.514424
0.499225
0.481166
0.481166
0.464812
0.447634
0.429669
0.410953
0.393929
0.393929
0.37475
0.354959
0.339646
0.339646
0.319822
0.299522
0.278784
0.265964
0.265964
0.245631
0.224988
0.214103
0.214103
0.194122
0.184191
0.184191
0.16499
0.15595
0.15595
0.137608
0.119203
0.112016
0.112016
0.104741
0.104741
0.0882412
0.0818423
0.0818423
0.0662865
0.0607433
0.0607433
0.0461267
0.0414096
0.0414096
0.0367036
0.0367036
0.0320113
0.0320113
0.0198125
0.0157789
0.0157789
0.0123226
0.0123226
0.00930297
0.00930297
-0.0439084
-0.0438242
-0.0437364
-0.0436152
-0.0434741
-0.0433092
-0.0431229
-0.0431229
-0.043991
-0.0437814
-0.0435535
-0.0433075
-0.0430435
-0.0427616
-0.0424618
-0.0421439
-0.0418081
-0.0414541
-0.0410819
-0.0406912
-0.0402818
-0.0398535
-0.0394059
-0.0389388
-0.0384517
-0.0379441
-0.0374155
-0.0368655
-0.0362932
-0.0356981
-0.0350792
-0.0344357
-0.0337665
-0.0330702
-0.0323456
-0.0315912
-0.0308051
-0.0299855
-0.0291301
-0.0282365
-0.0282365
-0.0306891
-0.029879
-0.0290319
-0.0281448
-0.027214
-0.0262356
-0.0252054
-0.0241182
-0.0229689
-0.0217513
-0.0204589
-0.0190844
-0.01762
-0.0160568
-0.0143852
-0.0125951
-0.0106737
-0.00861315
-0.00641648
-0.00387787
-0.00158858
)
;
    }
    procBoundary3to19
    {
        type            processor;
        value           nonuniform List<scalar> 9(0.616941 0.609738 0.601616 0.592226 0.581399 0.569244 0.555976 0.541829 0.527027);
    }
}


// ************************************************************************* //
