/*--------------------------------*- C++ -*----------------------------------*\
  =========                 |
  \\      /  F ield         | OpenFOAM: The Open Source CFD Toolbox
   \\    /   O peration     | Website:  https://openfoam.org
    \\  /    A nd           | Version:  7
     \\/     M anipulation  |
\*---------------------------------------------------------------------------*/
FoamFile
{
    version     2.0;
    format      ascii;
    class       surfaceScalarField;
    location    "90";
    object      phi;
}
// * * * * * * * * * * * * * * * * * * * * * * * * * * * * * * * * * * * * * //

dimensions      [0 3 -1 0 0 0 0];

internalField   nonuniform List<scalar> 
2794
(
0.00307661
-0.00186258
-0.00151167
0.00305068
-0.00163347
0.00312406
0.00321463
-0.00177149
-0.00130875
0.00309566
-0.00142716
0.00316909
-0.00155292
0.00324982
0.00334321
-0.00168149
-0.00111334
0.00313249
-0.00122289
0.00320521
-0.00133705
0.00328325
-0.00145639
0.00336916
0.00346589
-0.00157907
-0.000927169
0.0031625
-0.00102849
0.00323381
-0.00113337
0.00331009
-0.00124252
0.0033924
-0.00135575
0.00348238
0.00358049
-0.00147035
-0.000750458
0.00318624
-0.000843867
0.00325591
-0.000940275
0.00333022
-0.00104013
0.00340994
-0.00114374
0.00349601
-0.00125045
0.00358909
0.00368822
-0.00135818
-0.000669108
0.00327187
-0.000757428
0.00334423
-0.000848697
0.00342149
-0.000943198
0.00350444
-0.00104097
0.00359378
-0.00114129
0.00368942
0.00378972
-0.00124279
-0.000504406
0.00328156
-0.00058482
0.00335229
-0.000667889
0.0034273
-0.000753808
0.00350741
-0.000842715
0.00359335
-0.000934485
0.00368555
-0.00102851
0.00378344
0.00388518
-0.00112398
-0.000350083
0.00328387
-0.000422584
0.00335407
-0.000497642
0.00342734
-0.000575305
0.00350497
-0.000655689
0.00358779
-0.000738829
0.00367649
-0.000824528
0.00377125
-0.000912314
0.00387123
0.00397463
-0.00100176
-0.000206842
0.00327533
-0.000271053
0.00334808
-0.000338059
0.00342107
-0.00040763
0.00349692
-0.000479745
0.00357708
-0.000554447
0.00366249
-0.000631696
0.00375373
-0.000711285
0.00385084
-0.000792875
0.00395282
0.00405803
-0.00087627
-0.000131051
0.00333013
-0.00018951
0.00340654
-0.000250889
0.00348245
-0.000314852
0.00356088
-0.000381297
0.00364353
-0.000450198
0.00373139
-0.000521471
0.00382501
-0.000594922
0.00392429
-0.000670327
0.00402822
0.00413532
-0.000747626
-4.4316e-06
0.003291
-5.29859e-05
0.00337869
-0.000105522
0.00345908
-0.000161142
0.00353807
-0.000219384
0.00361912
-0.000280056
0.0037042
-0.000343066
0.0037944
-0.000408301
0.00389024
-0.000475597
0.00399159
-0.000544806
0.00409743
0.00420646
-0.000615947
6.93266e-05
0.00332697
2.72659e-05
0.00342075
-1.91767e-05
0.00350552
-6.89002e-05
0.00358779
-0.000121315
0.00367153
-0.000176126
0.00375901
-0.000233174
0.00385145
-0.000292333
0.0039494
-0.000353465
0.00405272
-0.000416467
0.00416043
0.00427138
-0.000481379
0.000173327
0.00323364
0.000144859
0.00335544
0.000109591
0.00345601
6.94559e-05
0.00354566
2.57501e-05
0.0036315
-2.07471e-05
0.00371803
-6.9618e-05
0.00380788
-0.00012064
0.00390247
-0.000173691
0.00400245
-0.000228653
0.00410768
-0.000285467
0.00421725
0.00432995
-0.00034404
0.000242498
0.00324391
0.000221969
0.00337597
0.000193825
0.00348416
0.000160231
0.00357925
0.000122721
0.00366901
8.22509e-05
0.0037585
3.9358e-05
0.00385077
-5.65818e-06
0.00394749
-5.25393e-05
0.00404933
-0.000101265
0.00415641
-0.000152009
0.00426799
0.00438215
-0.000204212
0.000312491
0.0032447
0.000300406
0.00338805
0.000279778
0.00350479
0.000253002
0.00360603
0.000221862
0.00370015
0.000187536
0.00379283
0.000150729
0.00388758
0.000111845
0.00398637
7.10959e-05
0.00409008
2.86914e-05
0.00419881
-1.53234e-05
0.00431201
0.00442924
-6.24054e-05
0.000382917
0.00323536
0.000379852
0.00339112
0.000367204
0.00351743
0.00034758
0.00362565
0.00032303
0.0037247
0.000294976
0.00382088
0.000264307
0.00391825
0.000231535
0.00401914
0.000196937
0.00412468
0.000160608
0.00423514
0.00012242
0.00435019
0.00446914
8.25164e-05
0.000433138
0.00300182
0.000453295
0.0032152
0.000459909
0.0033845
0.000455788
0.00352156
0.000443724
0.00363772
0.000426038
0.00374238
0.000404419
0.0038425
0.000379975
0.00394269
0.00035337
0.00404575
0.000324965
0.00415308
0.000294937
0.00426517
0.000263351
0.00438178
0.00450221
0.000230278
0.000491324
0.00295379
0.00052304
0.00318349
0.000540075
0.00336747
0.000545129
0.0035165
0.000541127
0.00364172
0.00053065
0.00375286
0.000515682
0.00385747
0.000497583
0.00396079
0.000477203
0.00406613
0.000455027
0.00417526
0.000431298
0.0042889
0.000406085
0.00440699
0.00452893
0.000379367
0.0005474
0.00289292
0.000591448
0.00313944
0.000619733
0.00333918
0.000634722
0.00350151
0.000639395
0.00363705
0.00063657
0.00375569
0.000628534
0.0038655
0.000616934
0.00397239
0.000602843
0.00408022
0.000586893
0.00419121
0.000569403
0.00430639
0.000550475
0.00442592
0.00454928
0.000530125
0.000600521
0.00281872
0.000657682
0.00308228
0.000698124
0.00329874
0.000723928
0.00347571
0.000738022
0.00362295
0.00074341
0.0037503
0.000742682
0.00386623
0.000737798
0.00397728
0.000730096
0.00408792
0.000720395
0.00420091
0.000709133
0.00431765
0.000696482
0.00443857
0.00456327
0.000682495
0.000649739
0.00273083
0.000720763
0.00301126
0.000774326
0.00324518
0.000811947
0.00343809
0.000836362
0.00359854
0.000850676
0.00373598
0.000857757
0.00385915
0.000859901
0.00397513
0.000858752
0.00408907
0.000855369
0.00420429
0.000850351
0.00432267
0.00084397
0.00444495
0.00457092
0.000836319
0.000694004
0.00262905
0.000779556
0.0029257
0.000847228
0.0031775
0.000897781
0.00338754
0.000933578
0.00356274
0.00095771
0.00371185
0.000973265
0.0038436
0.000982878
0.00396552
0.000988539
0.00408341
0.000991596
0.00420124
0.000992863
0.0043214
0.000992746
0.00444507
0.00457226
0.000991405
0.000732247
0.00251346
0.000832839
0.00282511
0.000915578
0.00309477
0.00098026
0.00332285
0.00102867
0.00351433
0.00106371
0.00367681
0.0010886
0.00381871
0.0011063
0.00394783
0.00111915
0.00407056
0.00112885
0.00419153
0.00113648
0.00431377
0.00114265
0.00443891
0.00456731
0.0011476
0.000763334
0.00238445
0.000879237
0.00270921
0.000977893
0.00299611
0.00105794
0.00324281
0.00112033
0.00345193
0.0011676
0.00362955
0.00120293
0.00378337
0.00122952
0.00392123
0.00125012
0.00404996
0.00126679
0.00417486
0.00128095
0.0042996
0.00129345
0.00442641
0.00455606
0.00130469
0.000786188
0.00224281
0.000917331
0.00257806
0.00103254
0.0028809
0.00112913
0.00314622
0.001207
0.00337406
0.00126801
0.00356854
0.00131514
0.00373624
0.00135173
0.00388464
0.00138085
0.00402084
0.00140499
0.00415073
0.00142595
0.00427864
0.0014449
0.00440746
0.00453851
0.00146245
0.000799846
0.000945715
0.00243219
0.00107779
0.00274883
0.00119194
0.00303206
0.00128679
0.00327922
0.00136324
0.00349208
0.00142383
0.00367565
0.00147181
0.00383666
0.00151052
0.00398214
0.00154285
0.00411839
0.00157106
0.00425044
0.00159669
0.00438183
0.00451458
0.00162062
0.000963093
0.00227265
0.00111185
0.00260007
0.00124429
0.00289963
0.00135751
0.003166
0.00145123
0.00339837
0.00152716
0.00359972
0.00158828
0.00377554
0.001638
0.00393241
0.00167958
0.00407682
0.00171571
0.00421431
0.0017484
0.00434913
0.00448409
0.00177889
0.0009684
0.0021011
0.00113307
0.0024354
0.001284
0.0027487
0.00141674
0.00303326
0.0015295
0.00328561
0.00162288
0.00350634
0.00169921
0.00369921
0.00176177
0.00386986
0.00181401
0.00402457
0.00185908
0.00416924
0.00189948
0.00430873
0.00444671
0.00193686
0.000960932
0.00191982
0.00113999
0.00225634
0.00130897
0.00257972
0.00146187
0.00288036
0.00159524
0.00315224
0.00170822
0.00339336
0.00180214
0.00360529
0.00187977
0.00379222
0.00194458
0.00395976
0.00200002
0.0041138
0.0020491
0.00425965
0.00440185
0.00209396
0.000940474
0.00113163
0.00206519
0.00131734
0.00239402
0.00149031
0.00270739
0.00164537
0.00299717
0.00177996
0.00325877
0.00189399
0.00349127
0.00198933
0.00369688
0.0020691
0.00387999
0.00213687
0.00404604
0.00219608
0.00420044
0.00434857
0.00224936
0.00110757
0.00186502
0.00130775
0.00219384
0.00149973
0.00251541
0.0016768
0.0028201
0.00183454
0.00310103
0.00197111
0.0033547
0.00208705
0.00358094
0.00218467
0.00378237
0.00226732
0.00396339
0.00233867
0.00412908
0.00428541
0.00240183
0.00106819
0.00127959
0.00198245
0.00148837
0.00230662
0.00168665
0.00262181
0.00186826
0.00291942
0.00202939
0.00319357
0.0021688
0.00344153
0.00228753
0.00366365
0.0023882
0.00386272
0.0024744
0.00404288
0.00421028
0.00254954
0.0012332
0.00176395
0.00145537
0.00208445
0.00167273
0.00240445
0.00187768
0.00271447
0.0020645
0.00300675
0.00222987
0.00327615
0.00237303
0.00352049
0.00249534
0.0037404
0.0025998
0.00393842
0.00412026
0.00268982
0.00117001
0.00140106
0.00185341
0.00163389
0.00217162
0.00186011
0.00248825
0.00207236
0.0027945
0.00226523
0.00308328
0.00243578
0.00334994
0.00258353
0.00359265
0.00271021
0.00381174
0.00401165
0.00281882
0.00132716
0.00157051
0.00192827
0.00181416
0.00224459
0.00204977
0.00255889
0.00227013
0.00286293
0.00247002
0.00315005
0.00264666
0.00341601
0.00279983
0.00365856
0.0038799
0.00293158
0.00148466
0.00174028
0.00198897
0.00199514
0.00230403
0.00224089
0.00261718
0.00247033
0.00292061
0.00267822
0.00320813
0.00286177
0.00347501
0.00372037
0.0030213
0.00164105
0.00172812
0.00190909
0.00203599
0.00217574
0.00235053
0.00243257
0.00266378
0.00267218
0.00296852
0.00288899
0.0032582
0.00352796
0.0030814
0.00152115
0.0017948
0.00176234
0.0020756
0.00206972
0.00235494
0.00238444
0.00262413
0.00269934
0.00287497
0.00300735
0.00330043
0.0031025
0.00165793
0.00194438
0.00178327
0.00223872
0.0020901
0.00253239
0.00240567
0.00281644
0.00272331
0.00303283
0.00308405
0.00178865
0.00208835
0.0017904
0.00239824
0.00209577
0.00270949
0.00241206
0.00272525
0.00301706
0.00191067
0.00222537
0.00178107
0.0025591
0.00207833
0.0023394
0.00294496
0.00201456
0.00233205
0.00203942
0.00263202
0.00239482
0.00339922
-2.76681e-06
0.000139077
0.0032496
-0.000854721
0.00100435
0.00310132
-0.000846162
0.000994436
0.00294304
-0.00163283
0.00179111
0.00277436
-0.00161848
0.00178716
0.00259038
-0.00254037
0.00272435
0.00239203
-0.00262708
0.00282543
0.00218284
-0.00364249
0.00385168
0.00198476
-0.00372517
0.00392325
-0.0047837
0.00499697
0.00341902
0.00328491
0.00315206
0.00300429
0.00284783
0.00267084
-0.00236337
0.00248246
-0.00243871
0.00227478
-0.00343481
0.00208073
-0.00353112
-0.00456554
0.00274934
0.00256972
0.00236391
0.00217042
0.00330798
-0.000176176
0.00329849
-0.00129336
0.0032952
-0.00131639
0.00328987
-0.00219988
0.00329738
-0.00209326
0.00331868
-0.00290286
0.00335345
-0.00264655
0.00341845
-0.00322468
0.00348412
-0.00278651
-0.00299712
0.00324186
-0.000176524
0.00323169
-0.00128319
0.00322706
-0.00131176
0.00321979
-0.00219262
0.00322541
-0.00209887
0.00324351
-0.00292096
0.00327666
-0.0026797
0.00333948
-0.0032875
0.00340486
-0.00285189
-0.00309218
0.00349993
0.00317704
-0.000176532
0.00316629
-0.00127244
0.0031603
-0.00130577
0.00315123
-0.00218354
0.00315488
-0.00210253
0.0031698
-0.00293588
0.00320126
-0.00271116
0.00326167
-0.00334791
0.00332668
-0.00291691
-0.00318831
0.00342281
0.00311351
-0.000176203
0.00310224
-0.00126117
0.0030949
-0.00129843
0.00308415
-0.0021728
0.00308578
-0.00210416
0.00309755
-0.00294765
0.00312722
-0.00274083
0.00318499
-0.00340568
0.00324958
-0.0029815
-0.00328538
0.00334666
0.00305125
-0.000175546
0.00303953
-0.00124945
0.00303083
-0.00128973
0.00301855
-0.00216051
0.00301808
-0.00210369
0.00302677
-0.00295635
0.00305454
-0.0027686
0.00310946
-0.00346059
0.00317356
-0.00304561
-0.00338327
0.00327145
0.00299023
-0.000174577
0.00297812
-0.00123734
0.00296809
-0.00127971
0.00295439
-0.00214681
0.00295176
-0.00210106
0.00295747
-0.00296205
0.00298321
-0.00279434
0.00303507
-0.00351245
0.00309863
-0.00310917
-0.00348182
0.00319719
0.00293044
-0.000173318
0.00291797
-0.00122487
0.00290665
-0.00126839
0.00289165
-0.00213181
0.0028868
-0.00209621
0.00288963
-0.00296488
0.00291319
-0.0028179
0.00296183
-0.00356109
0.00302479
-0.00317213
-0.00358087
0.00312384
0.00287187
-0.000171795
0.00285907
-0.00121208
0.0028465
-0.00125581
0.0028303
-0.0021156
0.0028232
-0.00208912
0.00282327
-0.00296495
0.00284448
-0.00283911
0.00288975
-0.00360636
0.00295204
-0.00323441
-0.00368024
0.0030514
0.00281448
-0.000170036
0.00280138
-0.00119898
0.00278762
-0.00124205
0.0027703
-0.00209828
0.00276094
-0.00207977
0.00275838
-0.00296238
0.00277706
-0.0028578
0.00281887
-0.00364817
0.00288038
-0.00329592
-0.00377969
0.00297984
0.00275826
-0.000168074
0.00274488
-0.0011856
0.00273
-0.00122717
0.00271163
-0.00207991
0.00270002
-0.00206816
0.00269494
-0.0029573
0.00271092
-0.00287379
0.0027492
-0.00368645
0.00280981
-0.00335653
-0.00387903
0.00290914
0.00270318
-0.000165942
0.00268952
-0.00117194
0.00267361
-0.00121126
0.00265424
-0.00206054
0.00264042
-0.00205434
0.00263293
-0.00294981
0.00264606
-0.00288691
0.00268078
-0.00372117
0.00274032
-0.00341607
-0.003978
0.00283929
0.00264923
-0.000163672
0.0026353
-0.00115801
0.00261843
-0.00119439
0.00259812
-0.00204023
0.00258215
-0.00203838
0.00257234
-0.00294
0.00258247
-0.00289704
0.00261362
-0.00375232
0.00267188
-0.00347433
-0.00407637
0.00277025
0.00259639
-0.000161295
0.00258217
-0.00114379
0.00256446
-0.00117667
0.00254322
-0.00201899
0.0025252
-0.00202036
0.00251315
-0.00292795
0.00252016
-0.00290405
0.00254774
-0.00377989
0.00260446
-0.00353105
-0.00417392
0.00270201
0.00254462
-0.000158842
0.00253013
-0.0011293
0.00251165
-0.0011582
0.00248953
-0.00199687
0.00246956
-0.00200039
0.00245533
-0.00291372
0.00245915
-0.00290788
0.00248314
-0.00380389
0.00253803
-0.00358594
-0.00427043
0.00263455
0.00249391
-0.000156338
0.00247914
-0.00111454
0.00246001
-0.00113906
0.00243701
-0.00197387
0.00241522
-0.0019786
0.00239885
-0.00289735
0.00239945
-0.00290847
0.00241982
-0.00382426
0.00247255
-0.00363867
-0.00436575
0.00256786
0.00244422
-0.000153808
0.00242919
-0.00109951
0.00240949
-0.00111936
0.00238566
-0.00195004
0.00236218
-0.00195512
0.0023437
-0.00287887
0.00234107
-0.00290584
0.00235774
-0.00384094
0.00240797
-0.00368889
-0.00445975
0.00250197
0.00239555
-0.000151272
0.00238026
-0.00108421
0.00236009
-0.00109919
0.00233544
-0.00192539
0.00231042
-0.00193011
0.00228985
-0.0028583
0.00228402
-0.00290001
0.00229688
-0.00385379
0.00234425
-0.00373627
-0.0045524
0.0024369
0.00234786
-0.000148747
0.00233232
-0.00106867
0.00231177
-0.00107864
0.00228634
-0.00189996
0.00225993
-0.0019037
0.00223729
-0.00283565
0.00222832
-0.00289104
0.00223718
-0.00386265
0.00228137
-0.00378045
-0.00464374
0.00237271
0.00230114
-0.000146248
0.00228537
-0.0010529
0.00226452
-0.0010578
0.00223835
-0.00187379
0.00221069
-0.00187605
0.00218599
-0.00281095
0.00217395
-0.002879
0.00217861
-0.00386731
0.00221937
-0.00382121
-0.00473376
0.00230938
0.00225535
-0.000143788
0.00223938
-0.00103692
0.00221831
-0.00103673
0.00219145
-0.00184693
0.00216268
-0.00184728
0.00213595
-0.00278422
0.0021209
-0.00286395
0.00212104
-0.00386745
0.00215839
-0.00385856
-0.00482236
0.00224699
0.0022105
-0.000141377
0.00219434
-0.00102077
0.00217314
-0.00101553
0.00214564
-0.00181943
0.00211588
-0.00181752
0.00208714
-0.00275548
0.00206912
-0.00284593
0.00206431
-0.00386263
0.00209837
-0.00389263
-0.00490975
0.00218576
0.00216659
0.00215017
0.00212908
0.00210076
0.0020704
0.00203927
0.00201877
0.00200783
0.00203845
0.00212566
0.00349373
0.00185292
0.00176696
0.00341805
0.00185768
0.00341402
0.00177099
0.00167239
0.00334333
0.001861
0.00334072
0.00177361
0.00333863
0.00167448
0.00333724
0.0015691
0.00145962
0.00326958
0.00186288
0.00326839
0.0017748
0.00326767
0.0016752
0.00326759
0.00156918
0.00326822
0.00145898
0.00326961
0.00134584
0.00122961
0.00319676
0.0018633
0.003197
0.00177456
0.00319766
0.00167455
0.0031989
0.00156793
0.00320081
0.00145708
0.0032034
0.00134325
0.00320674
0.00122627
0.00110606
0.00312487
0.00186227
0.00312655
0.00177288
0.00312859
0.00167251
0.00313116
0.00156535
0.00313435
0.00145389
0.00313817
0.00133943
0.00314267
0.00122177
0.00314791
0.00110082
0.00315393
0.000976835
0.000850033
0.00305389
0.00185977
0.00305701
0.00176976
0.00306043
0.00166908
0.00306436
0.00156143
0.00306883
0.00144941
0.00307388
0.00133438
0.00307956
0.00121609
0.00308592
0.00109446
0.003093
0.000969755
0.00310085
0.000842189
0.0031095
0.000711943
0.00311901
0.000579197
0.000444163
0.0029838
0.00185582
0.00298835
0.00176521
0.00299318
0.00166426
0.00299846
0.00155615
0.00300424
0.00144363
0.00301054
0.00132808
0.00301741
0.00120922
0.0030249
0.00108697
0.00303305
0.000961604
0.0030419
0.000833337
0.0030515
0.000702349
0.00306188
0.000568815
0.00307309
0.000432953
0.0030852
0.000294929
0.00309815
0.000155177
1.45552e-05
0.00291457
0.00185039
0.00292057
0.00175921
0.00292679
0.00165803
0.00293344
0.0015495
0.00294054
0.00143653
0.0029481
0.00132052
0.00295618
0.00120114
0.00296482
0.00107833
0.00297406
0.000952366
0.00298393
0.000823462
0.00299448
0.000691797
0.00300575
0.000557547
0.00301777
0.000420937
0.00303062
0.000282079
0.00304449
0.000141299
0.00305841
6.40971e-07
0.0030742
-0.000146225
0.00309066
-0.000291717
0.00310813
-0.000438499
-0.0005862
0.00312663
0.00284618
0.00184351
0.00285362
0.00175177
0.00286126
0.00165039
0.00286929
0.00154147
0.00287772
0.00142811
0.00288655
0.00131169
0.00289585
0.00119184
0.00290566
0.00106853
0.002916
0.000942024
0.00292691
0.000812548
0.00293844
0.000680272
0.00295061
0.000545376
0.00296347
0.000408083
0.00297698
0.000268561
0.002991
0.000127277
0.00300681
-1.51647e-05
0.0030226
-0.000162017
0.00303955
-0.000308665
0.00305742
-0.000456366
-0.000605042
0.00307626
0.00277861
0.00183515
0.00278749
0.00174289
0.00279655
0.00164133
0.00280597
0.00153205
0.00281574
0.00141834
0.00282586
0.00130156
0.00283641
0.0011813
0.0028474
0.00105754
0.00285886
0.00093056
0.00287083
0.000800575
0.00288335
0.000667755
0.00289644
0.000532286
0.00291013
0.000394392
0.00292441
0.00025428
0.00293934
0.000112344
0.00295548
-3.12996e-05
0.00297203
-0.000178564
0.00298944
-0.000326076
0.00300773
-0.000474658
-0.000624253
0.00302694
0.00271182
0.00182534
0.00272213
0.00173258
0.00273263
0.00163083
0.00274346
0.00152122
0.00275458
0.00140722
0.00276601
0.00129013
0.00277781
0.0011695
0.00279
0.00104534
0.00280261
0.000917953
0.00281566
0.000787523
0.00282919
0.000654225
0.00284322
0.000518253
0.00285779
0.000379823
0.0028729
0.000239168
0.00288854
9.67057e-05
0.00290527
-4.80305e-05
0.00292243
-0.000195724
0.00294035
-0.000343998
0.00295909
-0.000493395
-0.00064385
0.00297869
0.0026458
0.00181409
0.00265754
0.00172084
0.00266947
0.0016189
0.00268171
0.00150898
0.0026942
0.00139473
0.00270696
0.00127737
0.00272004
0.00115642
0.00273346
0.00103193
0.00274723
0.000904183
0.00276138
0.000773371
0.00277594
0.000639661
0.00279094
0.000503253
0.00280641
0.000364354
0.00282235
0.000223227
0.00283871
8.0353e-05
0.00285608
-6.5402e-05
0.00287387
-0.000213516
0.00289233
-0.000362459
0.00291154
-0.000512602
-0.000663856
0.00293154
0.00258052
0.00180143
0.00259366
0.0017077
0.00260704
0.00160553
0.00262071
0.0014953
0.00263458
0.00138086
0.00264868
0.00126327
0.00266306
0.00114204
0.00267772
0.00101727
0.00269268
0.000889225
0.00270796
0.000758094
0.00272358
0.000624036
0.00273958
0.000487258
0.00275598
0.000347955
0.00277278
0.000206428
0.00278988
6.32526e-05
0.00280793
-8.34568e-05
0.00282637
-0.000231958
0.00284541
-0.000381491
0.00286511
-0.000532309
-0.000684293
0.00288555
0.00251598
0.00178742
0.00253049
0.00169319
0.00254531
0.0015907
0.00256042
0.00148019
0.00257568
0.0013656
0.00259115
0.00124781
0.00260685
0.00112633
0.00262278
0.00100133
0.00263896
0.000873051
0.00265539
0.000741659
0.00267211
0.000607315
0.00268914
0.000470233
0.00270651
0.000330584
0.0027242
0.000188738
0.00274209
4.53639e-05
0.00276089
-0.000102254
0.00278001
-0.000251078
0.00279964
-0.000401128
0.00281987
-0.000552541
-0.000705173
0.00284075
0.00245217
0.00177216
0.002468
0.00167736
0.00248427
0.00157443
0.00250082
0.00146364
0.00251749
0.00134893
0.00253434
0.00123096
0.00255139
0.00110928
0.00256863
0.000984094
0.00258606
0.000855623
0.00260369
0.000724024
0.00262155
0.000589455
0.00263965
0.00045213
0.00265805
0.000312186
0.00267669
0.000170101
0.0026954
2.66557e-05
0.00271501
-0.000121868
0.00273484
-0.000270908
0.00275511
-0.000421394
0.00277587
-0.000573307
-0.000726484
0.00279718
0.0023891
0.00175577
0.00240619
0.00166027
0.0024239
0.00155672
0.00244189
0.00144565
0.00245998
0.00133084
0.00247825
0.00121269
0.00249669
0.00109084
0.00251528
0.000965504
0.00253402
0.000836884
0.00255292
0.00070513
0.00257198
0.000570394
0.00259122
0.00043289
0.00261068
0.000292725
0.00263042
0.000150358
0.00264992
7.1576e-06
0.00267042
-0.000142363
0.00269097
-0.000291461
0.00271186
-0.000442286
0.00273313
-0.000594576
-0.00074817
0.00275482
0.00232681
0.00173834
0.00234509
0.00164199
0.00236423
0.00153758
0.00238367
0.0014262
0.00240322
0.00131129
0.00242296
0.00119295
0.00244286
0.00107094
0.00246287
0.000945487
0.002483
0.000816758
0.00250323
0.000684897
0.00252357
0.000550056
0.00254402
0.000412437
0.00256456
0.000272186
0.0025851
0.000129819
0.0026062
-1.39386e-05
0.00262721
-0.00016338
0.00264847
-0.000312714
0.00266991
-0.000463734
0.0026916
-0.00061626
-0.000770127
0.00271356
0.0022655
0.00171983
0.0022849
0.0016226
0.00230551
0.00151697
0.00232645
0.00140527
0.00234753
0.00129021
0.00236883
0.00117166
0.00239027
0.00104951
0.00241179
0.000923961
0.00243338
0.000795168
0.00245502
0.000663263
0.00247667
0.000528397
0.00249836
0.000390748
0.00252
0.000250545
0.00254155
0.000108278
0.00256372
-3.61116e-05
0.00258544
-0.000185104
0.00260728
-0.000334547
0.00262916
-0.000485617
0.00265113
-0.000638227
-0.000792211
0.00267321
0.00220529
0.0017003
0.00222598
0.00160191
0.00224822
0.00149473
0.00227076
0.00138272
0.00229351
0.00126746
0.00231646
0.00114871
0.00233951
0.00102646
0.00236259
0.00090088
0.00238566
0.000772099
0.00240868
0.000640243
0.00243162
0.000505459
0.00245447
0.000367894
0.00247718
0.000227837
0.00249968
8.57798e-05
0.00252257
-5.90092e-05
0.00254494
-0.000207467
0.00256719
-0.0003568
0.00258935
-0.000507772
0.00261144
-0.000660318
-0.000814276
0.0026335
0.00214447
0.0021673
0.00219169
0.00221624
0.00224091
0.00226564
0.00229034
0.00231495
0.00233942
0.00236372
0.0023878
0.00241165
0.00243528
0.00245865
0.00248216
0.00250497
0.00252754
0.00254989
0.00257207
0.00259411
0.00417986
-0.00293177
-0.00304529
0.00423014
0.00407291
-0.00286339
0.00412143
-0.00298029
-0.00309534
0.00417148
0.00392492
-0.00266561
0.00396953
-0.00278989
0.00401561
-0.00290948
0.00406408
-0.00302875
-0.00314497
0.00411371
0.00378591
-0.00245082
0.00382665
-0.0025814
0.0038689
-0.00270786
0.0039135
-0.00283449
0.0039593
-0.00295528
0.0040076
-0.00307705
-0.00319391
0.00405654
0.00369256
-0.00235656
0.00373113
-0.00248939
0.00377185
-0.00262213
0.00381392
-0.00274992
0.00385845
-0.00287902
0.00390379
-0.00300061
0.00395176
-0.00312502
-0.00324179
0.00399964
0.00356697
-0.00211718
0.00360202
-0.00225568
0.00363894
-0.00239348
0.00367742
-0.00252787
0.00371807
-0.00266278
0.00375985
-0.0027917
0.0038042
-0.00292337
0.00384883
-0.00304524
0.00389624
-0.00317244
-0.0032881
0.00394255
0.00341938
-0.00172088
0.00344946
-0.00186523
0.00348115
-0.00200836
0.0035145
-0.00215053
0.00354952
-0.00229069
0.00358635
-0.00243031
0.0036247
-0.00256622
0.00366516
-0.00270324
0.00370651
-0.00283305
0.00375051
-0.00296737
0.00379411
-0.00308884
0.00384068
-0.00321901
-0.00333217
0.00388475
0.00328674
-0.00130751
0.0033124
-0.00145537
0.00333947
-0.00160275
0.00336803
-0.00174943
0.00339811
-0.00189532
0.00342979
-0.00204004
0.00346309
-0.00218383
0.00349803
-0.00232564
0.0035347
-0.00246698
0.00357282
-0.00260434
0.00361294
-0.00274336
0.00365371
-0.00287382
0.0036971
-0.00301077
0.00373928
-0.00313102
0.00378459
-0.00326431
-0.00337311
0.00382553
0.00314621
-0.000734617
0.00316692
-0.000883609
0.0031888
-0.00103296
0.00321191
-0.00118245
0.00323631
-0.0013319
0.00326204
-0.0014811
0.00328917
-0.00162988
0.00331775
-0.00177802
0.00334783
-0.0019254
0.00337948
-0.00207168
0.00341267
-0.00221703
0.00344747
-0.00236043
0.00348385
-0.00250336
0.00352163
-0.00264213
0.00356119
-0.00278292
0.00360118
-0.00291381
0.00364363
-0.00305323
0.00368393
-0.00317132
0.00372738
-0.00330777
-0.00340976
0.00376404
0.00309613
-0.000754491
0.00311709
-0.000904562
0.00313917
-0.00105504
0.00316244
-0.00120573
0.00318696
-0.00135642
0.00321278
-0.00150692
0.00323996
-0.00165705
0.00326856
-0.00180662
0.0032986
-0.00195544
0.00333014
-0.00210323
0.00336315
-0.00225003
0.00339769
-0.00239497
0.00343362
-0.00253929
0.00347091
-0.00267942
0.00350964
-0.00282164
0.00354864
-0.00295281
0.00358968
-0.00309427
0.00362754
-0.00320918
0.0036683
-0.00334853
-0.00344069
0.00369923
0.00304712
-0.000774675
0.00306834
-0.000925775
0.00309063
-0.00107734
0.00311407
-0.00122917
0.00313872
-0.00138106
0.00316462
-0.00153283
0.00319183
-0.00168426
0.00322039
-0.00183518
0.00325033
-0.00198537
0.00328168
-0.00213458
0.00331438
-0.00228273
0.00334851
-0.0024291
0.00338383
-0.00257461
0.00342043
-0.00271601
0.003458
-0.00285921
0.00349573
-0.00299054
0.0035347
-0.00313323
0.00356946
-0.00324394
0.00360635
-0.00338543
-0.00346411
0.00362978
0.0029992
-0.000795189
0.00302069
-0.000947263
0.00304321
-0.00109986
0.00306682
-0.00125278
0.00309158
-0.00140582
0.00311754
-0.00155878
0.00314473
-0.00171146
0.00317319
-0.00186364
0.00320293
-0.00201511
0.00323396
-0.00216561
0.0032662
-0.00231498
0.00329975
-0.00246264
0.00333425
-0.00260912
0.00336992
-0.00275168
0.00340598
-0.00289527
0.00344206
-0.00302661
0.00347805
-0.00316923
0.00350886
-0.00327475
0.00354026
-0.00341683
-0.00347798
0.00355413
0.00295241
-0.00081605
0.00297418
-0.000969039
0.00299693
-0.00112261
0.0030207
-0.00127655
0.00304554
-0.00143066
0.0030715
-0.00158474
0.00309859
-0.00173855
0.00312684
-0.00189189
0.00315624
-0.0020445
0.0031868
-0.00219617
0.00321842
-0.0023466
0.00325117
-0.00249539
0.00328466
-0.0026426
0.00331909
-0.00278611
0.00335323
-0.00292941
0.00338711
-0.00306049
0.00341901
-0.00320112
0.00344479
-0.00330054
0.00346852
-0.00344056
-0.00348004
0.00347058
0.00290677
-0.000837273
0.00292884
-0.000991103
0.00295179
-0.00114556
0.00297569
-0.00130044
0.00300055
-0.00145553
0.00302641
-0.0016106
0.00305329
-0.00176543
0.00308119
-0.00191979
0.00311011
-0.00207342
0.00314002
-0.00222609
0.00317086
-0.00237743
0.00320259
-0.00252713
0.00323479
-0.0026748
0.00326756
-0.00281888
0.00329923
-0.00296108
0.00333012
-0.00309138
0.00335659
-0.00322759
0.00337608
-0.00332003
0.00338944
-0.00345392
-0.00346805
0.00337745
0.00286233
-0.000858853
0.00288466
-0.00101343
0.00290778
-0.00116868
0.00293171
-0.00132438
0.0029565
-0.00148031
0.00298214
-0.00163625
0.00300867
-0.00179195
0.00303608
-0.0019472
0.00306435
-0.00210169
0.00309346
-0.0022552
0.00312332
-0.00240729
0.0031538
-0.00255762
0.0031844
-0.0027054
0.00321495
-0.00284943
0.00324343
-0.00298956
0.00327007
-0.00311802
0.00328946
-0.00324698
0.00330104
-0.0033316
0.00330096
-0.00345384
-0.00344006
0.00327297
0.00281908
-0.000880753
0.00284161
-0.00103596
0.0028648
-0.00119186
0.00288866
-0.00134825
0.00291324
-0.00150488
0.00293853
-0.00166154
0.00296456
-0.00181798
0.00299132
-0.00197396
0.0030188
-0.00212917
0.00304694
-0.00228335
0.00307561
-0.00243596
0.00310456
-0.00258657
0.00313315
-0.002734
0.00316081
-0.00287708
0.00318518
-0.00301393
0.00320595
-0.0031388
0.00321627
-0.0032573
0.00321763
-0.00333296
0.00320072
-0.00343693
-0.0033947
0.00315537
0.00277696
-0.000902893
0.00279958
-0.00105858
0.00282271
-0.00121499
0.00284637
-0.00137191
0.00287059
-0.0015291
0.00289539
-0.00168634
0.00292078
-0.00184337
0.00294676
-0.00199994
0.0029733
-0.00215571
0.00300029
-0.00231034
0.00302752
-0.00246318
0.00305455
-0.00261359
0.00308055
-0.00276
0.00310444
-0.00290097
0.00312359
-0.00303308
0.00313673
-0.00315194
0.00313609
-0.00325666
0.00312442
-0.00332129
0.00308708
-0.00339959
-0.00333164
0.00302402
0.00273581
-0.000925149
0.0027584
-0.00108116
0.00278133
-0.00123793
0.00280466
-0.00139524
0.0028284
-0.00155285
0.00285259
-0.00171053
0.00287723
-0.00186801
0.00290231
-0.00202502
0.00292777
-0.00218117
0.0029534
-0.00233597
0.00297885
-0.00248863
0.00300342
-0.00263816
0.00302601
-0.0027826
0.00304494
-0.00291989
0.00305736
-0.0030455
0.00306083
-0.00315542
0.00304767
-0.0032435
0.00302051
-0.00329413
0.00296016
-0.00333924
-0.00325203
0.00288055
0.00269544
-0.000947379
0.00271785
-0.00110357
0.00274047
-0.00126056
0.00276335
-0.00141812
0.00278653
-0.00157602
0.00281003
-0.00173402
0.00283385
-0.00189184
0.00285795
-0.00204912
0.00288217
-0.00220539
0.0029062
-0.00235999
0.00292944
-0.00251188
0.00295089
-0.00265962
0.00296904
-0.00280074
0.00298152
-0.00293237
0.00298514
-0.00304913
0.0029763
-0.00314658
0.00294841
-0.0032156
0.00290313
-0.00324885
0.00281976
-0.00325587
-0.00315836
0.00272609
0.00265558
-0.000969454
0.0026777
-0.0011257
0.00269993
-0.00128278
0.0027223
-0.00144049
0.00274487
-0.00159859
0.00276764
-0.0017568
0.00279059
-0.00191479
0.0028136
-0.00207213
0.0028364
-0.00222819
0.00285849
-0.00238208
0.002879
-0.00253239
0.00289653
-0.00267714
0.00290902
-0.00281324
0.00291345
-0.0029368
0.00290603
-0.0030417
0.00288203
-0.00312258
0.00283588
-0.00316946
0.00276768
-0.00318065
0.0026612
-0.00314939
-0.00305436
0.00255719
0.00261606
0.00263797
0.00265987
0.00268183
0.00270387
0.00272596
0.00274804
0.00276987
0.00279103
0.00281079
0.00282793
0.00284061
0.00284619
0.00284098
0.00282058
0.00277939
0.00271244
0.00261583
0.00248351
0.0023741
0.00426176
3.28512e-05
0.00419479
0.000814745
0.00407907
0.00162914
0.00392921
0.00217775
0.0037611
0.00242333
0.00222742
0.00420207
6.09207e-05
0.00413337
0.000883448
0.00401363
0.00174888
0.00385747
0.0023339
0.00368174
0.00259906
0.00239586
0.00414356
8.88438e-05
0.00407317
0.000953843
0.00394945
0.0018726
0.00378689
0.00249646
0.00360339
0.00278257
0.00257224
0.00408599
0.000116559
0.00401395
0.00102589
0.00388629
0.00200026
0.00371726
0.00266548
0.00352585
0.00297398
0.00275664
0.00402905
0.000144048
0.00395539
0.00109955
0.00382386
0.00213179
0.00364832
0.00284102
0.0034489
0.00317339
0.00294911
0.00397233
0.000171351
0.0038971
0.00117479
0.00376178
0.00226711
0.00357975
0.00302305
0.00337226
0.00338088
0.00314968
0.00391531
0.000198591
0.00383855
0.00125155
0.00369961
0.00240604
0.00351116
0.0032115
0.00329561
0.00359643
0.00335827
0.00385735
0.000225992
0.00377913
0.00132976
0.00363681
0.00254837
0.00344213
0.00340618
0.00321863
0.00381993
0.00357475
0.00379762
0.000253901
0.00371809
0.00140929
0.00357274
0.00269372
0.00337217
0.00360675
0.00314097
0.00405114
0.00379886
0.00373516
0.000282786
0.00365453
0.00148991
0.0035067
0.00284155
0.00330074
0.00381272
0.00306224
0.00428963
0.00403026
0.00366879
0.000313223
0.00358746
0.00157124
0.00343792
0.00299109
0.00322728
0.00402336
0.00298212
0.00453479
0.00426849
0.00359719
0.00034581
0.00351576
0.00165267
0.00336557
0.00314129
0.00315123
0.0042377
0.00290025
0.00478577
0.00451299
0.0035189
0.000381041
0.0034383
0.00173327
0.00328885
0.00329074
0.00307206
0.00445449
0.00281634
0.00504149
0.00476309
0.00343241
0.000419214
0.00335394
0.00181174
0.00320697
0.0034377
0.00298929
0.00467218
0.00273016
0.00530062
0.00501806
0.0033363
0.000460362
0.00326167
0.00188638
0.00311929
0.00358008
0.00290253
0.00488893
0.00264155
0.0055616
0.00527708
0.00322938
0.00050395
0.00316069
0.00195506
0.00302532
0.00371545
0.00281156
0.00510269
0.00255044
0.00582272
0.00553929
0.00311079
0.000548528
0.00305056
0.00201529
0.00292484
0.00384117
0.00271631
0.00531122
0.00245687
0.00608216
0.00580382
0.00298014
0.000592408
0.00293124
0.0020642
0.00281798
0.00395443
0.00261695
0.00551225
0.00236103
0.00633808
0.00606982
0.00283774
0.00063522
0.00280325
0.00209868
0.00270527
0.00405241
0.00251393
0.00570359
0.00226323
0.00658878
0.00633656
0.00268468
0.000676633
0.00266784
0.00211552
0.00258785
0.00413241
0.00240803
0.00588341
0.00216395
0.00683286
0.0066035
0.00252216
0.000711671
0.00252718
0.00211049
0.00246761
0.00419198
0.00230054
0.00605048
0.00206387
0.00706954
0.00687052
0.00235089
0.000734887
0.00238491
0.00207647
0.00234742
0.00422947
0.00219323
0.00620467
0.0019637
0.00729907
0.00267016
0.000696747
0.00255137
0.00219526
0.00226602
0.00451483
0.00188727
0.00658341
0.00763798
0.0024622
0.000629365
0.00239865
0.0022588
0.00215093
0.00476255
0.00178581
0.00694853
0.00797957
0.00223897
0.00221448
0.00200855
0.00167009
)
;

boundaryField
{
    inlet
    {
        type            calculated;
        value           nonuniform List<scalar> 
24
(
-0.00353553
-0.00353553
-0.0033073
-0.00324151
-0.00317703
-0.00311384
-0.0030519
-0.0029912
-0.0029317
-0.00287339
-0.00281624
-0.00276022
-0.00270532
-0.0026515
-0.00259876
-0.00254707
-0.00249641
-0.00244675
-0.00239809
-0.00235039
-0.00230364
-0.00225781
-0.00221291
-0.00216889
)
;
    }
    outlet
    {
        type            calculated;
        value           nonuniform 0();
    }
    cylinder
    {
        type            calculated;
        value           nonuniform 0();
    }
    top
    {
        type            symmetryPlane;
        value           nonuniform 0();
    }
    bottom
    {
        type            symmetryPlane;
        value           nonuniform 0();
    }
    defaultFaces
    {
        type            empty;
        value           nonuniform 0();
    }
    procBoundary4to2
    {
        type            processor;
        value           nonuniform List<scalar> 
74
(
0.000175492
0.00130285
0.00131968
0.00220521
0.00208575
0.00288156
0.00261179
0.00315968
0.00272084
0.00290322
0.00357802
-0.00184672
-0.00176153
0.00348829
-0.00166894
0.00341057
-0.0015677
-0.001459
0.00333662
-0.00134723
-0.00123179
0.0032718
-0.0011102
0.00321088
-0.000982859
-0.000856884
0.00316078
-0.000720596
-0.000588704
-0.000454563
0.00312941
-0.000307039
-0.000168127
-2.82139e-05
0.00311181
0.000130431
0.000275256
0.000421031
0.000567698
0.00288324
0.00299501
-0.00428988
-0.00413133
0.00281715
0.00262325
-0.00402666
0.00274527
0.00241219
-0.00388255
0.00254067
-0.00374728
0.0023196
0.0020838
-0.0036556
0.00222063
0.00169235
0.00183515
-0.00353359
0.00197668
0.00128323
0.00142972
-0.00339086
0.00157567
0.000715038
0.000862903
0.00101107
-0.00326247
0.00115934
-4.72974e-06
-0.000747778
-0.00151341
-0.0020279
-0.00225522
-0.00206679
)
;
    }
    procBoundary4to5
    {
        type            processor;
        value           nonuniform List<scalar> 
20
(
0.00360048
0.00351329
0.00342701
0.00334146
0.00325642
0.00317169
0.00308702
0.00300216
0.00291685
0.00283084
0.00274389
0.00265575
0.00256624
0.0024752
0.00238253
0.00228823
0.00219234
0.00209502
0.00199649
0.00189701
)
;
    }
    procBoundary4to6
    {
        type            processor;
        value           nonuniform List<scalar> 
88
(
-0.00294054
0.00194821
-0.00293036
0.00172651
-0.00300226
0.00139135
-0.00298178
0.00119487
-0.00302645
0.0010073
-0.00306416
0.000828828
-0.00309552
0.000659738
0.000583473
-0.0032037
0.000426541
-0.00321407
0.000280281
-0.0032145
0.000146017
7.62463e-05
-0.00324792
-3.86488e-05
-0.000105293
-0.00321445
-0.000192513
-0.000252774
-0.000313278
-0.000373578
-0.00303759
-0.000397373
-0.000443293
-0.000486532
-0.000526323
-0.000561842
-0.000592225
-0.000616654
-0.000634324
-0.000644553
-0.000646836
0.0020898
-0.000803551
-0.000796844
-0.000779652
-0.000752345
0.00173169
-0.000907402
-0.000862729
0.00165955
-0.00101469
-0.000949121
0.00154306
-0.00109256
0.00161882
-0.00123679
0.0016804
-0.0013802
-0.00126241
0.00146939
-0.00138695
0.00149136
-0.00150591
0.00150053
-0.00161665
0.00149638
-0.00171353
0.00148004
0.00176085
-0.00208535
0.00172996
-0.0021341
0.000113747
-0.00072061
-0.000713312
-0.00148506
-0.00146202
-0.00291877
-0.00219394
-0.00225909
-0.003229
-0.00333763
-0.00434334
0.00052449
0.0022833
0.00496848
0.007287
0.00831742
)
;
    }
    procBoundary4to7
    {
        type            processor;
        value           nonuniform List<scalar> 6(0.00179684 0.00169608 0.00713815 0.00154836 0.00144422 0.00133224);
    }
}


// ************************************************************************* //
