/*--------------------------------*- C++ -*----------------------------------*\
  =========                 |
  \\      /  F ield         | OpenFOAM: The Open Source CFD Toolbox
   \\    /   O peration     | Website:  https://openfoam.org
    \\  /    A nd           | Version:  7
     \\/     M anipulation  |
\*---------------------------------------------------------------------------*/
FoamFile
{
    version     2.0;
    format      ascii;
    class       surfaceScalarField;
    location    "91";
    object      phi;
}
// * * * * * * * * * * * * * * * * * * * * * * * * * * * * * * * * * * * * * //

dimensions      [0 3 -1 0 0 0 0];

internalField   nonuniform List<scalar> 
2005
(
-8.55923e-05
7.67373e-05
-6.31466e-05
-9.97963e-05
0.000102089
-8.78855e-05
-0.000114534
0.000128475
-0.000113737
-0.000129763
0.000156087
-0.000140859
-0.000145486
0.000185289
-0.000169566
-0.000161771
0.000216575
-0.00020029
-0.000178761
0.00025056
-0.00023357
-0.000196676
0.00028799
-0.000215814
0.000329801
-0.000236516
0.000377165
0.000431608
-0.000259139
-8.23939e-05
8.97212e-05
-9.59241e-05
0.00011562
-0.000109915
0.000142466
-0.00012431
0.000170482
-0.000139096
0.000200075
-0.000154319
0.000231798
-0.000170087
0.000266329
-0.000186584
0.000304486
-0.000204059
0.000347276
-0.000222804
0.000395911
0.000451919
-0.000243115
-7.8834e-05
0.000102024
-9.16011e-05
0.000128387
-0.000104736
0.0001556
-0.000118167
0.000183913
-0.000131859
0.000213767
-0.000145826
0.000245765
-0.000160141
0.000280644
-0.000174941
0.000319287
-0.000190425
0.00036276
-0.000206834
0.00041232
0.000469486
-0.000224401
-7.49657e-05
0.000113579
-8.68895e-05
0.000140311
-9.90716e-05
0.000167783
-0.00011142
0.000196262
-0.000123874
0.000226221
-0.000136412
0.000258302
-0.000149063
0.000293295
-0.000161917
0.00033214
-0.000175116
0.00037596
-0.000188851
0.000426054
0.000483925
-0.00020329
-7.08449e-05
0.000124329
-8.18558e-05
0.000151321
-9.29999e-05
0.000178927
-0.000104163
0.000207425
-0.000115251
0.00023731
-0.000126206
0.000269256
-0.000137009
0.000304099
-0.000147695
0.000342826
-0.000158353
0.000386618
-0.000169118
0.000436819
0.000494901
-0.000180094
-6.65301e-05
0.000134228
-7.65695e-05
0.000161361
-8.66037e-05
0.000188961
-9.6492e-05
0.000217313
-0.000106107
0.000246925
-0.000115347
0.000278496
-0.000124143
0.000312895
-0.000132473
0.000351156
-0.00014037
0.000394514
-0.000147917
0.000444366
0.000502131
-0.000155146
-6.2081e-05
-7.11026e-05
0.000170383
-7.99687e-05
0.000197827
-8.85106e-05
0.000225855
-9.6564e-05
0.000254979
-0.00010398
0.000285912
-0.000110639
0.000319553
-0.000116458
0.000356976
-0.000121412
0.000399468
-0.000125541
0.000448495
0.000505387
-0.000128797
-6.5528e-05
0.000178352
-7.31826e-05
0.000205482
-8.03232e-05
0.000232996
-8.67466e-05
0.000261402
-9.22558e-05
0.000291421
-9.66739e-05
0.000323971
-9.986e-05
0.000360162
-0.000101732
0.00040134
-0.000102291
0.000449055
0.000504505
-0.000101409
-5.99185e-05
0.000185249
-6.63332e-05
0.000211896
-7.20355e-05
0.000238698
-7.67818e-05
0.000266148
-8.03246e-05
0.000294964
-8.24289e-05
0.000326075
-8.28925e-05
0.000360626
-8.15781e-05
0.000400025
-7.84675e-05
0.000445944
0.000499396
-7.33587e-05
-5.43452e-05
0.000191065
-5.95065e-05
0.000217058
-6.37516e-05
0.000242943
-6.67949e-05
0.000269192
-6.83371e-05
0.000296506
-6.80819e-05
0.00032582
-6.57644e-05
0.000358308
-6.11926e-05
0.000395454
-5.43558e-05
0.000439107
0.00049009
-4.50497e-05
-4.88757e-05
0.000195804
-5.27853e-05
0.000220967
-5.55718e-05
0.000245729
-5.69075e-05
0.000270527
-5.64393e-05
0.000296038
-5.3807e-05
0.000323188
-4.86774e-05
0.000353178
-4.07876e-05
0.000387564
-3.01654e-05
0.000428485
0.000476972
-1.70481e-05
-4.3573e-05
0.000199482
-4.62465e-05
0.000223641
-4.75902e-05
0.000247073
-4.72342e-05
0.000270171
-4.47705e-05
0.000293574
-3.97722e-05
0.00031819
-3.1833e-05
0.000345239
-2.05757e-05
0.000376306
-5.64477e-06
0.000413554
0.000460051
1.12764e-05
-3.8493e-05
0.000202125
-3.99593e-05
0.000225107
-3.98919e-05
0.000247006
-3.78794e-05
0.000268159
-3.34591e-05
0.000289154
-2.61349e-05
0.000310865
-1.54228e-05
0.000334527
-9.86681e-07
0.00036187
1.76072e-05
0.00039496
0.000437728
3.99305e-05
-3.36832e-05
0.000203771
-3.39821e-05
0.000225406
-3.25493e-05
0.000245573
-2.8933e-05
0.000264543
-2.26159e-05
0.000282837
-1.30326e-05
0.000301282
4.03066e-07
0.000321091
1.81962e-05
0.000344077
4.05196e-05
0.000372637
0.000410817
6.74303e-05
-2.91804e-05
-2.83609e-05
0.000224586
-2.56194e-05
0.000242831
-2.04663e-05
0.00025939
-1.23302e-05
0.0002747
-5.62581e-07
0.000289515
1.54751e-05
0.000305054
3.64124e-05
0.00032314
6.25275e-05
0.000346522
0.000379562
9.37831e-05
-2.31256e-05
0.000222703
-1.91399e-05
0.000238846
-1.25273e-05
0.000252777
-2.66659e-06
0.00026484
1.11486e-05
0.000275699
2.96897e-05
0.000286513
5.365e-05
0.000299179
8.34184e-05
0.000316753
0.000344123
0.000118857
-1.82883e-05
0.000219813
-1.31256e-05
0.000233683
-5.13504e-06
0.000244787
6.35026e-06
0.000253354
2.2109e-05
0.000259941
4.29991e-05
0.000265623
6.98323e-05
0.000272346
0.000103103
0.000283483
0.00030464
0.000142586
-1.38396e-05
0.000215971
-7.56465e-06
0.000227408
1.72465e-06
0.000235497
1.47371e-05
0.000240342
3.23161e-05
0.000242362
5.54123e-05
0.000242526
8.49611e-05
0.000242797
0.000121577
0.000246867
0.000261227
0.000164989
-9.74794e-06
0.000211224
-2.41621e-06
0.000220076
8.10328e-06
0.000224978
2.25556e-05
0.00022589
4.18439e-05
0.000223073
6.70113e-05
0.000217359
9.91245e-05
0.000210684
0.000138939
0.000207053
0.000213978
0.000186188
-5.95678e-06
2.39222e-06
0.000211727
1.40931e-05
0.000213277
2.99209e-05
0.000210062
5.08321e-05
0.000202162
7.79597e-05
0.000190231
0.000112508
0.000176135
0.000155398
0.000164163
0.000162949
0.000206427
6.96638e-06
0.000202376
1.98292e-05
0.000200414
3.70034e-05
0.000192888
5.94911e-05
0.000179675
8.85095e-05
0.000161213
0.000125405
0.00013924
0.000171286
0.000118282
0.000108152
0.000226083
1.14451e-05
0.000192008
2.54902e-05
0.000186369
4.40301e-05
0.000174348
6.81039e-05
0.000155601
9.90043e-05
0.000130313
0.000138218
0.000100027
0.000187062
6.94371e-05
4.95379e-05
0.000245676
1.59992e-05
0.000180566
3.12963e-05
0.000171072
5.12819e-05
0.000154362
7.70236e-05
0.000129859
0.000109877
9.74594e-05
0.00015146
5.84437e-05
0.000203312
1.75847e-05
-1.30118e-05
0.000265862
2.08286e-05
3.75048e-05
0.000154396
5.9088e-05
0.000132779
8.66657e-05
0.000102281
0.00012164
6.2485e-05
0.000165744
1.43397e-05
0.000220737
-3.74087e-05
-7.96917e-05
0.000287417
4.44037e-05
0.000136149
6.78161e-05
0.000109367
9.74946e-05
7.26028e-05
0.000134869
2.51103e-05
0.000181761
-3.25518e-05
0.00024013
-9.57777e-05
-0.000150772
0.00031121
5.23017e-05
0.000116074
7.78589e-05
8.38093e-05
0.000110005
4.04564e-05
0.000150178
-1.50621e-05
0.000200248
-8.26221e-05
0.000262336
-0.000157866
-0.000226592
0.000338156
6.15175e-05
8.96175e-05
5.57092e-05
0.000124699
5.37476e-06
0.000168185
-5.85475e-05
0.00022195
-0.000136388
0.000288211
-0.000224127
-0.000307541
0.00036916
0.000103483
2.45928e-05
0.000142059
-3.32008e-05
0.000189479
-0.000105967
0.000247572
-0.000194481
0.00031856
-0.000295115
-0.000394038
0.000405057
0.00011982
-1.00768e-05
0.000162521
-7.59024e-05
0.000214583
-0.000158029
0.000277727
-0.000257625
0.000354081
-0.000371469
-0.000486496
0.000446539
0.000138944
0.000186453
-0.000123412
0.000243919
-0.000215494
0.000312895
-0.000326602
0.000395312
-0.000453886
-0.000585287
0.000494104
0.000214133
-0.000176432
0.000277782
-0.000279143
0.000353388
-0.000402207
0.000442587
-0.000543085
-0.0006907
0.000547999
0.000245736
0.000316327
-0.000349734
0.000399323
-0.000485204
0.000496004
-0.000639765
-0.000802896
0.0006082
0.000359557
-0.000427962
0.000450623
-0.000576271
0.000555424
-0.000744566
-0.000921873
0.000674401
0.000407327
-0.000514427
0.00050702
-0.000675963
0.000620483
-0.00085803
-0.00104741
0.000746018
0.000459347
0.000568073
-0.000784689
0.000690606
-0.000980563
-0.00117908
0.000822277
0.000633177
-0.000902686
0.000765039
-0.00111243
-0.00131605
0.000902006
0.000701577
0.000842818
-0.00125367
-0.00145733
0.000984104
0.000922749
-0.0014039
-0.00160217
0.00106759
0.00100417
-0.00174955
0.00115155
-0.00189319
0.00123276
0.00142965
-8.83796e-05
-0.000103159
-0.000118528
-0.000134448
-0.000150936
-0.000168076
-0.000368457
0.00379706
-0.000360667
0.00782437
-0.000183152
0.0117608
0.000257103
0.00840184
0.000703242
-0.00273908
-0.0123144
0.0120427
-0.000339131
0.00389307
-0.000315798
0.00780104
-0.000120095
0.0115651
0.000316564
0.00796518
0.000737583
-0.00316009
-0.012567
-0.000305912
0.00397458
-0.000266847
0.00776198
-5.55933e-05
0.0113538
0.000375116
0.00753447
0.000771892
-0.00355687
-0.0128007
-0.00026925
0.00404054
-0.000214325
0.00770705
9.95154e-06
0.0111296
0.000432558
0.00711186
0.000806038
-0.00393035
-0.0130155
-0.000229619
0.00409007
-0.000158785
0.00763622
7.62429e-05
0.0108945
0.000488782
0.00669933
0.000839899
-0.00428147
-0.0132117
-0.000187508
0.00412243
-0.00010086
0.00754957
0.000142992
0.0106507
0.000543741
0.00629858
0.000873367
-0.00461109
-0.0133896
-0.000143406
0.00413704
-4.14788e-05
0.00744764
0.000209939
0.0103993
0.00059742
0.0059111
0.000906341
-0.00492001
-0.0135494
-9.77747e-05
0.0041334
1.97682e-05
0.0073301
0.000276805
0.0101422
0.000649819
0.00553808
0.000938729
-0.00520892
-0.0136915
-5.0956e-05
0.004111
8.37371e-05
0.00719541
0.000343293
0.00988268
0.000700934
0.00518044
0.000970449
-0.00547844
-0.0138162
-1.60922e-06
0.00406756
0.000147147
0.00704665
0.000409086
0.00962074
0.000750751
0.00483878
0.00100142
-0.00572911
-0.0139239
4.22737e-05
0.00400824
0.000210052
0.00687887
0.000473861
0.00935693
0.000799244
0.00451339
0.00103158
-0.00596144
-0.0140149
8.773e-05
0.00393179
0.000272024
0.00669458
0.000537286
0.00909167
0.000846377
0.0042043
0.00106084
-0.00617591
-0.0140896
0.00013251
0.00383921
0.000332584
0.0064945
0.000599039
0.00882522
0.000892101
0.00391124
0.00108917
-0.00637297
0.00114789
-0.0141483
-0.0170805
0.000176085
0.00373055
0.000391277
0.00627931
0.000658815
0.00855768
0.000936365
0.00363369
0.00111648
-0.00655309
0.00115962
-0.0141914
-0.0170423
0.000218098
0.00360624
0.000447686
0.00604972
0.000716337
0.00828903
0.000979112
0.00337092
0.00114273
-0.00671671
0.00117064
-0.0142193
-0.016994
0.000258268
0.00346682
0.000501443
0.00580655
0.000771361
0.00801911
0.00102029
0.00312199
0.00116787
-0.00686429
0.0011809
-0.0142324
-0.0169356
0.000296387
0.00331302
0.000552232
0.0055507
0.000823681
0.00774766
0.00105984
0.00288582
0.00119185
-0.0069963
0.00119034
-0.0142308
-0.0168672
0.000332328
0.00314569
0.000599798
0.00528323
0.000873134
0.00747432
0.00109774
0.00266122
0.00121463
-0.0071132
0.0011989
-0.0142151
-0.0167891
0.000366053
0.00296582
0.00064395
0.00500534
0.000919602
0.00719867
0.00113394
0.00244689
0.00123617
-0.00721544
0.00120655
-0.0141855
-0.0167013
0.000397633
0.00277461
0.00068457
0.0047184
0.00096301
0.00692023
0.00116842
0.00224148
0.00125644
-0.00730345
0.00121322
-0.0141423
-0.0166041
0.000427252
0.00257345
0.000721627
0.00442403
0.00100334
0.00663852
0.00120118
0.00204364
0.00127539
-0.00737767
0.00121889
-0.0140858
-0.0164979
0.000455222
0.0023639
0.000755187
0.00412406
0.00104061
0.0063531
0.00123222
0.00185202
0.00129301
-0.00743846
0.0012235
-0.0140163
-0.0163828
0.000481983
0.00214778
0.00078543
0.00382061
0.00107491
0.00606362
0.00126157
0.00166536
0.00130927
-0.00748616
0.00122703
-0.013934
-0.0162592
0.000508094
0.0019271
0.000812662
0.00351605
0.0011064
0.00576988
0.00128926
0.0014825
0.00132415
-0.00752105
0.00122944
-0.0138393
-0.0161275
0.000534219
0.00170409
0.000837322
0.00321294
0.00113528
0.00547192
0.00131534
0.00130245
0.00133763
-0.00754333
0.00123071
-0.0137324
-0.015988
0.000561092
0.00148116
0.000859978
0.00291406
0.00116184
0.00517005
0.00133987
0.00112442
0.00134969
-0.00755315
0.00123082
-0.0136135
-0.0158412
0.000589478
0.00126084
0.00088132
0.00262221
0.00118642
0.00486495
0.00136291
0.000947935
0.00136031
-0.00755055
0.00122974
-0.013483
-0.0156873
0.000620117
0.00104578
0.000902127
0.0023402
0.00120943
0.00455765
0.00138453
0.000772833
0.00136947
-0.00753549
0.00122747
-0.013341
-0.0155269
0.00065367
0.00083865
0.000923233
0.00207064
0.0012313
0.00424958
0.0014048
0.000599339
0.00137717
-0.00750786
0.00122399
-0.0131878
-0.0153604
0.000690671
0.000642083
0.000945475
0.00181584
0.00125251
0.00394254
0.00142377
0.000428085
0.00138336
-0.00746746
0.00121928
-0.0130237
-0.0151882
0.000731476
0.000458605
0.000969637
0.00157768
0.00127355
0.00363862
0.00144153
0.000260104
0.00138805
-0.00741397
0.00121336
-0.012849
-0.0150107
0.000776249
0.000290556
0.000996396
0.00135753
0.00129489
0.00334013
0.00145824
9.67581e-05
0.0013912
-0.00734693
0.00120621
-0.012664
-0.0148283
0.000824963
0.000139994
0.00102628
0.00115622
0.00131681
0.00304959
0.00147393
-6.03636e-05
0.0013928
-0.0072658
0.00119784
-0.0124691
-0.0146416
0.000877336
8.67596e-06
0.0010596
0.000973951
0.00133977
0.00276943
0.00148838
-0.000208972
0.00139281
-0.00717023
0.00118826
-0.0122645
-0.0144508
0.000932915
-0.000101962
0.00109648
0.000810386
0.00136382
0.00250208
0.00150154
-0.000346689
0.00139122
-0.00705991
0.00117752
-0.0120508
-0.0142566
0.000991259
-0.000191215
0.00113676
0.000664882
0.0013889
0.00224995
0.00151322
-0.00047101
0.00138794
-0.00693463
0.00116561
-0.0118285
-0.0140592
0.00105172
-0.000258834
0.00118011
0.000536499
0.00141498
0.00201507
0.00152339
-0.000579416
0.00138288
-0.00679412
0.00115225
-0.0115978
-0.013859
0.00111365
-0.000304895
0.001226
0.000424144
0.0014422
0.00179887
0.00153235
-0.000669565
0.00137627
-0.00663805
0.00113738
-0.0113589
-0.0136562
0.00117673
-0.000330074
0.00127345
0.000327426
0.00146963
0.00160269
0.00153958
-0.000739516
0.00136863
-0.0064671
0.00112266
-0.011113
-0.0134513
0.00124199
-0.00033931
0.00132089
0.000248526
0.00149346
0.00143012
0.00154142
-0.000787481
0.00135905
-0.00628473
0.0011101
-0.010864
-0.0132457
0.00241775
-0.000211037
-0.00254602
0.00243247
0.000233802
0.00274857
0.00111403
0.00315715
-0.00119606
0.00326423
-0.00639181
0.00310423
-0.010704
-0.0129444
0.00268091
-4.79591e-05
-0.00284399
0.00267624
0.000238473
0.00295852
0.000831749
0.00331759
-0.00155514
0.0033851
-0.00645932
0.00320149
-0.0105204
-0.0126305
0.00293398
0.000114006
-0.00309595
0.00292015
0.000252309
0.00317023
0.000581667
0.0034796
-0.0018645
0.00350583
-0.00648556
0.00329659
-0.0103112
-0.0123042
0.00317331
0.000260338
-0.00331964
0.00315721
0.000268403
0.00337826
0.000360618
0.00363803
-0.00212427
0.00362308
-0.0064706
0.00338932
-0.0100774
-0.0119674
0.0033943
0.000388405
-0.00352236
0.00338137
0.000281334
0.00357682
0.000165163
0.0037888
-0.00233625
0.00373507
-0.00641688
0.00347945
-0.00982178
-0.0116221
0.00359442
0.00049554
-0.00370156
0.00358849
0.000287269
0.00376154
-7.88836e-06
0.00392913
-0.00250384
0.0038409
-0.00632865
0.0035669
-0.00954779
-0.0112708
0.00377367
0.000580773
-0.0038589
0.00377649
0.000284449
0.00392985
-0.000161249
0.00405759
-0.00263158
0.00394029
-0.00621135
0.0036518
-0.0092593
-0.0109158
0.00393335
0.000645458
-0.00399803
0.00394509
0.000272707
0.00408099
-0.000297146
0.00417401
-0.0027246
0.00403351
-0.00607085
0.00373443
-0.00896022
-0.0105591
0.00407561
0.000691873
-0.00412203
0.00409543
0.000252889
0.00421566
-0.000417373
0.00427914
-0.00278808
0.00412122
-0.00591293
0.00381521
-0.00865421
-0.0102027
0.00420318
0.000722677
-0.00423399
0.00422961
0.000226459
0.00433562
-0.000523379
0.00437444
-0.0028269
0.00420434
-0.00574283
0.00389463
-0.0083445
-0.00984819
0.00431892
0.000740667
-0.00433691
0.00435024
0.000195137
0.00444323
-0.000616365
0.00446169
-0.00284536
0.00428388
-0.00556503
0.00397323
-0.00803384
-0.00949679
0.00442555
0.000748462
-0.00443334
0.00446005
0.000160634
0.00454105
-0.000697362
0.00454277
-0.00284708
0.00436089
-0.00538315
0.0040515
-0.00772446
-0.00914945
0.00452549
0.000748326
-0.00452535
0.00456164
0.000124485
0.00463157
-0.000767291
0.00461951
-0.00283503
0.00443632
-0.00519997
0.00412996
-0.0074181
-0.00880678
0.00462079
0.000742122
-0.00461459
0.0046573
8.79693e-05
0.00471701
-0.000826996
0.00469351
-0.00281153
0.00451105
-0.0050175
0.00420905
-0.0071161
-0.00846911
0.00471313
0.000731332
-0.00470234
0.004749
5.21007e-05
0.00479926
-0.000877257
0.00476615
-0.00277842
0.00458578
-0.00483714
0.00428916
-0.00681948
-0.00813658
0.00480382
0.00071711
-0.0047896
0.00483828
1.76408e-05
0.00487982
-0.000918798
0.00483853
-0.00273712
0.00466113
-0.00465974
0.00437062
-0.00652897
-0.00780913
0.00489389
0.000700353
-0.00487713
0.00492639
-1.48581e-05
0.00495987
-0.000952279
0.00491153
-0.00268878
0.00473755
-0.00448576
0.0044537
-0.00624513
-0.00748662
0.00498411
0.000681741
-0.0049655
0.00501425
-4.50019e-05
0.00504028
-0.000978307
0.0049858
-0.0026343
0.00481541
-0.00431536
0.00453862
-0.00596834
-0.00716886
0.00507502
0.000661793
-0.00505507
0.00510255
-7.25399e-05
0.00512168
-0.000997427
0.00506183
-0.00257445
0.00489499
-0.00414853
0.00462554
-0.00569889
-0.00685568
0.00516698
0.000640893
-0.00514608
0.00519177
-9.73323e-05
0.00520448
-0.00101014
0.00513995
-0.00250991
0.00497651
-0.00398509
0.00471457
-0.00543695
-0.00654698
0.00526023
0.000619321
-0.00523866
0.00528223
-0.000119329
0.00528899
-0.0010169
0.00522038
-0.0024413
0.00506012
-0.00382484
0.0048058
-0.00518262
-0.00624281
0.00535491
0.00059728
-0.00533287
0.00537413
-0.000138549
0.00537537
-0.00101814
0.00530326
-0.00236919
0.00514598
-0.00366755
0.00489926
-0.0049359
-0.00594335
0.00545108
0.000574926
-0.00542873
0.0054676
-0.000155066
0.00546375
-0.00101428
0.00538868
-0.00229413
0.00523418
-0.00351305
0.00499499
-0.00469672
-0.00564897
0.00554881
0.000552383
-0.00552627
0.00556273
-0.000168985
0.0055542
-0.00100575
0.00547669
-0.00221662
0.00532484
-0.0033612
0.00509303
-0.00446491
-0.00536016
0.00564814
0.000529763
-0.00562552
0.00565959
-0.000180433
0.00564678
-0.00099294
0.00556732
-0.00213717
0.00541804
-0.00321191
0.00519341
-0.00424029
-0.00507752
0.00574912
0.000507167
-0.00572653
0.00575824
-0.000189547
0.00574157
-0.000976268
0.00566061
-0.0020562
0.00551387
-0.00306518
0.0052962
-0.00402262
-0.00480169
0.00585183
0.000484695
-0.00582936
0.00585875
-0.000196465
0.00583861
-0.000956133
0.00575657
-0.00197416
0.00561242
-0.00292103
0.00540146
-0.00381166
-0.00453327
0.00595634
0.000462437
-0.00593408
0.0059612
-0.000201326
0.005938
-0.000932932
0.00585525
-0.00189142
0.00571377
-0.00277954
0.00550931
-0.0036072
-0.0042728
0.00606275
0.00044048
-0.00604079
0.00606569
-0.000204267
0.0060398
-0.000907047
0.00595672
-0.00180833
0.00581798
-0.0026408
0.00561986
-0.00340908
-0.0040207
0.00617116
0.000418899
-0.00614958
0.00617232
-0.000205424
0.00614412
-0.000878848
0.00606102
-0.00172523
0.00592514
-0.00250492
0.00573324
-0.00321719
-0.00377726
0.00628169
0.000397765
-0.00626056
0.0062812
-0.000204934
0.00625104
-0.000848683
0.00616823
-0.00164242
0.00603532
-0.00237201
0.00584957
-0.00303144
-0.00354266
0.00639446
0.000377135
-0.00637383
0.00639246
-0.000202936
0.00636066
-0.000816881
0.00627844
-0.0015602
0.0061486
-0.00224218
0.00596897
-0.0028518
-0.00331702
0.0065096
0.00035706
-0.00648952
0.00650623
-0.000199571
0.0064731
-0.000783747
0.00639172
-0.00147882
0.00626507
-0.00211552
0.00609154
-0.00267827
-0.00310036
0.00662723
0.000337581
-0.00660775
0.00662264
-0.000194981
0.00658846
-0.000749566
0.00650818
-0.00139855
0.00638482
-0.00199216
0.00621739
-0.00251084
-0.0028927
0.00674749
0.00031873
-0.00672864
0.00674182
-0.000189311
0.00670686
-0.000714601
0.0066279
-0.00131959
0.00650794
-0.0018722
0.00634662
-0.00234951
-0.002694
0.00687053
0.000300531
-0.00685233
0.00686393
-0.000182706
0.00682842
-0.000679092
0.00675099
-0.00124217
0.00663454
-0.00175575
0.0064793
-0.00219427
-0.00250423
0.00699649
0.000283
-0.00697896
0.0069891
-0.000175309
0.00695327
-0.000643264
0.00687755
-0.00116645
0.00676471
-0.00164291
0.00661554
-0.0020451
-0.00232331
0.00712552
0.000266141
-0.00710867
0.00711747
-0.000167259
0.00708154
-0.000607327
0.00700769
-0.00109261
0.00689856
-0.00153378
0.00675542
-0.00190196
-0.00215114
0.00725779
0.000249953
-0.0072416
0.00724922
-0.000158687
0.00721337
-0.000571476
0.00714153
-0.00102077
0.00703619
-0.00142845
0.00689904
-0.00176481
-0.00198758
0.00739345
0.000234425
-0.00737792
0.00738448
-0.000149715
0.00734889
-0.000535891
0.00727917
-0.000951046
0.00717771
-0.00132698
0.0070465
-0.0016336
-0.00183246
0.00753268
0.000219535
-0.00751779
0.00752342
-0.000140459
0.00748827
-0.000500738
0.00742076
-0.00088354
0.00732321
-0.00122943
0.00719788
-0.00150827
-0.00168558
0.00767565
0.000205258
-0.00766137
0.00766622
-0.000131024
0.00763165
-0.000466167
0.00756643
-0.000818324
0.00747282
-0.00113582
0.0073533
-0.00138874
-0.00154666
0.00782255
0.000191556
-0.00780885
0.00781304
-0.00012151
0.00777918
-0.000432308
0.00771631
-0.000755456
0.00762665
-0.00104616
0.00751284
-0.00127493
-0.00141545
0.00797358
0.000178391
-0.00796041
0.00796408
-0.000112008
0.00793104
-0.000399277
0.00787056
-0.000694976
0.00778482
-0.000960413
0.00767662
-0.00116674
-0.00129164
0.00812892
0.000165717
-0.00811625
0.00811951
-0.000102601
0.0080874
-0.000367167
0.00802933
-0.000636907
0.00794746
-0.000878536
0.00784474
-0.00106402
-0.00117491
0.0082888
0.000153486
-0.00827656
0.00827956
-9.33658e-05
0.00824845
-0.000336054
0.00819279
-0.000581249
0.00811471
-0.000800452
0.00801732
-0.000966634
-0.00106492
0.00845342
0.000141646
-0.00844158
0.00844442
-8.43693e-05
0.00841436
-0.000305995
0.0083611
-0.000527986
0.00828671
-0.000726062
0.00819446
-0.000874385
-0.000961324
0.00862302
0.000130146
-0.00861152
0.00861433
-7.56704e-05
0.00858536
-0.000277027
0.00853445
-0.000477078
0.00846363
-0.000655242
0.0083763
-0.000787057
-0.00086376
0.00879786
0.000118932
-0.00878664
0.0087895
-6.73182e-05
0.00876165
-0.000249169
0.00871303
-0.000428462
0.00864563
-0.000587844
0.00856298
-0.000704403
-0.000771845
0.00897818
0.000107951
-0.0089672
0.00897021
-5.9351e-05
0.00894346
-0.00022242
0.00889705
-0.00038205
0.0088329
-0.000523694
0.00875464
-0.000626144
-0.000685179
0.00916426
9.71506e-05
-0.00915346
0.00915671
-5.17954e-05
0.00913104
-0.000196759
0.00908673
-0.000337731
0.00902562
-0.000462592
0.00895145
-0.000551971
-0.000603339
0.00935641
8.64788e-05
-0.00934574
0.00934928
-4.46658e-05
0.00932467
-0.000172145
0.0092823
-0.000295364
0.00922402
-0.000404308
0.00915359
-0.000481544
-0.000525881
0.00955494
7.58849e-05
-0.00954435
0.00954824
-3.79634e-05
0.00952461
-0.000148516
0.00948403
-0.000254784
0.00942831
-0.00034858
0.00936126
-0.000414494
-0.000452333
0.00976021
6.53194e-05
-0.00974964
0.00975392
-3.16761e-05
0.00973119
-0.000125785
0.0096922
-0.000215796
0.00963874
-0.000295114
0.00957466
-0.000350414
-0.000382195
0.00997258
5.47355e-05
-0.00996199
0.00996668
-2.57767e-05
0.00994474
-0.000103841
0.00990711
-0.000178173
0.00985558
-0.000243578
0.00979402
-0.000288862
-0.000314935
0.0101925
4.40876e-05
-0.0101818
0.0101869
-2.02247e-05
0.0101656
-8.2547e-05
0.0101291
-0.000141656
0.0100791
-0.000193598
0.0100196
-0.00022935
-0.000249982
0.0104203
3.33321e-05
-0.0104096
0.010415
-1.49597e-05
0.0103942
-6.17368e-05
0.0103585
-0.000105946
0.0103097
-0.000144755
0.0102517
-0.000171343
-0.000186721
0.0106566
2.24286e-05
-0.0106457
0.0106516
-9.9131e-06
0.010631
-4.12132e-05
0.0105958
-7.07057e-05
0.0105476
-9.65788e-05
0.0104905
-0.000114244
-0.00012448
0.0109019
1.13264e-05
-0.0108908
0.010897
-4.9864e-06
0.0108765
-2.0751e-05
0.0108414
-3.55498e-05
0.0107933
-4.85375e-05
0.0107365
-5.73892e-05
-6.25185e-05
0.0111569
-0.0111455
0.0111519
0.0111311
0.0110956
0.011047
0.0109897
0.001519
0.00159889
0.00166558
0.00171858
0.00175773
0.00178367
0.00179767
0.00180135
0.00179649
0.00178479
0.00176778
0.00174673
0.00172263
0.00169629
0.00166828
0.00163904
0.00160891
0.0015781
0.00154677
0.001515
0.00148287
0.00145039
0.0014176
0.0013845
0.00135111
0.00131746
0.00128355
0.0012494
0.00121503
0.00118044
0.00114566
0.00111068
0.00107551
0.00104016
0.00100462
0.000968884
0.000932956
0.000896822
0.000860471
0.000823889
0.000787057
0.000749958
0.000712569
0.000674867
0.000636825
0.000598414
0.000559605
0.000520364
0.000480655
0.00044044
0.00039968
0.00035833
0.000316345
0.000273675
0.000230267
0.000186065
0.000141008
9.50272e-05
4.80535e-05
)
;

boundaryField
{
    inlet
    {
        type            calculated;
        value           nonuniform 0();
    }
    outlet
    {
        type            calculated;
        value           nonuniform 0();
    }
    cylinder
    {
        type            calculated;
        value           nonuniform 0();
    }
    top
    {
        type            symmetryPlane;
        value           uniform 0;
    }
    bottom
    {
        type            symmetryPlane;
        value           nonuniform 0();
    }
    defaultFaces
    {
        type            empty;
        value           nonuniform 0();
    }
    procBoundary26to9
    {
        type            processor;
        value           uniform 7.42643e-05;
    }
    procBoundary26to10
    {
        type            processor;
        value           nonuniform List<scalar> 
19
(
-0.000270074
-0.000310664
-0.000356463
-0.000408986
-4.90314e-05
-7.31057e-05
-9.83684e-05
-0.000124939
-0.000153078
-0.00018315
-0.000215612
-0.000186034
-0.00368774
-0.00783216
-0.0119383
-0.0088421
0.00229294
0.0117519
-0.000669008
)
;
    }
    procBoundary26to11
    {
        type            processor;
        value           nonuniform List<scalar> 2(0.000974945 0.000959791);
    }
    procBoundary26to25
    {
        type            processor;
        value           nonuniform List<scalar> 
112
(
7.20017e-05
6.941e-05
6.65314e-05
6.34106e-05
6.00944e-05
5.66312e-05
5.30704e-05
0.000143239
5.75581e-05
5.30216e-05
4.85294e-05
4.4137e-05
3.98952e-05
3.58493e-05
3.20376e-05
2.84897e-05
0.000204462
2.50088e-05
2.11782e-05
1.76818e-05
1.44952e-05
1.15748e-05
0.000205606
2.38443e-06
-1.07631e-06
-4.55748e-06
-8.21359e-06
0.000167951
-2.61571e-05
-3.22268e-05
-3.92897e-05
9.38464e-05
-7.2367e-05
-8.515e-05
-0.000100138
-4.8882e-05
-0.000161113
-0.000186513
-0.000235655
-0.000281328
-0.000320862
-0.000364175
-0.000609599
-0.00051518
-0.000574248
-0.00103002
-0.000772513
-0.000845469
-0.0015626
-0.00108912
-0.00116938
-0.00215346
-0.00263538
-0.00292387
-0.00316264
-0.00337264
-0.00356151
-0.0037275
-0.0038729
-0.00400171
-0.00411717
-0.00422229
-0.0043199
-0.00441229
-0.00450126
-0.00458824
-0.00467433
-0.00476037
-0.004847
-0.00493469
-0.00502373
-0.00511432
-0.00520652
-0.00530039
-0.00539593
-0.00549317
-0.00559214
-0.00569287
-0.00579545
-0.00589993
-0.00600642
-0.006115
-0.00622577
-0.00633885
-0.00645436
-0.0065724
-0.0066931
-0.0068166
-0.00694303
-0.00707253
-0.00720525
-0.00734134
-0.00748096
-0.00762428
-0.00777146
-0.00792271
-0.00807821
-0.00823815
-0.00840277
-0.00857228
-0.00874693
-0.00892698
-0.0091127
-0.00930439
-0.00950237
-0.00970697
-0.00991859
-0.0101376
-0.0103645
-0.0105997
-0.0108439
-0.0110975
)
;
    }
    procBoundary26to27
    {
        type            processor;
        value           nonuniform List<scalar> 
100
(
0.000990216
0.00100555
0.00102087
0.00103613
0.00105125
0.00106617
0.00108082
0.00109515
0.00110908
0.00112256
0.00113552
0.0171086
0.00111987
0.00112141
0.00112229
0.00112249
0.00112197
0.00112074
0.00111878
0.00111608
0.00111262
0.00110842
0.00110346
0.00109773
0.00109123
0.00108396
0.00107591
0.00106708
0.00105746
0.00104705
0.00103586
0.00102387
0.00101109
0.000997517
0.000983235
0.000968218
0.000952075
0.000934578
0.000917756
0.00090453
0.0028029
0.00288755
0.00297034
0.00305249
0.00313422
0.0032156
0.00329674
0.00337775
0.00345882
0.00354011
0.00362183
0.00370416
0.00378729
0.00387139
0.00395663
0.00404317
0.00413119
0.00422086
0.00431235
0.00440588
0.00450162
0.0045998
0.00470061
0.00480422
0.00491077
0.00502036
0.00513304
0.00524884
0.00536776
0.0054898
0.00561498
0.00574332
0.00587489
0.00600973
0.00614792
0.00628953
0.00643462
0.00658325
0.00673549
0.00689138
0.00705099
0.00721438
0.00738163
0.00755281
0.00772801
0.00790733
0.00809087
0.00827874
0.00847106
0.00866797
0.00886961
0.00907613
0.00928771
0.00950452
0.00972676
0.00995466
0.0101884
0.0104283
0.0106745
0.0109271
)
;
    }
}


// ************************************************************************* //
