/*--------------------------------*- C++ -*----------------------------------*\
  =========                 |
  \\      /  F ield         | OpenFOAM: The Open Source CFD Toolbox
   \\    /   O peration     | Website:  https://openfoam.org
    \\  /    A nd           | Version:  7
     \\/     M anipulation  |
\*---------------------------------------------------------------------------*/
FoamFile
{
    version     2.0;
    format      ascii;
    class       volVectorField;
    location    "15";
    object      U;
}
// * * * * * * * * * * * * * * * * * * * * * * * * * * * * * * * * * * * * * //

dimensions      [0 1 -1 0 0 0 0];

internalField   nonuniform List<vector> 
1063
(
(0.999987 0.00150636 0)
(0.999333 0.0044883 0)
(0.998074 0.0075002 0)
(0.996292 0.0106079 0)
(0.994019 0.0138964 0)
(0.991287 0.0174289 0)
(0.988125 0.0212705 0)
(0.984549 0.0254831 0)
(0.980587 0.0301301 0)
(0.976255 0.0352761 0)
(0.999988 0.00154858 0)
(0.999348 0.00461301 0)
(0.998114 0.00770476 0)
(0.996368 0.0108923 0)
(0.994142 0.0142615 0)
(0.99147 0.0178766 0)
(0.98838 0.021803 0)
(0.984892 0.0261029 0)
(0.981034 0.0308392 0)
(0.976826 0.036076 0)
(0.999989 0.00159114 0)
(0.999364 0.00473962 0)
(0.998159 0.00791418 0)
(0.996453 0.011186 0)
(0.99428 0.0146413 0)
(0.991673 0.0183455 0)
(0.988664 0.0223643 0)
(0.985272 0.02676 0)
(0.981529 0.031595 0)
(0.977456 0.0369325 0)
(0.999989 0.00163397 0)
(0.999381 0.00486722 0)
(0.998207 0.0081252 0)
(0.996545 0.0114815 0)
(0.99443 0.0150231 0)
(0.991895 0.0188162 0)
(0.988973 0.022927 0)
(0.985685 0.0274177 0)
(0.982066 0.0323503 0)
(0.978137 0.037787 0)
(0.99999 0.00167664 0)
(0.999399 0.00499439 0)
(0.998258 0.00833528 0)
(0.996643 0.0117753 0)
(0.994591 0.0154018 0)
(0.992132 0.0192821 0)
(0.989304 0.0234825 0)
(0.986127 0.0280652 0)
(0.982639 0.0330914 0)
(0.978864 0.0386222 0)
(0.99999 0.00171899 0)
(0.999417 0.00512065 0)
(0.998311 0.00854376 0)
(0.996746 0.0120666 0)
(0.994759 0.0157769 0)
(0.992383 0.0197427 0)
(0.989653 0.0240306 0)
(0.986594 0.0287023 0)
(0.983245 0.0338185 0)
(0.979632 0.0394387 0)
(0.99999 0.00176097 0)
(0.999436 0.00524582 0)
(0.998367 0.00875034 0)
(0.996854 0.012355 0)
(0.994936 0.0161478 0)
(0.992645 0.0201975 0)
(0.990019 0.0245707 0)
(0.987084 0.0293285 0)
(0.98388 0.0345308 0)
(0.980435 0.0402356 0)
(0.99999 0.00180249 0)
(0.999456 0.00536965 0)
(0.998424 0.00895455 0)
(0.996966 0.0126398 0)
(0.995119 0.0165135 0)
(0.992918 0.0206452 0)
(0.990401 0.025101 0)
(0.987594 0.0299417 0)
(0.984542 0.035226 0)
(0.981272 0.0410101 0)
(0.999991 0.00184346 0)
(0.999476 0.00549184 0)
(0.998484 0.00915588 0)
(0.997082 0.0129203 0)
(0.99531 0.0168731 0)
(0.993202 0.0210843 0)
(0.990797 0.0256199 0)
(0.988124 0.0305397 0)
(0.985227 0.0359013 0)
(0.982138 0.0417591 0)
(0.999991 0.00188378 0)
(0.999497 0.00561206 0)
(0.998545 0.00935377 0)
(0.997202 0.0131955 0)
(0.995507 0.0172254 0)
(0.993495 0.0215135 0)
(0.991207 0.0261256 0)
(0.988671 0.0311205 0)
(0.985935 0.0365544 0)
(0.983031 0.0424796 0)
(0.999991 0.00192333 0)
(0.999518 0.00572998 0)
(0.998609 0.00954767 0)
(0.997326 0.0134648 0)
(0.995711 0.0175693 0)
(0.993798 0.0219315 0)
(0.99163 0.0266163 0)
(0.989235 0.0316819 0)
(0.986664 0.0371827 0)
(0.98395 0.0431687 0)
(0.999992 0.001962 0)
(0.999541 0.00584526 0)
(0.998674 0.00973699 0)
(0.997454 0.0137273 0)
(0.995921 0.0179037 0)
(0.994111 0.0223367 0)
(0.992065 0.0270904 0)
(0.989815 0.0322218 0)
(0.987412 0.0377837 0)
(0.984892 0.0438237 0)
(0.999992 0.00199966 0)
(0.999564 0.00595752 0)
(0.998742 0.00992111 0)
(0.997586 0.0139821 0)
(0.996138 0.0182275 0)
(0.994432 0.0227277 0)
(0.992512 0.0275461 0)
(0.990411 0.0327382 0)
(0.988179 0.038355 0)
(0.985855 0.0444415 0)
(0.999993 0.0020362 0)
(0.999588 0.00606637 0)
(0.998812 0.0100994 0)
(0.997721 0.0142282 0)
(0.99636 0.0185394 0)
(0.994761 0.0231031 0)
(0.99297 0.0279816 0)
(0.991021 0.0332289 0)
(0.988964 0.0388941 0)
(0.986839 0.0450195 0)
(0.999993 0.00207146 0)
(0.999612 0.00617141 0)
(0.998883 0.0102711 0)
(0.997861 0.0144648 0)
(0.996588 0.0188383 0)
(0.9951 0.0234612 0)
(0.99344 0.0283949 0)
(0.991644 0.0336917 0)
(0.989764 0.0393984 0)
(0.987841 0.0455548 0)
(0.999993 0.00210533 0)
(0.999637 0.00627221 0)
(0.998957 0.0104357 0)
(0.998004 0.0146908 0)
(0.996822 0.0191228 0)
(0.995445 0.0238006 0)
(0.993919 0.0287842 0)
(0.99228 0.0341243 0)
(0.990579 0.0398655 0)
(0.988859 0.0460446 0)
(0.999994 0.00213764 0)
(0.999663 0.00636836 0)
(0.999032 0.0105923 0)
(0.99815 0.0149053 0)
(0.997061 0.0193916 0)
(0.995799 0.0241195 0)
(0.994409 0.0291476 0)
(0.992928 0.0345247 0)
(0.991408 0.0402929 0)
(0.989893 0.0464862 0)
(0.999994 0.00216825 0)
(0.999689 0.00645938 0)
(0.999109 0.0107402 0)
(0.9983 0.0151071 0)
(0.997305 0.0196434 0)
(0.996159 0.0244164 0)
(0.994907 0.0294831 0)
(0.993586 0.0348905 0)
(0.992249 0.040678 0)
(0.990938 0.0468769 0)
(0.999995 0.00219701 0)
(0.999716 0.00654482 0)
(0.999187 0.0108787 0)
(0.998453 0.0152953 0)
(0.997554 0.0198769 0)
(0.996526 0.0246896 0)
(0.995413 0.0297889 0)
(0.994254 0.0352195 0)
(0.9931 0.0410185 0)
(0.991995 0.047214 0)
(0.999995 0.00222376 0)
(0.999744 0.00662421 0)
(0.999267 0.0110069 0)
(0.998608 0.0154688 0)
(0.997807 0.0200906 0)
(0.996899 0.0249374 0)
(0.995927 0.0300628 0)
(0.99493 0.0355096 0)
(0.99396 0.0413118 0)
(0.993059 0.0474949 0)
(0.999996 0.00224833 0)
(0.999772 0.00669705 0)
(0.999349 0.0111241 0)
(0.998766 0.0156263 0)
(0.998064 0.0202831 0)
(0.997276 0.0251581 0)
(0.996446 0.030303 0)
(0.995613 0.0357584 0)
(0.994826 0.0415556 0)
(0.99413 0.0477172 0)
(0.999996 0.00227057 0)
(0.9998 0.00676286 0)
(0.999431 0.0112295 0)
(0.998926 0.0157669 0)
(0.998324 0.020453 0)
(0.997659 0.02535 0)
(0.996971 0.0305075 0)
(0.996302 0.0359639 0)
(0.995698 0.0417477 0)
(0.995205 0.0478785 0)
(0.999997 0.0022903 0)
(0.999829 0.00682112 0)
(0.999515 0.0113222 0)
(0.999089 0.0158893 0)
(0.998587 0.0205989 0)
(0.998044 0.0255114 0)
(0.9975 0.0306744 0)
(0.996994 0.036124 0)
(0.996573 0.0418856 0)
(0.99628 0.0479765 0)
(0.999997 0.00230735 0)
(0.999859 0.00687133 0)
(0.999599 0.0114014 0)
(0.999253 0.0159925 0)
(0.998853 0.0207193 0)
(0.998433 0.0256407 0)
(0.998032 0.0308017 0)
(0.997689 0.0362365 0)
(0.997449 0.0419674 0)
(0.997354 0.048009 0)
(0.999998 0.00232155 0)
(0.999888 0.00691299 0)
(0.999685 0.0114663 0)
(0.999418 0.0160754 0)
(0.99912 0.020813 0)
(0.998823 0.0257361 0)
(0.998566 0.0308877 0)
(0.998384 0.0362994 0)
(0.998323 0.041991 0)
(0.998423 0.047974 0)
(0.999999 0.00233273 0)
(0.999918 0.00694557 0)
(0.999771 0.011516 0)
(0.999584 0.0161367 0)
(0.999388 0.0208783 0)
(0.999215 0.0257961 0)
(0.999099 0.0309305 0)
(0.999079 0.036311 0)
(0.999194 0.0419543 0)
(0.999486 0.0478698 0)
(0.999999 0.00234071 0)
(0.999948 0.00696857 0)
(0.999857 0.0115497 0)
(0.99975 0.0161753 0)
(0.999657 0.0209141 0)
(0.999606 0.0258191 0)
(0.999632 0.0309284 0)
(0.99977 0.0362693 0)
(1.00006 0.0418558 0)
(1.00054 0.0476947 0)
(1 0.00234533 0)
(0.999978 0.00698148 0)
(0.999943 0.0115667 0)
(0.999917 0.0161903 0)
(0.999926 0.0209189 0)
(0.999997 0.0258034 0)
(1.00016 0.0308797 0)
(1.00046 0.0361726 0)
(1.00092 0.0416936 0)
(1.00158 0.0474471 0)
(1 0.00234642 0)
(1.00001 0.00698381 0)
(1.00003 0.011566 0)
(1.00008 0.0161804 0)
(1.00019 0.0208914 0)
(1.00039 0.0257478 0)
(1.00069 0.0307829 0)
(1.00114 0.0360194 0)
(1.00177 0.0414663 0)
(1.0026 0.0471257 0)
(1 0.00234381 0)
(1.00004 0.00697506 0)
(1.00012 0.011547 0)
(1.00025 0.0161447 0)
(1.00046 0.0208305 0)
(1.00077 0.0256507 0)
(1.00121 0.0306365 0)
(1.00181 0.0358082 0)
(1.0026 0.0411725 0)
(1.00361 0.0467295 0)
(1 0.00233733 0)
(1.00007 0.00695476 0)
(1.0002 0.0115088 0)
(1.00041 0.0160822 0)
(1.00072 0.0207348 0)
(1.00115 0.0255109 0)
(1.00173 0.0304391 0)
(1.00247 0.0355377 0)
(1.00342 0.0408111 0)
(1.0046 0.0462576 0)
(1 0.00232683 0)
(1.0001 0.00692246 0)
(1.00029 0.0114507 0)
(1.00058 0.0159919 0)
(1.00098 0.0206034 0)
(1.00153 0.0253272 0)
(1.00223 0.0301895 0)
(1.00312 0.0352067 0)
(1.00422 0.0403811 0)
(1.00556 0.0457092 0)
(1 0.00231217 0)
(1.00013 0.00687771 0)
(1.00037 0.0113721 0)
(1.00074 0.0158729 0)
(1.00124 0.0204351 0)
(1.0019 0.0250983 0)
(1.00273 0.0298865 0)
(1.00376 0.0348141 0)
(1.00501 0.0398816 0)
(1.0065 0.0450839 0)
(1 0.00229318 0)
(1.00016 0.00682009 0)
(1.00045 0.0112723 0)
(1.0009 0.0157244 0)
(1.00149 0.0202289 0)
(1.00226 0.0248232 0)
(1.00322 0.0295292 0)
(1.00438 0.0343592 0)
(1.00577 0.039312 0)
(1.00741 0.0443813 0)
(1 0.00226975 0)
(1.00018 0.00674921 0)
(1.00053 0.0111506 0)
(1.00105 0.0155455 0)
(1.00174 0.019984 0)
(1.00262 0.0245011 0)
(1.00369 0.0291166 0)
(1.00499 0.0338411 0)
(1.00651 0.0386719 0)
(1.00829 0.0436014 0)
(1 0.00224173 0)
(1.00021 0.0066647 0)
(1.00061 0.0110065 0)
(1.0012 0.0153356 0)
(1.00198 0.0196995 0)
(1.00296 0.0241311 0)
(1.00416 0.0286481 0)
(1.00557 0.0332594 0)
(1.00723 0.037961 0)
(1.00914 0.0427443 0)
(1 0.00220902 0)
(1.00024 0.00656623 0)
(1.00069 0.0108394 0)
(1.00135 0.015094 0)
(1.00222 0.0193748 0)
(1.0033 0.0237126 0)
(1.0046 0.0281231 0)
(1.00614 0.0326137 0)
(1.00792 0.0371792 0)
(1.00995 0.0418102 0)
(1.00001 0.0021715 0)
(1.00027 0.00645349 0)
(1.00077 0.010649 0)
(1.00149 0.0148202 0)
(1.00245 0.0190093 0)
(1.00363 0.0232449 0)
(1.00504 0.0275411 0)
(1.00669 0.0319037 0)
(1.00858 0.0363266 0)
(1.01073 0.0407997 0)
(1.00001 0.00212907 0)
(1.00029 0.00632621 0)
(1.00084 0.0104347 0)
(1.00163 0.0145135 0)
(1.00267 0.0186024 0)
(1.00394 0.0227276 0)
(1.00545 0.0269018 0)
(1.00721 0.0311293 0)
(1.00922 0.0354034 0)
(1.01148 0.0397134 0)
(1.00001 0.00208167 0)
(1.00032 0.00618416 0)
(1.00091 0.0101963 0)
(1.00177 0.0141738 0)
(1.00288 0.0181537 0)
(1.00424 0.0221605 0)
(1.00585 0.0262051 0)
(1.00771 0.0302907 0)
(1.00982 0.03441 0)
(1.01218 0.0385519 0)
(1.00001 0.0020292 0)
(1.00034 0.00602714 0)
(1.00098 0.00993349 0)
(1.0019 0.0138005 0)
(1.00308 0.017663 0)
(1.00453 0.0215433 0)
(1.00623 0.0254509 0)
(1.00819 0.0293881 0)
(1.01039 0.0333469 0)
(1.01285 0.0373164 0)
(1.00001 0.00197162 0)
(1.00036 0.00585498 0)
(1.00104 0.00964598 0)
(1.00202 0.0133935 0)
(1.00328 0.01713 0)
(1.0048 0.0208759 0)
(1.00659 0.0246394 0)
(1.00864 0.0284218 0)
(1.01093 0.0322149 0)
(1.01347 0.0360077 0)
(1.00001 0.00190888 0)
(1.00039 0.00566757 0)
(1.00111 0.00933364 0)
(1.00214 0.0129527 0)
(1.00346 0.0165547 0)
(1.00506 0.0201584 0)
(1.00693 0.0237708 0)
(1.00906 0.0273923 0)
(1.01144 0.0310147 0)
(1.01406 0.0346271 0)
(1.00001 0.00184094 0)
(1.00041 0.00546484 0)
(1.00116 0.00899637 0)
(1.00225 0.0124779 0)
(1.00364 0.0159371 0)
(1.00531 0.0193909 0)
(1.00726 0.0228454 0)
(1.00946 0.0263003 0)
(1.01192 0.0297473 0)
(1.01461 0.0331757 0)
(1.00001 0.00176779 0)
(1.00043 0.00524673 0)
(1.00122 0.00863414 0)
(1.00235 0.0119691 0)
(1.0038 0.0152772 0)
(1.00554 0.0185738 0)
(1.00756 0.0218637 0)
(1.00983 0.0251463 0)
(1.01236 0.0284135 0)
(1.01512 0.0316547 0)
(1.00001 0.00168943 0)
(1.00045 0.00501324 0)
(1.00127 0.00824697 0)
(1.00245 0.0114266 0)
(1.00396 0.0145754 0)
(1.00576 0.0177073 0)
(1.00784 0.0208263 0)
(1.01018 0.0239313 0)
(1.01277 0.0270144 0)
(1.01559 0.0300655 0)
(1.00001 0.00160586 0)
(1.00046 0.00476442 0)
(1.00132 0.00783494 0)
(1.00254 0.0108503 0)
(1.0041 0.0138318 0)
(1.00596 0.0167918 0)
(1.0081 0.0197337 0)
(1.0105 0.022656 0)
(1.01315 0.025551 0)
(1.01602 0.0284092 0)
(1.00001 0.0015171 0)
(1.00048 0.00450033 0)
(1.00137 0.00739822 0)
(1.00263 0.0102407 0)
(1.00423 0.0130469 0)
(1.00614 0.015828 0)
(1.00834 0.0185868 0)
(1.0108 0.0213214 0)
(1.01349 0.0240245 0)
(1.01641 0.0266873 0)
(1.00001 0.0014232 0)
(1.0005 0.00422109 0)
(1.00141 0.00693698 0)
(1.00271 0.00959789 0)
(1.00435 0.0122211 0)
(1.00631 0.0148164 0)
(1.00856 0.0173861 0)
(1.01106 0.0199283 0)
(1.01381 0.022436 0)
(1.01676 0.0249009 0)
(1.00001 0.00132419 0)
(1.00051 0.00392685 0)
(1.00145 0.0064515 0)
(1.00278 0.00892236 0)
(1.00447 0.0113549 0)
(1.00647 0.0137577 0)
(1.00876 0.0161327 0)
(1.01131 0.0184777 0)
(1.01409 0.0207864 0)
(1.01708 0.0230512 0)
(1.00001 0.00122013 0)
(1.00052 0.00361777 0)
(1.00148 0.00594206 0)
(1.00285 0.00821452 0)
(1.00457 0.0104488 0)
(1.00661 0.0126526 0)
(1.00894 0.0148271 0)
(1.01153 0.0169705 0)
(1.01434 0.0190768 0)
(1.01737 0.0211391 0)
(1.00001 0.00111111 0)
(1.00053 0.00329409 0)
(1.00152 0.00540904 0)
(1.00291 0.00747486 0)
(1.00466 0.00950357 0)
(1.00674 0.0115017 0)
(1.0091 0.0134704 0)
(1.01172 0.0154077 0)
(1.01457 0.0173082 0)
(1.01762 0.0191658 0)
(1.00001 0.000997193 0)
(1.00054 0.00295603 0)
(1.00154 0.00485282 0)
(1.00296 0.00670393 0)
(1.00474 0.00851976 0)
(1.00685 0.010306 0)
(1.00924 0.0120633 0)
(1.01189 0.0137901 0)
(1.01477 0.0154814 0)
(1.01784 0.0171319 0)
(1.02107 0.0187343 0)
(1.00001 0.000878484 0)
(1.00055 0.0026039 0)
(1.00157 0.00427386 0)
(1.003 0.00590232 0)
(1.00481 0.00749814 0)
(1.00694 0.0090661 0)
(1.00937 0.0106068 0)
(1.01204 0.0121186 0)
(1.01494 0.0135973 0)
(1.01803 0.0150382 0)
(1.02127 0.0164351 0)
(1.00001 0.000755092 0)
(1.00056 0.002238 0)
(1.00159 0.00367267 0)
(1.00304 0.0050707 0)
(1.00487 0.00643949 0)
(1.00703 0.00778299 0)
(1.00947 0.00910167 0)
(1.01217 0.0103941 0)
(1.01508 0.0116566 0)
(1.01819 0.0128852 0)
(1.02145 0.0140748 0)
(1.00001 0.000627139 0)
(1.00057 0.0018587 0)
(1.00161 0.00304981 0)
(1.00308 0.0042098 0)
(1.00492 0.00534462 0)
(1.0071 0.0064575 0)
(1.00956 0.00754877 0)
(1.01228 0.00861718 0)
(1.01521 0.00965978 0)
(1.01832 0.0106733 0)
(1.02159 0.0116535 0)
(1.00001 0.00049476 0)
(1.00057 0.0014664 0)
(1.00162 0.00240593 0)
(1.0031 0.00332041 0)
(1.00496 0.00421445 0)
(1.00715 0.00509057 0)
(1.00963 0.00594901 0)
(1.01236 0.00678876 0)
(1.0153 0.00760747 0)
(1.01843 0.00840262 0)
(1.0217 0.00917095 0)
(1.00001 0.000358103 0)
(1.00058 0.00106153 0)
(1.00163 0.00174169 0)
(1.00313 0.00240339 0)
(1.005 0.00304994 0)
(1.0072 0.00368319 0)
(1.00969 0.00430329 0)
(1.01242 0.00490949 0)
(1.01538 0.00550009 0)
(1.01851 0.00607328 0)
(1.02178 0.00662673 0)
(1.00001 0.00021736 0)
(1.00058 0.000644627 0)
(1.00164 0.00105786 0)
(1.00314 0.00145971 0)
(1.00502 0.00185216 0)
(1.00723 0.0022364 0)
(1.00972 0.00261254 0)
(1.01247 0.00298007 0)
(1.01543 0.00333798 0)
(1.01856 0.00368515 0)
(1.02184 0.0040202 0)
(1.00001 7.29974e-05 0)
(1.00058 0.000216617 0)
(1.00165 0.000355577 0)
(1.00315 0.000490659 0)
(1.00503 0.000622546 0)
(1.00724 0.000751653 0)
(1.00974 0.000878013 0)
(1.01249 0.00100146 0)
(1.01545 0.00112164 0)
(1.01859 0.00123819 0)
(1.02187 0.00135063 0)
(0.993163 0.000174992 1.40754e-23)
(0.989982 0.000219875 -1.0589e-22)
(0.98625 0.000268831 -2.94666e-22)
(0.981962 0.000320545 -4.81709e-22)
(0.977126 0.000380964 -8.36318e-23)
(0.971732 0.000446569 3.25015e-22)
(0.96576 0.000519347 5.31166e-22)
(0.959189 0.000600419 -6.85871e-23)
(0.999987 5.5763e-05 3.19257e-22)
(0.999256 0.000167837 -6.51622e-22)
(0.997822 0.000281593 7.153e-22)
(0.995787 0.000399777 5.67089e-22)
(0.993164 0.000525075 5.15543e-22)
(0.989983 0.000659758 7.9531e-22)
(0.986252 0.000806636 -9.23141e-23)
(0.981965 0.000962326 -7.21005e-22)
(0.977129 0.00114312 1.03476e-21)
(0.971736 0.00133994 -7.4154e-22)
(0.965766 0.00155829 -3.69331e-22)
(0.959197 0.00180152 6.64336e-22)
(0.999987 9.29445e-05 -5.20216e-22)
(0.999256 0.000279735 9.44591e-22)
(0.997823 0.000469331 1.30958e-22)
(0.995788 0.000666303 -8.80484e-22)
(0.993165 0.000875125 -1.28988e-21)
(0.989985 0.00109962 -2.14044e-21)
(0.986255 0.00134437 4.04547e-22)
(0.98197 0.00160498 7.7044e-22)
(0.977136 0.00190525 1.4969e-21)
(0.971745 0.00223323 1.10516e-21)
(0.965777 0.00259713 -1.34289e-21)
(0.959212 0.00300249 -1.05562e-21)
(0.999987 0.000130131 7.87834e-22)
(0.999256 0.000391628 -6.46381e-22)
(0.997823 0.000657052 2.49819e-21)
(0.995789 0.000932798 2.30904e-21)
(0.993167 0.00122512 1.3522e-21)
(0.989989 0.00153944 2.63988e-21)
(0.986259 0.00188199 1.27228e-21)
(0.981977 0.00224822 -1.30291e-21)
(0.977147 0.00266733 -2.40522e-21)
(0.971758 0.00312642 -2.86203e-22)
(0.965795 0.0036358 1.8306e-21)
(0.959234 0.00420324 6.35957e-22)
(0.999987 0.000167325 -1.72086e-21)
(0.999256 0.000503514 -2.09134e-22)
(0.997824 0.000844752 -4.06773e-22)
(0.995791 0.00119925 -1.0027e-21)
(0.99317 0.00157504 -8.57509e-22)
(0.989993 0.0019792 1.57133e-21)
(0.986265 0.00241944 -4.33596e-21)
(0.981986 0.00289183 1.7609e-21)
(0.97716 0.00342929 1.11109e-21)
(0.971776 0.00401943 -3.3933e-22)
(0.965818 0.00467423 -2.91465e-21)
(0.959264 0.00540368 4.99403e-22)
(0.999987 0.000204527 3.35609e-21)
(0.999256 0.000615391 -1.00531e-21)
(0.997825 0.00103242 4.34971e-23)
(0.995793 0.00146565 -1.71515e-21)
(0.993174 0.00192486 -1.72352e-21)
(0.989999 0.00241887 -3.21948e-21)
(0.986273 0.00295667 3.21609e-21)
(0.981998 0.00353568 -1.98817e-21)
(0.977178 0.00419111 1.93346e-21)
(0.971798 0.00491221 9.17831e-23)
(0.965847 0.00571236 3.77454e-21)
(0.959302 0.00660374 -4.49107e-21)
(0.999986 0.00024174 -1.2793e-21)
(0.999256 0.000727256 4.33177e-22)
(0.997826 0.00122006 -2.87344e-21)
(0.995795 0.00173197 5.17008e-22)
(0.993178 0.00227457 3.06487e-21)
(0.990006 0.00285842 3.338e-21)
(0.986283 0.00349362 2.57456e-21)
(0.982012 0.00417961 -2.74447e-21)
(0.977198 0.00495272 -2.1929e-21)
(0.971825 0.00580471 -1.09024e-21)
(0.965882 0.0067501 -5.98976e-22)
(0.959347 0.00780331 4.6747e-21)
(0.999986 0.000278966 -6.78739e-22)
(0.999257 0.000839107 -3.57365e-21)
(0.997827 0.00140766 2.51815e-21)
(0.995798 0.00199822 4.91931e-21)
(0.993183 0.00262413 -1.06664e-21)
(0.990014 0.00329781 -4.83937e-21)
(0.986294 0.00403023 -1.41808e-21)
(0.982029 0.0048235 3.41941e-21)
(0.977222 0.00571409 9.11127e-22)
(0.971856 0.00669686 -4.08367e-22)
(0.965923 0.00778739 -7.95255e-22)
(0.959399 0.00900231 -1.03104e-21)
(0.999986 0.000316204 1.51706e-21)
(0.999257 0.000950941 2.18822e-21)
(0.997828 0.0015952 -2.77135e-21)
(0.995801 0.00226436 -7.71397e-21)
(0.993189 0.00297354 5.8346e-21)
(0.990024 0.00373702 3.8064e-21)
(0.986307 0.00456642 -1.66357e-21)
(0.982048 0.00546724 3.20433e-21)
(0.977249 0.00647515 -4.1771e-22)
(0.971892 0.0075886 -2.59861e-21)
(0.96597 0.00882416 7.71774e-21)
(0.95946 0.0102006 -2.25831e-21)
(0.999986 0.000353458 2.60414e-21)
(0.999257 0.00106275 1.90596e-21)
(0.99783 0.0017827 3.55755e-21)
(0.995805 0.0025304 7.4344e-21)
(0.993196 0.00332276 -1.98362e-21)
(0.990034 0.00417601 -6.60679e-21)
(0.986322 0.00510209 2.81781e-21)
(0.98207 0.00611072 -1.14354e-21)
(0.977279 0.00723585 -4.35502e-21)
(0.971932 0.00847987 6.65397e-21)
(0.966022 0.00986033 -1.50141e-21)
(0.959527 0.0113982 -4.18371e-21)
(0.999985 0.000390727 -4.6139e-21)
(0.999257 0.00117454 3.204e-22)
(0.997832 0.00197012 1.38352e-21)
(0.995809 0.0027963 -1.06707e-20)
(0.993203 0.00367179 -9.53579e-21)
(0.990046 0.00461472 7.88241e-21)
(0.986339 0.00563709 -4.10639e-23)
(0.982094 0.00675386 1.21588e-21)
(0.977313 0.00799612 1.11137e-21)
(0.971977 0.00937059 -7.14255e-21)
(0.96608 0.0108958 -2.60459e-21)
(0.959602 0.012595 -7.20589e-21)
(0.999985 0.000428013 -1.60551e-21)
(0.999258 0.00128631 -4.74229e-21)
(0.997834 0.00215748 -1.47671e-21)
(0.995814 0.00306206 2.60186e-21)
(0.993212 0.00402059 3.04907e-21)
(0.990059 0.00505312 -6.9213e-21)
(0.986358 0.00617126 -2.33945e-21)
(0.982121 0.00739658 9.32817e-22)
(0.97735 0.0087559 -3.3692e-21)
(0.972026 0.0102607 1.07158e-20)
(0.966145 0.0119306 3.23751e-21)
(0.959685 0.0137908 2.40706e-21)
(0.999984 0.000465315 4.48958e-21)
(0.999258 0.00139804 3.36621e-21)
(0.997836 0.00234476 -6.62235e-21)
(0.995819 0.00332766 6.65589e-21)
(0.993221 0.00436916 -8.31701e-22)
(0.990073 0.00549115 7.27564e-22)
(0.986378 0.00670441 3.42834e-21)
(0.98215 0.00803881 -6.11339e-22)
(0.977391 0.00951514 3.77163e-21)
(0.97208 0.0111502 -3.8158e-21)
(0.966215 0.0129645 1.77014e-21)
(0.959775 0.0149856 -1.6676e-21)
(0.999984 0.000502634 1.22513e-21)
(0.999259 0.00150974 1.80172e-21)
(0.997839 0.00253195 1.46026e-21)
(0.995824 0.00359308 -8.77293e-22)
(0.993231 0.00471747 1.65586e-21)
(0.990088 0.0059287 4.69435e-21)
(0.9864 0.00723606 -2.47419e-21)
(0.982182 0.00868057 5.03302e-21)
(0.977435 0.0102738 -1.74487e-21)
(0.972138 0.0120389 2.50759e-21)
(0.966291 0.0139975 -1.35267e-21)
(0.959873 0.0161793 -6.74584e-21)
(0.999984 0.000539969 -8.39068e-21)
(0.999259 0.00162139 3.40423e-21)
(0.997841 0.00271903 -9.52916e-22)
(0.99583 0.0038583 1.70179e-22)
(0.993241 0.00506552 2.63061e-21)
(0.990104 0.0063657 -4.2512e-21)
(0.986425 0.00776321 -3.44929e-21)
(0.982217 0.00932169 -2.39193e-21)
(0.977482 0.0110318 -5.86648e-21)
(0.972201 0.0129267 -1.45386e-21)
(0.966373 0.0150295 -1.37539e-21)
(0.959978 0.0173718 6.31069e-21)
(0.999983 0.00057732 -3.30338e-21)
(0.99926 0.001733 -3.14236e-21)
(0.997844 0.00290601 1.24899e-20)
(0.995837 0.00412331 -1.67538e-21)
(0.993253 0.00541331 2.53459e-21)
(0.990121 0.00680229 1.0638e-20)
(0.986451 0.00828311 7.26405e-21)
(0.982256 0.00996184 -7.67908e-21)
(0.977533 0.0117891 7.17319e-21)
(0.972268 0.0138137 2.1885e-21)
(0.96646 0.0160605 -3.21405e-21)
(0.960092 0.018563 -7.94279e-21)
(0.999983 0.000614686 8.03602e-21)
(0.99926 0.00184456 1.2329e-21)
(0.997848 0.00309287 -1.50247e-20)
(0.995844 0.00438809 -4.15618e-21)
(0.993265 0.00576084 -7.97852e-21)
(0.990138 0.00723813 -3.84141e-21)
(0.986479 0.00881824 -1.16811e-22)
(0.982298 0.0106017 6.7308e-21)
(0.977588 0.0125456 3.00402e-21)
(0.97234 0.0146998 -7.80512e-21)
(0.966554 0.0170903 3.95315e-21)
(0.960212 0.0197529 -1.40188e-21)
(0.999982 0.000652064 6.59993e-21)
(0.999261 0.00195607 -9.34996e-21)
(0.997851 0.00327959 2.83106e-21)
(0.995851 0.00465262 4.29563e-21)
(0.993279 0.00610807 6.0994e-21)
(0.990158 0.00767291 8.33603e-22)
(0.98651 0.00936445 -5.91398e-21)
(0.982342 0.0112413 -6.89698e-21)
(0.977646 0.0133013 -1.00188e-20)
(0.972416 0.0155848 7.06512e-21)
(0.966654 0.0181189 -4.6033e-21)
(0.960341 0.0209413 4.94239e-21)
(0.999982 0.000689453 -9.26773e-21)
(0.999262 0.00206751 8.85932e-21)
(0.997855 0.00346617 4.27012e-21)
(0.995859 0.00491688 3.8272e-22)
(0.993293 0.00645492 -4.10103e-21)
(0.99018 0.00810711 -6.46947e-21)
(0.986542 0.00990058 3.02491e-21)
(0.982387 0.0118796 1.15769e-20)
(0.977707 0.0140561 -3.14402e-21)
(0.972498 0.0164687 -1.92458e-22)
(0.96676 0.0191462 9.23756e-21)
(0.960477 0.0221281 -1.20843e-20)
(0.999982 0.00072685 5.46357e-21)
(0.999263 0.00217888 -1.99025e-21)
(0.997859 0.00365259 -1.00507e-20)
(0.995868 0.00518086 9.61156e-21)
(0.993308 0.00680121 -2.46309e-21)
(0.990203 0.00854046 9.15069e-21)
(0.986577 0.010434 -1.00717e-20)
(0.982436 0.0125169 -1.05713e-22)
(0.977772 0.0148099 1.43005e-21)
(0.972584 0.0173514 6.85075e-21)
(0.966872 0.0201721 7.16856e-21)
(0.999981 0.000764251 -2.49476e-22)
(0.999264 0.00229017 2.88718e-21)
(0.997863 0.00383883 1.43317e-20)
(0.995877 0.00544454 -3.54671e-21)
(0.993324 0.00714685 2.79915e-21)
(0.990228 0.00896916 -7.58615e-21)
(0.986614 0.0109664 6.2905e-21)
(0.982487 0.0131533 -2.44131e-21)
(0.977841 0.0155627 -5.39896e-22)
(0.972675 0.0182329 -1.255e-20)
(0.96699 0.0211965 4.26335e-21)
(0.999981 0.000801654 -9.17922e-21)
(0.999265 0.00240138 8.25657e-21)
(0.997868 0.00402489 -1.54475e-20)
(0.995887 0.00570796 2.69453e-21)
(0.99334 0.00749212 -7.20505e-21)
(0.990254 0.0093834 1.28058e-20)
(0.986653 0.0114971 2.39829e-22)
(0.982541 0.0137888 -2.081e-21)
(0.977913 0.0163142 9.77551e-21)
(0.97277 0.0191131 -9.45952e-21)
(0.967114 0.0222194 -6.91258e-21)
(0.999981 0.000839054 6.9757e-21)
(0.999266 0.00251249 -1.2512e-20)
(0.997873 0.00421073 1.61791e-20)
(0.995898 0.00597109 -1.10699e-20)
(0.993356 0.00783671 7.46421e-21)
(0.990282 0.00981706 -3.93506e-21)
(0.986696 0.0120269 -6.95131e-21)
(0.982597 0.0144233 1.09696e-20)
(0.97799 0.0170646 -4.60209e-21)
(0.972871 0.0199918 1.78335e-21)
(0.967245 0.0232407 3.64084e-21)
(0.99998 0.000876446 -3.05624e-21)
(0.999268 0.00262351 -1.75009e-21)
(0.997878 0.00439635 -5.52e-21)
(0.995909 0.00623385 1.13443e-20)
(0.993374 0.00818017 -5.41416e-21)
(0.990312 0.0102689 -4.44787e-23)
(0.98674 0.0125565 -2.89923e-21)
(0.982657 0.0150567 -8.04289e-21)
(0.97807 0.0178137 7.88352e-21)
(0.972977 0.020869 -6.08634e-21)
(0.967382 0.0242602 1.04179e-20)
(0.99998 0.000913824 4.8027e-21)
(0.999269 0.0027344 7.13823e-21)
(0.997884 0.00458174 -6.35809e-22)
(0.995921 0.00649614 -9.58094e-21)
(0.993394 0.00852155 -5.00568e-22)
(0.990344 0.0107054 1.39327e-21)
(0.986786 0.0130843 -1.5682e-21)
(0.98272 0.0156889 5.18666e-21)
(0.978154 0.0185615 -1.85675e-20)
(0.973088 0.0217447 1.63264e-20)
(0.967526 0.025278 -1.13125e-20)
(0.99998 0.000951183 -2.0308e-22)
(0.999271 0.00284518 4.27461e-21)
(0.99789 0.00476691 -7.53651e-21)
(0.995933 0.006758 1.34478e-21)
(0.993416 0.00885704 -3.07402e-21)
(0.990377 0.0111374 -4.17414e-22)
(0.986834 0.0136108 1.56078e-21)
(0.982786 0.0163198 -3.59043e-21)
(0.978243 0.0193078 2.3807e-21)
(0.973204 0.0226187 -1.00314e-20)
(0.967677 0.0262938 1.08248e-20)
(0.99998 0.000988515 -6.6751e-23)
(0.999273 0.00295581 -4.17545e-21)
(0.997897 0.00495182 6.35143e-21)
(0.995945 0.00701962 8.43618e-22)
(0.993438 0.00919637 -1.49349e-21)
(0.990413 0.0115685 1.8759e-21)
(0.986884 0.0141362 5.46449e-21)
(0.982855 0.0169495 6.18422e-21)
(0.978336 0.0200526 1.07736e-20)
(0.973326 0.023491 -1.00026e-20)
(0.967835 0.0273077 -6.83175e-21)
(0.99998 0.00102581 2.98159e-21)
(0.999275 0.0030663 -2.11951e-21)
(0.997904 0.0051364 5.28804e-21)
(0.995959 0.00728093 -8.98787e-21)
(0.993462 0.00954494 3.79906e-21)
(0.99045 0.0119988 -3.60695e-21)
(0.986937 0.0146605 -2.12858e-21)
(0.982927 0.0175777 -3.76942e-21)
(0.978433 0.0207958 2.78849e-21)
(0.973454 0.0243614 2.61723e-21)
(0.968001 0.0283194 2.09476e-21)
(0.99998 0.00106307 -8.72247e-21)
(0.999277 0.00317663 5.26525e-21)
(0.997911 0.00532063 -7.59491e-21)
(0.995973 0.00753871 1.09861e-20)
(0.993488 0.00989193 5.49588e-21)
(0.990489 0.0124278 5.4353e-21)
(0.986992 0.0151835 -5.94512e-21)
(0.983004 0.0182045 7.33783e-23)
(0.978535 0.0215372 -1.85595e-21)
(0.973589 0.0252299 -9.34118e-22)
(0.968174 0.0293289 7.59694e-21)
(0.99998 0.00110027 -5.70801e-23)
(0.99928 0.00328681 -1.28003e-20)
(0.997919 0.00550475 8.06123e-22)
(0.995989 0.00778528 -6.74319e-21)
(0.993514 0.0102342 1.04256e-21)
(0.99053 0.0128554 -6.88706e-21)
(0.987051 0.0157051 6.63353e-21)
(0.983084 0.0188298 1.63587e-21)
(0.978643 0.0222769 1.43585e-21)
(0.97373 0.0260963 1.42884e-21)
(0.968357 0.030336 -4.13202e-21)
(0.99998 0.00113741 4.11705e-21)
(0.999282 0.00339681 3.642e-21)
(0.997926 0.00568844 1.70873e-21)
(0.996006 0.00804465 -7.06289e-22)
(0.993544 0.0105747 -7.49358e-21)
(0.990573 0.0132818 -2.66604e-21)
(0.987112 0.0162254 3.32879e-22)
(0.983169 0.0194533 2.51546e-21)
(0.978757 0.0230146 -1.46698e-21)
(0.973878 0.0269604 4.12906e-22)
(0.968549 0.0313407 -5.89886e-21)
(0.999981 0.00117448 -4.96255e-21)
(0.999285 0.00350664 5.97561e-21)
(0.997935 0.00587071 -5.6632e-22)
(0.996023 0.00831687 6.45119e-21)
(0.993574 0.0109146 2.75299e-21)
(0.990619 0.0137069 7.27959e-21)
(0.987178 0.0167441 -5.65052e-21)
(0.983258 0.0200751 -6.99399e-21)
(0.978877 0.0237503 3.62688e-21)
(0.974036 0.0278222 -2.87053e-22)
(0.968751 0.0323426 3.33199e-21)
(0.999981 0.00121148 2.8332e-21)
(0.999288 0.00361635 -5.79852e-21)
(0.997944 0.00605075 -3.35796e-21)
(0.996042 0.0085779 -2.47003e-21)
(0.993606 0.0112529 -1.55232e-21)
(0.990668 0.0141306 -4.68252e-22)
(0.987247 0.0172612 -1.88781e-22)
(0.983354 0.020695 -2.34831e-21)
(0.979004 0.0244837 -7.99046e-21)
(0.974202 0.0286815 2.54778e-21)
(0.968966 0.0333416 -6.59407e-21)
(0.999982 0.00124838 -9.6232e-22)
(0.999291 0.00372586 3.33822e-21)
(0.997955 0.00623292 2.89513e-21)
(0.996063 0.00883512 -1.37607e-21)
(0.99364 0.01159 7.32855e-21)
(0.99072 0.014553 -7.98642e-21)
(0.987321 0.0177766 -3.47286e-21)
(0.983456 0.0213128 7.7826e-21)
(0.97914 0.0252148 8.82609e-21)
(0.97438 0.029538 -1.49164e-21)
(0.969194 0.0343376 -8.92307e-21)
(0.999982 0.00128517 3.59892e-21)
(0.999295 0.00383454 9.41635e-22)
(0.997966 0.00641748 5.09582e-21)
(0.996085 0.00909181 4.48665e-21)
(0.993677 0.0119258 -1.46019e-21)
(0.990775 0.0149738 4.62398e-21)
(0.987401 0.0182901 6.25963e-21)
(0.983565 0.0219284 -3.48874e-21)
(0.979286 0.0259432 -4.65948e-21)
(0.974571 0.0303916 8.23327e-21)
(0.969439 0.0353302 3.18798e-21)
(0.999983 0.00132187 -2.01229e-21)
(0.999299 0.0039414 -1.66882e-21)
(0.997978 0.00659962 -7.44171e-21)
(0.996109 0.00934749 -4.49001e-21)
(0.993717 0.01226 -4.03946e-21)
(0.990836 0.0153924 -6.74598e-21)
(0.987488 0.018801 4.11318e-21)
(0.983684 0.0225407 -5.30982e-21)
(0.979444 0.0266678 6.06892e-21)
(0.974776 0.0312407 -4.9658e-21)
(0.969703 0.0363176 -3.02433e-21)
(0.999983 0.00135842 -1.70798e-21)
(0.999303 0.00404978 7.01182e-22)
(0.997991 0.00678014 4.20775e-21)
(0.996135 0.00960186 -1.23471e-21)
(0.993761 0.0125924 4.07495e-21)
(0.990903 0.0158087 1.3889e-21)
(0.987583 0.0193088 4.26021e-21)
(0.983814 0.0231492 2.58578e-22)
(0.979616 0.0273877 -3.55355e-22)
(0.975 0.0320841 -2.86194e-21)
(0.96999 0.0372983 2.29078e-22)
(0.999984 0.00139487 8.071e-22)
(0.999308 0.00416008 4.32351e-22)
(0.998006 0.00696076 -1.22507e-21)
(0.996164 0.00985651 5.09738e-23)
(0.99381 0.0129255 1.88676e-21)
(0.990976 0.016226 -2.84832e-21)
(0.987687 0.0198182 -1.59967e-21)
(0.983957 0.02376 -6.26684e-22)
(0.979806 0.0281106 1.06339e-21)
(0.975247 0.0329314 3.11245e-21)
(0.970304 0.0382839 -1.5002e-21)
(0.999985 0.00143141 -3.88262e-22)
(0.999314 0.00426953 1.6123e-21)
(0.998024 0.00714298 -4.7355e-22)
(0.996198 0.0101141 1.24115e-21)
(0.993865 0.0132634 -2.46493e-22)
(0.991059 0.0166508 3.42268e-21)
(0.987805 0.0203383 -1.14512e-22)
(0.984116 0.0243853 -2.57093e-21)
(0.980017 0.0288528 2.68311e-21)
(0.975521 0.0338034 -8.12998e-22)
(0.970654 0.0393004 -4.48038e-21)
(0.999986 0.00146722 5.63305e-22)
(0.999322 0.00437573 8.61554e-22)
(0.998044 0.00731955 -3.38074e-22)
(0.996237 0.0103627 9.80594e-22)
(0.993929 0.0135882 -9.04345e-22)
(0.991154 0.0170576 4.83152e-22)
(0.987938 0.020835 -2.21873e-21)
(0.984297 0.0249812 1.44189e-21)
(0.980257 0.0295587 -8.75973e-22)
(0.97583 0.0346317 2.65721e-21)
(0.971049 0.0402649 -1.92441e-21)
)
;

boundaryField
{
    inlet
    {
        type            uniformFixedValue;
        uniformValue    constant (1 0 0);
        value           uniform (1 0 0);
    }
    outlet
    {
        type            pressureInletOutletVelocity;
        value           nonuniform 0();
    }
    cylinder
    {
        type            fixedValue;
        value           nonuniform 0();
    }
    top
    {
        type            symmetryPlane;
    }
    bottom
    {
        type            symmetryPlane;
    }
    defaultFaces
    {
        type            empty;
    }
    procBoundary16to0
    {
        type            processor;
        value           nonuniform List<vector> 
13
(
(0.999987 1.85846e-05 1.37255e-22)
(0.999256 5.59355e-05 -1.73667e-22)
(0.997822 9.38471e-05 3.52072e-22)
(0.995787 0.000133234 -3.94646e-22)
(0.995787 0.000133234 -3.94646e-22)
(0.993163 -0.000175102 4.08915e-23)
(0.989982 -0.000220015 -1.43411e-22)
(0.98625 -0.000268999 -1.58695e-22)
(0.981962 -0.000320735 -5.49169e-22)
(0.977126 -0.000381188 -2.71237e-26)
(0.971732 -0.000446821 2.43875e-22)
(0.96576 -0.000519625 5.56804e-22)
(0.959189 -0.000600722 -2.20338e-22)
)
;
    }
    procBoundary16to1
    {
        type            processor;
        value           uniform (0.952 0.000690715 2.39697e-22);
    }
    procBoundary16to17
    {
        type            processor;
        value           nonuniform List<vector> 
102
(
(0.971587 0.0409868 0)
(0.971587 0.0409868 0)
(0.972306 0.0418776 0)
(0.973094 0.0428354 0)
(0.973945 0.0437893 0)
(0.974851 0.0447177 0)
(0.975805 0.0456213 0)
(0.976804 0.0464992 0)
(0.977841 0.0473483 0)
(0.978914 0.0481648 0)
(0.98002 0.0489454 0)
(0.981155 0.0496866 0)
(0.982316 0.0503854 0)
(0.983502 0.0510385 0)
(0.98471 0.0516427 0)
(0.985938 0.052195 0)
(0.987184 0.0526923 0)
(0.988444 0.0531318 0)
(0.989717 0.0535105 0)
(0.991 0.0538258 0)
(0.992289 0.0540749 0)
(0.993582 0.0542554 0)
(0.994876 0.054365 0)
(0.996168 0.0544015 0)
(0.997454 0.0543628 0)
(0.998731 0.0542472 0)
(0.999997 0.0540529 0)
(1.00125 0.0537787 0)
(1.00248 0.0534233 0)
(1.00369 0.0529857 0)
(1.00487 0.0524653 0)
(1.00603 0.0518614 0)
(1.00716 0.0511739 0)
(1.00825 0.0504026 0)
(1.00931 0.0495477 0)
(1.01033 0.0486096 0)
(1.01131 0.0475888 0)
(1.01225 0.0464861 0)
(1.01314 0.0453025 0)
(1.01399 0.044039 0)
(1.01479 0.0426967 0)
(1.01554 0.0412771 0)
(1.01625 0.0397815 0)
(1.01691 0.0382115 0)
(1.01752 0.0365685 0)
(1.01809 0.034854 0)
(1.01861 0.0330697 0)
(1.01909 0.0312169 0)
(1.01952 0.0292971 0)
(1.01991 0.0273116 0)
(1.02025 0.0252616 0)
(1.02056 0.0231481 0)
(1.02084 0.0209721 0)
(1.02084 0.0209721 0)
(1.02444 0.0202823 0)
(1.02465 0.0177826 0)
(1.02483 0.0152209 0)
(1.02497 0.0125968 0)
(1.02509 0.00990969 0)
(1.02517 0.00715851 0)
(1.02523 0.00434197 0)
(1.02526 0.00145859 0)
(0.95201 0.00207242 -4.33458e-22)
(0.952029 0.00345396 3.75855e-22)
(0.952058 0.00483523 1.39535e-22)
(0.952096 0.00621611 1.76145e-21)
(0.952144 0.00759651 -4.03913e-21)
(0.952202 0.00897631 -1.08982e-21)
(0.952269 0.0103554 2.15114e-21)
(0.952346 0.0117337 -3.01866e-21)
(0.952433 0.013111 2.7285e-21)
(0.952529 0.0144874 2.54221e-21)
(0.952635 0.0158626 -4.08286e-21)
(0.95275 0.0172365 5.70146e-21)
(0.952875 0.0186091 -7.4479e-21)
(0.95301 0.0199803 6.68287e-21)
(0.953154 0.0213499 -8.90997e-22)
(0.953308 0.0227178 1.26244e-21)
(0.953472 0.024084 -5.34377e-21)
(0.953646 0.0254483 -8.20115e-21)
(0.96062 0.0233133 -1.24067e-21)
(0.96062 0.0233133 -1.24067e-21)
(0.960772 0.0244967 -9.21377e-21)
(0.960932 0.0256783 -3.74765e-21)
(0.9611 0.0268581 2.05172e-21)
(0.961275 0.0280358 1.06019e-20)
(0.96146 0.0292114 -2.69428e-21)
(0.961653 0.0303848 6.09456e-21)
(0.961855 0.0315559 -7.71144e-21)
(0.962067 0.0327245 -3.88239e-21)
(0.962289 0.0338906 3.12357e-21)
(0.962521 0.035054 -2.48173e-21)
(0.962766 0.0362145 -9.32586e-21)
(0.963024 0.037372 1.0004e-20)
(0.963297 0.0385261 -6.81442e-21)
(0.963587 0.0396769 -3.11611e-21)
(0.963898 0.0408238 -3.3652e-22)
(0.964232 0.0419647 -4.48721e-21)
(0.964595 0.0430977 3.252e-21)
(0.964992 0.0442365 -4.25735e-21)
(0.965433 0.0454136 -5.85023e-21)
(0.96593 0.0465291 -1.52262e-21)
)
;
    }
}


// ************************************************************************* //
