/*--------------------------------*- C++ -*----------------------------------*\
  =========                 |
  \\      /  F ield         | OpenFOAM: The Open Source CFD Toolbox
   \\    /   O peration     | Website:  https://openfoam.org
    \\  /    A nd           | Version:  7
     \\/     M anipulation  |
\*---------------------------------------------------------------------------*/
FoamFile
{
    version     2.0;
    format      ascii;
    class       volVectorField;
    location    "69";
    object      U;
}
// * * * * * * * * * * * * * * * * * * * * * * * * * * * * * * * * * * * * * //

dimensions      [0 1 -1 0 0 0 0];

internalField   nonuniform List<vector> 
1062
(
(0.953973 -0.00117698 2.62206e-22)
(0.946388 -0.0012358 -6.0528e-23)
(0.938129 -0.00126626 4.15195e-22)
(0.929156 -0.00126733 5.87442e-22)
(0.919437 -0.00123832 8.82453e-23)
(0.908917 -0.00117789 4.55855e-22)
(0.897558 -0.00108663 -1.19238e-22)
(0.972686 -0.0403455 -7.0675e-21)
(0.967858 -0.0466377 8.00094e-21)
(0.962757 -0.0536112 -3.76749e-21)
(0.957405 -0.0613463 -4.90799e-21)
(0.951873 -0.0699169 -2.43439e-21)
(0.946198 -0.0794127 -2.02662e-21)
(0.940491 -0.0899051 -1.36336e-21)
(0.934798 -0.10149 1.73725e-20)
(0.929292 -0.114222 -7.9927e-21)
(0.924019 -0.128201 1.61662e-21)
(0.919255 -0.143433 8.28079e-22)
(0.967361 -0.0455609 4.17477e-21)
(0.962136 -0.0523722 6.02347e-21)
(0.956635 -0.0599287 -1.74236e-20)
(0.950925 -0.0683031 1.001e-20)
(0.945038 -0.077586 -5.51655e-21)
(0.939079 -0.0878485 -2.42422e-21)
(0.933089 -0.0991901 6.36061e-21)
(0.927233 -0.111666 -1.09038e-20)
(0.921555 -0.125384 7.66399e-21)
(0.916315 -0.140353 2.69846e-20)
(0.966918 -0.0444235 -2.67234e-22)
(0.961581 -0.0510621 3.71717e-21)
(0.955947 -0.0584279 -7.48791e-21)
(0.950078 -0.0665927 5.0661e-21)
(0.944 -0.0756472 -1.62926e-20)
(0.937813 -0.0856622 1.04998e-20)
(0.931555 -0.0967399 -1.47439e-20)
(0.925381 -0.108936 -5.30303e-21)
(0.919333 -0.122366 5.71523e-21)
(0.913658 -0.137041 8.7013e-21)
(0.966517 -0.0433234 7.27468e-21)
(0.961079 -0.0497971 6.50019e-21)
(0.955323 -0.0569807 2.29086e-21)
(0.949307 -0.0649448 -8.75027e-22)
(0.943055 -0.0737801 7.57727e-22)
(0.936659 -0.0835568 -1.83607e-20)
(0.930154 -0.0943788 1.19603e-20)
(0.923686 -0.106302 6.99503e-21)
(0.917292 -0.119449 -1.57905e-20)
(0.911211 -0.13383 -1.49221e-20)
(0.966149 -0.0422292 -4.89854e-22)
(0.960618 -0.0485389 6.12487e-21)
(0.95475 -0.0555413 7.31821e-21)
(0.948598 -0.0633055 -2.22993e-21)
(0.942184 -0.0719221 -1.07025e-21)
(0.935594 -0.0814605 5.97474e-21)
(0.928856 -0.0920263 6.76668e-21)
(0.922113 -0.103676 9.62336e-21)
(0.915393 -0.116535 -2.87018e-20)
(0.908926 -0.130618 2.8095e-20)
(0.96581 -0.0411271 -5.19863e-21)
(0.960191 -0.0472713 1.16506e-20)
(0.954218 -0.0540908 -9.55727e-21)
(0.94794 -0.061653 -3.06863e-21)
(0.941373 -0.0700485 -8.35912e-21)
(0.934599 -0.0793456 5.21641e-21)
(0.927643 -0.0896512 -2.55557e-20)
(0.920637 -0.101022 2.32825e-20)
(0.913606 -0.113588 -1.3065e-20)
(0.906769 -0.127365 2.57734e-20)
(0.965493 -0.040019 4.27402e-21)
(0.959792 -0.0459969 -8.7871e-21)
(0.953721 -0.0526323 9.98164e-21)
(0.947323 -0.0599912 -1.24193e-20)
(0.940612 -0.0681638 -2.93873e-21)
(0.933664 -0.0772174 2.0573e-20)
(0.926499 -0.0872601 3.2805e-21)
(0.919243 -0.098348 -2.25248e-20)
(0.911913 -0.110616 2.18266e-20)
(0.904719 -0.12408 -3.36328e-20)
(0.965196 -0.0389072 1.17659e-21)
(0.959418 -0.0447181 9.77112e-21)
(0.953253 -0.0511687 1.0813e-21)
(0.946741 -0.0583234 2.06985e-22)
(0.939893 -0.0662719 -4.13143e-22)
(0.932779 -0.0750802 -8.80557e-21)
(0.925415 -0.0848574 7.95853e-21)
(0.917917 -0.0956593 -2.25771e-21)
(0.9103 -0.107623 7.61656e-21)
(0.902761 -0.120768 7.80594e-21)
(0.895283 -0.135287 -1.53454e-20)
(0.964916 -0.0377919 1.18938e-20)
(0.959065 -0.0434353 -6.22283e-21)
(0.95281 -0.0497005 3.06905e-22)
(0.94619 -0.0566501 -6.94382e-21)
(0.939211 -0.0643732 1.4132e-20)
(0.931938 -0.0729346 -1.23763e-20)
(0.924381 -0.0824437 -1.58622e-20)
(0.916652 -0.092956 -1.62364e-21)
(0.908757 -0.104612 2.74164e-20)
(0.900884 -0.11743 -6.33773e-21)
(0.893009 -0.13161 6.02236e-21)
(0.96465 -0.0366733 -1.10738e-20)
(0.958729 -0.0421488 1.49054e-20)
(0.95239 -0.0482278 -1.49265e-21)
(0.945666 -0.0549714 1.40565e-21)
(0.938561 -0.0624678 -8.82409e-21)
(0.931136 -0.0707805 -2.60462e-20)
(0.923394 -0.080019 9.23593e-21)
(0.915441 -0.0902384 9.88482e-21)
(0.907277 -0.10158 -1.27111e-20)
(0.89908 -0.114066 -5.37312e-21)
(0.890821 -0.127897 4.23276e-20)
(0.964398 -0.0355517 1.30382e-21)
(0.95841 -0.0408586 -8.67822e-21)
(0.951989 -0.0467508 -1.78347e-21)
(0.945167 -0.0532876 -1.88182e-21)
(0.937941 -0.0605561 1.75839e-20)
(0.930368 -0.0686184 -9.832e-22)
(0.922448 -0.0775838 -1.16941e-20)
(0.914279 -0.0875069 -1.29249e-21)
(0.905855 -0.0985303 3.6335e-20)
(0.897343 -0.110677 -1.0208e-20)
(0.888711 -0.124149 -8.42367e-21)
(0.964158 -0.0344271 3.93571e-21)
(0.958106 -0.0395651 2.27383e-21)
(0.951607 -0.0452699 5.35307e-21)
(0.944689 -0.0515989 -1.14998e-20)
(0.937347 -0.0586383 9.05686e-23)
(0.929632 -0.0664485 -4.85155e-21)
(0.921541 -0.0751384 1.26778e-20)
(0.913163 -0.0847618 1.02293e-21)
(0.904488 -0.0954619 -6.17061e-21)
(0.895671 -0.107263 6.51195e-21)
(0.886677 -0.120368 3.18972e-21)
(0.963928 -0.0332999 9.14905e-21)
(0.957815 -0.0382685 -1.81087e-21)
(0.951241 -0.0437851 9.97632e-21)
(0.944231 -0.0499056 -7.71509e-21)
(0.936778 -0.0567146 1.80812e-20)
(0.928926 -0.0642711 -4.89772e-21)
(0.92067 -0.0726832 3.64678e-21)
(0.91209 -0.0820037 -2.02536e-21)
(0.903173 -0.0923756 -1.48811e-20)
(0.89406 -0.103825 6.55822e-21)
(0.884716 -0.116553 -1.28825e-20)
(0.963709 -0.0321702 6.03326e-21)
(0.957537 -0.0369688 6.09796e-22)
(0.950891 -0.0422967 -9.47176e-21)
(0.943793 -0.0482079 -9.54782e-22)
(0.936232 -0.0547854 6.91505e-21)
(0.928249 -0.0620866 -3.23925e-20)
(0.919833 -0.0702183 4.33983e-21)
(0.911058 -0.0792329 3.21734e-20)
(0.901907 -0.089272 -2.85783e-20)
(0.892509 -0.100363 9.22463e-21)
(0.882825 -0.112707 2.91537e-20)
(0.963499 -0.031038 -3.37004e-21)
(0.957271 -0.0356663 1.09645e-21)
(0.950556 -0.0408049 -2.4974e-21)
(0.943373 -0.0465058 -4.75555e-22)
(0.935709 -0.0528507 7.12274e-21)
(0.927599 -0.059895 -5.46964e-21)
(0.91903 -0.0677442 -4.55321e-21)
(0.910067 -0.0764496 2.28599e-20)
(0.90069 -0.0861514 -1.2687e-20)
(0.891016 -0.0968791 1.64356e-21)
(0.881004 -0.108829 1.48498e-21)
(0.963299 -0.0299035 -8.24279e-21)
(0.957016 -0.034361 4.47075e-21)
(0.950235 -0.0393097 9.30673e-21)
(0.942971 -0.0447997 -1.65348e-20)
(0.935207 -0.0509107 1.45372e-20)
(0.926976 -0.0576967 -1.11105e-20)
(0.918259 -0.065261 -7.07127e-21)
(0.909115 -0.0736544 2.91136e-20)
(0.89952 -0.0830145 2.1576e-21)
(0.88958 -0.0933729 -4.46153e-20)
(0.879252 -0.104922 3.28004e-20)
(0.868722 -0.11764 6.91952e-21)
(0.963108 -0.0287669 -6.84067e-21)
(0.956773 -0.0330532 -1.37144e-21)
(0.949928 -0.0378114 2.44638e-21)
(0.942586 -0.0430896 -3.0655e-21)
(0.934727 -0.0489657 -1.47969e-21)
(0.926378 -0.0554918 5.28189e-21)
(0.917519 -0.0627691 -9.9552e-21)
(0.908201 -0.0708474 -7.03475e-21)
(0.898397 -0.0798617 2.16592e-20)
(0.888201 -0.0898451 -2.34858e-20)
(0.877568 -0.100985 1.13077e-21)
(0.866665 -0.113268 -1.07672e-20)
(0.962925 -0.0276281 1.40103e-20)
(0.95654 -0.0317428 -4.59121e-21)
(0.949635 -0.03631 -1.35203e-20)
(0.942217 -0.0413758 1.02797e-20)
(0.934267 -0.0470158 -1.66851e-21)
(0.925806 -0.0532805 2.0352e-22)
(0.916811 -0.0602687 1.09915e-20)
(0.907326 -0.0680292 -1.42548e-20)
(0.89732 -0.0766935 1.57634e-20)
(0.886878 -0.0862966 2.41279e-20)
(0.875951 -0.0970197 -3.13365e-20)
(0.864691 -0.108858 -1.89894e-20)
(0.96275 -0.0264875 1.10502e-21)
(0.956318 -0.0304301 9.17318e-21)
(0.949354 -0.0348057 -9.24593e-21)
(0.941865 -0.0396582 2.23239e-21)
(0.933827 -0.0450612 5.38175e-21)
(0.925259 -0.0510632 -8.90261e-21)
(0.916133 -0.0577601 -4.09877e-21)
(0.906488 -0.0652 -2.98725e-21)
(0.896289 -0.0735104 -3.12034e-21)
(0.885611 -0.0827279 4.81361e-21)
(0.874402 -0.0930273 -8.36469e-21)
(0.862798 -0.104411 2.34389e-20)
(0.962584 -0.0253449 -5.73396e-21)
(0.956107 -0.0291152 -5.99582e-21)
(0.949087 -0.0332985 -1.05528e-21)
(0.941529 -0.0379372 2.81979e-21)
(0.933408 -0.0431021 -5.22807e-21)
(0.924737 -0.0488399 -1.07559e-20)
(0.915486 -0.0552436 5.44943e-21)
(0.905687 -0.0623602 1.21284e-20)
(0.895304 -0.070313 3.11783e-21)
(0.8844 -0.0791399 -4.62387e-22)
(0.872921 -0.0890088 -1.87174e-20)
(0.860987 -0.0999283 9.33044e-21)
(0.962426 -0.0242006 8.91311e-21)
(0.955905 -0.0277981 1.1631e-20)
(0.948833 -0.0317888 -7.41462e-21)
(0.94121 -0.0362128 6.76944e-21)
(0.933009 -0.0411386 4.73161e-22)
(0.924239 -0.046611 1.01943e-20)
(0.914869 -0.0527196 -2.14063e-20)
(0.904924 -0.0595103 1.41294e-20)
(0.894365 -0.0671018 2.44971e-21)
(0.883244 -0.0755332 -3.00376e-21)
(0.871507 -0.0849651 1.44926e-20)
(0.859258 -0.0954117 6.43679e-22)
(0.955714 -0.026479 6.8265e-21)
(0.948591 -0.0302764 4.70124e-21)
(0.940906 -0.0344852 -8.09636e-21)
(0.932629 -0.039171 1.58306e-20)
(0.923766 -0.0443766 -1.12571e-20)
(0.914283 -0.0501882 6.60773e-21)
(0.904199 -0.0566506 -4.38902e-21)
(0.893471 -0.0638775 -8.414e-21)
(0.882145 -0.0719086 2.04311e-21)
(0.870162 -0.0808972 1.64823e-20)
(0.857612 -0.0908626 -5.56532e-22)
(0.955533 -0.0251579 -8.26632e-21)
(0.948362 -0.0287617 -8.86207e-21)
(0.940618 -0.0327546 8.67121e-22)
(0.932269 -0.0371993 1.10762e-21)
(0.923317 -0.042137 1.34572e-20)
(0.913727 -0.0476499 -1.1617e-20)
(0.90351 -0.0537815 -8.2155e-22)
(0.892623 -0.0606405 -1.19996e-21)
(0.881101 -0.0682669 2.28878e-21)
(0.868884 -0.0768064 -1.33471e-20)
(0.856049 -0.0862823 1.57863e-20)
(0.955362 -0.0238351 8.67828e-21)
(0.948146 -0.0272447 -1.97479e-20)
(0.940345 -0.031021 3.00473e-21)
(0.931929 -0.0352239 4.55211e-21)
(0.922893 -0.0398924 1.14897e-20)
(0.913201 -0.045105 1.93977e-21)
(0.902859 -0.0509036 1.44057e-21)
(0.891821 -0.0573914 -7.16004e-21)
(0.880114 -0.0646089 -1.91823e-21)
(0.867675 -0.0726937 -4.82129e-22)
(0.854569 -0.0816723 -2.03825e-20)
(0.955201 -0.0225105 -5.58083e-21)
(0.947942 -0.0257255 -1.81902e-21)
(0.940089 -0.0292847 2.74479e-21)
(0.931608 -0.0332449 -1.51988e-21)
(0.922493 -0.0376431 1.57686e-20)
(0.912705 -0.0425537 -1.43778e-21)
(0.902245 -0.0480171 1.48962e-21)
(0.891065 -0.054131 -3.23579e-21)
(0.879183 -0.0609354 -1.008e-20)
(0.866535 -0.0685601 1.05157e-20)
(0.853173 -0.0770342 -2.75579e-21)
(0.95505 -0.0211844 1.16124e-21)
(0.947751 -0.0242043 1.61474e-20)
(0.939848 -0.0275458 -1.04253e-20)
(0.931307 -0.0312625 3.16902e-21)
(0.922118 -0.0353894 9.82761e-22)
(0.91224 -0.0399965 1.27926e-22)
(0.901668 -0.0451226 -9.56662e-22)
(0.890355 -0.0508597 3.22207e-21)
(0.878308 -0.0572473 1.77099e-22)
(0.865463 -0.0644069 1.58075e-20)
(0.851862 -0.0723695 -3.38954e-21)
(0.8374 -0.0813054 -4.92897e-21)
(0.954909 -0.0198568 -6.46035e-21)
(0.947573 -0.0226812 -4.36166e-21)
(0.939623 -0.0258045 1.01111e-20)
(0.931026 -0.029277 -1.26282e-20)
(0.921767 -0.0331314 -4.41441e-21)
(0.911804 -0.0374336 -5.46015e-21)
(0.901129 -0.0422206 1.4928e-20)
(0.88969 -0.0475783 -1.35572e-20)
(0.87749 -0.0535454 7.66147e-21)
(0.864461 -0.0602352 -2.02412e-20)
(0.850634 -0.0676799 -1.67879e-20)
(0.835906 -0.0760379 4.65839e-22)
(0.954778 -0.0185278 4.28159e-21)
(0.947407 -0.0211564 -6.17142e-21)
(0.939414 -0.0240609 4.89894e-22)
(0.930764 -0.0272884 7.33899e-21)
(0.92144 -0.0308696 -2.76943e-21)
(0.911399 -0.0348655 1.30642e-21)
(0.900628 -0.0393115 2.7043e-21)
(0.889072 -0.0442873 -1.82912e-21)
(0.876729 -0.0498305 1.0182e-20)
(0.863529 -0.0560462 2.73952e-21)
(0.849492 -0.0629668 8.60828e-21)
(0.834514 -0.0707393 -6.05171e-21)
(0.954657 -0.0171976 -6.3953e-21)
(0.947253 -0.0196299 1.41309e-20)
(0.939221 -0.0223153 -3.69841e-21)
(0.930522 -0.0252972 3.86512e-21)
(0.921138 -0.028604 -1.12404e-22)
(0.911025 -0.0322925 5.56578e-21)
(0.900164 -0.0363958 -3.0779e-21)
(0.8885 -0.0409875 4.66225e-21)
(0.876025 -0.0461036 -2.11525e-20)
(0.862666 -0.051841 1.48665e-20)
(0.848435 -0.058232 -4.38818e-21)
(0.833227 -0.0654118 -3.16734e-21)
(0.954545 -0.0158663 -1.29021e-21)
(0.947112 -0.018102 -2.16766e-21)
(0.939043 -0.0205677 -2.5053e-21)
(0.9303 -0.0233034 -6.11071e-22)
(0.920861 -0.0263351 3.13647e-21)
(0.910681 -0.0297151 2.92699e-21)
(0.899738 -0.033474 -3.35094e-21)
(0.887975 -0.0376794 6.52549e-21)
(0.875378 -0.0423656 -7.1718e-22)
(0.861873 -0.047621 -9.02401e-21)
(0.847464 -0.0534771 -1.56002e-20)
(0.832044 -0.0600575 3.11569e-20)
(0.954444 -0.014534 8.91212e-21)
(0.946984 -0.0165728 -8.04534e-21)
(0.938881 -0.0188183 1.73141e-21)
(0.930097 -0.0213072 -1.22857e-21)
(0.920608 -0.0240632 -2.90972e-21)
(0.910367 -0.0271334 -2.5761e-21)
(0.899349 -0.0305466 -4.03059e-21)
(0.887496 -0.0343638 3.32862e-21)
(0.874789 -0.0386174 4.53484e-22)
(0.861151 -0.0433873 5.43054e-21)
(0.846579 -0.0487037 3.70253e-22)
(0.830965 -0.0546787 -9.85356e-21)
(0.954352 -0.0132007 -6.29036e-22)
(0.946868 -0.0150424 9.07456e-21)
(0.938735 -0.0170674 1.79274e-21)
(0.929914 -0.019309 -5.75834e-21)
(0.92038 -0.0217884 4.13377e-21)
(0.910084 -0.0245481 -9.03479e-22)
(0.898999 -0.0276141 4.64498e-22)
(0.887064 -0.0310414 -2.6545e-21)
(0.874257 -0.0348599 -6.05818e-21)
(0.860499 -0.0391411 -1.21035e-21)
(0.845781 -0.0439136 9.65209e-21)
(0.829992 -0.0492777 -1.15866e-20)
(0.954271 -0.0118667 6.5041e-21)
(0.946764 -0.0135109 -4.36087e-21)
(0.938604 -0.0153151 6.49567e-22)
(0.929751 -0.017309 2.60273e-21)
(0.920176 -0.0195111 5.85453e-22)
(0.909832 -0.0219593 2.21237e-21)
(0.898686 -0.0246771 -6.62624e-21)
(0.886679 -0.0277129 3.12744e-22)
(0.873783 -0.0310941 1.27232e-20)
(0.859918 -0.0348839 1.9733e-21)
(0.845069 -0.0391084 -8.23545e-21)
(0.829125 -0.0438566 3.38079e-21)
(0.954199 -0.010532 -1.76326e-21)
(0.946673 -0.0119785 -1.21989e-21)
(0.93849 -0.0135616 2.63936e-21)
(0.929607 -0.0153073 -4.31964e-21)
(0.919998 -0.0172316 -1.79324e-22)
(0.90961 -0.0193676 2.27234e-21)
(0.898412 -0.021736 -4.75135e-21)
(0.886341 -0.0243788 -9.0509e-22)
(0.873366 -0.0273209 2.74288e-21)
(0.859408 -0.0306167 4.48591e-22)
(0.844445 -0.03429 -2.35368e-21)
(0.828364 -0.0384178 -3.66222e-21)
(0.954137 -0.00919668 -2.35308e-21)
(0.946595 -0.0104453 -4.86192e-22)
(0.938391 -0.011807 -3.89124e-21)
(0.929484 -0.0133042 2.20206e-21)
(0.919843 -0.0149503 7.12178e-22)
(0.909419 -0.0167734 -9.3119e-22)
(0.898175 -0.0187914 -3.25971e-21)
(0.88605 -0.0210401 7.01951e-21)
(0.873008 -0.0235414 -2.08739e-21)
(0.858969 -0.026341 -3.09983e-21)
(0.843907 -0.0294599 -3.93896e-21)
(0.827709 -0.0329636 5.92025e-21)
(0.954085 -0.00786096 2.83769e-21)
(0.946529 -0.00891153 -7.94301e-22)
(0.938308 -0.0100515 -3.29296e-23)
(0.92938 -0.0112999 4.14421e-21)
(0.919714 -0.0126673 -2.10922e-21)
(0.909258 -0.014177 2.1523e-21)
(0.897977 -0.0158439 8.09689e-22)
(0.885806 -0.0176974 -5.66822e-22)
(0.872707 -0.0197564 4.14668e-21)
(0.858602 -0.022058 -6.32305e-21)
(0.843457 -0.0246201 -1.47726e-21)
(0.827162 -0.0274964 5.03442e-21)
(0.954043 -0.0065249 -9.90736e-22)
(0.946476 -0.00737724 -2.45778e-22)
(0.93824 -0.00829546 1.94526e-21)
(0.929295 -0.00929474 -2.55937e-21)
(0.919609 -0.0103831 1.973e-21)
(0.909128 -0.0115788 -4.75955e-21)
(0.897817 -0.0128939 4.04959e-21)
(0.885608 -0.0143514 -2.27746e-21)
(0.872465 -0.015967 1.82641e-21)
(0.858305 -0.017769 -2.50164e-21)
(0.843095 -0.0197722 4.85742e-21)
(0.826721 -0.0220185 5.26096e-22)
(0.954011 -0.00518861 -1.40784e-22)
(0.946435 -0.00584255 1.0446e-21)
(0.938189 -0.00653884 -1.03457e-21)
(0.929231 -0.00728885 2.57747e-21)
(0.919529 -0.00809783 -2.87591e-21)
(0.90903 -0.00897929 4.94393e-23)
(0.897695 -0.00994189 -1.58968e-21)
(0.885458 -0.0110023 1.03708e-22)
(0.872281 -0.0121738 3.2622e-21)
(0.858081 -0.0134752 1.03623e-21)
(0.842821 -0.0149179 -5.37922e-21)
(0.826387 -0.0165321 2.32504e-21)
(0.953989 -0.00385196 -6.24133e-22)
(0.946406 -0.00430726 7.13538e-23)
(0.938153 -0.00478107 -9.50326e-22)
(0.929186 -0.00528188 8.58791e-22)
(0.919473 -0.00581138 -6.78516e-22)
(0.908961 -0.00637828 -1.64993e-21)
(0.897611 -0.0069878 8.90917e-22)
(0.885356 -0.00765006 2.93833e-22)
(0.872155 -0.00837716 4.46915e-22)
(0.857928 -0.0091773 -4.70724e-22)
(0.842635 -0.0100585 -1.06112e-21)
(0.826161 -0.011039 -7.60491e-22)
(0.953976 -0.00251446 2.51892e-22)
(0.946391 -0.00277095 -1.34449e-22)
(0.938133 -0.00302164 -5.30458e-23)
(0.929161 -0.00327342 7.34929e-22)
(0.919443 -0.00352369 5.52989e-22)
(0.908924 -0.00377637 -7.91887e-23)
(0.897566 -0.0040336 1.91784e-22)
(0.8853 -0.00430028 1.85984e-22)
(0.872088 -0.0045803 -7.58036e-22)
(0.857846 -0.00487774 -4.16498e-22)
(0.842536 -0.00519623 2.99862e-22)
(0.826043 -0.00554205 -7.92705e-22)
(1.02039 -0.00125838 0)
(1.02355 -0.00135595 0)
(1.02678 -0.00144789 0)
(1.03006 -0.00153394 0)
(1.03335 -0.00161379 0)
(1.03665 -0.00168739 0)
(1.03993 -0.00175456 0)
(1.04317 -0.00181548 0)
(1.04636 -0.00187003 0)
(1.04948 -0.0019187 0)
(1.02037 -0.00374626 0)
(1.02353 -0.00403717 0)
(1.02677 -0.00431139 0)
(1.03004 -0.00456813 0)
(1.03335 -0.00480644 0)
(1.03665 -0.00502616 0)
(1.03993 -0.00522674 0)
(1.04318 -0.00540873 0)
(1.04638 -0.00557176 0)
(1.04951 -0.00571726 0)
(1.02033 -0.00617724 0)
(1.0235 -0.00665836 0)
(1.02674 -0.00711216 0)
(1.03002 -0.00753726 0)
(1.03333 -0.0079321 0)
(1.03664 -0.00829636 0)
(1.03994 -0.00862908 0)
(1.0432 -0.00893117 0)
(1.04642 -0.00920195 0)
(1.04957 -0.00944378 0)
(1.02028 -0.00855301 0)
(1.02345 -0.00922208 0)
(1.02669 -0.00985367 0)
(1.02998 -0.0104458 0)
(1.03331 -0.0109963 0)
(1.03664 -0.0115046 0)
(1.03995 -0.0119693 0)
(1.04323 -0.0123916 0)
(1.04647 -0.0127704 0)
(1.04965 -0.0131091 0)
(1.0202 -0.010875 0)
(1.02337 -0.0117305 0)
(1.02663 -0.0125389 0)
(1.02993 -0.0132977 0)
(1.03327 -0.0140039 0)
(1.03662 -0.0146566 0)
(1.03996 -0.015254 0)
(1.04327 -0.0157976 0)
(1.04653 -0.0162857 0)
(1.04974 -0.0167227 0)
(1.02011 -0.0131444 0)
(1.02328 -0.0141853 0)
(1.02654 -0.0151703 0)
(1.02986 -0.0160961 0)
(1.03322 -0.0169587 0)
(1.03659 -0.0177572 0)
(1.03995 -0.018489 0)
(1.0433 -0.0191557 0)
(1.0466 -0.0197553 0)
(1.04984 -0.0202929 0)
(1.01998 -0.0153617 0)
(1.02316 -0.0165878 0)
(1.02643 -0.0177497 0)
(1.02977 -0.0188434 0)
(1.03314 -0.0198641 0)
(1.03654 -0.0208103 0)
(1.03994 -0.0216789 0)
(1.04331 -0.0224714 0)
(1.04665 -0.0231854 0)
(1.04995 -0.0238266 0)
(1.01984 -0.0175275 0)
(1.02302 -0.0189387 0)
(1.02629 -0.0202784 0)
(1.02965 -0.0215416 0)
(1.03304 -0.0227225 0)
(1.03647 -0.0238192 0)
(1.0399 -0.0248276 0)
(1.04332 -0.0257495 0)
(1.0467 -0.0265814 0)
(1.05004 -0.02733 0)
(1.01966 -0.0196416 0)
(1.02284 -0.0212384 0)
(1.02613 -0.0227572 0)
(1.02949 -0.0241919 0)
(1.03292 -0.0255358 0)
(1.03637 -0.0267863 0)
(1.03984 -0.0279382 0)
(1.0433 -0.0289934 0)
(1.04673 -0.0299476 0)
(1.05013 -0.030808 0)
(1.01946 -0.0217038 0)
(1.02263 -0.023487 0)
(1.02593 -0.0251864 0)
(1.02931 -0.0267952 0)
(1.03275 -0.0283052 0)
(1.03624 -0.0297132 0)
(1.03974 -0.031013 0)
(1.04325 -0.0322062 0)
(1.04673 -0.0332875 0)
(1.05019 -0.0342647 0)
(1.01922 -0.0237135 0)
(1.02239 -0.0256839 0)
(1.02569 -0.0275659 0)
(1.02908 -0.0293516 0)
(1.03254 -0.0310313 0)
(1.03606 -0.0326012 0)
(1.03961 -0.0340536 0)
(1.04316 -0.03539 0)
(1.0467 -0.0366038 0)
(1.05021 -0.0377035 0)
(1.01894 -0.0256699 0)
(1.02211 -0.0278286 0)
(1.0254 -0.0298953 0)
(1.02881 -0.0318609 0)
(1.03229 -0.0337143 0)
(1.03584 -0.0354506 0)
(1.03943 -0.0370609 0)
(1.04303 -0.0385462 0)
(1.04663 -0.0398985 0)
(1.0502 -0.0411268 0)
(1.01863 -0.0275718 0)
(1.02178 -0.0299199 0)
(1.02508 -0.0321735 0)
(1.02849 -0.0343223 0)
(1.03199 -0.0363536 0)
(1.03557 -0.0382614 0)
(1.03919 -0.0400352 0)
(1.04285 -0.0416756 0)
(1.0465 -0.0431729 0)
(1.05015 -0.0445366 0)
(1.01828 -0.029418 0)
(1.02141 -0.0319565 0)
(1.0247 -0.0343994 0)
(1.02811 -0.0367349 0)
(1.03164 -0.0389484 0)
(1.03524 -0.0410331 0)
(1.0389 -0.0429764 0)
(1.04261 -0.0447784 0)
(1.04632 -0.0464276 0)
(1.05003 -0.0479339 0)
(1.01788 -0.0312068 0)
(1.021 -0.033937 0)
(1.02427 -0.0365714 0)
(1.02769 -0.0390971 0)
(1.03122 -0.0414974 0)
(1.03485 -0.0437644 0)
(1.03855 -0.0458835 0)
(1.0423 -0.0478542 0)
(1.04607 -0.0496627 0)
(1.04986 -0.0513192 0)
(1.01745 -0.0329369 0)
(1.02053 -0.0358595 0)
(1.02379 -0.0386877 0)
(1.0272 -0.0414071 0)
(1.03074 -0.043999 0)
(1.03439 -0.046454 0)
(1.03812 -0.0487554 0)
(1.04192 -0.0509019 0)
(1.04576 -0.0528775 0)
(1.04961 -0.0546924 0)
(1.01697 -0.0346063 0)
(1.02001 -0.0377222 0)
(1.02325 -0.0407464 0)
(1.02665 -0.0436628 0)
(1.03019 -0.0464509 0)
(1.03386 -0.0490998 0)
(1.03762 -0.0515904 0)
(1.04147 -0.0539203 0)
(1.04536 -0.0560711 0)
(1.04928 -0.0580531 0)
(1.01644 -0.0362133 0)
(1.01944 -0.039523 0)
(1.02265 -0.042745 0)
(1.02603 -0.045862 0)
(1.02957 -0.0488509 0)
(1.03325 -0.0516995 0)
(1.03704 -0.0543861 0)
(1.04093 -0.0569074 0)
(1.04487 -0.0592418 0)
(1.04887 -0.0613998 0)
(1.01586 -0.037756 0)
(1.01882 -0.0412598 0)
(1.02199 -0.0446814 0)
(1.02534 -0.048002 0)
(1.02888 -0.0511964 0)
(1.03256 -0.0542505 0)
(1.03638 -0.0571402 0)
(1.0403 -0.0598607 0)
(1.0443 -0.0623876 0)
(1.04836 -0.0647312 0)
(1.01524 -0.0392326 0)
(1.01814 -0.0429303 0)
(1.02126 -0.0465529 0)
(1.02459 -0.0500801 0)
(1.0281 -0.0534843 0)
(1.03179 -0.0567499 0)
(1.03562 -0.0598497 0)
(1.03957 -0.0627777 0)
(1.04362 -0.065506 0)
(1.04775 -0.0680448 0)
(1.01457 -0.0406412 0)
(1.01741 -0.0445324 0)
(1.02047 -0.0483571 0)
(1.02376 -0.0520935 0)
(1.02725 -0.0557118 0)
(1.03093 -0.0591945 0)
(1.03477 -0.0625114 0)
(1.03875 -0.0656551 0)
(1.04285 -0.0685942 0)
(1.04704 -0.0713383 0)
(1.01385 -0.04198 0)
(1.01661 -0.0460638 0)
(1.01962 -0.0500912 0)
(1.02286 -0.0540392 0)
(1.02631 -0.0578754 0)
(1.02998 -0.0615807 0)
(1.03382 -0.0651217 0)
(1.03782 -0.0684896 0)
(1.04196 -0.0716487 0)
(1.04621 -0.0746086 0)
(1.01309 -0.0432473 0)
(1.01577 -0.0475224 0)
(1.0187 -0.0517527 0)
(1.02188 -0.0559142 0)
(1.02529 -0.0599718 0)
(1.02893 -0.063905 0)
(1.03277 -0.0676769 0)
(1.03679 -0.0712771 0)
(1.04096 -0.0746659 0)
(1.04526 -0.0778522 0)
(1.01228 -0.0444416 0)
(1.01487 -0.048906 0)
(1.01772 -0.053339 0)
(1.02083 -0.0577152 0)
(1.02419 -0.0619975 0)
(1.02779 -0.0661635 0)
(1.03161 -0.0701729 0)
(1.03564 -0.0740138 0)
(1.03983 -0.0776418 0)
(1.04419 -0.0810653 0)
(1.01142 -0.0455612 0)
(1.01391 -0.0502127 0)
(1.01667 -0.0548475 0)
(1.0197 -0.0594394 0)
(1.023 -0.063949 0)
(1.02656 -0.0683523 0)
(1.03035 -0.0726056 0)
(1.03438 -0.0766951 0)
(1.03859 -0.080572 0)
(1.04298 -0.0842437 0)
(1.01053 -0.0466049 0)
(1.0129 -0.0514404 0)
(1.01556 -0.0562756 0)
(1.0185 -0.0610836 0)
(1.02172 -0.0658227 0)
(1.02523 -0.0704674 0)
(1.02899 -0.0749706 0)
(1.033 -0.0793166 0)
(1.03722 -0.0834519 0)
(1.04165 -0.0873829 0)
(1.00959 -0.0475715 0)
(1.01184 -0.0525876 0)
(1.01438 -0.0576212 0)
(1.01722 -0.0626449 0)
(1.02036 -0.067615 0)
(1.0238 -0.0725047 0)
(1.02751 -0.0772632 0)
(1.0315 -0.0818734 0)
(1.03572 -0.0862764 0)
(1.04017 -0.0904778 0)
(1.0086 -0.0484601 0)
(1.01072 -0.0536526 0)
(1.01315 -0.058882 0)
(1.01588 -0.0641205 0)
(1.01892 -0.0693225 0)
(1.02227 -0.0744601 0)
(1.02593 -0.0794791 0)
(1.02988 -0.0843604 0)
(1.03409 -0.0890403 0)
(1.03856 -0.0935232 0)
(1.00759 -0.0492698 0)
(1.00957 -0.054634 0)
(1.01185 -0.0600559 0)
(1.01446 -0.0655075 0)
(1.01739 -0.0709417 0)
(1.02065 -0.0763295 0)
(1.02424 -0.0816133 0)
(1.02814 -0.0867727 0)
(1.03233 -0.0917383 0)
(1.0368 -0.0965136 0)
(1.00653 -0.0500001 0)
(1.00836 -0.0555308 0)
(1.0105 -0.0611412 0)
(1.01297 -0.0668034 0)
(1.01578 -0.0724693 0)
(1.01894 -0.0781088 0)
(1.02244 -0.0836614 0)
(1.02628 -0.0891049 0)
(1.03044 -0.0943647 0)
(1.0349 -0.0994431 0)
(1.00544 -0.0506507 0)
(1.00711 -0.056342 0)
(1.0091 -0.0621362 0)
(1.01142 -0.068006 0)
(1.0141 -0.0739022 0)
(1.01713 -0.0797942 0)
(1.02053 -0.0856186 0)
(1.0243 -0.0913517 0)
(1.02841 -0.0969138 0)
(1.03284 -0.102306 0)
(1.00433 -0.0512215 0)
(1.00583 -0.0570668 0)
(1.00765 -0.0630396 0)
(1.00981 -0.0691129 0)
(1.01234 -0.0752374 0)
(1.01524 -0.0813818 0)
(1.01852 -0.0874803 0)
(1.02219 -0.0935077 0)
(1.02624 -0.0993795 0)
(1.03064 -0.105095 0)
(1.00318 -0.0517127 0)
(1.00451 -0.057705 0)
(1.00615 -0.0638502 0)
(1.00814 -0.0701224 0)
(1.0105 -0.0764721 0)
(1.01326 -0.0828679 0)
(1.01641 -0.0892419 0)
(1.01997 -0.0955677 0)
(1.02394 -0.101756 0)
(1.02829 -0.107804 0)
(1.00201 -0.0521245 0)
(1.00315 -0.0582563 0)
(1.00461 -0.0645673 0)
(1.00641 -0.0710328 0)
(1.0086 -0.0776038 0)
(1.01119 -0.0842491 0)
(1.0142 -0.0908991 0)
(1.01764 -0.0975264 0)
(1.02151 -0.104037 0)
(1.0258 -0.110427 0)
(1.00082 -0.0524578 0)
(1.00177 -0.0587209 0)
(1.00303 -0.0651903 0)
(1.00464 -0.0718427 0)
(1.00664 -0.0786303 0)
(1.00905 -0.0855222 0)
(1.01189 -0.0924476 0)
(1.01519 -0.0993784 0)
(1.01895 -0.106216 0)
(1.02315 -0.112957 0)
(0.999618 -0.0527132 0)
(1.00036 -0.0590991 0)
(1.00141 -0.0657189 0)
(1.00281 -0.0725512 0)
(1.00461 -0.0795497 0)
(1.00683 -0.0866841 0)
(1.0095 -0.0938835 0)
(1.01263 -0.101119 0)
(1.01626 -0.108288 0)
(1.02035 -0.115386 0)
(0.998396 -0.0528921 0)
(0.998928 -0.0593917 0)
(0.999766 -0.0661532 0)
(1.00095 -0.0731575 0)
(1.00253 -0.0803603 0)
(1.00454 -0.0877324 0)
(1.00701 -0.0952029 0)
(1.00997 -0.102742 0)
(1.01344 -0.110247 0)
(1.01742 -0.117708 0)
(0.997163 -0.0529956 0)
(0.997479 -0.0595994 0)
(0.998093 -0.0664936 0)
(0.999048 -0.0736612 0)
(1.0004 -0.0810609 0)
(1.00218 -0.0886645 0)
(1.00444 -0.0964024 0)
(1.00721 -0.104245 0)
(1.01051 -0.112086 0)
(1.01434 -0.119916 0)
(0.995923 -0.0530253 0)
(0.996017 -0.0597236 0)
(0.996398 -0.0667407 0)
(0.997113 -0.0740624 0)
(0.998223 -0.0816504 0)
(0.999766 -0.0894785 0)
(1.0018 -0.0974789 0)
(1.00435 -0.105622 0)
(1.00746 -0.1138 0)
(1.01112 -0.122003 0)
(0.994678 -0.052983 0)
(0.994544 -0.0597657 0)
(0.994686 -0.0668955 0)
(0.995152 -0.0743612 0)
(0.996008 -0.0821285 0)
(0.997298 -0.0901729 0)
(0.999085 -0.0984294 0)
(1.0014 -0.106869 0)
(1.00429 -0.115383 0)
(1.00777 -0.123961 0)
(0.993431 -0.0528707 0)
(0.993065 -0.0597274 0)
(0.99296 -0.0669593 0)
(0.993168 -0.0745583 0)
(0.99376 -0.0824948 0)
(0.994782 -0.0907464 0)
(0.996307 -0.0992517 0)
(0.998365 -0.107982 0)
(1.00103 -0.116831 0)
(1.00429 -0.125785 0)
(0.992186 -0.0526904 0)
(0.991583 -0.0596105 0)
(0.991226 -0.0669335 0)
(0.991168 -0.0746548 0)
(0.991485 -0.0827496 0)
(0.992225 -0.0911982 0)
(0.993471 -0.0999437 0)
(0.995256 -0.108958 0)
(0.997663 -0.118138 0)
(1.00069 -0.127468 0)
(0.990945 -0.0524445 0)
(0.990102 -0.0594173 0)
(0.989488 -0.0668201 0)
(0.989155 -0.074652 0)
(0.989187 -0.0828935 0)
(0.989633 -0.0915281 0)
(0.990585 -0.100504 0)
(0.992077 -0.109794 0)
(0.994207 -0.119299 0)
(0.996976 -0.129003 0)
(0.989712 -0.0521354 0)
(0.988626 -0.0591501 0)
(0.98775 -0.0666211 0)
(0.987136 -0.0745515 0)
(0.986874 -0.0829275 0)
(0.987013 -0.091736 0)
(0.987655 -0.100931 0)
(0.988837 -0.110488 0)
(0.990668 -0.120312 0)
(0.993152 -0.130386 0)
(0.988489 -0.0517657 0)
(0.987158 -0.0588115 0)
(0.986016 -0.0663389 0)
(0.985116 -0.0743553 0)
(0.98455 -0.0828529 0)
(0.984372 -0.0918225 0)
(0.98469 -0.101225 0)
(0.985542 -0.111037 0)
(0.987055 -0.121172 0)
(0.989229 -0.13161 0)
(0.987279 -0.0513379 0)
(0.985702 -0.0584041 0)
(0.984291 -0.065976 0)
(0.983099 -0.0740657 0)
(0.982223 -0.0826715 0)
(0.981717 -0.0917888 0)
(0.981697 -0.101386 0)
(0.982203 -0.111441 0)
(0.983376 -0.121876 0)
(0.985216 -0.132671 0)
(0.986085 -0.0508551 0)
(0.984261 -0.0579308 0)
(0.982579 -0.0655353 0)
(0.981091 -0.0736854 0)
(0.979899 -0.0823856 0)
(0.979054 -0.0916362 0)
(0.978685 -0.101413 0)
(0.978828 -0.111699 0)
(0.979642 -0.122423 0)
(0.981122 -0.133564 0)
(0.984908 -0.05032 0)
(0.982837 -0.0573947 0)
(0.980884 -0.0650199 0)
(0.979096 -0.0732172 0)
(0.977583 -0.0819976 0)
(0.976392 -0.0913669 0)
(0.975662 -0.101308 0)
(0.975428 -0.11181 0)
(0.975863 -0.122809 0)
(0.976961 -0.134287 0)
(0.983752 -0.0497355 0)
(0.981435 -0.0567989 0)
(0.979209 -0.0644328 0)
(0.977121 -0.0726644 0)
(0.975281 -0.0815104 0)
(0.973739 -0.0909832 0)
(0.972637 -0.101074 0)
(0.972011 -0.111775 0)
(0.97205 -0.123035 0)
(0.972744 -0.134837 0)
(0.982618 -0.0491048 0)
(0.980058 -0.0561467 0)
(0.97756 -0.0637777 0)
(0.97517 -0.0720303 0)
(0.973002 -0.0809275 0)
(0.971101 -0.0904881 0)
(0.96962 -0.100711 0)
(0.968591 -0.111596 0)
(0.968217 -0.123101 0)
(0.968484 -0.135211 0)
(0.981509 -0.0484309 0)
(0.978708 -0.0554414 0)
(0.97594 -0.063058 0)
(0.973249 -0.0713188 0)
(0.97075 -0.0802525 0)
(0.968489 -0.089885 0)
(0.96662 -0.100223 0)
(0.965177 -0.111274 0)
(0.964375 -0.123005 0)
(0.964197 -0.135409 0)
(0.980428 -0.047717 0)
(0.977389 -0.0546866 0)
(0.974353 -0.0622777 0)
(0.971364 -0.0705337 0)
(0.968534 -0.0794893 0)
(0.96591 -0.0891778 0)
(0.963649 -0.0996131 0)
(0.961784 -0.110812 0)
(0.96054 -0.122751 0)
(0.9599 -0.135431 0)
(0.979377 -0.0469662 0)
(0.976105 -0.0538858 0)
(0.972806 -0.0614405 0)
(0.969521 -0.0696794 0)
(0.966361 -0.0786425 0)
(0.963373 -0.0883707 0)
(0.960716 -0.0988856 0)
(0.958424 -0.110214 0)
(0.956727 -0.12234 0)
(0.955607 -0.135276 0)
(0.97836 -0.046182 0)
(0.974861 -0.0530428 0)
(0.971303 -0.0605509 0)
(0.967726 -0.0687603 0)
(0.96424 -0.0777167 0)
(0.96089 -0.0874688 0)
(0.957835 -0.0980452 0)
(0.95511 -0.109483 0)
(0.952949 -0.121776 0)
(0.951337 -0.134947 0)
(0.97738 -0.0453678 0)
(0.97366 -0.0521618 0)
(0.969849 -0.0596133 0)
(0.965987 -0.0677816 0)
(0.962179 -0.0767176 0)
(0.95847 -0.0864775 0)
(0.955017 -0.0970974 0)
(0.951857 -0.108625 0)
(0.949224 -0.121063 0)
(0.947108 -0.134447 0)
(0.976442 -0.0445269 0)
(0.972508 -0.0512463 0)
(0.968452 -0.0586318 0)
(0.964311 -0.0667475 0)
(0.960187 -0.0756494 0)
(0.956124 -0.0854011 0)
(0.952275 -0.096046 0)
(0.948679 -0.107642 0)
(0.945567 -0.120201 0)
(0.942936 -0.133773 0)
(0.975551 -0.0436599 0)
(0.971411 -0.0502969 0)
(0.967119 -0.0576067 0)
(0.962708 -0.0656581 0)
(0.958275 -0.0745118 0)
(0.953864 -0.0842384 0)
(0.949622 -0.0948888 0)
(0.945591 -0.10653 0)
(0.941993 -0.119186 0)
(0.938837 -0.132918 0)
(0.974712 -0.0427669 0)
(0.970377 -0.0493138 0)
(0.965858 -0.0565387 0)
(0.961186 -0.0645145 0)
(0.956454 -0.0733071 0)
(0.951702 -0.0829936 0)
(0.947071 -0.0936323 0)
(0.942606 -0.105301 0)
(0.938519 -0.118033 0)
(0.934828 -0.131902 0)
(0.973933 -0.0418699 0)
(0.969414 -0.0483241 0)
(0.964679 -0.0554611 0)
(0.959756 -0.0633578 0)
(0.954733 -0.0720851 0)
(0.949648 -0.0817268 0)
(0.944633 -0.0923491 0)
(0.939734 -0.104039 0)
(0.935152 -0.116842 0)
(0.930914 -0.130845 0)
(0.973221 -0.0410351 0)
(0.968528 -0.0474062 0)
(0.963587 -0.0544641 0)
(0.958425 -0.0622891 0)
(0.953119 -0.0709561 0)
(0.947708 -0.0805543 0)
(0.942312 -0.0911559 0)
(0.936977 -0.102856 0)
(0.931891 -0.115708 0)
(0.927089 -0.12981 0)
)
;

boundaryField
{
    inlet
    {
        type            uniformFixedValue;
        uniformValue    constant (1 0 0);
        value           nonuniform 0();
    }
    outlet
    {
        type            pressureInletOutletVelocity;
        value           nonuniform 0();
    }
    cylinder
    {
        type            fixedValue;
        value           nonuniform 0();
    }
    top
    {
        type            symmetryPlane;
    }
    bottom
    {
        type            symmetryPlane;
    }
    defaultFaces
    {
        type            empty;
    }
    procBoundary1to0
    {
        type            processor;
        value           nonuniform List<vector> 
102
(
(0.977194 -0.0346659 -2.76104e-21)
(0.972292 -0.0394149 1.0211e-20)
(0.972292 -0.0394149 1.0211e-20)
(0.971941 -0.0384332 -3.22751e-21)
(0.971624 -0.0374818 -1.05014e-21)
(0.971333 -0.0365352 -7.57951e-22)
(0.971065 -0.035582 1.16334e-20)
(0.970816 -0.0346238 4.33128e-21)
(0.970582 -0.0336621 6.41854e-21)
(0.970362 -0.0326975 -3.94788e-21)
(0.970154 -0.0317301 4.07912e-21)
(0.969956 -0.03076 4.80931e-22)
(0.969768 -0.0297874 1.7764e-21)
(0.969589 -0.0288125 1.19512e-20)
(0.969418 -0.0278354 -5.53295e-21)
(0.969254 -0.0268563 -6.48313e-21)
(0.969098 -0.0258752 -1.69946e-20)
(0.968949 -0.0248923 1.28017e-21)
(0.968806 -0.0239076 -1.85989e-21)
(0.968671 -0.0229214 -4.64295e-21)
(0.968541 -0.0219335 2.77416e-21)
(0.968419 -0.0209443 7.80221e-21)
(0.962277 -0.0230546 8.86077e-21)
(0.962277 -0.0230546 8.86077e-21)
(0.962135 -0.0219071 9.9242e-21)
(0.962001 -0.0207581 1.29904e-21)
(0.961875 -0.0196078 -1.26626e-20)
(0.961757 -0.0184561 1.47267e-20)
(0.961646 -0.0173033 -5.55849e-21)
(0.961544 -0.0161494 1.76908e-21)
(0.961449 -0.0149946 8.72441e-21)
(0.961362 -0.0138388 -5.20428e-21)
(0.961283 -0.0126823 4.18179e-21)
(0.961212 -0.0115251 7.01126e-21)
(0.961148 -0.0103673 -9.83632e-22)
(0.961092 -0.00920895 2.02649e-21)
(0.961044 -0.0080502 -3.11946e-21)
(0.961003 -0.00689111 1.36895e-21)
(0.960971 -0.00573177 1.37375e-22)
(0.960946 -0.00457224 1.82914e-23)
(0.960928 -0.00341245 1.14767e-21)
(0.960918 -0.00225205 -2.4184e-22)
(1.01733 -0.00115563 0)
(1.01731 -0.00344 0)
(1.01727 -0.00567103 0)
(1.01722 -0.00784964 0)
(1.01714 -0.00997667 0)
(1.01705 -0.0120526 0)
(1.01693 -0.0140778 0)
(1.01678 -0.0160521 0)
(1.01662 -0.0179753 0)
(1.01642 -0.0198469 0)
(1.01619 -0.0216662 0)
(1.01594 -0.0234322 0)
(1.01564 -0.0251438 0)
(1.01532 -0.0267998 0)
(1.01496 -0.0283987 0)
(1.01456 -0.0299392 0)
(1.01412 -0.0314198 0)
(1.01364 -0.0328387 0)
(1.01313 -0.0341947 0)
(1.01257 -0.035486 0)
(1.01198 -0.0367113 0)
(1.01134 -0.0378692 0)
(1.01067 -0.0389584 0)
(1.00996 -0.0399778 0)
(1.00921 -0.0409263 0)
(1.00843 -0.0418032 0)
(1.00762 -0.0426078 0)
(1.00677 -0.0433396 0)
(1.0059 -0.0439983 0)
(1.00499 -0.0445839 0)
(1.00406 -0.0450966 0)
(1.00311 -0.0455367 0)
(1.00214 -0.0459047 0)
(1.00116 -0.0462016 0)
(1.00015 -0.0464283 0)
(0.999141 -0.046586 0)
(0.998119 -0.0466762 0)
(0.99709 -0.0467004 0)
(0.996058 -0.0466603 0)
(0.995025 -0.046558 0)
(0.993993 -0.0463954 0)
(0.992966 -0.0461748 0)
(0.991945 -0.0458985 0)
(0.990933 -0.0455689 0)
(0.989932 -0.0451885 0)
(0.988944 -0.0447599 0)
(0.987971 -0.0442856 0)
(0.987014 -0.0437684 0)
(0.986076 -0.0432109 0)
(0.985158 -0.0426159 0)
(0.984262 -0.0419862 0)
(0.98339 -0.0413245 0)
(0.982543 -0.0406336 0)
(0.981725 -0.0399164 0)
(0.980938 -0.0391759 0)
(0.980186 -0.038415 0)
(0.979472 -0.0376342 0)
(0.978801 -0.0368337 0)
(0.97818 -0.0360312 0)
(0.977615 -0.0352813 0)
)
;
    }
    procBoundary1to2
    {
        type            processor;
        value           nonuniform List<vector> 
104
(
(0.914997 -0.160033 3.46545e-21)
(0.922871 -0.14517 0)
(0.911521 -0.156705 2.716e-20)
(0.908366 -0.153107 -2.10833e-20)
(0.905448 -0.149605 -1.73741e-20)
(0.902711 -0.146094 9.46019e-21)
(0.90012 -0.142532 1.90617e-20)
(0.897649 -0.138928 -4.78742e-21)
(0.897649 -0.138928 -4.78742e-21)
(0.888206 -0.151094 2.18603e-20)
(0.885456 -0.147071 4.06747e-20)
(0.882804 -0.143 5.32158e-21)
(0.880243 -0.138883 1.12504e-20)
(0.877771 -0.13472 1.17602e-20)
(0.875383 -0.130514 4.58283e-21)
(0.87308 -0.126264 3.2955e-20)
(0.87086 -0.121972 -1.11855e-20)
(0.87086 -0.121972 -1.11855e-20)
(0.85789 -0.131816 1.61873e-20)
(0.855396 -0.126972 -1.01256e-20)
(0.853 -0.122076 -5.59655e-21)
(0.850702 -0.117132 -1.39356e-20)
(0.848502 -0.11214 -3.33001e-20)
(0.846401 -0.107103 1.53486e-20)
(0.844399 -0.102022 5.76085e-21)
(0.842498 -0.0969 1.53494e-20)
(0.840697 -0.0917385 -1.68814e-20)
(0.838998 -0.0865396 4.57015e-21)
(0.838998 -0.0865396 4.57015e-21)
(0.822193 -0.0912058 -2.49965e-22)
(0.820372 -0.0853064 -6.08173e-21)
(0.818676 -0.0793653 -3.42044e-21)
(0.817107 -0.0733856 -1.68696e-21)
(0.815664 -0.0673702 1.32944e-20)
(0.814349 -0.0613221 -1.94501e-20)
(0.813163 -0.0552442 -2.21084e-21)
(0.812105 -0.0491397 -7.16451e-21)
(0.811177 -0.0430115 -1.21343e-21)
(0.810379 -0.0368627 -6.98098e-21)
(0.809712 -0.0306965 -1.09525e-21)
(0.809175 -0.024516 2.11629e-21)
(0.808769 -0.0183243 4.58683e-21)
(0.808495 -0.012124 1.96792e-21)
(0.808352 -0.00591842 2.67224e-22)
(1.05253 -0.00196126 0)
(1.05257 -0.00584454 0)
(1.05265 -0.00965547 0)
(1.05275 -0.0134059 0)
(1.05288 -0.0171061 0)
(1.05302 -0.0207652 0)
(1.05317 -0.024391 0)
(1.05332 -0.0279902 0)
(1.05346 -0.0315683 0)
(1.05358 -0.0351303 0)
(1.05368 -0.0386799 0)
(1.05374 -0.0422203 0)
(1.05376 -0.0457537 0)
(1.05372 -0.0492819 0)
(1.05362 -0.052806 0)
(1.05346 -0.0563262 0)
(1.05321 -0.0598426 0)
(1.05288 -0.0633543 0)
(1.05245 -0.0668603 0)
(1.05192 -0.0703588 0)
(1.05128 -0.0738477 0)
(1.05053 -0.0773243 0)
(1.04965 -0.0807856 0)
(1.04865 -0.084228 0)
(1.04751 -0.0876478 0)
(1.04623 -0.0910404 0)
(1.04481 -0.0944014 0)
(1.04324 -0.0977254 0)
(1.04151 -0.101007 0)
(1.03963 -0.104241 0)
(1.03759 -0.10742 0)
(1.03539 -0.110538 0)
(1.03302 -0.113589 0)
(1.03049 -0.116565 0)
(1.02779 -0.119459 0)
(1.02493 -0.122263 0)
(1.02191 -0.124971 0)
(1.01873 -0.127573 0)
(1.01538 -0.130062 0)
(1.01188 -0.132429 0)
(1.00823 -0.134668 0)
(1.00443 -0.13677 0)
(1.00049 -0.138728 0)
(0.996414 -0.140533 0)
(0.992213 -0.142179 0)
(0.987895 -0.14366 0)
(0.983469 -0.144968 0)
(0.978949 -0.146099 0)
(0.974346 -0.147047 0)
(0.969675 -0.147808 0)
(0.964952 -0.148378 0)
(0.960193 -0.148755 0)
(0.955415 -0.148937 0)
(0.950638 -0.148925 0)
(0.945877 -0.148717 0)
(0.941153 -0.148308 0)
(0.936481 -0.147689 0)
(0.931876 -0.146888 0)
(0.927343 -0.146043 0)
(0.922871 -0.14517 0)
)
;
    }
    procBoundary1to16
    {
        type            processor;
        value           uniform (0.960916 -0.00109136 -7.57967e-23);
    }
    procBoundary1to17
    {
        type            processor;
        value           nonuniform List<vector> 
13
(
(0.95398 0.000155814 -4.73394e-22)
(0.946396 0.000291482 -4.32918e-22)
(0.93814 0.000474067 -3.79639e-22)
(0.92917 0.000729619 -7.6599e-23)
(0.919455 0.00104123 -2.61194e-22)
(0.90894 0.0014179 2.0953e-21)
(0.885292 -0.000964894 6.59239e-22)
(0.897586 0.00186324 -1.28039e-21)
(0.885292 -0.000964894 6.59239e-22)
(0.872079 -0.000791958 -2.81652e-22)
(0.857837 -0.000583685 9.60936e-24)
(0.842526 -0.00033792 -8.71141e-22)
(0.826032 -4.78875e-05 -5.43273e-22)
)
;
    }
}


// ************************************************************************* //
