/*--------------------------------*- C++ -*----------------------------------*\
  =========                 |
  \\      /  F ield         | OpenFOAM: The Open Source CFD Toolbox
   \\    /   O peration     | Website:  https://openfoam.org
    \\  /    A nd           | Version:  7
     \\/     M anipulation  |
\*---------------------------------------------------------------------------*/
FoamFile
{
    version     2.0;
    format      ascii;
    class       volScalarField;
    location    "84";
    object      p;
}
// * * * * * * * * * * * * * * * * * * * * * * * * * * * * * * * * * * * * * //

dimensions      [0 2 -2 0 0 0 0];

internalField   nonuniform List<scalar> 
1062
(
0.0353066
0.042224
0.0274406
0.0137985
0.025178
0.0224478
0.0203368
0.0245647
0.00688253
0.00103418
0.00164396
0.0351209
0.0419373
0.0271275
0.0134078
0.0247967
0.022156
0.0200913
0.0241908
0.00662482
0.000909205
0.00164476
0.0347295
0.0413502
0.0265494
0.0126896
0.0240666
0.0216031
0.019607
0.0234737
0.00616402
0.000677858
0.00164335
0.0340871
0.0404481
0.0257457
0.0117259
0.0230498
0.0208121
0.0188935
0.0224665
0.00554795
0.000369711
0.00164008
0.033135
0.039203
0.0247537
0.0105982
0.0218099
0.0198124
0.0179697
0.0212264
0.00482342
1.19656e-05
0.00163481
0.0318159
0.0375852
0.0236029
0.00937597
0.0204077
0.018642
0.0168682
0.0198116
0.00402816
-0.000374913
0.00162729
0.0300854
0.0355723
0.022313
0.00811353
0.0188989
0.0173425
0.0156304
0.0182773
0.00319012
-0.000776876
0.00161752
0.0279175
0.0331544
0.0208988
0.00685106
0.0173324
0.0159551
0.014299
0.0166716
0.0023304
-0.00118438
0.00160565
0.0253052
0.0303368
0.0193736
0.00561079
0.0157505
0.0145172
0.0129119
0.0150343
0.00146622
-0.00159032
0.00159185
0.0222815
0.0271389
0.0177526
0.00444303
0.0141891
0.0130606
0.0114997
0.0133971
0.000612649
-0.00198857
0.00157626
0.0188288
0.0235928
0.0160532
0.00336123
0.0126779
0.0116116
0.0100865
0.0117847
-0.000216717
-0.00237326
0.00155894
0.01501
0.0197418
0.0142949
0.00237982
0.0112415
0.0101911
0.0086904
0.010217
-0.00100968
-0.0027386
0.00153985
0.0108754
0.0156372
0.0124978
0.00151333
0.00989935
0.00881587
0.0073256
0.00870959
-0.00175566
-0.00307906
0.00151886
0.00648296
0.0113359
0.0106825
0.000772536
0.00866579
0.00749898
0.00600316
0.00727485
-0.00244591
-0.00338966
0.00149578
0.00189626
0.006898
0.00886864
0.000163783
0.00755062
0.00625036
0.00473192
0.00592254
-0.00307365
-0.00366618
0.00147038
-0.00281823
0.00238378
0.00707462
-0.000310867
0.00655921
0.00507724
0.00351898
0.00465988
-0.00363418
-0.00390539
0.00144244
-0.00759488
-0.00214925
0.00531711
-0.000653205
0.00569306
0.00398444
0.00236997
0.00349177
-0.00412475
-0.00410514
0.00141174
-0.0123724
-0.00664813
0.00361072
-0.000868187
0.00495044
0.00297468
0.00128921
0.00242096
-0.00454448
-0.00426437
0.00137811
-0.0170953
-0.0110659
0.00196771
-0.000963284
0.00432695
0.00204882
0.000279805
0.00144819
-0.00489414
-0.00438309
0.00134141
-0.0217149
-0.015362
0.00039736
-0.000947871
0.00381612
0.00120613
-0.000656311
0.000572375
-0.0051759
-0.00446228
0.00130156
-0.0261902
-0.019502
-0.00109371
-0.000832618
0.00340995
0.000444517
-0.00151827
-0.000209098
-0.0053931
-0.00450371
0.00125851
-0.0304869
-0.0234583
-0.00250111
-0.000629017
0.00309938
-0.000239189
-0.00230618
-0.000900145
-0.00554995
-0.00450987
0.00121229
-0.0345775
-0.0272099
-0.00382241
-0.000348943
0.00287476
-0.000849015
-0.00302104
-0.00150569
-0.00565131
-0.00448372
0.00116295
-0.0384418
-0.0307416
-0.00505675
-4.3431e-06
0.00272615
-0.00138959
-0.00366461
-0.0020314
-0.00570246
-0.0044286
0.00111059
-0.0420655
-0.034044
-0.00620465
0.000393022
0.00264365
-0.00186594
-0.00423928
-0.00248344
-0.00570886
-0.00434807
0.00105535
-0.0454399
-0.0371121
-0.00726774
0.000831832
0.00261756
-0.00228331
-0.00474795
-0.00286823
-0.00567603
-0.00424576
0.000997402
-0.0485607
-0.0399447
-0.0082486
0.00130137
0.00263863
-0.00264699
-0.00519394
-0.00319224
-0.00560936
-0.00412525
0.000936923
-0.0514279
-0.0425442
-0.00915051
0.00179159
0.00269818
-0.00296221
-0.0055808
-0.00346189
-0.00551404
-0.00399005
0.000874126
-0.0540445
-0.0449152
-0.00997732
0.00229324
0.00278816
-0.00323401
-0.00591228
-0.00368332
-0.00539493
-0.00384343
0.000809228
-0.0564165
-0.0470647
-0.0107333
0.00279786
0.00290121
-0.0034672
-0.00619222
-0.0038624
-0.00525654
-0.00368844
0.000742458
-0.0585515
-0.0490009
-0.0114228
0.00329786
0.00303069
-0.00366628
-0.00642444
-0.00400459
-0.005103
-0.00352786
0.000674046
-0.0604589
-0.0507332
-0.0120506
0.00378651
0.00317065
-0.00383542
-0.00661273
-0.0041149
-0.00493799
-0.00336416
0.000604223
-0.0621493
-0.052272
-0.0126213
0.00425798
0.00331581
-0.00397842
-0.00676077
-0.00419793
-0.00476482
-0.00319954
0.000533215
-0.0636341
-0.0536279
-0.0131395
0.00470728
0.00346159
-0.00409875
-0.00687207
-0.00425778
-0.00458637
-0.00303588
0.000461245
-0.064925
-0.0548118
-0.0136095
0.00513019
0.00360402
-0.0041995
-0.00695
-0.00429813
-0.00440514
-0.00287478
0.000388527
-0.0660341
-0.0558347
-0.0140359
0.00552329
0.00373975
-0.00428344
-0.00699772
-0.00432222
-0.00422326
-0.00271759
0.000315266
-0.0669735
-0.0567074
-0.0144225
0.00588383
0.00386595
-0.00435301
-0.00701822
-0.00433288
-0.00404254
-0.00256538
0.00024166
-0.0677551
-0.0574405
-0.0147733
0.00620972
0.00398032
-0.00441037
-0.00701425
-0.00433256
-0.00386449
-0.00241904
0.000167892
-0.0683905
-0.0580443
-0.0150918
0.00649945
0.00408099
-0.0044574
-0.00698839
-0.00432338
-0.00369033
-0.00227923
9.41363e-05
-0.0688911
-0.0585288
-0.0153814
0.00675206
0.00416653
-0.00449573
-0.00694301
-0.00430714
-0.00352105
-0.00214644
2.05562e-05
-0.0692676
-0.0589033
-0.0156452
0.00696702
0.00423587
-0.00452677
-0.00688029
-0.00428535
-0.00335741
-0.00202101
-5.26972e-05
-0.0695304
-0.0591769
-0.015886
0.00714425
0.00428824
-0.00455175
-0.00680223
-0.00425929
-0.0032
-0.00190312
-0.000125484
-0.0696892
-0.059358
-0.0161064
0.00728401
0.00432319
-0.0045717
-0.00671068
-0.00423002
-0.00304924
-0.00179288
-0.000197675
-0.0697534
-0.0594547
-0.0163087
0.00738689
0.00434049
-0.00458751
-0.0066073
-0.00419841
-0.00290538
-0.00169027
-0.000269153
-0.0697316
-0.0594745
-0.016495
0.00745373
0.00434014
-0.00459994
-0.00649363
-0.00416516
-0.0027686
-0.00159518
-0.000339809
-0.0594244
-0.0166671
0.00748558
0.00432232
-0.00460963
-0.00637106
-0.00413084
-0.00263893
-0.00150748
-0.000409546
-0.0593107
-0.0168269
0.00748369
0.00428735
-0.00461711
-0.00624085
-0.00409589
-0.00251635
-0.00142693
-0.000478275
-0.0591397
-0.0169757
0.00744942
0.00423568
-0.00462284
-0.00610416
-0.00406066
-0.00240075
-0.00135329
-0.000545918
-0.0589167
-0.017115
0.00738425
0.00416789
-0.00462719
-0.00596202
-0.00402539
-0.00229197
-0.00128627
-0.000612405
-0.0586469
-0.0172457
0.00728971
0.00408461
-0.00463046
-0.00581537
-0.00399029
-0.0021898
-0.00122556
-0.000677674
-0.0583349
-0.0173691
0.00716742
0.00398655
-0.00463292
-0.00566506
-0.00395549
-0.002094
-0.00117083
-0.000741672
-0.057985
-0.017486
0.00701899
0.00387445
-0.00463477
-0.00551185
-0.00392106
-0.00200431
-0.00112174
-0.000804353
-0.0576005
-0.0175974
0.00684592
0.00374912
-0.00463616
-0.00535638
-0.00388704
-0.00192046
-0.00107794
-0.000865677
-0.0571851
-0.0177034
0.00664978
0.00361133
-0.00463722
-0.00519922
-0.00385342
-0.00184216
-0.00103911
-0.000925611
-0.0567438
-0.0178033
0.00643307
0.00346192
-0.0046381
-0.0050412
-0.00382023
-0.00176899
-0.0010049
-0.000984139
-0.0562834
-0.0178978
0.00619945
0.00330214
-0.00463904
-0.00488365
-0.00378762
-0.00170037
-0.0009749
-0.00104127
-0.0558004
-0.0179943
0.00594707
0.00313301
-0.00463989
-0.00472598
-0.00375558
-0.00163645
-0.000948803
-0.00109695
-0.0552588
-0.0181047
0.0056547
0.00295068
-0.00463809
-0.0045595
-0.00372271
-0.00158041
-0.00092697
-0.00115084
-0.0546345
-0.0182126
0.00531261
0.00274674
-0.004631
-0.0043767
-0.00368706
-0.00153405
-0.000910157
-0.00120266
-0.0541589
-0.0182232
0.00509015
0.00256665
-0.00464584
-0.00424413
-0.00365704
-0.00147058
-0.000892584
-0.001255
-0.0635868
-0.0544334
-0.0180682
0.00535733
0.0025964
-0.00475274
-0.00434493
-0.00366017
-0.00134179
-0.00085897
-0.00130725
-0.0632345
-0.05422
-0.0179466
0.00523751
0.00242957
-0.00475315
-0.00428931
-0.00364979
-0.00130025
-0.000846406
-0.00134544
-0.0626407
-0.0538488
-0.0178296
0.00499636
0.00217928
-0.0047143
-0.00417799
-0.00363427
-0.00128349
-0.00084092
-0.00138083
-0.062046
-0.0534803
-0.0177199
0.0047548
0.00193195
-0.0046763
-0.00406814
-0.00361843
-0.00126708
-0.000836117
-0.00141545
-0.0614654
-0.0531112
-0.0176166
0.0045123
0.00169182
-0.00464249
-0.00396122
-0.00360213
-0.00125061
-0.000831631
-0.00144947
-0.0608724
-0.0527275
-0.0175194
0.00425716
0.00144927
-0.00460857
-0.00385177
-0.00358492
-0.00123644
-0.000828072
-0.0014827
-0.0602596
-0.0523277
-0.0174286
0.00398761
0.00120174
-0.0045731
-0.00373872
-0.00356675
-0.00122496
-0.000825566
-0.00151507
-0.0596288
-0.0519128
-0.0173446
0.00370466
0.000949896
-0.00453631
-0.00362249
-0.00354766
-0.00121597
-0.00082403
-0.00154659
-0.0589812
-0.0514832
-0.0172673
0.00340885
0.000694277
-0.00449843
-0.0035033
-0.00352763
-0.00120929
-0.000823397
-0.00157726
-0.0583172
-0.0510388
-0.017197
0.00310038
0.000434988
-0.0044595
-0.00338121
-0.00350664
-0.00120487
-0.000823617
-0.00160707
-0.0576367
-0.0505797
-0.0171336
0.00277946
0.00017207
-0.00441951
-0.00325626
-0.0034847
-0.00120261
-0.000824651
-0.00163601
-0.0569398
-0.0501061
-0.0170774
0.00244635
-9.43914e-05
-0.00437849
-0.00312852
-0.00346178
-0.00120245
-0.000826452
-0.00166408
-0.0562268
-0.0496182
-0.0170283
0.00210133
-0.000364289
-0.00433646
-0.00299806
-0.00343788
-0.00120429
-0.00082897
-0.00169127
-0.0554978
-0.049116
-0.0169864
0.0017447
-0.000637509
-0.00429345
-0.00286495
-0.00341298
-0.00120804
-0.000832158
-0.00171757
-0.0547531
-0.0485998
-0.0169517
0.00137675
-0.000913933
-0.00424949
-0.00272925
-0.00338708
-0.0012136
-0.000835966
-0.00174298
-0.0539928
-0.0480698
-0.0169242
0.000997832
-0.00119344
-0.00420462
-0.00259106
-0.00336015
-0.00122088
-0.000840344
-0.0017675
-0.0532174
-0.0475262
-0.0169038
0.000608267
-0.0014759
-0.00415889
-0.00245044
-0.00333219
-0.00122977
-0.000845241
-0.00179112
-0.0524271
-0.0469692
-0.0168905
0.000208411
-0.00176118
-0.00411234
-0.00230749
-0.00330318
-0.00124019
-0.000850605
-0.00181384
-0.0516221
-0.0463991
-0.0168841
-0.000201374
-0.00204915
-0.00406501
-0.00216228
-0.00327312
-0.00125201
-0.000856385
-0.00183565
-0.050803
-0.0458161
-0.0168847
-0.000620713
-0.00233966
-0.00401697
-0.0020149
-0.00324199
-0.00126515
-0.000862527
-0.00185656
-0.0499699
-0.0452205
-0.0168921
-0.00104922
-0.00263257
-0.00396827
-0.00186545
-0.00320979
-0.00127948
-0.00086898
-0.00187657
-0.0491235
-0.0446127
-0.0169061
-0.0014865
-0.00292773
-0.00391897
-0.00171403
-0.0031765
-0.0012949
-0.00087569
-0.00189567
-0.0482641
-0.0439929
-0.0169266
-0.00193214
-0.003225
-0.00386914
-0.00156072
-0.00314211
-0.0013113
-0.000882605
-0.00191387
-0.0473922
-0.0433615
-0.0169535
-0.00238574
-0.00352421
-0.00381884
-0.00140564
-0.00310663
-0.00132856
-0.000889671
-0.00193116
-0.0465083
-0.0427188
-0.0169865
-0.00284686
-0.00382523
-0.00376816
-0.00124889
-0.00307003
-0.00134658
-0.000896836
-0.00194756
-0.045613
-0.0420651
-0.0170254
-0.00331509
-0.00412788
-0.00371717
-0.00109059
-0.00303232
-0.00136524
-0.000904046
-0.00196305
-0.0447068
-0.0414008
-0.0170701
-0.00378999
-0.00443202
-0.00366596
-0.000930854
-0.00299349
-0.00138443
-0.000911249
-0.00197765
-0.0437904
-0.0407264
-0.0171203
-0.00427111
-0.00473748
-0.00361461
-0.000769796
-0.00295354
-0.00140402
-0.000918391
-0.00199135
-0.0428644
-0.0400421
-0.0171757
-0.00475801
-0.00504411
-0.00356321
-0.000607544
-0.00291247
-0.00142392
-0.000925423
-0.00200417
-0.0419294
-0.0393484
-0.0172362
-0.00525025
-0.00535173
-0.00351186
-0.000444225
-0.00287027
-0.00144399
-0.00093229
-0.00201611
-0.0409862
-0.0386457
-0.0173014
-0.00574736
-0.00566019
-0.00346066
-0.000279974
-0.00282697
-0.00146412
-0.000938942
-0.00202717
-0.0400353
-0.0379345
-0.0173711
-0.0062489
-0.00596933
-0.00340971
-0.000114928
-0.00278255
-0.00148421
-0.000945328
-0.00203736
-0.0390777
-0.037215
-0.017445
-0.00675441
-0.00627897
-0.00335912
5.07737e-05
-0.00273702
-0.00150413
-0.000951399
-0.0020467
-0.0381139
-0.0364878
-0.0175228
-0.00726343
-0.00658896
-0.00330899
0.000216989
-0.0026904
-0.00152377
-0.000957104
-0.00205518
-0.0371449
-0.0357534
-0.0176042
-0.00777551
-0.00689914
-0.00325944
0.000383574
-0.00264269
-0.00154303
-0.000962394
-0.00206283
-0.0361713
-0.0350121
-0.0176889
-0.00829017
-0.00720933
-0.00321058
0.000550362
-0.0025939
-0.00156178
-0.000967222
-0.00206964
-0.035194
-0.0342644
-0.0177766
-0.00880697
-0.00751937
-0.00316252
0.000717202
-0.00254406
-0.00157992
-0.00097154
-0.00207564
-0.0342138
-0.0335108
-0.017867
-0.00932545
-0.00782909
-0.0031154
0.000883934
-0.00249318
-0.00159733
-0.0009753
)
;

boundaryField
{
    inlet
    {
        type            zeroGradient;
    }
    outlet
    {
        type            fixedValue;
        value           uniform 0;
    }
    cylinder
    {
        type            zeroGradient;
    }
    top
    {
        type            symmetryPlane;
    }
    bottom
    {
        type            symmetryPlane;
    }
    defaultFaces
    {
        type            empty;
    }
    procBoundary15to14
    {
        type            processor;
        value           nonuniform List<scalar> 
100
(
0.0391696
0.0391055
0.038966
0.0387077
0.0382817
0.0376388
0.0367364
0.035544
0.0340458
0.0322409
0.0301416
0.0277721
0.0251663
0.0223648
0.0194113
0.0163511
0.0132283
0.0100845
0.00695737
0.00388032
0.00088161
-0.00201574
-0.00479347
-0.00743778
-0.00993902
-0.0122912
-0.0144913
-0.0165393
-0.0184369
-0.0201878
-0.0217972
-0.0232711
-0.0246164
-0.0258404
-0.0269509
-0.0279554
-0.0288618
-0.0296776
-0.0304102
-0.0310665
-0.0316534
-0.0321771
-0.0326435
-0.0330582
-0.0334262
-0.0696318
-0.0696318
-0.0694617
-0.0692283
-0.0689379
-0.0685965
-0.0682095
-0.0677819
-0.0673181
-0.0668223
-0.0662983
-0.0657509
-0.0651826
-0.0645774
-0.0639111
-0.063365
-0.063365
-0.0358608
-0.035971
-0.0360707
-0.0361508
-0.0362154
-0.0362666
-0.0363045
-0.0363285
-0.0363387
-0.0363353
-0.0363184
-0.0362881
-0.0362446
-0.036188
-0.0361185
-0.0360363
-0.0359417
-0.0358348
-0.035716
-0.0355855
-0.0354437
-0.0352908
-0.0351273
-0.0349535
-0.0347698
-0.0345767
-0.0343746
-0.034164
-0.0339453
-0.0337192
-0.0334861
-0.0332465
-0.0330011
-0.0327505
-0.0324951
-0.0322357
-0.0319729
-0.0317072
)
;
    }
    procBoundary15to31
    {
        type            processor;
        value           nonuniform List<scalar> 
12
(
-0.00208083
-0.0332316
-0.0327517
-0.0179598
-0.00984515
-0.00813832
-0.00306934
0.00105039
-0.00244127
-0.0016139
-0.00208083
-0.000978455
)
;
    }
}


// ************************************************************************* //
