/*--------------------------------*- C++ -*----------------------------------*\
  =========                 |
  \\      /  F ield         | OpenFOAM: The Open Source CFD Toolbox
   \\    /   O peration     | Website:  https://openfoam.org
    \\  /    A nd           | Version:  7
     \\/     M anipulation  |
\*---------------------------------------------------------------------------*/
FoamFile
{
    version     2.0;
    format      ascii;
    class       volVectorField;
    location    "12";
    object      U;
}
// * * * * * * * * * * * * * * * * * * * * * * * * * * * * * * * * * * * * * //

dimensions      [0 1 -1 0 0 0 0];

internalField   nonuniform List<vector> 
1062
(
(0.0608352 -0.034383 -3.60622e-21)
(0.104844 -0.0391268 -3.84664e-21)
(0.152161 -0.0408216 -9.29924e-21)
(0.200098 -0.040562 -2.15519e-20)
(0.246931 -0.0391994 2.35917e-20)
(0.291799 -0.0373148 1.66046e-20)
(0.33436 -0.0352571 4.99206e-21)
(0.374551 -0.0332076 -2.54643e-20)
(0.41244 -0.0312453 -2.0456e-20)
(0.0625512 -0.0572295 3.90816e-21)
(0.10677 -0.0651323 -3.08343e-20)
(0.154147 -0.0679595 1.6194e-20)
(0.202052 -0.0675322 5.60191e-20)
(0.248802 -0.065267 -4.99083e-20)
(0.293567 -0.0621314 -1.07423e-21)
(0.336017 -0.0587067 4.09194e-20)
(0.376099 -0.0552952 2.99972e-20)
(0.413886 -0.0520285 -7.92941e-21)
(0.0651196 -0.0799628 -1.61323e-20)
(0.109654 -0.0910194 2.62499e-20)
(0.157121 -0.094983 5.04302e-21)
(0.204979 -0.0943956 -5.58111e-20)
(0.251606 -0.0912365 -2.65868e-22)
(0.296214 -0.086858 1.3714e-20)
(0.338499 -0.0820736 -1.02315e-20)
(0.378419 -0.0773063 2.20536e-21)
(0.416051 -0.0727409 3.01713e-20)
(0.0685337 -0.102538 2.88853e-20)
(0.113487 -0.116741 1.06518e-20)
(0.161077 -0.121846 -3.27315e-20)
(0.208872 -0.12111 1.11796e-19)
(0.255336 -0.117069 1.48422e-21)
(0.299736 -0.111459 1.04176e-20)
(0.341801 -0.105325 -1.94857e-20)
(0.381505 -0.0992108 -6.55944e-20)
(0.418933 -0.0933546 4.42789e-20)
(0.0727846 -0.124911 2.15325e-20)
(0.118263 -0.14225 3.78872e-20)
(0.166006 -0.148504 -6.13885e-20)
(0.213723 -0.147633 -2.1515e-20)
(0.259985 -0.142726 -1.70981e-20)
(0.304126 -0.135899 -5.0602e-20)
(0.345918 -0.128428 1.04084e-19)
(0.385353 -0.120978 8.84845e-20)
(0.422526 -0.113842 5.4375e-20)
(0.123969 -0.167501 1.77169e-21)
(0.171897 -0.174912 6.38624e-20)
(0.219524 -0.173923 -2.06881e-20)
(0.265545 -0.168168 6.205e-20)
(0.309378 -0.160142 8.27923e-20)
(0.350842 -0.15135 -7.88331e-20)
(0.389956 -0.142579 -7.96016e-20)
(0.426825 -0.134174 -1.13101e-19)
(0.130591 -0.192447 -1.16105e-19)
(0.178738 -0.201026 4.06773e-20)
(0.226263 -0.199938 -5.81626e-20)
(0.272006 -0.193358 7.98293e-20)
(0.315482 -0.184154 -1.398e-19)
(0.356566 -0.17406 -1.67124e-20)
(0.395307 -0.163984 3.70742e-20)
(0.431821 -0.154325 3.77815e-20)
(0.138114 -0.217044 7.27221e-20)
(0.186514 -0.2268 -1.9515e-19)
(0.233926 -0.225638 1.60755e-19)
(0.279355 -0.218258 -7.34587e-20)
(0.322426 -0.2079 -2.44889e-20)
(0.363079 -0.196525 2.93985e-20)
(0.401396 -0.185163 -4.79201e-21)
(0.437508 -0.174268 8.30305e-20)
(0.471551 -0.163993 1.09195e-20)
(0.14652 -0.241247 -7.32109e-20)
(0.195209 -0.252193 2.24585e-20)
(0.242498 -0.250981 2.58918e-20)
(0.287579 -0.242832 -1.4262e-19)
(0.330199 -0.231347 1.19546e-19)
(0.37037 -0.218715 -1.15601e-19)
(0.408214 -0.206087 6.38869e-20)
(0.443875 -0.193975 -1.00269e-19)
(0.477497 -0.182549 9.43712e-20)
(0.15579 -0.265011 -6.2829e-20)
(0.204803 -0.277162 1.59218e-19)
(0.251962 -0.275929 2.9027e-20)
(0.296662 -0.267041 -3.44347e-20)
(0.338786 -0.25446 1.64753e-20)
(0.378427 -0.240598 1.68791e-19)
(0.415747 -0.226729 -6.67285e-20)
(0.450912 -0.21342 -3.74013e-20)
(0.484068 -0.200863 2.00664e-20)
(0.1659 -0.288295 3.72179e-20)
(0.215275 -0.301665 -3.29004e-21)
(0.2623 -0.300443 -1.5144e-20)
(0.306588 -0.290852 1.45188e-19)
(0.348173 -0.277207 -8.75548e-20)
(0.387236 -0.262145 8.91592e-20)
(0.423985 -0.247061 -2.5534e-19)
(0.458606 -0.232578 -2.51475e-20)
(0.491254 -0.218911 -2.66065e-20)
(0.176827 -0.311055 -1.51963e-20)
(0.226603 -0.32566 -1.14637e-19)
(0.27349 -0.324483 -4.89387e-20)
(0.317338 -0.314227 -1.46769e-19)
(0.358342 -0.299556 2.69373e-20)
(0.396781 -0.283326 5.96619e-20)
(0.432913 -0.267055 3.01144e-19)
(0.466946 -0.251424 5.37831e-20)
(0.499043 -0.236669 -5.7358e-20)
(0.188544 -0.333252 -3.81487e-20)
(0.238763 -0.349109 -4.00889e-20)
(0.28551 -0.348013 -3.18776e-20)
(0.328892 -0.337134 1.53431e-20)
(0.369276 -0.321475 -2.30544e-19)
(0.407045 -0.304111 -6.15827e-20)
(0.442515 -0.286684 -1.09682e-19)
(0.475918 -0.269933 2.32386e-20)
(0.507423 -0.254116 1.16918e-19)
(0.201023 -0.354846 7.77015e-20)
(0.251727 -0.371971 7.34385e-20)
(0.298336 -0.370996 9.32673e-20)
(0.341228 -0.359538 1.37578e-19)
(0.380954 -0.342934 2.91712e-19)
(0.418012 -0.324474 -1.02778e-19)
(0.452776 -0.305924 -1.10998e-19)
(0.485505 -0.288081 -7.67909e-21)
(0.516379 -0.271227 -1.8025e-19)
(0.265466 -0.39421 2.12539e-20)
(0.311942 -0.393396 -1.16202e-19)
(0.354323 -0.381407 -9.16331e-20)
(0.393357 -0.363902 -1.41704e-19)
(0.429663 -0.344387 9.50657e-20)
(0.463678 -0.324748 2.09776e-19)
(0.495693 -0.305845 -2.24908e-19)
(0.525897 -0.287983 1.31602e-19)
(0.554425 -0.27122 -1.83247e-19)
(0.279952 -0.415787 5.54593e-20)
(0.326301 -0.415179 -1.88098e-20)
(0.368152 -0.402708 1.04095e-19)
(0.406462 -0.384351 1.04267e-19)
(0.441976 -0.363822 2.85096e-20)
(0.475203 -0.343132 -1.10361e-20)
(0.506464 -0.323202 1.97801e-19)
(0.535961 -0.304363 -1.54172e-19)
(0.56383 -0.286677 2.07647e-19)
(0.29515 -0.436669 -8.35192e-20)
(0.341383 -0.436312 1.28102e-19)
(0.382689 -0.423412 -8.7142e-20)
(0.420244 -0.404252 -1.55597e-19)
(0.45493 -0.382755 8.2562e-20)
(0.487331 -0.361054 2.84105e-20)
(0.517801 -0.340132 -2.99858e-20)
(0.546555 -0.320346 9.28048e-21)
(0.573732 -0.301767 -2.12313e-19)
(0.311028 -0.45682 -2.94082e-20)
(0.357157 -0.456761 -1.83347e-19)
(0.397907 -0.443488 8.71721e-20)
(0.43468 -0.423579 3.43778e-20)
(0.468505 -0.40116 -3.71895e-20)
(0.500042 -0.378489 -2.36225e-20)
(0.529685 -0.356612 -1.17068e-19)
(0.557662 -0.335913 1.67152e-19)
(0.584113 -0.316471 8.03476e-20)
(0.32755 -0.476207 1.12844e-19)
(0.373591 -0.476497 1.80199e-20)
(0.413775 -0.462908 -6.81713e-21)
(0.449744 -0.442305 3.20782e-21)
(0.482674 -0.419014 -1.47696e-19)
(0.513314 -0.395417 -1.83197e-20)
(0.542095 -0.372623 -9.90476e-21)
(0.569262 -0.351045 1.86915e-20)
(0.594959 -0.330773 -1.19126e-19)
(0.390652 -0.495489 1.848e-19)
(0.430265 -0.481645 -1.61894e-19)
(0.465407 -0.460405 1.17151e-19)
(0.497415 -0.436295 -1.55647e-19)
(0.527124 -0.411816 -7.00871e-21)
(0.555012 -0.388145 1.05905e-19)
(0.581338 -0.365726 -1.15526e-19)
(0.60625 -0.344655 1.97525e-19)
(0.629846 -0.324898 6.28508e-21)
(0.408303 -0.513709 -1.16529e-19)
(0.447344 -0.499672 1.02988e-19)
(0.481643 -0.477856 -1.81305e-19)
(0.512701 -0.45298 1.27903e-19)
(0.54145 -0.427667 1.34953e-19)
(0.568414 -0.403161 -1.44031e-19)
(0.593869 -0.379937 2.67726e-20)
(0.617969 -0.358103 4.19501e-20)
(0.64081 -0.337625 -1.09768e-19)
(0.426508 -0.531129 -1.37271e-19)
(0.46498 -0.516964 -2.02751e-19)
(0.49842 -0.494635 1.49773e-19)
(0.528506 -0.469048 4.71334e-20)
(0.556268 -0.44295 -1.68057e-19)
(0.582278 -0.417654 -5.46028e-20)
(0.606835 -0.393664 -8.44434e-20)
(0.630097 -0.371101 -2.61312e-19)
(0.652157 -0.349935 3.68696e-20)
(0.483137 -0.533498 1.29863e-19)
(0.515709 -0.51072 -1.902e-19)
(0.544802 -0.484481 -2.03351e-20)
(0.571551 -0.457649 9.45004e-20)
(0.596582 -0.431606 2.69637e-19)
(0.620216 -0.406891 3.42299e-19)
(0.642614 -0.383637 2.60425e-19)
(0.663872 -0.361816 5.25724e-20)
(0.501781 -0.549251 9.08693e-20)
(0.533478 -0.526091 -1.09169e-20)
(0.56156 -0.49926 7.31011e-20)
(0.587274 -0.471746 -1.22542e-19)
(0.611302 -0.445003 -4.20076e-19)
(0.633988 -0.419604 -2.70627e-20)
(0.655501 -0.395697 -2.57249e-21)
(0.675935 -0.373256 4.38282e-20)
(0.695358 -0.352199 5.11808e-20)
(0.520875 -0.564203 -3.26231e-20)
(0.551695 -0.54073 7.00659e-20)
(0.578752 -0.513368 4.58801e-20)
(0.603411 -0.485227 -8.11641e-20)
(0.626414 -0.457831 4.28115e-19)
(0.64813 -0.431791 -3.31723e-19)
(0.668737 -0.407269 -1.52442e-21)
(0.688328 -0.384244 -1.08876e-19)
(0.706966 -0.362633 8.29042e-20)
(0.540382 -0.578334 -8.56145e-20)
(0.570326 -0.554618 6.57287e-20)
(0.596348 -0.526789 3.90469e-20)
(0.619934 -0.498076 -1.48698e-19)
(0.641892 -0.470076 8.70094e-20)
(0.662619 -0.443439 5.5792e-22)
(0.6823 -0.418342 -5.01273e-20)
(0.70103 -0.394769 5.90137e-20)
(0.718868 -0.372637 -1.47032e-19)
(0.589335 -0.56774 3.12243e-20)
(0.614315 -0.539508 -1.38262e-20)
(0.636816 -0.51028 3.47398e-19)
(0.657712 -0.481727 -2.59333e-19)
(0.677431 -0.454538 4.94238e-20)
(0.69617 -0.428907 -7.98351e-20)
(0.714022 -0.404823 4.8938e-20)
(0.731045 -0.382205 6.84694e-20)
(0.747281 -0.360953 2.3921e-20)
(0.60869 -0.58008 3.3984e-20)
(0.632624 -0.551513 -7.06203e-20)
(0.654027 -0.521828 -2.63584e-19)
(0.673846 -0.492773 -2.06888e-20)
(0.692542 -0.465077 -9.79419e-21)
(0.710323 -0.438953 2.21579e-19)
(0.727284 -0.414398 -9.66292e-20)
(0.743478 -0.391329 -1.74255e-20)
(0.758945 -0.369644 -7.03515e-20)
(0.628352 -0.591625 -2.66222e-21)
(0.651241 -0.562791 -7.44012e-21)
(0.671539 -0.532709 1.71923e-19)
(0.690269 -0.503204 1.6704e-19)
(0.707928 -0.475048 1.55328e-19)
(0.724738 -0.448474 -1.9738e-19)
(0.740794 -0.423486 1.01318e-20)
(0.756148 -0.400001 1.61329e-19)
(0.770836 -0.377918 -2.0681e-19)
(0.670134 -0.573331 -1.61204e-19)
(0.689322 -0.542913 2.14046e-20)
(0.706953 -0.513012 -1.84858e-19)
(0.723564 -0.484443 3.90062e-20)
(0.739391 -0.457462 1.39873e-19)
(0.754532 -0.43208 -3.98086e-20)
(0.769036 -0.408217 1.6493e-20)
(0.782935 -0.38577 -1.3576e-20)
(0.796194 -0.36467 -8.11314e-20)
(0.689269 -0.583124 6.80271e-20)
(0.707345 -0.552432 -7.95932e-20)
(0.723871 -0.522188 1.3516e-20)
(0.739426 -0.493255 -5.12379e-20)
(0.754259 -0.465911 -2.02693e-20)
(0.768475 -0.440176 6.80859e-20)
(0.78212 -0.415972 -4.77919e-20)
(0.795224 -0.393194 -7.6246e-22)
(0.807745 -0.371776 8.32853e-20)
(0.725579 -0.561259 5.74614e-21)
(0.740996 -0.530728 9.78663e-20)
(0.755486 -0.50148 -1.66966e-19)
(0.76932 -0.473816 6.70567e-20)
(0.782603 -0.447768 -1.77601e-20)
(0.795382 -0.423261 3.20413e-20)
(0.807685 -0.400189 3.63099e-20)
(0.819463 -0.378486 -7.06321e-20)
(0.743993 -0.569388 2.58104e-21)
(0.758298 -0.538625 6.33477e-21)
(0.77172 -0.509111 -2.67515e-20)
(0.784548 -0.481173 -4.41838e-20)
(0.796892 -0.454853 -9.78931e-20)
(0.8088 -0.430081 -6.14759e-20)
(0.820296 -0.406751 1.13261e-19)
(0.83133 -0.384796 1.20046e-19)
(0.841891 -0.364138 7.59294e-21)
(0.775751 -0.545877 3.938e-20)
(0.788102 -0.516146 1.3853e-19)
(0.79992 -0.487978 1.13606e-20)
(0.811322 -0.461428 1.12288e-19)
(0.822354 -0.43643 -5.89691e-21)
(0.83304 -0.412877 -4.47358e-20)
(0.843326 -0.390707 -6.95546e-20)
(0.853189 -0.369846 2.22727e-19)
(0.793326 -0.55248 -6.18601e-20)
(0.804606 -0.522582 -4.90544e-20)
(0.815412 -0.49423 -4.14769e-21)
(0.825868 -0.467491 4.53012e-20)
(0.836022 -0.442305 -5.59752e-20)
(0.845896 -0.418568 1.53827e-20)
(0.855433 -0.396217 4.79629e-20)
(0.864595 -0.375189 -1.77951e-19)
(0.874276 -0.35473 -6.8045e-20)
(0.810993 -0.558432 6.81631e-20)
(0.821206 -0.528419 -5.81954e-20)
(0.831 -0.499927 5.13523e-20)
(0.84051 -0.473041 1.41272e-20)
(0.849783 -0.447707 5.28151e-20)
(0.858843 -0.423822 -2.86845e-20)
(0.867632 -0.401325 1.3623e-20)
(0.876087 -0.380168 1.06574e-20)
(0.885153 -0.359567 1.09053e-19)
(0.837875 -0.533654 -5.08987e-20)
(0.84666 -0.505068 -8.52052e-20)
(0.855224 -0.478076 -1.07764e-20)
(0.863615 -0.452632 2.03852e-20)
(0.87186 -0.428637 -4.13763e-20)
(0.879903 -0.406031 -5.36829e-20)
(0.887646 -0.384779 2.17508e-20)
(0.896068 -0.36409 -1.16369e-20)
(0.905149 -0.343864 1.2128e-20)
(0.862368 -0.509655 9.38209e-21)
(0.869989 -0.482597 -8.30802e-20)
(0.877499 -0.457082 7.39338e-20)
(0.884928 -0.433013 -2.02251e-20)
(0.892229 -0.410333 5.74601e-20)
(0.89926 -0.389022 1.4597e-20)
(0.906965 -0.368309 -1.77838e-20)
(0.915914 -0.348109 -1.80419e-20)
(0.878101 -0.513689 -1.50288e-21)
(0.884782 -0.486606 7.36022e-20)
(0.891414 -0.461056 -5.26321e-20)
(0.898023 -0.436951 5.52793e-20)
(0.904585 -0.414229 -4.91853e-20)
(0.910902 -0.39287 5.59407e-20)
(0.917654 -0.372132 8.67893e-22)
(0.926391 -0.351967 1.59035e-19)
(0.899583 -0.490103 -7.82529e-20)
(0.90534 -0.464555 9.25222e-21)
(0.911128 -0.440447 -2.76108e-20)
(0.916954 -0.417711 1.07479e-20)
(0.922648 -0.396322 -5.71403e-20)
(0.928474 -0.375928 2.84456e-21)
(0.937031 -0.357355 -3.83505e-20)
(0.914371 -0.493091 4.63591e-20)
(0.919259 -0.46758 3.6048e-20)
(0.924231 -0.443501 1.03271e-20)
(0.929323 -0.420777 -3.25567e-21)
(0.934471 -0.39938 2.83026e-20)
(0.939707 -0.379264 -2.972e-20)
(0.947224 -0.361102 -5.45245e-20)
(0.933157 -0.470133 1.48554e-20)
(0.937327 -0.446111 -6.13584e-21)
(0.941696 -0.423428 4.45898e-20)
(0.946328 -0.40204 -4.94359e-20)
(0.951176 -0.382135 -6.67586e-20)
(0.957676 -0.364354 1.00332e-19)
(0.947018 -0.472219 -1.80005e-20)
(0.950405 -0.448283 -1.04805e-20)
(0.954075 -0.425671 -1.50979e-20)
(0.958197 -0.404327 4.63874e-20)
(0.962707 -0.384612 5.79953e-20)
(0.968387 -0.36716 -4.21502e-23)
(0.963454 -0.450025 -9.17664e-21)
(0.966454 -0.427516 -2.29205e-20)
(0.970064 -0.406255 1.57367e-20)
(0.974197 -0.386717 3.66696e-20)
(0.979136 -0.369509 -4.90107e-20)
(0.978813 -0.428973 1.59866e-20)
(0.981908 -0.407831 -4.22458e-20)
(0.98561 -0.38846 -2.29738e-20)
(0.989807 -0.371431 5.32699e-20)
(0.993705 -0.409059 3.82532e-20)
(0.996929 -0.38985 1.96145e-20)
(1.00038 -0.372963 -4.55842e-20)
(1.00543 -0.409941 -1.71988e-20)
(1.00814 -0.390898 -4.18148e-21)
(1.01086 -0.374136 -1.94918e-20)
(1.01922 -0.391611 1.77939e-20)
(1.02123 -0.374969 -5.70294e-21)
(1.03149 -0.375476 2.49508e-20)
(1.08153 -0.00240665 0)
(1.08163 -0.00717206 0)
(1.08182 -0.0118537 0)
(1.0821 -0.0164683 0)
(1.08245 -0.0210309 0)
(1.08286 -0.0255548 0)
(1.08333 -0.0300519 0)
(1.08384 -0.0345329 0)
(1.08438 -0.0390075 0)
(1.08494 -0.0434842 0)
(1.08552 -0.0479708 0)
(1.0861 -0.0524743 0)
(1.08667 -0.057001 0)
(1.08722 -0.0615566 0)
(1.08775 -0.0661465 0)
(1.08823 -0.0707755 0)
(1.08867 -0.0754479 0)
(1.08906 -0.0801678 0)
(1.08938 -0.0849391 0)
(1.08962 -0.0897653 0)
(1.08979 -0.0946498 0)
(1.08986 -0.0995956 0)
(1.08983 -0.104606 0)
(1.0897 -0.109683 0)
(1.08944 -0.114831 0)
(1.08907 -0.120051 0)
(1.08856 -0.125346 0)
(1.08791 -0.130719 0)
(1.08711 -0.136172 0)
(1.08616 -0.141707 0)
(1.08503 -0.147326 0)
(1.08373 -0.15303 0)
(1.08225 -0.158823 0)
(1.08058 -0.164704 0)
(1.0787 -0.170675 0)
(1.07661 -0.176738 0)
(1.07429 -0.182892 0)
(1.07174 -0.189137 0)
(1.06895 -0.195474 0)
(1.0659 -0.2019 0)
(1.06258 -0.208416 0)
(1.05899 -0.215018 0)
(1.05511 -0.221705 0)
(1.05094 -0.228472 0)
(1.04646 -0.235315 0)
(1.04166 -0.24223 0)
(1.03655 -0.249209 0)
(1.0311 -0.256245 0)
(1.02531 -0.263328 0)
(1.01917 -0.270445 0)
(1.01266 -0.277584 0)
(1.00576 -0.28473 0)
(0.998453 -0.29187 0)
(0.990713 -0.298997 0)
(0.982516 -0.306086 0)
(0.973825 -0.313069 0)
(0.964584 -0.319959 0)
(0.954774 -0.327282 0)
(0.944535 -0.335936 0)
(0.934063 -0.343756 0)
(1.08315 -0.00239399 1.09534e-22)
(1.084 -0.00238697 -2.36611e-23)
(1.08484 -0.00237957 -3.06704e-22)
(1.08568 -0.00237188 7.36167e-22)
(1.08653 -0.00236394 3.8959e-23)
(1.08737 -0.00235581 -1.06129e-21)
(1.08822 -0.00234752 7.77454e-22)
(1.08907 -0.00233912 7.08207e-22)
(1.08992 -0.00233063 -1.95049e-22)
(1.08325 -0.00713681 2.99461e-23)
(1.08409 -0.00711826 6.95654e-23)
(1.08493 -0.00709945 4.27919e-23)
(1.08577 -0.00708046 -8.01166e-22)
(1.08662 -0.00706129 -1.99409e-23)
(1.08746 -0.00704197 3.18323e-22)
(1.08831 -0.00702248 -4.28456e-22)
(1.08915 -0.00700284 1.43658e-21)
(1.09 -0.00698307 -1.13981e-21)
(1.08345 -0.0117954 1.00027e-22)
(1.08429 -0.0117649 -2.26941e-22)
(1.08513 -0.0117338 2.31006e-22)
(1.08598 -0.0117023 9.01996e-22)
(1.08682 -0.0116705 -2.14589e-22)
(1.08766 -0.0116383 -9.18158e-22)
(1.08851 -0.0116057 5.17205e-22)
(1.08936 -0.0115728 -6.63773e-23)
(1.09021 -0.0115396 1.43941e-21)
(1.08374 -0.0163874 -1.7696e-22)
(1.08458 -0.0163452 6.72666e-23)
(1.08542 -0.0163022 -2.13328e-23)
(1.08627 -0.0162588 2.18823e-22)
(1.08711 -0.0162149 -4.45809e-22)
(1.08796 -0.0161705 -2.36098e-22)
(1.08881 -0.0161257 2.74576e-22)
(1.08967 -0.0160805 1.90676e-22)
(1.09052 -0.0160349 2.37798e-22)
(1.0841 -0.020927 3.44798e-22)
(1.08495 -0.020873 5.31871e-22)
(1.0858 -0.0208181 -2.87986e-22)
(1.08664 -0.0207626 -7.02521e-23)
(1.0875 -0.0207064 -6.43508e-22)
(1.08835 -0.0206497 2.89377e-23)
(1.08921 -0.0205925 -6.62352e-22)
(1.09006 -0.0205347 6.31745e-22)
(1.09092 -0.0204764 2.74245e-22)
(1.08453 -0.0254278 -7.98022e-22)
(1.08539 -0.025362 -1.26477e-22)
(1.08624 -0.0252952 1.3553e-22)
(1.08709 -0.0252277 1.22322e-22)
(1.08795 -0.0251594 7.82909e-22)
(1.08881 -0.0250905 -1.59481e-21)
(1.08968 -0.025021 1.25165e-21)
(1.09054 -0.0249508 1.36394e-23)
(1.09141 -0.02488 5.11004e-22)
(1.08502 -0.0299015 2.86597e-23)
(1.08588 -0.0298239 3.51252e-23)
(1.08675 -0.0297452 -1.14392e-22)
(1.08761 -0.0296656 -4.57319e-22)
(1.08847 -0.0295852 -7.11874e-22)
(1.08934 -0.029504 9.22021e-23)
(1.09022 -0.0294221 1.74882e-22)
(1.09109 -0.0293395 6.36048e-22)
(1.09197 -0.0292562 -1.78439e-22)
(1.08555 -0.034359 4.345e-22)
(1.08643 -0.0342694 -1.67025e-22)
(1.0873 -0.0341787 -8.43851e-22)
(1.08817 -0.0340869 1.00415e-21)
(1.08905 -0.0339944 5.02546e-22)
(1.08993 -0.0339009 4.82503e-22)
(1.09082 -0.0338067 -8.57969e-22)
(1.0917 -0.0337116 1.13936e-21)
(1.0926 -0.0336158 -3.61063e-22)
(1.09349 -0.0335193 1.84946e-22)
(1.08612 -0.0388096 5.29788e-23)
(1.08701 -0.0387081 -2.80454e-22)
(1.0879 -0.0386052 1.38713e-22)
(1.08878 -0.0385012 -4.5298e-22)
(1.08967 -0.0383964 -7.72007e-22)
(1.09057 -0.0382906 -3.28694e-22)
(1.09147 -0.0381839 6.91919e-22)
(1.09237 -0.0380763 3.43816e-22)
(1.09327 -0.037968 -4.1794e-23)
(1.09418 -0.0378588 -1.50132e-21)
(1.08672 -0.043262 1.85804e-22)
(1.08763 -0.0431484 6.7131e-22)
(1.08853 -0.0430332 -4.44191e-23)
(1.08943 -0.042917 7.68323e-22)
(1.09033 -0.0427997 -5.10018e-23)
(1.09124 -0.0426815 1.05061e-22)
(1.09215 -0.0425623 -1.16137e-21)
(1.09307 -0.0424421 1.19671e-21)
(1.09399 -0.0423211 -1.55019e-21)
(1.09492 -0.0421992 1.93148e-22)
(1.08733 -0.047724 3.67427e-22)
(1.08826 -0.0475981 -1.34661e-21)
(1.08918 -0.0474705 1.36942e-21)
(1.09009 -0.0473418 -1.5503e-21)
(1.09101 -0.047212 -1.21937e-21)
(1.09194 -0.0470812 -1.19156e-21)
(1.09287 -0.0469494 4.95657e-22)
(1.09381 -0.0468165 -1.02231e-21)
(1.09475 -0.0466827 -7.04431e-22)
(1.09569 -0.0465481 1.3693e-21)
(1.08795 -0.0522025 -7.74657e-22)
(1.0889 -0.0520642 1.27471e-21)
(1.08984 -0.051924 -2.9894e-21)
(1.09077 -0.0517826 1.1557e-21)
(1.09171 -0.0516402 -2.20403e-22)
(1.09266 -0.0514967 1.15379e-21)
(1.09361 -0.051352 9.17035e-22)
(1.09457 -0.0512064 2.15356e-21)
(1.09553 -0.0510597 -5.06351e-22)
(1.09649 -0.050912 1.274e-21)
(1.08857 -0.0567039 1.67276e-21)
(1.08954 -0.0565529 -1.46907e-22)
(1.0905 -0.0564 2.03981e-21)
(1.09146 -0.0562458 6.57514e-22)
(1.09242 -0.0560905 3.43158e-22)
(1.09338 -0.0559341 5.78306e-22)
(1.09436 -0.0557765 -6.42831e-22)
(1.09534 -0.0556178 1.22505e-21)
(1.09632 -0.0554581 -4.12454e-22)
(1.09731 -0.0552974 -2.87282e-21)
(1.08917 -0.0612338 -2.63636e-21)
(1.09017 -0.06107 -1.4884e-21)
(1.09115 -0.0609042 1.14002e-21)
(1.09213 -0.060737 -9.2225e-22)
(1.09312 -0.0605687 1.27832e-21)
(1.09411 -0.0603992 1.99601e-22)
(1.09511 -0.0602285 1.13228e-21)
(1.09611 -0.0600566 -1.89745e-21)
(1.09712 -0.0598836 -2.88329e-21)
(1.09813 -0.0597096 3.7942e-21)
(1.08975 -0.0657976 2.07873e-21)
(1.09078 -0.0656208 4.02171e-22)
(1.09179 -0.0654419 -2.25989e-21)
(1.0928 -0.0652615 1.80552e-21)
(1.09381 -0.06508 -6.88405e-22)
(1.09483 -0.0648972 1.61242e-21)
(1.09585 -0.0647132 -6.95795e-22)
(1.09688 -0.0645279 8.84121e-22)
(1.09792 -0.0643415 1.03223e-21)
(1.09896 -0.064154 -2.11168e-22)
(1.0903 -0.0704001 -6.89532e-22)
(1.09136 -0.0702101 -1.44075e-22)
(1.0924 -0.0700178 1.85436e-21)
(1.09343 -0.0698241 -9.01912e-22)
(1.09447 -0.0696291 -1.44324e-21)
(1.09552 -0.0694329 -3.02815e-21)
(1.09658 -0.0692353 6.66365e-22)
(1.09764 -0.0690364 -1.331e-21)
(1.09871 -0.0688363 1.68326e-21)
(1.09978 -0.0686351 2.77178e-22)
(1.0908 -0.0750457 1.21777e-21)
(1.0919 -0.0748424 2.85781e-21)
(1.09298 -0.0746365 -2.37195e-21)
(1.09404 -0.0744292 8.4522e-22)
(1.09511 -0.0742206 7.15695e-22)
(1.09619 -0.0740107 -5.60792e-22)
(1.09728 -0.0737993 2.30629e-23)
(1.09838 -0.0735866 6.75e-22)
(1.09948 -0.0733726 -3.00012e-21)
(1.10058 -0.0731575 -1.10735e-21)
(1.09126 -0.0797386 -4.7844e-22)
(1.09239 -0.0795217 -2.39764e-21)
(1.09351 -0.0793021 1.03282e-21)
(1.09461 -0.079081 -4.83318e-22)
(1.09571 -0.0788585 8.25103e-22)
(1.09683 -0.0786347 3.0812e-21)
(1.09795 -0.0784093 -2.28159e-21)
(1.09908 -0.0781826 5.78081e-23)
(1.10022 -0.0779545 -1.86405e-22)
(1.10136 -0.0777251 1.29884e-21)
(1.09165 -0.0844826 -9.98771e-22)
(1.09283 -0.084252 -1.03795e-21)
(1.09399 -0.0840185 1.91778e-21)
(1.09513 -0.0837833 -1.29242e-21)
(1.09627 -0.0835468 -1.02995e-21)
(1.09742 -0.0833088 -7.57282e-22)
(1.09859 -0.0830692 8.79094e-22)
(1.09976 -0.0828282 -1.40652e-21)
(1.10093 -0.0825857 2.90915e-21)
(1.10211 -0.0823418 6.45728e-22)
(1.09198 -0.0892813 1.95727e-22)
(1.09321 -0.0890368 3.28914e-21)
(1.09441 -0.0887892 -5.28831e-22)
(1.09559 -0.0885399 2.48084e-21)
(1.09677 -0.0882891 1.03426e-21)
(1.09797 -0.0880367 -2.94747e-21)
(1.09917 -0.0877827 1.33087e-21)
(1.10038 -0.087527 1.36607e-21)
(1.1016 -0.0872699 -3.22692e-22)
(1.10282 -0.0870112 -2.54921e-21)
(1.09223 -0.0941381 1.18249e-21)
(1.09351 -0.0938797 -3.00338e-21)
(1.09476 -0.0936178 -1.69017e-21)
(1.09598 -0.093354 -2.57745e-21)
(1.09721 -0.0930888 -1.72891e-21)
(1.09846 -0.0928218 1.79118e-21)
(1.09971 -0.0925531 -1.3639e-22)
(1.10096 -0.0922826 -2.41836e-22)
(1.10222 -0.0920105 -1.69767e-21)
(1.10349 -0.0917368 1.83193e-21)
(1.0924 -0.0990562 -2.41329e-21)
(1.09373 -0.0987837 8.39541e-22)
(1.09503 -0.0985075 1.17519e-21)
(1.09631 -0.0982292 1.01246e-21)
(1.09759 -0.0979493 1.85234e-21)
(1.09888 -0.0976676 -1.84776e-21)
(1.10018 -0.0973839 -1.68733e-21)
(1.10148 -0.0970983 1.46557e-21)
(1.10279 -0.096811 3.57495e-22)
(1.10411 -0.0965219 -4.00646e-21)
(1.09247 -0.104039 1.83271e-21)
(1.09387 -0.103752 -5.2854e-23)
(1.09523 -0.103462 -9.20658e-23)
(1.09655 -0.103169 -7.75049e-22)
(1.09788 -0.102874 -2.14775e-21)
(1.09923 -0.102577 1.44514e-21)
(1.10058 -0.102278 1.93955e-21)
(1.10194 -0.101977 8.61786e-22)
(1.1033 -0.101674 -1.7462e-21)
(1.10467 -0.10137 2.56265e-21)
(1.09244 -0.109089 7.23621e-22)
(1.09391 -0.108788 -1.75525e-22)
(1.09533 -0.108483 -1.55232e-21)
(1.09671 -0.108175 1.15734e-21)
(1.0981 -0.107865 -3.91243e-23)
(1.0995 -0.107554 1.23878e-21)
(1.10091 -0.107239 1.04649e-21)
(1.10233 -0.106923 5.2519e-22)
(1.10375 -0.106604 2.42355e-21)
(1.10517 -0.106283 7.39769e-22)
(1.09231 -0.114209 -1.0382e-21)
(1.09384 -0.113895 3.56285e-23)
(1.09533 -0.113575 -1.52423e-21)
(1.09678 -0.113252 -8.13719e-22)
(1.09823 -0.112927 1.20532e-21)
(1.09969 -0.1126 -2.28099e-21)
(1.10116 -0.11227 -3.07726e-21)
(1.10264 -0.111938 6.02256e-22)
(1.10412 -0.111603 -2.00614e-21)
(1.1056 -0.111266 -3.03783e-21)
(1.09206 -0.119403 1.92421e-21)
(1.09367 -0.119074 2.78292e-22)
(1.09523 -0.11874 5.36674e-21)
(1.09674 -0.118402 4.18408e-22)
(1.09826 -0.118062 3.25643e-21)
(1.09979 -0.11772 2.66501e-21)
(1.10132 -0.117374 2.92873e-21)
(1.10287 -0.117026 -1.82976e-21)
(1.10441 -0.116675 6.27529e-22)
(1.10596 -0.116321 1.54185e-21)
(1.09168 -0.124672 -1.05216e-21)
(1.09338 -0.12433 1.09873e-21)
(1.09502 -0.123981 -8.73795e-22)
(1.0966 -0.123629 -7.57005e-22)
(1.09819 -0.123274 -7.69534e-21)
(1.09979 -0.122916 -2.02951e-21)
(1.10139 -0.122554 -1.25083e-21)
(1.10301 -0.122189 1.87516e-21)
(1.10462 -0.121822 -8.723e-22)
(1.10624 -0.121451 2.09616e-23)
(1.09117 -0.13002 3.50329e-22)
(1.09296 -0.129664 -1.07011e-21)
(1.09469 -0.129301 -1.5288e-22)
(1.09635 -0.128934 4.21803e-22)
(1.09801 -0.128564 2.87289e-21)
(1.09968 -0.128191 2.02603e-21)
(1.10137 -0.127813 2.87927e-21)
(1.10305 -0.127432 1.72557e-21)
(1.10474 -0.127047 3.93818e-22)
(1.10644 -0.126659 1.83546e-21)
(1.09053 -0.135449 -2.48596e-21)
(1.09241 -0.13508 4.01509e-22)
(1.09423 -0.134704 9.21017e-23)
(1.09597 -0.134322 1.97383e-21)
(1.09771 -0.133937 -3.76951e-22)
(1.09947 -0.133548 -4.59465e-21)
(1.10123 -0.133154 -1.96414e-21)
(1.103 -0.132757 -3.49077e-21)
(1.10477 -0.132355 -4.82795e-22)
(1.10655 -0.131949 4.13747e-22)
(1.08973 -0.140961 2.76338e-21)
(1.09172 -0.140581 -1.36971e-21)
(1.09363 -0.14019 -1.37195e-22)
(1.09547 -0.139795 -3.05293e-21)
(1.09729 -0.139395 1.23231e-21)
(1.09914 -0.138991 -1.44176e-21)
(1.10099 -0.138581 2.99706e-21)
(1.10285 -0.138167 9.81875e-23)
(1.1047 -0.137748 6.30942e-23)
(1.10656 -0.137324 -3.49297e-21)
(1.08878 -0.14656 -1.83034e-21)
(1.09088 -0.146168 1.93134e-21)
(1.0929 -0.145765 -4.55111e-21)
(1.09483 -0.145355 3.66534e-21)
(1.09675 -0.144941 -2.1951e-21)
(1.09869 -0.144522 6.17077e-21)
(1.10064 -0.144096 -7.32962e-21)
(1.10258 -0.143665 3.41512e-21)
(1.10453 -0.143229 -5.96744e-21)
(1.10648 -0.142787 8.47859e-21)
(1.08767 -0.152246 -1.90574e-21)
(1.08989 -0.151844 7.9583e-22)
(1.09202 -0.151429 4.88191e-21)
(1.09405 -0.151006 -3.1302e-21)
(1.09607 -0.150578 2.7589e-21)
(1.09811 -0.150144 -6.04826e-21)
(1.10016 -0.149703 7.21959e-21)
(1.1022 -0.149256 -3.42136e-21)
(1.10425 -0.148802 4.85928e-21)
(1.10629 -0.148342 -6.62233e-21)
(1.08638 -0.158024 1.678e-21)
(1.08873 -0.157612 -3.22207e-22)
(1.09098 -0.157186 -2.5696e-21)
(1.09312 -0.156751 1.92729e-21)
(1.09525 -0.15631 1.05055e-21)
(1.0974 -0.155861 6.75072e-21)
(1.09955 -0.155405 -5.36569e-21)
(1.1017 -0.154941 3.75715e-21)
(1.10385 -0.15447 -5.07511e-21)
(1.106 -0.153992 5.34346e-21)
(1.08491 -0.163893 4.73212e-22)
(1.08739 -0.163474 -7.10757e-22)
(1.08978 -0.163038 1.49936e-21)
(1.09204 -0.162592 3.58329e-22)
(1.09428 -0.162138 -3.39566e-21)
(1.09654 -0.161676 -6.56643e-21)
(1.09881 -0.161205 8.53032e-22)
(1.10107 -0.160725 -5.10208e-22)
(1.10333 -0.160237 7.38169e-21)
(1.10559 -0.15974 -2.40577e-22)
(1.08324 -0.169857 -9.80715e-22)
(1.08588 -0.169432 4.0663e-22)
(1.0884 -0.168988 -1.49303e-21)
(1.09079 -0.168532 -3.8067e-22)
(1.09315 -0.168067 3.81969e-21)
(1.09554 -0.167592 8.63345e-23)
(1.09793 -0.167106 3.6105e-21)
(1.10031 -0.166611 -6.05381e-22)
(1.10269 -0.166106 3.33636e-22)
(1.10506 -0.165591 -1.57393e-21)
(1.08138 -0.175917 1.03791e-22)
(1.08417 -0.175488 -3.00086e-22)
(1.08685 -0.175037 4.07784e-22)
(1.08937 -0.174573 -2.83131e-21)
(1.09186 -0.174098 -2.92589e-21)
(1.09438 -0.173611 6.33064e-21)
(1.0969 -0.173113 -1.18588e-21)
(1.09942 -0.172602 -3.59139e-21)
(1.10192 -0.17208 -5.22031e-21)
(1.10442 -0.171548 2.40987e-21)
(1.07931 -0.182075 4.13912e-23)
(1.08227 -0.181644 3.48088e-23)
(1.08511 -0.181189 -1.25521e-21)
(1.08777 -0.180718 9.13674e-22)
(1.0904 -0.180235 1.84785e-21)
(1.09306 -0.179738 -3.83392e-21)
(1.09572 -0.179227 -1.8898e-21)
(1.09837 -0.178703 4.7338e-21)
(1.10101 -0.178165 3.80963e-22)
(1.10364 -0.177615 -2.13933e-21)
(1.07701 -0.18833 -1.44025e-22)
(1.08016 -0.187902 -1.41333e-22)
(1.08317 -0.187445 9.72055e-22)
(1.08598 -0.18697 1.28175e-21)
(1.08877 -0.18648 -1.23952e-21)
(1.09157 -0.185975 3.92185e-23)
(1.09438 -0.185453 -9.79706e-23)
(1.09718 -0.184915 -2.45013e-21)
(1.09996 -0.184362 4.68214e-21)
(1.10273 -0.183795 2.90887e-21)
(1.07449 -0.194685 -3.58036e-22)
(1.07782 -0.194262 1.9709e-23)
(1.08102 -0.193806 1.7449e-22)
(1.084 -0.19333 4.31475e-22)
(1.08694 -0.192836 4.30694e-22)
(1.08991 -0.192324 -1.64436e-21)
(1.09288 -0.191793 8.36754e-22)
(1.09583 -0.191244 -1.67778e-21)
(1.09876 -0.190677 -8.11293e-21)
(1.10168 -0.190093 1.77096e-21)
(1.07172 -0.201139 1.78214e-21)
(1.07526 -0.200726 -8.17272e-23)
(1.07865 -0.200275 -1.53517e-22)
(1.08181 -0.1998 -7.50293e-22)
(1.08492 -0.199305 5.88101e-22)
(1.08805 -0.198789 1.30127e-21)
(1.09119 -0.198251 -3.78272e-21)
(1.09431 -0.197692 2.89016e-21)
(1.09741 -0.197112 1.6292e-21)
(1.10049 -0.196513 -4.43933e-21)
(1.10356 -0.195895 3.18693e-21)
(1.0687 -0.207693 6.4496e-22)
(1.07246 -0.207294 1.36858e-21)
(1.07606 -0.206852 -9.72452e-23)
(1.07941 -0.206382 5.56439e-22)
(1.08269 -0.20589 9.07462e-22)
(1.08601 -0.205373 1.95613e-21)
(1.08933 -0.20483 5.05516e-21)
(1.09262 -0.204263 2.59002e-21)
(1.0959 -0.203673 5.19657e-21)
(1.09915 -0.203059 4.28194e-21)
(1.10238 -0.202424 -4.01287e-21)
(1.06541 -0.214345 9.07541e-22)
(1.0694 -0.213966 -1.06943e-21)
(1.07324 -0.213538 1.27212e-21)
(1.07678 -0.213078 -1.38208e-22)
(1.08025 -0.212592 -9.50557e-22)
(1.08376 -0.212077 -1.98007e-21)
(1.08727 -0.211533 -3.45308e-21)
(1.09076 -0.21096 -8.57497e-22)
(1.09421 -0.210361 -4.47345e-21)
(1.09765 -0.209736 -1.22365e-21)
(1.10106 -0.209085 -4.04557e-21)
(1.06185 -0.221095 -6.01676e-21)
(1.06609 -0.220742 -2.67166e-21)
(1.07016 -0.220334 3.80266e-22)
(1.07391 -0.219889 -6.7913e-22)
(1.07759 -0.219413 1.46485e-22)
(1.08131 -0.218905 1.86119e-21)
(1.08502 -0.218362 6.07112e-22)
(1.08871 -0.217788 -3.22751e-21)
(1.09236 -0.217182 8.24992e-22)
(1.09598 -0.216546 -4.95161e-21)
(1.09959 -0.215881 7.31972e-21)
(1.05801 -0.22794 1.37732e-21)
(1.06251 -0.227621 4.70653e-21)
(1.06683 -0.227239 4.76266e-22)
(1.07081 -0.226815 2.17986e-21)
(1.0747 -0.226355 3.25433e-22)
(1.07863 -0.225858 -5.88879e-22)
(1.08256 -0.225322 4.74888e-22)
(1.08646 -0.224748 4.18632e-21)
(1.09032 -0.224139 -2.00704e-21)
(1.09415 -0.223495 -1.35964e-21)
(1.09795 -0.222818 -5.81703e-21)
(1.05387 -0.23488 5.47487e-21)
(1.05865 -0.234602 -4.78227e-21)
(1.06324 -0.234254 -3.07672e-21)
(1.06745 -0.233857 -9.7721e-23)
(1.07157 -0.233419 -3.66731e-22)
(1.07573 -0.232938 -1.35843e-23)
(1.07989 -0.232413 1.12011e-21)
(1.08401 -0.231845 -1.27155e-21)
(1.08809 -0.231236 2.93065e-21)
(1.09214 -0.230587 1.34297e-21)
(1.09616 -0.2299 -1.4516e-21)
(1.04943 -0.24191 -5.46803e-21)
(1.0545 -0.241683 -1.476e-21)
(1.05938 -0.241376 2.97375e-21)
(1.06383 -0.241014 -1.02636e-21)
(1.06819 -0.240606 6.16264e-22)
(1.0726 -0.240147 4.32112e-22)
(1.077 -0.239638 -3.22518e-22)
(1.08136 -0.23908 -1.96027e-21)
(1.08567 -0.238476 -2.73517e-22)
(1.08995 -0.237826 1.17099e-21)
(1.0942 -0.237132 -2.32798e-21)
(1.04467 -0.249026 9.90757e-22)
(1.05005 -0.24886 9.4664e-21)
(1.05523 -0.248605 -2.98355e-21)
(1.05994 -0.248286 -4.478e-21)
(1.06456 -0.247915 -4.54894e-22)
(1.06922 -0.247486 1.66495e-23)
(1.07388 -0.247 -2.13465e-22)
(1.07849 -0.246458 1.06563e-21)
(1.08305 -0.245863 -1.95339e-22)
(1.08758 -0.245216 2.38452e-21)
(1.09206 -0.244519 5.82822e-21)
(1.03959 -0.256223 -1.82501e-21)
(1.04529 -0.25613 -1.24119e-20)
(1.05079 -0.255936 7.30015e-21)
(1.05577 -0.255671 3.34028e-21)
(1.06066 -0.255345 2.41886e-21)
(1.0656 -0.254955 9.18146e-22)
(1.07053 -0.254498 6.80153e-22)
(1.0754 -0.253979 1.27498e-22)
(1.08023 -0.2534 -8.46203e-22)
(1.08501 -0.252761 1.89594e-21)
(1.08975 -0.252065 -1.72225e-21)
(1.03418 -0.263494 2.24163e-21)
(1.04021 -0.263485 -5.52011e-22)
(1.04604 -0.263365 -1.65462e-21)
(1.05132 -0.263165 -1.61678e-21)
(1.05649 -0.262895 -3.215e-21)
(1.06171 -0.262552 -8.27863e-22)
(1.06693 -0.262135 5.30556e-22)
(1.07208 -0.261646 -6.20619e-22)
(1.07718 -0.261088 -6.36601e-23)
(1.08224 -0.260464 4.48491e-22)
(1.08725 -0.259774 -3.44101e-22)
(1.02842 -0.270828 8.93059e-21)
(1.03481 -0.270919 -1.73441e-22)
(1.04099 -0.270885 3.01894e-21)
(1.04656 -0.270763 1.06225e-21)
(1.05203 -0.270561 3.63216e-21)
(1.05755 -0.270276 2.28895e-21)
(1.06307 -0.269907 7.85494e-22)
(1.06852 -0.269457 -2.00833e-23)
(1.07391 -0.26893 1.35516e-22)
(1.07926 -0.268327 -2.34449e-21)
(1.08455 -0.26765 -5.30474e-22)
(1.02229 -0.278215 -1.8337e-20)
(1.02906 -0.278421 -1.03092e-21)
(1.0356 -0.278489 -1.8681e-20)
(1.04149 -0.278457 8.69594e-21)
(1.04727 -0.278337 -3.19971e-21)
(1.05311 -0.278123 -3.15751e-21)
(1.05895 -0.277813 -3.01778e-21)
(1.06471 -0.277413 -6.55237e-22)
(1.07041 -0.276925 8.58391e-22)
(1.07606 -0.276351 -1.54371e-22)
(1.08165 -0.275693 -2.0444e-21)
(1.0158 -0.285641 1.9399e-20)
(1.02295 -0.285978 6.41534e-21)
(1.02987 -0.286163 4.48618e-21)
(1.03609 -0.286239 -1.88927e-21)
(1.04219 -0.286216 7.38274e-21)
(1.04837 -0.286085 -1.92603e-21)
(1.05454 -0.285847 1.34103e-21)
(1.06063 -0.285508 1.73567e-22)
(1.06666 -0.285071 -2.3248e-22)
(1.07262 -0.284536 -9.85265e-23)
(1.07854 -0.283906 4.06574e-21)
(1.0089 -0.293092 -1.09104e-20)
(1.01646 -0.293574 -1.73492e-21)
(1.02378 -0.293894 1.76219e-20)
(1.03034 -0.294096 -1.22943e-20)
(1.03678 -0.294185 -1.16928e-20)
(1.04331 -0.294154 6.60712e-21)
(1.04983 -0.294003 1.09128e-21)
(1.05627 -0.293739 -4.23252e-23)
(1.06263 -0.293364 -1.11498e-21)
(1.06894 -0.292879 -2.43222e-22)
(1.07519 -0.292287 -3.11611e-21)
(1.0016 -0.300554 4.1604e-22)
(1.00958 -0.301195 8.00908e-22)
(1.0173 -0.301667 -1.67996e-20)
(1.02422 -0.302013 5.65738e-21)
(1.03102 -0.302233 6.9131e-21)
(1.03792 -0.302317 -5.40202e-21)
(1.0448 -0.30227 -5.91825e-22)
(1.0516 -0.302096 9.30974e-22)
(1.05833 -0.301797 2.41895e-23)
(1.065 -0.301376 1.0015e-22)
(1.0716 -0.300834 2.20939e-21)
(0.993864 -0.308007 -8.57279e-21)
(1.00229 -0.308819 2.15259e-20)
(1.01041 -0.309462 9.14141e-21)
(1.01769 -0.309973 -2.72422e-21)
(1.02487 -0.310343 -1.19086e-20)
(1.03216 -0.310561 3.17189e-21)
(1.03943 -0.310634 -1.06768e-21)
(1.04661 -0.310568 -3.26917e-21)
(1.05371 -0.310363 -8.7938e-22)
(1.06076 -0.31002 -1.42069e-22)
(1.06774 -0.309541 -2.4878e-21)
(0.985703 -0.315394 4.08121e-21)
(0.994567 -0.316401 -3.51997e-20)
(1.00308 -0.317246 -1.41987e-20)
(1.01073 -0.317951 1.45719e-20)
(1.01832 -0.318492 5.34473e-21)
(1.02602 -0.318865 -6.98437e-21)
(1.03368 -0.31908 9.29025e-23)
(1.04125 -0.319142 1.67007e-22)
(1.04876 -0.319049 1.26569e-21)
(1.05621 -0.318801 1.37982e-21)
(1.06358 -0.318404 1.47786e-21)
(0.977108 -0.322663 -7.75063e-21)
(0.98641 -0.323884 1.27027e-20)
(0.995289 -0.324972 1.06519e-20)
(1.00332 -0.325911 -6.81988e-21)
(1.01133 -0.326655 1.96457e-20)
(1.01946 -0.327209 -9.09904e-22)
(1.02754 -0.327593 -1.04408e-20)
(1.03552 -0.327808 7.71853e-21)
(1.04345 -0.327851 5.53503e-23)
(1.05133 -0.327723 -2.25361e-21)
(1.05913 -0.327429 -5.00134e-22)
(0.968079 -0.32998 -1.22668e-20)
(0.977795 -0.331323 2.98754e-20)
(0.986989 -0.332662 -6.4279e-21)
(0.995417 -0.333867 -1.94167e-21)
(1.00389 -0.334851 -1.09668e-21)
(1.01246 -0.335632 -2.5121e-21)
(1.02097 -0.336228 5.25189e-21)
(1.0294 -0.336636 -7.55019e-21)
(1.03779 -0.336852 4.74827e-21)
(1.04613 -0.336879 -1.15296e-21)
(1.05439 -0.336721 -1.2808e-22)
(0.958843 -0.337625 2.7317e-20)
(0.968887 -0.338769 -2.62223e-20)
(0.978327 -0.340225 1.09918e-20)
(0.98724 -0.341642 6.0885e-21)
(0.996265 -0.342878 -1.67826e-21)
(1.00533 -0.343939 -7.91208e-21)
(1.01433 -0.344817 4.82832e-21)
(1.02328 -0.345489 8.04654e-21)
(1.03219 -0.345948 -4.4083e-21)
(1.04104 -0.346194 -1.67684e-21)
(1.04984 -0.346229 -1.01565e-22)
(0.949858 -0.345269 -2.60253e-20)
(0.959769 -0.346603 -2.61874e-20)
(0.969365 -0.348371 7.10012e-21)
(0.978943 -0.350123 -6.76312e-21)
(0.988677 -0.351728 -2.99366e-20)
(0.998403 -0.353163 2.67085e-21)
(1.00806 -0.35439 9.56589e-21)
(1.01766 -0.355378 -2.5577e-21)
(1.0272 -0.356118 -1.39771e-21)
(1.03667 -0.356607 9.09975e-21)
(1.04605 -0.356845 1.1365e-21)
)
;

boundaryField
{
    inlet
    {
        type            uniformFixedValue;
        uniformValue    constant (1 0 0);
        value           nonuniform 0();
    }
    outlet
    {
        type            pressureInletOutletVelocity;
        value           nonuniform 0();
    }
    cylinder
    {
        type            fixedValue;
        value           nonuniform 0();
    }
    top
    {
        type            symmetryPlane;
    }
    bottom
    {
        type            symmetryPlane;
    }
    defaultFaces
    {
        type            empty;
    }
    procBoundary3to2
    {
        type            processor;
        value           nonuniform List<vector> 
109
(
(0.448147 -0.0293962 9.22162e-21)
(0.449497 -0.04895 -2.30452e-20)
(0.451518 -0.0684383 -5.96434e-21)
(0.454209 -0.087835 1.01121e-21)
(0.457563 -0.107114 -1.51036e-20)
(0.461576 -0.126251 2.55089e-20)
(0.466242 -0.145219 -9.56356e-21)
(0.466242 -0.145219 -9.56356e-21)
(0.503657 -0.15436 -2.87665e-20)
(0.509209 -0.171837 2.2631e-20)
(0.515347 -0.189088 -9.19872e-20)
(0.522059 -0.206093 8.03364e-20)
(0.529335 -0.222829 1.86135e-20)
(0.537164 -0.239276 -3.70965e-20)
(0.545532 -0.255413 1.04233e-19)
(0.545532 -0.255413 1.04233e-19)
(0.581386 -0.255516 -2.1692e-19)
(0.590179 -0.270107 6.16607e-20)
(0.599436 -0.284357 -3.54321e-20)
(0.609143 -0.298249 2.34479e-20)
(0.619285 -0.311768 1.94494e-19)
(0.619285 -0.311768 1.94494e-19)
(0.652209 -0.306378 -4.68276e-21)
(0.662469 -0.318425 -1.92512e-19)
(0.673092 -0.330085 2.67832e-19)
(0.684061 -0.341347 -7.34407e-20)
(0.684061 -0.341347 -7.34407e-20)
(0.713822 -0.332434 1.49241e-19)
(0.724702 -0.34234 -1.43657e-19)
(0.73586 -0.351849 -6.75375e-20)
(0.73586 -0.351849 -6.75375e-20)
(0.762711 -0.340998 -2.96971e-20)
(0.773659 -0.349277 -3.00769e-20)
(0.784826 -0.357169 6.8045e-20)
(0.784826 -0.357169 6.8045e-20)
(0.808834 -0.344827 -1.56675e-19)
(0.819696 -0.351629 -5.03338e-20)
(0.83072 -0.358066 1.31655e-19)
(0.83072 -0.358066 1.31655e-19)
(0.852789 -0.344105 -3.26459e-20)
(0.863478 -0.349579 1.48269e-19)
(0.863478 -0.349579 1.48269e-19)
(0.883952 -0.334902 1.49563e-19)
(0.894487 -0.339495 -1.92631e-20)
(0.894487 -0.339495 -1.92631e-20)
(0.903035 -0.33244 -5.90795e-21)
(0.913327 -0.337156 5.49665e-22)
(0.923904 -0.341043 -1.57934e-20)
(0.923904 -0.341043 -1.57934e-20)
(1.07908 -0.00237641 0)
(1.07917 -0.00708362 0)
(1.07934 -0.0117064 0)
(1.07959 -0.0162611 0)
(1.0799 -0.0207621 0)
(1.08026 -0.0252221 0)
(1.08067 -0.0296524 0)
(1.08112 -0.0340633 0)
(1.08159 -0.0384639 0)
(1.08207 -0.0428621 0)
(1.08256 -0.0472654 0)
(1.08305 -0.0516803 0)
(1.08352 -0.0561125 0)
(1.08397 -0.0605674 0)
(1.08439 -0.0650497 0)
(1.08477 -0.0695637 0)
(1.08509 -0.0741134 0)
(1.08535 -0.0787022 0)
(1.08554 -0.0833334 0)
(1.08566 -0.0880099 0)
(1.08568 -0.0927344 0)
(1.08562 -0.0975093 0)
(1.08545 -0.102337 0)
(1.08516 -0.107219 0)
(1.08476 -0.112158 0)
(1.08423 -0.117155 0)
(1.08356 -0.122212 0)
(1.08275 -0.12733 0)
(1.08179 -0.13251 0)
(1.08067 -0.137753 0)
(1.07938 -0.14306 0)
(1.07791 -0.14843 0)
(1.07625 -0.153865 0)
(1.07441 -0.159364 0)
(1.07235 -0.164926 0)
(1.07009 -0.17055 0)
(1.0676 -0.176235 0)
(1.06489 -0.181979 0)
(1.06193 -0.187779 0)
(1.05872 -0.193632 0)
(1.05525 -0.199535 0)
(1.05152 -0.205482 0)
(1.0475 -0.211469 0)
(1.0432 -0.21749 0)
(1.03861 -0.223538 0)
(1.03371 -0.229608 0)
(1.02851 -0.235689 0)
(1.023 -0.241774 0)
(1.01717 -0.247853 0)
(1.01102 -0.253913 0)
(1.00454 -0.259942 0)
(0.997719 -0.265923 0)
(0.99054 -0.271842 0)
(0.982978 -0.277683 0)
(0.974999 -0.283414 0)
(0.966564 -0.288968 0)
(0.957643 -0.294344 0)
(0.948172 -0.299898 0)
(0.937922 -0.306109 0)
(0.926451 -0.311178 0)
)
;
    }
    procBoundary3to4
    {
        type            processor;
        value           nonuniform List<vector> 
130
(
(0.0239489 -0.0253531 -2.04923e-21)
(0.0252368 -0.0421943 -2.71915e-20)
(0.0271641 -0.0589444 6.98315e-20)
(0.0297251 -0.0755672 -1.69078e-20)
(0.0329123 -0.0920267 6.72177e-20)
(0.0778611 -0.147036 1.10227e-19)
(0.0778611 -0.147036 1.10227e-19)
(0.0837498 -0.168871 -8.64439e-20)
(0.0904354 -0.190373 -4.03127e-20)
(0.0979 -0.211499 -1.26247e-19)
(0.106124 -0.232207 1.02396e-19)
(0.115086 -0.252458 6.54572e-20)
(0.124761 -0.272211 -4.85669e-20)
(0.135124 -0.291428 -1.15119e-19)
(0.146147 -0.310071 1.81868e-19)
(0.214234 -0.375796 -1.74993e-20)
(0.214234 -0.375796 -1.74993e-20)
(0.228144 -0.396068 -4.92266e-20)
(0.242719 -0.415623 9.1509e-20)
(0.257923 -0.434428 -9.55072e-20)
(0.273719 -0.45245 2.10635e-19)
(0.344677 -0.4948 -1.03651e-20)
(0.344677 -0.4948 -1.03651e-20)
(0.362373 -0.512568 -1.26222e-19)
(0.380595 -0.529482 1.6818e-19)
(0.445228 -0.547725 -2.06609e-19)
(0.445228 -0.547725 -2.06609e-19)
(0.464425 -0.563472 -5.19753e-20)
(0.484056 -0.578348 2.41354e-19)
(0.504081 -0.592331 -4.76792e-20)
(0.560263 -0.591626 -3.53615e-20)
(0.560263 -0.591626 -3.53615e-20)
(0.580478 -0.604063 1.29186e-19)
(0.600987 -0.61563 -1.12026e-19)
(0.648285 -0.602362 -5.7853e-20)
(0.648285 -0.602362 -5.7853e-20)
(0.668452 -0.612283 2.54179e-20)
(0.708613 -0.592162 -8.17633e-20)
(0.708613 -0.592162 -8.17633e-20)
(0.72813 -0.600438 1.01341e-20)
(0.762554 -0.576815 2.69769e-20)
(0.762554 -0.576815 2.69769e-20)
(0.781233 -0.583536 -1.58912e-21)
(0.799997 -0.58955 -1.87908e-20)
(0.828725 -0.563733 -2.85224e-20)
(0.828725 -0.563733 -2.85224e-20)
(0.854589 -0.538291 -1.53552e-21)
(0.854589 -0.538291 -1.53552e-21)
(0.871321 -0.542329 1.07736e-20)
(0.893836 -0.517171 -1.99138e-20)
(0.893836 -0.517171 -1.99138e-20)
(0.909549 -0.520106 1.51948e-20)
(0.929126 -0.495575 6.7669e-21)
(0.929126 -0.495575 6.7669e-21)
(0.94383 -0.497559 8.1727e-21)
(0.960825 -0.473845 -2.38004e-20)
(0.960825 -0.473845 -2.38004e-20)
(0.976457 -0.451346 1.46203e-20)
(0.976457 -0.451346 1.46203e-20)
(0.99113 -0.430049 1.0209e-20)
(0.99113 -0.430049 1.0209e-20)
(1.00338 -0.430752 -4.47613e-21)
(1.01706 -0.410483 -6.0685e-21)
(1.01706 -0.410483 -6.0685e-21)
(1.03017 -0.391995 1.06046e-20)
(1.03017 -0.391995 1.06046e-20)
(1.04163 -0.375669 8.77392e-21)
(1.04163 -0.375669 8.77392e-21)
(1.09077 -0.0023221 1.80579e-21)
(1.09085 -0.00696317 -1.19252e-21)
(1.09106 -0.0115061 1.04489e-21)
(1.09138 -0.0159889 -1.43395e-21)
(1.09179 -0.0204176 1.19392e-21)
(1.09228 -0.0248087 6.30709e-22)
(1.09285 -0.0291723 -8.78011e-22)
(1.09285 -0.0291723 -8.78011e-22)
(1.09439 -0.0334221 4.00323e-22)
(1.09509 -0.0377489 -4.55054e-22)
(1.09585 -0.0420766 9.42173e-22)
(1.09664 -0.0464125 -9.13944e-22)
(1.09746 -0.0507635 -3.86083e-22)
(1.0983 -0.0551357 1.25385e-21)
(1.09915 -0.0595346 1.13932e-22)
(1.10001 -0.0639654 7.4969e-22)
(1.10085 -0.0684328 -3.55088e-21)
(1.10169 -0.0729411 -8.56702e-22)
(1.10251 -0.0774944 3.05497e-21)
(1.1033 -0.0820966 -5.85039e-23)
(1.10405 -0.0867512 -8.75425e-22)
(1.10476 -0.0914616 -9.216e-22)
(1.10543 -0.0962312 9.86573e-22)
(1.10604 -0.101063 7.05083e-22)
(1.1066 -0.105961 -2.73519e-21)
(1.10709 -0.110927 -5.59249e-22)
(1.10752 -0.115965 1.91264e-22)
(1.10786 -0.121077 1.64667e-21)
(1.10813 -0.126268 1.1781e-21)
(1.10832 -0.13154 -2.06186e-21)
(1.10842 -0.136897 1.56504e-21)
(1.10843 -0.142341 -1.00754e-21)
(1.10833 -0.147877 1.64984e-21)
(1.10814 -0.153507 1.14296e-21)
(1.10784 -0.159236 3.93213e-21)
(1.10743 -0.165067 -5.80439e-21)
(1.10691 -0.171005 3.84569e-21)
(1.10626 -0.177052 -5.20418e-21)
(1.10549 -0.183213 -1.15901e-21)
(1.10459 -0.189493 1.5188e-21)
(1.10459 -0.189493 1.5188e-21)
(1.10661 -0.195258 -4.22381e-21)
(1.1056 -0.201767 -7.44195e-22)
(1.10445 -0.208409 5.06837e-21)
(1.10316 -0.215187 1.08743e-21)
(1.10173 -0.222108 1.44913e-21)
(1.10015 -0.229176 -1.43546e-21)
(1.09841 -0.236396 -2.43373e-21)
(1.09651 -0.243774 -1.11719e-21)
(1.09444 -0.251314 2.65876e-21)
(1.09221 -0.259021 -1.4185e-22)
(1.08979 -0.2669 7.73993e-22)
(1.08719 -0.274954 -5.14678e-22)
(1.08439 -0.283184 8.65912e-22)
(1.08138 -0.291592 6.29787e-22)
(1.07814 -0.300175 1.29625e-21)
(1.07465 -0.308932 -6.96991e-21)
(1.07089 -0.317859 1.2425e-21)
(1.06686 -0.326971 8.20447e-22)
(1.06259 -0.336381 2.18454e-21)
(1.05856 -0.346055 -1.39643e-21)
(1.05535 -0.356835 1.17094e-21)
)
;
    }
    procBoundary3to19
    {
        type            processor;
        value           nonuniform List<vector> 9((0.059976 -0.0114685 5.78887e-21) (0.10388 -0.0130501 6.87727e-21) (0.151166 -0.0136148 -9.13762e-21) (0.19912 -0.0135277 1.15166e-20) (0.245994 -0.0130729 -6.25774e-21) (0.290915 -0.0124442 1.59206e-20) (0.333531 -0.0117578 9.56669e-21) (0.373776 -0.0110742 -1.25834e-20) (0.411717 -0.0104197 -4.51973e-21));
    }
}


// ************************************************************************* //
