/*--------------------------------*- C++ -*----------------------------------*\
  =========                 |
  \\      /  F ield         | OpenFOAM: The Open Source CFD Toolbox
   \\    /   O peration     | Website:  https://openfoam.org
    \\  /    A nd           | Version:  7
     \\/     M anipulation  |
\*---------------------------------------------------------------------------*/
FoamFile
{
    version     2.0;
    format      ascii;
    class       volScalarField;
    location    "59";
    object      p;
}
// * * * * * * * * * * * * * * * * * * * * * * * * * * * * * * * * * * * * * //

dimensions      [0 2 -2 0 0 0 0];

internalField   nonuniform List<scalar> 
1063
(
-0.0327872
-0.0385507
-0.0421525
-0.0342248
-0.0224481
-0.0177346
-0.0201057
-0.021428
-0.0186887
-0.0158454
-0.014956
-0.0337765
-0.0395477
-0.0427
-0.0342932
-0.0220982
-0.0170825
-0.019444
-0.0210503
-0.0186669
-0.0160636
-0.0152317
-0.0347546
-0.0405208
-0.0432191
-0.0343473
-0.0217484
-0.0164319
-0.0187771
-0.0206653
-0.0186422
-0.0162812
-0.0155055
-0.0357209
-0.04147
-0.0437109
-0.0343881
-0.0213994
-0.0157839
-0.0181064
-0.0202738
-0.0186145
-0.0164977
-0.0157771
-0.036675
-0.0423954
-0.0441762
-0.0344165
-0.0210523
-0.0151398
-0.0174331
-0.0198766
-0.0185843
-0.0167128
-0.016046
-0.0376165
-0.0432972
-0.0446164
-0.0344333
-0.020708
-0.0145009
-0.0167587
-0.0194747
-0.0185515
-0.0169264
-0.0163117
-0.0385448
-0.0441758
-0.0450325
-0.0344395
-0.0203674
-0.0138685
-0.0160846
-0.0190689
-0.0185164
-0.017138
-0.0165739
-0.0394599
-0.0450316
-0.0454259
-0.0344361
-0.0200315
-0.0132438
-0.0154121
-0.0186602
-0.0184793
-0.0173474
-0.0168321
-0.0403613
-0.0458649
-0.0457978
-0.0344241
-0.019701
-0.012628
-0.0147428
-0.0182497
-0.0184404
-0.0175545
-0.0170861
-0.0412488
-0.0466764
-0.0461495
-0.0344045
-0.019377
-0.0120225
-0.014078
-0.0178382
-0.0183999
-0.017759
-0.0173355
-0.0421222
-0.0474665
-0.0464824
-0.0343783
-0.0190602
-0.0114283
-0.0134191
-0.0174268
-0.0183581
-0.0179606
-0.0175799
-0.0429814
-0.0482357
-0.0467977
-0.0343465
-0.0187515
-0.0108467
-0.0127677
-0.0170165
-0.0183151
-0.0181591
-0.0178192
-0.0438261
-0.0489847
-0.0470967
-0.0343101
-0.0184518
-0.0102789
-0.0121249
-0.0166083
-0.0182713
-0.0183545
-0.018053
-0.044656
-0.0497139
-0.0473807
-0.0342699
-0.0181616
-0.00972586
-0.0114921
-0.0162031
-0.018227
-0.0185464
-0.0182812
-0.045471
-0.0504239
-0.0476509
-0.034227
-0.0178818
-0.00918862
-0.0108706
-0.0158018
-0.0181822
-0.0187348
-0.0185036
-0.0462709
-0.0511152
-0.0479084
-0.0341823
-0.0176129
-0.00866817
-0.0102615
-0.0154054
-0.0181374
-0.0189195
-0.01872
-0.0470552
-0.0517881
-0.0481542
-0.0341366
-0.0173556
-0.00816537
-0.00966609
-0.0150148
-0.0180926
-0.0191004
-0.0189302
-0.0478238
-0.0524432
-0.0483894
-0.0340908
-0.0171104
-0.00768106
-0.00908534
-0.0146306
-0.0180482
-0.0192773
-0.0191342
-0.0485762
-0.0530807
-0.0486149
-0.0340455
-0.0168778
-0.00721597
-0.00852026
-0.0142538
-0.0180042
-0.0194501
-0.0193319
-0.0493122
-0.053701
-0.0488316
-0.0340016
-0.0166583
-0.00677076
-0.00797176
-0.013885
-0.0179609
-0.0196188
-0.0195231
-0.0500313
-0.0543043
-0.0490402
-0.0339598
-0.0164521
-0.00634599
-0.00744066
-0.0135248
-0.0179184
-0.0197831
-0.0197079
-0.0507331
-0.0548907
-0.0492414
-0.0339207
-0.0162596
-0.00594215
-0.00692771
-0.013174
-0.0178768
-0.0199431
-0.0198862
-0.0514172
-0.0554603
-0.0494359
-0.0338848
-0.0160811
-0.00555965
-0.00643355
-0.0128329
-0.0178363
-0.0200985
-0.020058
-0.0560133
-0.049624
-0.0338527
-0.0159167
-0.00519879
-0.00595874
-0.0125021
-0.0177969
-0.0202494
-0.0202232
-0.0565496
-0.0498063
-0.0338248
-0.0157667
-0.00485981
-0.00550374
-0.012182
-0.0177587
-0.0203957
-0.020382
-0.0570692
-0.0499832
-0.0338017
-0.015631
-0.00454283
-0.00506894
-0.0118729
-0.0177217
-0.0205372
-0.0205343
-0.0575719
-0.0501549
-0.0337835
-0.0155097
-0.00424793
-0.00465461
-0.0115751
-0.017686
-0.0206738
-0.0206801
-0.0580575
-0.0503216
-0.0337708
-0.0154028
-0.00397507
-0.00426094
-0.0112888
-0.0176516
-0.0208056
-0.0208196
-0.0585258
-0.0504835
-0.0337636
-0.0153103
-0.00372416
-0.00388806
-0.0110141
-0.0176184
-0.0209324
-0.0209527
-0.0589765
-0.0506406
-0.0337623
-0.015232
-0.00349502
-0.00353598
-0.0107512
-0.0175863
-0.0210541
-0.0210795
-0.0594092
-0.050793
-0.033767
-0.0151679
-0.00328747
-0.00320469
-0.0104999
-0.0175553
-0.0211707
-0.0212
-0.0598232
-0.0509405
-0.0337778
-0.0151178
-0.00310118
-0.00289407
-0.0102604
-0.0175253
-0.021282
-0.0213144
-0.0602185
-0.0510835
-0.0337945
-0.0150809
-0.00293533
-0.00260364
-0.0100325
-0.0174962
-0.0213881
-0.0214228
-0.0605965
-0.0512222
-0.0338166
-0.0150563
-0.00278888
-0.00233272
-0.00981579
-0.0174681
-0.0214892
-0.0215254
-0.0609553
-0.0513543
-0.0338454
-0.0150466
-0.00266431
-0.00208271
-0.00961075
-0.0174403
-0.0215843
-0.0216216
-0.0612695
-0.0514721
-0.0338871
-0.015063
-0.00257116
-0.00185984
-0.00941887
-0.017411
-0.0216701
-0.0217088
-0.0615242
-0.0515831
-0.0339413
-0.0150982
-0.00249929
-0.001658
-0.00923801
-0.0173815
-0.0217495
-0.0217889
-0.0619392
-0.0517606
-0.0339543
-0.015044
-0.00234522
-0.00140849
-0.00904757
-0.0173706
-0.0218577
-0.0218905
-0.0631285
-0.0521662
-0.033873
-0.0147706
-0.00196472
-0.000956697
-0.00876254
-0.0173896
-0.0220644
-0.0220825
-0.0185152
-0.0631447
-0.0521678
-0.0336664
-0.0145806
-0.00178207
-0.000736999
-0.00861882
-0.0174292
-0.0222079
-0.0221845
-0.0185398
-0.0634193
-0.0520502
-0.0334155
-0.0144061
-0.00166632
-0.000601787
-0.00854331
-0.0174831
-0.0223259
-0.0222565
-0.0185418
-0.0637137
-0.0519291
-0.0331625
-0.014236
-0.00156727
-0.000485618
-0.00848379
-0.0175432
-0.0224423
-0.0223239
-0.0185397
-0.0639632
-0.0517887
-0.0329082
-0.0140797
-0.00149614
-0.000404957
-0.00844347
-0.0176073
-0.0225525
-0.0223811
-0.0185322
-0.0641501
-0.0516141
-0.0326492
-0.0139408
-0.00146054
-0.000365369
-0.00842816
-0.0176745
-0.0226517
-0.0224249
-0.0185171
-0.0642711
-0.0514025
-0.0323851
-0.0138198
-0.00146118
-0.000366519
-0.00843793
-0.0177436
-0.022738
-0.0224547
-0.018494
-0.064324
-0.0511529
-0.0321161
-0.0137171
-0.00149761
-0.000407418
-0.00847117
-0.0178128
-0.0228102
-0.0224701
-0.0184631
-0.0643046
-0.0508639
-0.0318425
-0.0136332
-0.00156967
-0.000487377
-0.00852632
-0.0178804
-0.022867
-0.0224705
-0.0184245
-0.0642086
-0.050534
-0.0315641
-0.0135686
-0.0016771
-0.000605478
-0.00860177
-0.0179445
-0.0229069
-0.022455
-0.0183781
-0.0640323
-0.0501619
-0.031281
-0.0135236
-0.00181939
-0.000760438
-0.00869569
-0.0180032
-0.0229284
-0.0224233
-0.0183238
-0.0637725
-0.0497471
-0.0309934
-0.0134982
-0.00199573
-0.000950636
-0.00880603
-0.0180543
-0.0229302
-0.0223746
-0.0182618
-0.0634262
-0.0492891
-0.0307014
-0.0134924
-0.00220505
-0.00117416
-0.0089306
-0.018096
-0.022911
-0.0223088
-0.0181921
-0.0629916
-0.0487881
-0.030405
-0.0135058
-0.00244602
-0.00142885
-0.00906712
-0.0181265
-0.0228698
-0.0222253
-0.0181148
-0.0624672
-0.0482445
-0.0301046
-0.013538
-0.00271707
-0.00171232
-0.0092133
-0.018144
-0.0228057
-0.0221242
-0.01803
-0.0618523
-0.0476594
-0.0298005
-0.0135882
-0.00301642
-0.00202202
-0.00936687
-0.018147
-0.0227182
-0.0220054
-0.0179379
-0.0611473
-0.0470343
-0.029493
-0.0136557
-0.00334207
-0.00235529
-0.00952568
-0.0181344
-0.022607
-0.021869
-0.0178388
-0.0603535
-0.0463712
-0.0291828
-0.0137393
-0.00369185
-0.0027094
-0.00968773
-0.0181053
-0.022472
-0.0217156
-0.0177328
-0.0594733
-0.0456725
-0.0288703
-0.013838
-0.00406343
-0.0030816
-0.00985124
-0.0180592
-0.0223139
-0.0215456
-0.0176204
-0.0585103
-0.0449413
-0.0285563
-0.0139504
-0.00445438
-0.00346918
-0.0100147
-0.017996
-0.0221331
-0.0213599
-0.0175018
-0.0574691
-0.0441808
-0.0282416
-0.0140751
-0.00486218
-0.00386949
-0.0101769
-0.0179162
-0.021931
-0.0211593
-0.0173776
-0.0563558
-0.0433949
-0.0279269
-0.0142108
-0.00528428
-0.00428003
-0.0103369
-0.0178203
-0.021709
-0.0209451
-0.0172481
-0.0551775
-0.0425877
-0.0276134
-0.014356
-0.0057181
-0.00469843
-0.010494
-0.0177097
-0.0214689
-0.0207186
-0.0171139
-0.0539426
-0.0417635
-0.0273018
-0.0145093
-0.00616108
-0.00512247
-0.010648
-0.0175859
-0.0212127
-0.0204812
-0.0169755
-0.0526602
-0.0409268
-0.0269931
-0.0146692
-0.00661072
-0.00555012
-0.0107988
-0.0174505
-0.0209429
-0.0202347
-0.0168336
-0.0513403
-0.0400823
-0.0266883
-0.0148343
-0.00706461
-0.00597954
-0.0109466
-0.0173058
-0.0206619
-0.0199805
-0.0166887
-0.0499934
-0.0392345
-0.0263882
-0.0150035
-0.00752044
-0.00640905
-0.0110916
-0.0171539
-0.0203723
-0.0197206
-0.0165415
-0.0486299
-0.0383878
-0.0260936
-0.0151753
-0.00797603
-0.00683713
-0.0112343
-0.016997
-0.0200767
-0.0194565
-0.0163926
-0.0472603
-0.0375464
-0.0258053
-0.0153487
-0.00842936
-0.00726242
-0.0113752
-0.0168374
-0.0197778
-0.0191902
-0.0162426
-0.0458945
-0.0367142
-0.0255239
-0.0155227
-0.00887856
-0.00768366
-0.0115148
-0.0166773
-0.0194781
-0.0189231
-0.0160923
-0.0445419
-0.0358948
-0.0252498
-0.0156962
-0.00932192
-0.00809974
-0.0116536
-0.0165187
-0.01918
-0.0186571
-0.0159421
-0.0432106
-0.0350913
-0.0249835
-0.0158683
-0.00975788
-0.0085096
-0.0117919
-0.0163635
-0.0188856
-0.0183934
-0.0157927
-0.0419082
-0.0343064
-0.0247252
-0.0160382
-0.0101851
-0.0089123
-0.01193
-0.0162131
-0.0185968
-0.0181334
-0.0156447
-0.0406406
-0.0335424
-0.0244751
-0.0162052
-0.0106023
-0.00930694
-0.0120682
-0.0160689
-0.0183154
-0.0178785
-0.0154985
-0.039413
-0.0328012
-0.0242333
-0.0163685
-0.0110084
-0.00969268
-0.0122064
-0.015932
-0.0180428
-0.0176295
-0.0153546
-0.0382293
-0.0320843
-0.0239998
-0.0165275
-0.0114024
-0.0100687
-0.0123446
-0.0158031
-0.0177801
-0.0173875
-0.0152135
-0.0370925
-0.0313928
-0.0237746
-0.0166816
-0.0117836
-0.0104344
-0.0124825
-0.0156828
-0.0175282
-0.0171532
-0.0150755
-0.0360047
-0.0307276
-0.0235576
-0.0168303
-0.0121512
-0.010789
-0.01262
-0.0155714
-0.0172878
-0.0169272
-0.014941
-0.0349673
-0.0300894
-0.0233487
-0.0169732
-0.0125045
-0.0111319
-0.0127566
-0.015469
-0.0170594
-0.01671
-0.0148104
-0.033981
-0.0294787
-0.0231479
-0.0171098
-0.0128432
-0.0114625
-0.0128919
-0.0153756
-0.0168433
-0.0165019
-0.0146837
-0.0330462
-0.0288957
-0.022955
-0.0172398
-0.0131667
-0.0117803
-0.0130255
-0.0152909
-0.0166394
-0.0163033
-0.0145614
-0.0321627
-0.0283405
-0.02277
-0.0173629
-0.0134748
-0.0120848
-0.0131568
-0.0152147
-0.016448
-0.0161142
-0.0144436
-0.0313303
-0.0278133
-0.0225929
-0.0174789
-0.0137671
-0.0123757
-0.0132854
-0.0151466
-0.0162687
-0.015935
-0.0143305
-0.0305482
-0.0273141
-0.0224235
-0.0175877
-0.0140435
-0.0126525
-0.0134107
-0.0150861
-0.0161016
-0.0157655
-0.0142223
-0.0298159
-0.0268428
-0.0222621
-0.0176892
-0.0143039
-0.012915
-0.0135322
-0.0150328
-0.0159463
-0.0156059
-0.0141191
-0.0291326
-0.0263993
-0.0221085
-0.0177834
-0.0145481
-0.0131628
-0.0136495
-0.0149861
-0.0158025
-0.015456
-0.0140211
-0.0284973
-0.0259837
-0.0219628
-0.0178702
-0.0147762
-0.0133958
-0.013762
-0.0149455
-0.0156699
-0.015316
-0.0139283
-0.0279093
-0.0255958
-0.0218253
-0.0179498
-0.0149882
-0.0136137
-0.0138693
-0.0149105
-0.0155482
-0.0151856
-0.013841
-0.0273676
-0.0252355
-0.0216961
-0.0180223
-0.0151842
-0.0138165
-0.0139709
-0.0148806
-0.0154369
-0.0150649
-0.0137593
-0.0268714
-0.024903
-0.0215753
-0.0180878
-0.0153642
-0.0140039
-0.0140664
-0.0148553
-0.0153359
-0.0149538
-0.0136832
-0.02642
-0.024598
-0.0214632
-0.0181466
-0.0155283
-0.0141759
-0.0141555
-0.0148341
-0.0152446
-0.0148522
-0.0136129
-0.0260127
-0.0243209
-0.0213602
-0.0181988
-0.0156766
-0.0143322
-0.0142376
-0.0148165
-0.0151629
-0.0147601
-0.0135486
-0.025649
-0.0240716
-0.0212665
-0.0182447
-0.0158092
-0.0144728
-0.0143125
-0.0148021
-0.0150905
-0.0146775
-0.0134904
-0.0253286
-0.0238506
-0.0211825
-0.0182845
-0.0159262
-0.0145974
-0.0143797
-0.0147904
-0.0150271
-0.0146045
-0.0134385
-0.0250514
-0.0236582
-0.0211087
-0.0183184
-0.0160274
-0.0147058
-0.0144387
-0.0147812
-0.0149727
-0.0145411
-0.0133931
-0.0248175
-0.023495
-0.0210456
-0.0183466
-0.0161129
-0.0147978
-0.0144893
-0.014774
-0.0149269
-0.0144874
-0.0133544
-0.0246274
-0.0233618
-0.0209936
-0.0183692
-0.0161824
-0.0148728
-0.0145308
-0.0147685
-0.0148899
-0.0144436
-0.0133227
-0.024482
-0.0232596
-0.0209536
-0.0183863
-0.0162355
-0.0149303
-0.0145629
-0.0147647
-0.0148618
-0.0144101
-0.0132982
-0.0243829
-0.0231898
-0.0209261
-0.0183979
-0.0162718
-0.0149696
-0.0145848
-0.0147621
-0.0148426
-0.0143872
-0.0132815
-0.0243319
-0.0231539
-0.0209121
-0.0184041
-0.0162906
-0.0149899
-0.0145961
-0.0147606
-0.0148326
-0.0143753
-0.013273
)
;

boundaryField
{
    inlet
    {
        type            zeroGradient;
    }
    outlet
    {
        type            fixedValue;
        value           nonuniform 0();
    }
    cylinder
    {
        type            zeroGradient;
    }
    top
    {
        type            symmetryPlane;
    }
    bottom
    {
        type            symmetryPlane;
    }
    defaultFaces
    {
        type            empty;
    }
    procBoundary30to14
    {
        type            processor;
        value           nonuniform List<scalar> 
11
(
-0.0317875
-0.0375299
-0.0415759
-0.0341415
-0.0227971
-0.018387
-0.020761
-0.0217975
-0.0187074
-0.0156267
-0.014679
)
;
    }
    procBoundary30to29
    {
        type            processor;
        value           nonuniform List<scalar> 
99
(
-0.038222
-0.0388173
-0.0394033
-0.0399789
-0.0405427
-0.0410936
-0.0416306
-0.0421527
-0.042659
-0.0431487
-0.0436212
-0.0440758
-0.0445119
-0.0449292
-0.0453272
-0.0457057
-0.0460643
-0.0464029
-0.0467213
-0.0470194
-0.0472972
-0.0475546
-0.0477917
-0.0520831
-0.0520831
-0.0527302
-0.0533582
-0.0539663
-0.0545542
-0.0551212
-0.0556668
-0.0561903
-0.0566909
-0.0571687
-0.0576244
-0.0580525
-0.0584272
-0.0587597
-0.0593219
-0.060654
-0.0613599
-0.0618638
-0.0624055
-0.0629512
-0.0634577
-0.0639138
-0.0643167
-0.0646607
-0.0649385
-0.0651425
-0.065265
-0.065298
-0.0652336
-0.0650638
-0.0647812
-0.0643788
-0.063851
-0.0631935
-0.0624039
-0.0614824
-0.0604312
-0.0592559
-0.0579664
-0.0565742
-0.055094
-0.0535425
-0.051938
-0.0502994
-0.0486455
-0.0469942
-0.0453619
-0.043763
-0.0422095
-0.0407111
-0.0392749
-0.0379062
-0.0366082
-0.0353825
-0.0342296
-0.0331489
-0.0321394
-0.0311992
-0.0303264
-0.0295187
-0.0287739
-0.0280896
-0.0274635
-0.0268932
-0.0263765
-0.0259115
-0.0254962
-0.0251289
-0.0248081
-0.0245329
-0.0243024
-0.0241162
-0.0239746
-0.0238784
-0.0238286
)
;
    }
    procBoundary30to31
    {
        type            processor;
        value           nonuniform List<scalar> 
99
(
-0.014163
-0.0143553
-0.0145452
-0.0147323
-0.0149163
-0.0150969
-0.0152738
-0.0154467
-0.0156154
-0.0157796
-0.0159392
-0.0160941
-0.016244
-0.0163888
-0.0165286
-0.0166632
-0.0167926
-0.0169168
-0.0170358
-0.0171496
-0.0172583
-0.017362
-0.0174607
-0.0175545
-0.0176436
-0.017728
-0.017808
-0.0178835
-0.0179548
-0.018022
-0.0180852
-0.0181446
-0.0182003
-0.0182526
-0.0183012
-0.0183456
-0.018387
-0.0184351
-0.0184351
-0.0135214
-0.0135069
-0.0134838
-0.0134593
-0.0134338
-0.0134068
-0.0133783
-0.0133487
-0.0133181
-0.0132867
-0.0132548
-0.0132224
-0.0131898
-0.013157
-0.0131242
-0.0130914
-0.0130588
-0.0130263
-0.012994
-0.0129618
-0.0129298
-0.0128978
-0.0128658
-0.0128338
-0.0128016
-0.0127691
-0.0127363
-0.0127032
-0.0126696
-0.0126355
-0.0126008
-0.0125657
-0.01253
-0.0124938
-0.0124571
-0.01242
-0.0123826
-0.012345
-0.0123072
-0.0122694
-0.0122317
-0.0121943
-0.0121572
-0.0121207
-0.0120849
-0.01205
-0.0120161
-0.0119833
-0.011952
-0.0119221
-0.011894
-0.0118677
-0.0118436
-0.0118217
-0.0118023
-0.0117855
-0.0117716
-0.0117609
-0.0117534
-0.0117496
)
;
    }
}


// ************************************************************************* //
