/*--------------------------------*- C++ -*----------------------------------*\
  =========                 |
  \\      /  F ield         | OpenFOAM: The Open Source CFD Toolbox
   \\    /   O peration     | Website:  https://openfoam.org
    \\  /    A nd           | Version:  7
     \\/     M anipulation  |
\*---------------------------------------------------------------------------*/
FoamFile
{
    version     2.0;
    format      ascii;
    class       volScalarField;
    location    "85";
    object      p;
}
// * * * * * * * * * * * * * * * * * * * * * * * * * * * * * * * * * * * * * //

dimensions      [0 2 -2 0 0 0 0];

internalField   nonuniform List<scalar> 
1450
(
-0.356334
-0.357507
-0.358309
-0.358897
0.66391
0.651284
0.642799
0.63545
0.627163
0.617458
0.662658
0.650034
0.641568
0.63425
0.626001
0.616333
0.605184
0.592669
0.579012
0.564462
0.549251
0.533586
0.517642
0.501566
0.485479
0.469485
0.45367
0.438105
0.422826
0.407821
0.656365
0.643835
0.635528
0.628436
0.620455
0.611073
0.600208
0.587967
0.574568
0.56026
0.545276
0.529824
0.514078
0.498187
0.482275
0.466444
0.450779
0.435349
0.420205
0.405389
0.64507
0.632722
0.624713
0.618039
0.610556
0.601705
0.59137
0.57964
0.566726
0.552872
0.538315
0.523261
0.507889
0.492347
0.476763
0.46124
0.445859
0.430683
0.415797
0.401331
0.628848
0.616771
0.609196
0.603126
0.596366
0.588286
0.578723
0.567737
0.555529
0.54234
0.528405
0.513935
0.499108
0.484077
0.468973
0.4539
0.438933
0.42413
0.409619
0.395659
0.607816
0.596097
0.589084
0.583799
0.577978
0.570902
0.562345
0.552332
0.541046
0.528726
0.515605
0.501897
0.487784
0.473423
0.458946
0.444462
0.430039
0.415724
0.401701
0.388394
0.582129
0.570849
0.564522
0.560193
0.555517
0.549669
0.542343
0.533522
0.523368
0.512113
0.499992
0.487221
0.473985
0.460444
0.446738
0.432978
0.419224
0.405509
0.392082
0.379564
0.55198
0.541218
0.535691
0.532475
0.529138
0.524729
0.518849
0.511428
0.502606
0.492605
0.481662
0.469993
0.45779
0.445217
0.432419
0.419512
0.406547
0.393542
0.380811
0.369207
0.517597
0.507427
0.502804
0.500847
0.499027
0.496252
0.492019
0.486197
0.478895
0.470327
0.460729
0.450321
0.439299
0.427832
0.416072
0.40414
0.392079
0.379888
0.367947
0.357367
0.479245
0.469735
0.466108
0.465539
0.465397
0.464436
0.462036
0.457994
0.452389
0.445421
0.437325
0.428326
0.418623
0.408392
0.397792
0.386951
0.375902
0.364622
0.353555
0.344097
0.43722
0.428433
0.425882
0.426811
0.428488
0.429502
0.429101
0.427008
0.423261
0.418046
0.411597
0.404143
0.395888
0.387013
0.377686
0.368042
0.358107
0.347831
0.337714
0.329459
0.39185
0.383842
0.382432
0.38495
0.388567
0.391694
0.393442
0.393447
0.391702
0.38838
0.38371
0.377924
0.371233
0.363824
0.355872
0.347522
0.338794
0.329607
0.320505
0.313519
0.343491
0.336311
0.336093
0.340271
0.345923
0.35128
0.355303
0.357535
0.357922
0.356615
0.35384
0.349833
0.34481
0.338964
0.332479
0.32551
0.318072
0.31005
0.302019
0.296352
0.292525
0.286215
0.287225
0.29311
0.300867
0.308545
0.314947
0.319517
0.322144
0.322957
0.322179
0.320046
0.31678
0.312582
0.307644
0.30213
0.296056
0.289267
0.282354
0.278039
0.239356
0.233951
0.236208
0.243824
0.253731
0.263794
0.272656
0.279649
0.284605
0.287626
0.288928
0.288749
0.287316
0.284837
0.281511
0.277517
0.272868
0.267371
0.261609
0.258664
0.18441
0.179937
0.183442
0.19279
0.204864
0.217349
0.228722
0.238202
0.245554
0.250852
0.254299
0.256137
0.256598
0.255895
0.254236
0.251811
0.248637
0.244477
0.23989
0.238315
0.128127
0.124604
0.129345
0.140401
0.154628
0.169543
0.183454
0.195459
0.205253
0.212873
0.218514
0.222415
0.224814
0.225928
0.225974
0.225156
0.223494
0.220702
0.217294
0.217076
0.0709592
0.0683981
0.0743455
0.0870601
0.1034
0.120722
0.137168
0.15171
0.163967
0.173938
0.1818
0.187794
0.192159
0.195118
0.196895
0.19771
0.19759
0.196181
0.193922
0.195013
0.0133693
0.0117724
0.0188811
0.0331818
0.0515633
0.0712396
0.0901882
0.107254
0.121973
0.134298
0.144391
0.152488
0.15883
0.163645
0.167161
0.169619
0.171059
0.171036
0.169834
0.172124
-0.0441771
-0.0448165
-0.0366053
-0.0208144
-0.000491577
0.0214547
0.0428448
0.0623934
0.0795466
0.0942101
0.106523
0.116717
0.125034
0.131703
0.136955
0.141055
0.144098
0.145544
0.14529
-0.101213
-0.100913
-0.0916703
-0.0745069
-0.0523717
-0.0282707
-0.00453062
0.0174314
0.0369684
0.0539315
0.0684345
0.0806996
0.0909721
0.0994801
0.106447
0.112145
0.116765
-0.157272
-0.15607
-0.145873
-0.127476
-0.103685
-0.0775751
-0.0516071
-0.0273283
-0.00548351
0.0137185
0.0303613
0.0446561
0.0568485
0.0671709
0.0758359
0.0830856
-0.2119
-0.209849
-0.198784
-0.17931
-0.154046
-0.126102
-0.0980576
-0.0715864
-0.0475346
-0.0261762
-0.00746271
0.0088026
0.0228637
0.0349592
0.0452993
-0.264732
-0.261775
-0.249986
-0.229611
-0.203077
-0.173502
-0.143562
-0.11505
-0.0889169
-0.0655067
-0.044811
-0.0266516
-0.0107896
0.00301838
-0.315518
-0.311356
-0.299095
-0.278007
-0.250416
-0.219437
-0.18781
-0.157437
-0.129372
-0.104036
-0.081466
-0.0615062
-0.0439264
-0.363544
-0.358415
-0.345699
-0.324189
-0.295726
-0.263587
-0.230505
-0.198475
-0.168653
-0.141539
-0.117221
-0.0955707
-0.076371
-0.408503
-0.402561
-0.389437
-0.367665
-0.338777
-0.305655
-0.271359
-0.23791
-0.206529
-0.177802
-0.151879
-0.128666
-0.450131
-0.443472
-0.430055
-0.408154
-0.379019
-0.345493
-0.310094
-0.275507
-0.242784
-0.212627
-0.18526
-0.4882
-0.480865
-0.467281
-0.445464
-0.416303
-0.38246
-0.346639
-0.311066
-0.277214
-0.245831
-0.5225
-0.51452
-0.500883
-0.47936
-0.450467
-0.416627
-0.380521
-0.344346
-0.309632
-0.277248
-0.552858
-0.544277
-0.530689
-0.50964
-0.481284
-0.44777
-0.411661
-0.37517
-0.33988
-0.579156
-0.570028
-0.556579
-0.536163
-0.508585
-0.475705
-0.439924
-0.403422
-0.367832
-0.601339
-0.591721
-0.57849
-0.558847
-0.532269
-0.500312
-0.465182
-0.428986
-0.619413
-0.609368
-0.596422
-0.577668
-0.552285
-0.521518
-0.487346
-0.451769
-0.633445
-0.623042
-0.610432
-0.592658
-0.568632
-0.539295
-0.506369
-0.471717
-0.643562
-0.632875
-0.620642
-0.603907
-0.581366
-0.55366
-0.522244
-0.488808
-0.649948
-0.639055
-0.627228
-0.611564
-0.590593
-0.564682
-0.535005
-0.652839
-0.641824
-0.630423
-0.615834
-0.596477
-0.572477
-0.544726
-0.65252
-0.641469
-0.630506
-0.616971
-0.599231
-0.577208
-0.551527
-0.649311
-0.638315
-0.627797
-0.615274
-0.599118
-0.579087
-0.555564
-0.643564
-0.632715
-0.622646
-0.611079
-0.596437
-0.578367
-0.557036
-0.635648
-0.625039
-0.615423
-0.604745
-0.591521
-0.575335
-0.556178
-0.625947
-0.615666
-0.606508
-0.596647
-0.584728
-0.570311
-0.553255
-0.614837
-0.604968
-0.596276
-0.587161
-0.576421
-0.56363
-0.548561
-0.602684
-0.593304
-0.585088
-0.576655
-0.566966
-0.555638
-0.542403
-0.589835
-0.58101
-0.573281
-0.565473
-0.556712
-0.54668
-0.535098
-0.576604
-0.568391
-0.561161
-0.553932
-0.545987
-0.537082
-0.526963
-0.515394
-0.563275
-0.555713
-0.548996
-0.54231
-0.535082
-0.527149
-0.518297
-0.508288
-0.550089
-0.543206
-0.537012
-0.53084
-0.524249
-0.517149
-0.509379
-0.500724
-0.537249
-0.531058
-0.525392
-0.519714
-0.513694
-0.507307
-0.500452
-0.49295
-0.524917
-0.519415
-0.514278
-0.509077
-0.503578
-0.497807
-0.49172
-0.485187
-0.478045
-0.513218
-0.508391
-0.503775
-0.499035
-0.494016
-0.488785
-0.483345
-0.477618
-0.47148
-0.502245
-0.498063
-0.493953
-0.489659
-0.485087
-0.480334
-0.475445
-0.470389
-0.465085
-0.459409
-0.49206
-0.488484
-0.484856
-0.480987
-0.476834
-0.472513
-0.4681
-0.463606
-0.458993
-0.454174
-0.482702
-0.479681
-0.476504
-0.473038
-0.469277
-0.465351
-0.461357
-0.457342
-0.453305
-0.449197
-0.444924
-0.474191
-0.471664
-0.4689
-0.46581
-0.462416
-0.458856
-0.45524
-0.451641
-0.448091
-0.444576
-0.441035
-0.437361
-0.466525
-0.464425
-0.462032
-0.459288
-0.456238
-0.453018
-0.449751
-0.446525
-0.443398
-0.440385
-0.437456
-0.434533
-0.431498
-0.459684
-0.457941
-0.455871
-0.453444
-0.450714
-0.447818
-0.444878
-0.441998
-0.439249
-0.436672
-0.434261
-0.431967
-0.429696
-0.453628
-0.452167
-0.450376
-0.448236
-0.445808
-0.44322
-0.440597
-0.438045
-0.43565
-0.433463
-0.431502
-0.429739
-0.428103
-0.426486
-0.448291
-0.447045
-0.445489
-0.443609
-0.441464
-0.439176
-0.436863
-0.434635
-0.432579
-0.430758
-0.4292
-0.427894
-0.426788
-0.425792
-0.424789
-0.443588
-0.442495
-0.441136
-0.439492
-0.437617
-0.43562
-0.433617
-0.431712
-0.429993
-0.428525
-0.427342
-0.426444
-0.425789
-0.425296
-0.424852
-0.424327
-0.439414
-0.438425
-0.43723
-0.435802
-0.434183
-0.432473
-0.430778
-0.429198
-0.427817
-0.426698
-0.425876
-0.425354
-0.425096
-0.425022
-0.425009
-0.424882
-0.424414
-0.43565
-0.43473
-0.433675
-0.432445
-0.43107
-0.429639
-0.428252
-0.426997
-0.425954
-0.425181
-0.424711
-0.424547
-0.424654
-0.424954
-0.425314
-0.425527
-0.425281
-0.424188
-0.42138
-0.432171
-0.431301
-0.430368
-0.429323
-0.42818
-0.42702
-0.425932
-0.424998
-0.424288
-0.423855
-0.423728
-0.423908
-0.424361
-0.425015
-0.425743
-0.426352
-0.42656
-0.426072
-0.424382
-0.417859
-0.428855
-0.42803
-0.427211
-0.426338
-0.425415
-0.424513
-0.423713
-0.423087
-0.422697
-0.42259
-0.42279
-0.423295
-0.424073
-0.425058
-0.426141
-0.427153
-0.427871
-0.428071
-0.427211
-0.422724
-0.425592
-0.424818
-0.424109
-0.423399
-0.422682
-0.422022
-0.421491
-0.421153
-0.421062
-0.421258
-0.421758
-0.422559
-0.423632
-0.424916
-0.426316
-0.42769
-0.428865
-0.429665
-0.429504
-0.42704
-0.422285
-0.421578
-0.420981
-0.420424
-0.419899
-0.419462
-0.419177
-0.4191
-0.419278
-0.419743
-0.420509
-0.42157
-0.422899
-0.424441
-0.426115
-0.427806
-0.429388
-0.43073
-0.431292
-0.430753
-0.418857
-0.418239
-0.417758
-0.417348
-0.416999
-0.416762
-0.416695
-0.416847
-0.417258
-0.417955
-0.418946
-0.420226
-0.421768
-0.423527
-0.425434
-0.4274
-0.429347
-0.431187
-0.432486
-0.433601
-0.415255
-0.414747
-0.414387
-0.414116
-0.413927
-0.413868
-0.41399
-0.414336
-0.414941
-0.415827
-0.417002
-0.418456
-0.420169
-0.422102
-0.424202
-0.426408
-0.42868
-0.430974
-0.432971
-0.435402
-0.411445
-0.411068
-0.410832
-0.410693
-0.410649
-0.410743
-0.411022
-0.411527
-0.412288
-0.413322
-0.414635
-0.416221
-0.418063
-0.42013
-0.422386
-0.424795
-0.427351
-0.430045
-0.43266
-0.436062
-0.407411
-0.407182
-0.407075
-0.407059
-0.407142
-0.407365
-0.407773
-0.408402
-0.409279
-0.41042
-0.411831
-0.413507
-0.415436
-0.417598
-0.419971
-0.422541
-0.425329
-0.428354
-0.431472
-0.435524
-0.403157
-0.403089
-0.403109
-0.403208
-0.403404
-0.403729
-0.404239
-0.404959
-0.405916
-0.407125
-0.408592
-0.410317
-0.412292
-0.414507
-0.416953
-0.419633
-0.422586
-0.425853
-0.429338
-0.433735
-0.398698
-0.398802
-0.398946
-0.399147
-0.399436
-0.39985
-0.400431
-0.401211
-0.402213
-0.403452
-0.404938
-0.40667
-0.408648
-0.41087
-0.413337
-0.416064
-0.419102
-0.422515
-0.426235
-0.430602
-0.394071
-0.39434
-0.394604
-0.394898
-0.395265
-0.395744
-0.396373
-0.397183
-0.398198
-0.399433
-0.400899
-0.402598
-0.404534
-0.406711
-0.409139
-0.411841
-0.414875
-0.41834
-0.422263
-0.426018
-0.389309
-0.389742
-0.390117
-0.390491
-0.390921
-0.391444
-0.392097
-0.392911
-0.393909
-0.395107
-0.396516
-0.398141
-0.399989
-0.402068
-0.404391
-0.406988
-0.409912
-0.413212
-0.416837
-0.421029
-0.384458
-0.385047
-0.385523
-0.385965
-0.386441
-0.38699
-0.387646
-0.38844
-0.389394
-0.390525
-0.391842
-0.393353
-0.395068
-0.396994
-0.399149
-0.401562
-0.40428
-0.40733
-0.410676
-0.414765
-0.379571
-0.380302
-0.380867
-0.381363
-0.381872
-0.382429
-0.383069
-0.383821
-0.384707
-0.385741
-0.386936
-0.388298
-0.389835
-0.391559
-0.393485
-0.39564
-0.398065
-0.400774
-0.403751
-0.407421
-0.374698
-0.375555
-0.376195
-0.376733
-0.37726
-0.377812
-0.378418
-0.379109
-0.379905
-0.38082
-0.381864
-0.383044
-0.384368
-0.385845
-0.387488
-0.389322
-0.391378
-0.393663
-0.396167
-0.399263
-0.369891
-0.370855
-0.371557
-0.372124
-0.372657
-0.373189
-0.373749
-0.374363
-0.375052
-0.375827
-0.376697
-0.377669
-0.378747
-0.37994
-0.381258
-0.382719
-0.384348
-0.386143
-0.388092
-0.390529
-0.365198
-0.366252
-0.367
-0.367585
-0.368112
-0.368613
-0.369114
-0.369639
-0.370207
-0.370827
-0.371506
-0.372248
-0.373057
-0.373938
-0.374897
-0.375948
-0.377107
-0.378366
-0.379706
-0.381448
-0.360666
-0.361789
-0.36257
-0.363162
-0.363673
-0.364134
-0.364566
-0.364993
-0.365429
-0.365883
-0.366358
-0.366857
-0.36738
-0.36793
-0.368508
-0.369124
-0.369788
-0.370481
-0.371178
-0.372216
0.135134
0.136429
0.151108
0.157024
0.178112
0.135744
0.136962
0.152023
0.158008
0.179869
0.189911
0.212594
0.217687
0.230014
0.210624
0.136334
0.137476
0.152918
0.158961
0.181573
0.19239
0.216762
0.224532
0.24063
0.227899
0.136904
0.137967
0.153783
0.159872
0.183207
0.194761
0.220716
0.231087
0.250718
0.244424
0.137451
0.138434
0.154619
0.160741
0.18477
0.197024
0.224457
0.237334
0.260268
0.260136
0.137976
0.138877
0.155421
0.161567
0.186258
0.199177
0.227978
0.243256
0.269264
0.274986
0.138476
0.139297
0.156189
0.162349
0.187667
0.201216
0.231274
0.248833
0.277689
0.288927
0.138952
0.139693
0.156918
0.163088
0.188993
0.203136
0.23434
0.254048
0.285528
0.301915
0.139401
0.140066
0.157608
0.163783
0.190233
0.204933
0.237175
0.258885
0.292764
0.313908
0.139822
0.140416
0.158255
0.164432
0.191384
0.206602
0.239775
0.263329
0.299384
0.324869
0.140216
0.140743
0.158857
0.165036
0.192442
0.208137
0.242138
0.267368
0.305371
0.334764
0.14058
0.141047
0.159412
0.165593
0.193406
0.209534
0.244261
0.270991
0.310712
0.343566
0.140914
0.14133
0.159918
0.166103
0.194273
0.210789
0.246142
0.274186
0.315397
0.351249
0.141217
0.141592
0.160372
0.166565
0.195042
0.211898
0.247779
0.276945
0.319413
0.357793
0.141488
0.141832
0.160773
0.166979
0.195711
0.212855
0.249169
0.279261
0.322755
0.363183
0.141728
0.14205
0.16112
0.167345
0.196279
0.213659
0.25031
0.281125
0.325412
0.367408
0.141934
0.142248
0.161411
0.167662
0.196747
0.214307
0.251203
0.282536
0.327381
0.370463
0.142107
0.142425
0.161647
0.167935
0.197117
0.214798
0.251848
0.283493
0.32866
0.37235
-0.462381
-0.478181
-0.490751
-0.44343
-0.344385
-0.466113
-0.483066
-0.496386
-0.446694
-0.34481
-0.468708
-0.486853
-0.500433
-0.448876
-0.345261
-0.470072
-0.489313
-0.502675
-0.449888
-0.345811
-0.470376
-0.490222
-0.502983
-0.44967
-0.346475
-0.469522
-0.489393
-0.501301
-0.448097
-0.347169
-0.467406
-0.486674
-0.497584
-0.44514
-0.347773
-0.463917
-0.481963
-0.491829
-0.440809
-0.459042
-0.475274
-0.484012
-0.434873
-0.452755
-0.466666
-0.474088
-0.427684
-0.444686
-0.456507
-0.462404
-0.419172
-0.435329
-0.444799
-0.449232
-0.409535
-0.424883
-0.431856
-0.434895
-0.399041
-0.413628
-0.418033
-0.419764
-0.387977
-0.40193
-0.403678
-0.404217
-0.376634
-0.390135
-0.389112
-0.388622
-0.365276
-0.378418
-0.374614
-0.373306
-0.35412
)
;

boundaryField
{
    inlet
    {
        type            zeroGradient;
    }
    outlet
    {
        type            fixedValue;
        value           nonuniform 0();
    }
    cylinder
    {
        type            zeroGradient;
    }
    top
    {
        type            symmetryPlane;
    }
    bottom
    {
        type            symmetryPlane;
    }
    defaultFaces
    {
        type            empty;
    }
    procBoundary6to4
    {
        type            processor;
        value           nonuniform List<scalar> 
88
(
0.148388
0.192689
0.119813
0.148388
0.12055
0.119813
0.0891904
0.0891904
0.0540863
0.0540863
0.014987
0.014987
-0.0284822
-0.0284822
-0.0593795
-0.107958
-0.107958
-0.160624
-0.160624
-0.217197
-0.217197
-0.247539
-0.306735
-0.306735
-0.334171
-0.393383
-0.393383
-0.416447
-0.436969
-0.454921
-0.503052
-0.503052
-0.514497
-0.523221
-0.529341
-0.533005
-0.534392
-0.533715
-0.53121
-0.527137
-0.521771
-0.521771
-0.502267
-0.496954
-0.490991
-0.484614
-0.484614
-0.470131
-0.464779
-0.464779
-0.453219
-0.449025
-0.449025
-0.440356
-0.440356
-0.433416
-0.433416
-0.428202
-0.427318
-0.427318
-0.424759
-0.424759
-0.423662
-0.423662
-0.423621
-0.423621
-0.423361
-0.423361
-0.420401
-0.412645
-0.412645
-0.457324
0.134505
0.135872
0.150177
0.156014
0.176333
0.187344
0.187344
0.208235
0.210584
0.218885
0.192689
-0.457324
-0.472058
-0.483844
-0.439502
-0.344399
)
;
    }
    procBoundary6to7
    {
        type            processor;
        value           nonuniform List<scalar> 
18
(
-0.220069
-0.219318
-0.219882
-0.222002
-0.22575
-0.231168
-0.238084
-0.348293
-0.348293
-0.348733
-0.348875
-0.348761
-0.348468
-0.348083
-0.347694
-0.34737
-0.347135
-0.346952
)
;
    }
    procBoundary6to8
    {
        type            processor;
        value           nonuniform List<scalar> 
56
(
-0.352236
-0.353442
-0.354253
-0.359386
-0.354832
-0.359386
-0.359798
-0.360156
-0.360477
-0.360774
-0.361054
-0.361317
-0.361564
-0.361792
-0.362
-0.362186
-0.362355
-0.362511
-0.362626
-0.362653
-0.362944
0.660125
0.647588
0.639224
0.632038
0.623946
0.61445
0.606272
0.606272
0.593724
0.580036
0.565457
0.550221
0.534532
0.518566
0.502469
0.486364
0.470352
0.45452
0.438941
0.423648
0.408616
-0.367056
-0.360436
-0.358527
-0.343312
0.142247
0.142577
0.161823
0.168142
0.197366
0.215113
0.252221
0.283969
0.329213
0.373034
)
;
    }
}


// ************************************************************************* //
