/*--------------------------------*- C++ -*----------------------------------*\
  =========                 |
  \\      /  F ield         | OpenFOAM: The Open Source CFD Toolbox
   \\    /   O peration     | Website:  https://openfoam.org
    \\  /    A nd           | Version:  7
     \\/     M anipulation  |
\*---------------------------------------------------------------------------*/
FoamFile
{
    version     2.0;
    format      ascii;
    class       volVectorField;
    location    "47";
    object      U;
}
// * * * * * * * * * * * * * * * * * * * * * * * * * * * * * * * * * * * * * //

dimensions      [0 1 -1 0 0 0 0];

internalField   nonuniform List<vector> 
1062
(
(0.951731 0.000700067 2.42391e-22)
(0.943856 0.000801842 -5.68019e-23)
(0.935304 0.000915325 3.88564e-22)
(0.926035 0.00104238 5.53083e-22)
(0.916018 0.00118428 8.45371e-23)
(0.905202 0.00134344 4.33386e-22)
(0.893551 0.00152136 -1.11467e-22)
(0.970829 -0.0404899 -6.4061e-21)
(0.965671 -0.0467787 7.29474e-21)
(0.960218 -0.0537681 -3.43398e-21)
(0.954497 -0.0615368 -4.51319e-21)
(0.94858 -0.0701573 -2.2632e-21)
(0.942503 -0.0797157 -1.90352e-21)
(0.936376 -0.0902811 -1.30061e-21)
(0.930249 -0.101945 1.62004e-20)
(0.924291 -0.114758 -7.47048e-21)
(0.91855 -0.128816 1.517e-21)
(0.913293 -0.144125 7.82011e-22)
(0.965174 -0.045656 3.79517e-21)
(0.959598 -0.0524773 5.52701e-21)
(0.953729 -0.060061 -1.60381e-20)
(0.947635 -0.0684787 9.21463e-21)
(0.941348 -0.077817 -5.13536e-21)
(0.934971 -0.0881453 -2.28706e-21)
(0.92855 -0.0995575 5.91e-21)
(0.922244 -0.112107 -1.02483e-20)
(0.916102 -0.125895 7.15567e-21)
(0.910376 -0.140932 2.53975e-20)
(0.964733 -0.0444717 -2.26544e-22)
(0.959047 -0.0511143 3.43852e-21)
(0.953047 -0.0585011 -6.85911e-21)
(0.946794 -0.0667026 4.71305e-21)
(0.940319 -0.0758058 -1.50977e-20)
(0.933718 -0.0858798 9.78532e-21)
(0.927033 -0.0970211 -1.37659e-20)
(0.920414 -0.109284 -4.98756e-21)
(0.913907 -0.122777 5.35848e-21)
(0.907754 -0.137512 8.20302e-21)
(0.964336 -0.0433258 6.6437e-21)
(0.95855 -0.0497977 5.97498e-21)
(0.952431 -0.0569964 2.13937e-21)
(0.946035 -0.064991 -7.70192e-22)
(0.939388 -0.0738687 7.3985e-22)
(0.932582 -0.0836978 -1.70991e-20)
(0.925653 -0.0945768 1.11809e-20)
(0.918746 -0.106561 6.58732e-21)
(0.911901 -0.119763 -1.48308e-20)
(0.905349 -0.134197 -1.40822e-20)
(0.963974 -0.0421859 -4.57645e-22)
(0.958097 -0.0484883 5.62783e-21)
(0.951867 -0.0554998 6.77226e-21)
(0.945338 -0.0632885 -2.03631e-21)
(0.938533 -0.0719412 -9.76821e-22)
(0.931536 -0.0815256 5.5853e-21)
(0.924381 -0.0921418 6.34494e-21)
(0.917204 -0.103845 9.05458e-21)
(0.91004 -0.116753 -2.70161e-20)
(0.903111 -0.130883 2.64884e-20)
(0.963641 -0.0410381 -4.76065e-21)
(0.957679 -0.0471694 1.06939e-20)
(0.951347 -0.0539921 -8.79507e-21)
(0.944694 -0.0615728 -2.83994e-21)
(0.93774 -0.0699982 -7.78388e-21)
(0.930564 -0.079335 4.85124e-21)
(0.923195 -0.0896847 -2.39417e-20)
(0.915762 -0.101103 2.18425e-20)
(0.908294 -0.113712 -1.23041e-20)
(0.901005 -0.127528 2.43383e-20)
(0.963331 -0.0398843 3.88703e-21)
(0.95729 -0.0458436 -8.0767e-21)
(0.950862 -0.0524765 9.21319e-21)
(0.944093 -0.059848 -1.14915e-20)
(0.936998 -0.0680444 -2.75337e-21)
(0.929653 -0.0771316 1.92024e-20)
(0.922081 -0.0872121 3.10521e-21)
(0.914404 -0.0983411 -2.11588e-20)
(0.906644 -0.110645 2.05713e-20)
(0.899007 -0.124143 -3.17661e-20)
(0.963042 -0.0387266 1.07357e-21)
(0.956926 -0.0445136 8.9798e-21)
(0.950407 -0.050956 1.00206e-21)
(0.943528 -0.0581175 1.99779e-22)
(0.9363 -0.0660838 -3.722e-22)
(0.928793 -0.0749198 -8.22549e-21)
(0.921026 -0.0847288 7.44744e-21)
(0.913115 -0.0955657 -2.121e-21)
(0.905075 -0.107561 7.18265e-21)
(0.897102 -0.120733 7.39741e-21)
(0.889181 -0.135265 -1.45182e-20)
(0.96277 -0.0375656 1.08786e-20)
(0.956583 -0.0431798 -5.71234e-21)
(0.949978 -0.0494311 2.88817e-22)
(0.942994 -0.0563818 -6.44661e-21)
(0.935638 -0.0641169 1.31505e-20)
(0.927978 -0.0727 -1.15587e-20)
(0.920024 -0.0822351 -1.49011e-20)
(0.911887 -0.0927767 -1.57521e-21)
(0.903577 -0.104457 2.58517e-20)
(0.895278 -0.117298 -5.97916e-21)
(0.88697 -0.131485 5.72568e-21)
(0.962513 -0.0364014 -1.0156e-20)
(0.956259 -0.0418422 1.36938e-20)
(0.949572 -0.0479019 -1.36893e-21)
(0.942487 -0.0546409 1.31478e-21)
(0.93501 -0.0621437 -8.19292e-21)
(0.927201 -0.0704724 -2.43535e-20)
(0.919067 -0.0797313 8.62541e-21)
(0.910713 -0.0899743 9.28854e-21)
(0.902141 -0.101336 -1.20103e-20)
(0.893527 -0.113838 -5.1174e-21)
(0.884845 -0.127671 4.0166e-20)
(0.96227 -0.0352342 1.18383e-21)
(0.955951 -0.0405012 -7.9831e-21)
(0.949185 -0.0463687 -1.64567e-21)
(0.942004 -0.0528952 -1.75678e-21)
(0.93441 -0.0601645 1.63628e-20)
(0.926458 -0.0682372 -9.29454e-22)
(0.918152 -0.0772175 -1.10068e-20)
(0.909588 -0.0871588 -1.26881e-21)
(0.900764 -0.0981966 3.43089e-20)
(0.891843 -0.110354 -9.63448e-21)
(0.882797 -0.123825 -7.9935e-21)
(0.962038 -0.0340641 3.61247e-21)
(0.955658 -0.0391569 2.0924e-21)
(0.948817 -0.0448316 4.95231e-21)
(0.941544 -0.0511449 -1.06688e-20)
(0.933837 -0.0581796 8.53802e-23)
(0.925748 -0.0659948 -4.54449e-21)
(0.917276 -0.0746943 1.18801e-20)
(0.908509 -0.0843307 9.60801e-22)
(0.89944 -0.0950401 -5.8364e-21)
(0.890223 -0.106847 6.1647e-21)
(0.880824 -0.119946 3.02767e-21)
(0.961817 -0.0328913 8.3766e-21)
(0.955378 -0.0378096 -1.66084e-21)
(0.948465 -0.0432908 9.22785e-21)
(0.941104 -0.0493903 -7.16885e-21)
(0.933289 -0.0561893 1.68586e-20)
(0.925068 -0.0637455 -4.5592e-21)
(0.916435 -0.0721619 3.4589e-21)
(0.907472 -0.0814904 -1.87854e-21)
(0.898168 -0.0918669 -1.40776e-20)
(0.888663 -0.103318 6.20482e-21)
(0.878923 -0.116036 -1.22452e-20)
(0.961606 -0.031716 5.52346e-21)
(0.955111 -0.0364593 5.7897e-22)
(0.948128 -0.0417467 -8.73828e-21)
(0.940682 -0.0476315 -8.78362e-22)
(0.932764 -0.0541937 6.46549e-21)
(0.924416 -0.0614894 -3.03456e-20)
(0.915628 -0.0696205 4.02189e-21)
(0.906476 -0.0786381 3.03488e-20)
(0.896944 -0.0886773 -2.70119e-20)
(0.887162 -0.0997659 8.71836e-21)
(0.877091 -0.112095 2.7726e-20)
(0.961405 -0.0305383 -3.077e-21)
(0.954856 -0.0351063 1.01519e-21)
(0.947807 -0.0401992 -2.30567e-21)
(0.940279 -0.0458687 -4.43072e-22)
(0.932261 -0.0521931 6.64805e-21)
(0.92379 -0.0592268 -5.12511e-21)
(0.914854 -0.0670705 -4.31469e-21)
(0.90552 -0.0757742 2.15502e-20)
(0.895768 -0.0854718 -1.19825e-20)
(0.885717 -0.0961926 1.58212e-21)
(0.875326 -0.108125 1.4422e-21)
(0.961213 -0.0293584 -7.54933e-21)
(0.954612 -0.0337506 4.12454e-21)
(0.947499 -0.0386485 8.62375e-21)
(0.939893 -0.044102 -1.53771e-20)
(0.931779 -0.0501875 1.35632e-20)
(0.923191 -0.0569579 -1.04154e-20)
(0.914111 -0.064512 -6.6667e-21)
(0.904601 -0.0728991 2.74935e-20)
(0.894638 -0.0822509 2.09878e-21)
(0.884328 -0.0925983 -4.23591e-20)
(0.873629 -0.104126 3.12232e-20)
(0.862729 -0.116814 6.65361e-21)
(0.96103 -0.0281763 -6.28022e-21)
(0.954379 -0.0323924 -1.28016e-21)
(0.947205 -0.0370948 2.26461e-21)
(0.939524 -0.0423315 -2.85277e-21)
(0.931318 -0.0481772 -1.37431e-21)
(0.922617 -0.0546829 4.97713e-21)
(0.9134 -0.0619453 -9.35012e-21)
(0.903721 -0.070013 -6.64818e-21)
(0.893554 -0.079015 2.0525e-20)
(0.882995 -0.0889837 -2.22977e-20)
(0.871998 -0.1001 1.0603e-21)
(0.860735 -0.112349 -1.0309e-20)
(0.960855 -0.0269921 1.28708e-20)
(0.954156 -0.0310317 -4.22016e-21)
(0.946924 -0.0355382 -1.25344e-20)
(0.939171 -0.0405575 9.5496e-21)
(0.930877 -0.0461623 -1.55843e-21)
(0.922067 -0.0524019 1.79168e-22)
(0.912718 -0.0593707 1.03382e-20)
(0.902877 -0.0671162 -1.34725e-20)
(0.892515 -0.0757646 1.49283e-20)
(0.881716 -0.0853494 2.29701e-20)
(0.870434 -0.0960458 -2.98337e-20)
(0.858821 -0.107848 -1.81618e-20)
(0.960688 -0.025806 9.98804e-22)
(0.953944 -0.0296688 8.46367e-21)
(0.946656 -0.0339788 -8.56268e-21)
(0.938834 -0.03878 2.0798e-21)
(0.930456 -0.044143 5.03667e-21)
(0.921542 -0.0501152 -8.34868e-21)
(0.912067 -0.0567884 -3.87382e-21)
(0.90207 -0.0642092 -2.84483e-21)
(0.891521 -0.0725001 -2.97001e-21)
(0.880492 -0.0816961 4.56785e-21)
(0.868935 -0.0919662 -7.99767e-21)
(0.856987 -0.103311 2.23818e-20)
(0.960529 -0.0246179 -5.26356e-21)
(0.953741 -0.0283036 -5.53112e-21)
(0.946401 -0.0324167 -9.8684e-22)
(0.938513 -0.0369992 2.62094e-21)
(0.930054 -0.0421194 -4.87633e-21)
(0.921041 -0.0478229 -1.00989e-20)
(0.911445 -0.0541988 5.11715e-21)
(0.9013 -0.0612923 1.14644e-20)
(0.890571 -0.0692221 2.97045e-21)
(0.879322 -0.0780243 -4.25256e-22)
(0.867502 -0.0878616 -1.78597e-20)
(0.855233 -0.0987406 8.90417e-21)
(0.960378 -0.0234281 8.191e-21)
(0.953549 -0.0269363 1.07483e-20)
(0.946158 -0.0308519 -6.87373e-21)
(0.938207 -0.0352151 6.28848e-21)
(0.929672 -0.0400917 4.25533e-22)
(0.920564 -0.0455253 9.57046e-21)
(0.910853 -0.051602 -2.0179e-20)
(0.900566 -0.0583658 1.3344e-20)
(0.889666 -0.0659311 2.3288e-21)
(0.878207 -0.0743349 -2.84745e-21)
(0.866135 -0.0837329 1.38443e-20)
(0.853559 -0.0941374 6.42843e-22)
(0.953367 -0.0255669 6.30247e-21)
(0.945927 -0.0292847 4.36091e-21)
(0.937917 -0.033428 -7.55987e-21)
(0.929309 -0.0380601 1.48106e-20)
(0.920111 -0.0432226 -1.05537e-20)
(0.91029 -0.0489983 6.24617e-21)
(0.899868 -0.0554301 -4.13579e-21)
(0.888805 -0.0626276 -7.99344e-21)
(0.877146 -0.0706284 1.92409e-21)
(0.864835 -0.0795813 1.57422e-20)
(0.851965 -0.089503 -4.9835e-22)
(0.953194 -0.0241957 -7.62641e-21)
(0.945709 -0.0277152 -8.22982e-21)
(0.937642 -0.031638 7.82899e-22)
(0.928965 -0.0360246 1.01872e-21)
(0.919681 -0.040915 1.26334e-20)
(0.909757 -0.0463881 -1.09623e-20)
(0.899206 -0.0524856 -7.85999e-22)
(0.887988 -0.0593121 -1.14633e-21)
(0.876139 -0.0669057 2.17994e-21)
(0.8636 -0.0754076 -1.27593e-20)
(0.850452 -0.0848387 1.50925e-20)
(0.953031 -0.0228226 8.02469e-21)
(0.945503 -0.0261434 -1.83327e-20)
(0.937382 -0.0298452 2.76974e-21)
(0.92864 -0.0339856 4.23581e-21)
(0.919275 -0.0386027 1.07988e-20)
(0.909253 -0.0437716 1.84275e-21)
(0.898581 -0.0495327 1.37969e-21)
(0.887216 -0.0559852 -6.7883e-21)
(0.875187 -0.0631675 -1.82258e-21)
(0.862432 -0.0712131 -4.49863e-22)
(0.84902 -0.080146 -1.95158e-20)
(0.952878 -0.0214478 -5.16391e-21)
(0.945309 -0.0245694 -1.70502e-21)
(0.937138 -0.0280497 2.54542e-21)
(0.928334 -0.0319432 -1.43669e-21)
(0.918893 -0.0362859 1.48299e-20)
(0.908778 -0.0411491 -1.3387e-21)
(0.897992 -0.0465717 1.41881e-21)
(0.886489 -0.0526476 -3.07208e-21)
(0.87429 -0.0594145 -9.62489e-21)
(0.861331 -0.0669987 1.00212e-20)
(0.847669 -0.0754264 -2.66628e-21)
(0.952735 -0.0200714 1.05693e-21)
(0.945128 -0.0229935 1.4988e-20)
(0.936909 -0.0262517 -9.72148e-21)
(0.928047 -0.0298975 2.96574e-21)
(0.918535 -0.0339648 9.35625e-22)
(0.908332 -0.038521 1.40763e-22)
(0.897439 -0.0436031 -8.96509e-22)
(0.885806 -0.0492996 3.06594e-21)
(0.873447 -0.0556476 1.70655e-22)
(0.860297 -0.0627654 1.51248e-20)
(0.846401 -0.0706812 -3.22558e-21)
(0.831656 -0.079562 -4.72344e-21)
(0.952601 -0.0186934 -5.96977e-21)
(0.944958 -0.0214157 -4.04848e-21)
(0.936695 -0.0244513 9.43743e-21)
(0.927779 -0.0278487 -1.18212e-20)
(0.9182 -0.0316398 -4.1486e-21)
(0.907916 -0.0358876 -5.15869e-21)
(0.896922 -0.0406274 1.41576e-20)
(0.885168 -0.045942 -1.28753e-20)
(0.87266 -0.0518676 7.32299e-21)
(0.859331 -0.0585145 -1.93334e-20)
(0.845215 -0.065912 -1.61043e-20)
(0.830209 -0.0742157 4.25661e-22)
(0.952476 -0.0173141 3.9482e-21)
(0.944801 -0.019836 -5.74206e-21)
(0.936497 -0.0226487 4.53875e-22)
(0.927531 -0.0257971 6.87087e-21)
(0.917889 -0.029311 -2.6149e-21)
(0.907529 -0.0332492 1.2247e-21)
(0.896442 -0.037645 2.56577e-21)
(0.884575 -0.0425753 -1.73983e-21)
(0.871928 -0.0480752 9.70244e-21)
(0.858432 -0.0542471 2.61924e-21)
(0.844112 -0.0611205 8.26366e-21)
(0.828863 -0.0688396 -5.8169e-21)
(0.952362 -0.0159334 -5.92307e-21)
(0.944655 -0.0182548 1.31245e-20)
(0.936313 -0.020844 -3.45584e-21)
(0.927301 -0.0237428 3.61912e-21)
(0.917601 -0.0269787 -1.10898e-22)
(0.907172 -0.0306061 5.26117e-21)
(0.895998 -0.0346562 -2.91062e-21)
(0.884027 -0.0392002 4.45059e-21)
(0.871251 -0.0442714 -2.0187e-20)
(0.857601 -0.0499642 1.42008e-20)
(0.843092 -0.056308 -4.22683e-21)
(0.827618 -0.0634355 -3.06456e-21)
(0.952257 -0.0145514 -1.19873e-21)
(0.944522 -0.016672 -2.01679e-21)
(0.936145 -0.0190374 -2.34086e-21)
(0.92709 -0.021686 -5.76576e-22)
(0.917338 -0.0246431 2.94805e-21)
(0.906844 -0.0279587 2.76574e-21)
(0.895591 -0.0316617 -3.185e-21)
(0.883524 -0.0358173 6.20404e-21)
(0.87063 -0.040457 -6.66344e-22)
(0.856838 -0.045667 -8.62328e-21)
(0.842155 -0.0514762 -1.49836e-20)
(0.826474 -0.0580058 2.99659e-20)
(0.952161 -0.0131684 8.24679e-21)
(0.944401 -0.0150878 -7.48048e-21)
(0.935992 -0.0172291 1.61042e-21)
(0.926898 -0.0196269 -1.15297e-21)
(0.917098 -0.0223046 -2.73615e-21)
(0.906546 -0.0253073 -2.43454e-21)
(0.895221 -0.0286618 -3.83328e-21)
(0.883066 -0.0324272 3.15373e-21)
(0.870065 -0.0366328 4.16242e-22)
(0.856144 -0.0413568 5.19322e-21)
(0.841303 -0.0466267 3.62104e-22)
(0.825433 -0.0525524 -9.48728e-21)
(0.952075 -0.0117844 -5.87585e-22)
(0.944292 -0.0135024 8.44021e-21)
(0.935855 -0.0154191 1.68184e-21)
(0.926726 -0.0175658 -5.40261e-21)
(0.916882 -0.0199633 3.8873e-21)
(0.906278 -0.0226523 -8.53425e-22)
(0.894887 -0.0256571 4.44184e-22)
(0.882654 -0.0290306 -2.52165e-21)
(0.869556 -0.0327998 -5.78469e-21)
(0.855519 -0.0370347 -1.16808e-21)
(0.840534 -0.0417612 9.26721e-21)
(0.824495 -0.0470776 -1.11454e-20)
(0.951999 -0.0103994 6.02418e-21)
(0.944195 -0.0119158 -4.05045e-21)
(0.935732 -0.0136077 6.14248e-22)
(0.926572 -0.0155028 2.45297e-21)
(0.91669 -0.0176196 5.59753e-22)
(0.906039 -0.0199941 2.10151e-21)
(0.894591 -0.022648 -6.28831e-21)
(0.882287 -0.0256281 2.83124e-22)
(0.869103 -0.0289588 1.21499e-20)
(0.854962 -0.0327019 1.90511e-21)
(0.83985 -0.0368812 -7.9043e-21)
(0.82366 -0.0415835 3.24712e-21)
(0.951932 -0.00901366 -1.62785e-21)
(0.94411 -0.0103282 -1.1327e-21)
(0.935625 -0.011795 2.46798e-21)
(0.926438 -0.0134381 -4.05334e-21)
(0.916522 -0.0152737 -1.71416e-22)
(0.90583 -0.017333 2.1498e-21)
(0.894331 -0.019635 -4.50841e-21)
(0.881966 -0.0222204 -8.64712e-22)
(0.868707 -0.0251107 2.61861e-21)
(0.854475 -0.0283597 4.32195e-22)
(0.839252 -0.0319884 -2.25673e-21)
(0.822928 -0.0360724 -3.52591e-21)
(0.951874 -0.00762722 -2.17903e-21)
(0.944037 -0.00873978 -4.5018e-22)
(0.935533 -0.00998123 -3.63932e-21)
(0.926323 -0.011372 2.06162e-21)
(0.916378 -0.0129259 6.70256e-22)
(0.90565 -0.0146694 -8.80723e-22)
(0.894108 -0.0166187 -3.10153e-21)
(0.881691 -0.0188082 6.6873e-21)
(0.868366 -0.0212566 -1.98245e-21)
(0.854057 -0.0240092 -2.96714e-21)
(0.838738 -0.0270846 -3.79295e-21)
(0.8223 -0.0305465 5.69479e-21)
(0.951827 -0.00624019 2.63141e-21)
(0.943977 -0.00715058 -7.39639e-22)
(0.935457 -0.0081665 -3.45638e-23)
(0.926227 -0.00930472 3.89344e-21)
(0.916258 -0.0105765 -1.9853e-21)
(0.905501 -0.0120037 2.03541e-21)
(0.893922 -0.0135995 7.70054e-22)
(0.881461 -0.0153922 -5.38022e-22)
(0.868083 -0.0173972 3.96871e-21)
(0.853708 -0.0196517 -6.05851e-21)
(0.838309 -0.0221713 -1.42356e-21)
(0.821777 -0.025008 4.85032e-21)
(0.951788 -0.00485267 -9.16026e-22)
(0.943928 -0.00556077 -2.28043e-22)
(0.935395 -0.00635099 1.82053e-21)
(0.92615 -0.00723641 -2.40324e-21)
(0.916162 -0.00822584 1.86281e-21)
(0.905381 -0.00933618 -4.50534e-21)
(0.893774 -0.0105779 3.84409e-21)
(0.881277 -0.011973 -2.17168e-21)
(0.867856 -0.0135336 1.74624e-21)
(0.853429 -0.0152886 -2.39861e-21)
(0.837966 -0.0172502 4.66726e-21)
(0.821357 -0.0194592 5.09651e-22)
(0.95176 -0.00346478 -1.33041e-22)
(0.943892 -0.00397049 9.70879e-22)
(0.93535 -0.00453489 -9.68963e-22)
(0.926093 -0.00516732 2.42119e-21)
(0.91609 -0.00587411 -2.71212e-21)
(0.905292 -0.00666735 4.34912e-23)
(0.893662 -0.00755455 -1.51312e-21)
(0.88114 -0.00855141 9.68751e-23)
(0.867685 -0.00966664 3.12307e-21)
(0.853219 -0.0109209 1.00141e-21)
(0.837709 -0.0123232 -5.16836e-21)
(0.821043 -0.0139024 2.23992e-21)
(0.951741 -0.00207662 -5.79029e-22)
(0.943868 -0.00237987 6.63535e-23)
(0.935319 -0.00271835 -8.88748e-22)
(0.926054 -0.00309768 8.08088e-22)
(0.916042 -0.00352166 -6.36887e-22)
(0.905232 -0.00399754 -1.56233e-21)
(0.893588 -0.00452986 8.45407e-22)
(0.881048 -0.00512803 2.80072e-22)
(0.867572 -0.00579731 4.28161e-22)
(0.85308 -0.00655012 -4.49802e-22)
(0.837537 -0.00739184 -1.02001e-21)
(0.820833 -0.0083399 -7.32904e-22)
(0.951731 -0.000688306 2.33485e-22)
(0.943856 -0.000789048 -1.25117e-22)
(0.935304 -0.000901557 -5.01321e-23)
(0.926035 -0.00102771 6.90213e-22)
(0.916018 -0.00116876 5.22825e-22)
(0.905202 -0.00132715 -7.3614e-23)
(0.893551 -0.00150438 1.83566e-22)
(0.881002 -0.0017036 1.79564e-22)
(0.867515 -0.00192655 -7.24012e-22)
(0.85301 -0.00217739 -3.9987e-22)
(0.837451 -0.00245792 2.8869e-22)
(0.820728 -0.00277393 -7.64666e-22)
(1.02216 -0.0013718 0)
(1.0256 -0.00148258 0)
(1.02914 -0.00158857 0)
(1.03274 -0.00168948 0)
(1.03638 -0.00178494 0)
(1.04003 -0.00187486 0)
(1.04368 -0.00195895 0)
(1.04731 -0.00203736 0)
(1.05089 -0.00210981 0)
(1.05443 -0.00217682 0)
(1.02212 -0.00408308 0)
(1.02557 -0.00441322 0)
(1.02911 -0.00472916 0)
(1.03271 -0.00503005 0)
(1.03635 -0.00531474 0)
(1.04001 -0.00558296 0)
(1.04366 -0.00583382 0)
(1.04729 -0.0060678 0)
(1.05088 -0.00628405 0)
(1.05443 -0.00648404 0)
(1.02206 -0.00672991 0)
(1.02551 -0.00727543 0)
(1.02905 -0.00779771 0)
(1.03265 -0.00829533 0)
(1.0363 -0.00876636 0)
(1.03996 -0.00921031 0)
(1.04362 -0.00962567 0)
(1.04726 -0.0100132 0)
(1.05086 -0.0103715 0)
(1.05442 -0.010703 0)
(1.02197 -0.00931281 0)
(1.02542 -0.0100704 0)
(1.02896 -0.0107963 0)
(1.03256 -0.0114883 0)
(1.03621 -0.0121437 0)
(1.03988 -0.0127617 0)
(1.04356 -0.0133403 0)
(1.04721 -0.0138804 0)
(1.05083 -0.0143799 0)
(1.0544 -0.0148422 0)
(1.02186 -0.0118323 0)
(1.0253 -0.0127994 0)
(1.02883 -0.0137267 0)
(1.03244 -0.0146115 0)
(1.0361 -0.0154501 0)
(1.03978 -0.0162415 0)
(1.04347 -0.0169829 0)
(1.04714 -0.0176753 0)
(1.05078 -0.0183161 0)
(1.05437 -0.0189095 0)
(1.02171 -0.0142886 0)
(1.02514 -0.0154631 0)
(1.02868 -0.0165904 0)
(1.03229 -0.0176671 0)
(1.03596 -0.0186885 0)
(1.03965 -0.0196533 0)
(1.04336 -0.0205577 0)
(1.04705 -0.0214032 0)
(1.05071 -0.0221861 0)
(1.05433 -0.0229116 0)
(1.02153 -0.0166818 0)
(1.02495 -0.0180622 0)
(1.02849 -0.0193885 0)
(1.0321 -0.0206567 0)
(1.03578 -0.0218611 0)
(1.03949 -0.023 0)
(1.04321 -0.0240686 0)
(1.04693 -0.0250684 0)
(1.05062 -0.025995 0)
(1.05427 -0.0268543 0)
(1.02131 -0.0190119 0)
(1.02473 -0.0205968 0)
(1.02826 -0.0221217 0)
(1.03188 -0.0235817 0)
(1.03556 -0.0249699 0)
(1.03929 -0.026284 0)
(1.04303 -0.0275185 0)
(1.04677 -0.0286746 0)
(1.05049 -0.0297471 0)
(1.05418 -0.0307426 0)
(1.02106 -0.0212784 0)
(1.02447 -0.0230669 0)
(1.02799 -0.0247904 0)
(1.03161 -0.0264427 0)
(1.0353 -0.028016 0)
(1.03904 -0.0295073 0)
(1.04281 -0.0309099 0)
(1.04658 -0.032225 0)
(1.05033 -0.0334462 0)
(1.05406 -0.0345808 0)
(1.02078 -0.0234809 0)
(1.02417 -0.0254724 0)
(1.02769 -0.0273946 0)
(1.0313 -0.0292403 0)
(1.035 -0.0310004 0)
(1.03875 -0.0326712 0)
(1.04254 -0.0342447 0)
(1.04634 -0.035722 0)
(1.05013 -0.0370953 0)
(1.05389 -0.0383726 0)
(1.02046 -0.0256187 0)
(1.02383 -0.0278127 0)
(1.02733 -0.029934 0)
(1.03095 -0.0319745 0)
(1.03465 -0.0339236 0)
(1.03842 -0.0357766 0)
(1.04222 -0.0375242 0)
(1.04605 -0.0391673 0)
(1.04988 -0.0406967 0)
(1.05369 -0.0421208 0)
(1.0201 -0.0276909 0)
(1.02344 -0.030087 0)
(1.02693 -0.0324082 0)
(1.03054 -0.0346451 0)
(1.03424 -0.0367854 0)
(1.03802 -0.0388238 0)
(1.04185 -0.0407493 0)
(1.04571 -0.0425624 0)
(1.04957 -0.0442522 0)
(1.05343 -0.0458279 0)
(1.01969 -0.0296964 0)
(1.02301 -0.0322944 0)
(1.02648 -0.0348162 0)
(1.03008 -0.0372513 0)
(1.03378 -0.0395857 0)
(1.03757 -0.0418129 0)
(1.04142 -0.0439203 0)
(1.04531 -0.0459079 0)
(1.04921 -0.0477632 0)
(1.05311 -0.0494955 0)
(1.01925 -0.0316342 0)
(1.02253 -0.0344338 0)
(1.02597 -0.037157 0)
(1.02956 -0.0397922 0)
(1.03326 -0.0423235 0)
(1.03706 -0.0447433 0)
(1.04092 -0.0470372 0)
(1.04484 -0.0492043 0)
(1.04878 -0.0512303 0)
(1.05272 -0.053125 0)
(1.01876 -0.0335029 0)
(1.022 -0.0365038 0)
(1.02541 -0.0394294 0)
(1.02898 -0.0422667 0)
(1.03267 -0.0449979 0)
(1.03647 -0.0476143 0)
(1.04035 -0.0500993 0)
(1.0443 -0.0524514 0)
(1.04827 -0.054654 0)
(1.05227 -0.0567171 0)
(1.01822 -0.0353013 0)
(1.02142 -0.0385029 0)
(1.0248 -0.0416317 0)
(1.02834 -0.0446732 0)
(1.03202 -0.0476076 0)
(1.03582 -0.0504247 0)
(1.03971 -0.0531058 0)
(1.04368 -0.0556485 0)
(1.04769 -0.0580338 0)
(1.05173 -0.060272 0)
(1.01764 -0.0370278 0)
(1.02078 -0.0404297 0)
(1.02412 -0.0437624 0)
(1.02763 -0.0470101 0)
(1.03129 -0.0501508 0)
(1.03509 -0.0531729 0)
(1.03899 -0.0560553 0)
(1.04298 -0.0587947 0)
(1.04703 -0.0613694 0)
(1.05112 -0.0637896 0)
(1.01701 -0.0386811 0)
(1.0201 -0.0422824 0)
(1.02338 -0.0458197 0)
(1.02686 -0.0492755 0)
(1.03049 -0.0526257 0)
(1.03428 -0.0558572 0)
(1.03819 -0.0589463 0)
(1.04219 -0.0618885 0)
(1.04627 -0.0646595 0)
(1.05041 -0.0672692 0)
(1.01634 -0.0402596 0)
(1.01935 -0.0440595 0)
(1.02258 -0.0478016 0)
(1.02601 -0.0514673 0)
(1.02962 -0.0550302 0)
(1.03339 -0.0584754 0)
(1.03729 -0.0617767 0)
(1.04131 -0.0649283 0)
(1.04542 -0.0679027 0)
(1.0496 -0.0707098 0)
(1.01561 -0.0417621 0)
(1.01856 -0.0457591 0)
(1.02172 -0.0497062 0)
(1.0251 -0.0535834 0)
(1.02867 -0.0573619 0)
(1.03241 -0.0610253 0)
(1.03631 -0.0645443 0)
(1.04034 -0.067912 0)
(1.04447 -0.0710973 0)
(1.04869 -0.0741099 0)
(1.01484 -0.043187 0)
(1.0177 -0.0473795 0)
(1.02079 -0.0515315 0)
(1.02411 -0.0556215 0)
(1.02763 -0.0596185 0)
(1.03135 -0.0635042 0)
(1.03523 -0.0672466 0)
(1.03927 -0.070837 0)
(1.04342 -0.074241 0)
(1.04768 -0.0774676 0)
(1.01403 -0.0445332 0)
(1.01679 -0.0489191 0)
(1.0198 -0.0532754 0)
(1.02305 -0.0575792 0)
(1.02652 -0.0617972 0)
(1.0302 -0.0659095 0)
(1.03406 -0.0698807 0)
(1.03809 -0.0737007 0)
(1.04226 -0.0773313 0)
(1.04655 -0.0807808 0)
(1.01317 -0.0457992 0)
(1.01583 -0.0503761 0)
(1.01875 -0.0549358 0)
(1.02192 -0.0594541 0)
(1.02533 -0.0638954 0)
(1.02896 -0.0682381 0)
(1.03279 -0.0724436 0)
(1.03681 -0.0765 0)
(1.04099 -0.0803653 0)
(1.0453 -0.0840468 0)
(1.01226 -0.0469841 0)
(1.01481 -0.0517491 0)
(1.01763 -0.0565108 0)
(1.02071 -0.0612438 0)
(1.02405 -0.0659103 0)
(1.02762 -0.070487 0)
(1.03142 -0.074932 0)
(1.03542 -0.0792317 0)
(1.0396 -0.0833397 0)
(1.04393 -0.0872626 0)
(1.01131 -0.0480868 0)
(1.01375 -0.0530366 0)
(1.01646 -0.0579983 0)
(1.01944 -0.0629459 0)
(1.02269 -0.0678391 0)
(1.02619 -0.0726531 0)
(1.02994 -0.0773426 0)
(1.03392 -0.0818923 0)
(1.03809 -0.0862512 0)
(1.04244 -0.0904249 0)
(1.01032 -0.0491065 0)
(1.01263 -0.0542372 0)
(1.01521 -0.0593967 0)
(1.01809 -0.0645579 0)
(1.02124 -0.0696789 0)
(1.02467 -0.074733 0)
(1.02836 -0.0796718 0)
(1.0323 -0.0844779 0)
(1.03646 -0.0890959 0)
(1.04082 -0.0935301 0)
(1.00928 -0.0500425 0)
(1.01146 -0.0553497 0)
(1.01392 -0.060704 0)
(1.01667 -0.0660777 0)
(1.01972 -0.0714269 0)
(1.02306 -0.0767235 0)
(1.02668 -0.0819159 0)
(1.03057 -0.0869847 0)
(1.03471 -0.0918698 0)
(1.03906 -0.0965742 0)
(1.00822 -0.0508944 0)
(1.01024 -0.0563733 0)
(1.01256 -0.0619188 0)
(1.01518 -0.067503 0)
(1.01811 -0.0730803 0)
(1.02135 -0.0786213 0)
(1.02489 -0.0840711 0)
(1.02873 -0.0894085 0)
(1.03283 -0.0945686 0)
(1.03718 -0.0995528 0)
(1.00711 -0.0516618 0)
(1.00898 -0.0573069 0)
(1.01115 -0.0630396 0)
(1.01363 -0.0688317 0)
(1.01643 -0.0746364 0)
(1.01956 -0.080423 0)
(1.02301 -0.0861336 0)
(1.02676 -0.0917451 0)
(1.03082 -0.0971878 0)
(1.03515 -0.102461 0)
(1.00597 -0.0523447 0)
(1.00768 -0.05815 0)
(1.00968 -0.0640651 0)
(1.01201 -0.070062 0)
(1.01467 -0.0760927 0)
(1.01767 -0.0821254 0)
(1.02101 -0.0880996 0)
(1.02469 -0.0939901 0)
(1.02869 -0.0997226 0)
(1.03298 -0.105295 0)
(1.0048 -0.0529432 0)
(1.00633 -0.0589022 0)
(1.00817 -0.0649944 0)
(1.01033 -0.0711921 0)
(1.01284 -0.0774466 0)
(1.0157 -0.0837253 0)
(1.01892 -0.0899651 0)
(1.0225 -0.0961392 0)
(1.02643 -0.102168 0)
(1.03068 -0.108049 0)
(1.00361 -0.0534577 0)
(1.00495 -0.0595634 0)
(1.00661 -0.0658267 0)
(1.00859 -0.0722205 0)
(1.01094 -0.0786958 0)
(1.01365 -0.0852197 0)
(1.01673 -0.0917264 0)
(1.0202 -0.0981878 0)
(1.02404 -0.10452 0)
(1.02823 -0.110717 0)
(1.00239 -0.0538887 0)
(1.00354 -0.0601335 0)
(1.00501 -0.0665613 0)
(1.0068 -0.0731459 0)
(1.00897 -0.0798384 0)
(1.01151 -0.0866055 0)
(1.01445 -0.0933798 0)
(1.01779 -0.100131 0)
(1.02152 -0.106772 0)
(1.02565 -0.113295 0)
(1.00115 -0.0542371 0)
(1.0021 -0.060613 0)
(1.00337 -0.0671981 0)
(1.00496 -0.0739673 0)
(1.00693 -0.0808725 0)
(1.0093 -0.0878801 0)
(1.01207 -0.0949216 0)
(1.01527 -0.101966 0)
(1.01889 -0.10892 0)
(1.02292 -0.115776 0)
(0.999888 -0.0545038 0)
(1.00064 -0.0610023 0)
(1.00169 -0.0677368 0)
(1.00308 -0.0746839 0)
(1.00484 -0.0817963 0)
(1.00701 -0.089041 0)
(1.00961 -0.0963483 0)
(1.01264 -0.103686 0)
(1.01613 -0.110958 0)
(1.02005 -0.118154 0)
(0.998614 -0.0546902 0)
(0.99915 -0.0613023 0)
(0.999982 -0.0681779 0)
(1.00115 -0.0752952 0)
(1.0027 -0.0826087 0)
(1.00465 -0.0900858 0)
(1.00706 -0.0976568 0)
(1.00991 -0.105288 0)
(1.01325 -0.112882 0)
(1.01705 -0.120424 0)
(0.997328 -0.0547976 0)
(0.997644 -0.0615141 0)
(0.998248 -0.0685218 0)
(0.999185 -0.075801 0)
(1.0005 -0.0833086 0)
(1.00224 -0.0910126 0)
(1.00443 -0.0988439 0)
(1.00709 -0.106768 0)
(1.01025 -0.114685 0)
(1.01391 -0.122579 0)
(0.996034 -0.0548278 0)
(0.996123 -0.0616389 0)
(0.996492 -0.0687692 0)
(0.997188 -0.0762015 0)
(0.998264 -0.0838952 0)
(0.999759 -0.0918197 0)
(1.00172 -0.0999069 0)
(1.00417 -0.108122 0)
(1.00715 -0.116364 0)
(1.01065 -0.124614 0)
(0.994735 -0.0547827 0)
(0.994592 -0.0616783 0)
(0.994719 -0.0689214 0)
(0.995163 -0.076497 0)
(0.995986 -0.0843681 0)
(0.997228 -0.0925055 0)
(0.998948 -0.100843 0)
(1.00117 -0.109346 0)
(1.00394 -0.117912 0)
(1.00725 -0.126521 0)
(0.993435 -0.0546641 0)
(0.993054 -0.0616342 0)
(0.992931 -0.0689795 0)
(0.993116 -0.0766883 0)
(0.993674 -0.0847273 0)
(0.99465 -0.0930692 0)
(0.99611 -0.101651 0)
(0.99808 -0.110437 0)
(1.00062 -0.119326 0)
(1.00373 -0.128296 0)
(0.992135 -0.0544745 0)
(0.991513 -0.0615084 0)
(0.991135 -0.0689454 0)
(0.991051 -0.0767765 0)
(0.991334 -0.0849731 0)
(0.992031 -0.09351 0)
(0.993216 -0.102328 0)
(0.994919 -0.111392 0)
(0.997213 -0.120601 0)
(1.00009 -0.129933 0)
(0.99084 -0.0542162 0)
(0.989973 -0.0613033 0)
(0.989333 -0.0688207 0)
(0.988973 -0.076763 0)
(0.988972 -0.0851061 0)
(0.989377 -0.0938277 0)
(0.990272 -0.102872 0)
(0.991689 -0.112207 0)
(0.993714 -0.121732 0)
(0.996345 -0.131425 0)
(0.989551 -0.0538916 0)
(0.988437 -0.0610213 0)
(0.987531 -0.0686077 0)
(0.986889 -0.0766493 0)
(0.986593 -0.0851273 0)
(0.986693 -0.0940224 0)
(0.987283 -0.103284 0)
(0.988396 -0.112881 0)
(0.990132 -0.122717 0)
(0.99249 -0.132767 0)
(0.988273 -0.0535036 0)
(0.986909 -0.0606649 0)
(0.985733 -0.0683088 0)
(0.984802 -0.0764376 0)
(0.984203 -0.0850381 0)
(0.983988 -0.0940945 0)
(0.984258 -0.103562 0)
(0.98505 -0.113411 0)
(0.986477 -0.123551 0)
(0.988537 -0.133955 0)
(0.987008 -0.0530547 0)
(0.985391 -0.060237 0)
(0.983943 -0.0679265 0)
(0.982718 -0.0761302 0)
(0.981808 -0.0848403 0)
(0.981267 -0.0940452 0)
(0.981205 -0.103707 0)
(0.981658 -0.113797 0)
(0.982755 -0.124232 0)
(0.984495 -0.134984 0)
(0.985758 -0.052548 0)
(0.983889 -0.0597404 0)
(0.982166 -0.0674638 0)
(0.980641 -0.0757295 0)
(0.979414 -0.0845359 0)
(0.978537 -0.0938758 0)
(0.978129 -0.103718 0)
(0.978228 -0.114037 0)
(0.978976 -0.124757 0)
(0.980372 -0.135849 0)
(0.984525 -0.0519863 0)
(0.982404 -0.0591783 0)
(0.980404 -0.0669236 0)
(0.978577 -0.0752385 0)
(0.977027 -0.0841274 0)
(0.975806 -0.0935882 0)
(0.975041 -0.103597 0)
(0.97477 -0.114132 0)
(0.97515 -0.125125 0)
(0.976179 -0.136548 0)
(0.983313 -0.0513727 0)
(0.98094 -0.0585538 0)
(0.978662 -0.0663092 0)
(0.976531 -0.0746604 0)
(0.974653 -0.0836177 0)
(0.973081 -0.0931847 0)
(0.971948 -0.103345 0)
(0.971293 -0.114081 0)
(0.971288 -0.125334 0)
(0.971927 -0.137076 0)
(0.982123 -0.0507104 0)
(0.979499 -0.0578702 0)
(0.976944 -0.0656241 0)
(0.974508 -0.0739985 0)
(0.972299 -0.0830099 0)
(0.970368 -0.092668 0)
(0.968859 -0.102963 0)
(0.967807 -0.113886 0)
(0.967399 -0.125384 0)
(0.967628 -0.137434 0)
(0.980957 -0.0500024 0)
(0.978086 -0.057131 0)
(0.975254 -0.0648718 0)
(0.972512 -0.0732566 0)
(0.96997 -0.0823076 0)
(0.967678 -0.0920414 0)
(0.965784 -0.102456 0)
(0.964324 -0.113548 0)
(0.963498 -0.125275 0)
(0.963296 -0.137617 0)
(0.979819 -0.049252 0)
(0.976703 -0.0563397 0)
(0.973597 -0.064056 0)
(0.97055 -0.0724384 0)
(0.967673 -0.0815148 0)
(0.965016 -0.0913086 0)
(0.962731 -0.101825 0)
(0.960855 -0.113069 0)
(0.959597 -0.125008 0)
(0.958946 -0.137628 0)
(0.978711 -0.0484624 0)
(0.975353 -0.0554998 0)
(0.971977 -0.0631809 0)
(0.968627 -0.0715482 0)
(0.965417 -0.0806355 0)
(0.962394 -0.0904735 0)
(0.959713 -0.101075 0)
(0.957412 -0.112453 0)
(0.95571 -0.124585 0)
(0.954593 -0.137464 0)
(0.977635 -0.047637 0)
(0.974041 -0.0546152 0)
(0.970398 -0.0622503 0)
(0.96675 -0.0705903 0)
(0.963207 -0.0796744 0)
(0.959819 -0.0895408 0)
(0.95674 -0.10021 0)
(0.954009 -0.111704 0)
(0.951851 -0.124009 0)
(0.950255 -0.137128 0)
(0.976595 -0.0467791 0)
(0.972771 -0.0536896 0)
(0.968867 -0.0612687 0)
(0.964925 -0.0695694 0)
(0.961054 -0.0786364 0)
(0.957301 -0.0885155 0)
(0.953823 -0.0992341 0)
(0.950659 -0.110825 0)
(0.948036 -0.123282 0)
(0.945947 -0.136622 0)
(0.975594 -0.0458925 0)
(0.971547 -0.0527274 0)
(0.967388 -0.0602408 0)
(0.963159 -0.0684908 0)
(0.958964 -0.0775273 0)
(0.954852 -0.0874034 0)
(0.950975 -0.098154 0)
(0.947376 -0.109822 0)
(0.94428 -0.12241 0)
(0.941688 -0.135948 0)
(0.974637 -0.0449804 0)
(0.970375 -0.0517323 0)
(0.965969 -0.0591708 0)
(0.96146 -0.0673589 0)
(0.956949 -0.0763515 0)
(0.952482 -0.086209 0)
(0.948209 -0.0969733 0)
(0.944174 -0.108697 0)
(0.9406 -0.121394 0)
(0.937493 -0.135105 0)
(0.973729 -0.0440436 0)
(0.969261 -0.0507047 0)
(0.964618 -0.058059 0)
(0.959838 -0.0661737 0)
(0.955017 -0.0751086 0)
(0.950202 -0.084931 0)
(0.945537 -0.09569 0)
(0.941067 -0.107448 0)
(0.93701 -0.120229 0)
(0.93338 -0.134085 0)
(0.972877 -0.0430815 0)
(0.968212 -0.0496443 0)
(0.963342 -0.0569052 0)
(0.958301 -0.0649356 0)
(0.95318 -0.0738 0)
(0.948025 -0.0835725 0)
(0.942972 -0.0943092 0)
(0.938069 -0.106083 0)
(0.933524 -0.118926 0)
(0.929361 -0.132907 0)
(0.972088 -0.0421156 0)
(0.967238 -0.0485778 0)
(0.962151 -0.0557425 0)
(0.95686 -0.0636852 0)
(0.951449 -0.0724753 0)
(0.945961 -0.0821934 0)
(0.940525 -0.0929034 0)
(0.93519 -0.104687 0)
(0.930151 -0.11759 0)
(0.925443 -0.131691 0)
(0.971368 -0.0412174 0)
(0.966344 -0.0475893 0)
(0.961052 -0.0546675 0)
(0.955521 -0.0625309 0)
(0.949828 -0.0712528 0)
(0.944015 -0.0809188 0)
(0.938198 -0.0915991 0)
(0.932429 -0.103383 0)
(0.926888 -0.116324 0)
(0.921618 -0.130512 0)
)
;

boundaryField
{
    inlet
    {
        type            uniformFixedValue;
        uniformValue    constant (1 0 0);
        value           nonuniform 0();
    }
    outlet
    {
        type            pressureInletOutletVelocity;
        value           nonuniform 0();
    }
    cylinder
    {
        type            fixedValue;
        value           nonuniform 0();
    }
    top
    {
        type            symmetryPlane;
    }
    bottom
    {
        type            symmetryPlane;
    }
    defaultFaces
    {
        type            empty;
    }
    procBoundary1to0
    {
        type            processor;
        value           nonuniform List<vector> 
102
(
(0.975648 -0.0348323 -2.50327e-21)
(0.970435 -0.0395191 9.27057e-21)
(0.970435 -0.0395191 9.27057e-21)
(0.970085 -0.038496 -2.94037e-21)
(0.96977 -0.0375041 -9.54489e-22)
(0.969484 -0.0365173 -6.76716e-22)
(0.969221 -0.0355236 1.05739e-20)
(0.968977 -0.0345248 3.95025e-21)
(0.968749 -0.0335227 5.83578e-21)
(0.968536 -0.0325175 -3.58556e-21)
(0.968334 -0.0315095 3.72691e-21)
(0.968143 -0.0304988 4.44183e-22)
(0.967961 -0.0294857 1.61681e-21)
(0.967788 -0.0284702 1.09057e-20)
(0.967624 -0.0274525 -5.02533e-21)
(0.967466 -0.0264327 -5.91636e-21)
(0.967316 -0.025411 -1.55215e-20)
(0.967173 -0.0243874 1.16179e-21)
(0.967037 -0.023362 -1.69308e-21)
(0.966907 -0.0223349 -4.22387e-21)
(0.966783 -0.0213062 2.53916e-21)
(0.966666 -0.0202761 7.13271e-21)
(0.960235 -0.0222366 8.14282e-21)
(0.960235 -0.0222366 8.14282e-21)
(0.9601 -0.0210434 9.10744e-21)
(0.959972 -0.0198488 1.19202e-21)
(0.959852 -0.0186527 -1.16391e-20)
(0.95974 -0.0174552 1.3548e-20)
(0.959635 -0.0162565 -5.11738e-21)
(0.959538 -0.0150566 1.63218e-21)
(0.959448 -0.0138557 8.03024e-21)
(0.959366 -0.0126537 -4.79536e-21)
(0.959291 -0.0114508 3.84814e-21)
(0.959224 -0.0102471 6.45662e-21)
(0.959164 -0.00904265 -9.0451e-22)
(0.959112 -0.00783756 1.86609e-21)
(0.959067 -0.0066319 -2.87515e-21)
(0.95903 -0.00542578 1.25921e-21)
(0.959 -0.00421926 1.2426e-22)
(0.958978 -0.00301245 1.75504e-23)
(0.958963 -0.00180542 1.05862e-21)
(0.958955 -0.000598262 -2.22857e-22)
(1.01883 -0.00125669 0)
(1.0188 -0.00374011 0)
(1.01874 -0.00616347 0)
(1.01865 -0.00852664 0)
(1.01854 -0.0108296 0)
(1.0184 -0.0130721 0)
(1.01823 -0.0152539 0)
(1.01804 -0.0173746 0)
(1.01781 -0.0194336 0)
(1.01754 -0.0214302 0)
(1.01725 -0.0233635 0)
(1.01692 -0.0252327 0)
(1.01655 -0.0270367 0)
(1.01615 -0.0287744 0)
(1.01571 -0.0304446 0)
(1.01522 -0.0320461 0)
(1.0147 -0.0335778 0)
(1.01414 -0.0350383 0)
(1.01355 -0.0364265 0)
(1.01291 -0.0377413 0)
(1.01223 -0.0389816 0)
(1.01151 -0.0401465 0)
(1.01076 -0.0412352 0)
(1.00997 -0.0422469 0)
(1.00914 -0.0431811 0)
(1.00828 -0.0440374 0)
(1.00739 -0.0448157 0)
(1.00647 -0.0455157 0)
(1.00552 -0.0461378 0)
(1.00455 -0.0466823 0)
(1.00355 -0.0471497 0)
(1.00254 -0.0475408 0)
(1.0015 -0.0478566 0)
(1.00046 -0.0480982 0)
(0.999396 -0.0482669 0)
(0.998327 -0.0483644 0)
(0.997251 -0.0483923 0)
(0.996171 -0.0483525 0)
(0.995089 -0.048247 0)
(0.994009 -0.0480781 0)
(0.992933 -0.0478479 0)
(0.991863 -0.0475591 0)
(0.990802 -0.0472139 0)
(0.989752 -0.0468152 0)
(0.988715 -0.0463654 0)
(0.987692 -0.0458675 0)
(0.986686 -0.045324 0)
(0.985699 -0.0447379 0)
(0.984732 -0.044112 0)
(0.983787 -0.043449 0)
(0.982865 -0.0427519 0)
(0.981969 -0.0420235 0)
(0.981101 -0.0412667 0)
(0.980262 -0.0404845 0)
(0.979457 -0.03968 0)
(0.978687 -0.0388561 0)
(0.977959 -0.0380134 0)
(0.977276 -0.0371517 0)
(0.976645 -0.0362881 0)
(0.976073 -0.0354817 0)
)
;
    }
    procBoundary1to2
    {
        type            processor;
        value           nonuniform List<vector> 
104
(
(0.908529 -0.160789 3.26499e-21)
(0.916906 -0.145955 0)
(0.905081 -0.157339 2.56208e-20)
(0.901968 -0.153624 -1.99376e-20)
(0.899102 -0.150012 -1.64068e-20)
(0.896423 -0.146391 8.93856e-21)
(0.893892 -0.142721 1.80285e-20)
(0.891484 -0.13901 -4.49953e-21)
(0.891484 -0.13901 -4.49953e-21)
(0.881646 -0.151077 2.07761e-20)
(0.878972 -0.146946 3.86615e-20)
(0.876395 -0.142769 5.02002e-21)
(0.873907 -0.138548 1.07178e-20)
(0.871507 -0.134283 1.12218e-20)
(0.86919 -0.129976 4.37931e-21)
(0.866956 -0.125629 3.14092e-20)
(0.864802 -0.121241 -1.07036e-20)
(0.864802 -0.121241 -1.07036e-20)
(0.851526 -0.130942 1.54407e-20)
(0.849105 -0.126003 -9.65594e-21)
(0.84678 -0.121014 -5.32348e-21)
(0.84455 -0.115979 -1.33627e-20)
(0.842416 -0.110898 -3.19282e-20)
(0.840378 -0.105773 1.46888e-20)
(0.838437 -0.100607 5.51111e-21)
(0.836594 -0.0954007 1.47368e-20)
(0.834849 -0.0901564 -1.61963e-20)
(0.833203 -0.0848762 4.37273e-21)
(0.833203 -0.0848762 4.37273e-21)
(0.816179 -0.0893958 -2.41822e-22)
(0.814413 -0.0834194 -5.84316e-21)
(0.81277 -0.0774028 -3.289e-21)
(0.811249 -0.0713489 -1.60885e-21)
(0.809852 -0.0652605 1.27914e-20)
(0.80858 -0.0591405 -1.87481e-20)
(0.807434 -0.0529918 -2.12565e-21)
(0.806413 -0.0468174 -6.91491e-21)
(0.805518 -0.0406201 -1.16822e-21)
(0.80475 -0.034403 -6.74241e-21)
(0.80411 -0.0281691 -1.06408e-21)
(0.803597 -0.0219215 2.04022e-21)
(0.803212 -0.0156631 4.43375e-21)
(0.802956 -0.00939702 1.90203e-21)
(0.802827 -0.00312636 2.59996e-22)
(1.0579 -0.00223791 0)
(1.0579 -0.00666644 0)
(1.05791 -0.0110053 0)
(1.05791 -0.0152641 0)
(1.05791 -0.0194513 0)
(1.0579 -0.0235743 0)
(1.05787 -0.0276397 0)
(1.05782 -0.0316531 0)
(1.05773 -0.0356195 0)
(1.05762 -0.039543 0)
(1.05746 -0.0434271 0)
(1.05725 -0.0472746 0)
(1.05698 -0.051088 0)
(1.05666 -0.054869 0)
(1.05626 -0.0586187 0)
(1.05578 -0.062338 0)
(1.05522 -0.0660272 0)
(1.05457 -0.0696861 0)
(1.05382 -0.0733141 0)
(1.05296 -0.0769102 0)
(1.052 -0.080473 0)
(1.05092 -0.0840007 0)
(1.04972 -0.0874909 0)
(1.04839 -0.0909412 0)
(1.04694 -0.0943486 0)
(1.04535 -0.0977095 0)
(1.04362 -0.10102 0)
(1.04174 -0.104277 0)
(1.03972 -0.107475 0)
(1.03756 -0.110609 0)
(1.03524 -0.113675 0)
(1.03276 -0.116667 0)
(1.03014 -0.119579 0)
(1.02736 -0.122404 0)
(1.02442 -0.125138 0)
(1.02133 -0.127772 0)
(1.01809 -0.130301 0)
(1.0147 -0.132717 0)
(1.01115 -0.135014 0)
(1.00747 -0.137184 0)
(1.00364 -0.139221 0)
(0.999674 -0.141117 0)
(0.99558 -0.142865 0)
(0.991362 -0.144459 0)
(0.987029 -0.145893 0)
(0.98259 -0.14716 0)
(0.978055 -0.148255 0)
(0.973435 -0.149174 0)
(0.968743 -0.149911 0)
(0.963994 -0.150463 0)
(0.959202 -0.150827 0)
(0.954385 -0.151002 0)
(0.949559 -0.150985 0)
(0.944742 -0.150777 0)
(0.939952 -0.150379 0)
(0.935206 -0.149785 0)
(0.930521 -0.148985 0)
(0.925909 -0.148006 0)
(0.921375 -0.146987 0)
(0.916906 -0.145955 0)
)
;
    }
    procBoundary1to16
    {
        type            processor;
        value           uniform (0.958955 0.000608939 -6.94042e-23);
    }
    procBoundary1to17
    {
        type            processor;
        value           nonuniform List<vector> 
13
(
(0.951741 0.0020884 -4.38292e-22)
(0.943868 0.00239267 -4.03185e-22)
(0.935319 0.00273213 -3.55302e-22)
(0.926054 0.00311237 -7.34723e-23)
(0.916042 0.00353719 -2.49549e-22)
(0.905232 0.00401384 1.98493e-21)
(0.881002 0.00172119 6.29392e-22)
(0.893588 0.00454685 -1.21606e-21)
(0.881002 0.00172119 6.29392e-22)
(0.867515 0.00194468 -2.68494e-22)
(0.85301 0.00219598 9.87122e-24)
(0.837451 0.00247688 -8.37586e-22)
(0.820728 0.00279319 -5.25144e-22)
)
;
    }
}


// ************************************************************************* //
