/*--------------------------------*- C++ -*----------------------------------*\
  =========                 |
  \\      /  F ield         | OpenFOAM: The Open Source CFD Toolbox
   \\    /   O peration     | Website:  https://openfoam.org
    \\  /    A nd           | Version:  7
     \\/     M anipulation  |
\*---------------------------------------------------------------------------*/
FoamFile
{
    version     2.0;
    format      ascii;
    class       surfaceScalarField;
    location    "25";
    object      phi;
}
// * * * * * * * * * * * * * * * * * * * * * * * * * * * * * * * * * * * * * //

dimensions      [0 3 -1 0 0 0 0];

internalField   nonuniform List<scalar> 
2005
(
1.91601e-05
5.33472e-07
1.86266e-05
4.11386e-05
6.41874e-07
1.79847e-05
3.82718e-05
7.61441e-07
1.72233e-05
1.63305e-05
0.000749995
0.00389724
0.000765875
0.00402982
0.000780607
0.00416335
0.00429999
0.000794624
0.000635712
0.00304281
0.000678093
0.00325046
0.000712728
0.00343169
0.000741041
0.00359237
0.000764589
0.00373885
0.000784804
0.00387703
0.000802845
0.00401178
0.000819565
0.00414663
0.00428408
0.000835481
0.00038419
0.00183878
0.000460757
0.00215981
0.000532541
0.00246305
0.000596965
0.00274021
0.000652669
0.00298711
0.000699473
0.00320365
0.000738129
0.00339304
0.000769964
0.00356054
0.000796537
0.00371228
0.000819349
0.00385422
0.000839665
0.00399146
0.000858445
0.00412785
0.00426622
0.000876301
0.00010193
0.000575516
0.000159549
0.000833093
0.000227762
0.00112303
0.000303627
0.00143567
0.000383394
0.00175902
0.000463012
0.00208019
0.000538742
0.00238732
0.000607695
0.00267125
0.000668147
0.00292665
0.000719585
0.00315222
0.000762512
0.00335011
0.000798123
0.00352492
0.000827948
0.00368245
0.000853542
0.00382862
0.000876267
0.00396874
0.000897198
0.00410692
0.00424637
0.000917048
5.83913e-06
4.1485e-05
2.38052e-05
0.000162607
5.46692e-05
0.00032601
9.87268e-05
0.000531458
0.00015548
0.00077634
0.000223394
0.00105512
0.000299838
0.00135923
0.000381273
0.00167758
0.000463692
0.00199777
0.000543221
0.00230779
0.00061668
0.00259779
0.000681981
0.00286135
0.000738249
0.00309595
0.000785703
0.00330266
0.000825363
0.00348526
0.000858693
0.00364912
0.000887279
0.00380004
0.000912573
0.00394344
0.000935767
0.00408372
0.00422446
0.000957678
5.5322e-06
3.59528e-05
2.27176e-05
0.000145421
5.24746e-05
0.000296253
9.53086e-05
0.000488624
0.000151002
0.000720647
0.000218351
0.000987769
0.000295056
0.00128253
0.000377826
0.00159481
0.000462757
0.00191284
0.000545888
0.00222466
0.000623786
0.0025199
0.000694
0.00279114
0.000755279
0.00303467
0.000807515
0.00325042
0.000851507
0.00344127
0.00088862
0.00361201
0.000920438
0.00376822
0.00094849
0.00391539
0.000974081
0.00405813
0.0042004
0.000998141
5.22376e-06
3.0729e-05
2.16091e-05
0.000129036
5.02038e-05
0.000267658
9.17034e-05
0.000447125
0.000146154
0.000666197
0.000212678
0.000921245
0.000289316
0.00120589
0.000373068
0.00151106
0.000460183
0.00182572
0.000546671
0.00213817
0.000628887
0.00243768
0.000704038
0.00271599
0.000770477
0.00296823
0.000827741
0.00319316
0.000876363
0.00339265
0.000917557
0.00357081
0.000952879
0.0037329
0.000983908
0.00388436
0.00101206
0.00402998
0.00417408
0.00103838
4.9156e-06
2.58134e-05
2.04868e-05
0.000113465
4.78733e-05
0.000240271
8.79399e-05
0.000407058
0.000140977
0.00061316
0.000206423
0.000855799
0.000282668
0.00112964
0.000367029
0.0014267
0.000455964
0.00173679
0.000545513
0.00204862
0.000631871
0.00235132
0.000711928
0.00263593
0.000783644
0.00289651
0.000846166
0.00313063
0.000899714
0.0033391
0.000945311
0.00352522
0.000984436
0.00369377
0.0010187
0.0038501
0.0010496
0.00399908
0.00414537
0.00107831
4.60942e-06
2.1204e-05
1.9358e-05
9.87163e-05
4.54995e-05
0.00021413
8.40474e-05
0.00036851
0.000135515
0.000561692
0.000199642
0.000791673
0.000275168
0.00105412
0.000359753
0.00134211
0.000450111
0.00164643
0.000542375
0.00195636
0.000632639
0.00226106
0.000717516
0.00255105
0.000794577
0.00281945
0.000862559
0.00306265
0.00092133
0.00328033
0.000971665
0.00347488
0.00101492
0.00365052
0.0010527
0.00381232
0.00108659
0.00396519
0.0041141
0.00111786
4.3068e-06
1.68972e-05
1.82293e-05
8.47938e-05
4.30985e-05
0.000189261
8.00553e-05
0.000331553
0.000129814
0.000511934
0.000192395
0.000729092
0.000266884
0.000979627
0.000351302
0.0012577
0.000442657
0.00155507
0.000537242
0.00186177
0.000631113
0.00216719
0.000720657
0.00246151
0.000803077
0.00273703
0.000876685
0.00298904
0.000940959
0.00321606
0.000996375
0.00341947
0.00104412
0.00360277
0.00108574
0.0037707
0.00112288
0.00392805
0.00408007
0.00115691
4.00922e-06
1.2888e-05
1.71072e-05
7.16957e-05
4.06858e-05
0.000165682
7.59929e-05
0.000296246
0.00012392
0.000464007
0.000184746
0.000668265
0.000257893
0.00090648
0.000341749
0.00117384
0.000433656
0.00146316
0.000530123
0.00176531
0.00062724
0.00207007
0.000721227
0.00236752
0.000808951
0.00264931
0.000888303
0.00290969
0.000958337
0.00314602
0.00101918
0.00335863
0.00107179
0.00355016
0.00111761
0.00372487
0.00115831
0.00388736
0.00404304
0.00119534
3.71802e-06
9.16995e-06
1.59978e-05
5.9416e-05
3.82764e-05
0.000143404
7.18888e-05
0.000262634
0.000117879
0.000418017
0.000176762
0.000609381
0.000248278
0.000834965
0.000331182
0.00109094
0.000423181
0.00137117
0.000521053
0.00166743
0.000620993
0.00197013
0.000719123
0.00226939
0.000812023
0.00255641
0.000897175
0.00282454
0.000973185
0.00307001
0.00103979
0.00329203
0.00109765
0.0034923
0.00114807
0.00367446
0.00119267
3.43442e-06
5.73552e-06
1.49065e-05
4.79439e-05
3.58844e-05
0.000122426
6.77707e-05
0.000230748
0.000111738
0.00037405
0.000168511
0.000552608
0.000238126
0.000765351
0.000319702
0.00100936
0.000411326
0.00127954
0.000510093
0.00156867
0.000612377
0.00186785
0.000714273
0.0021675
0.000812138
0.00245854
0.000903071
0.00273361
0.000985223
0.00298786
0.00105789
0.00321936
0.0011214
0.00342879
3.15951e-06
2.57601e-06
1.38386e-05
3.72649e-05
3.35231e-05
0.000102741
6.3665e-05
0.000200606
0.000105542
0.000332173
0.000160062
0.000498088
0.000227531
0.000697882
0.00030742
0.00092947
0.000398203
0.00118876
0.000497335
0.00146954
0.000601429
0.00176375
0.000706639
0.00206229
0.000809168
0.00235601
0.000905776
0.002637
0.000994169
0.00289947
0.00107318
2.89424e-06
-3.18235e-07
1.27986e-05
2.73605e-05
3.12047e-05
8.43352e-05
5.95968e-05
0.000172214
9.9335e-05
0.000292434
0.000151482
0.00044594
0.000216588
0.000632776
0.000294454
0.000851604
0.000383942
0.00109927
0.000482893
0.00137058
0.000588222
0.00165842
0.000696222
0.00195429
0.000803021
0.00224921
0.000905103
0.00253492
2.63944e-06
-2.95767e-06
1.17909e-05
1.82091e-05
2.89403e-05
6.71857e-05
5.55892e-05
0.000145565
9.31583e-05
0.000254865
0.000142839
0.00039626
0.000205393
0.000570222
0.000280928
0.000776068
0.000368685
0.00101151
0.000466909
0.00127236
0.000572866
0.00155247
0.000683063
0.00184409
0.000793646
2.39579e-06
-5.35346e-06
1.08189e-05
9.78597e-06
2.674e-05
5.12645e-05
5.16635e-05
0.000120641
8.70509e-05
0.000219478
0.000134194
0.000349117
0.000194039
0.000510378
0.00026697
0.000703138
0.000352587
0.000925896
0.000449545
0.0011754
0.000555502
0.00144651
2.16387e-06
-7.51734e-06
9.8858e-06
2.06404e-06
2.46127e-05
3.65377e-05
4.7839e-05
9.74148e-05
8.10487e-05
0.000186268
0.00012561
0.000304556
0.00018262
0.000453367
0.000252707
0.000633051
0.000335809
0.000842793
0.000430985
0.00108023
1.94415e-06
-9.46148e-06
8.99427e-06
-4.98609e-06
2.25659e-05
2.29661e-05
4.41327e-05
7.5848e-05
7.51844e-05
0.000155216
0.000117141
0.000262598
0.000171223
0.000399286
0.000238266
0.000566008
0.000318517
0.000762542
1.73695e-06
-1.11984e-05
8.14641e-06
-1.13956e-05
2.06061e-05
1.05064e-05
4.05594e-05
5.58947e-05
6.94869e-05
0.000126289
0.00010884
0.000223245
0.00015993
0.000348196
0.00022377
0.000502168
1.5425e-06
-1.27409e-05
7.34385e-06
-1.71969e-05
1.87385e-05
-8.8826e-07
3.71316e-05
3.75016e-05
6.39817e-05
9.94388e-05
0.000100752
0.000186476
0.000148818
0.00030013
1.36091e-06
-1.41018e-05
6.58772e-06
-2.24237e-05
1.69673e-05
-1.12678e-05
3.38595e-05
2.06094e-05
5.86902e-05
7.46081e-05
9.29161e-05
0.00015225
1.19219e-06
-1.5294e-05
5.87865e-06
-2.71102e-05
1.52951e-05
-2.06843e-05
3.07509e-05
5.15368e-06
5.36298e-05
5.17291e-05
1.03621e-06
-1.63302e-05
5.21679e-06
-3.12908e-05
1.37236e-05
-2.91911e-05
2.78112e-05
-8.93392e-06
8.92751e-07
-1.7223e-05
4.6018e-06
-3.49998e-05
1.22532e-05
-3.68425e-05
7.61464e-07
-1.79845e-05
4.03285e-06
-3.82712e-05
6.419e-07
-1.86264e-05
-4.1138e-05
5.33502e-07
-1.91599e-05
0.0104295
-1.58298e-05
0.0104467
-1.71534e-05
0.0104651
-1.84757e-05
0.0104849
-1.97966e-05
0.0105061
-2.11153e-05
0.0105285
-2.24314e-05
0.0105522
-2.37445e-05
0.0105773
-2.50536e-05
0.0106036
-2.63587e-05
0.0106313
-2.76587e-05
0.0106603
-2.89537e-05
0.0106905
-3.02428e-05
-3.15253e-05
0.0101895
-3.13747e-05
0.0102063
-3.39893e-05
0.0102244
-3.6602e-05
0.0102439
-3.92113e-05
0.0102646
-4.18162e-05
0.0102865
-4.44156e-05
0.0103098
-4.70088e-05
0.0103343
-4.95943e-05
0.0103602
-5.21712e-05
0.0103872
-5.47385e-05
0.0104156
-5.72952e-05
0.0104452
-5.984e-05
-6.23722e-05
0.00995628
-4.66554e-05
0.00997283
-5.05315e-05
0.00999063
-5.4404e-05
0.0100097
-5.82715e-05
0.01003
-6.21321e-05
0.0100516
-6.59847e-05
0.0100744
-6.98272e-05
0.0100985
-7.36585e-05
0.0101238
-7.74769e-05
0.0101503
-8.12807e-05
0.0101781
-8.50682e-05
0.0102071
-8.88384e-05
0.00972984
-6.17011e-05
0.00974611
-6.68096e-05
0.00976362
-7.19129e-05
0.00978236
-7.70092e-05
0.00980232
-8.20965e-05
0.00982351
-8.71726e-05
0.00984592
-9.22353e-05
0.00986955
-9.72829e-05
0.00989438
-0.000102313
0.00992042
-0.000107324
0.00994767
-0.000112313
-0.000117279
0.00950977
-7.65319e-05
0.0095258
-8.28448e-05
0.00954304
-8.91511e-05
0.00956148
-9.54484e-05
0.00958112
-0.000101734
0.00960195
-0.000108006
0.00962397
-0.00011426
0.00964719
-0.000120496
0.00967158
-0.00012671
0.00969716
-0.0001329
0.00972391
-0.000139062
-0.000145196
0.00929581
-9.11692e-05
0.00931162
-9.86595e-05
0.00932861
-0.000106142
0.00934678
-0.000113613
0.00936611
-0.00012107
0.00938662
-0.00012851
0.00940829
-0.00013593
0.00943112
-0.000143327
0.00945511
-0.000150698
0.00948025
-0.000158039
0.00950653
-0.000165348
-0.000172622
0.00908769
-0.000105631
0.0091033
-0.000114273
0.00912006
-0.000122905
0.00913797
-0.000131524
0.00915703
-0.000140127
0.00917723
-0.000148709
0.00919857
-0.000157268
0.00922104
-0.0001658
0.00924465
-0.000174302
0.00926938
-0.000182769
0.00929523
-0.000191199
-0.000199588
0.00888515
-0.000119933
0.00890058
-0.000129702
0.00891713
-0.00013946
0.00893481
-0.000149202
0.00895361
-0.000158925
0.00897352
-0.000168624
0.00899455
-0.000178297
0.00901669
-0.000187939
0.00903993
-0.000197546
0.00906428
-0.000207115
0.00908972
-0.000216641
-0.00022612
0.00868796
-0.000134092
0.00870322
-0.000144963
0.00871958
-0.000155822
0.00873704
-0.000166662
0.0087556
-0.000177481
0.00877525
-0.000188274
0.00879599
-0.000199037
0.00881781
-0.000209765
0.00884072
-0.000220453
0.0088647
-0.000231099
0.00888976
-0.000241696
-0.000252242
0.00849589
-0.000148121
0.008511
-0.000160071
0.00852718
-0.000172006
0.00854444
-0.000183922
0.00856278
-0.000195814
0.00858218
-0.000207676
0.00860265
-0.000219505
0.00862418
-0.000231296
0.00864677
-0.000243043
0.00867041
-0.000254742
0.0086951
-0.000266388
-0.000277977
0.00830875
-0.000162032
0.00832371
-0.000175038
0.00833973
-0.000188028
0.00835681
-0.000200996
0.00837493
-0.000213937
0.0083941
-0.000226847
0.00841432
-0.000239719
0.00843557
-0.00025255
0.00845786
-0.000265333
0.00848118
-0.000278063
0.00850553
-0.000290736
-0.000303345
0.00812633
-0.000175837
0.00814117
-0.000189877
0.00815704
-0.000203898
0.00817394
-0.000217896
0.00819187
-0.000231865
0.00821082
-0.0002458
0.00823079
-0.000259694
0.00825179
-0.000273542
0.00827379
-0.000287339
0.00829681
-0.000301079
0.00832083
-0.000314756
-0.000328365
0.00794846
-0.000189546
0.00796318
-0.000204598
0.00797891
-0.00021963
0.00799565
-0.000234636
0.00801339
-0.000249611
0.00803214
-0.000264548
0.00805189
-0.000279443
0.00807264
-0.000294288
0.00809438
-0.000309077
0.0081171
-0.000323805
0.00814081
-0.000338466
-0.000353054
0.00777497
-0.000203168
0.00778958
-0.000219211
0.00780518
-0.000235232
0.00782177
-0.000251225
0.00783934
-0.000267185
0.0078579
-0.000283105
0.00787744
-0.000298978
0.00789795
-0.000314799
0.00791943
-0.00033056
0.00794188
-0.000346256
0.0079653
-0.00036188
-0.000377426
0.0076057
-0.000216712
0.00762021
-0.000233725
0.00763569
-0.000250714
0.00765214
-0.000267675
0.00766955
-0.000284599
0.00768793
-0.00030148
0.00770726
-0.000318312
0.00772755
-0.000335089
0.00774879
-0.000351801
0.00777098
-0.000368445
0.00779411
-0.000385012
-0.000401496
0.0074405
-0.000230186
0.00745492
-0.000248148
0.00747029
-0.000266086
0.00748661
-0.000283992
0.00750387
-0.000301861
0.00752208
-0.000319684
0.00754122
-0.000337455
0.0075613
-0.000355167
0.00758231
-0.000372812
0.00760425
-0.000390383
0.00762711
-0.000407874
-0.000425277
0.00727924
-0.000243596
0.00729358
-0.000262488
0.00730885
-0.000281354
0.00732504
-0.000300187
0.00734216
-0.00031898
0.0073602
-0.000337725
0.00737916
-0.000356416
0.00739904
-0.000375043
0.00741983
-0.000393601
0.00744153
-0.000412081
0.00746413
-0.000430476
-0.000448779
0.00712178
-0.000256949
0.00713605
-0.000276751
0.00715122
-0.000296526
0.0071673
-0.000316266
0.00718428
-0.000335964
0.00720217
-0.000355612
0.00722096
-0.000375203
0.00724064
-0.000394727
0.00726122
-0.000414179
0.00728269
-0.000433549
0.00730504
-0.00045283
-0.000472014
0.00696802
-0.00027025
0.00698221
-0.000290943
0.00699729
-0.000311608
0.00701326
-0.000332236
0.00703012
-0.000352821
0.00704786
-0.000373353
0.00706648
-0.000393824
0.00708598
-0.000414227
0.00710635
-0.000434553
0.0071276
-0.000454795
0.00714971
-0.000474943
-0.000494991
0.00681782
-0.000283505
0.00683194
-0.00030507
0.00684694
-0.000326606
0.00686281
-0.000348104
0.00687954
-0.000369556
0.00689714
-0.000390953
0.00691561
-0.000412287
0.00693493
-0.00043355
0.00695511
-0.000454733
0.00697614
-0.000475827
0.00699802
-0.000496825
-0.000517718
0.00667108
-0.00029672
0.00668515
-0.000319138
0.00670007
-0.000341526
0.00671584
-0.000363874
0.00673246
-0.000386175
0.00674992
-0.000408419
0.00676823
-0.000430598
0.00678739
-0.000452702
0.00680738
-0.000474724
0.0068282
-0.000496654
0.00684986
-0.000518483
-0.000540203
0.00652771
-0.000309897
0.00654172
-0.00033315
0.00655657
-0.000356371
0.00657224
-0.000379552
0.00658875
-0.000402684
0.00660609
-0.000425757
0.00662426
-0.000448762
0.00664324
-0.00047169
0.00666305
-0.000494533
0.00668368
-0.00051728
0.00670512
-0.000539923
-0.000562454
0.0063876
-0.000323041
0.00640156
-0.000347111
0.00641634
-0.000371148
0.00643193
-0.000395143
0.00644834
-0.000419087
0.00646555
-0.000442971
0.00648357
-0.000466785
0.0065024
-0.000490519
0.00652203
-0.000514165
0.00654247
-0.000537712
0.00656369
-0.000561153
-0.000584476
0.00625068
-0.000336156
0.00626459
-0.000361024
0.0062793
-0.000385859
0.00629481
-0.00041065
0.00631111
-0.000435389
0.00632821
-0.000460066
0.00634609
-0.000484671
0.00636477
-0.000509194
0.00638423
-0.000533625
0.00640447
-0.000557956
0.0064255
-0.000582176
-0.000606275
0.00611685
-0.000349245
0.00613072
-0.000374893
0.00614537
-0.000400508
0.00616079
-0.000426078
0.006177
-0.000451594
0.00619398
-0.000477046
0.00621173
-0.000502424
0.00623026
-0.000527719
0.00624955
-0.000552919
0.00626961
-0.000578015
0.00629043
-0.000602997
-0.000627856
0.00598603
-0.00036231
0.00599986
-0.000388721
0.00601445
-0.000415097
0.0060298
-0.000441428
0.00604591
-0.000467704
0.00606278
-0.000493914
0.00608041
-0.000520049
0.00609878
-0.000546097
0.00611791
-0.000572049
0.00613779
-0.000597894
0.00615842
-0.000623622
-0.000649222
0.00585816
-0.000375354
0.00587195
-0.00040251
0.00588649
-0.000429631
0.00590176
-0.000456705
0.00591778
-0.000483723
0.00593454
-0.000510674
0.00595204
-0.000537547
0.00597027
-0.000564333
0.00598924
-0.000591019
0.00600895
-0.000617596
0.00602938
-0.000644053
-0.000670379
0.00573316
-0.000388379
0.00574691
-0.000416263
0.00576139
-0.00044411
0.0057766
-0.000471911
0.00579253
-0.000499653
0.00580918
-0.000527328
0.00582656
-0.000554923
0.00584465
-0.000582428
0.00586346
-0.000609832
0.00588299
-0.000637124
0.00590323
-0.000664293
-0.000691329
0.00561096
-0.000401387
0.00562468
-0.00042998
0.00563911
-0.000458537
0.00565424
-0.000487046
0.00567009
-0.000515497
0.00568664
-0.000543877
0.00570389
-0.000572177
0.00572185
-0.000600385
0.00574051
-0.00062849
0.00575986
-0.000656481
0.00577991
-0.000684345
-0.000712074
0.0054915
-0.00041438
0.00550519
-0.000443665
0.00551956
-0.000472914
0.00553463
-0.000502114
0.00555039
-0.000531255
0.00556684
-0.000560325
0.00558397
-0.000589313
0.00560179
-0.000618207
0.0056203
-0.000646995
0.00563949
-0.000675668
0.00565935
-0.000704212
-0.000732616
0.00537472
-0.000427358
0.00538837
-0.000457319
0.0054027
-0.000487242
0.0054177
-0.000517116
0.00543338
-0.00054693
0.00544972
-0.000576672
0.00546674
-0.00060633
0.00548443
-0.000635893
0.00550278
-0.000665349
0.0055218
-0.000694687
0.00554148
-0.000723893
-0.000752958
0.00526056
-0.000440324
0.00527418
-0.000470942
0.00528846
-0.000501522
0.0053034
-0.000532053
0.00531899
-0.000562523
0.00533524
-0.00059292
0.00535214
-0.000623232
0.00536969
-0.000653447
0.0053879
-0.000683553
0.00540675
-0.000713539
0.00542625
-0.000743391
-0.000773099
0.00514896
-0.000453278
0.00516255
-0.000484535
0.00517679
-0.000515755
0.00519166
-0.000546926
0.00520717
-0.000578034
0.00522332
-0.000609069
0.0052401
-0.000640017
0.00525752
-0.000670868
0.00527558
-0.000701607
0.00529426
-0.000732225
0.00531358
-0.000762707
-0.000793041
0.00503987
-0.00046622
0.00505344
-0.0004981
0.00506762
-0.000529942
0.00508243
-0.000561734
0.00509786
-0.000593464
0.00511391
-0.00062512
0.00513058
-0.000656688
0.00514787
-0.000688156
0.00516578
-0.000719513
0.0051843
-0.000750744
0.00520343
-0.000781839
-0.000812784
0.00493325
-0.000479151
0.00494678
-0.000511636
0.00496092
-0.000544083
0.00497567
-0.00057648
0.00499102
-0.000608814
0.00500697
-0.000641072
0.00502352
-0.000673242
0.00504068
-0.000705312
0.00505844
-0.000737268
0.00507679
-0.000769098
0.00509574
-0.000800789
-0.000832327
0.00482903
-0.000492072
0.00484254
-0.000525143
0.00485663
-0.000558178
0.00487132
-0.000591161
0.00488658
-0.000624082
0.00490244
-0.000656926
0.00491888
-0.000689682
0.0049359
-0.000722336
0.00495351
-0.000754874
0.00497169
-0.000787285
0.00499046
-0.000819555
-0.000851671
0.00472718
-0.000504982
0.00474066
-0.000538622
0.00475471
-0.000572226
0.00476933
-0.000605779
0.00478452
-0.000639269
0.00480027
-0.000672682
0.00481659
-0.000706006
0.00483348
-0.000739226
0.00485094
-0.000772331
0.00486896
-0.000805305
0.00488754
-0.000838138
-0.000870813
0.00462766
-0.00051788
0.00464111
-0.000552072
0.00465511
-0.000586227
0.00466966
-0.000620332
0.00468477
-0.000654374
0.00470042
-0.000688338
0.00471663
-0.000722212
0.00473339
-0.000755983
0.00475069
-0.000789636
0.00476854
-0.000823158
0.00478694
-0.000856536
-0.000889755
0.0045304
-0.000530768
0.00454383
-0.000565493
0.00455778
-0.000600182
0.00457227
-0.000634821
0.00458729
-0.000669396
0.00460285
-0.000703895
0.00461894
-0.000738302
0.00463556
-0.000772605
0.00465271
-0.00080679
0.0046704
-0.000840842
0.00468861
-0.000874749
-0.000908495
0.00443539
-0.000543643
0.00444878
-0.000578884
0.00446269
-0.000614089
0.00447711
-0.000649244
0.00449205
-0.000684336
0.00450751
-0.00071935
0.00452348
-0.000754274
0.00453996
-0.000789092
0.00455697
-0.000823791
0.00457448
-0.000858357
0.00459251
-0.000892776
-0.000927033
0.00434257
-0.000556507
0.00435593
-0.000592244
0.00436979
-0.000627947
0.00438415
-0.0006636
0.004399
-0.000699191
0.00441436
-0.000734704
0.00443021
-0.000770127
0.00444656
-0.000805443
0.00446341
-0.00084064
0.00448076
-0.000875703
0.0044986
-0.000910618
-0.00094537
0.00425192
-0.000569358
0.00426525
-0.000605574
0.00427906
-0.000641756
0.00429335
-0.00067789
0.00430812
-0.000713962
0.00432337
-0.000749956
0.0043391
-0.00078586
0.00435532
-0.000821658
0.00437201
-0.000857336
0.00438919
-0.00089288
0.00440685
-0.000928275
-0.000963506
0.00416339
-0.000582195
0.00417669
-0.000618871
0.00419045
-0.000655515
0.00420467
-0.000692111
0.00421935
-0.000728646
0.0042345
-0.000765105
0.00425012
-0.000801473
0.00426619
-0.000837736
0.00428274
-0.000873879
0.00429975
-0.000909888
0.00431722
-0.000945748
0.00407696
-0.000595017
0.00409022
-0.000632136
0.00410393
-0.000669223
0.00411808
-0.000706264
0.00413268
-0.000743245
0.00414773
-0.000780151
0.00416322
-0.000816967
0.00417916
-0.000853679
0.00419555
-0.000890272
0.0042124
-0.000926731
-0.000963042
0.00399259
-0.000607825
0.00400582
-0.000645367
0.00401947
-0.000682879
0.00403356
-0.000720348
0.00404807
-0.000757758
0.00406301
-0.000795094
0.00407839
-0.000832343
0.0040942
-0.000869488
0.00411044
-0.000906517
0.00412713
-0.000943413
-0.000980163
0.00391025
-0.000620617
0.00392345
-0.000658564
0.00393705
-0.000696485
0.00395107
-0.000734363
0.0039655
-0.000772186
0.00398034
-0.000809938
0.0039956
-0.000847604
0.00401128
-0.00088517
0.00402739
-0.000922621
0.00404392
-0.000959943
-0.00099712
0.00382993
-0.000633395
0.00384309
-0.00067173
0.00385665
-0.000710041
0.0038706
-0.000748314
0.00388495
-0.000786534
0.0038997
-0.000824687
0.00391485
-0.000862758
0.00393041
-0.000900731
0.00394639
-0.000938593
0.00396277
-0.000976329
-0.00101392
0.0037516
-0.000646162
0.00376474
-0.000684867
0.00377825
-0.000723554
0.00379214
-0.000762206
0.00380642
-0.00080081
0.00382108
-0.00083935
0.00383613
-0.000877812
0.00385158
-0.000916181
0.00386743
-0.000954443
0.00388369
-0.000992581
-0.00103058
0.00367526
-0.000658923
0.00368838
-0.000697984
0.00370186
-0.00073703
0.0037157
-0.000776047
0.00372991
-0.000815021
0.00374449
-0.000853935
0.00375946
-0.000892776
0.0037748
-0.000931527
0.00379054
-0.000970174
0.00380665
-0.0010087
-0.00104709
0.00360093
-0.000671689
0.00361403
-0.000711089
0.00362748
-0.000750481
0.00364128
-0.000789848
0.00365544
-0.000829176
0.00366995
-0.000868449
0.00368483
-0.000907652
0.00370007
-0.000946768
0.00371567
-0.00098578
0.00373164
-0.00102467
-0.00106342
0.00352861
-0.000684471
0.00354172
-0.000724194
0.00355515
-0.000763912
0.00356891
-0.000803611
0.00358301
-0.000843275
0.00359745
-0.000882886
0.00361222
-0.000922427
0.00362733
-0.000961882
0.00364279
-0.00100123
0.00365857
-0.00104046
-0.00107953
0.00345834
-0.000697274
0.00347145
-0.000737298
0.00348486
-0.000777321
0.00349857
-0.000817327
0.0035126
-0.000857299
0.00352693
-0.000897217
0.00354157
-0.000937065
0.00355651
-0.000976822
0.00357175
-0.00101647
0.00358727
-0.00105598
-0.00109534
0.00339013
-0.000710091
0.00340322
-0.000750386
0.00341658
-0.000790682
0.00343021
-0.000830961
0.00344412
-0.000871203
0.00345829
-0.000911389
0.00347272
-0.000951498
0.00348741
-0.000991511
0.00350234
-0.0010314
0.00351751
-0.00107115
-0.00111073
0.00332392
-0.000722886
0.00333695
-0.000763414
0.00335021
-0.00080394
0.00336369
-0.000844446
0.0033774
-0.00088491
0.00339132
-0.000925312
0.00340546
-0.000965631
0.00341979
-0.00100584
0.00343431
-0.00104592
0.003449
-0.00108585
-0.00112558
0.00325958
-0.000735593
0.00327247
-0.000776304
0.00328554
-0.000817008
0.00329878
-0.000857687
0.00331219
-0.000898319
0.00332576
-0.000938881
0.00333948
-0.000979349
0.00335333
-0.0010197
0.00336732
-0.0010599
0.00338141
-0.00109994
-0.00113976
0.00319686
-0.000748116
0.00320951
-0.000788954
0.00322228
-0.000829782
0.00323517
-0.000870578
0.00324817
-0.00091132
0.00326128
-0.000951983
0.00327447
-0.000992543
0.00328774
-0.00103297
0.00330107
-0.00107324
0.00331444
-0.0011133
-0.00115313
0.00313544
-0.000760349
0.00314774
-0.00080126
0.00316012
-0.000842156
0.00317256
-0.000883016
0.00318505
-0.000923814
0.00319759
-0.000964524
0.00321016
-0.00100512
0.00322275
-0.00104556
0.00323533
-0.00108581
0.00324786
-0.00112583
-0.00116557
0.00307498
-0.000772202
0.00308686
-0.000813138
0.00309875
-0.000854055
0.00311067
-0.000894928
0.00312258
-0.000935731
0.00313449
-0.000976431
0.00314637
-0.00101699
0.00315819
-0.00105738
0.00316991
-0.00109753
0.00318147
-0.0011374
-0.00117691
0.00301522
-0.000783626
0.00302663
-0.000824544
0.00303801
-0.000865437
0.00304936
-0.000906277
0.00306065
-0.000947029
0.00307188
-0.000987654
0.00308299
-0.00102811
0.00309395
-0.00106833
0.00310469
-0.00110827
0.00311512
-0.00114783
-0.00118693
0.00295608
0.00296702
0.00297788
0.00298865
0.0029993
0.00300979
0.00302006
0.00303003
0.00303962
0.0030487
)
;

boundaryField
{
    inlet
    {
        type            calculated;
        value           nonuniform 0();
    }
    outlet
    {
        type            calculated;
        value           nonuniform 0();
    }
    cylinder
    {
        type            calculated;
        value           uniform 0;
    }
    top
    {
        type            symmetryPlane;
        value           nonuniform 0();
    }
    bottom
    {
        type            symmetryPlane;
        value           uniform 0;
    }
    defaultFaces
    {
        type            empty;
        value           nonuniform 0();
    }
    procBoundary7to6
    {
        type            processor;
        value           nonuniform List<scalar> 
83
(
-0.00391502
-0.0040457
-0.00417808
-0.00431401
-0.0030939
-0.00329284
-0.00346633
-0.00362068
-0.00073222
-0.0037624
-0.00191658
-0.00223637
-0.00253483
-0.000584627
-0.00280463
-0.000620675
-0.000890712
-0.00119125
-0.000306396
-0.00151154
-0.000180573
-5.67712e-05
-0.000356874
-0.0104137
-0.0101739
-0.009941
-0.00971479
-0.00949493
-0.00928117
-0.00907322
-0.00887084
-0.0086738
-0.00848186
-0.00829483
-0.00811252
-0.00793475
-0.00776134
-0.00759215
-0.00742703
-0.00726583
-0.00710843
-0.00695472
-0.00680456
-0.00665787
-0.00651453
-0.00637446
-0.00623756
-0.00610376
-0.00597297
-0.00584512
-0.00572013
-0.00559796
-0.00547851
-0.00536174
-0.00524759
-0.005136
-0.00502693
-0.00492031
-0.00481611
-0.00471427
-0.00461476
-0.00451752
-0.00442251
-0.00432971
-0.00423907
-0.00415055
-0.00406413
-0.00397978
-0.00389746
-0.00381715
-0.00373883
-0.0036625
-0.00358816
-0.00351583
-0.00344554
-0.00337731
-0.00331113
-0.00324687
-0.00318434
-0.0031232
-0.00306313
-0.0030038
-0.00294508
)
;
    }
    procBoundary7to8
    {
        type            processor;
        value           nonuniform List<scalar> 
100
(
0.00384275
0.00400272
0.00123299
0.00117683
0.00361902
0.00314035
0.00114273
0.00335924
0.00099975
0.00280482
0.00213863
0.000900895
0.00242767
0.000667251
0.00173234
0.000536307
0.00134119
0.000411422
0.000987322
0.000300878
0.000685435
0.000209334
0.000441651
0.000137954
0.000255092
8.53678e-05
0.000120512
4.88141e-05
3.07262e-05
2.50436e-05
-2.17243e-05
1.08831e-05
-4.36928e-05
3.50868e-06
3.0276e-06
-4.36321e-05
4.35616e-07
-1.95955e-05
0.010722
0.010476
0.0102373
-9.25893e-05
0.00997611
0.00975183
0.00953396
0.00932219
0.00911625
0.00891588
0.00872084
0.0085309
0.00834585
0.0081655
0.00798967
0.00781818
0.00765089
0.00748763
0.00732827
0.00717269
0.00702075
0.00687235
0.00672737
0.00658572
0.00644729
0.00631201
0.00617979
0.00605053
0.00592418
0.00580066
0.0056799
0.00556183
0.00544639
0.00533352
0.00522317
0.00511528
0.0050098
0.00490669
0.00480588
0.00470735
0.00461105
0.00451694
0.00442498
0.00433516
-0.000981445
0.00422969
0.00414425
0.00406088
0.00397957
0.00390034
0.00382316
0.00374798
0.00367468
0.00360308
0.00353291
0.00346385
0.00339558
0.00332782
0.0032603
0.00319281
0.00312513
0.00305711
)
;
    }
    procBoundary7to22
    {
        type            processor;
        value           uniform -4.73241e-05;
    }
    procBoundary7to23
    {
        type            processor;
        value           nonuniform List<scalar> 6(3.50861e-06 4.03279e-06 3.50005e-05 8.92731e-07 1.0362e-06 1.52943e-05);
    }
    procBoundary7to24
    {
        type            processor;
        value           nonuniform List<scalar> 4(-1.95956e-05 4.35584e-07 -4.36326e-05 3.02752e-06);
    }
}


// ************************************************************************* //
