/*--------------------------------*- C++ -*----------------------------------*\
  =========                 |
  \\      /  F ield         | OpenFOAM: The Open Source CFD Toolbox
   \\    /   O peration     | Website:  https://openfoam.org
    \\  /    A nd           | Version:  7
     \\/     M anipulation  |
\*---------------------------------------------------------------------------*/
FoamFile
{
    version     2.0;
    format      ascii;
    class       volScalarField;
    location    "76";
    object      p;
}
// * * * * * * * * * * * * * * * * * * * * * * * * * * * * * * * * * * * * * //

dimensions      [0 2 -2 0 0 0 0];

internalField   nonuniform List<scalar> 
1063
(
0.165919
0.17733
0.189744
0.188569
0.20128
0.199632
0.215471
0.212669
0.210513
0.227308
0.223894
0.221204
0.238967
0.23494
0.2317
0.253798
0.250433
0.245794
0.241993
0.265752
0.26169
0.256444
0.252074
0.277473
0.272723
0.266876
0.261935
0.2939
0.288947
0.283518
0.277079
0.271566
0.305816
0.300155
0.29406
0.287039
0.280956
0.317438
0.311084
0.304335
0.296744
0.290095
0.335423
0.32875
0.321717
0.31433
0.306181
0.298973
0.34711
0.339734
0.332039
0.324029
0.315338
0.307579
0.358435
0.350375
0.342035
0.33342
0.324202
0.315901
0.36938
0.360656
0.35169
0.34249
0.332761
0.32393
0.388938
0.379927
0.370562
0.360992
0.351226
0.341004
0.331656
0.399734
0.390062
0.380079
0.369926
0.359614
0.348919
0.339068
0.410074
0.399769
0.389191
0.378478
0.367644
0.356494
0.346156
0.419944
0.409032
0.397886
0.386637
0.375303
0.363718
0.352912
0.440493
0.429327
0.417837
0.406149
0.394389
0.38258
0.370582
0.359326
0.449961
0.438209
0.42617
0.413968
0.401724
0.389465
0.377075
0.365389
0.45888
0.446575
0.434018
0.421332
0.408631
0.395946
0.383187
0.371094
0.467237
0.454412
0.44137
0.428228
0.415098
0.402015
0.38891
0.376432
0.475017
0.461708
0.448213
0.434646
0.421117
0.407663
0.394235
0.381396
0.482209
0.468451
0.454536
0.440577
0.426677
0.41288
0.399155
0.38598
0.488799
0.474631
0.46033
0.44601
0.431771
0.41766
0.403661
0.390177
0.494779
0.480236
0.465586
0.450939
0.436391
0.421994
0.407747
0.393981
0.514802
0.500137
0.485259
0.470295
0.455354
0.440529
0.425876
0.411407
0.397388
0.519848
0.504866
0.489691
0.47445
0.459249
0.44418
0.429301
0.414635
0.400391
0.524214
0.508958
0.493526
0.478044
0.462618
0.447338
0.432263
0.417427
0.402989
0.527893
0.512405
0.496756
0.481072
0.465456
0.449997
0.434757
0.419778
0.405175
0.53088
0.515203
0.499377
0.483528
0.467758
0.452154
0.436781
0.421686
0.406949
0.533169
0.517346
0.501385
0.485409
0.469522
0.453806
0.43833
0.423146
0.408306
0.534756
0.518832
0.502777
0.486713
0.470743
0.45495
0.439402
0.424157
0.409247
0.439997
0.424717
0.409769
0.201221
0.202085
0.201653
0.199482
0.195537
0.189043
0.180455
0.167926
0.153628
0.19626
0.196467
0.195334
0.192432
0.187734
0.180506
0.171177
0.158084
0.143079
0.191322
0.190959
0.189249
0.185774
0.180542
0.172849
0.163158
0.149971
0.135146
0.186262
0.185342
0.183071
0.179054
0.173322
0.165223
0.15523
0.142058
0.127397
0.181156
0.179695
0.176884
0.172355
0.166153
0.157695
0.147433
0.134298
0.119736
0.176045
0.174072
0.170757
0.165763
0.159144
0.150389
0.13992
0.12686
0.112442
0.170941
0.168489
0.164709
0.159299
0.152318
0.143332
0.132721
0.119784
0.105572
0.165851
0.162951
0.158746
0.152968
0.14568
0.136518
0.125825
0.113048
0.0990852
0.160785
0.157471
0.152879
0.146779
0.139232
0.129946
0.119222
0.106636
0.0929511
0.155755
0.152059
0.147119
0.140741
0.132984
0.123618
0.112909
0.10054
0.0871574
0.150771
0.146727
0.141477
0.134862
0.12694
0.117535
0.106884
0.094753
0.0816947
0.145844
0.141484
0.135963
0.129151
0.121105
0.1117
0.101142
0.0892693
0.0765525
0.140982
0.13634
0.130583
0.123612
0.115483
0.10611
0.0956774
0.0840806
0.0717194
0.136196
0.131303
0.125347
0.118252
0.110076
0.100766
0.0904859
0.0791788
0.0671838
0.131494
0.126382
0.120259
0.113074
0.104883
0.0956637
0.0855611
0.0745554
0.0629343
0.126884
0.121583
0.115325
0.108082
0.0999067
0.0908014
0.0808966
0.0702016
0.0589592
0.122373
0.116912
0.110551
0.103277
0.095145
0.0861753
0.0764855
0.0661081
0.0552468
0.117968
0.112375
0.105938
0.0986609
0.0905966
0.0817812
0.0723206
0.0622655
0.0517854
0.113675
0.107976
0.101491
0.094234
0.0862592
0.0776142
0.0683943
0.0586642
0.0485634
0.109499
0.10372
0.0972105
0.089996
0.08213
0.0736689
0.0646988
0.0552944
0.0455694
0.105445
0.0996089
0.093098
0.0859458
0.0782055
0.0699396
0.061226
0.0521466
0.0427922
0.101516
0.0956452
0.0891538
0.0820817
0.0744815
0.0664201
0.0579677
0.049211
0.0402209
0.0977158
0.0918306
0.0853775
0.0784013
0.0709535
0.063104
0.0549157
0.046478
0.0378448
0.0940466
0.088166
0.0817682
0.0749017
0.0676168
0.0599845
0.0520616
0.0439382
0.0356536
0.0905104
0.0846517
0.0783244
0.0715796
0.064466
0.0570549
0.0493972
0.0415824
0.0336374
0.0256649
0.0871084
0.0812873
0.0750441
0.0684311
0.0614957
0.0543082
0.0469141
0.0394016
0.0317865
0.0241719
0.0838414
0.078072
0.0719246
0.0654522
0.0587001
0.0517373
0.0446043
0.0373868
0.0300918
0.0228207
0.0807093
0.0750044
0.0689631
0.0626383
0.0560734
0.0493352
0.0424598
0.0355297
0.0285443
0.0216028
0.077712
0.0720827
0.0661563
0.0599848
0.0536096
0.0470948
0.0404726
0.0338218
0.0271356
0.0205099
0.0748486
0.0693048
0.0635006
0.0574867
0.0513026
0.0450092
0.0386351
0.0322552
0.0258575
0.0195341
0.0721178
0.0666681
0.0609921
0.0551391
0.0491462
0.0430714
0.0369397
0.0308221
0.0247022
0.018668
0.0695181
0.0641696
0.0586267
0.0529366
0.0471344
0.0412746
0.0353792
0.029515
0.0236623
0.0179045
0.0670474
0.0618063
0.0564
0.050874
0.0452609
0.039612
0.0339465
0.0283267
0.0227306
0.0172367
0.0647034
0.0595746
0.0543078
0.048946
0.0435198
0.0380771
0.0326345
0.0272501
0.0219002
0.0166582
0.0624838
0.0574712
0.0523454
0.0471472
0.041905
0.0366633
0.0314365
0.0262787
0.0211645
0.0161628
0.0603855
0.055492
0.0505081
0.0454722
0.0404105
0.0353643
0.0303462
0.0254057
0.0205172
0.0157444
0.0584057
0.0536333
0.0487913
0.0439156
0.0390305
0.034174
0.029357
0.024625
0.0199521
0.0153972
0.0518911
0.0471902
0.0424721
0.0377592
0.0330863
0.0284628
0.0239305
0.0194634
0.0151158
0.0502613
0.0457002
0.0411365
0.0365909
0.0320954
0.0276578
0.0233162
0.0190454
0.0148948
0.0487398
0.0443163
0.0399035
0.0355201
0.0311954
0.026936
0.0227766
0.0186925
0.0147289
0.0473224
0.0430341
0.038768
0.0345414
0.0303808
0.0262919
0.022306
0.0183995
0.0146131
0.0460051
0.0418487
0.0377249
0.0336495
0.0296462
0.0257201
0.0218992
0.0181611
0.0145426
0.0447836
0.0407557
0.0367694
0.0328391
0.0289863
0.0252152
0.021551
0.0179724
0.0145125
0.0436541
0.0397506
0.0358967
0.0321054
0.0283961
0.0247722
0.0212563
0.0178285
0.0145181
0.0426124
0.038829
0.035102
0.0314434
0.0278704
0.0243861
0.0210103
0.0177247
0.0145551
0.0416547
0.0379865
0.0343809
0.0308484
0.0274046
0.0240521
0.0208082
0.0176562
0.0146189
0.0407772
0.0372192
0.0337289
0.0303159
0.0269941
0.0237655
0.0206455
0.0176188
0.0147051
0.0399764
0.0365231
0.0331419
0.0298415
0.0266342
0.0235219
0.0205177
0.0176079
0.0148096
0.0392488
0.0358944
0.0326158
0.0294211
0.0263209
0.0233169
0.0204205
0.0176194
0.0149282
0.038591
0.0353294
0.0321468
0.0290505
0.0260499
0.0231464
0.0203497
0.0176491
0.0150568
0.0380002
0.034825
0.0317314
0.0287261
0.0258173
0.0230064
0.0203014
0.0176931
0.0151914
0.0374736
0.0343779
0.0313662
0.0284443
0.0256196
0.0228931
0.0202717
0.0177473
0.0153282
0.0370086
0.0339855
0.0310481
0.0282019
0.0254531
0.0228029
0.0202569
0.0178082
0.0154633
0.0366033
0.0336452
0.0307743
0.0279957
0.0253148
0.0227325
0.0202535
0.0178721
0.0155931
0.0362559
0.0333551
0.0305427
0.0278233
0.0252016
0.0226788
0.0202583
0.0179354
0.015714
0.0359653
0.0331135
0.0303511
0.0276822
0.0251111
0.0226388
0.0202681
0.0179951
0.0158226
0.0357309
0.0329195
0.0301981
0.0275707
0.0250411
0.0226102
0.0202802
0.018048
0.0159154
0.0355527
0.0327725
0.0300828
0.0274874
0.0249897
0.0225907
0.0202921
0.0180913
0.0159894
0.0354317
0.0326729
0.030005
0.0274315
0.0249558
0.0225786
0.0203016
0.0181224
0.0160418
0.0353697
0.032622
0.0299653
0.0274032
0.0249388
0.0225729
0.020307
0.0181388
0.0160688
0.31137
0.326321
0.342041
0.358389
0.375555
0.393104
0.311173
0.32609
0.341772
0.358074
0.375178
0.392656
0.310829
0.325682
0.341289
0.357498
0.374497
0.391846
0.310341
0.325099
0.340596
0.356671
0.373518
0.390679
0.309708
0.324343
0.339695
0.355595
0.372243
0.389156
0.30893
0.323412
0.338586
0.35427
0.370671
0.387279
0.308008
0.322308
0.33727
0.352696
0.368805
0.385048
0.306942
0.321031
0.335747
0.350876
0.366646
0.382466
0.305732
0.319583
0.334019
0.348811
0.364196
0.379538
0.304381
0.317964
0.332088
0.346501
0.361459
0.376265
0.302888
0.316175
0.329955
0.343951
0.358436
0.372653
0.301254
0.314217
0.327621
0.341161
0.355131
0.368704
0.299481
0.312093
0.325089
0.338135
0.351546
0.364423
0.297569
0.309803
0.322359
0.334874
0.347687
0.359817
0.29552
0.307348
0.319435
0.331382
0.343556
0.354888
0.293335
0.304731
0.316319
0.327662
0.339158
0.349645
0.28009
0.291014
0.301953
0.313012
0.323717
0.334496
0.344092
0.278037
0.28856
0.299016
0.309518
0.319549
0.329577
0.338236
0.275873
0.285973
0.295922
0.305839
0.315164
0.324404
0.332084
0.273599
0.283256
0.292672
0.301977
0.310563
0.318983
0.325642
0.271215
0.28041
0.289269
0.297935
0.305752
0.313319
0.318919
0.268723
0.277435
0.285714
0.293717
0.300734
0.307417
0.311922
0.266125
0.274335
0.28201
0.289325
0.295513
0.301284
0.304658
0.263421
0.27111
0.278159
0.284763
0.290094
0.294925
0.297136
0.260613
0.267763
0.274164
0.280033
0.284479
0.288346
0.289364
0.250737
0.257701
0.264294
0.270026
0.275139
0.278675
0.281553
0.281351
0.248221
0.254688
0.260706
0.265747
0.270085
0.272684
0.274553
0.273104
0.24562
0.251575
0.257
0.261331
0.264874
0.266511
0.267353
0.264632
0.242935
0.248362
0.253179
0.256779
0.259508
0.260159
0.259958
0.255942
0.240168
0.245052
0.249243
0.252094
0.253992
0.253634
0.252377
0.247042
0.237318
0.241646
0.245195
0.247279
0.248329
0.246939
0.244615
0.237938
0.234387
0.238144
0.241036
0.242336
0.242523
0.240078
0.23668
0.228634
0.231377
0.23455
0.236767
0.237267
0.236575
0.233054
0.228579
0.219135
0.224593
0.228287
0.230863
0.232391
0.232076
0.230488
0.225872
0.220319
0.209437
0.221943
0.225118
0.227085
0.227908
0.226765
0.224266
0.218535
0.211904
0.199537
0.219223
0.221868
0.223214
0.223317
0.221334
0.217905
0.211047
0.203333
0.189423
0.216437
0.218541
0.219253
0.218622
0.21579
0.211414
0.20342
0.194615
0.179088
0.213625
0.215176
0.215243
0.21386
0.210166
0.20482
0.195679
0.185769
0.168536
0.210784
0.211765
0.211167
0.209009
0.204429
0.198073
0.187758
0.176698
0.157628
0.207502
0.207884
0.2066
0.203652
0.19819
0.190823
0.179361
0.167013
0.145884
)
;

boundaryField
{
    inlet
    {
        type            zeroGradient;
    }
    outlet
    {
        type            fixedValue;
        value           nonuniform 0();
    }
    cylinder
    {
        type            zeroGradient;
    }
    top
    {
        type            symmetryPlane;
    }
    bottom
    {
        type            symmetryPlane;
    }
    defaultFaces
    {
        type            empty;
    }
    procBoundary18to2
    {
        type            processor;
        value           nonuniform List<scalar> 
16
(
0.535639
0.519658
0.50355
0.487436
0.47142
0.455584
0.455584
0.440112
0.424825
0.409869
0.311416
0.326369
0.342088
0.358434
0.375617
0.393182
)
;
    }
    procBoundary18to17
    {
        type            processor;
        value           nonuniform List<scalar> 
105
(
0.199218
0.205916
0.194862
0.190468
0.185948
0.18137
0.176767
0.172146
0.167515
0.162882
0.158258
0.153653
0.149076
0.144537
0.140045
0.135608
0.131235
0.126934
0.122711
0.118575
0.114531
0.110584
0.106741
0.103004
0.0993783
0.0958668
0.092472
0.0891962
0.0860408
0.0830067
0.0800946
0.0773045
0.074636
0.0720883
0.0696604
0.0673507
0.0651576
0.063079
0.0565413
0.0565413
0.0547888
0.0531451
0.0516064
0.0501695
0.0488307
0.0475865
0.0464335
0.0453682
0.0443873
0.0434877
0.0426662
0.0419201
0.0412467
0.0406436
0.0401088
0.0396406
0.0392378
0.0388997
0.0386261
0.0384176
0.0382757
0.0382029
0.297119
0.29695
0.29666
0.29625
0.295719
0.295067
0.294296
0.293404
0.292393
0.291264
0.290016
0.288651
0.287169
0.285571
0.283858
0.282031
0.282031
0.269412
0.267701
0.265897
0.264
0.262013
0.259935
0.257768
0.255512
0.253168
0.253168
0.243363
0.24126
0.239087
0.236843
0.234529
0.232146
0.229696
0.227178
0.227178
0.220203
0.21799
0.215718
0.21339
0.211046
0.208685
0.205916
)
;
    }
    procBoundary18to19
    {
        type            processor;
        value           nonuniform List<scalar> 
110
(
0.130687
0.14263
0.154348
0.154348
0.166322
0.178082
0.178082
0.191336
0.203475
0.203475
0.216716
0.229263
0.241629
0.241629
0.256567
0.269257
0.281708
0.281708
0.298367
0.311033
0.323392
0.323392
0.341562
0.353999
0.366053
0.377706
0.377706
0.397457
0.408957
0.419974
0.430492
0.430492
0.451192
0.461286
0.470796
0.479707
0.488005
0.495675
0.502706
0.509085
0.509085
0.5291
0.534485
0.539145
0.543072
0.546261
0.548705
0.5504
0.0202941
0.0190352
0.0179099
0.0169096
0.0160262
0.0152518
0.0145791
0.0140012
0.0135113
0.0131032
0.0127708
0.0125083
0.01231
0.0121707
0.012085
0.012048
0.0120547
0.0121004
0.0121804
0.0122902
0.0124253
0.0125813
0.0127541
0.0129393
0.0131328
0.0133306
0.0135288
0.0137232
0.0139102
0.0140859
0.0142466
0.0143886
0.0145086
0.0146026
0.014669
0.0147011
0.13057
0.13057
0.12194
0.115695
0.108884
0.101893
0.0952285
0.088965
0.0830562
0.0774795
0.0722307
0.0673044
0.0626909
0.0583785
0.0543554
0.0506091
0.0471271
0.0438966
0.0409053
0.0381406
0.0355905
0.0332434
0.0310879
0.0291131
0.0273088
0.0273088
)
;
    }
}


// ************************************************************************* //
