/*--------------------------------*- C++ -*----------------------------------*\
  =========                 |
  \\      /  F ield         | OpenFOAM: The Open Source CFD Toolbox
   \\    /   O peration     | Website:  https://openfoam.org
    \\  /    A nd           | Version:  7
     \\/     M anipulation  |
\*---------------------------------------------------------------------------*/
FoamFile
{
    version     2.0;
    format      ascii;
    class       volScalarField;
    location    "90";
    object      p;
}
// * * * * * * * * * * * * * * * * * * * * * * * * * * * * * * * * * * * * * //

dimensions      [0 2 -2 0 0 0 0];

internalField   nonuniform List<scalar> 
1062
(
0.0276987
0.0272417
0.0287409
0.0204862
0.0238912
0.0294202
0.0207336
0.0233811
0.00327527
-0.0024817
0.000890292
0.0277273
0.0271688
0.0286716
0.0203352
0.023684
0.0292068
0.0204741
0.0229139
0.00295877
-0.00273169
0.000871231
0.0277762
0.0270077
0.0285265
0.020065
0.0232872
0.028787
0.0199566
0.0220054
0.00239299
-0.0031902
0.000833139
0.0278182
0.0267413
0.028296
0.0196976
0.0227329
0.0281643
0.0191566
0.0207001
0.00164324
-0.00379373
0.000780139
0.0278204
0.0263374
0.0279602
0.0192576
0.0220554
0.0273438
0.0180541
0.0190423
0.000778462
-0.00447771
0.000716086
0.0277434
0.0257537
0.0274907
0.0187663
0.0212878
0.0263346
0.0166429
0.0170789
-0.000139423
-0.00518537
0.000644419
0.0275435
0.0249427
0.026852
0.0182376
0.020461
0.0251508
0.0149327
0.0148594
-0.00105938
-0.00587054
0.000568244
0.0271771
0.023857
0.0260051
0.0176783
0.0196022
0.0238115
0.012946
0.0124353
-0.00194079
-0.00649781
0.000490217
0.0266045
0.0224543
0.0249128
0.0170889
0.0187342
0.0223397
0.0107153
0.00985878
-0.00275228
-0.00704144
0.000412471
0.0257934
0.0207015
0.0235434
0.0164668
0.0178761
0.0207616
0.00827917
0.00718058
-0.00347072
-0.00748405
0.000336636
0.0247205
0.0185764
0.0218743
0.0158083
0.0170438
0.019105
0.0056797
0.00444904
-0.00408049
-0.0078154
0.000263884
0.023373
0.0160691
0.0198928
0.0151103
0.0162512
0.0173979
0.00295987
0.00170851
-0.00457254
-0.00803132
0.000194979
0.0217479
0.0131807
0.0175969
0.0143716
0.0155107
0.0156673
0.000162112
-0.00100163
-0.00494347
-0.00813265
0.000130355
0.0198519
0.00992379
0.014995
0.0135929
0.0148338
0.0139388
-0.00267328
-0.00364767
-0.00519454
-0.0081242
7.01815e-05
0.0177
0.00632109
0.0121047
0.0127765
0.0142303
0.0122354
-0.0055092
-0.0062018
-0.00533093
-0.00801347
1.44203e-05
0.0153147
0.00206949
0.00895244
0.0119256
0.0137085
0.0105773
-0.00831238
-0.00864219
-0.00536067
-0.0078098
-3.71282e-05
0.0127275
-0.0021304
0.00557435
0.0110443
0.0132745
0.00898118
-0.011054
-0.0109526
-0.00529372
-0.00752388
-8.47841e-05
0.00997146
-0.00656302
0.00200938
0.0101369
0.0129316
0.00746042
-0.0137096
-0.0131214
-0.00514166
-0.00716715
-0.000128947
0.00708216
-0.011177
-0.00169963
0.00920771
0.0126806
0.00602481
-0.0162591
-0.0151412
-0.0049169
-0.00675137
-0.000170061
0.00409702
-0.0159174
-0.00550806
0.00826137
0.0125196
0.00468092
-0.0186864
-0.0170084
-0.00463197
-0.00628824
-0.000208578
0.00105332
-0.0207288
-0.00937111
0.00730243
0.0124441
0.00343225
-0.0209796
-0.0187223
-0.00429899
-0.00578903
-0.000244938
-0.00201298
-0.0255565
-0.0132452
0.00633521
0.0124474
0.00227964
-0.0231301
-0.0202851
-0.00392934
-0.00526436
-0.000279542
-0.00506828
-0.0303484
-0.0170894
0.00536365
0.0125211
0.00122167
-0.0251325
-0.0217008
-0.0035335
-0.00472402
-0.00031275
-0.00808219
-0.0350566
-0.0208663
0.00439138
0.0126553
0.000255077
-0.0269841
-0.022975
-0.00312085
-0.00417681
-0.000344863
-0.011028
-0.0396379
-0.0245429
0.00342181
0.0128395
-0.000624874
-0.0286844
-0.0241141
-0.00269967
-0.00363046
-0.000376131
-0.013883
-0.0440553
-0.0280914
0.00245807
0.0130623
-0.00142398
-0.030235
-0.0251255
-0.00227714
-0.00309169
-0.000406745
-0.0166284
-0.0482779
-0.031489
0.00150305
0.0133123
-0.00214877
-0.0316387
-0.026017
-0.00185933
-0.00256612
-0.00043685
-0.0192495
-0.052281
-0.0347176
0.000559311
0.0135784
-0.0028062
-0.0328999
-0.0267963
-0.00145131
-0.00205839
-0.000466543
-0.0217353
-0.0560457
-0.037764
-0.000370935
0.0138498
-0.00340342
-0.0340238
-0.0274713
-0.00105718
-0.00157222
-0.00049588
-0.0240782
-0.0595589
-0.0406193
-0.00128585
0.0141164
-0.00394752
-0.0350163
-0.0280497
-0.000680202
-0.00111045
-0.000524889
-0.0262735
-0.0628125
-0.0432782
-0.00218396
0.0143689
-0.00444543
-0.0358837
-0.028539
-0.000322881
-0.000675186
-0.000553569
-0.0283195
-0.0658027
-0.0457389
-0.0030642
0.014599
-0.00490375
-0.0366326
-0.0289463
1.29568e-05
-0.000267853
-0.000581901
-0.0302165
-0.0685297
-0.0480021
-0.00392581
0.0147991
-0.00532867
-0.03727
-0.0292782
0.000326058
0.000110696
-0.000609852
-0.0319668
-0.0709968
-0.0500711
-0.00476839
0.0149631
-0.00572592
-0.0378027
-0.0295413
0.000615658
0.000460095
-0.000637376
-0.0335743
-0.0732103
-0.051951
-0.00559179
0.0150855
-0.00610071
-0.0382375
-0.0297413
0.000881409
0.000780389
-0.000664423
-0.035044
-0.0751782
-0.0536483
-0.00639613
0.0151621
-0.00645775
-0.0385811
-0.029884
0.0011233
0.00107196
-0.000690942
-0.036382
-0.0769107
-0.0551706
-0.00718171
0.0151894
-0.00680119
-0.0388399
-0.0299743
0.00134159
0.00133545
-0.000716885
-0.0375948
-0.0784187
-0.0565264
-0.00794899
0.0151651
-0.00713472
-0.0390203
-0.0300172
0.00153679
0.00157173
-0.000742206
-0.0386896
-0.0797142
-0.0577246
-0.00869853
0.0150872
-0.00746151
-0.0391283
-0.0300169
0.00170954
0.0017818
-0.000766865
-0.0396737
-0.0808096
-0.0587744
-0.009431
0.0149549
-0.00778428
-0.0391696
-0.0299776
0.00186064
0.00196682
-0.000790829
-0.0405546
-0.0817177
-0.0596852
-0.0101471
0.0147678
-0.00810533
-0.0391496
-0.029903
0.001991
0.00212799
-0.000814071
-0.0413395
-0.0824511
-0.0604663
-0.0108476
0.0145262
-0.00842659
-0.0390735
-0.0297964
0.00210157
0.00226658
-0.000836568
-0.0420359
-0.0830224
-0.0611268
-0.0115332
0.0142308
-0.00874959
-0.0389461
-0.0296612
0.00219335
0.00238389
-0.000858308
-0.0426506
-0.0834439
-0.0616757
-0.0122047
0.0138829
-0.00907559
-0.038772
-0.0295
0.00226738
0.00248121
-0.000879283
-0.0431905
-0.0837276
-0.0621214
-0.0128627
0.0134841
-0.00940555
-0.0385555
-0.0293157
0.0023247
0.00255983
-0.000899489
-0.0838849
-0.0624723
-0.013508
0.0130361
-0.00974017
-0.0383007
-0.0291106
0.00236633
0.00262101
-0.00091893
-0.0839268
-0.0627361
-0.0141412
0.012541
-0.0100799
-0.0380111
-0.028887
0.00239331
0.00266598
-0.000937615
-0.0838637
-0.0629201
-0.0147628
0.0120014
-0.0104251
-0.0376904
-0.0286469
0.00240662
0.00269592
-0.000955555
-0.0837053
-0.0630311
-0.0153735
0.0114195
-0.0107759
-0.0373418
-0.0283921
0.00240724
0.00271197
-0.000972765
-0.0834609
-0.0630757
-0.0159736
0.010798
-0.0111322
-0.0369684
-0.0281245
0.00239609
0.00271522
-0.000989265
-0.0831389
-0.0630598
-0.0165636
0.0101397
-0.011494
-0.0365728
-0.0278455
0.00237408
0.00270672
-0.00100508
-0.0827475
-0.0629888
-0.0171439
0.00944715
-0.0118608
-0.0361578
-0.0275566
0.00234206
0.00268743
-0.00102022
-0.0822937
-0.0628676
-0.0177151
0.00872316
-0.0122326
-0.0357258
-0.0272591
0.00230082
0.00265828
-0.00103472
-0.0817845
-0.0627006
-0.0182769
0.00797026
-0.0126087
-0.0352789
-0.026954
0.00225115
0.00262014
-0.00104861
-0.0812263
-0.0624937
-0.0188282
0.00719147
-0.0129889
-0.0348193
-0.0266429
0.00219393
0.00257384
-0.00106192
-0.0806268
-0.062254
-0.0193684
0.00639141
-0.0133725
-0.0343492
-0.0263276
0.00213
0.00252027
-0.00107466
-0.0799899
-0.0619803
-0.0199059
0.00557249
-0.0137586
-0.0338703
-0.0260081
0.00205925
0.00246004
-0.00108685
-0.079299
-0.0616461
-0.0204584
0.00471783
-0.0141482
-0.0333785
-0.025677
0.00197957
0.00239268
-0.00109847
-0.0785316
-0.0612322
-0.0210124
0.00380853
-0.0145467
-0.0328682
-0.0253276
0.00189225
0.00231756
-0.00110964
-0.0778795
-0.0609084
-0.0214378
0.00299867
-0.0149376
-0.0323945
-0.0250109
0.00181987
0.00224437
-0.00112091
-0.0458917
-0.0779918
-0.0611226
-0.0215344
0.00279511
-0.0151603
-0.0321853
-0.0249024
0.00180434
0.00220812
-0.00113105
-0.0459515
-0.077585
-0.0609598
-0.0216725
0.00227292
-0.0154967
-0.0318493
-0.0247295
0.00176461
0.00215198
-0.00113884
-0.0459885
-0.0769609
-0.0606782
-0.0218354
0.00161017
-0.0159077
-0.0314337
-0.0245175
0.00171241
0.00208347
-0.00114599
-0.0460046
-0.0763324
-0.060396
-0.0220081
0.000942817
-0.0163143
-0.0310121
-0.0243018
0.00165556
0.00201265
-0.00115256
-0.046004
-0.0757089
-0.0601093
-0.0221902
0.000271372
-0.0167111
-0.0305899
-0.0240831
0.00159432
0.00193989
-0.00115862
-0.0459873
-0.0750679
-0.0598087
-0.0223828
-0.000418137
-0.0171075
-0.0301595
-0.0238584
0.00152806
0.00186426
-0.0011642
-0.045954
-0.0744038
-0.0594933
-0.0225862
-0.00112796
-0.0175061
-0.0297185
-0.0236273
0.00145669
0.00178559
-0.00116929
-0.0459038
-0.0737184
-0.0591641
-0.0228005
-0.00185678
-0.0179065
-0.0292676
-0.0233901
0.00138031
0.00170401
-0.0011739
-0.0458371
-0.0730128
-0.0588214
-0.0230257
-0.0026039
-0.018308
-0.0288072
-0.0231468
0.00129901
0.00161963
-0.00117804
-0.0457538
-0.0722874
-0.0584652
-0.0232618
-0.00336907
-0.0187104
-0.0283376
-0.0228976
0.00121287
0.00153252
-0.00118173
-0.0456542
-0.0715424
-0.0580959
-0.0235088
-0.00415202
-0.0191137
-0.0278589
-0.0226424
0.00112194
0.00144275
-0.00118498
-0.0455383
-0.0707779
-0.0577135
-0.0237667
-0.00495238
-0.0195177
-0.0273712
-0.0223814
0.00102632
0.00135037
-0.00118779
-0.0454065
-0.0699942
-0.0573184
-0.0240353
-0.00576975
-0.0199225
-0.0268748
-0.0221147
0.00092608
0.00125548
-0.00119019
-0.0452588
-0.0691918
-0.0569108
-0.0243146
-0.00660373
-0.0203277
-0.0263699
-0.0218424
0.000821319
0.00115813
-0.00119217
-0.0450955
-0.0683709
-0.0564908
-0.0246044
-0.00745387
-0.0207334
-0.0258567
-0.0215646
0.000712125
0.00105839
-0.00119377
-0.0449168
-0.0675318
-0.0560588
-0.0249046
-0.00831971
-0.0211394
-0.0253355
-0.0212813
0.000598596
0.000956356
-0.00119498
-0.044723
-0.0666751
-0.0556148
-0.0252149
-0.00920084
-0.0215455
-0.0248066
-0.0209927
0.000480832
0.000852086
-0.00119583
-0.0445144
-0.065801
-0.0551592
-0.025535
-0.0100967
-0.0219516
-0.0242701
-0.0206989
0.000358938
0.000745657
-0.00119633
-0.0442912
-0.0649101
-0.0546923
-0.0258649
-0.0110068
-0.0223576
-0.0237264
-0.0204001
0.000233022
0.000637145
-0.00119649
-0.0440539
-0.0640027
-0.0542142
-0.0262041
-0.0119305
-0.0227633
-0.0231759
-0.0200964
0.000103197
0.000526626
-0.00119632
-0.0438029
-0.0630794
-0.0537251
-0.0265524
-0.0128673
-0.0231687
-0.0226187
-0.0197878
-3.0422e-05
0.000414177
-0.00119585
-0.0435384
-0.0621408
-0.0532255
-0.0269094
-0.0138164
-0.0235734
-0.0220553
-0.0194746
-0.000167715
0.000299873
-0.00119509
-0.0432609
-0.0611873
-0.0527154
-0.0272749
-0.0147774
-0.0239775
-0.0214859
-0.0191569
-0.00030856
0.000183792
-0.00119404
-0.042971
-0.0602195
-0.0521953
-0.0276483
-0.0157498
-0.0243807
-0.0209109
-0.0188348
-0.000452831
6.60113e-05
-0.00119273
-0.0426689
-0.0592381
-0.0516652
-0.0280294
-0.0167327
-0.024783
-0.0203307
-0.0185085
-0.000600399
-5.33922e-05
-0.00119118
-0.0423553
-0.0582437
-0.0511256
-0.0284176
-0.0177257
-0.0251842
-0.0197456
-0.0181781
-0.000751133
-0.00017434
-0.00118939
-0.0420306
-0.057237
-0.0505766
-0.0288127
-0.018728
-0.0255842
-0.019156
-0.0178439
-0.000904897
-0.000296755
-0.00118738
-0.0416954
-0.0562186
-0.0500186
-0.0292141
-0.0197389
-0.0259828
-0.0185623
-0.0175058
-0.00106155
-0.000420559
-0.00118518
-0.0413502
-0.0551893
-0.0494518
-0.0296213
-0.0207578
-0.0263799
-0.0179649
-0.0171642
-0.00122096
-0.000545673
-0.00118279
-0.0409957
-0.0541497
-0.0488765
-0.030034
-0.021784
-0.0267754
-0.0173642
-0.0168191
-0.00138299
-0.000672019
-0.00118022
-0.0406323
-0.0531008
-0.0482929
-0.0304515
-0.0228168
-0.0271691
-0.0167606
-0.0164708
-0.00154748
-0.000799521
-0.00117751
-0.0402607
-0.0520431
-0.0477013
-0.0308735
-0.0238554
-0.027561
-0.0161545
-0.0161194
-0.00171429
-0.000928098
-0.00117466
-0.0398816
-0.0509776
-0.047102
-0.0312993
-0.0248992
-0.0279509
-0.0155464
-0.0157651
-0.00188328
-0.00105768
-0.00117169
-0.0394955
-0.0499049
-0.0464953
-0.0317286
-0.0259474
-0.0283388
-0.0149367
-0.015408
-0.0020543
-0.00118817
-0.00116861
-0.0391031
-0.048826
-0.0458814
-0.0321606
-0.0269993
-0.0287244
-0.0143258
-0.0150484
-0.00222719
-0.00131952
-0.00116544
-0.0387051
-0.0477416
-0.0452607
-0.032595
-0.0280542
-0.0291076
-0.0137142
-0.0146865
-0.00240181
-0.00145163
-0.0011622
-0.0383022
-0.0466527
-0.0446334
-0.0330311
-0.0291113
-0.0294885
-0.0131023
-0.0143223
-0.002578
-0.00158442
-0.0011589
-0.0378949
-0.0455599
-0.0439997
-0.0334684
-0.0301699
-0.0298668
-0.0124907
-0.0139562
-0.0027556
-0.00171783
)
;

boundaryField
{
    inlet
    {
        type            zeroGradient;
    }
    outlet
    {
        type            fixedValue;
        value           uniform 0;
    }
    cylinder
    {
        type            zeroGradient;
    }
    top
    {
        type            symmetryPlane;
    }
    bottom
    {
        type            symmetryPlane;
    }
    defaultFaces
    {
        type            empty;
    }
    procBoundary15to14
    {
        type            processor;
        value           nonuniform List<scalar> 
100
(
0.0269779
0.0269741
0.0269625
0.02694
0.0268996
0.0268325
0.0267277
0.0265733
0.0263572
0.0260688
0.0256994
0.0252427
0.0246956
0.0240575
0.0233306
0.0225193
0.0216301
0.0206705
0.0196495
0.0185765
0.0174613
0.0163137
0.015143
0.0139581
0.0127671
0.0115774
0.0103952
0.00922594
0.00807421
0.00694355
0.00583675
0.00475582
0.00370208
0.0026763
0.00167869
0.000709084
-0.000233058
-0.00114855
-0.0020384
-0.0029038
-0.00374602
-0.00456642
-0.00536635
-0.00614719
-0.00691028
-0.0436618
-0.0436618
-0.0440707
-0.0444227
-0.0447231
-0.0449766
-0.0451877
-0.0453605
-0.0454985
-0.0456051
-0.0456833
-0.0457359
-0.0457651
-0.0457704
-0.0457524
-0.0457568
-0.0457568
-0.0169642
-0.0174135
-0.0180672
-0.0187051
-0.0193114
-0.0199116
-0.0205137
-0.021116
-0.0217169
-0.0223163
-0.0229143
-0.0235109
-0.0241058
-0.0246991
-0.0252906
-0.0258802
-0.0264679
-0.0270534
-0.0276368
-0.0282177
-0.0287963
-0.0293722
-0.0299454
-0.0305157
-0.031083
-0.0316471
-0.0322079
-0.0327653
-0.0333189
-0.0338688
-0.0344148
-0.0349567
-0.0354943
-0.0360274
-0.0365561
-0.0370799
-0.0375989
-0.0381129
)
;
    }
    procBoundary15to31
    {
        type            processor;
        value           nonuniform List<scalar> 
12
(
-0.00115556
-0.037484
-0.0444643
-0.04336
-0.0339063
-0.0312293
-0.0302424
-0.0118797
-0.0135882
-0.00293447
-0.00115556
-0.00185178
)
;
    }
}


// ************************************************************************* //
