/*--------------------------------*- C++ -*----------------------------------*\
  =========                 |
  \\      /  F ield         | OpenFOAM: The Open Source CFD Toolbox
   \\    /   O peration     | Website:  https://openfoam.org
    \\  /    A nd           | Version:  7
     \\/     M anipulation  |
\*---------------------------------------------------------------------------*/
FoamFile
{
    version     2.0;
    format      ascii;
    class       surfaceScalarField;
    location    "60";
    object      phi;
}
// * * * * * * * * * * * * * * * * * * * * * * * * * * * * * * * * * * * * * //

dimensions      [0 3 -1 0 0 0 0];

internalField   nonuniform List<scalar> 
2013
(
0.00106445
0.0190247
-0.0189326
0.00116263
0.0121074
-0.0122056
0.00132274
0.000750423
-0.000910535
0.00141915
-0.00821083
0.00811442
0.0013599
-0.0134529
0.0135122
0.00121041
-0.01673
0.0168795
0.00117662
-0.0156167
0.0156505
0.00128569
-0.00794673
0.00783766
0.00138771
0.00174027
-0.00184229
0.00889784
-0.00888265
0.00106905
0.0191102
0.00116819
0.0120083
0.00132519
0.000593425
0.00142183
-0.00830747
0.00136505
-0.0133961
0.00121252
-0.0165774
0.0011722
-0.0155764
0.00127885
-0.00805338
0.00138019
0.00163893
0.0089143
0.00107375
0.0191893
0.00117357
0.0119084
0.00132731
0.000439684
0.00142402
-0.00840418
0.00136992
-0.013342
0.00121472
-0.0164222
0.00116772
-0.0155294
0.00127156
-0.00815722
0.00137214
0.00153836
0.0089318
0.00107855
0.019262
0.0011788
0.0118082
0.00132914
0.000289339
0.00142573
-0.00850077
0.0013745
-0.0132908
0.001217
-0.0162647
0.0011632
-0.0154756
0.00126383
-0.00825785
0.00136355
0.00143864
0.00895008
0.00108344
0.0193284
0.0011839
0.0117077
0.00133072
0.000142522
0.00142698
-0.00859704
0.00137876
-0.0132426
0.00121936
-0.0161053
0.00115866
-0.0154149
0.00125567
-0.00835486
0.00135445
0.00133986
0.00896887
0.00108842
0.0193886
0.0011889
0.0116073
0.00133206
-6.40814e-07
0.00142776
-0.00869273
0.00138267
-0.0131975
0.00122177
-0.0159444
0.00115411
-0.0153472
0.0012471
-0.00844785
0.00134486
0.00124209
0.0089879
0.00109347
0.0194427
0.00119382
0.0115069
0.00133321
-0.000140026
0.00142808
-0.0087876
0.00138623
-0.0131556
0.00122423
-0.0157824
0.00114958
-0.0152726
0.00123814
-0.00853641
0.0013348
0.00114544
0.00900688
0.0010986
0.0194908
0.00119869
0.0114068
0.00133418
-0.000275519
0.00142796
-0.00888138
0.0013894
-0.0131171
0.00122672
-0.0156198
0.00114509
-0.0151909
0.00122882
-0.00862014
0.00132428
0.00104997
0.00902553
0.00110378
0.0195331
0.00120351
0.0113071
0.00133499
-0.000407008
0.00142739
-0.00897378
0.00139217
-0.0130819
0.00122924
-0.0154568
0.00114065
-0.0151023
0.00121917
-0.00869866
0.00131335
0.000955791
0.00904357
0.00110901
0.0195696
0.00120829
0.0112078
0.00133567
-0.000534391
0.00142639
-0.0090645
0.00139451
-0.01305
0.00123176
-0.0152941
0.00113628
-0.0150069
0.00120922
-0.0087716
0.00130202
0.000862994
0.00906073
0.00111427
0.0196005
0.00121304
0.011109
0.00133623
-0.000657574
0.00142498
-0.00915325
0.00139641
-0.0130214
0.00123426
-0.0151319
0.00113201
-0.0149046
0.00119901
-0.0088386
0.00129032
0.00077168
0.00907672
0.00111956
0.0196259
0.00121777
0.0110108
0.00133667
-0.000776474
0.00142314
-0.00923972
0.00139786
-0.0129961
0.00123673
-0.0149708
0.00112785
-0.0147957
0.00118858
-0.00889932
0.0012783
0.000681958
0.00909127
0.00112485
0.0196461
0.00122246
0.0109132
0.001337
-0.000891016
0.00142091
-0.00932362
0.00139883
-0.0129741
0.00123914
-0.0148111
0.00112383
-0.0146804
0.00117797
-0.00895346
0.00126598
0.000593939
0.00910414
0.00113013
0.0196611
0.00122711
0.0108162
0.00133723
-0.00100114
0.00141827
-0.00940466
0.00139931
-0.0129551
0.00124148
-0.0146533
0.00111994
-0.0145589
0.00116721
-0.00900074
0.00125341
0.000507741
0.00911506
0.00113539
0.0196712
0.00123169
0.0107199
0.00133735
-0.0011068
0.00141525
-0.00948256
0.00139928
-0.0129391
0.00124371
-0.0144977
0.00111622
-0.0144314
0.00115637
-0.00904088
0.00124062
0.000423487
0.00912382
0.0011406
0.0196765
0.0012362
0.0106243
0.00133736
-0.00120796
0.00141184
-0.00955704
0.00139873
-0.012926
0.00124582
-0.0143448
0.00111266
-0.0142982
0.00114547
-0.00907369
0.00122765
0.000341305
0.00913019
0.00114575
0.0196772
0.00124061
0.0105295
0.00133725
-0.0013046
0.00140807
-0.00962786
0.00139766
-0.0129156
0.00124777
-0.0141949
0.00110929
-0.0141597
0.00113456
-0.00909896
0.00121454
0.000261326
0.00913397
0.00115081
0.0196735
0.00124489
0.0104354
0.00133701
-0.00139672
0.00140392
-0.00969477
0.00139604
-0.0129077
0.00124954
-0.0140484
0.0011061
-0.0140163
0.00112369
-0.00911655
0.00120134
0.000183683
0.00913497
0.00115576
0.0196656
0.00124901
0.0103421
0.00133662
-0.00148433
0.00139942
-0.00975757
0.00139387
-0.0129022
0.00125111
-0.0139057
0.00110311
-0.0138683
0.0011129
-0.00912635
0.00118807
0.000108512
0.00913305
0.00116058
0.0196537
0.00125295
0.0102498
0.00133608
-0.00156747
0.00139456
-0.00981605
0.00139115
-0.0128988
0.00125244
-0.0137669
0.0011003
-0.0137162
0.00110223
-0.00912828
0.0011748
3.59492e-05
0.00912805
0.00116525
0.019638
0.00125666
0.0101584
0.00133536
-0.00164616
0.00138936
-0.00987004
0.00138786
-0.0128973
0.00125351
-0.0136326
0.00109769
-0.0135603
0.00109173
-0.00912232
0.00116154
-3.3869e-05
0.00911987
0.00116975
0.0196189
0.00126013
0.010068
0.00133445
-0.00172048
0.00138381
-0.0099194
0.00138401
-0.0128975
0.00125429
-0.0135029
0.00109527
-0.0134013
0.00108142
-0.00910846
0.00114836
-0.000100814
0.0091084
0.00117405
0.0195964
0.00126332
0.0099787
0.00133332
-0.00179049
0.00137792
-0.009964
0.00137958
-0.0128991
0.00125475
-0.013378
0.00109302
-0.0132396
0.00107134
-0.00908678
0.00113528
-0.000164753
0.00909357
0.00117813
0.0195708
0.00126619
0.00989064
0.00133197
-0.00185626
0.0013717
-0.0100037
0.00137458
-0.012902
0.00125487
-0.0132583
0.00109095
-0.0130757
0.00106153
-0.00905736
0.00112234
-0.00022556
0.00907534
0.00118197
0.0195424
0.00126873
0.00980388
0.00133036
-0.00191788
0.00136515
-0.0100385
0.00136901
-0.0129059
0.00125461
-0.0131439
0.00108904
-0.0129101
0.00105201
-0.00902033
0.00110957
-0.00028312
0.00905367
0.00118556
0.0195114
0.0012709
0.00971854
0.00132848
-0.00197546
0.00135827
-0.0100683
0.00136286
-0.0129105
0.00125396
-0.013035
0.00108727
-0.0127434
0.00104282
-0.00897589
0.00109702
-0.000337319
0.00112211
0.00902858
0.0144225
0.00118888
0.0194781
0.00127269
0.00963473
0.0013263
-0.00202908
0.00135107
-0.0100931
0.00135614
-0.0129155
0.00125288
-0.0129318
0.00108562
-0.0125761
0.00103397
-0.00892424
0.00108471
-0.000388061
0.00111321
0.00900009
0.0143926
0.00119191
0.0194426
0.00127407
0.00955257
0.00132383
-0.00207883
0.00134354
-0.0101128
0.00134886
-0.0129209
0.00125135
-0.0128343
0.00108407
-0.0124089
0.00102548
-0.00886565
0.00107268
-0.000435257
0.00110453
0.00896823
0.0143568
0.00119464
0.0194053
0.00127503
0.00947218
0.00132102
-0.00212482
0.00133569
-0.0101275
0.00134101
-0.0129262
0.00124934
-0.0127426
0.00108261
-0.0122421
0.00101736
-0.00880041
0.00106094
-0.000478833
0.0010961
0.00893307
0.0143152
0.00119707
0.0193662
0.00127557
0.00939368
0.00131788
-0.00216714
0.00132751
-0.0101371
0.00133261
-0.0129313
0.00124684
-0.0126568
0.00108119
-0.0120765
0.00100963
-0.00872884
0.00104953
-0.000518729
0.00108789
0.0088947
0.0142679
0.00119918
0.0193257
0.00127568
0.00931718
0.00131439
-0.00220584
0.00131902
-0.0101417
0.00132366
-0.0129359
0.00124382
-0.012577
0.00107981
-0.0119125
0.00100228
-0.00865132
0.00103846
-0.000554903
0.00107994
0.00885322
0.0142152
0.00120099
0.0192839
0.00127537
0.00924279
0.00131053
-0.002241
0.0013102
-0.0101414
0.00131416
-0.0129399
0.00124027
-0.0125031
0.00107842
-0.0117506
0.000995327
-0.00856823
0.00102775
-0.000587329
0.00107223
0.00880875
0.0141572
0.00120249
0.019241
0.00127466
0.00917062
0.00130631
-0.00227265
0.00130107
-0.0101362
0.00130414
-0.012943
0.00123616
-0.0124351
0.00107699
-0.0115915
0.000988758
-0.00847999
0.00101743
-0.000615999
0.00106477
0.00876141
0.0140941
0.00120372
0.0191971
0.00127358
0.00910076
0.00130171
-0.00230078
0.00129161
-0.0101261
0.00129358
-0.0129449
0.00123147
-0.012373
0.0010755
-0.0114355
0.000982567
-0.00838706
0.0010075
-0.000640929
0.00105757
0.00871134
0.014026
0.0012047
0.0191523
0.00127216
0.0090333
0.00129674
-0.00232536
0.00128183
-0.0101111
0.00128252
-0.0129456
0.00122621
-0.0123167
0.00107392
-0.0112832
0.000976745
-0.00828988
0.000997967
-0.000662152
0.00105063
0.00865868
0.0139532
0.00120551
0.0191066
0.00127047
0.00896834
0.00129139
-0.00234628
0.00127172
-0.0100915
0.00127096
-0.0129449
0.00122035
-0.0122661
0.0010722
-0.0111351
0.000971275
-0.00818896
0.000988848
-0.000679725
0.00104398
0.00860355
0.0138757
0.00120626
0.0190599
0.00126864
0.00890595
0.00128569
-0.00236333
0.00126128
-0.0100671
0.00125889
-0.0129425
0.00121385
-0.012221
0.00107029
-0.0109915
0.000966124
-0.0080848
0.000980137
-0.000693739
0.00103762
0.00854607
0.0137937
0.00120723
0.019012
0.00126688
0.0088463
0.00127969
-0.00237614
0.00125051
-0.0100379
0.0012463
-0.0129383
0.00120671
-0.0121814
0.00106815
-0.0108529
0.000961247
-0.0079779
0.000971812
-0.000704304
0.00103159
0.00848629
0.0137072
0.00120868
0.0189625
0.00126522
0.00878975
0.00127328
-0.0023842
0.0012394
-0.010004
0.0012333
-0.0129322
0.00119903
-0.0121472
0.00106587
-0.0107198
0.000956723
-0.00786875
0.000963927
-0.000711508
0.00102595
0.00842427
0.0136163
0.00121044
0.0189114
0.00126297
0.00873722
0.00126594
-0.00238717
0.00122796
-0.00996602
0.00122018
-0.0129244
0.00119114
-0.0121181
0.00106379
-0.0105924
0.000953002
-0.00775797
0.000956884
-0.00071539
0.00102091
0.00836024
0.0135211
0.00154371
0.0185716
0.00201321
0.00826773
0.00231481
-0.00268877
0.00239123
-0.0100424
0.0023799
-0.012913
0.00227776
-0.012016
0.00199323
-0.0103079
0.00166341
-0.00742815
0.00145951
-0.00051149
0.00140667
0.00841308
0.0133822
0.00161069
0.018206
0.00209446
0.00778395
0.00239901
-0.00299332
0.00247027
-0.0101137
0.00245125
-0.012894
0.00235035
-0.0119151
0.00206517
-0.0100227
0.00171983
-0.00708281
0.001499
-0.000290661
0.00144658
0.0084655
0.0132276
0.00168262
0.0178141
0.00218028
0.00728629
0.00248806
-0.0033011
0.00255342
-0.0101791
0.00252503
-0.0128656
0.00242427
-0.0118143
0.00213915
-0.00973759
0.00177942
-0.00672308
0.00154213
-5.33708e-05
0.00149038
0.00851725
0.0130569
0.0017601
0.0173955
0.00227085
0.00677554
0.00258157
-0.00361182
0.00264025
-0.0102377
0.0026012
-0.0128266
0.00249972
-0.0117128
0.00221546
-0.00945333
0.0018426
-0.00635022
0.00158931
0.000199914
0.00153857
0.00856799
0.0128699
0.00184371
0.0169496
0.0023665
0.00625275
0.00267937
-0.0039247
0.00273062
-0.010289
0.00267981
-0.0127758
0.00257686
-0.0116099
0.00229434
-0.00917082
0.0019097
-0.00596557
0.00164098
0.000468634
0.00159163
0.00861733
0.0126663
0.00193398
0.0164762
0.00246759
0.00571914
0.00278139
-0.0042385
0.00282443
-0.010332
0.00276091
-0.0127123
0.00265576
-0.0115047
0.00237593
-0.00889098
0.001981
-0.00557065
0.00169758
0.000752056
0.00165005
0.00866486
0.0124462
0.00203146
0.0159749
0.00257449
0.00517611
0.0028876
-0.00455161
0.00292166
-0.0103661
0.00284455
-0.0126352
0.00273649
-0.0113967
0.00246031
-0.0086148
0.00205679
-0.00516713
0.00175961
0.00104923
0.00171436
0.00871012
0.0122096
0.00213673
0.0154459
0.00268756
0.00462528
0.002998
-0.00486205
0.00302228
-0.0103904
0.0029308
-0.0125437
0.00281907
-0.0112849
0.00254752
-0.00834324
0.00213729
-0.00475691
0.00182756
0.00135896
0.0017851
0.00875258
0.0119567
0.00225041
0.0148894
0.00280711
0.00406858
0.0031126
-0.00516754
0.00312626
-0.010404
0.00301971
-0.0124371
0.00290351
-0.0111687
0.00263756
-0.0080773
0.00222275
-0.00434209
0.00190193
0.00167978
0.00186282
0.00879169
0.011688
0.00237317
0.0143059
0.00293344
0.00350831
0.0032314
-0.00546551
0.00323356
-0.0104062
0.00311133
-0.0123149
0.00298983
-0.0110472
0.00273043
-0.0078179
0.00231335
-0.00392501
0.00198323
0.0020099
0.0019481
0.00882683
0.0114039
0.0025057
0.0136966
0.00306679
0.00294722
0.00335441
-0.00575313
0.00334412
-0.0103959
0.00320572
-0.0121765
0.00307802
-0.0109195
0.00282605
-0.00756593
0.00240927
-0.00350822
0.00207196
0.00234721
0.0020415
0.00885728
0.0111052
0.00264864
0.0130626
0.00320734
0.00238851
0.00348156
-0.00602735
0.00345786
-0.0103722
0.00330292
-0.0120216
0.00316812
-0.0107847
0.00292437
-0.00732217
0.00251062
-0.00309448
0.00216857
0.00268926
0.0021436
0.00888225
0.0107926
0.00280251
0.0124058
0.00335518
0.00183584
0.0036128
-0.00628497
0.00357467
-0.0103341
0.00340296
-0.0118498
0.00326014
-0.0106419
0.00302525
-0.00708729
0.0026175
-0.00268673
0.00227351
0.00303325
0.00225496
0.0089008
0.0104672
0.0029677
0.0117284
0.00351028
0.00129326
0.00374797
-0.00652266
0.00369441
-0.0102805
0.00350587
-0.0116613
0.00335409
-0.0104902
0.0031286
-0.00686179
0.00272992
-0.00228806
0.00238716
0.00337602
0.0023761
0.00891185
0.0101302
0.00314441
0.0110333
0.0036725
0.000765164
0.00388692
-0.00673707
0.00381692
-0.0102105
0.00361167
-0.011456
0.00345004
-0.0103285
0.00323424
-0.00664599
0.00284784
-0.00190166
0.00250981
0.00371405
0.0025075
0.00891416
0.0097829
0.0033326
0.0103241
0.00384156
0.000256211
0.00402938
-0.00692489
0.00394199
-0.0101231
0.00372035
-0.0112344
0.00354803
-0.0101562
0.00334202
-0.00643997
0.00297113
-0.00153078
0.00264169
0.0040435
0.00264956
0.00890628
0.00942686
0.00353205
0.00960543
0.004017
-0.00022874
0.00417506
-0.00708295
0.00406941
-0.0100175
0.00383192
-0.0109969
0.00364814
-0.00997242
0.00345175
-0.00624359
0.00309959
-0.00117861
0.0027829
0.00436018
0.00280258
0.00888661
0.00906375
0.00374226
0.00888263
0.00419824
-0.000684722
0.00432359
-0.00720831
0.00419894
-0.00989281
0.00394633
-0.0107443
0.00375045
-0.00977655
0.00356328
-0.00605642
0.00323292
-0.000848255
0.00293343
0.00465968
0.00296669
0.00885335
0.00869545
0.00396247
0.00816214
0.00438452
-0.00110677
0.00447455
-0.00729834
0.00433031
-0.00974857
0.00406354
-0.0104775
0.00385509
-0.0095681
0.00367641
-0.00587775
0.00337075
-0.000542593
0.00309308
0.00493735
0.00314184
0.00880459
0.00832396
0.00419165
0.00745124
0.00457492
-0.00149004
0.00462745
-0.00735087
0.00446326
-0.00958437
0.00418349
-0.0101978
0.00396217
-0.00934679
0.00379102
-0.00570659
0.00351262
-0.000264198
0.00326149
0.00518848
0.00332774
0.00873834
0.00795145
0.00442843
0.00675791
0.00476835
-0.00182996
0.00478176
-0.00736428
0.00459752
-0.00940013
0.0043061
-0.00990633
0.00407187
-0.00911256
0.00390698
-0.0055417
0.003658
-1.5224e-05
0.00343809
0.00540839
0.00352381
0.00865262
0.00758016
0.00467111
0.0060906
0.00496361
-0.00212247
0.00493692
-0.00733759
0.00473283
-0.00919604
0.00443127
-0.00960476
0.00418433
-0.00886562
0.00402423
-0.0053816
0.00380632
0.000202688
0.0036221
0.00559261
0.00372915
0.00854557
0.00721242
0.00491763
0.00545787
0.00515934
-0.00236418
0.00509236
-0.00727061
0.00486896
-0.00897265
0.0045589
-0.0092947
0.00429973
-0.00860645
0.00414278
-0.00522466
0.00395696
0.000388509
0.00381251
0.00573706
0.00394252
0.00841556
0.00685051
0.00516558
0.00486793
0.00535412
-0.00255273
0.0052475
-0.00716399
0.00500571
-0.00873086
0.00468887
-0.00897786
0.00441825
-0.00833583
0.00426273
-0.00506913
0.00410935
0.000541887
0.00400808
0.00583833
0.00416232
0.00826132
0.00649664
0.00541222
0.00432804
0.0055465
-0.00268701
0.00540183
-0.00701932
0.00514292
-0.00847195
0.00482107
-0.00865601
0.00454007
-0.00805483
0.00438425
-0.00491331
0.00426293
0.000663204
0.00420743
0.00589382
0.00438666
0.0080821
0.00615285
0.00565462
0.00384393
0.00573505
-0.00276743
0.00555487
-0.00683914
0.00528049
-0.00819756
0.00495538
-0.00833089
0.00466533
-0.00776478
0.00450762
-0.00475559
0.00441724
0.000753581
0.00440902
0.00590204
0.0046134
0.00787771
0.00582086
0.00588982
0.00341919
0.00591851
-0.00279612
0.00570628
-0.00662692
0.0054184
-0.00790968
0.0050917
-0.0080042
0.00479419
-0.00746727
0.00463322
-0.00459463
0.00457195
0.000814851
0.00461124
0.00586275
0.00484026
0.00764869
0.00550206
0.00611505
0.00305481
0.00609586
-0.00277693
0.00585584
-0.0063869
0.00555668
-0.00761052
0.00522996
-0.00767747
0.00492673
-0.00716403
0.00476149
-0.00442939
0.00472684
0.000849496
0.00481252
0.00577707
0.00506495
0.00739627
0.00519738
0.00632801
0.00274897
0.0062664
-0.00271532
0.00600348
-0.00612397
0.00569546
-0.00730251
0.00537011
-0.00735212
0.00506303
-0.00685695
0.00489293
-0.0042593
0.0048819
0.000860528
0.00501142
0.00564755
0.00528531
0.00712238
0.00490725
0.00652711
0.00249719
0.00642985
-0.00261806
0.00614928
-0.00584341
0.00583491
-0.00698813
0.00551214
-0.00702934
0.00520311
-0.00654793
0.00502807
-0.00408425
0.00503725
0.000851343
0.00520673
0.00547807
0.00549948
0.00682963
0.00463163
0.0067117
0.00229276
0.00658638
-0.00249274
0.00629352
-0.00555055
0.00597526
-0.00666987
0.00565607
-0.00671016
0.00534699
-0.00623884
0.00516736
-0.00390462
0.00519316
0.000825553
0.00539754
0.00527369
0.00570603
0.00652114
0.00437004
0.00688209
0.00212753
0.00673656
-0.00234721
0.00643657
-0.00525056
0.00611678
-0.00635008
0.00580198
-0.00639535
0.00549461
-0.00593147
0.00531124
-0.00372126
0.00535
0.000786793
0.00558336
0.00504033
0.00590407
0.00620042
0.00412162
0.00703956
0.00199281
0.00688134
-0.00218899
0.00657894
-0.00494816
0.00625977
-0.00603092
0.00594997
-0.00608554
0.00564591
-0.00562742
0.00546001
-0.00353535
0.00550825
0.00073855
0.00576412
0.00478446
0.00609332
0.00587123
0.00388526
0.0071861
0.00188024
0.0070219
-0.00202479
0.00672116
-0.00464742
0.00640453
-0.00571429
0.00610016
-0.00578118
0.00580084
-0.00532809
0.00561382
-0.00334834
0.00566837
0.000684005
0.00594015
0.00451268
0.00627405
0.00553732
0.00365975
0.00732418
0.00715956
-0.00186017
0.00686383
-0.00435168
0.00655134
-0.0054018
0.00625274
-0.00548257
0.00595931
-0.00503467
0.00577273
-0.00316176
0.00583082
0.000625919
0.00611214
0.00423137
0.00644711
0.00520235
0.00344387
0.00729564
-0.00169942
0.00700747
-0.00406351
0.00670047
-0.0050948
0.00640786
-0.00518996
0.00612126
-0.00474807
0.00593664
-0.00297714
0.005996
0.000566565
0.00628104
0.00394632
0.00661371
0.00486969
0.00323652
0.00743136
-0.00154555
0.00715262
-0.00378477
0.00685217
-0.00479435
0.00656571
-0.0049035
0.00628664
-0.00446899
0.00610537
-0.00279588
0.00616423
0.000507713
0.00644797
0.00366257
0.00677535
0.00454231
0.00303681
0.00756779
-0.00140045
0.00729972
-0.0035167
0.00700663
-0.00450126
0.00672648
-0.00462335
0.00645542
-0.00419794
0.00627868
-0.00261913
0.00633573
0.000450661
0.00661407
0.00338423
0.00693364
0.00422275
0.00284404
0.00770583
-0.00126512
0.00744916
-0.00326003
0.00716405
-0.00421616
0.00689033
-0.00434963
0.0066276
-0.0039352
0.00645628
-0.00244782
0.00651065
0.000396293
0.00678043
0.00311445
0.00709016
0.00391301
0.00265776
0.00784619
-0.00113992
0.00760127
-0.00301511
0.00732459
-0.00393948
0.00705743
-0.00408246
0.00680317
-0.00368095
0.00663792
-0.00228256
0.00668905
0.000345163
0.00694799
0.00285551
0.00724635
0.00361465
0.0024777
0.00798946
-0.00102475
0.00775637
-0.00278202
0.00748841
-0.00367152
0.00722792
-0.00382197
0.00698219
-0.00343522
0.00682337
-0.00212374
0.00687095
0.000297582
0.00711756
0.0026089
0.00740346
0.00332875
0.00230373
0.00813609
-0.000919227
0.0079147
-0.00256062
0.00765566
-0.00341248
0.00740195
-0.00356826
0.00716468
-0.00319796
0.00701244
-0.0019715
0.00705633
0.00025369
0.00728975
0.00237548
0.00756252
0.00305598
0.00213582
0.00828647
-0.00082283
0.0080765
-0.00235065
0.00782646
-0.00316244
0.00757963
-0.00332143
0.00735071
-0.00296903
0.00720502
-0.00182581
0.00724518
0.000213523
0.00746504
0.00215562
0.00772434
0.00279668
0.00197398
0.00844092
-0.00073494
0.00824202
-0.00215175
0.00800098
-0.00292139
0.00776109
-0.00308154
0.00754033
-0.00274828
0.00740101
-0.00168649
0.00743748
0.000177051
0.00764378
0.00194932
0.00788955
0.00255091
0.00181822
0.00859975
-0.000654911
0.00841149
-0.00196349
0.00817936
-0.00268926
0.00794643
-0.00284862
0.00773361
-0.00253546
0.0076004
-0.00155327
0.00763323
0.000144216
0.00782622
0.00175633
0.00805862
0.0023185
0.00166856
0.00876324
-0.000582095
0.00858513
-0.00178538
0.00836176
-0.00246589
0.00813579
-0.00262264
0.00793063
-0.0023303
0.00780318
-0.00142582
0.00783245
0.000114936
0.00801255
0.00157624
0.00823191
0.00209914
0.00152496
0.00893167
-0.000515854
0.00876319
-0.00161691
0.00854837
-0.00225107
0.00832926
-0.00240353
0.00813147
-0.0021325
0.00800938
-0.00130373
0.0080352
8.91236e-05
0.00820294
0.00140849
0.00840972
0.00189236
0.00138732
0.00910533
-0.000455568
0.00894594
-0.00145751
0.00873937
-0.00204451
0.00852698
-0.00219113
0.00833619
-0.00194172
0.00821907
-0.00118661
0.00824152
6.6677e-05
0.00839754
0.00125246
0.00859228
0.00169762
0.00125553
0.00928454
-0.000400642
0.00913363
-0.0013066
0.00893497
-0.00184584
0.00872908
-0.00198525
0.00854491
-0.00175755
0.00843232
-0.00107402
0.00845151
4.74846e-05
0.00859648
0.00110749
0.00877982
0.00151428
0.00112938
0.0094696
-0.000350503
0.00932656
-0.00116356
0.00913537
-0.00165465
0.00893569
-0.00178557
0.0087577
-0.00157956
0.0086492
-0.00096553
0.00866527
3.14209e-05
0.00879992
0.000972843
0.00897255
0.00134165
0.00100864
0.00966085
-0.000304599
0.00952502
-0.00102773
0.0093408
-0.00147043
0.00914696
-0.00159173
0.00897466
-0.00140726
0.00886982
-0.000860685
0.0088829
1.83437e-05
0.00900798
0.000847756
0.00917067
0.00117896
0.000893014
0.00985865
-0.000262407
0.00972934
-0.000898424
0.00955152
-0.00129261
0.00936306
-0.00140327
0.00919591
-0.00124011
0.00909426
-0.000759031
0.00910451
8.092e-06
0.00922085
0.000731422
0.00937442
0.00102539
0.000782133
0.0100634
-0.000223418
0.00993987
-0.000774917
0.00976778
-0.00112052
0.00958415
-0.00121964
0.00942156
-0.00107752
0.00932263
-0.000660102
0.00933024
4.84614e-07
0.00943867
0.000622993
0.00958401
0.000880049
0.000675583
0.0102755
-0.000187147
0.010157
-0.000656437
0.00998987
-0.000953415
0.00981042
-0.00104019
0.00965171
-0.000918808
0.00955502
-0.000563416
0.00956019
-4.68443e-06
0.00966162
0.000521567
0.00979969
0.000741978
0.000572875
0.0104953
-0.000153121
0.010381
-0.000542162
0.0102181
-0.000790458
0.0100421
-0.000864167
0.00988649
-0.00076324
0.00979154
-0.000468467
0.00979451
-7.65092e-06
0.00988989
0.000426183
0.0100217
0.00061013
0.000473449
0.0107235
-0.000120873
0.0106125
-0.000431211
0.0104527
-0.000630695
0.0102793
-0.000690688
0.010126
-0.000609986
0.0100323
-0.000374726
0.0100333
-8.67321e-06
0.0101237
0.000335806
0.0102504
0.000483365
0.000376665
0.0109604
-8.99396e-05
0.0108518
-0.000322626
0.0106942
-0.000473053
0.0105223
-0.000518752
0.0103704
-0.000458123
0.0102773
-0.000281629
0.0102767
-8.04369e-06
0.0103632
0.000249311
0.0104861
0.000360428
0.000281792
0.0112068
-5.98494e-05
0.0110995
-0.000215362
0.0109428
-0.000316324
0.0107712
-0.000347211
0.0106197
-0.000306616
0.0105267
-0.000188567
0.0105247
-6.09183e-06
0.0106086
0.000165464
0.0107291
0.00023993
0.000187997
0.0114632
-3.01099e-05
0.0113561
-0.000108262
0.0111989
-0.000159139
0.0110264
-0.000174752
0.0108741
-0.000154299
0.0107804
-9.48704e-05
0.0107775
-3.19386e-06
0.0108601
8.29003e-05
0.0109797
0.000120322
9.43315e-05
0.01173
0.0116218
0.0114626
0.0112879
0.0111336
0.0110387
0.0110355
0.0111184
0.0112387
0.00129798
-0.00772655
0.00140111
0.00194492
0.00886897
0.00105997
0.00115686
0.00131993
0.00141598
0.00135449
0.00120838
0.00118096
0.00129206
0.00139469
)
;

boundaryField
{
    inlet
    {
        type            calculated;
        value           nonuniform 0();
    }
    outlet
    {
        type            calculated;
        value           nonuniform 0();
    }
    cylinder
    {
        type            calculated;
        value           nonuniform 0();
    }
    top
    {
        type            symmetryPlane;
        value           uniform 0;
    }
    bottom
    {
        type            symmetryPlane;
        value           nonuniform 0();
    }
    defaultFaces
    {
        type            empty;
        value           nonuniform 0();
    }
    procBoundary29to12
    {
        type            processor;
        value           uniform -0.00115857;
    }
    procBoundary29to13
    {
        type            processor;
        value           nonuniform List<scalar> 
11
(
0.00761379
-0.00204805
-0.00885702
-0.018834
-0.0123025
-0.00107361
0.00801838
0.0135736
0.0170256
-0.00118521
0.0156779
)
;
    }
    procBoundary29to14
    {
        type            processor;
        value           nonuniform List<scalar> 4(0.00137253 0.00136373 0.00138916 0.00138101);
    }
    procBoundary29to28
    {
        type            processor;
        value           nonuniform List<scalar> 
101
(
-0.0011565
-0.00115459
-0.00115284
-0.00115126
-0.00114985
-0.00114862
-0.00114757
-0.00114671
-0.00114602
-0.00114552
-0.00114518
-0.00114502
-0.00114501
-0.00114516
-0.00114546
-0.00114589
-0.00114644
-0.0011471
-0.00114786
-0.0011487
-0.00114961
-0.00115057
-0.00115156
-0.00115257
-0.00115358
-0.00115458
-0.00115553
-0.00115644
-0.00115728
-0.00115803
-0.00115867
-0.00115919
-0.00115958
-0.00115981
-0.00115988
-0.0011598
-0.00115958
-0.00115932
-0.00115919
-0.00115938
-0.00120386
-0.00124511
-0.00129072
-0.00134143
-0.00139784
-0.00146054
-0.00153023
-0.00160769
-0.00169387
-0.00178974
-0.00189634
-0.00201468
-0.00214571
-0.00229031
-0.0024493
-0.00262343
-0.00281334
-0.00301946
-0.00324199
-0.00348075
-0.0037351
-0.0040038
-0.0042849
-0.00457563
-0.00487233
-0.00517052
-0.00546509
-0.00575067
-0.00602217
-0.00627533
-0.00650726
-0.00671686
-0.00690484
-0.00707354
-0.00722647
0.00178253
-0.00745639
-0.00758524
-0.00771289
-0.00784115
-0.00797139
-0.00810463
-0.00824161
-0.00838287
-0.00852881
-0.00867978
-0.00883605
-0.00899791
-0.00916562
-0.00933947
-0.00951974
-0.00970675
-0.00990084
-0.0101024
-0.0103117
-0.0105293
-0.0107557
-0.0109913
-0.0112369
-0.0114929
-0.0117601
)
;
    }
    procBoundary29to30
    {
        type            processor;
        value           nonuniform List<scalar> 
99
(
0.00135463
0.00134527
0.00133566
0.00132584
0.00131582
0.00130563
0.00129531
0.00128486
0.00127434
0.00126374
0.00125312
0.00124248
0.00123186
0.00122128
0.00121076
0.00120033
0.00119
0.00117979
0.00116973
0.00115983
0.00115011
0.00114057
0.00113123
-0.0144464
0.00114596
0.00114312
0.00114037
0.00113772
0.00113514
0.00113264
0.00113022
0.00112788
0.00112562
0.00112347
0.00112146
0.00111963
0.00111807
0.00111688
0.00111613
0.00154554
0.00160117
0.00166107
0.00172563
0.0017952
0.00187018
0.00195096
0.00203795
0.00213155
0.00223218
0.00234025
0.00245618
0.00258035
0.00271312
0.00285479
0.00300561
0.00316568
0.00333499
0.00351332
0.00370025
0.0038951
0.0040969
0.00430443
0.00451618
0.00473045
0.00494538
0.00515906
0.00536964
0.00557544
0.00577509
0.00596762
0.0061525
0.00632967
0.00649957
0.00666299
0.00682105
0.00697506
0.00712641
0.00727644
0.00742641
0.00757743
0.00773043
0.00788619
0.00804531
0.00820828
0.00837552
0.00854735
0.00872408
0.00890597
0.00909329
0.0092863
0.0094853
0.00969056
0.0099024
0.0101212
0.0103472
0.010581
0.0108229
0.0110734
0.0113331
)
;
    }
}


// ************************************************************************* //
