/*--------------------------------*- C++ -*----------------------------------*\
  =========                 |
  \\      /  F ield         | OpenFOAM: The Open Source CFD Toolbox
   \\    /   O peration     | Website:  https://openfoam.org
    \\  /    A nd           | Version:  7
     \\/     M anipulation  |
\*---------------------------------------------------------------------------*/
FoamFile
{
    version     2.0;
    format      ascii;
    class       labelList;
    location    "constant/polyMesh";
    object      pointProcAddressing;
}
// * * * * * * * * * * * * * * * * * * * * * * * * * * * * * * * * * * * * * //


2348
(
13597
13598
13599
13600
13601
13602
13603
13604
13605
13606
13607
13608
13657
13658
13659
13660
13661
13662
13663
13664
13665
13666
13667
13668
13717
13718
13719
13720
13721
13722
13723
13724
13725
13726
13727
13728
13777
13778
13779
13780
13781
13782
13783
13784
13785
13786
13787
13788
13837
13838
13839
13840
13841
13842
13843
13844
13845
13846
13847
13848
13897
13898
13899
13900
13901
13902
13903
13904
13905
13906
13907
13908
13957
13958
13959
13960
13961
13962
13963
13964
13965
13966
13967
13968
14017
14018
14019
14020
14021
14022
14023
14024
14025
14026
14027
14028
14077
14078
14079
14080
14081
14082
14083
14084
14085
14086
14087
14088
14137
14138
14139
14140
14141
14142
14143
14144
14145
14146
14147
14148
14197
14198
14199
14200
14201
14202
14203
14204
14205
14206
14207
14208
14257
14258
14259
14260
14261
14262
14263
14264
14265
14266
14267
14268
14317
14318
14319
14320
14321
14322
14323
14324
14325
14326
14327
14328
14377
14378
14379
14380
14381
14382
14383
14384
14385
14386
14387
14388
14437
14438
14439
14440
14441
14442
14443
14444
14445
14446
14447
14448
14497
14498
14499
14500
14501
14502
14503
14504
14505
14506
14507
14508
14557
14558
14559
14560
14561
14562
14563
14564
14565
14566
14567
14568
14617
14618
14619
14620
14621
14622
14623
14624
14625
14626
14627
14628
14677
14678
14679
14680
14681
14682
14683
14684
14685
14686
14687
14688
14737
14738
14739
14740
14741
14742
14743
14744
14745
14746
14747
14748
14797
14798
14799
14800
14801
14802
14803
14804
14805
14806
14807
14808
14857
14858
14859
14860
14861
14862
14863
14864
14865
14866
14867
14868
14917
14918
14919
14920
14921
14922
14923
14924
14925
14926
14927
14928
14977
14978
14979
14980
14981
14982
14983
14984
14985
14986
14987
14988
15038
15039
15040
15041
15042
15043
15044
15045
15046
15047
15048
15098
15099
15100
15101
15102
15103
15104
15105
15106
15107
15108
15158
15159
15160
15161
15162
15163
15164
15165
15166
15167
15168
15218
15219
15220
15221
15222
15223
15224
15225
15226
15227
15228
15278
15279
15280
15281
15282
15283
15284
15285
15286
15287
15288
15338
15339
15340
15341
15342
15343
15344
15345
15346
15347
15348
15398
15399
15400
15401
15402
15403
15404
15405
15406
15407
15408
15458
15459
15460
15461
15462
15463
15464
15465
15466
15467
15468
15518
15519
15520
15521
15522
15523
15524
15525
15526
15527
15528
15578
15579
15580
15581
15582
15583
15584
15585
15586
15587
15588
15638
15639
15640
15641
15642
15643
15644
15645
15646
15647
15648
15698
15699
15700
15701
15702
15703
15704
15705
15706
15707
15708
15758
15759
15760
15761
15762
15763
15764
15765
15766
15767
15768
15818
15819
15820
15821
15822
15823
15824
15825
15826
15827
15828
15878
15879
15880
15881
15882
15883
15884
15885
15886
15887
15888
15889
16057
16058
16059
16060
16061
16062
16063
16064
16065
16066
16067
16068
16117
16118
16119
16120
16121
16122
16123
16124
16125
16126
16127
16128
16177
16178
16179
16180
16181
16182
16183
16184
16185
16186
16187
16188
16237
16238
16239
16240
16241
16242
16243
16244
16245
16246
16247
16248
16297
16298
16299
16300
16301
16302
16303
16304
16305
16306
16307
16308
16357
16358
16359
16360
16361
16362
16363
16364
16365
16366
16367
16368
16417
16418
16419
16420
16421
16422
16423
16424
16425
16426
16427
16428
16477
16478
16479
16480
16481
16482
16483
16484
16485
16486
16487
16488
16537
16538
16539
16540
16541
16542
16543
16544
16545
16546
16547
16548
16597
16598
16599
16600
16601
16602
16603
16604
16605
16606
16607
16608
16657
16658
16659
16660
16661
16662
16663
16664
16665
16666
16667
16668
16717
16718
16719
16720
16721
16722
16723
16724
16725
16726
16727
16728
16777
16778
16779
16780
16781
16782
16783
16784
16785
16786
16787
16788
16837
16838
16839
16840
16841
16842
16843
16844
16845
16846
16847
16848
16897
16898
16899
16900
16901
16902
16903
16904
16905
16906
16907
16908
16957
16958
16959
16960
16961
16962
16963
16964
16965
16966
16967
16968
17017
17018
17019
17020
17021
17022
17023
17024
17025
17026
17027
17028
17077
17078
17079
17080
17081
17082
17083
17084
17085
17086
17087
17088
17137
17138
17139
17140
17141
17142
17143
17144
17145
17146
17147
17148
17197
17198
17199
17200
17201
17202
17203
17204
17205
17206
17207
17208
17257
17258
17259
17260
17261
17262
17263
17264
17265
17266
17267
17268
17317
17318
17319
17320
17321
17322
17323
17324
17325
17326
17327
17328
17377
17378
17379
17380
17381
17382
17383
17384
17385
17386
17387
17388
17437
17438
17439
17440
17441
17442
17443
17444
17445
17446
17447
17448
17498
17499
17500
17501
17502
17503
17504
17505
17506
17507
17508
17558
17559
17560
17561
17562
17563
17564
17565
17566
17567
17568
17618
17619
17620
17621
17622
17623
17624
17625
17626
17627
17628
17678
17679
17680
17681
17682
17683
17684
17685
17686
17687
17688
17738
17739
17740
17741
17742
17743
17744
17745
17746
17747
17748
17798
17799
17800
17801
17802
17803
17804
17805
17806
17807
17808
17858
17859
17860
17861
17862
17863
17864
17865
17866
17867
17868
17918
17919
17920
17921
17922
17923
17924
17925
17926
17927
17928
17978
17979
17980
17981
17982
17983
17984
17985
17986
17987
17988
18038
18039
18040
18041
18042
18043
18044
18045
18046
18047
18048
18098
18099
18100
18101
18102
18103
18104
18105
18106
18107
18108
18158
18159
18160
18161
18162
18163
18164
18165
18166
18167
18168
18218
18219
18220
18221
18222
18223
18224
18225
18226
18227
18228
18278
18279
18280
18281
18282
18283
18284
18285
18286
18287
18288
18338
18339
18340
18341
18342
18343
18344
18345
18346
18347
18348
18349
18399
18400
18401
18402
18403
18404
18405
18406
18407
18408
18409
18410
18460
18461
18462
18463
18464
18465
18466
18467
18468
18469
18470
18471
18521
18522
18523
18524
18525
18526
18527
18528
18529
18530
18531
18532
18582
18583
18584
18585
18586
18587
18588
18589
18590
18591
18592
18593
18643
18644
18645
18646
18647
18648
18649
18650
18651
18652
18653
18654
18704
18705
18706
18707
18708
18709
18710
18711
18712
18713
18714
18715
18765
18766
18767
18768
18769
18770
18771
18772
18773
18774
18775
18776
18826
18827
18828
18829
18830
18831
18832
18833
18834
18835
18836
18837
18887
18888
18889
18890
18891
18892
18893
18894
18895
18896
18897
18898
18948
18949
18950
18951
18952
18953
18954
18955
18956
18957
18958
18959
19009
19010
19011
19012
19013
19014
19015
19016
19017
19018
19019
19020
19070
19071
19072
19073
19074
19075
19076
19077
19078
19079
19080
19081
19131
19132
19133
19134
19135
19136
19137
19138
19139
19140
19141
19142
19192
19193
19194
19195
19196
19197
19198
19199
19200
19201
19202
19203
19253
19254
19255
19256
19257
19258
19259
19260
19261
19262
19263
19264
19314
19315
19316
19317
19318
19319
19320
19321
19322
19323
19324
19325
19375
19376
19377
19378
19379
19380
19381
19382
19383
19384
19385
19386
19436
19437
19438
19439
19440
19441
19442
19443
19444
19445
19446
19447
19497
19498
19499
19500
19501
19502
19503
19504
19505
19506
19507
19508
19558
19559
19560
19561
19562
19563
19564
19565
19566
19567
19568
19569
19619
19620
19621
19622
19623
19624
19625
19626
19627
19628
19629
19630
19680
19681
19682
19683
19684
19685
19686
19687
19688
19689
19690
19691
19741
19742
19743
19744
19745
19746
19747
19748
19749
19750
19751
19752
19802
19803
19804
19805
19806
19807
19808
19809
19810
19811
19812
19813
19863
19864
19865
19866
19867
19868
19869
19870
19871
19872
19873
19874
19924
19925
19926
19927
19928
19929
19930
19931
19932
19933
19934
19935
19985
19986
19987
19988
19989
19990
19991
19992
19993
19994
19995
19996
20046
20047
20048
20049
20050
20051
20052
20053
20054
20055
20056
20057
20107
20108
20109
20110
20111
20112
20113
20114
20115
20116
20117
20118
20168
20169
20170
20171
20172
20173
20174
20175
20176
20177
20178
20179
20229
20230
20231
20232
20233
20234
20235
20236
20237
20238
20239
20240
20290
20291
20292
20293
20294
20295
20296
20297
20298
20299
20300
20301
20351
20352
20353
20354
20355
20356
20357
20358
20359
20360
20361
20362
20412
20413
20414
20415
20416
20417
20418
20419
20420
20421
20422
20423
20473
20474
20475
20476
20477
20478
20479
20480
20481
20482
20483
20484
20534
20535
20536
20537
20538
20539
20540
20541
20542
20543
20544
20545
20595
20596
20597
20598
20599
20600
20601
20602
20603
20604
20605
20606
20656
20657
20658
20659
20660
20661
20662
20663
20664
20665
20666
20667
20717
20718
20719
20720
20721
20722
20723
20724
20725
20726
20727
20728
20778
20779
20780
20781
20782
20783
20784
20785
20786
20787
20788
20789
20839
20840
20841
20842
20843
20844
20845
20846
20847
20848
20849
20850
20900
20901
20902
20903
20904
20905
20906
20907
20908
20909
20910
20911
20961
20962
20963
20964
20965
20966
20967
20968
20969
20970
20971
20972
21022
21023
21024
21025
21026
21027
21028
21029
21030
21031
21032
21033
21083
21084
21085
21086
21087
21088
21089
21090
21091
21092
21093
21094
21144
21145
21146
21147
21148
21149
21150
21151
21152
21153
21154
21155
21205
21206
21207
21208
21209
21210
21211
21212
21213
21214
21215
21216
21266
21267
21268
21269
21270
21271
21272
21273
21274
21275
21276
21277
21327
21328
21329
21330
21331
21332
21333
21334
21335
21336
21337
21338
21388
21389
21390
21391
21392
21393
21394
21395
21396
21397
21398
21399
21449
21450
21451
21452
21453
21454
21455
21456
21457
21458
21459
21460
21510
21511
21512
21513
21514
21515
21516
21517
21518
21519
21520
21521
21571
21572
21573
21574
21575
21576
21577
21578
21579
21580
21581
21582
21632
21633
21634
21635
21636
21637
21638
21639
21640
21641
21642
21643
21693
21694
21695
21696
21697
21698
21699
21700
21701
21702
21703
21704
21754
21755
21756
21757
21758
21759
21760
21761
21762
21763
21764
21765
21815
21816
21817
21818
21819
21820
21821
21822
21823
21824
21825
21826
21876
21877
21878
21879
21880
21881
21882
21883
21884
21885
21886
21887
21937
21938
21939
21940
21941
21942
21943
21944
21945
21946
21947
21948
21998
21999
22000
22001
22002
22003
22004
22005
22006
22007
22008
22009
22059
22060
22061
22062
22063
22064
22065
22066
22067
22068
22069
22070
22120
22121
22122
22123
22124
22125
22126
22127
22128
22129
22130
22131
22181
22182
22183
22184
22185
22186
22187
22188
22189
22190
22191
22192
22242
22243
22244
22245
22246
22247
22248
22249
22250
22251
22252
22253
22303
22304
22305
22306
22307
22308
22309
22310
22311
22312
22313
22314
22364
22365
22366
22367
22368
22369
22370
22371
22372
22373
22374
22375
22425
22426
22427
22428
22429
22430
22431
22432
22433
22434
22435
22436
22486
22487
22488
22489
22490
22491
22492
22493
22494
22495
22496
22497
22547
22548
22549
22550
22551
22552
22553
22554
22555
22556
22557
22558
22608
22609
22610
22611
22612
22613
22614
22615
22616
22617
22618
22619
22669
22670
22671
22672
22673
22674
22675
22676
22677
22678
22679
22680
22730
22731
22732
22733
22734
22735
22736
22737
22738
22739
22740
22741
22791
22792
22793
22794
22795
22796
22797
22798
22799
22800
22801
22802
22852
22853
22854
22855
22856
22857
22858
22859
22860
22861
22862
22863
22913
22914
22915
22916
22917
22918
22919
22920
22921
22922
22923
22924
22974
22975
22976
22977
22978
22979
22980
22981
22982
22983
22984
22985
23035
23036
23037
23038
23039
23040
23041
23042
23043
23044
23045
23046
23096
23097
23098
23099
23100
23101
23102
23103
23104
23105
23106
23107
23157
23158
23159
23160
23161
23162
23163
23164
23165
23166
23167
23168
23218
23219
23220
23221
23222
23223
23224
23225
23226
23227
23228
23229
23279
23280
23281
23282
23283
23284
23285
23286
23287
23288
23289
23290
23340
23341
23342
23343
23344
23345
23346
23347
23348
23349
23350
23351
23401
23402
23403
23404
23405
23406
23407
23408
23409
23410
23411
23412
23462
23463
23464
23465
23466
23467
23468
23469
23470
23471
23472
23473
23523
23524
23525
23526
23527
23528
23529
23530
23531
23532
23533
23534
23584
23585
23586
23587
23588
23589
23590
23591
23592
23593
23594
23595
23645
23646
23647
23648
23649
23650
23651
23652
23653
23654
23655
23656
23706
23707
23708
23709
23710
23711
23712
23713
23714
23715
23716
23717
23767
23768
23769
23770
23771
23772
23773
23774
23775
23776
23777
23778
23828
23829
23830
23831
23832
23833
23834
23835
23836
23837
23838
23839
23889
23890
23891
23892
23893
23894
23895
23896
23897
23898
23899
23900
23950
23951
23952
23953
23954
23955
23956
23957
23958
23959
23960
23961
24011
24012
24013
24014
24015
24016
24017
24018
24019
24020
24021
24022
24072
24073
24074
24075
24076
24077
24078
24079
24080
24081
24082
24083
24133
24134
24135
24136
24137
24138
24139
24140
24141
24142
24143
24144
24194
24195
24196
24197
24198
24199
24200
24201
24202
24203
24204
24205
24255
24256
24257
24258
24259
24260
24261
24262
24263
24264
24265
24266
24316
24317
24318
24319
24320
24321
24322
24323
24324
24325
24326
24327
24377
24378
24379
24380
24381
24382
24383
24384
24385
24386
24387
24388
24438
24439
24440
24441
24442
24443
24444
24445
24446
24447
24448
24449
24499
24500
24501
24502
24503
24504
24505
24506
24507
24508
24509
24510
24560
24561
24562
24563
24564
24565
24566
24567
24568
24569
24570
24571
24621
24622
24623
24624
24625
24626
24627
24628
24629
24630
24631
24632
24682
24683
24684
24685
24686
24687
24688
24689
24690
24691
24692
24693
24743
24744
24745
24746
24747
24748
24749
24750
24751
24752
24753
24754
24804
24805
24806
24807
24808
24809
24810
24811
24812
24813
24814
24815
24865
24866
24867
24868
24869
24870
24871
24872
24873
24874
24875
24876
24926
24927
24928
24929
24930
24931
24932
24933
24934
24935
24936
24937
24987
24988
24989
24990
24991
24992
24993
24994
24995
24996
24997
24998
25048
25049
25050
25051
25052
25053
25054
25055
25056
25057
25058
25059
25109
25110
25111
25112
25113
25114
25115
25116
25117
25118
25119
25120
25170
25171
25172
25173
25174
25175
25176
25177
25178
25179
25180
25181
25231
25232
25233
25234
25235
25236
25237
25238
25239
25240
25241
25242
25292
25293
25294
25295
25296
25297
25298
25299
25300
25301
25302
25303
25353
25354
25355
25356
25357
25358
25359
25360
25361
25362
25363
25364
25414
25415
25416
25417
25418
25419
25420
25421
25422
25423
25424
25425
25475
25476
25477
25478
25479
25480
25481
25482
25483
25484
25485
25486
25536
25537
25538
25539
25540
25541
25542
25543
25544
25545
25546
25547
25597
25598
25599
25600
25601
25602
25603
25604
25605
25606
25607
25608
25658
25659
25660
25661
25662
25663
25664
25665
25666
25667
25668
25669
)


// ************************************************************************* //
