/*--------------------------------*- C++ -*----------------------------------*\
  =========                 |
  \\      /  F ield         | OpenFOAM: The Open Source CFD Toolbox
   \\    /   O peration     | Website:  https://openfoam.org
    \\  /    A nd           | Version:  7
     \\/     M anipulation  |
\*---------------------------------------------------------------------------*/
FoamFile
{
    version     2.0;
    format      ascii;
    class       volVectorField;
    location    "48";
    object      U;
}
// * * * * * * * * * * * * * * * * * * * * * * * * * * * * * * * * * * * * * //

dimensions      [0 1 -1 0 0 0 0];

internalField   nonuniform List<vector> 
1063
(
(1.23263 0.347673 2.41027e-20)
(1.22557 0.336426 -4.0435e-20)
(1.21881 0.326017 -6.01617e-20)
(1.25077 0.38792 -2.53651e-20)
(1.242 0.376021 3.59395e-20)
(1.23372 0.364091 1.75765e-20)
(1.22614 0.3523 -1.83548e-20)
(1.21921 0.340646 3.19623e-20)
(1.21256 0.329927 5.16698e-20)
(1.26577 0.426893 4.11687e-20)
(1.26062 0.417553 -2.23311e-20)
(1.25269 0.406265 -1.7533e-20)
(1.24381 0.394053 -3.18386e-20)
(1.23502 0.381543 -3.35664e-20)
(1.22684 0.369093 -3.17555e-20)
(1.2194 0.356844 2.33363e-21)
(1.21262 0.344783 4.16644e-20)
(1.20611 0.333755 -4.34703e-20)
(1.23034 0.439046 -6.99548e-20)
(1.25251 0.444856 8.40413e-20)
(1.2606 0.442882 8.53589e-20)
(1.25972 0.435644 -8.90643e-20)
(1.25378 0.425191 4.89484e-20)
(1.24547 0.413011 -7.03865e-20)
(1.23647 0.400075 1.02365e-19)
(1.22773 0.386963 -6.40726e-20)
(1.21968 0.373997 -1.85562e-20)
(1.2124 0.361293 1.55603e-20)
(1.20582 0.348825 -5.06722e-21)
(1.19945 0.337491 -2.56012e-20)
(1.03182 0.368931 -9.96716e-21)
(1.12644 0.410683 1.45973e-19)
(1.19059 0.438 3.58022e-20)
(1.22936 0.452383 2.96131e-20)
(1.24886 0.456367 -1.41053e-19)
(1.25507 0.452781 -1.32042e-19)
(1.253 0.444202 -1.41914e-20)
(1.2464 0.432668 -7.4848e-20)
(1.23781 0.41962 5.98134e-21)
(1.22877 0.405975 -7.45755e-21)
(1.22012 0.392268 -7.218e-21)
(1.21223 0.378793 5.81004e-20)
(1.20516 0.365634 -1.0699e-21)
(1.19879 0.352759 -4.03288e-20)
(1.1926 0.341126 3.82221e-20)
(0.756973 0.262314 -1.48298e-19)
(0.915527 0.331 -6.04001e-20)
(1.04022 0.386751 -3.91457e-20)
(1.13112 0.427356 -7.04634e-20)
(1.19158 0.452958 1.96909e-20)
(1.22715 0.465442 1.5374e-19)
(1.24421 0.467611 1.72512e-19)
(1.24873 0.462442 -7.66362e-20)
(1.24563 0.452556 4.11496e-20)
(1.23851 0.439971 8.60847e-20)
(1.22974 0.426078 1.93479e-20)
(1.22072 0.411739 -1.66364e-20)
(1.2122 0.397447 2.22148e-20)
(1.20451 0.383466 4.18945e-20)
(1.19767 0.369854 -1.30279e-20)
(1.19154 0.356569 -2.76639e-20)
(1.18555 0.344648 -8.57856e-21)
(0.364764 0.115476 8.94089e-20)
(0.580089 0.199378 4.8607e-20)
(0.768951 0.279242 -4.90743e-20)
(0.925578 0.349006 1.34378e-19)
(1.04709 0.40446 -8.13593e-20)
(1.13429 0.443806 5.89593e-20)
(1.1912 0.467632 -9.58181e-20)
(1.22378 0.4782 -2.26044e-19)
(1.23859 0.478571 -4.49155e-20)
(1.24161 0.47185 9.74431e-20)
(1.23765 0.460693 -8.14032e-22)
(1.23013 0.447088 -1.04829e-19)
(1.22125 0.432372 -4.17453e-20)
(1.21231 0.417354 3.41652e-20)
(1.20398 0.402486 -5.88972e-20)
(1.19652 0.388006 -6.42286e-21)
(1.18992 0.373941 -2.84527e-20)
(1.18406 0.360242 6.42923e-21)
(1.17825 0.348046 2.91434e-20)
(0.132554 0.0413118 2.64019e-20)
(0.373614 0.125513 4.38031e-20)
(0.591077 0.213821 -2.62996e-20)
(0.779667 0.296299 1.29653e-19)
(0.934168 0.366992 -1.61297e-19)
(1.05242 0.422007 3.0826e-20)
(1.136 0.459992 1.91061e-20)
(1.18949 0.481991 2.47069e-20)
(1.21928 0.490635 6.8672e-20)
(1.23205 0.489228 1.59672e-20)
(1.23376 0.480992 2.25429e-20)
(1.22908 0.4686 -1.34772e-20)
(1.22127 0.454005 -3.46968e-21)
(1.21237 0.438488 1.94585e-20)
(1.20356 0.422806 -1.99658e-20)
(1.19545 0.407372 3.72313e-20)
(1.18825 0.392399 -1.05394e-19)
(1.18194 0.377888 4.03888e-21)
(1.17634 0.363789 2.4422e-20)
(1.17065 0.351292 -1.40505e-20)
(0.136305 0.0452976 -7.11911e-20)
(0.381851 0.135782 -6.87655e-20)
(0.601077 0.228458 -1.05685e-19)
(0.789099 0.31343 -8.05298e-22)
(0.941293 0.3849 -3.34913e-20)
(1.05625 0.439341 5.11597e-20)
(1.13627 0.475874 -7.44847e-20)
(1.18651 0.496004 2.46482e-19)
(1.2137 0.502725 6.73872e-20)
(1.22463 0.499567 -1.29019e-19)
(1.22521 0.489853 -4.02709e-20)
(1.21995 0.476263 -9.97404e-21)
(1.21195 0.460708 -1.97596e-20)
(1.2031 0.444412 -6.34228e-20)
(1.19448 0.428081 -2.35133e-20)
(1.18662 0.41209 -3.26007e-20)
(1.17971 0.396632 1.00703e-19)
(1.17371 0.381686 -1.31803e-21)
(1.1684 0.367239 2.80444e-20)
(1.16288 0.354369 2.22802e-20)
(0.139835 0.0493992 -3.63014e-20)
(0.389442 0.146246 9.97523e-20)
(0.610058 0.243238 -1.83859e-19)
(0.797228 0.330575 7.48803e-20)
(0.946959 0.402674 -1.42162e-19)
(1.0586 0.456414 3.33758e-20)
(1.13514 0.491413 8.84815e-20)
(1.1823 0.509642 -2.26176e-19)
(1.20708 0.514447 1.98553e-20)
(1.21637 0.509569 -4.0688e-21)
(1.21598 0.498416 -7.52312e-20)
(1.21027 0.483665 8.34544e-20)
(1.20218 0.467181 1.12164e-19)
(1.19345 0.450128 2.7973e-20)
(1.18507 0.433163 7.503e-20)
(1.1775 0.416627 -3.89741e-20)
(1.1709 0.40069 5.31995e-20)
(1.16524 0.385313 2.94074e-20)
(1.16025 0.370536 2.53751e-20)
(1.15501 0.357335 -4.82666e-20)
(0.14313 0.0536031 -8.4307e-20)
(0.396359 0.156869 1.23539e-19)
(0.617995 0.258109 1.14302e-19)
(0.804044 0.347678 3.43711e-20)
(0.951174 0.420258 3.95932e-19)
(1.05949 0.473177 -2.89342e-20)
(1.13266 0.506571 -1.17967e-19)
(1.17691 0.522876 1.77581e-19)
(1.19948 0.525778 5.87964e-20)
(1.2073 0.519216 2.09334e-20)
(1.2061 0.506666 -1.44883e-20)
(1.20008 0.490793 -7.61603e-20)
(1.19198 0.473409 -4.17609e-20)
(1.18344 0.455622 3.64375e-20)
(1.17533 0.438038 -2.92604e-20)
(1.16809 0.420968 1.9318e-21)
(1.16184 0.40456 -3.86328e-20)
(1.15653 0.388762 -5.82236e-20)
(1.15188 0.373651 -1.67395e-21)
(1.14697 0.360142 6.43239e-20)
(0.146174 0.0578944 8.63259e-20)
(0.402578 0.167614 1.86217e-20)
(0.624867 0.273019 -1.90232e-19)
(0.809541 0.36468 -3.84835e-20)
(0.953951 0.437598 -3.04304e-19)
(1.05895 0.489584 2.5425e-20)
(1.12887 0.52131 -9.00457e-20)
(1.17038 0.535677 -1.21618e-19)
(1.19093 0.536698 -1.20644e-19)
(1.19747 0.52849 1.26252e-20)
(1.19561 0.514585 6.94638e-20)
(1.18938 0.497628 5.62909e-20)
(1.18136 0.479377 7.32124e-21)
(1.17306 0.460877 -4.51182e-20)
(1.16528 0.44269 2.76614e-20)
(1.15839 0.425098 5.1957e-20)
(1.15251 0.40823 2.47563e-20)
(1.1476 0.392019 1.09781e-20)
(1.14331 0.37658 2.39601e-20)
(1.13875 0.362773 -3.87764e-20)
(0.148957 0.0622581 -2.88888e-19)
(0.408077 0.178441 3.06935e-20)
(0.630657 0.287914 -2.7428e-20)
(0.813719 0.381524 1.09769e-19)
(0.955309 0.454638 1.04023e-19)
(1.05702 0.505589 6.34857e-20)
(1.12381 0.535595 1.16568e-19)
(1.16276 0.548017 1.15847e-21)
(1.18148 0.547183 1.36348e-19)
(1.18691 0.537371 -1.10941e-19)
(1.18454 0.522157 -5.66462e-21)
(1.1782 0.504156 8.75658e-21)
(1.17034 0.485067 -5.76496e-20)
(1.16234 0.465877 8.7082e-20)
(1.15492 0.447106 3.44024e-20)
(1.14842 0.429004 3.44583e-21)
(1.14294 0.411684 -2.52421e-20)
(1.13843 0.395072 5.61382e-20)
(0.151466 0.0666781 -2.81165e-21)
(0.412838 0.189311 1.48822e-19)
(0.635356 0.302742 1.2152e-19)
(0.816582 0.398153 -9.10869e-20)
(0.955269 0.471328 5.39042e-20)
(1.05374 0.521148 -4.89316e-20)
(1.11753 0.549391 5.51823e-20)
(1.15409 0.559869 9.32591e-20)
(1.17117 0.557212 -5.82768e-20)
(1.17566 0.545841 9.36942e-20)
(1.17289 0.529364 1.77429e-20)
(1.16656 0.510358 -6.36108e-20)
(1.15893 0.490463 6.75384e-20)
(1.15129 0.470608 1.18449e-20)
(1.14427 0.451268 -1.71255e-19)
(1.13818 0.43267 -4.33562e-20)
(1.13311 0.414911 -7.44879e-21)
(0.153691 0.0711379 1.56636e-19)
(0.416846 0.200183 -1.93001e-19)
(0.638957 0.31745 3.93548e-20)
(0.818139 0.414511 1.18042e-20)
(0.953859 0.487614 6.17117e-20)
(1.04914 0.536217 1.87208e-19)
(1.11007 0.562662 1.03235e-20)
(1.14442 0.571208 1.28206e-20)
(1.16003 0.566763 -2.52931e-20)
(1.16374 0.553882 1.34466e-19)
(1.16072 0.536188 -8.2132e-20)
(1.15448 0.516219 1.61113e-20)
(1.14715 0.495549 1.85989e-20)
(1.1399 0.475053 -4.68688e-20)
(1.13332 0.455163 7.89446e-20)
(1.12767 0.436083 -3.48837e-20)
(0.155623 0.0756208 -9.21281e-20)
(0.42009 0.211017 -2.63532e-20)
(0.641457 0.331985 -1.63933e-19)
(0.818404 0.430544 1.02206e-20)
(0.951107 0.503448 -2.0214e-19)
(1.04326 0.550756 -1.89475e-19)
(1.10148 0.575377 -3.55104e-20)
(1.13379 0.582005 -8.93486e-21)
(1.14812 0.575815 -7.62964e-20)
(1.15119 0.561474 -1.0939e-19)
(1.14803 0.542613 -3.12475e-20)
(1.14197 0.52172 5.02598e-20)
(1.13501 0.500308 -8.97047e-20)
(1.12821 0.479196 -4.28825e-21)
(0.157256 0.0801094 6.6277e-20)
(0.422563 0.221772 3.70868e-20)
(0.64286 0.346294 2.06198e-19)
(0.817396 0.446197 -2.59644e-19)
(0.947047 0.51878 9.08917e-20)
(1.03616 0.564722 6.13193e-20)
(1.09181 0.587504 -5.15274e-20)
(1.12225 0.592237 -9.06092e-20)
(1.13545 0.584347 -1.58848e-20)
(1.13804 0.568598 1.6591e-20)
(1.13485 0.548619 1.11259e-19)
(1.12906 0.526845 4.85802e-20)
(1.12253 0.504725 9.25886e-20)
(0.158584 0.0845862 1.06327e-19)
(0.424261 0.232407 -1.56746e-19)
(0.643173 0.360326 6.27644e-20)
(0.815137 0.461419 2.5307e-19)
(0.941715 0.533564 6.62483e-20)
(1.02787 0.578079 -2.10891e-19)
(1.08109 0.599011 -5.20357e-20)
(1.10985 0.601879 -6.14814e-21)
(1.12209 0.592338 1.43388e-19)
(1.12432 0.575237 8.28565e-20)
(1.12121 0.554191 -2.24609e-19)
(1.11577 0.531577 -1.57607e-20)
(0.159602 0.0890337 -7.95346e-20)
(0.425182 0.242881 -3.04372e-20)
(0.642407 0.374031 -5.40206e-20)
(0.811653 0.476157 -9.31767e-20)
(0.935151 0.547754 3.1974e-21)
(1.01844 0.590789 1.37581e-19)
(1.06939 0.60987 1.33738e-19)
(1.09662 0.610907 1.57477e-19)
(1.10806 0.599768 -5.99157e-20)
(1.11006 0.581371 5.22675e-20)
(1.10713 0.559309 7.61436e-20)
(0.160308 0.0934341 2.22436e-19)
(0.425329 0.253156 1.51059e-19)
(0.640576 0.387359 1.10483e-19)
(0.806973 0.490362 9.44138e-21)
(0.927394 0.561306 4.40788e-20)
(1.00792 0.602815 -1.7861e-19)
(1.05675 0.620052 -1.60693e-20)
(1.08262 0.619299 -1.47617e-19)
(1.0934 0.606619 2.40581e-20)
(1.0953 0.586984 -9.64544e-20)
(0.160699 0.0977698 -1.18083e-19)
(0.424708 0.26319 -1.32606e-19)
(0.6377 0.400261 -1.42668e-19)
(0.80113 0.503988 -1.60091e-19)
(0.91849 0.574181 3.54148e-20)
(0.996356 0.614125 -2.86225e-20)
(1.04322 0.62953 5.94066e-20)
(1.06788 0.627032 7.7836e-20)
(1.07815 0.612869 -9.48291e-21)
(0.160776 0.102024 -6.32198e-20)
(0.423327 0.272946 1.51945e-19)
(0.6338 0.412692 -7.46125e-20)
(0.79416 0.516988 1.50208e-19)
(0.908486 0.586337 -1.84863e-19)
(0.983804 0.624689 2.00107e-20)
(1.02884 0.638277 1.17962e-19)
(1.05245 0.634085 7.60622e-20)
(0.160541 0.106178 2.14414e-19)
(0.421197 0.282387 -6.56636e-20)
(0.628901 0.424606 9.20488e-21)
(0.786103 0.529319 1.67395e-19)
(0.89743 0.597736 1.05131e-19)
(0.970307 0.634475 -7.72298e-20)
(1.01366 0.646273 3.17315e-20)
(0.159996 0.110218 -3.43764e-19)
(0.418331 0.291476 1.50145e-19)
(0.623032 0.435959 1.5649e-19)
(0.777 0.540938 -1.87468e-19)
(0.885369 0.608345 1.51809e-20)
(0.955914 0.64345 1.47218e-19)
(0.997746 0.653494 -1.32006e-19)
(0.159144 0.114128 2.58652e-19)
(0.414744 0.300177 -1.48356e-19)
(0.616225 0.446709 -1.18884e-19)
(0.7669 0.551809 2.03758e-19)
(0.872345 0.618128 3.04644e-20)
(0.940682 0.651593 -1.02841e-19)
(0.157991 0.117893 -6.01541e-20)
(0.410457 0.308458 -2.45035e-20)
(0.608516 0.456815 2.10854e-20)
(0.755837 0.561893 -1.90973e-19)
(0.858414 0.627056 8.98617e-20)
(0.156542 0.121499 7.33435e-20)
(0.40549 0.316287 5.6211e-20)
(0.599945 0.466245 2.08351e-19)
(0.74385 0.571146 1.22939e-19)
(0.154803 0.124931 -4.26039e-20)
(0.399868 0.323628 -9.58366e-20)
(0.59054 0.474961 1.39913e-20)
(0.152776 0.12817 -5.2528e-20)
(0.393616 0.330456 9.9186e-20)
(0.580339 0.482921 3.26401e-20)
(0.150463 0.131187 -9.34568e-20)
(0.386779 0.336751 -4.35795e-20)
(0.147894 0.133958 1.88788e-20)
(0.145095 0.136495 -3.02672e-20)
(0.145141 -0.136538 3.90664e-20)
(0.147941 -0.134 2.66463e-20)
(0.150512 -0.131229 -5.95338e-20)
(0.152827 -0.128212 -1.07208e-21)
(1.14468 0.345086 -2.19147e-20)
(1.15234 0.342756 -2.93935e-21)
(1.15984 0.340282 1.21997e-20)
(1.16716 0.337665 -2.11735e-21)
(1.17436 0.334815 -7.40298e-21)
(1.18141 0.331845 -6.67942e-21)
(1.18823 0.328781 -1.5918e-22)
(1.19486 0.32562 -5.10043e-22)
(1.2013 0.322362 -2.75818e-21)
(1.20756 0.319016 -1.17279e-20)
(1.21364 0.31559 -4.07551e-21)
(1.14286 0.334778 -6.81431e-21)
(1.15017 0.332616 1.31677e-21)
(1.15736 0.330314 2.25244e-22)
(1.16433 0.327869 4.70385e-21)
(1.17118 0.325273 1.89011e-21)
(1.17797 0.322577 9.83145e-21)
(1.18457 0.319786 -1.45395e-20)
(1.19098 0.3169 9.9669e-21)
(1.19723 0.313926 -1.00246e-20)
(1.20333 0.31087 -2.22096e-21)
(1.20926 0.30774 1.64944e-20)
(1.14169 0.325056 3.57478e-21)
(1.1486 0.322999 3.98275e-21)
(1.15538 0.320821 -3.18408e-21)
(1.16198 0.318524 -4.88546e-21)
(1.1685 0.316159 -3.31738e-21)
(1.17498 0.313663 8.0644e-21)
(1.18128 0.311073 7.60626e-21)
(1.18741 0.308408 -1.12238e-20)
(1.19341 0.305668 -5.70688e-21)
(1.19927 0.302856 -7.28191e-21)
(1.205 0.299978 -1.54125e-20)
(1.14108 0.315731 9.8179e-21)
(1.14759 0.313775 -8.39143e-21)
(1.15399 0.311721 3.16493e-21)
(1.16026 0.309577 1.14741e-20)
(1.16639 0.307386 1.70314e-20)
(1.17247 0.305037 -5.75314e-21)
(1.17845 0.302608 -8.79212e-21)
(1.1843 0.300124 -9.36922e-21)
(1.19001 0.297582 3.30121e-21)
(1.19561 0.29498 7.31903e-21)
(1.2011 0.292322 5.86099e-22)
(1.14076 0.306844 -5.49553e-21)
(1.14691 0.30498 1.38521e-20)
(1.15296 0.303029 -7.95331e-21)
(1.1589 0.300995 -1.08428e-20)
(1.16469 0.298893 -1.8282e-20)
(1.17039 0.296701 9.7035e-21)
(1.17607 0.294447 4.3801e-21)
(1.18162 0.292137 -4.41315e-21)
(1.18706 0.289771 -9.10401e-21)
(1.19238 0.287352 2.00539e-21)
(1.19761 0.284885 -1.23692e-21)
(1.14056 0.298285 -1.49664e-20)
(1.14638 0.296513 -1.71526e-20)
(1.1521 0.294663 9.50295e-21)
(1.15772 0.292737 -2.355e-21)
(1.16322 0.290735 -8.43679e-21)
(1.16864 0.28868 -1.77459e-20)
(1.17403 0.286587 8.27986e-22)
(1.1793 0.284436 1.75922e-20)
(1.18446 0.28223 -1.30551e-21)
(1.18952 0.279975 5.93672e-21)
(1.1945 0.277677 -3.32274e-21)
(1.14039 0.289987 1.25317e-21)
(1.14591 0.288313 5.53891e-21)
(1.15133 0.28657 -6.40827e-21)
(1.15666 0.284766 3.96476e-21)
(1.16187 0.282905 -5.32772e-22)
(1.16705 0.281014 -2.61354e-22)
(1.17219 0.279034 -5.69954e-21)
(1.17721 0.277 -5.46233e-21)
(1.18212 0.274928 -1.37398e-20)
(1.18694 0.27282 -4.21983e-21)
(1.19169 0.270676 9.7654e-21)
(1.14022 0.281919 3.72617e-21)
(1.14546 0.280339 2.91408e-21)
(1.15063 0.278702 1.08965e-21)
(1.15571 0.277012 -9.86864e-21)
(1.16071 0.275275 1.28783e-20)
(1.1656 0.273515 6.76813e-21)
(1.17043 0.271654 -8.34171e-21)
(1.17523 0.269744 1.31543e-20)
(1.17993 0.267807 1.7784e-20)
(1.18455 0.265842 1.25589e-20)
(1.18909 0.263845 -4.38512e-21)
(1.14004 0.274059 6.82547e-21)
(1.14503 0.27257 -3.94401e-21)
(1.14994 0.271028 9.04413e-21)
(1.15478 0.269437 3.76945e-21)
(1.15956 0.267798 -9.21496e-21)
(1.16422 0.266113 3.68055e-21)
(1.16882 0.264391 3.5656e-21)
(1.1734 0.262632 -4.66911e-21)
(1.1779 0.260839 -1.10817e-21)
(1.18233 0.259015 -6.65114e-21)
(1.18668 0.257161 6.62276e-21)
(1.13984 0.266396 -7.80797e-22)
(1.14459 0.264994 -5.85392e-22)
(1.14927 0.263544 -2.3258e-22)
(1.15388 0.26205 5.53584e-22)
(1.15843 0.260513 1.93241e-20)
(1.16289 0.258933 -1.59663e-21)
(1.1673 0.257329 1.05352e-20)
(1.17167 0.2557 -8.54211e-21)
(1.17598 0.254037 1.02776e-21)
(1.18022 0.252341 4.15742e-21)
(1.18439 0.250617 -1.3673e-21)
(1.13963 0.258923 3.07775e-21)
(1.14415 0.257604 -4.263e-21)
(1.1486 0.256244 1.39962e-21)
(1.153 0.254845 1.12186e-20)
(1.15734 0.253409 -1.57303e-20)
(1.1616 0.251935 -3.71732e-21)
(1.16583 0.250431 -1.01604e-20)
(1.17003 0.248914 6.58394e-23)
(1.17415 0.247369 -1.22565e-20)
(1.17821 0.245794 -2.78344e-21)
(1.1822 0.244193 1.49896e-21)
(1.1394 0.251631 -6.19704e-21)
(1.1437 0.250392 1.13617e-20)
(1.14795 0.249118 1.19208e-21)
(1.15215 0.247812 -2.70607e-21)
(1.15628 0.246478 -5.9572e-22)
(1.16035 0.24512 -1.01405e-20)
(1.1644 0.243751 -5.41515e-21)
(1.16844 0.24232 9.8932e-22)
(1.17239 0.240859 9.51498e-21)
(1.17628 0.239382 -1.99897e-21)
(1.18012 0.23789 1.80089e-21)
(1.13916 0.244509 6.74691e-21)
(1.14326 0.243345 5.35312e-21)
(1.14732 0.242151 -7.86676e-21)
(1.15133 0.240929 -8.60171e-21)
(1.1553 0.239684 9.12561e-21)
(1.15923 0.238417 1.10157e-20)
(1.16307 0.237141 1.02501e-20)
(1.16685 0.235805 -6.60419e-21)
(1.17065 0.234443 1.15111e-20)
(1.1744 0.23307 -7.62868e-21)
(1.1781 0.231684 9.03067e-23)
(1.1389 0.237549 -3.7189e-21)
(1.14282 0.236455 3.37906e-21)
(1.14669 0.235334 -1.0393e-20)
(1.15052 0.234187 6.10132e-21)
(1.15431 0.233015 -2.69529e-21)
(1.15806 0.231818 6.08082e-21)
(1.16175 0.230591 -7.07141e-21)
(1.16539 0.229362 1.67741e-23)
(1.16903 0.228118 -6.58416e-21)
(1.17263 0.226854 5.6235e-21)
(1.17618 0.225574 -7.14424e-21)
(1.13862 0.230743 -7.05811e-22)
(1.14236 0.229716 -6.85464e-21)
(1.14605 0.228664 4.19485e-21)
(1.14971 0.22759 -1.95372e-21)
(1.15334 0.226494 -2.94725e-21)
(1.15692 0.225378 -1.74094e-21)
(1.16046 0.224243 3.72001e-21)
(1.16396 0.223098 7.10423e-21)
(1.16745 0.221941 -1.74799e-21)
(1.17091 0.220767 3.22456e-21)
(1.17432 0.219577 -2.44994e-21)
(1.13472 0.225029 -1.07647e-20)
(1.13832 0.224086 -2.70566e-22)
(1.14188 0.223121 -2.59493e-21)
(1.14542 0.222136 1.65231e-21)
(1.14891 0.221131 9.11456e-21)
(1.15238 0.220108 -6.29012e-22)
(1.15581 0.219068 -4.91627e-21)
(1.1592 0.21801 -3.7448e-21)
(1.16257 0.21694 8.843e-21)
(1.16593 0.215863 -1.82981e-21)
(1.16924 0.214773 -2.8519e-21)
(1.17252 0.213669 7.57479e-21)
(1.13456 0.218455 5.35993e-21)
(1.13799 0.217569 8.91417e-21)
(1.1414 0.216664 4.47307e-21)
(1.14477 0.215742 -1.64637e-21)
(1.14812 0.214803 -1.0762e-20)
(1.15143 0.213849 7.05789e-21)
(1.15472 0.212882 7.63551e-21)
(1.15797 0.211901 8.85823e-22)
(1.16121 0.210912 -4.98419e-21)
(1.16444 0.209905 -2.28216e-21)
(1.16762 0.208886 1.14263e-21)
(1.17077 0.207857 -7.25111e-21)
(1.13436 0.212018 -3.18952e-22)
(1.13764 0.211185 -1.18687e-20)
(1.14089 0.210336 2.30598e-21)
(1.14412 0.209473 -1.09452e-21)
(1.14732 0.208596 7.7177e-21)
(1.1505 0.207706 -6.31298e-21)
(1.15365 0.206806 -9.48586e-21)
(1.15678 0.205897 1.55901e-22)
(1.15988 0.204983 -1.68657e-21)
(1.16296 0.204042 5.4168e-21)
(1.16602 0.203089 -4.14149e-21)
(1.16906 0.20213 4.88467e-21)
(1.13413 0.20571 3.59061e-21)
(1.13726 0.204927 8.21555e-21)
(1.14037 0.204131 -8.18283e-23)
(1.14345 0.203322 1.02443e-20)
(1.14652 0.202502 -5.84274e-21)
(1.14957 0.20167 5.24324e-21)
(1.15259 0.200828 -4.30893e-22)
(1.1556 0.199976 -3.47965e-21)
(1.15857 0.199116 3.01027e-21)
(1.16151 0.198244 4.08835e-21)
(1.16446 0.197363 3.53959e-21)
(1.16739 0.196477 -5.64054e-22)
(1.13385 0.199524 -2.52783e-21)
(1.13684 0.198789 -8.00928e-21)
(1.13982 0.198042 -1.96532e-21)
(1.14277 0.197285 -1.39306e-20)
(1.14571 0.196516 7.22123e-21)
(1.14863 0.195738 -1.02412e-22)
(1.15153 0.194951 3.69427e-21)
(1.15441 0.194154 8.20642e-21)
(1.15727 0.193348 2.97594e-21)
(1.16011 0.192539 -4.66648e-21)
(1.16294 0.191726 1.73182e-21)
(1.16576 0.190906 1.05312e-21)
(1.13353 0.193456 -6.48872e-22)
(1.1364 0.192766 3.33429e-21)
(1.13924 0.192066 3.61861e-21)
(1.14207 0.191356 5.83786e-21)
(1.14489 0.190637 -4.88623e-21)
(1.14769 0.18991 -5.53328e-21)
(1.15047 0.189176 -4.69325e-21)
(1.15324 0.188434 2.31524e-21)
(1.15598 0.187685 -8.63848e-21)
(1.15872 0.186933 -2.79306e-21)
(1.16144 0.186177 -4.64904e-21)
(1.16416 0.185415 -2.13996e-21)
(1.13318 0.1875 -6.60397e-21)
(1.13592 0.186852 -1.07298e-21)
(1.13864 0.186196 -5.09266e-21)
(1.14135 0.185531 -6.28828e-22)
(1.14405 0.184859 7.7044e-21)
(1.14674 0.184181 2.72761e-21)
(1.14941 0.183495 8.63872e-21)
(1.15207 0.182804 -2.93422e-21)
(1.15471 0.182107 4.3448e-23)
(1.15734 0.181407 2.69041e-21)
(1.15997 0.180705 6.14015e-21)
(1.16258 0.179999 -3.39917e-21)
(1.13278 0.181651 2.56914e-21)
(1.1354 0.181043 2.33172e-21)
(1.13801 0.180428 8.93493e-23)
(1.14061 0.179806 -2.1287e-22)
(1.1432 0.179178 -3.4776e-21)
(1.14578 0.178545 -2.9591e-21)
(1.14834 0.177905 -3.45612e-21)
(1.1509 0.177261 -1.04283e-20)
(1.15344 0.17661 -1.20902e-21)
(1.15598 0.175954 -4.01494e-22)
(1.15851 0.175302 -5.30134e-21)
(1.16102 0.174649 2.22165e-21)
(1.13235 0.175904 1.78833e-21)
(1.13486 0.175333 -2.75142e-21)
(1.13736 0.174757 -1.08012e-21)
(1.13985 0.174176 -5.23197e-22)
(1.14234 0.17359 5.37104e-23)
(1.14481 0.173 5.69697e-21)
(1.14727 0.172406 4.93783e-21)
(1.14972 0.17181 5.2858e-21)
(1.15216 0.171212 8.00913e-21)
(1.15461 0.170614 3.66093e-22)
(1.15706 0.170003 -2.50164e-22)
(1.15949 0.169387 -3.34189e-21)
(1.13188 0.170253 3.48656e-21)
(1.13428 0.169718 -3.55069e-25)
(1.13668 0.169178 8.38676e-21)
(1.13907 0.168634 2.77174e-21)
(1.14146 0.168087 -4.20724e-21)
(1.14384 0.167536 -9.96992e-21)
(1.14621 0.166983 5.38935e-21)
(1.14858 0.166428 -1.01816e-22)
(1.15094 0.165872 -4.42584e-21)
(1.15328 0.165318 -1.93892e-21)
(1.1556 0.164749 6.84411e-21)
(1.15793 0.164175 1.47153e-22)
(1.13136 0.164694 -2.98778e-21)
(1.13367 0.164192 4.10275e-21)
(1.13597 0.163686 -8.29303e-21)
(1.13827 0.163177 -3.11789e-21)
(1.14056 0.162664 2.33528e-21)
(1.14285 0.162149 4.82714e-21)
(1.14513 0.16163 -1.18168e-20)
(1.1474 0.161109 -3.36664e-21)
(1.14967 0.160584 3.1287e-21)
(1.15193 0.160055 1.78385e-21)
(1.15417 0.159531 -2.37197e-21)
(1.15643 0.159007 -2.12559e-21)
(1.13081 0.159223 2.89662e-21)
(1.13302 0.158752 -3.59026e-21)
(1.13523 0.158277 5.61652e-21)
(1.13744 0.157801 -3.65579e-22)
(1.13964 0.157321 -4.99976e-21)
(1.14184 0.15684 1.70531e-21)
(1.14403 0.156356 -4.59034e-22)
(1.14622 0.155871 2.10923e-21)
(1.14841 0.155383 -1.33282e-21)
(1.15058 0.154895 4.74595e-21)
(1.15275 0.154408 -2.65075e-21)
(1.15492 0.153921 1.78158e-21)
(1.13022 0.153835 1.74692e-21)
(1.13234 0.153393 4.82637e-21)
(1.13446 0.152949 -2.50291e-21)
(1.13658 0.152503 3.53347e-21)
(1.1387 0.152055 7.29185e-21)
(1.14082 0.151605 -9.44219e-22)
(1.14293 0.151154 5.91047e-21)
(1.14503 0.150702 2.33806e-21)
(1.14714 0.150249 -3.76714e-21)
(1.14924 0.149795 -2.02942e-22)
(1.15133 0.149342 -1.86758e-21)
(1.15343 0.148889 -1.37917e-22)
(1.12959 0.148527 -2.44459e-21)
(1.13163 0.148113 -2.60464e-21)
(1.13367 0.147697 5.95941e-21)
(1.13571 0.14728 -1.97489e-21)
(1.13774 0.146861 1.94786e-21)
(1.13978 0.146441 9.48049e-22)
(1.14181 0.146021 -4.33243e-21)
(1.14384 0.1456 -4.1852e-21)
(1.14587 0.145178 3.00031e-21)
(1.14789 0.144756 -3.14488e-21)
(1.14992 0.144335 1.1713e-21)
(1.15194 0.143914 1.80429e-21)
(1.12892 0.143295 4.64446e-22)
(1.13088 0.142907 3.17069e-22)
(1.13285 0.142518 -6.15843e-21)
(1.13481 0.142127 -2.56929e-21)
(1.13677 0.141736 -2.10029e-21)
(1.13873 0.141345 -2.13579e-22)
(1.14068 0.140953 9.56414e-22)
(1.14264 0.14056 1.01341e-21)
(1.1446 0.140168 -7.74952e-22)
(1.14655 0.139776 4.85755e-22)
(1.1485 0.139384 -1.4152e-21)
(1.15046 0.138994 3.33539e-22)
(1.12822 0.138135 1.78591e-21)
(1.13011 0.137772 -3.56484e-21)
(1.132 0.137407 2.78398e-21)
(1.13388 0.137042 1.38069e-21)
(1.13577 0.136677 -6.94153e-22)
(1.13766 0.136312 -5.29597e-21)
(1.13954 0.135946 2.05907e-21)
(1.14143 0.135581 -5.13663e-23)
(1.14332 0.135215 -1.89723e-21)
(1.1452 0.13485 -2.07458e-21)
(1.14709 0.134485 6.97653e-23)
(1.14898 0.134123 -2.43688e-22)
(1.12749 0.133044 -5.40341e-21)
(1.1293 0.132703 5.24014e-21)
(1.13112 0.132363 -3.61653e-21)
(1.13294 0.132022 4.6046e-21)
(1.13475 0.131681 -2.00972e-21)
(1.13657 0.13134 1.66881e-21)
(1.13839 0.131 1.00043e-21)
(1.14021 0.130661 2.86513e-23)
(1.14203 0.130322 1.30096e-21)
(1.14385 0.129985 -8.36217e-23)
(1.14568 0.12965 3.45135e-21)
(1.14751 0.129312 -2.45723e-22)
(1.12672 0.128017 3.35452e-21)
(1.12847 0.127698 -3.66874e-21)
(1.13022 0.127379 4.38505e-21)
(1.13197 0.127061 5.57331e-22)
(1.13372 0.126743 4.90663e-21)
(1.13548 0.126425 -3.24111e-22)
(1.13724 0.126109 -2.12812e-21)
(1.13899 0.125793 1.76559e-21)
(1.14076 0.125478 -2.14805e-21)
(1.14252 0.125165 2.22119e-21)
(1.14427 0.124854 -2.31097e-21)
(1.14603 0.12454 1.14558e-21)
(1.12592 0.123051 1.63041e-21)
(1.1276 0.122752 -1.82763e-21)
(1.12929 0.122454 -2.75827e-21)
(1.13098 0.122156 -1.90713e-21)
(1.13267 0.121859 2.73349e-21)
(1.13437 0.121563 -2.68858e-21)
(1.13606 0.121267 2.64248e-21)
(1.13776 0.120972 -2.0698e-21)
(1.13946 0.120678 4.2334e-21)
(1.14116 0.120384 -1.74487e-21)
(1.14286 0.120092 5.86818e-23)
(1.14456 0.119802 -2.10875e-21)
(1.12509 0.118142 2.38099e-21)
(1.12672 0.117863 5.52434e-22)
(1.12834 0.117584 -3.53687e-21)
(1.12997 0.117306 9.55632e-22)
(1.13161 0.117029 -4.35698e-21)
(1.13324 0.116752 2.19277e-22)
(1.13488 0.116476 2.98942e-22)
(1.13652 0.116202 5.01523e-21)
(1.13817 0.115928 -1.41359e-21)
(1.13981 0.115656 4.47207e-22)
(1.14145 0.115384 1.49932e-21)
(1.1431 0.115116 3.64618e-21)
(1.12423 0.113288 -2.38854e-21)
(1.1258 0.113027 -3.69702e-21)
(1.12737 0.112766 8.14731e-21)
(1.12895 0.112507 2.55554e-21)
(1.13053 0.112248 -2.57976e-21)
(1.13211 0.11199 6.64592e-22)
(1.13369 0.111733 -4.97539e-22)
(1.13528 0.111478 -2.06972e-21)
(1.13687 0.111224 -3.81221e-22)
(1.13846 0.110971 -1.8633e-21)
(1.14005 0.110719 1.61047e-21)
(1.14164 0.11047 -4.57763e-21)
(1.12335 0.108484 -1.69695e-21)
(1.12487 0.10824 4.75668e-21)
(1.12639 0.107997 8.68432e-24)
(1.12791 0.107755 -1.97997e-21)
(1.12943 0.107514 -2.06422e-22)
(1.13096 0.107274 -7.09279e-22)
(1.13249 0.107035 -1.34531e-21)
(1.13403 0.106797 -7.03772e-22)
(1.13557 0.106561 -6.26289e-22)
(1.1371 0.106326 3.45249e-21)
(1.13864 0.106093 -1.18493e-21)
(1.14019 0.105862 1.88931e-21)
(1.12245 0.103728 -4.67479e-21)
(1.12391 0.103501 -2.05391e-21)
(1.12538 0.103274 -3.41244e-21)
(1.12686 0.103048 -3.51896e-22)
(1.12833 0.102823 2.43829e-21)
(1.12981 0.1026 1.52207e-21)
(1.13129 0.102378 1.56023e-21)
(1.13278 0.102157 -7.03426e-22)
(1.13427 0.101938 -2.50192e-21)
(1.13576 0.10172 -2.67194e-21)
(1.13725 0.101504 -3.03525e-21)
(1.13874 0.101289 1.03943e-21)
(1.12153 0.0990164 4.08328e-21)
(1.12294 0.098804 -5.90296e-22)
(1.12437 0.0985927 2.76792e-21)
(1.12579 0.0983825 -9.38409e-22)
(1.12722 0.0981734 1.0153e-21)
(1.12865 0.0979656 -2.56515e-21)
(1.13009 0.0977591 1.66702e-21)
(1.13153 0.0975541 2.60017e-21)
(1.13297 0.0973505 1.60766e-21)
(1.13441 0.0971485 3.00962e-22)
(1.13586 0.0969482 2.50621e-21)
(1.13731 0.0967497 9.3779e-22)
(1.12059 0.0943451 -2.10018e-21)
(1.12196 0.0941473 1.52019e-21)
(1.12334 0.0939506 1.73661e-21)
(1.12472 0.093755 2.10908e-22)
(1.1261 0.0935606 2.18001e-21)
(1.12749 0.0933676 5.32452e-22)
(1.12888 0.0931759 -1.39637e-21)
(1.13028 0.0929856 1.95215e-22)
(1.13168 0.0927968 -1.95176e-21)
(1.13308 0.0926097 2.62659e-22)
(1.13448 0.0924242 -2.17291e-21)
(1.13588 0.0922405 1.51155e-21)
(1.11964 0.089711 2.03621e-21)
(1.12097 0.089527 -2.61742e-21)
(1.1223 0.0893441 -2.2647e-21)
(1.12364 0.0891623 -1.79288e-22)
(1.12499 0.0889818 -3.13716e-21)
(1.12633 0.0888026 2.07597e-21)
(1.12768 0.0886248 1.52476e-21)
(1.12903 0.0884485 3.91231e-22)
(1.13039 0.0882737 -1.20642e-21)
(1.13175 0.0881004 2.20667e-21)
(1.13311 0.0879288 6.61466e-22)
(1.13447 0.0877588 -9.41189e-22)
(1.11868 0.0851104 9.78362e-22)
(1.11997 0.0849395 5.95928e-22)
(1.12127 0.0847697 -4.89792e-22)
(1.12257 0.084601 -1.70535e-21)
(1.12387 0.0844337 3.90749e-21)
(1.12518 0.0842677 -3.545e-22)
(1.12649 0.084103 -1.48073e-21)
(1.1278 0.0839398 -4.13513e-22)
(1.12912 0.0837782 2.88133e-21)
(1.13043 0.0836181 -4.24924e-22)
(1.13176 0.0834597 5.34908e-23)
(1.13308 0.0833029 -6.68524e-22)
(1.11771 0.0805395 -2.2013e-21)
(1.11897 0.0803811 2.32347e-21)
(1.12023 0.0802237 -1.5834e-21)
(1.12149 0.0800676 2.26158e-21)
(1.12276 0.0799127 -2.33695e-21)
(1.12403 0.0797592 -2.64333e-22)
(1.1253 0.0796071 -2.06513e-21)
(1.12658 0.0794565 -6.34433e-22)
(1.12786 0.0793075 -1.2749e-21)
(1.12914 0.0791602 -6.17448e-22)
(1.13042 0.0790146 -1.87975e-21)
(1.13171 0.0788709 6.51301e-22)
(1.11675 0.0759945 9.3244e-22)
(1.11797 0.0758478 -1.93052e-21)
(1.1192 0.0757022 1.92688e-21)
(1.12042 0.0755578 -2.97072e-21)
(1.12166 0.0754147 -1.52309e-21)
(1.12289 0.0752729 -3.19494e-21)
(1.12413 0.0751324 4.75305e-21)
(1.12537 0.0749934 1.28145e-21)
(1.12662 0.0748559 1.44852e-21)
(1.12786 0.07472 -1.24319e-22)
(1.12911 0.0745856 -4.05947e-22)
(1.13036 0.074453 -1.39271e-21)
(1.11579 0.0714712 -6.83137e-23)
(1.11698 0.0713357 2.05468e-21)
(1.11817 0.0712013 3.38558e-21)
(1.11937 0.0710681 4.31982e-22)
(1.12057 0.070936 5.94427e-22)
(1.12177 0.0708052 3.06381e-21)
(1.12298 0.0706757 -2.1378e-21)
(1.12418 0.0705475 -3.5855e-21)
(1.1254 0.0704207 -1.81026e-21)
(1.12661 0.0702953 1.14418e-21)
(1.12783 0.0701714 -3.37851e-23)
(1.12904 0.0700489 1.04817e-21)
(1.11485 0.0669656 1.52616e-22)
(1.116 0.0668409 -9.52912e-22)
(1.11717 0.0667172 -2.72662e-21)
(1.11833 0.0665946 -2.42544e-21)
(1.1195 0.0664732 2.83116e-21)
(1.12067 0.0663529 -3.03859e-21)
(1.12185 0.066234 1.20254e-21)
(1.12302 0.0661163 4.96814e-22)
(1.1242 0.0660001 1.48413e-21)
(1.12539 0.0658852 2.99716e-22)
(1.12657 0.0657718 -1.16821e-21)
(1.12776 0.0656599 6.66033e-23)
(1.11391 0.0624733 4.59753e-22)
(1.11504 0.0623588 -5.21944e-22)
(1.11618 0.0622454 2.57249e-21)
(1.11731 0.062133 -1.01645e-21)
(1.11845 0.0620217 3.29094e-22)
(1.1196 0.0619116 1.82969e-21)
(1.12074 0.0618027 -7.74256e-22)
(1.12189 0.061695 6.93461e-22)
(1.12304 0.0615887 -6.3434e-22)
(1.1242 0.0614837 -8.31269e-22)
(1.12535 0.0613801 1.8568e-21)
(1.12651 0.061278 -1.62777e-21)
(1.113 0.0579895 -1.45696e-21)
(1.11411 0.0578849 1.00096e-21)
(1.11522 0.0577813 1.36847e-21)
(1.11633 0.0576787 1.71788e-21)
(1.11744 0.0575771 -4.14083e-22)
(1.11856 0.0574766 -8.80104e-22)
(1.11967 0.0573773 4.50505e-22)
(1.1208 0.0572792 -1.57954e-21)
(1.12192 0.0571824 1.25181e-21)
(1.12304 0.0570868 9.65132e-22)
(1.12417 0.0569925 -1.55893e-22)
(1.1253 0.0568996 1.09715e-21)
(1.11212 0.0535091 -5.22762e-22)
(1.1132 0.0534141 -1.31777e-21)
(1.11428 0.0533199 2.57787e-21)
(1.11537 0.0532266 -2.90369e-21)
(1.11646 0.0531344 1.93893e-21)
(1.11755 0.0530432 -2.6091e-21)
(1.11865 0.052953 1.06893e-21)
(1.11974 0.0528641 -1.84589e-21)
(1.12084 0.0527762 4.43262e-22)
(1.12194 0.0526896 9.28664e-22)
(1.12304 0.0526043 6.29983e-22)
(1.12414 0.0525202 -1.4604e-21)
(1.11127 0.0490268 6.46873e-22)
(1.11233 0.0489408 -1.55106e-21)
(1.11339 0.0488558 -1.15107e-21)
(1.11446 0.0487715 4.05276e-22)
(1.11552 0.0486882 3.57169e-22)
(1.11659 0.0486059 -1.42249e-21)
(1.11766 0.0485246 2.03626e-23)
(1.11873 0.0484444 9.41898e-22)
(1.11981 0.0483652 9.53912e-22)
(1.12089 0.0482872 -1.8958e-21)
(1.12196 0.0482103 -3.01861e-23)
(1.12304 0.0481347 1.66824e-21)
(1.11047 0.0445365 -1.0685e-21)
(1.1115 0.0444595 1.14833e-22)
(1.11254 0.0443831 -4.92298e-22)
(1.11359 0.0443076 -7.44678e-22)
(1.11463 0.044233 9.78076e-22)
(1.11568 0.0441593 2.10893e-21)
(1.11673 0.0440865 2.12434e-21)
(1.11778 0.0440146 -2.17346e-21)
(1.11884 0.0439438 -1.73607e-22)
(1.11989 0.043874 -7.97354e-22)
(1.12095 0.0438053 6.52038e-22)
(1.122 0.0437378 -4.92096e-23)
(1.10971 0.040032 -8.50627e-23)
(1.11073 0.0399635 -1.34278e-23)
(1.11175 0.0398957 -1.71348e-22)
(1.11277 0.0398286 -6.87955e-22)
(1.1138 0.0397624 -2.74804e-22)
(1.11483 0.0396969 -1.63519e-22)
(1.11586 0.0396323 6.4827e-22)
(1.11689 0.0395686 2.76427e-22)
(1.11792 0.0395059 -1.13024e-21)
(1.11896 0.039444 1.82526e-23)
(1.11999 0.0393832 -7.99149e-22)
(1.12103 0.0393234 3.81553e-22)
(1.109 0.0355063 -1.06805e-21)
(1.11001 0.0354462 -3.14243e-22)
(1.11101 0.0353867 1.90812e-21)
(1.11202 0.0353279 -3.39756e-22)
(1.11303 0.0352697 1.06726e-21)
(1.11404 0.0352124 4.33986e-22)
(1.11505 0.0351558 -2.55419e-21)
(1.11607 0.0351 6.86741e-22)
(1.11708 0.035045 2.47602e-22)
(1.1181 0.0349909 6.31227e-22)
(1.11912 0.0349377 -6.33289e-22)
(1.12013 0.0348854 -6.72999e-22)
(1.10837 0.0309516 -4.41777e-22)
(1.10935 0.0308996 9.95429e-22)
(1.11034 0.0308482 -6.54287e-22)
(1.11134 0.0307974 -1.08544e-21)
(1.11233 0.0307472 -3.92027e-22)
(1.11333 0.0306977 -5.60769e-22)
(1.11432 0.0306489 4.71016e-22)
(1.11532 0.0306007 -1.15387e-23)
(1.11632 0.0305534 -5.46489e-22)
(1.11732 0.0305067 -3.05082e-22)
(1.11832 0.0304609 1.5204e-21)
(1.11932 0.0304159 -2.66444e-22)
(1.10682 0.0264046 -3.75585e-22)
(1.1078 0.0263603 1.65252e-21)
(1.10877 0.0263164 -1.38939e-21)
(1.10975 0.026273 1.42669e-21)
(1.11073 0.0262301 -8.45136e-22)
(1.11171 0.0261878 5.90467e-22)
(1.11269 0.026146 1.15242e-21)
(1.11368 0.0261048 -1.65721e-21)
(1.11466 0.0260643 -9.02258e-22)
(1.11564 0.0260244 2.11403e-21)
(1.11663 0.0259852 -1.64907e-21)
(1.11761 0.0259466 1.16691e-21)
(1.1186 0.0259088 7.65747e-22)
(1.10635 0.0217574 2.94078e-21)
(1.10731 0.021721 -4.44875e-22)
(1.10828 0.021685 2.40562e-22)
(1.10924 0.0216494 2.09537e-22)
(1.11021 0.0216143 -7.32177e-22)
(1.11118 0.0215796 -4.21247e-22)
(1.11215 0.0215454 4.98813e-22)
(1.11312 0.0215117 6.19045e-22)
(1.11409 0.0214785 -7.51894e-22)
(1.11506 0.0214459 1.44811e-21)
(1.11603 0.0214138 -9.31903e-23)
(1.11701 0.0213823 -2.36614e-22)
(1.11798 0.0213514 -3.97904e-22)
(1.10596 0.0170571 -4.35805e-22)
(1.10691 0.0170288 -8.73909e-23)
(1.10787 0.0170009 3.938e-21)
(1.10882 0.0169733 -6.11211e-22)
(1.10978 0.0169461 -4.52085e-21)
(1.11074 0.0169192 1.93233e-21)
(1.1117 0.0168927 -9.07244e-24)
(1.11266 0.0168666 3.54357e-22)
(1.11362 0.0168409 -1.02595e-22)
(1.11458 0.0168157 5.00353e-22)
(1.11554 0.0167909 7.1055e-22)
(1.11651 0.0167665 -1.90442e-21)
(1.11747 0.0167427 2.55222e-21)
(1.10566 0.0122806 -2.45063e-21)
(1.10661 0.0122601 1.25589e-21)
(1.10756 0.0122398 1.22985e-21)
(1.10851 0.0122197 4.09907e-23)
(1.10946 0.0122 -4.67498e-21)
(1.11041 0.0121805 3.48756e-21)
(1.11136 0.0121614 -1.29267e-21)
(1.11231 0.0121425 6.65919e-22)
(1.11327 0.0121241 -5.16777e-22)
(1.11422 0.012106 1.38662e-21)
(1.11517 0.0120882 -2.6209e-21)
(1.11612 0.0120708 1.98964e-21)
(1.11708 0.0120539 2.79038e-22)
(1.10547 0.00744233 -1.19772e-22)
(1.10641 0.00743044 -6.32665e-22)
(1.10735 0.00741867 9.46021e-22)
(1.1083 0.00740704 1.34456e-21)
(1.10924 0.00739555 2.00782e-22)
(1.11019 0.00738421 -1.77532e-21)
(1.11113 0.00737303 -4.02762e-22)
(1.11208 0.00736201 9.12104e-22)
(1.11303 0.00735116 4.74232e-22)
(1.11397 0.00734049 -1.35354e-21)
(1.11492 0.00732999 5.14297e-22)
(1.11587 0.00731968 -2.62985e-22)
(1.11681 0.00730955 1.50767e-21)
(1.1054 0.0024665 3.67474e-21)
(1.10634 0.0024619 -2.64696e-21)
(1.10728 0.00245751 -5.30084e-23)
(1.10822 0.00245334 2.67063e-22)
(1.10916 0.0024494 -2.352e-21)
(1.1101 0.00244568 2.60018e-21)
(1.11104 0.00244219 1.34499e-21)
(1.11198 0.00243893 -6.38603e-22)
(1.11292 0.00243589 5.7305e-23)
(1.11386 0.00243307 -2.0161e-22)
(1.1148 0.00243047 -2.01836e-21)
(1.11574 0.00242809 9.63298e-22)
(1.11668 0.00242591 8.6648e-22)
)
;

boundaryField
{
    inlet
    {
        type            uniformFixedValue;
        uniformValue    constant (1 0 0);
        value           nonuniform 0();
    }
    outlet
    {
        type            pressureInletOutletVelocity;
        value           nonuniform 0();
    }
    cylinder
    {
        type            fixedValue;
        value           uniform (0 0 0);
    }
    top
    {
        type            symmetryPlane;
    }
    bottom
    {
        type            symmetryPlane;
    }
    defaultFaces
    {
        type            empty;
    }
    procBoundary21to4
    {
        type            processor;
        value           nonuniform List<vector> 3((0.142113 -0.138833 5.95945e-20) (0.371557 -0.347673 -6.45239e-20) (0.379499 -0.342566 7.71136e-20));
    }
    procBoundary21to5
    {
        type            processor;
        value           nonuniform List<vector> 3((0.386897 -0.33685 -3.32861e-20) (0.393737 -0.330554 9.57899e-20) (0.154855 -0.124972 -2.13037e-19));
    }
    procBoundary21to20
    {
        type            processor;
        value           nonuniform List<vector> 
103
(
(1.13454 0.37931 -1.18573e-20)
(1.13034 0.365217 -2.91351e-20)
(1.13687 0.347264 -1.68138e-20)
(1.13454 0.37931 -1.18573e-20)
(1.12904 0.397907 8.85679e-21)
(1.12904 0.397907 8.85679e-21)
(1.12305 0.417896 -4.20164e-20)
(1.12209 0.458776 -7.01156e-20)
(1.12305 0.417896 -4.20164e-20)
(1.11691 0.439229 -2.61149e-20)
(1.12209 0.458776 -7.01156e-20)
(1.11621 0.483021 -8.33706e-20)
(1.11621 0.483021 -8.33706e-20)
(1.10971 0.508782 7.56646e-20)
(1.10971 0.508782 7.56646e-20)
(1.10211 0.5359 -5.61371e-20)
(1.10211 0.5359 -5.61371e-20)
(1.09264 0.563958 6.17897e-20)
(1.09264 0.563958 6.17897e-20)
(1.08006 0.592056 -6.1333e-20)
(1.08006 0.592056 -6.1333e-20)
(1.06234 0.618501 7.8262e-20)
(1.06234 0.618501 7.8262e-20)
(1.03638 0.640438 1.13666e-19)
(1.03638 0.640438 1.13666e-19)
(1.01971 0.646071 -9.15542e-21)
(0.981134 0.659915 -1.91811e-20)
(0.981134 0.659915 -1.91811e-20)
(0.92467 0.658876 4.88421e-21)
(0.92467 0.658876 4.88421e-21)
(0.843637 0.635101 1.266e-19)
(0.843637 0.635101 1.266e-19)
(0.731001 0.579549 7.64026e-21)
(0.731001 0.579549 7.64026e-21)
(0.717348 0.58707 9.52503e-21)
(0.569396 0.490103 1.12673e-19)
(0.569396 0.490103 1.12673e-19)
(0.379385 0.342466 3.21161e-20)
(0.379385 0.342466 3.21161e-20)
(0.371447 0.347573 -4.40957e-20)
(0.142068 0.13879 -4.83772e-21)
(1.13687 0.347264 -1.68138e-20)
(1.13541 0.336801 8.97021e-21)
(1.13465 0.32699 2.62772e-20)
(1.13446 0.317583 -2.5085e-20)
(1.13451 0.308616 3.73734e-21)
(1.13465 0.299974 4.11299e-21)
(1.13478 0.29159 -1.61975e-20)
(1.1349 0.283436 1.21168e-20)
(1.13498 0.275492 -4.22222e-21)
(1.13503 0.26775 5.05788e-21)
(1.13505 0.260199 4.18252e-21)
(1.13505 0.252833 -4.52007e-21)
(1.13501 0.245641 -3.69834e-21)
(1.13495 0.238614 -3.0215e-21)
(1.13485 0.231746 -9.64648e-23)
(1.13485 0.231746 -9.64648e-23)
(1.1311 0.22595 1.95004e-21)
(1.1311 0.219323 -4.18531e-21)
(1.13106 0.212834 -1.25126e-21)
(1.13097 0.206478 5.30569e-21)
(1.13084 0.200247 -2.57898e-21)
(1.13066 0.194137 4.57369e-21)
(1.13043 0.18814 -3.56112e-21)
(1.13015 0.182252 -2.79917e-21)
(1.12983 0.176469 3.80828e-21)
(1.12946 0.170784 -2.97082e-21)
(1.12905 0.165192 2.64698e-21)
(1.12859 0.159691 -2.56327e-21)
(1.12809 0.154274 1.47429e-21)
(1.12755 0.14894 -1.79961e-21)
(1.12696 0.143682 6.82524e-21)
(1.12634 0.138498 -3.46236e-21)
(1.12567 0.133384 1.79096e-21)
(1.12497 0.128335 -2.16819e-21)
(1.12424 0.123349 1.57484e-21)
(1.12347 0.118422 -1.60284e-21)
(1.12267 0.113549 -5.95271e-22)
(1.12184 0.108729 4.68643e-21)
(1.12099 0.103957 -3.05041e-21)
(1.12011 0.0992296 -1.45995e-22)
(1.11922 0.0945439 -2.93452e-21)
(1.11831 0.089896 7.12549e-21)
(1.11739 0.0852823 -4.03609e-21)
(1.11646 0.0806991 -2.31993e-21)
(1.11554 0.0761422 8.73895e-22)
(1.11461 0.0716076 2.07814e-22)
(1.11369 0.0670913 5.04963e-22)
(1.11279 0.0625886 -1.27279e-22)
(1.1119 0.0580949 -6.21276e-22)
(1.11104 0.053605 -1.24487e-21)
(1.11022 0.0491135 6.2392e-22)
(1.10943 0.0446143 -2.15717e-21)
(1.10869 0.0401011 -9.58411e-22)
(1.108 0.035567 6.99837e-22)
(1.10738 0.031004 4.68641e-22)
(1.10738 0.031004 4.68641e-22)
(1.10585 0.0264493 -3.53803e-21)
(1.10539 0.0217941 4.15715e-21)
(1.105 0.0170856 6.17842e-22)
(1.10472 0.0123014 -1.64888e-21)
(1.10453 0.00745435 1.28786e-23)
(1.10446 0.00247132 3.41062e-21)
)
;
    }
    procBoundary21to22
    {
        type            processor;
        value           nonuniform List<vector> 
87
(
(1.23887 0.342973 -1.99212e-21)
(1.2317 0.332134 2.99385e-20)
(1.22486 0.322036 -3.1927e-20)
(1.25736 0.381687 -1.75507e-20)
(1.24865 0.37041 -5.954e-21)
(1.24033 0.359004 -4.23869e-20)
(1.24033 0.359004 -4.23869e-20)
(1.27112 0.417961 -7.28913e-20)
(1.26691 0.409764 -1.67273e-20)
(1.25946 0.399392 -7.23437e-20)
(1.25946 0.399392 -7.23437e-20)
(1.23005 0.425453 -2.64914e-20)
(1.25509 0.433093 4.38912e-20)
(1.26528 0.432758 -6.57539e-20)
(1.26528 0.432758 -6.57539e-20)
(1.02186 0.35105 -5.64035e-20)
(1.12023 0.393829 -5.64362e-21)
(1.18819 0.422787 5.66538e-20)
(1.18819 0.422787 5.66538e-20)
(0.743762 0.245573 -4.62425e-20)
(0.904023 0.313029 2.71301e-20)
(0.904023 0.313029 2.71301e-20)
(0.355336 0.105704 2.51384e-19)
(0.568149 0.185178 -4.52667e-20)
(0.568149 0.185178 -4.52667e-20)
(0.1286 0.0374549 -1.29818e-19)
(0.1286 0.0374549 -1.29818e-19)
(1.21954 0.312092 -4.95054e-21)
(1.21503 0.304542 1.27144e-20)
(1.21059 0.297041 -1.79906e-20)
(1.20646 0.289614 8.56086e-21)
(1.20273 0.282374 5.02236e-21)
(1.19938 0.275341 -3.08894e-21)
(1.19635 0.268499 -3.93365e-21)
(1.19356 0.26182 2.46203e-22)
(1.19095 0.25528 5.66315e-21)
(1.18849 0.248869 -6.09725e-21)
(1.18615 0.24257 -3.76316e-21)
(1.18391 0.236381 2.25926e-21)
(1.18175 0.230285 2.94183e-21)
(1.17969 0.224278 4.00783e-22)
(1.1777 0.218374 2.63376e-22)
(1.17577 0.212553 4.96933e-21)
(1.1739 0.20682 -8.85166e-21)
(1.17207 0.201167 5.00114e-21)
(1.17029 0.195584 -3.55562e-21)
(1.16856 0.190079 -7.15219e-22)
(1.16685 0.184648 4.98306e-21)
(1.16518 0.179288 -2.09738e-21)
(1.16353 0.173991 -1.43198e-21)
(1.1619 0.16877 -2.5291e-21)
(1.16027 0.163602 -8.66449e-22)
(1.15868 0.158481 3.3967e-21)
(1.15709 0.153433 -1.90387e-21)
(1.15552 0.148436 -2.20017e-21)
(1.15396 0.143494 3.88666e-21)
(1.15241 0.138604 -5.94133e-21)
(1.15087 0.133762 1.45912e-21)
(1.14933 0.128974 -3.51613e-22)
(1.14779 0.124227 1.66354e-21)
(1.14626 0.119513 8.74645e-22)
(1.14475 0.114849 1.01133e-21)
(1.14324 0.110222 -2.95436e-21)
(1.14173 0.105632 3.69852e-22)
(1.14024 0.101077 2.94028e-23)
(1.13876 0.0965531 4.51117e-22)
(1.13729 0.0920588 -1.2225e-21)
(1.13584 0.087591 1.0445e-21)
(1.13441 0.0831479 -1.84611e-21)
(1.133 0.0787278 4.13645e-22)
(1.13161 0.0743216 1.57901e-21)
(1.13026 0.0699285 -8.04007e-22)
(1.12894 0.0655497 4.7472e-22)
(1.12767 0.0611774 4.7028e-22)
(1.12643 0.0568082 1.78325e-21)
(1.12525 0.0524375 -2.72761e-22)
(1.12412 0.0480603 5.68113e-22)
(1.12306 0.0436713 -4.72872e-22)
(1.12207 0.0392646 -5.45166e-22)
(1.12115 0.034834 -8.26237e-22)
(1.12032 0.0303717 7.60108e-22)
(1.11959 0.0258716 3.82736e-22)
(1.11895 0.0213212 4.56645e-22)
(1.11843 0.0167193 6.38309e-22)
(1.11803 0.0120373 6.48166e-22)
(1.11776 0.00729961 9.57434e-22)
(1.11762 0.00242392 1.72711e-21)
)
;
    }
}


// ************************************************************************* //
