/*--------------------------------*- C++ -*----------------------------------*\
  =========                 |
  \\      /  F ield         | OpenFOAM: The Open Source CFD Toolbox
   \\    /   O peration     | Website:  https://openfoam.org
    \\  /    A nd           | Version:  7
     \\/     M anipulation  |
\*---------------------------------------------------------------------------*/
FoamFile
{
    version     2.0;
    format      ascii;
    class       surfaceScalarField;
    location    "11";
    object      phi;
}
// * * * * * * * * * * * * * * * * * * * * * * * * * * * * * * * * * * * * * //

dimensions      [0 3 -1 0 0 0 0];

internalField   nonuniform List<scalar> 
2016
(
0.00186637
9.12373e-06
0.00186304
1.00722e-05
0.00185947
1.07623e-05
0.00185573
1.1299e-05
0.00185184
1.17444e-05
0.00184782
1.21359e-05
0.00184369
1.24958e-05
0.00183944
1.28383e-05
0.00183507
1.31722e-05
0.0018306
1.35033e-05
1.38355e-05
0.0018652
1.21008e-05
0.00186191
1.33627e-05
0.00185839
1.42808e-05
0.0018547
1.49944e-05
0.00185085
1.55866e-05
0.00184688
1.61067e-05
0.0018428
1.65848e-05
0.00183859
1.70396e-05
0.00183428
1.74829e-05
0.00182986
1.79226e-05
1.83636e-05
0.00186365
1.50233e-05
0.00186041
1.65964e-05
0.00185695
1.77405e-05
0.00185332
1.86294e-05
0.00184954
1.93666e-05
0.00184563
2.00139e-05
0.00184161
2.06086e-05
0.00183747
2.11741e-05
0.00183323
2.17252e-05
0.00182888
2.22717e-05
2.28199e-05
0.0018617
1.78775e-05
0.00185854
1.9759e-05
0.00185515
2.11268e-05
0.00185159
2.21888e-05
0.00184789
2.30691e-05
0.00184406
2.38415e-05
0.00184012
2.45508e-05
0.00183607
2.52251e-05
0.00183191
2.58821e-05
0.00182765
2.65333e-05
2.71865e-05
0.00185937
2.065e-05
0.00185629
2.28363e-05
0.001853
2.44249e-05
0.00184953
2.56576e-05
0.00184592
2.66786e-05
0.00184219
2.75737e-05
0.00183834
2.83953e-05
0.00183439
2.9176e-05
0.00183034
2.99363e-05
0.00182618
3.06899e-05
3.14456e-05
0.00185665
2.3327e-05
0.00185368
2.58142e-05
0.00185048
2.76204e-05
0.00184712
2.90208e-05
0.00184362
3.01796e-05
0.00184
3.11948e-05
0.00183627
3.21259e-05
0.00183243
3.30101e-05
0.0018285
3.38711e-05
0.00182446
3.47242e-05
3.55795e-05
0.00185355
2.5895e-05
0.00185069
2.86786e-05
0.00184761
3.06986e-05
0.00184437
3.22634e-05
0.00184099
3.35568e-05
0.0018375
3.46889e-05
0.0018339
3.57264e-05
0.00183019
3.67111e-05
0.0018264
3.76694e-05
0.0018225
3.86187e-05
3.95702e-05
0.00185007
2.83404e-05
0.00184733
3.14153e-05
0.00184438
3.3645e-05
0.00184128
3.53704e-05
0.00183804
3.67949e-05
0.00183469
3.80404e-05
0.00183123
3.91808e-05
0.00182768
4.02623e-05
0.00182404
4.13144e-05
0.0018203
4.23562e-05
4.34002e-05
0.0018462
3.06498e-05
0.0018436
3.40103e-05
0.0018408
3.64452e-05
0.00183785
3.83269e-05
0.00183476
3.98786e-05
0.00183157
4.12335e-05
0.00182828
4.24729e-05
0.00182489
4.36473e-05
0.00182142
4.47891e-05
0.00181785
4.59194e-05
4.70517e-05
0.00184195
3.28096e-05
0.00183951
3.64497e-05
0.00183687
3.90846e-05
0.00183408
4.11182e-05
0.00183116
4.27926e-05
0.00182814
4.42527e-05
0.00182503
4.55867e-05
0.00182183
4.68498e-05
0.00181854
4.8077e-05
0.00181517
4.92911e-05
5.05073e-05
0.00183732
3.48063e-05
0.00183505
3.87195e-05
0.00183258
4.15489e-05
0.00182997
4.37295e-05
0.00182724
4.55219e-05
0.00182441
4.70825e-05
0.00182149
4.85065e-05
0.00181849
4.98534e-05
0.00181541
5.11611e-05
0.00181224
5.24544e-05
5.37493e-05
0.00183231
3.66266e-05
0.00183022
4.08058e-05
0.00182795
4.38239e-05
0.00182553
4.6146e-05
0.001823
4.80513e-05
0.00182038
4.97073e-05
0.00181767
5.12163e-05
0.00181488
5.2642e-05
0.00181202
5.40251e-05
0.00180908
5.53921e-05
5.67604e-05
0.00182693
3.8257e-05
0.00182504
4.26947e-05
0.00182297
4.58951e-05
0.00182076
4.83531e-05
0.00181845
5.03658e-05
0.00181604
5.21119e-05
0.00181356
5.37003e-05
0.001811
5.51993e-05
0.00180837
5.66522e-05
0.00180568
5.80874e-05
5.95233e-05
0.00182117
3.96842e-05
0.00181949
4.43724e-05
0.00181764
4.77486e-05
0.00181566
5.03363e-05
0.00181357
5.24505e-05
0.0018114
5.42808e-05
0.00180916
5.5943e-05
0.00180685
5.75093e-05
0.00180447
5.90261e-05
0.00180204
6.05233e-05
6.20206e-05
0.00181504
4.08949e-05
0.00181359
4.58253e-05
0.00181197
4.93701e-05
0.00181022
5.2081e-05
0.00180838
5.42905e-05
0.00180646
5.6199e-05
0.00180448
5.79287e-05
0.00180243
5.95562e-05
0.00180033
6.11304e-05
0.00179817
6.26832e-05
6.42354e-05
0.00180854
4.18758e-05
0.00180733
4.70396e-05
0.00180595
5.07456e-05
0.00180446
5.35729e-05
0.00180288
5.58712e-05
0.00180123
5.78511e-05
0.00179951
5.96418e-05
0.00179775
6.13239e-05
0.00179593
6.2949e-05
0.00179406
6.45505e-05
6.61504e-05
0.00180168
4.26139e-05
0.00180071
4.80019e-05
0.0017996
5.18612e-05
0.00179837
5.47977e-05
0.00179707
5.71777e-05
0.0017957
5.92224e-05
0.00179427
6.10672e-05
0.0017928
6.27968e-05
0.00179128
6.44656e-05
0.00178972
6.61086e-05
6.7749e-05
0.00179445
4.30958e-05
0.00179375
4.86985e-05
0.00179291
5.27031e-05
0.00179196
5.57412e-05
0.00179095
5.81956e-05
0.00178987
6.02977e-05
0.00178875
6.21893e-05
0.00178759
6.39592e-05
0.00178639
6.56642e-05
0.00178516
6.73411e-05
6.90141e-05
0.00178685
4.33086e-05
0.00178644
4.91162e-05
0.00178588
5.32574e-05
0.00178523
5.63892e-05
0.00178452
5.89105e-05
0.00178376
6.10624e-05
0.00178295
6.29932e-05
0.00178211
6.47956e-05
0.00178125
6.65289e-05
0.00178036
6.82318e-05
6.99293e-05
0.0017789
4.32394e-05
0.00177878
4.92416e-05
0.00177853
5.35105e-05
0.00177819
5.67279e-05
0.00177779
5.93079e-05
0.00177735
6.15018e-05
0.00177688
6.34638e-05
0.00177639
6.52906e-05
0.00177587
6.70441e-05
0.00177534
6.87644e-05
7.04779e-05
0.0017706
4.28751e-05
0.00177078
4.90614e-05
0.00177084
5.3449e-05
0.00177083
5.67432e-05
0.00177076
5.93737e-05
0.00177066
6.16013e-05
0.00177054
6.35862e-05
0.0017704
6.5429e-05
0.00177025
6.7194e-05
0.00177009
6.89231e-05
7.06437e-05
0.00176194
4.22029e-05
0.00176244
4.85626e-05
0.00176283
5.30593e-05
0.00176315
5.64215e-05
0.00176343
5.90938e-05
0.00176369
6.13464e-05
0.00176393
6.33455e-05
0.00176416
6.51955e-05
0.00176439
6.69632e-05
0.00176462
6.8692e-05
7.04102e-05
0.00175293
0.00175376
4.77321e-05
0.00175449
5.23281e-05
0.00175517
5.57491e-05
0.00175581
5.84542e-05
0.00175643
6.07229e-05
0.00175705
6.27272e-05
0.00175767
6.45753e-05
0.0017583
6.63363e-05
0.00175893
6.80553e-05
6.97616e-05
0.00174475
4.6557e-05
0.00174584
5.12422e-05
0.00174688
5.47125e-05
0.00174789
5.74411e-05
0.0017489
5.97166e-05
0.00174991
6.17167e-05
0.00175093
6.35534e-05
0.00175197
6.52982e-05
0.00175302
6.69975e-05
6.86818e-05
0.00173542
4.50245e-05
0.00173687
4.97886e-05
0.00173828
5.32983e-05
0.00173968
5.60408e-05
0.00174109
5.83135e-05
0.0017425
6.02998e-05
0.00174394
6.21153e-05
0.00174541
6.38338e-05
0.0017469
6.55032e-05
6.7155e-05
0.00172575
4.3122e-05
0.00172759
4.79543e-05
0.00172939
5.14934e-05
0.00173119
5.42398e-05
0.00173301
5.64998e-05
0.00173484
5.84622e-05
0.00173671
6.02463e-05
0.00173862
6.19282e-05
0.00174056
6.35572e-05
6.51658e-05
0.00171577
4.08368e-05
0.00171799
4.57265e-05
0.0017202
4.92845e-05
0.00172242
5.20247e-05
0.00172466
5.42616e-05
0.00172693
5.619e-05
0.00172924
5.79322e-05
0.0017316
5.95667e-05
0.00173402
6.11444e-05
6.26987e-05
0.00170546
3.81567e-05
0.00170809
4.30925e-05
0.00171072
4.66588e-05
0.00171336
4.93822e-05
0.00171604
5.15856e-05
0.00171876
5.34691e-05
0.00172153
5.51586e-05
0.00172437
5.67348e-05
0.00172726
5.825e-05
5.97385e-05
0.00169484
3.50692e-05
0.00169789
4.00399e-05
0.00170095
4.36035e-05
0.00170403
4.62992e-05
0.00170716
4.84583e-05
0.00171034
5.02861e-05
0.00171359
5.19117e-05
0.00171691
5.34183e-05
0.0017203
5.48593e-05
5.62701e-05
0.00168391
3.15624e-05
0.0016874
3.65562e-05
0.00169089
4.01059e-05
0.00169443
4.2763e-05
0.00169802
4.48666e-05
0.00170168
4.66272e-05
0.00170541
4.81776e-05
0.00170923
4.96028e-05
0.00171313
5.09578e-05
5.22787e-05
0.00167268
2.76241e-05
0.0016766
3.26293e-05
0.00168056
3.61537e-05
0.00168456
3.87606e-05
0.00168863
4.07973e-05
0.00169278
4.24793e-05
0.00169701
4.39427e-05
0.00170134
4.52744e-05
0.00170577
4.65312e-05
4.77497e-05
0.00166114
2.32427e-05
0.00166552
2.82471e-05
0.00166994
3.17344e-05
0.00167442
3.42796e-05
0.00167898
3.62377e-05
0.00168363
3.78292e-05
0.00168838
3.91934e-05
0.00169324
4.04195e-05
0.0016982
4.15654e-05
4.26687e-05
0.0016493
1.84063e-05
0.00165415
2.33977e-05
0.00165905
2.6836e-05
0.00166402
2.93076e-05
0.00166909
3.1175e-05
0.00167425
3.26639e-05
0.00167953
3.39165e-05
0.00168492
3.50244e-05
0.00169044
3.60465e-05
3.70214e-05
0.00163718
1.31035e-05
0.0016425
1.80696e-05
0.00164789
2.14467e-05
0.00165337
2.38324e-05
0.00165895
2.55969e-05
0.00166464
2.69706e-05
0.00167046
2.80991e-05
0.00167641
2.90757e-05
0.00168249
2.99608e-05
3.07938e-05
0.00162476
7.32304e-06
0.00163058
1.2251e-05
0.00163647
1.55545e-05
0.00164246
1.7842e-05
0.00164857
1.94911e-05
0.0016548
2.07369e-05
0.00166117
2.17282e-05
0.00166769
2.25603e-05
0.00167435
2.3295e-05
2.39722e-05
0.00161206
1.05369e-06
0.00161838
5.93079e-06
0.00162479
9.14799e-06
0.00163131
1.13247e-05
0.00163795
1.28454e-05
0.00164474
1.39503e-05
0.00165167
1.47912e-05
0.00165877
1.54654e-05
0.00166603
1.60357e-05
1.6543e-05
0.00159908
-5.7155e-06
0.00160592
-9.02276e-07
0.00161285
2.2158e-06
0.0016199
4.26865e-06
0.0016271
5.64808e-06
0.00163445
6.59885e-06
0.00164197
7.27579e-06
0.00164966
7.77807e-06
0.00165752
8.16992e-06
8.49297e-06
0.00158583
-1.29952e-05
0.00159319
-8.2591e-06
0.00160066
-5.25321e-06
0.00160826
-3.33733e-06
0.00161602
-2.11255e-06
0.00162395
-1.3295e-06
0.00163206
-8.3036e-07
0.00164035
-5.13995e-07
0.00164884
-3.15027e-07
-1.91047e-07
0.00252891
-1.32594e-05
0.00252908
-8.43591e-06
0.0025292
-5.36981e-06
0.00252928
-3.41333e-06
0.00252932
-2.16159e-06
0.00252936
-1.36083e-06
0.00252938
-8.50183e-07
0.00252939
-5.26411e-07
0.0025294
-3.22724e-07
0.0025294
-1.95766e-07
-1.17433e-07
0.00258904
-1.35205e-05
0.00258922
-8.61131e-06
0.00258934
-5.48576e-06
0.00258941
-3.48902e-06
0.00258946
-2.21047e-06
0.00258949
-1.39209e-06
0.00258951
-8.69972e-07
0.00258952
-5.38813e-07
0.00258953
-3.30414e-07
0.00258954
-2.00484e-07
-1.20294e-07
0.00265061
-1.37787e-05
0.00265079
-8.78535e-06
0.0026509
-5.60108e-06
0.00265098
-3.56442e-06
0.00265103
-2.25922e-06
0.00265106
-1.42328e-06
0.00265108
-8.89731e-07
0.00265109
-5.51201e-07
0.0026511
-3.381e-07
0.0026511
-2.052e-07
-1.23157e-07
0.00271364
-1.4034e-05
0.00271382
-8.95811e-06
0.00271393
-5.71583e-06
0.00271401
-3.63956e-06
0.00271406
-2.30785e-06
0.00271409
-1.45442e-06
0.00271411
-9.09469e-07
0.00271412
-5.63581e-07
0.00271413
-3.45783e-07
0.00271413
-2.09917e-07
-1.2602e-07
0.00277817
-1.42865e-05
0.00277835
-9.12968e-06
0.00277846
-5.83008e-06
0.00277854
-3.7145e-06
0.00277858
-2.3564e-06
0.00277861
-1.48553e-06
0.00277863
-9.29193e-07
0.00277865
-5.75957e-07
0.00277865
-3.53466e-07
0.00277866
-2.14635e-07
-1.28885e-07
0.00284424
-1.45364e-05
0.00284441
-9.30017e-06
0.00284452
-5.94389e-06
0.0028446
-3.78926e-06
0.00284465
-2.40488e-06
0.00284468
-1.51662e-06
0.0028447
-9.48912e-07
0.00284471
-5.88335e-07
0.00284472
-3.61153e-07
0.00284472
-2.19357e-07
-1.31753e-07
0.00291187
-1.47839e-05
0.00291204
-9.46966e-06
0.00291216
-6.05732e-06
0.00291223
-3.86389e-06
0.00291228
-2.45333e-06
0.00291231
-1.5477e-06
0.00291233
-9.68637e-07
0.00291234
-6.0072e-07
0.00291235
-3.68846e-07
0.00291235
-2.24083e-07
-1.34624e-07
0.00298111
-1.50291e-05
0.00298128
-9.63826e-06
0.0029814
-6.17045e-06
0.00298147
-3.93844e-06
0.00298152
-2.50176e-06
0.00298155
-1.57879e-06
0.00298157
-9.88377e-07
0.00298158
-6.13117e-07
0.00298159
-3.76548e-07
0.00298159
-2.28815e-07
-1.375e-07
0.003052
-1.5272e-05
0.00305217
-9.80603e-06
0.00305228
-6.28332e-06
0.00305236
-4.01294e-06
0.00305241
-2.55021e-06
0.00305244
-1.60991e-06
0.00305246
-1.00814e-06
0.00305247
-6.2553e-07
0.00305248
-3.8426e-07
0.00305248
-2.33555e-07
-1.40379e-07
0.00312457
-1.55127e-05
0.00312474
-9.97303e-06
0.00312485
-6.39597e-06
0.00312493
-4.08741e-06
0.00312498
-2.59869e-06
0.00312501
-1.64106e-06
0.00312503
-1.02793e-06
0.00312504
-6.37963e-07
0.00312505
-3.91985e-07
0.00312505
-2.38302e-07
-1.43264e-07
0.00319887
-1.57513e-05
0.00319904
-1.01392e-05
0.00319915
-6.5084e-06
0.00319923
-4.16186e-06
0.00319927
-2.6472e-06
0.00319931
-1.67225e-06
0.00319933
-1.04775e-06
0.00319934
-6.50415e-07
0.00319935
-3.99723e-07
0.00319935
-2.43057e-07
-1.46153e-07
0.00327494
-1.59875e-05
0.0032751
-1.03046e-05
0.00327522
-6.6206e-06
0.00327529
-4.23628e-06
0.00327534
-2.69573e-06
0.00327537
-1.70347e-06
0.00327539
-1.06759e-06
0.0032754
-6.62883e-07
0.00327541
-4.0747e-07
0.00327541
-2.47817e-07
-1.49045e-07
0.00335281
-1.62213e-05
0.00335298
-1.04691e-05
0.00335309
-6.73249e-06
0.00335316
-4.31064e-06
0.00335321
-2.74427e-06
0.00335324
-1.73472e-06
0.00335326
-1.08745e-06
0.00335327
-6.75362e-07
0.00335328
-4.15224e-07
0.00335329
-2.52581e-07
-1.51939e-07
0.00343254
-1.64523e-05
0.0034327
-1.06324e-05
0.00343281
-6.84397e-06
0.00343289
-4.38485e-06
0.00343293
-2.79278e-06
0.00343297
-1.76595e-06
0.00343299
-1.10731e-06
0.003433
-6.8784e-07
0.00343301
-4.22977e-07
0.00343301
-2.57344e-07
-1.54832e-07
0.00351416
-1.668e-05
0.00351432
-1.07943e-05
0.00351443
-6.95486e-06
0.00351451
-4.45882e-06
0.00351455
-2.84117e-06
0.00351458
-1.79713e-06
0.0035146
-1.12714e-06
0.00351462
-7.00302e-07
0.00351462
-4.30718e-07
0.00351463
-2.62098e-07
-1.57719e-07
0.00359772
-1.69039e-05
0.00359788
-1.09545e-05
0.00359799
-7.06492e-06
0.00359807
-4.5324e-06
0.00359811
-2.88938e-06
0.00359814
-1.82821e-06
0.00359816
-1.14691e-06
0.00359818
-7.12726e-07
0.00359818
-4.38435e-07
0.00359819
-2.66837e-07
-1.60596e-07
0.00368327
-1.71233e-05
0.00368343
-1.11124e-05
0.00368354
-7.17387e-06
0.00368361
-4.60541e-06
0.00368366
-2.93727e-06
0.00368369
-1.85911e-06
0.00368371
-1.16657e-06
0.00368372
-7.25082e-07
0.00368373
-4.4611e-07
0.00368374
-2.71549e-07
-1.63456e-07
0.00377086
-1.73372e-05
0.00377101
-1.12674e-05
0.00377112
-7.28132e-06
0.00377119
-4.6776e-06
0.00377124
-2.9847e-06
0.00377127
-1.88974e-06
0.00377129
-1.18607e-06
0.0037713
-7.37337e-07
0.00377131
-4.5372e-07
0.00377132
-2.76221e-07
-1.6629e-07
0.00386053
-1.75445e-05
0.00386068
-1.14189e-05
0.00386079
-7.38682e-06
0.00386086
-4.74871e-06
0.0038609
-3.0315e-06
0.00386093
-1.91999e-06
0.00386095
-1.20533e-06
0.00386097
-7.49447e-07
0.00386097
-4.61241e-07
0.00386098
-2.80836e-07
-1.6909e-07
0.00395233
-1.77441e-05
0.00395248
-1.1566e-05
0.00395258
-7.48987e-06
0.00395265
-4.81839e-06
0.0039527
-3.07745e-06
0.00395273
-1.94973e-06
0.00395275
-1.22428e-06
0.00395276
-7.61361e-07
0.00395277
-4.6864e-07
0.00395277
-2.85377e-07
-1.71844e-07
0.00404632
-1.79345e-05
0.00404646
-1.17079e-05
0.00404656
-7.58987e-06
0.00404663
-4.88627e-06
0.00404668
-3.12233e-06
0.00404671
-1.9788e-06
0.00404672
-1.24282e-06
0.00404674
-7.73023e-07
0.00404674
-4.75882e-07
0.00404675
-2.89821e-07
-1.74539e-07
0.00414255
-1.81143e-05
0.00414268
-1.18435e-05
0.00414278
-7.68615e-06
0.00414285
-4.95193e-06
0.00414289
-3.16585e-06
0.00414292
-2.00705e-06
0.00414294
-1.26085e-06
0.00414295
-7.84367e-07
0.00414295
-4.82929e-07
0.00414296
-2.94144e-07
-1.77161e-07
0.00424107
-1.82818e-05
0.00424119
-1.19718e-05
0.00424129
-7.77799e-06
0.00424135
-5.01489e-06
0.00424139
-3.20772e-06
0.00424142
-2.03428e-06
0.00424144
-1.27825e-06
0.00424145
-7.95321e-07
0.00424145
-4.89735e-07
0.00424146
-2.9832e-07
-1.79693e-07
0.00434193
-1.84353e-05
0.00434205
-1.20914e-05
0.00434213
-7.8646e-06
0.00434219
-5.07465e-06
0.00434223
-3.24762e-06
0.00434226
-2.06029e-06
0.00434228
-1.29489e-06
0.00434229
-8.05806e-07
0.00434229
-4.96251e-07
0.0043423
-3.0232e-07
-1.82117e-07
0.00444519
-1.85729e-05
0.0044453
-1.22013e-05
0.00444538
-7.94514e-06
0.00444544
-5.13066e-06
0.00444547
-3.28519e-06
0.0044455
-2.08485e-06
0.00444551
-1.31064e-06
0.00444552
-8.15736e-07
0.00444553
-5.02426e-07
0.00444553
-3.0611e-07
-1.84416e-07
0.00455091
-1.86927e-05
0.00455101
-1.23e-05
0.00455108
-8.01873e-06
0.00455114
-5.18234e-06
0.00455117
-3.32007e-06
0.00455119
-2.10774e-06
0.00455121
-1.32534e-06
0.00455122
-8.25019e-07
0.00455122
-5.08204e-07
0.00455123
-3.09659e-07
-1.86568e-07
0.00465915
-1.87929e-05
0.00465924
-1.23861e-05
0.0046593
-8.08445e-06
0.00465935
-5.22908e-06
0.00465938
-3.35186e-06
0.0046594
-2.12869e-06
0.00465941
-1.33884e-06
0.00465942
-8.3356e-07
0.00465943
-5.13525e-07
0.00465943
-3.12928e-07
-1.88551e-07
0.00476996
-1.88713e-05
0.00477004
-1.24584e-05
0.00477009
-8.14136e-06
0.00477013
-5.27027e-06
0.00477016
-3.38016e-06
0.00477018
-2.14746e-06
0.00477019
-1.35098e-06
0.0047702
-8.41258e-07
0.00477021
-5.18327e-07
0.00477021
-3.15882e-07
-1.90344e-07
0.00488342
-1.89261e-05
0.00488347
-1.25154e-05
0.00488352
-8.18847e-06
0.00488355
-5.30525e-06
0.00488358
-3.40454e-06
0.0048836
-2.16378e-06
0.00488361
-1.36158e-06
0.00488361
-8.48006e-07
0.00488362
-5.22547e-07
0.00488362
-3.1848e-07
-1.91923e-07
0.00499957
-1.89552e-05
0.00499961
-1.25555e-05
0.00499964
-8.2248e-06
0.00499967
-5.33337e-06
0.00499969
-3.42459e-06
0.00499971
-2.17737e-06
0.00499972
-1.37049e-06
0.00499972
-8.53697e-07
0.00499972
-5.26116e-07
0.00499973
-3.20682e-07
-1.93263e-07
0.00511849
-1.89565e-05
0.00511851
-1.25775e-05
0.00511853
-8.24936e-06
0.00511855
-5.35395e-06
0.00511857
-3.43985e-06
0.00511858
-2.18794e-06
0.00511859
-1.3775e-06
0.00511859
-8.5822e-07
0.00511859
-5.28966e-07
0.00511859
-3.22447e-07
-1.94339e-07
0.00524023
-1.89282e-05
0.00524024
-1.25799e-05
0.00524025
-8.26114e-06
0.00524026
-5.36631e-06
0.00524027
-3.44988e-06
0.00524028
-2.19521e-06
0.00524028
-1.38245e-06
0.00524029
-8.61459e-07
0.00524029
-5.31027e-07
0.00524029
-3.23731e-07
-1.95125e-07
0.00536488
-1.88684e-05
0.00536486
-1.25611e-05
0.00536486
-8.25912e-06
0.00536486
-5.36978e-06
0.00536487
-3.45423e-06
0.00536487
-2.19889e-06
0.00536487
-1.38515e-06
0.00536487
-8.63298e-07
0.00536488
-5.32226e-07
0.00536488
-3.2449e-07
-1.95595e-07
0.00549249
-1.8775e-05
0.00549245
-1.25199e-05
0.00549243
-8.24232e-06
0.00549243
-5.36366e-06
0.00549242
-3.45244e-06
0.00549242
-2.19868e-06
0.00549242
-1.38541e-06
0.00549242
-8.6362e-07
0.00549242
-5.32492e-07
0.00549243
-3.2468e-07
-1.95722e-07
0.00562314
-1.86462e-05
0.00562307
-1.24548e-05
0.00562304
-8.20972e-06
0.00562302
-5.34727e-06
0.00562302
-3.44406e-06
0.00562301
-2.19428e-06
0.00562301
-1.38304e-06
0.00562301
-8.62304e-07
0.00562301
-5.31748e-07
0.00562301
-3.24255e-07
-1.95478e-07
0.0057569
-1.84801e-05
0.00575681
-1.23644e-05
0.00575676
-8.16032e-06
0.00575673
-5.31991e-06
0.00575671
-3.42862e-06
0.0057567
-2.18539e-06
0.0057567
-1.37783e-06
0.0057567
-8.59229e-07
0.00575669
-5.29921e-07
0.00575669
-3.2317e-07
-1.94837e-07
0.00589384
-1.8275e-05
0.00589372
-1.22473e-05
0.00589365
-8.09314e-06
0.00589361
-5.2809e-06
0.00589359
-3.40566e-06
0.00589358
-2.17171e-06
0.00589357
-1.36961e-06
0.00589356
-8.54272e-07
0.00589356
-5.26934e-07
0.00589356
-3.21377e-07
-1.93768e-07
0.00603403
-1.80291e-05
0.00603389
-1.21023e-05
0.0060338
-8.00719e-06
0.00603375
-5.22956e-06
0.00603372
-3.37471e-06
0.0060337
-2.15294e-06
0.00603369
-1.35818e-06
0.00603368
-8.4731e-07
0.00603368
-5.2271e-07
0.00603368
-3.1883e-07
-1.92245e-07
0.00617757
-1.77406e-05
0.00617739
-1.19278e-05
0.00617729
-7.9015e-06
0.00617722
-5.16521e-06
0.00617718
-3.33533e-06
0.00617716
-2.12876e-06
0.00617715
-1.34334e-06
0.00617714
-8.3822e-07
0.00617713
-5.17173e-07
0.00617713
-3.15482e-07
-1.90239e-07
0.00632452
-1.74078e-05
0.00632431
-1.17228e-05
0.00632418
-7.77512e-06
0.00632411
-5.08717e-06
0.00632406
-3.28706e-06
0.00632403
-2.09889e-06
0.00632401
-1.32489e-06
0.006324
-8.26879e-07
0.00632399
-5.10246e-07
0.00632399
-3.11286e-07
-1.87721e-07
0.00647496
-1.70293e-05
0.00647472
-1.14858e-05
0.00647458
-7.62712e-06
0.00647448
-4.99479e-06
0.00647443
-3.22944e-06
0.00647439
-2.06302e-06
0.00647437
-1.30265e-06
0.00647435
-8.13165e-07
0.00647435
-5.01853e-07
0.00647434
-3.06195e-07
-1.84663e-07
0.00662898
-1.66034e-05
0.00662871
-1.12157e-05
0.00662854
-7.45661e-06
0.00662843
-4.88744e-06
0.00662837
-3.16204e-06
0.00662833
-2.02087e-06
0.0066283
-1.27642e-06
0.00662828
-7.96958e-07
0.00662827
-4.9192e-07
0.00662827
-3.00163e-07
-1.81037e-07
0.00678667
-1.61286e-05
0.00678636
-1.09114e-05
0.00678617
-7.26271e-06
0.00678605
-4.76449e-06
0.00678597
-3.08444e-06
0.00678592
-1.97214e-06
0.00678589
-1.24603e-06
0.00678587
-7.78143e-07
0.00678586
-4.80373e-07
0.00678585
-2.93145e-07
-1.76816e-07
0.0069481
-1.56036e-05
0.00694777
-1.05717e-05
0.00694755
-7.04462e-06
0.00694741
-4.62537e-06
0.00694732
-2.99623e-06
0.00694726
-1.91659e-06
0.00694723
-1.21129e-06
0.00694721
-7.56607e-07
0.00694719
-4.67143e-07
0.00694719
-2.85098e-07
-1.71974e-07
0.00711338
-1.50272e-05
0.007113
-1.01956e-05
0.00711276
-6.80157e-06
0.0071126
-4.46952e-06
0.00711251
-2.89704e-06
0.00711244
-1.85394e-06
0.0071124
-1.17205e-06
0.00711238
-7.32244e-07
0.00711236
-4.52164e-07
0.00711236
-2.75982e-07
-1.66486e-07
0.00728258
-1.43983e-05
0.00728217
-9.7823e-06
0.0072819
-6.53287e-06
0.00728173
-4.29644e-06
0.00728162
-2.78651e-06
0.00728155
-1.78396e-06
0.00728151
-1.12814e-06
0.00728148
-7.04956e-07
0.00728146
-4.35373e-07
0.00728145
-2.65758e-07
-1.60329e-07
0.00745581
-1.37158e-05
0.00745536
-9.33094e-06
0.00745507
-6.23792e-06
0.00745488
-4.1057e-06
0.00745475
-2.66434e-06
0.00745468
-1.70646e-06
0.00745463
-1.07944e-06
0.0074546
-6.74655e-07
0.00745458
-4.16715e-07
0.00745457
-2.54392e-07
-1.53482e-07
0.00763316
-1.2979e-05
0.00763267
-8.84088e-06
0.00763235
-5.91621e-06
0.00763214
-3.89691e-06
0.007632
-2.53027e-06
0.00763192
-1.62123e-06
0.00763187
-1.02582e-06
0.00763183
-6.41264e-07
0.00763181
-3.96142e-07
0.0076318
-2.41855e-07
-1.45927e-07
0.00781472
-1.21873e-05
0.00781419
-8.31163e-06
0.00781384
-5.56733e-06
0.00781361
-3.66978e-06
0.00781347
-2.38407e-06
0.00781338
-1.52814e-06
0.00781332
-9.67178e-07
0.00781328
-6.0472e-07
0.00781326
-3.73614e-07
0.00781324
-2.28121e-07
-1.37648e-07
0.0080006
-1.13404e-05
0.00800003
-7.74286e-06
0.00799965
-5.19104e-06
0.00799941
-3.42409e-06
0.00799925
-2.2256e-06
0.00799915
-1.42709e-06
0.00799908
-9.03454e-07
0.00799904
-5.64978e-07
0.00799902
-3.49103e-07
0.007999
-2.13172e-07
-1.28636e-07
0.00819089
-1.04382e-05
0.00819028
-7.13447e-06
0.00818988
-4.7872e-06
0.00818961
-3.15977e-06
0.00818944
-2.05478e-06
0.00818933
-1.31802e-06
0.00818926
-8.34606e-07
0.00818922
-5.22012e-07
0.00818919
-3.22592e-07
0.00818918
-1.96999e-07
-1.18883e-07
0.0083857
-9.48097e-06
0.00838506
-6.48659e-06
0.00838462
-4.35589e-06
0.00838434
-2.87681e-06
0.00838416
-1.87162e-06
0.00838404
-1.20092e-06
0.00838397
-7.60631e-07
0.00838392
-4.75819e-07
0.00838389
-2.94078e-07
0.00838388
-1.796e-07
-1.08389e-07
0.00858515
-8.46922e-06
0.00858446
-5.7996e-06
0.008584
-3.89735e-06
0.0085837
-2.5754e-06
0.0085835
-1.67621e-06
0.00858338
-1.07586e-06
0.0085833
-6.81566e-07
0.00858325
-4.26422e-07
0.00858322
-2.63575e-07
0.0085832
-1.60982e-07
-9.71576e-08
0.00878932
-7.40392e-06
0.0087886
-5.07419e-06
0.00878811
-3.41207e-06
0.00878779
-2.25584e-06
0.00878759
-1.46877e-06
0.00878745
-9.42973e-07
0.00878737
-5.97496e-07
0.00878732
-3.73873e-07
0.00878729
-2.31115e-07
0.00878727
-1.41166e-07
-8.52017e-08
0.00899835
-6.28642e-06
0.00899759
-4.31138e-06
0.00899708
-2.90077e-06
0.00899674
-1.91864e-06
0.00899652
-1.24963e-06
0.00899638
-8.02472e-07
0.00899629
-5.08556e-07
0.00899624
-3.18259e-07
0.0089962
-1.96752e-07
0.00899618
-1.20184e-07
-7.25407e-08
0.00921234
-5.11858e-06
0.00921154
-3.51255e-06
0.00921101
-2.36444e-06
0.00921065
-1.56448e-06
0.00921042
-1.01925e-06
0.00921027
-6.54661e-07
0.00921018
-4.14943e-07
0.00921012
-2.59701e-07
0.00921009
-1.60563e-07
0.00921006
-9.80826e-08
-5.92028e-08
0.00943141
-3.90277e-06
0.00943058
-2.67951e-06
0.00943002
-1.80439e-06
0.00942965
-1.19427e-06
0.00942941
-7.78233e-07
0.00942925
-4.99941e-07
0.00942915
-3.16915e-07
0.00942909
-1.98365e-07
0.00942905
-1.22648e-07
0.00942903
-7.49249e-08
-4.52262e-08
0.00965568
-2.64194e-06
0.00965481
-1.81452e-06
0.00965423
-1.22225e-06
0.00965385
-8.09155e-07
0.0096536
-5.27367e-07
0.00965343
-3.38826e-07
0.00965333
-2.14803e-07
0.00965327
-1.34459e-07
0.00965323
-8.31394e-08
0.0096532
-5.0791e-08
-3.06592e-08
0.00988527
-1.33971e-06
0.00988437
-9.20341e-07
0.00988377
-6.20052e-07
0.00988337
-4.10546e-07
0.00988311
-2.67604e-07
0.00988295
-1.71947e-07
0.00988284
-1.09015e-07
0.00988277
-6.82427e-08
0.00988273
-4.21977e-08
0.00988271
-2.578e-08
-1.55621e-08
0.0101203
0.0101194
0.0101188
0.0101184
0.0101181
0.0101179
0.0101178
0.0101177
0.0101177
0.0101177
)
;

boundaryField
{
    inlet
    {
        type            calculated;
        value           nonuniform 0();
    }
    outlet
    {
        type            calculated;
        value           nonuniform 0();
    }
    cylinder
    {
        type            calculated;
        value           nonuniform 0();
    }
    top
    {
        type            symmetryPlane;
        value           uniform 0;
    }
    bottom
    {
        type            symmetryPlane;
        value           nonuniform 0();
    }
    defaultFaces
    {
        type            empty;
        value           nonuniform 0();
    }
    procBoundary30to14
    {
        type            processor;
        value           nonuniform List<scalar> 
11
(
-6.10571e-06
-6.73887e-06
-7.19968e-06
-7.5581e-06
-7.85572e-06
-8.1173e-06
-8.35789e-06
-8.58682e-06
-8.81007e-06
-9.03151e-06
-9.25367e-06
)
;
    }
    procBoundary30to29
    {
        type            processor;
        value           nonuniform List<scalar> 
99
(
-0.00186939
-0.00186818
-0.00186657
-0.00186456
-0.00186214
-0.00185933
-0.00185612
-0.00185251
-0.00184851
-0.00184411
-0.00183931
-0.00183413
-0.00182856
-0.0018226
-0.00181625
-0.00180952
-0.00180241
-0.00179493
-0.00178707
-0.00177884
-0.00177023
-0.00176127
-0.00175194
4.12102e-05
-0.00174358
-0.00173388
-0.00172385
-0.00171348
-0.00170278
-0.00169175
-0.00168041
-0.00166874
-0.00165676
-0.00164447
-0.00163187
-0.00161898
-0.00160579
-0.00159231
-0.00157855
-0.00252864
-0.00258878
-0.00265035
-0.00271339
-0.00277792
-0.00284399
-0.00291162
-0.00298087
-0.00305176
-0.00312433
-0.00319863
-0.0032747
-0.00335258
-0.00343231
-0.00351393
-0.0035975
-0.00368305
-0.00377064
-0.00386032
-0.00395213
-0.00404613
-0.00414237
-0.0042409
-0.00434177
-0.00444505
-0.00455079
-0.00465905
-0.00476988
-0.00488336
-0.00499954
-0.00511848
-0.00524026
-0.00536494
-0.00549258
-0.00562327
-0.00575706
-0.00589404
-0.00603428
-0.00617786
-0.00632485
-0.00647534
-0.00662941
-0.00678714
-0.00694863
-0.00711396
-0.00728321
-0.0074565
-0.0076339
-0.00781551
-0.00800144
-0.00819179
-0.00838666
-0.00858616
-0.00879039
-0.00899947
-0.00921351
-0.00943263
-0.00965694
-0.00988657
-0.0101216
)
;
    }
    procBoundary30to31
    {
        type            processor;
        value           nonuniform List<scalar> 
99
(
0.00182602
0.00182534
0.00182442
0.00182329
0.00182192
0.00182033
0.00181851
0.00181647
0.0018142
0.00181171
0.001809
0.00180607
0.00180291
0.00179954
0.00179595
0.00179215
0.00178812
0.00178389
0.00177944
0.00177479
0.00176992
0.00176485
0.00175958
0.0017541
0.00174843
0.00174255
0.00173648
0.00173022
0.00172377
0.00171712
0.00171029
0.00170328
0.00169609
0.00168872
0.00168117
0.00167346
0.00166557
0.00165752
1.14571e-07
0.0025294
0.00258954
0.0026511
0.00271413
0.00277866
0.00284472
0.00291236
0.0029816
0.00305248
0.00312506
0.00319935
0.00327542
0.00335329
0.00343301
0.00351463
0.00359819
0.00368374
0.00377132
0.00386098
0.00395277
0.00404675
0.00414296
0.00424146
0.0043423
0.00444554
0.00455123
0.00465943
0.00477021
0.00488362
0.00499973
0.0051186
0.00524029
0.00536488
0.00549243
0.00562301
0.00575669
0.00589356
0.00603368
0.00617713
0.00632399
0.00647434
0.00662826
0.00678585
0.00694718
0.00711235
0.00728144
0.00745456
0.00763179
0.00781324
0.00799899
0.00818917
0.00838386
0.00858319
0.00878725
0.00899617
0.00921005
0.00942902
0.00965319
0.00988269
0.0101177
)
;
    }
}


// ************************************************************************* //
