/*--------------------------------*- C++ -*----------------------------------*\
  =========                 |
  \\      /  F ield         | OpenFOAM: The Open Source CFD Toolbox
   \\    /   O peration     | Website:  https://openfoam.org
    \\  /    A nd           | Version:  7
     \\/     M anipulation  |
\*---------------------------------------------------------------------------*/
FoamFile
{
    version     2.0;
    format      ascii;
    class       volScalarField;
    location    "60";
    object      p;
}
// * * * * * * * * * * * * * * * * * * * * * * * * * * * * * * * * * * * * * //

dimensions      [0 2 -2 0 0 0 0];

internalField   nonuniform List<scalar> 
1063
(
-0.46885
-0.460236
-0.453745
-0.446844
-0.474982
-0.466036
-0.459333
-0.452175
-0.44437
-0.435784
-0.426157
-0.481048
-0.471784
-0.464873
-0.457451
-0.449275
-0.440184
-0.429905
-0.418294
-0.405357
-0.391262
-0.3763
-0.487012
-0.477446
-0.470331
-0.462635
-0.454065
-0.444431
-0.433456
-0.421023
-0.40719
-0.392184
-0.376355
-0.360103
-0.343808
-0.327787
-0.312268
-0.297397
-0.492837
-0.482986
-0.475671
-0.467692
-0.458701
-0.448485
-0.436771
-0.423476
-0.408718
-0.39279
-0.376096
-0.359074
-0.342119
-0.325546
-0.309573
-0.294331
-0.279881
-0.266229
-0.253378
-0.24134
-0.498482
-0.488365
-0.480854
-0.47258
-0.463142
-0.452306
-0.439811
-0.425619
-0.409913
-0.393056
-0.375505
-0.357729
-0.340136
-0.323036
-0.306631
-0.291037
-0.2763
-0.262411
-0.249375
-0.237149
-0.503906
-0.493544
-0.485841
-0.477259
-0.467346
-0.455851
-0.442536
-0.427415
-0.410746
-0.392958
-0.374562
-0.356055
-0.337849
-0.320245
-0.303432
-0.287507
-0.272501
-0.258393
-0.245185
-0.232784
-0.509066
-0.498481
-0.490588
-0.481685
-0.471268
-0.459079
-0.444907
-0.428832
-0.411188
-0.392475
-0.373252
-0.354037
-0.335245
-0.317165
-0.299968
-0.283734
-0.268478
-0.254168
-0.240802
-0.228238
-0.513918
-0.503133
-0.495052
-0.485815
-0.474865
-0.461946
-0.446885
-0.429836
-0.411213
-0.391586
-0.371557
-0.351663
-0.332315
-0.313786
-0.296231
-0.279709
-0.264223
-0.249728
-0.236221
-0.223509
-0.518417
-0.507457
-0.499191
-0.489604
-0.478093
-0.46441
-0.448433
-0.430396
-0.410796
-0.390272
-0.369464
-0.348921
-0.329047
-0.310099
-0.292211
-0.275426
-0.259729
-0.245069
-0.231435
-0.218589
-0.522516
-0.511406
-0.502956
-0.493004
-0.480906
-0.466429
-0.449514
-0.43048
-0.409913
-0.388514
-0.366957
-0.345799
-0.325432
-0.306096
-0.287901
-0.270876
-0.25499
-0.240183
-0.226439
-0.213476
-0.52617
-0.514935
-0.506303
-0.495972
-0.48326
-0.467964
-0.450093
-0.430062
-0.408542
-0.386294
-0.364023
-0.342286
-0.321462
-0.301767
-0.283294
-0.266052
-0.249999
-0.235066
-0.221229
-0.208165
-0.529333
-0.518
-0.509186
-0.49846
-0.485112
-0.468973
-0.450137
-0.429114
-0.406662
-0.383599
-0.360651
-0.338373
-0.317125
-0.297105
-0.278382
-0.260949
-0.24475
-0.229712
-0.215801
-0.202653
-0.531959
-0.520554
-0.51156
-0.500425
-0.486419
-0.469421
-0.449614
-0.427611
-0.404254
-0.380412
-0.356828
-0.334048
-0.312416
-0.292102
-0.273158
-0.25556
-0.23924
-0.224117
-0.21015
-0.196936
-0.534003
-0.522554
-0.51338
-0.501823
-0.487141
-0.469271
-0.448494
-0.42553
-0.401301
-0.376721
-0.352544
-0.329305
-0.307325
-0.286752
-0.267616
-0.24988
-0.233461
-0.218277
-0.204273
-0.191013
-0.535421
-0.523955
-0.514602
-0.50261
-0.487237
-0.468489
-0.446752
-0.422851
-0.397788
-0.372514
-0.34779
-0.324135
-0.301846
-0.281048
-0.261752
-0.243903
-0.227411
-0.212187
-0.198167
-0.18488
-0.536172
-0.524715
-0.515183
-0.502747
-0.486673
-0.467044
-0.444361
-0.419555
-0.3937
-0.367781
-0.342557
-0.318531
-0.295973
-0.274985
-0.255559
-0.237626
-0.221086
-0.536213
-0.524792
-0.515083
-0.502194
-0.485411
-0.464907
-0.4413
-0.415626
-0.389026
-0.362512
-0.336839
-0.312487
-0.289701
-0.268558
-0.535507
-0.524148
-0.514262
-0.500915
-0.483422
-0.462053
-0.43755
-0.411049
-0.383756
-0.3567
-0.330629
-0.534017
-0.522746
-0.512686
-0.498876
-0.480675
-0.458458
-0.433092
-0.405812
-0.531709
-0.52055
-0.510319
-0.496047
-0.477145
-0.528552
-0.51753
-0.507131
-0.524517
-0.522746
-0.526864
-0.530108
-0.532504
-0.534086
-0.46916
-0.21383
-0.218533
-0.22307
-0.227447
-0.231666
-0.206548
-0.21119
-0.215681
-0.220027
-0.224231
-0.199587
-0.204151
-0.208581
-0.212881
-0.217054
-0.192934
-0.197417
-0.201782
-0.206031
-0.210166
-0.186586
-0.190985
-0.195278
-0.199467
-0.203555
-0.180529
-0.184838
-0.189053
-0.193175
-0.197207
-0.174745
-0.178961
-0.183093
-0.187143
-0.191111
-0.169219
-0.173341
-0.177387
-0.181359
-0.185259
-0.16394
-0.167964
-0.171921
-0.175812
-0.179639
-0.158894
-0.162819
-0.166685
-0.170492
-0.174242
-0.15407
-0.157896
-0.161668
-0.165389
-0.169058
-0.149457
-0.153183
-0.156862
-0.160494
-0.16408
-0.145047
-0.148672
-0.152256
-0.155798
-0.1593
-0.140829
-0.144354
-0.147842
-0.151294
-0.154709
-0.136794
-0.14022
-0.143613
-0.146973
-0.150302
-0.132935
-0.136262
-0.13956
-0.142829
-0.14607
-0.129243
-0.132473
-0.135676
-0.138854
-0.142008
-0.125711
-0.128844
-0.131954
-0.135042
-0.138108
-0.122332
-0.12537
-0.128388
-0.131386
-0.134364
-0.119098
-0.122043
-0.12497
-0.127879
-0.130771
-0.116004
-0.118856
-0.121694
-0.124515
-0.127322
-0.113041
-0.115804
-0.118553
-0.121289
-0.124012
-0.110205
-0.11288
-0.115543
-0.118195
-0.120834
-0.10749
-0.110079
-0.112658
-0.115226
-0.117784
-0.10489
-0.107396
-0.109892
-0.112379
-0.114857
-0.102401
-0.104825
-0.10724
-0.109648
-0.112048
-0.100017
-0.102361
-0.104698
-0.107028
-0.109351
-0.0977331
-0.0999996
-0.10226
-0.104514
-0.106762
-0.0955448
-0.0977362
-0.0999222
-0.102103
-0.104278
-0.0934481
-0.0955666
-0.0976803
-0.0997893
-0.101893
-0.0914393
-0.0934872
-0.0955308
-0.0975701
-0.0996051
-0.0895158
-0.091495
-0.0934704
-0.0954421
-0.0974098
-0.0876727
-0.0895855
-0.091495
-0.0934011
-0.0953036
-0.0859075
-0.0877561
-0.0896018
-0.0914444
-0.0932838
-0.084217
-0.0860038
-0.0877878
-0.0895689
-0.0913472
-0.0825983
-0.0843254
-0.0860499
-0.0877718
-0.089491
-0.0810496
-0.0827191
-0.0843862
-0.086051
-0.0877131
-0.0795675
-0.0811817
-0.0827937
-0.0844035
-0.0860108
-0.0781502
-0.0797115
-0.0812707
-0.0828277
-0.0843823
-0.0767966
-0.0783071
-0.0798156
-0.0813219
-0.0828258
-0.0755062
-0.0769678
-0.0784274
-0.079885
-0.0813403
-0.0742756
-0.0756906
-0.0771038
-0.0785148
-0.0799236
-0.0731049
-0.0744755
-0.0758442
-0.0772108
-0.0785752
-0.0719927
-0.0733209
-0.0746473
-0.0759716
-0.0772937
-0.0709383
-0.0722264
-0.0735126
-0.0747968
-0.0760787
-0.0699415
-0.0711915
-0.0724397
-0.0736857
-0.0749296
-0.0690018
-0.0702159
-0.0714281
-0.0726383
-0.0738461
-0.0681194
-0.0692997
-0.0704781
-0.0716544
-0.0728283
-0.0672944
-0.068443
-0.0695897
-0.0707343
-0.0718765
-0.0665274
-0.0676465
-0.0687636
-0.0698786
-0.0709912
-0.065819
-0.0669107
-0.0680004
-0.0690879
-0.0701731
-0.0651701
-0.0662366
-0.0673011
-0.0683634
-0.0694234
-0.0645826
-0.0656261
-0.0666676
-0.0677068
-0.0687436
-0.0640584
-0.0650811
-0.0661017
-0.0671201
-0.068136
-0.0635981
-0.0646023
-0.0656044
-0.0666042
-0.0676016
-0.0632071
-0.064195
-0.0651808
-0.0661644
-0.0671455
-0.062883
-0.0638572
-0.0648293
-0.0657991
-0.0667665
-0.0626388
-0.0636014
-0.0645618
-0.06552
-0.0664758
-0.062463
-0.0634175
-0.0643699
-0.0653201
-0.0662679
-0.0623824
-0.0633293
-0.0642741
-0.0652167
-0.066157
-0.175988
-0.181941
-0.187707
-0.19329
-0.19869
-0.203912
-0.208957
-0.169634
-0.175398
-0.180996
-0.186428
-0.191697
-0.196805
-0.201755
-0.163691
-0.169258
-0.174675
-0.179945
-0.185069
-0.190049
-0.194887
-0.158022
-0.163402
-0.168648
-0.173761
-0.178744
-0.1836
-0.188329
-0.152649
-0.157847
-0.162926
-0.167886
-0.172731
-0.177461
-0.182079
-0.147557
-0.15258
-0.157495
-0.162306
-0.167013
-0.171618
-0.176123
-0.142725
-0.147578
-0.152336
-0.157
-0.161571
-0.166051
-0.170442
-0.138138
-0.142827
-0.147431
-0.151951
-0.156388
-0.160745
-0.165021
-0.133784
-0.138313
-0.142767
-0.147146
-0.151452
-0.155685
-0.159847
-0.129648
-0.134022
-0.13833
-0.142571
-0.146747
-0.150859
-0.154907
-0.125716
-0.129941
-0.134107
-0.138214
-0.142263
-0.146254
-0.15019
-0.12198
-0.12606
-0.130088
-0.134063
-0.137987
-0.14186
-0.145683
-0.11843
-0.122369
-0.126262
-0.130109
-0.13391
-0.137667
-0.141378
-0.115056
-0.118858
-0.12262
-0.126342
-0.130022
-0.133663
-0.137265
-0.111846
-0.115516
-0.119151
-0.12275
-0.126313
-0.129841
-0.133335
-0.108789
-0.112332
-0.115845
-0.119325
-0.122774
-0.126191
-0.129578
-0.105879
-0.109301
-0.112693
-0.116058
-0.119396
-0.122705
-0.125988
-0.10311
-0.106414
-0.109691
-0.112944
-0.116172
-0.119375
-0.122555
-0.10048
-0.103667
-0.106831
-0.109974
-0.113095
-0.116195
-0.119274
-0.0979735
-0.101047
-0.104102
-0.107139
-0.110157
-0.113155
-0.116136
-0.0955883
-0.0985519
-0.101501
-0.104434
-0.107351
-0.110251
-0.113135
-0.0933099
-0.0961693
-0.0990162
-0.10185
-0.104669
-0.107474
-0.110264
-0.0911289
-0.0938942
-0.0966443
-0.0993813
-0.102106
-0.104818
-0.107518
-0.089056
-0.0917253
-0.0943809
-0.0970245
-0.0996571
-0.102279
-0.10489
-0.0870875
-0.0896608
-0.0922231
-0.0947754
-0.0973182
-0.0998517
-0.102376
-0.0852063
-0.0876882
-0.0901609
-0.0926252
-0.0950814
-0.0975294
-0.0999693
-0.0834108
-0.0858047
-0.0881908
-0.0905701
-0.0929423
-0.0953076
-0.0976657
-0.0817011
-0.0840085
-0.0863098
-0.0886062
-0.090897
-0.0931819
-0.0954606
-0.0800626
-0.0822889
-0.0845093
-0.0867262
-0.0889388
-0.0911461
-0.0933482
-0.0784853
-0.0806375
-0.0827852
-0.0849272
-0.0870642
-0.0891968
-0.0913248
-0.0769853
-0.0790634
-0.0811375
-0.0832064
-0.0852707
-0.0873309
-0.0893872
-0.0755613
-0.0775654
-0.0795663
-0.0815632
-0.0835566
-0.0855465
-0.0875329
-0.0741964
-0.0761303
-0.0780616
-0.0799898
-0.081915
-0.0838373
-0.0857565
-0.0728912
-0.0747582
-0.0766228
-0.0784849
-0.0803445
-0.0822015
-0.0840559
-0.0716432
-0.0734462
-0.0752468
-0.0770453
-0.0788417
-0.0806359
-0.0824277
-0.0704497
-0.0721912
-0.0739305
-0.0756679
-0.0774035
-0.0791373
-0.0808689
-0.0693119
-0.0709945
-0.072674
-0.074352
-0.0760289
-0.0777044
-0.079378
-0.0682174
-0.0698478
-0.071471
-0.0730924
-0.0747133
-0.0763331
-0.0779512
-0.0671799
-0.068746
-0.0703171
-0.0718874
-0.0734556
-0.0750221
-0.076587
-0.0661806
-0.0676988
-0.0692187
-0.0707376
-0.0722548
-0.0737703
-0.0752843
-0.0652358
-0.0667052
-0.0681749
-0.0696438
-0.0711115
-0.0725779
-0.0740428
-0.0643329
-0.0657556
-0.0671782
-0.0686001
-0.0700209
-0.0714406
-0.0728588
-0.0634742
-0.0648524
-0.0662303
-0.0676076
-0.0689838
-0.0703589
-0.0717326
-0.0626585
-0.0639944
-0.0653299
-0.0666647
-0.0679986
-0.0693313
-0.0706627
-0.0618854
-0.0631812
-0.0644765
-0.0657711
-0.0670648
-0.0683573
-0.0696486
-0.0611545
-0.0624124
-0.0636697
-0.0649263
-0.066182
-0.0674365
-0.0686897
-0.0604658
-0.0616879
-0.0629094
-0.0641302
-0.06535
-0.0665686
-0.067786
-0.0598191
-0.0610077
-0.0621957
-0.0633827
-0.0645688
-0.0657537
-0.0669373
-0.0592149
-0.0603723
-0.0615288
-0.0626842
-0.0638387
-0.064992
-0.066144
-0.0586531
-0.0597818
-0.0609092
-0.0620352
-0.0631602
-0.064284
-0.0654065
-0.0581364
-0.059237
-0.0603369
-0.0614358
-0.0625337
-0.0636302
-0.0647254
-0.0576648
-0.0587386
-0.0598128
-0.0608869
-0.0619599
-0.0630316
-0.0641017
-0.0572364
-0.0582884
-0.0593402
-0.0603914
-0.0614414
-0.0624901
-0.0635372
-0.0568568
-0.0578886
-0.0589199
-0.0599503
-0.0609796
-0.0620075
-0.0630338
-0.0565251
-0.0575389
-0.0585519
-0.059564
-0.0605748
-0.0615842
-0.0625921
-0.0562468
-0.0572447
-0.0582417
-0.0592377
-0.0602324
-0.0612257
-0.0622173
-0.0560179
-0.0570024
-0.0579859
-0.0589683
-0.0599494
-0.0609289
-0.0619069
-0.055854
-0.0568271
-0.0577993
-0.0587702
-0.0597398
-0.0607079
-0.0616742
-0.0557345
-0.0566999
-0.0576641
-0.058627
-0.0595885
-0.0605484
-0.0615066
-0.0557057
-0.0566637
-0.0576205
-0.0585761
-0.0595302
-0.0604827
-0.0614335
)
;

boundaryField
{
    inlet
    {
        type            zeroGradient;
    }
    outlet
    {
        type            fixedValue;
        value           nonuniform 0();
    }
    cylinder
    {
        type            zeroGradient;
    }
    top
    {
        type            symmetryPlane;
    }
    bottom
    {
        type            symmetryPlane;
    }
    defaultFaces
    {
        type            empty;
    }
    procBoundary22to5
    {
        type            processor;
        value           nonuniform List<scalar> 2(-0.517728 -0.511922);
    }
    procBoundary22to6
    {
        type            processor;
        value           nonuniform List<scalar> 7(-0.51588 -0.518986 -0.52127 -0.522764 -0.534884 -0.475204 -0.460566);
    }
    procBoundary22to7
    {
        type            processor;
        value           uniform -0.463082;
    }
    procBoundary22to21
    {
        type            processor;
        value           nonuniform List<scalar> 
87
(
-0.205846
-0.19183
-0.178535
-0.249033
-0.231045
-0.205846
-0.214482
-0.305998
-0.283024
-0.249033
-0.261763
-0.37788
-0.35034
-0.305998
-0.323923
-0.454103
-0.427912
-0.37788
-0.399906
-0.492398
-0.454103
-0.472808
-0.513656
-0.492398
-0.503094
-0.513656
-0.51958
-0.169848
-0.1637
-0.157973
-0.152507
-0.147329
-0.142426
-0.137776
-0.133364
-0.12918
-0.125208
-0.121433
-0.117846
-0.114442
-0.111212
-0.108142
-0.105216
-0.102425
-0.0997772
-0.0972683
-0.0948786
-0.0926075
-0.0904344
-0.0883497
-0.0863741
-0.0845035
-0.0827149
-0.0810079
-0.0793834
-0.07782
-0.0763381
-0.074909
-0.0735567
-0.0722612
-0.0710226
-0.0698385
-0.0687061
-0.0676257
-0.0665772
-0.0656224
-0.0646653
-0.0637674
-0.0629108
-0.0620963
-0.0613228
-0.0605897
-0.0598968
-0.0592437
-0.0586306
-0.0580577
-0.0575254
-0.0570355
-0.0565886
-0.0561831
-0.0558239
-0.0555104
-0.055248
-0.0550326
-0.0548797
-0.0547683
-0.0547464
)
;
    }
    procBoundary22to23
    {
        type            processor;
        value           nonuniform List<scalar> 
84
(
-0.462686
-0.454414
-0.44814
-0.44149
-0.439387
-0.439387
-0.43127
-0.42225
-0.415325
-0.415325
-0.403252
-0.390048
-0.375949
-0.360831
-0.360831
-0.345216
-0.329768
-0.314725
-0.300245
-0.283252
-0.283252
-0.269852
-0.2572
-0.245362
-0.235732
-0.228297
-0.221103
-0.214191
-0.207544
-0.20115
-0.195001
-0.189089
-0.183403
-0.177936
-0.172678
-0.167623
-0.162762
-0.15809
-0.153599
-0.149283
-0.145136
-0.141152
-0.137324
-0.133647
-0.130114
-0.126721
-0.123463
-0.120333
-0.117327
-0.11444
-0.111667
-0.109005
-0.106448
-0.103993
-0.101636
-0.0993737
-0.0972027
-0.0951199
-0.0931224
-0.0912073
-0.0893726
-0.0876155
-0.0859344
-0.0843273
-0.0827932
-0.08133
-0.0799372
-0.0786134
-0.0773582
-0.076171
-0.0750515
-0.0739998
-0.0730162
-0.0721013
-0.0712557
-0.0704807
-0.0697778
-0.0691494
-0.0685964
-0.0681241
-0.0677314
-0.0674291
-0.0672132
-0.0670949
)
;
    }
}


// ************************************************************************* //
