/*--------------------------------*- C++ -*----------------------------------*\
  =========                 |
  \\      /  F ield         | OpenFOAM: The Open Source CFD Toolbox
   \\    /   O peration     | Website:  https://openfoam.org
    \\  /    A nd           | Version:  7
     \\/     M anipulation  |
\*---------------------------------------------------------------------------*/
FoamFile
{
    version     2.0;
    format      ascii;
    class       volVectorField;
    location    "51";
    object      U;
}
// * * * * * * * * * * * * * * * * * * * * * * * * * * * * * * * * * * * * * //

dimensions      [0 1 -1 0 0 0 0];

internalField   nonuniform List<vector> 
1063
(
(0.971385 0.0412084 0)
(0.966364 0.0475793 0)
(0.961075 0.0546566 0)
(0.955547 0.0625191 0)
(0.949858 0.0712402 0)
(0.944048 0.0809055 0)
(0.938235 0.0915852 0)
(0.93247 0.103369 0)
(0.926934 0.116309 0)
(0.921669 0.130497 0)
(0.972105 0.0421062 0)
(0.967258 0.0485672 0)
(0.962174 0.0557309 0)
(0.956886 0.0636726 0)
(0.951478 0.0724619 0)
(0.945994 0.0821791 0)
(0.940562 0.0928885 0)
(0.935231 0.104672 0)
(0.930197 0.117574 0)
(0.925494 0.131674 0)
(0.972894 0.0430714 0)
(0.968232 0.0496331 0)
(0.963365 0.0568928 0)
(0.958327 0.0649222 0)
(0.95321 0.0737856 0)
(0.948058 0.0835571 0)
(0.943009 0.0942931 0)
(0.938111 0.106066 0)
(0.93357 0.118909 0)
(0.929412 0.132889 0)
(0.973746 0.044033 0)
(0.969281 0.0506928 0)
(0.964641 0.0580459 0)
(0.959864 0.0661595 0)
(0.955047 0.0750933 0)
(0.950236 0.0849147 0)
(0.945574 0.0956727 0)
(0.941108 0.10743 0)
(0.937056 0.12021 0)
(0.93343 0.134065 0)
(0.974654 0.0449692 0)
(0.970394 0.0517197 0)
(0.965992 0.0591569 0)
(0.961486 0.0673438 0)
(0.956978 0.0763352 0)
(0.952515 0.0861916 0)
(0.948246 0.0969548 0)
(0.944215 0.108678 0)
(0.940646 0.121374 0)
(0.937544 0.135083 0)
(0.975611 0.0458806 0)
(0.971567 0.0527142 0)
(0.967411 0.0602262 0)
(0.963185 0.0684749 0)
(0.958994 0.07751 0)
(0.954885 0.0873849 0)
(0.951012 0.0981342 0)
(0.947417 0.109801 0)
(0.944326 0.122388 0)
(0.941738 0.135925 0)
(0.976611 0.0467666 0)
(0.97279 0.0536757 0)
(0.968889 0.0612533 0)
(0.964951 0.0695526 0)
(0.961083 0.0786182 0)
(0.957334 0.0884958 0)
(0.95386 0.0992131 0)
(0.9507 0.110802 0)
(0.948082 0.123258 0)
(0.945998 0.136597 0)
(0.977652 0.0476239 0)
(0.974061 0.0546005 0)
(0.970421 0.0622341 0)
(0.966776 0.0705725 0)
(0.963237 0.0796551 0)
(0.959851 0.08952 0)
(0.956777 0.100187 0)
(0.95405 0.11168 0)
(0.951896 0.123983 0)
(0.950305 0.137101 0)
(0.978727 0.0484487 0)
(0.975373 0.0554844 0)
(0.971999 0.0631638 0)
(0.968653 0.0715295 0)
(0.965446 0.0806152 0)
(0.962426 0.0904516 0)
(0.95975 0.101052 0)
(0.957453 0.112428 0)
(0.955755 0.124558 0)
(0.954643 0.137435 0)
(0.979836 0.0492376 0)
(0.976722 0.0563235 0)
(0.973619 0.0640382 0)
(0.970575 0.0724188 0)
(0.967702 0.0814934 0)
(0.965049 0.0912854 0)
(0.962768 0.1018 0)
(0.960895 0.113043 0)
(0.959642 0.12498 0)
(0.958995 0.137597 0)
(0.980974 0.0499874 0)
(0.978105 0.0571141 0)
(0.975276 0.0648531 0)
(0.972537 0.073236 0)
(0.969998 0.0822852 0)
(0.967709 0.0920171 0)
(0.965819 0.10243 0)
(0.964364 0.113519 0)
(0.963542 0.125245 0)
(0.963345 0.137585 0)
(0.982139 0.0506947 0)
(0.979518 0.0578526 0)
(0.976966 0.0656045 0)
(0.974532 0.073977 0)
(0.972327 0.0829864 0)
(0.9704 0.0926425 0)
(0.968894 0.102936 0)
(0.967847 0.113856 0)
(0.967443 0.125352 0)
(0.967676 0.137399 0)
(0.983329 0.0513563 0)
(0.980958 0.0585354 0)
(0.978683 0.0662888 0)
(0.976555 0.0746379 0)
(0.974681 0.0835931 0)
(0.973112 0.0931579 0)
(0.971983 0.103316 0)
(0.971332 0.11405 0)
(0.97133 0.1253 0)
(0.971974 0.13704 0)
(0.984541 0.0519692 0)
(0.982422 0.0591591 0)
(0.980425 0.0669024 0)
(0.978601 0.0752151 0)
(0.977054 0.0841017 0)
(0.975836 0.0935602 0)
(0.975075 0.103566 0)
(0.974808 0.114099 0)
(0.975192 0.12509 0)
(0.976225 0.136509 0)
(0.985773 0.0525302 0)
(0.983907 0.0597205 0)
(0.982186 0.0674417 0)
(0.980664 0.0757051 0)
(0.979441 0.0845091 0)
(0.978567 0.0938466 0)
(0.978163 0.103686 0)
(0.978265 0.114003 0)
(0.979017 0.12472 0)
(0.980417 0.135809 0)
(0.987023 0.0530363 0)
(0.985409 0.0602163 0)
(0.983964 0.0679035 0)
(0.982741 0.0761048 0)
(0.981834 0.0848124 0)
(0.981296 0.0940148 0)
(0.981237 0.103674 0)
(0.981694 0.113761 0)
(0.982795 0.124193 0)
(0.984539 0.134942 0)
(0.988288 0.0534844 0)
(0.986926 0.0606434 0)
(0.985753 0.0682849 0)
(0.984824 0.0764113 0)
(0.984228 0.0850092 0)
(0.984016 0.0940629 0)
(0.98429 0.103528 0)
(0.985086 0.113374 0)
(0.986516 0.123511 0)
(0.98858 0.133911 0)
(0.989566 0.0538718 0)
(0.988453 0.0609991 0)
(0.987551 0.068583 0)
(0.986911 0.076622 0)
(0.986618 0.0850973 0)
(0.986721 0.0939895 0)
(0.987314 0.103248 0)
(0.988431 0.112842 0)
(0.99017 0.122675 0)
(0.992532 0.132722 0)
(0.990854 0.0541957 0)
(0.989989 0.0612803 0)
(0.989352 0.0687951 0)
(0.988995 0.0767347 0)
(0.988996 0.085075 0)
(0.989404 0.0937937 0)
(0.990302 0.102835 0)
(0.991722 0.112166 0)
(0.99375 0.121689 0)
(0.996385 0.131377 0)
(0.992148 0.0544533 0)
(0.991529 0.0614847 0)
(0.991153 0.0689189 0)
(0.991071 0.0767473 0)
(0.991357 0.0849409 0)
(0.992057 0.0934748 0)
(0.993245 0.102289 0)
(0.994951 0.11135 0)
(0.997248 0.120555 0)
(1.00013 0.129883 0)
(0.993448 0.0546423 0)
(0.993069 0.0616097 0)
(0.992948 0.0689523 0)
(0.993135 0.0766582 0)
(0.993696 0.0846941 0)
(0.994675 0.0930329 0)
(0.996138 0.101611 0)
(0.998111 0.110394 0)
(1.00066 0.119279 0)
(1.00377 0.128245 0)
(0.994748 0.0547602 0)
(0.994606 0.0616531 0)
(0.994735 0.0688933 0)
(0.995182 0.0764659 0)
(0.996007 0.0843339 0)
(0.997252 0.0924681 0)
(0.998974 0.100802 0)
(1.0012 0.109302 0)
(1.00397 0.117864 0)
(1.00729 0.126469 0)
(0.996046 0.0548047 0)
(0.996137 0.061613 0)
(0.996508 0.0687404 0)
(0.997206 0.0761695 0)
(0.998285 0.08386 0)
(0.999781 0.0917811 0)
(1.00175 0.0998648 0)
(1.0042 0.108077 0)
(1.00718 0.116314 0)
(1.01068 0.12456 0)
(0.99734 0.0547739 0)
(0.997657 0.0614875 0)
(0.998264 0.0684922 0)
(0.999202 0.0757682 0)
(1.00052 0.0832725 0)
(1.00226 0.0909731 0)
(1.00445 0.0988007 0)
(1.00711 0.106721 0)
(1.01028 0.114634 0)
(1.01395 0.122524 0)
(0.998625 0.0546659 0)
(0.999162 0.0612751 0)
(0.999996 0.0681476 0)
(1.00117 0.0752616 0)
(1.00272 0.0825717 0)
(1.00467 0.0900453 0)
(1.00708 0.0976125 0)
(1.00994 0.10524 0)
(1.01328 0.112829 0)
(1.01708 0.120367 0)
(0.999898 0.0544789 0)
(1.00065 0.0609744 0)
(1.0017 0.0677058 0)
(1.00309 0.0746495 0)
(1.00486 0.0817585 0)
(1.00703 0.0889996 0)
(1.00963 0.0963031 0)
(1.01266 0.103637 0)
(1.01615 0.110905 0)
(1.02008 0.118096 0)
(1.00116 0.0542116 0)
(1.00211 0.0605845 0)
(1.00338 0.0671664 0)
(1.00498 0.0739322 0)
(1.00695 0.0808339 0)
(1.00931 0.0878378 0)
(1.01209 0.0948754 0)
(1.01529 0.101915 0)
(1.01891 0.108865 0)
(1.02294 0.115717 0)
(1.0024 0.0538628 0)
(1.00355 0.0601045 0)
(1.00502 0.066529 0)
(1.00682 0.0731102 0)
(1.00898 0.0797991 0)
(1.01152 0.0865624 0)
(1.01447 0.0933327 0)
(1.01781 0.10008 0)
(1.02155 0.106717 0)
(1.02567 0.113235 0)
(1.00362 0.0534313 0)
(1.00496 0.0595338 0)
(1.00662 0.0657938 0)
(1.00861 0.0721841 0)
(1.01095 0.0786559 0)
(1.01366 0.0851759 0)
(1.01675 0.0916786 0)
(1.02022 0.0981358 0)
(1.02406 0.104464 0)
(1.02825 0.110657 0)
(1.00481 0.0529164 0)
(1.00634 0.0588722 0)
(1.00818 0.0649611 0)
(1.01034 0.0711552 0)
(1.01285 0.077406 0)
(1.01571 0.0836809 0)
(1.01894 0.0899167 0)
(1.02252 0.0960865 0)
(1.02644 0.102111 0)
(1.03069 0.107987 0)
(1.00598 0.0523175 0)
(1.00768 0.0581196 0)
(1.00969 0.0640313 0)
(1.01202 0.0700246 0)
(1.01468 0.0760516 0)
(1.01768 0.0820805 0)
(1.02103 0.0880506 0)
(1.0247 0.0939369 0)
(1.0287 0.0996649 0)
(1.033 0.105233 0)
(1.00712 0.0516342 0)
(1.00898 0.0572761 0)
(1.01115 0.0630054 0)
(1.01363 0.0687939 0)
(1.01644 0.0745949 0)
(1.01957 0.0803776 0)
(1.02302 0.0860842 0)
(1.02678 0.0916914 0)
(1.03083 0.0971296 0)
(1.03516 0.102399 0)
(1.00822 0.0508665 0)
(1.01024 0.0563422 0)
(1.01256 0.0618843 0)
(1.01519 0.0674649 0)
(1.01812 0.0730385 0)
(1.02136 0.0785756 0)
(1.0249 0.0840213 0)
(1.02873 0.0893544 0)
(1.03283 0.0945101 0)
(1.03718 0.0994898 0)
(1.00929 0.0500145 0)
(1.01146 0.0553185 0)
(1.01392 0.0606693 0)
(1.01667 0.0660394 0)
(1.01972 0.0713849 0)
(1.02306 0.0766776 0)
(1.02669 0.0818659 0)
(1.03058 0.0869304 0)
(1.03471 0.0918112 0)
(1.03907 0.096511 0)
(1.01032 0.0490783 0)
(1.01263 0.0542057 0)
(1.01522 0.0593618 0)
(1.01809 0.0645195 0)
(1.02125 0.0696368 0)
(1.02468 0.074687 0)
(1.02837 0.0796217 0)
(1.0323 0.0844236 0)
(1.03646 0.0890373 0)
(1.04082 0.093467 0)
(1.01131 0.0480585 0)
(1.01375 0.0530051 0)
(1.01646 0.0579634 0)
(1.01944 0.0629074 0)
(1.02269 0.0677969 0)
(1.02619 0.072607 0)
(1.02994 0.0772926 0)
(1.03392 0.0818381 0)
(1.03809 0.0861928 0)
(1.04244 0.0903621 0)
(1.01226 0.0469558 0)
(1.01482 0.0517176 0)
(1.01763 0.0564759 0)
(1.02071 0.0612054 0)
(1.02405 0.0658683 0)
(1.02762 0.0704411 0)
(1.03142 0.0748822 0)
(1.03542 0.0791778 0)
(1.0396 0.0832816 0)
(1.04393 0.0872001 0)
(1.01316 0.045771 0)
(1.01583 0.0503447 0)
(1.01875 0.0549011 0)
(1.02192 0.0594159 0)
(1.02532 0.0638536 0)
(1.02895 0.0681925 0)
(1.03279 0.0723941 0)
(1.03681 0.0764465 0)
(1.04098 0.0803077 0)
(1.0453 0.0839849 0)
(1.04971 0.0874248 0)
(1.01403 0.0445051 0)
(1.01679 0.0488879 0)
(1.0198 0.0532409 0)
(1.02305 0.0575413 0)
(1.02652 0.0617557 0)
(1.03019 0.0658643 0)
(1.03406 0.0698317 0)
(1.03809 0.0736478 0)
(1.04225 0.0772744 0)
(1.04654 0.0807197 0)
(1.05091 0.0839354 0)
(1.01484 0.0431593 0)
(1.0177 0.0473486 0)
(1.02079 0.0514974 0)
(1.02411 0.055584 0)
(1.02763 0.0595775 0)
(1.03134 0.0634596 0)
(1.03523 0.0671983 0)
(1.03926 0.0707849 0)
(1.04341 0.074185 0)
(1.04767 0.0774076 0)
(1.05199 0.0804089 0)
(1.01561 0.0417346 0)
(1.01855 0.0457286 0)
(1.02172 0.0496726 0)
(1.02509 0.0535464 0)
(1.02866 0.0573215 0)
(1.0324 0.0609814 0)
(1.0363 0.0644968 0)
(1.04033 0.0678607 0)
(1.04446 0.0710423 0)
(1.04868 0.074051 0)
(1.05295 0.0768475 0)
(1.01633 0.0402326 0)
(1.01935 0.0440295 0)
(1.02258 0.0477685 0)
(1.026 0.051431 0)
(1.02961 0.0549905 0)
(1.03338 0.0584324 0)
(1.03728 0.0617302 0)
(1.0413 0.0648782 0)
(1.04541 0.067849 0)
(1.04958 0.0706523 0)
(1.0538 0.0732529 0)
(1.01701 0.0386546 0)
(1.02009 0.042253 0)
(1.02337 0.0457873 0)
(1.02685 0.04924 0)
(1.03048 0.052587 0)
(1.03427 0.0558152 0)
(1.03817 0.0589009 0)
(1.04218 0.0618397 0)
(1.04625 0.0646071 0)
(1.05039 0.0672133 0)
(1.05454 0.0696266 0)
(1.01763 0.0370019 0)
(1.02078 0.040401 0)
(1.02411 0.0437308 0)
(1.02762 0.0469755 0)
(1.03128 0.0501131 0)
(1.03507 0.0531321 0)
(1.03897 0.0560112 0)
(1.04296 0.0587473 0)
(1.04701 0.0613186 0)
(1.05109 0.0637354 0)
(1.05519 0.0659697 0)
(1.01821 0.0352761 0)
(1.02141 0.0384751 0)
(1.02479 0.0416011 0)
(1.02833 0.0446397 0)
(1.032 0.0475711 0)
(1.0358 0.0503852 0)
(1.03969 0.0530631 0)
(1.04366 0.0556027 0)
(1.04767 0.0579849 0)
(1.05171 0.0602198 0)
(1.05575 0.0622826 0)
(1.01875 0.0334786 0)
(1.02199 0.0364769 0)
(1.0254 0.0393998 0)
(1.02897 0.0422343 0)
(1.03266 0.0449628 0)
(1.03645 0.0475763 0)
(1.04033 0.0500583 0)
(1.04427 0.0524074 0)
(1.04825 0.054607 0)
(1.05224 0.056667 0)
(1.05623 0.0585656 0)
(1.01924 0.0316109 0)
(1.02252 0.034408 0)
(1.02596 0.0371287 0)
(1.02954 0.0397612 0)
(1.03324 0.0422898 0)
(1.03704 0.0447069 0)
(1.0409 0.046998 0)
(1.04481 0.0491623 0)
(1.04875 0.0511855 0)
(1.05269 0.0530773 0)
(1.05662 0.0548184 0)
(1.01968 0.0296741 0)
(1.023 0.0322698 0)
(1.02646 0.0347891 0)
(1.03006 0.0372218 0)
(1.03376 0.0395536 0)
(1.03755 0.0417783 0)
(1.04139 0.0438831 0)
(1.04528 0.0458681 0)
(1.04918 0.0477207 0)
(1.05308 0.0494504 0)
(1.05695 0.0510402 0)
(1.02008 0.0276698 0)
(1.02343 0.0300637 0)
(1.02691 0.0323826 0)
(1.03052 0.0346172 0)
(1.03422 0.0367552 0)
(1.038 0.0387912 0)
(1.04183 0.0407142 0)
(1.04568 0.0425248 0)
(1.04954 0.0442122 0)
(1.05339 0.0457854 0)
(1.05721 0.0472297 0)
(1.02044 0.0255989 0)
(1.02381 0.0277908 0)
(1.02731 0.02991 0)
(1.03093 0.0319484 0)
(1.03463 0.0338953 0)
(1.03839 0.0357461 0)
(1.0422 0.0374914 0)
(1.04602 0.0391323 0)
(1.04984 0.0406594 0)
(1.05365 0.0420813 0)
(1.05742 0.0433852 0)
(1.02077 0.0234625 0)
(1.02415 0.0254521 0)
(1.02767 0.0273723 0)
(1.03128 0.0292161 0)
(1.03498 0.0309742 0)
(1.03873 0.0326429 0)
(1.04251 0.0342144 0)
(1.04631 0.0356896 0)
(1.05009 0.0370608 0)
(1.05386 0.0383361 0)
(1.05758 0.0395044 0)
(1.02105 0.0212615 0)
(1.02445 0.0230483 0)
(1.02797 0.02477 0)
(1.03159 0.0264205 0)
(1.03528 0.027992 0)
(1.03902 0.0294814 0)
(1.04278 0.0308822 0)
(1.04654 0.0321954 0)
(1.05029 0.0334148 0)
(1.05402 0.0345475 0)
(1.05769 0.0355844 0)
(1.02471 0.0205799 0)
(1.02824 0.0221033 0)
(1.03186 0.0235616 0)
(1.03554 0.0249482 0)
(1.03926 0.0262607 0)
(1.043 0.0274935 0)
(1.04673 0.028648 0)
(1.05045 0.0297189 0)
(1.05414 0.0307127 0)
(1.05777 0.0316216 0)
(1.02493 0.0180472 0)
(1.02847 0.0193722 0)
(1.03208 0.020639 0)
(1.03575 0.021842 0)
(1.03946 0.0229793 0)
(1.04318 0.0240465 0)
(1.04689 0.0250449 0)
(1.05058 0.0259701 0)
(1.05423 0.0268279 0)
(1.05782 0.0276119 0)
(1.02512 0.0154502 0)
(1.02866 0.0165763 0)
(1.03227 0.0176518 0)
(1.03593 0.018672 0)
(1.03962 0.0196355 0)
(1.04332 0.0205387 0)
(1.04701 0.0213829 0)
(1.05067 0.0221647 0)
(1.05429 0.0228889 0)
(1.05785 0.0235504 0)
(1.02528 0.0127886 0)
(1.02881 0.013715 0)
(1.03242 0.0145987 0)
(1.03607 0.0154363 0)
(1.03975 0.0162267 0)
(1.04343 0.016967 0)
(1.0471 0.0176585 0)
(1.05074 0.0182983 0)
(1.05433 0.0188907 0)
(1.05786 0.0194314 0)
(1.0254 0.0100619 0)
(1.02893 0.010787 0)
(1.03254 0.0114782 0)
(1.03618 0.0121328 0)
(1.03985 0.01275 0)
(1.04352 0.0133278 0)
(1.04717 0.0138671 0)
(1.05079 0.0143658 0)
(1.05436 0.0148273 0)
(1.05786 0.0152484 0)
(1.02549 0.00726924 0)
(1.02902 0.00779096 0)
(1.03262 0.008288 0)
(1.03627 0.00875845 0)
(1.03992 0.00920182 0)
(1.04358 0.00961661 0)
(1.04722 0.0100036 0)
(1.05082 0.0103613 0)
(1.05437 0.0106922 0)
(1.05786 0.010994 0)
(1.02555 0.00440945 0)
(1.02909 0.00472505 0)
(1.03268 0.00502559 0)
(1.03632 0.00530993 0)
(1.03997 0.0055778 0)
(1.04362 0.00582831 0)
(1.04725 0.00606194 0)
(1.05084 0.00627784 0)
(1.05438 0.0064775 0)
(1.05785 0.00665956 0)
(1.02558 0.00148131 0)
(1.02912 0.00158718 0)
(1.03271 0.00168798 0)
(1.03635 0.00178333 0)
(1.04 0.00187313 0)
(1.04364 0.00195709 0)
(1.04726 0.00203539 0)
(1.05085 0.00210773 0)
(1.05438 0.00217462 0)
(1.05785 0.0022356 0)
(0.881028 0.00171537 6.32081e-22)
(0.867543 0.00193984 -2.6967e-22)
(0.85304 0.00219235 9.85879e-24)
(0.837482 0.00247471 -8.40727e-22)
(0.820761 0.00279273 -5.26881e-22)
(0.951755 0.00208178 -4.41025e-22)
(0.943884 0.00238549 -4.05556e-22)
(0.935337 0.00272456 -3.57286e-22)
(0.926074 0.00310462 -7.37693e-23)
(0.916064 0.00352946 -2.50616e-22)
(0.905256 0.00400637 1.99447e-21)
(0.893613 0.00453987 -1.2217e-21)
(0.881075 0.00513939 8.31772e-22)
(0.867601 0.00581018 -1.22513e-21)
(0.85311 0.00656467 1.2219e-23)
(0.837569 0.00740823 5.14916e-22)
(0.820866 0.00835831 -1.9612e-21)
(0.951775 0.00346962 3.81997e-22)
(0.943909 0.00397576 -4.74909e-22)
(0.935368 0.00454073 4.83331e-22)
(0.926113 0.00517388 -1.12805e-21)
(0.916112 0.00588152 1.68222e-21)
(0.905316 0.00667576 -1.1035e-21)
(0.893688 0.00756414 -6.73721e-22)
(0.881167 0.00856234 -1.85166e-21)
(0.867715 0.00967907 -2.54591e-21)
(0.85325 0.0109351 7.97464e-22)
(0.837741 0.0123392 2.30648e-21)
(0.821077 0.0139204 4.43969e-22)
(0.951804 0.00485718 1.42168e-22)
(0.943945 0.00556569 -3.56641e-22)
(0.935414 0.00635646 1.05228e-21)
(0.926171 0.00724257 -9.15953e-23)
(0.916184 0.00823283 -2.73402e-21)
(0.905406 0.00934417 3.29566e-21)
(0.8938 0.0105871 -1.72247e-21)
(0.881306 0.0119835 1.79202e-21)
(0.867886 0.0135456 -4.07274e-21)
(0.85346 0.0153022 3.95109e-21)
(0.838 0.0172657 7.32706e-22)
(0.821392 0.0194768 -3.34345e-21)
(0.951842 0.00624436 1.79225e-21)
(0.943994 0.00715515 2.93719e-21)
(0.935476 0.00817159 -7.12744e-22)
(0.926248 0.00931048 -1.54114e-21)
(0.916281 0.0105831 3.49469e-21)
(0.905526 0.0120112 8.22235e-22)
(0.893949 0.0136082 -6.90312e-22)
(0.88149 0.0154022 -1.44173e-22)
(0.868113 0.0174087 -1.04025e-21)
(0.85374 0.0196649 3.24245e-21)
(0.838343 0.0221863 -1.19939e-21)
(0.821812 0.0250251 -3.81973e-21)
(0.95189 0.00763106 -4.10888e-21)
(0.944055 0.00874398 -3.51787e-22)
(0.935553 0.00998593 6.35375e-22)
(0.926344 0.0113774 1.20154e-22)
(0.916401 0.0129321 -1.23244e-21)
(0.905676 0.0146765 -4.51456e-22)
(0.894135 0.0166269 4.18664e-21)
(0.88172 0.0188178 -8.26989e-21)
(0.868398 0.0212676 -3.18787e-21)
(0.85409 0.0240219 9.90262e-21)
(0.838773 0.0270991 2.93339e-21)
(0.822337 0.0305631 -4.68518e-21)
(0.951947 0.00901716 -1.10811e-21)
(0.944128 0.0103321 3.05129e-22)
(0.935645 0.0117993 1.60428e-21)
(0.92646 0.0134431 -2.21373e-21)
(0.916546 0.0152794 1.08372e-21)
(0.905856 0.0173397 -2.24178e-21)
(0.894359 0.0196428 -1.58845e-21)
(0.881996 0.0222295 1.93481e-21)
(0.868738 0.0251213 -1.10888e-21)
(0.854508 0.0283719 -3.38026e-21)
(0.839287 0.0320025 2.92762e-22)
(0.822965 0.0360885 5.58436e-22)
(0.952015 0.0104026 2.18868e-21)
(0.944213 0.0119193 -2.47843e-21)
(0.935752 0.0136116 -2.9541e-21)
(0.926594 0.0155073 2.64102e-21)
(0.916714 0.0176248 2.97038e-21)
(0.906065 0.0200003 -1.56751e-21)
(0.894619 0.0226553 8.06645e-21)
(0.882318 0.0256367 3.78024e-21)
(0.869136 0.0289688 -7.18063e-21)
(0.854997 0.0327136 -4.47504e-21)
(0.839887 0.0368948 1.58338e-20)
(0.823698 0.0415991 -1.34922e-21)
(0.952091 0.0117872 -3.07159e-21)
(0.94431 0.0135055 4.6082e-21)
(0.935875 0.0154226 6.64326e-22)
(0.926748 0.0175699 3.36989e-21)
(0.916907 0.0199681 -2.06624e-22)
(0.906304 0.0226581 -3.14859e-21)
(0.894916 0.0256639 -9.63185e-23)
(0.882685 0.0290387 1.38598e-21)
(0.869589 0.0328093 -3.71032e-21)
(0.855554 0.0370459 3.70242e-21)
(0.840571 0.0417742 -1.15488e-20)
(0.824534 0.0470927 6.22797e-21)
(0.952177 0.0131708 2.77581e-21)
(0.944419 0.0150905 -1.45036e-21)
(0.936013 0.0172322 4.95847e-22)
(0.926921 0.0196306 -4.84478e-21)
(0.917123 0.0223089 -4.16709e-21)
(0.906573 0.0253126 3.27327e-21)
(0.89525 0.0286682 -3.19311e-21)
(0.883098 0.0324348 8.28587e-21)
(0.870099 0.0366418 4.40488e-21)
(0.85618 0.0413675 -1.39067e-20)
(0.84134 0.0466392 -2.77515e-22)
(0.825473 0.052567 1.85345e-20)
(0.952273 0.0145535 2.58585e-21)
(0.944541 0.0166743 -6.73018e-21)
(0.936166 0.0190401 -2.6987e-21)
(0.927113 0.0216892 2.66355e-21)
(0.917363 0.024647 3.63336e-21)
(0.906872 0.0279634 -1.81853e-21)
(0.895621 0.0316675 9.44877e-21)
(0.883556 0.0358243 -9.3571e-21)
(0.870665 0.0404654 -1.53353e-20)
(0.856875 0.0456771 1.26452e-20)
(0.842194 0.0514882 -7.96023e-21)
(0.826515 0.0580198 -8.30891e-21)
(0.952379 0.0159351 -4.15457e-21)
(0.944674 0.0182567 1.07066e-20)
(0.936334 0.0208463 -3.1054e-21)
(0.927324 0.0237455 3.61489e-21)
(0.917627 0.0269821 -1.64401e-23)
(0.9072 0.0306104 -2.59073e-21)
(0.896028 0.0346615 -2.11041e-22)
(0.884059 0.0392067 -8.16527e-21)
(0.871286 0.0442793 2.18499e-20)
(0.857638 0.0499737 -4.88078e-21)
(0.843131 0.0563193 9.61842e-21)
(0.827659 0.063449 -1.31598e-20)
(0.952494 0.0173154 5.79922e-21)
(0.94482 0.0198376 -9.66183e-21)
(0.936518 0.0226505 3.02604e-22)
(0.927554 0.0257994 8.68331e-21)
(0.917915 0.0293139 -1.13375e-21)
(0.907558 0.0332529 2.44813e-22)
(0.896473 0.0376497 -8.8391e-21)
(0.884608 0.0425813 9.21538e-22)
(0.871963 0.0480826 1.98391e-20)
(0.85847 0.054256 -8.33579e-21)
(0.844152 0.0611312 2.82496e-21)
(0.828905 0.0688524 1.84905e-20)
(0.952618 0.0186944 -7.57698e-21)
(0.944977 0.0214168 -1.15108e-21)
(0.936717 0.0244527 3.3575e-21)
(0.927803 0.0278505 -1.03466e-20)
(0.918226 0.0316422 6.54239e-22)
(0.907945 0.0358909 -2.2859e-21)
(0.896953 0.0406316 -6.94146e-21)
(0.885202 0.0459474 7.1489e-21)
(0.872696 0.0518743 -2.01245e-20)
(0.85937 0.0585229 3.90125e-21)
(0.845256 0.0659222 8.12151e-21)
(0.830253 0.0742279 -2.85052e-21)
(0.952752 0.020072 6.79716e-21)
(0.945147 0.0229942 -5.77599e-22)
(0.936931 0.0262526 -5.37423e-22)
(0.928072 0.0298988 -1.39183e-21)
(0.918561 0.0339668 -8.667e-21)
(0.908361 0.0385238 4.38731e-22)
(0.89747 0.0436068 1.99121e-20)
(0.88584 0.0493044 -1.09865e-20)
(0.873484 0.0556538 6.13191e-21)
(0.860337 0.0627732 -8.98516e-21)
(0.846443 0.0706907 3.97427e-21)
(0.8317 0.0795735 2.78513e-21)
(0.952896 0.021448 -9.07427e-22)
(0.945329 0.0245697 1.42658e-21)
(0.93716 0.0280502 -2.2799e-21)
(0.928359 0.0319441 -4.58855e-21)
(0.91892 0.0362873 -1.3539e-21)
(0.908807 0.0411513 1.03113e-20)
(0.898024 0.0465748 -1.02714e-21)
(0.886524 0.0526518 7.48913e-21)
(0.874327 0.05942 1.01574e-20)
(0.861372 0.0670057 2.49372e-21)
(0.847712 0.0754352 -1.146e-20)
(0.833248 0.0848871 2.35716e-20)
(0.953049 0.0228224 1.28568e-21)
(0.945523 0.0261432 2.59781e-21)
(0.937405 0.0298452 2.81903e-21)
(0.928665 0.033986 -8.83488e-22)
(0.919303 0.0386036 -9.96598e-21)
(0.909283 0.0437732 7.9167e-21)
(0.898614 0.0495352 -7.98756e-21)
(0.887252 0.0559889 7.0548e-21)
(0.875225 0.0631724 -4.71675e-21)
(0.862473 0.0712195 -7.95837e-21)
(0.849064 0.0801542 2.08016e-21)
(0.953212 0.0241951 -5.4363e-21)
(0.94573 0.0277146 5.02737e-21)
(0.937665 0.0316376 2.36754e-22)
(0.92899 0.0360246 -4.48793e-21)
(0.919709 0.0409154 8.37107e-21)
(0.909787 0.0463892 -7.71751e-21)
(0.89924 0.0524875 -1.87352e-21)
(0.888025 0.0593151 -2.77436e-21)
(0.876178 0.0669099 -3.40609e-21)
(0.863642 0.0754134 1.51481e-20)
(0.850496 0.0848462 -4.64669e-21)
(0.953385 0.0255659 -8.34501e-21)
(0.945948 0.0292837 1.78713e-20)
(0.93794 0.0334272 -3.83094e-21)
(0.929335 0.0380595 -8.74806e-21)
(0.920139 0.0432225 -4.78169e-21)
(0.910321 0.0489988 3.08732e-21)
(0.899902 0.0554315 6.73273e-22)
(0.888842 0.0626299 1.52405e-20)
(0.877185 0.070632 -7.84983e-22)
(0.864877 0.0795863 -2.73157e-20)
(0.85201 0.0895098 1.04018e-21)
(0.960395 0.0234268 -1.26262e-21)
(0.953568 0.0269348 4.54692e-21)
(0.946179 0.0308505 1.01354e-20)
(0.938231 0.0352138 5.15946e-21)
(0.929698 0.0400906 2.5946e-21)
(0.920593 0.0455247 -9.16949e-21)
(0.910885 0.0516019 7.41837e-21)
(0.9006 0.0583665 -3.45691e-21)
(0.889703 0.0659328 -9.43483e-21)
(0.878247 0.0743378 4.20824e-21)
(0.866179 0.0837373 -3.38378e-21)
(0.853605 0.0941434 -2.07611e-21)
(0.960546 0.0246163 -9.38107e-21)
(0.95376 0.0283017 -1.19837e-21)
(0.946422 0.0324147 1.69647e-21)
(0.938537 0.0369973 -3.44865e-21)
(0.930081 0.0421178 -1.17614e-20)
(0.92107 0.0478217 2.47829e-21)
(0.911477 0.0541981 7.36282e-21)
(0.901335 0.0612924 -3.03462e-21)
(0.890609 0.0692232 8.21331e-22)
(0.879363 0.0780265 2.55361e-21)
(0.867547 0.0878652 1.43431e-20)
(0.85528 0.0987458 -1.15032e-20)
(0.960705 0.0258039 -3.81813e-21)
(0.953963 0.0296665 -4.95168e-21)
(0.946678 0.0339764 3.57067e-21)
(0.938858 0.0387777 -7.76145e-21)
(0.930483 0.0441409 1.06718e-20)
(0.921572 0.0501134 -9.02933e-21)
(0.912099 0.0567872 1.51793e-20)
(0.902106 0.0642087 -2.47327e-20)
(0.891559 0.0725005 7.91236e-21)
(0.880534 0.0816976 1.7674e-21)
(0.86898 0.0919691 1.91723e-20)
(0.857036 0.103316 -1.50116e-20)
(0.960872 0.0269897 2.09078e-21)
(0.954175 0.031029 6.47944e-21)
(0.946946 0.0355354 -2.11359e-22)
(0.939195 0.0405547 -2.82586e-21)
(0.930904 0.0461596 -1.68095e-21)
(0.922097 0.0523995 1.45405e-20)
(0.912751 0.0593689 -1.10222e-20)
(0.902913 0.0671151 1.22056e-20)
(0.892554 0.0757643 -1.35825e-20)
(0.881759 0.0853502 7.72267e-21)
(0.87048 0.0960479 6.61385e-21)
(0.858871 0.107851 2.84626e-21)
(0.961047 0.0281735 1.07954e-20)
(0.954398 0.0323893 -8.0993e-21)
(0.947227 0.0370916 -3.9169e-21)
(0.939549 0.0423282 3.1442e-21)
(0.931346 0.048174 -1.46086e-20)
(0.922647 0.0546799 -2.54436e-21)
(0.913433 0.0619428 7.7645e-21)
(0.903757 0.0700111 5.41236e-21)
(0.893594 0.079014 -1.74271e-20)
(0.883038 0.0889838 1.62105e-20)
(0.872045 0.100101 1.36765e-21)
(0.860786 0.112352 2.09417e-20)
(0.96123 0.0293552 -2.74237e-21)
(0.954631 0.033747 3.18787e-21)
(0.947522 0.0386448 5.43947e-21)
(0.939918 0.0440981 4.74743e-21)
(0.931807 0.0501838 -6.7314e-21)
(0.923222 0.0569544 6.82652e-21)
(0.914145 0.0645089 -9.61745e-21)
(0.904639 0.0728966 -1.30337e-20)
(0.894679 0.0822492 -6.45981e-21)
(0.884372 0.0925976 4.40778e-20)
(0.873677 0.104127 -5.60036e-20)
(0.86278 0.116816 -4.7984e-21)
(0.961423 0.0305347 6.20794e-21)
(0.954875 0.0351023 -2.72968e-21)
(0.947829 0.040195 1.51069e-21)
(0.940304 0.0458643 3.15824e-21)
(0.932289 0.0521888 -4.50244e-22)
(0.923822 0.0592227 5.94594e-21)
(0.914888 0.0670667 2.19637e-20)
(0.905557 0.075771 -3.22392e-20)
(0.895809 0.0854694 -3.922e-22)
(0.885762 0.0961911 -1.27406e-20)
(0.875375 0.108125 6.45085e-21)
(0.961624 0.031712 -7.85393e-21)
(0.955131 0.0364549 -5.73922e-21)
(0.948151 0.041742 -5.10182e-21)
(0.940708 0.0476266 6.91847e-21)
(0.932793 0.0541889 -8.70272e-21)
(0.924447 0.0614847 2.17918e-20)
(0.915663 0.0696161 -7.8474e-21)
(0.906514 0.0786342 -3.92167e-20)
(0.896986 0.0886741 4.04166e-20)
(0.887207 0.0997636 6.80832e-21)
(0.87714 0.112094 -2.07447e-20)
(0.961835 0.0328868 -3.95438e-21)
(0.955398 0.0378047 2.83619e-21)
(0.948488 0.0432857 4.48354e-21)
(0.941129 0.0493849 7.94687e-21)
(0.933318 0.0561839 -7.05769e-21)
(0.9251 0.0637402 2.78898e-22)
(0.91647 0.0721568 -1.42564e-20)
(0.907511 0.0814858 1.91655e-20)
(0.89821 0.0918629 -8.13731e-21)
(0.888709 0.103315 4.49172e-21)
(0.878973 0.116034 -2.89895e-22)
(0.962056 0.0340592 3.18272e-21)
(0.955678 0.0391516 9.97257e-21)
(0.94884 0.0448259 -7.6227e-21)
(0.94157 0.051139 -2.23716e-21)
(0.933867 0.0581736 -5.73005e-21)
(0.925781 0.0659889 1.866e-20)
(0.917312 0.0746886 4.96013e-21)
(0.908548 0.0843254 -1.50417e-20)
(0.899483 0.0950354 1.32405e-20)
(0.89027 0.106843 -9.09428e-21)
(0.880875 0.119943 1.24111e-20)
(0.962288 0.0352289 -2.52838e-21)
(0.955972 0.0404954 -8.57166e-21)
(0.949209 0.0463625 -5.26406e-21)
(0.942031 0.0528888 5.42619e-21)
(0.93444 0.0601579 1.31659e-20)
(0.926491 0.0682306 5.96348e-21)
(0.918189 0.0772111 8.95976e-21)
(0.909628 0.0871527 5.48841e-21)
(0.900808 0.0981911 -4.09134e-20)
(0.891891 0.110349 1.97974e-20)
(0.882849 0.123821 2.96516e-21)
(0.962531 0.0363957 -9.50214e-21)
(0.95628 0.041836 -3.76604e-21)
(0.949595 0.0478952 2.85104e-21)
(0.942514 0.0546339 -7.27048e-21)
(0.93504 0.0621365 -9.67495e-21)
(0.927234 0.0704652 1.48651e-20)
(0.919104 0.0797242 -5.05099e-21)
(0.910754 0.0899675 -3.07556e-21)
(0.902186 0.101329 2.6672e-21)
(0.893575 0.113832 7.89878e-21)
(0.884898 0.127667 -3.65644e-20)
(0.962789 0.0375595 1.01907e-20)
(0.956604 0.0431731 -7.23172e-21)
(0.950002 0.0494239 8.13142e-22)
(0.943021 0.0563742 7.74089e-21)
(0.935669 0.0641091 -1.11865e-20)
(0.928011 0.0726921 1.2202e-20)
(0.920061 0.0822273 -9.82468e-22)
(0.911928 0.0927691 4.48052e-21)
(0.903622 0.10445 -2.75908e-20)
(0.895327 0.117291 7.19236e-21)
(0.887024 0.131479 -9.07433e-21)
(0.963061 0.0387201 -6.94162e-21)
(0.956947 0.0445064 1.04852e-20)
(0.950431 0.0509483 1.68031e-21)
(0.943555 0.0581093 -4.40002e-21)
(0.93633 0.0660754 1.35006e-21)
(0.928828 0.0749112 -9.59279e-21)
(0.921064 0.0847202 1.52971e-20)
(0.913157 0.0955573 -5.45081e-21)
(0.905121 0.107553 9.41386e-21)
(0.897152 0.120725 -2.0134e-20)
(0.889236 0.135258 1.35785e-20)
(0.96335 0.0398773 -3.17631e-21)
(0.957312 0.045836 -7.37812e-21)
(0.950887 0.0524683 -1.07403e-20)
(0.944121 0.0598393 1.15387e-20)
(0.937029 0.0680354 3.58287e-21)
(0.929688 0.0771224 -1.62844e-20)
(0.922119 0.0872028 6.14485e-21)
(0.914446 0.098332 1.80164e-20)
(0.906691 0.110637 -3.26692e-20)
(0.899058 0.124135 3.22001e-20)
(0.96366 0.0410307 -3.44126e-22)
(0.957701 0.0471612 -8.07338e-21)
(0.951372 0.0539833 3.00362e-21)
(0.944722 0.0615635 -3.1045e-21)
(0.937771 0.0699885 9.36745e-21)
(0.930599 0.079325 -1.48319e-20)
(0.923234 0.0896747 1.02154e-20)
(0.915805 0.101093 -2.32528e-20)
(0.908342 0.113702 1.47984e-20)
(0.901056 0.127519 -1.83856e-20)
(0.963993 0.0421781 -4.57312e-21)
(0.958119 0.0484797 -9.13212e-21)
(0.951893 0.0554905 2.38152e-21)
(0.945367 0.0632786 7.78432e-21)
(0.938565 0.0719309 -2.1912e-21)
(0.931572 0.081515 8.3217e-21)
(0.92442 0.092131 3.78617e-21)
(0.917248 0.103834 -1.57778e-21)
(0.910088 0.116743 3.11261e-20)
(0.903164 0.130872 -2.2443e-20)
(0.964355 0.0433175 3.31425e-21)
(0.958573 0.0497886 3.37143e-22)
(0.952456 0.0569866 -5.39766e-21)
(0.946063 0.0649806 -8.80194e-22)
(0.93942 0.0738578 2.80825e-21)
(0.932618 0.0836865 1.43566e-20)
(0.925693 0.0945653 -1.54479e-20)
(0.91879 0.106549 -3.54453e-21)
(0.91195 0.119751 1.04949e-20)
(0.905403 0.134186 1.23779e-20)
(0.964752 0.044463 -4.33608e-21)
(0.959069 0.0511047 -5.50108e-21)
(0.953073 0.0584907 4.37918e-21)
(0.946823 0.0666915 7.72404e-21)
(0.940352 0.0757942 -3.00779e-21)
(0.933754 0.0858678 -1.21953e-20)
(0.927073 0.0970088 -6.95246e-21)
(0.920459 0.109272 2.09925e-20)
(0.913957 0.122765 -6.83168e-21)
(0.907808 0.1375 -1.02747e-20)
(0.965193 0.0456468 -5.96278e-21)
(0.95962 0.0524672 -4.16919e-21)
(0.953755 0.06005 1.67245e-20)
(0.947664 0.068467 -7.46083e-21)
(0.94138 0.0778047 -1.40514e-20)
(0.935007 0.0881325 1.96671e-20)
(0.92859 0.0995443 -7.01135e-22)
(0.922289 0.112094 1.03999e-20)
(0.916152 0.125882 -4.73449e-21)
(0.910431 0.140919 -2.47174e-20)
(0.96569 0.046769 -1.55006e-21)
(0.960241 0.0537575 2.3005e-21)
(0.954523 0.0615253 4.87913e-21)
(0.948609 0.070145 2.4157e-21)
(0.942536 0.0797026 3.89047e-21)
(0.936413 0.0902675 1.23488e-21)
(0.93029 0.101931 -1.81536e-20)
(0.924336 0.114744 7.52191e-21)
(0.9186 0.128801 -2.15636e-21)
(0.913349 0.14411 -6.61096e-22)
)
;

boundaryField
{
    inlet
    {
        type            uniformFixedValue;
        uniformValue    constant (1 0 0);
        value           nonuniform 0();
    }
    outlet
    {
        type            pressureInletOutletVelocity;
        value           nonuniform 0();
    }
    cylinder
    {
        type            fixedValue;
        value           nonuniform 0();
    }
    top
    {
        type            symmetryPlane;
    }
    bottom
    {
        type            symmetryPlane;
    }
    defaultFaces
    {
        type            empty;
    }
    procBoundary17to1
    {
        type            processor;
        value           nonuniform List<vector> 
13
(
(0.951746 0.000693785 2.43922e-22)
(0.943872 0.000795008 -5.71093e-23)
(0.935322 0.000908123 3.90731e-22)
(0.926055 0.00103502 5.55961e-22)
(0.916039 0.00117696 8.48838e-23)
(0.905225 0.00133638 4.35367e-22)
(0.893576 0.00151481 -1.12104e-22)
(0.893576 0.00151481 -1.12104e-22)
(0.881028 -0.001709 1.8019e-22)
(0.867543 -0.00193098 -7.2708e-22)
(0.853039 -0.00218061 -4.01411e-22)
(0.837482 -0.00245968 2.8974e-22)
(0.82076 -0.00277401 -7.67325e-22)
)
;
    }
    procBoundary17to16
    {
        type            processor;
        value           nonuniform List<vector> 
102
(
(0.976087 0.0354738 0)
(0.970846 0.0404812 -1.96365e-21)
(0.97666 0.0362798 0)
(0.97729 0.0371429 0)
(0.977973 0.0380041 0)
(0.978702 0.0388462 0)
(0.979471 0.0396696 0)
(0.980277 0.0404735 0)
(0.981115 0.0412552 0)
(0.981983 0.0420114 0)
(0.982879 0.0427392 0)
(0.983801 0.0434357 0)
(0.984746 0.0440981 0)
(0.985712 0.0447235 0)
(0.986699 0.045309 0)
(0.987705 0.0458518 0)
(0.988727 0.0463492 0)
(0.989764 0.0467983 0)
(0.990814 0.0471964 0)
(0.991875 0.047541 0)
(0.992945 0.0478292 0)
(0.99402 0.0480588 0)
(0.9951 0.0482271 0)
(0.996181 0.048332 0)
(0.99726 0.0483713 0)
(0.998336 0.0483429 0)
(0.999405 0.0482449 0)
(1.00046 0.0480757 0)
(1.00151 0.0478336 0)
(1.00254 0.0475174 0)
(1.00356 0.0471259 0)
(1.00455 0.0466582 0)
(1.00553 0.0461134 0)
(1.00647 0.045491 0)
(1.00739 0.0447908 0)
(1.00828 0.0440124 0)
(1.00914 0.043156 0)
(1.00997 0.0422217 0)
(1.01076 0.0412101 0)
(1.01151 0.0401215 0)
(1.01223 0.0389568 0)
(1.0129 0.0377167 0)
(1.01354 0.0364023 0)
(1.01414 0.0350146 0)
(1.0147 0.0335546 0)
(1.01522 0.0320236 0)
(1.0157 0.0304228 0)
(1.01614 0.0287535 0)
(1.01654 0.0270167 0)
(1.01691 0.0252138 0)
(1.01724 0.0233457 0)
(1.01753 0.0214136 0)
(1.01779 0.0194184 0)
(1.0213 0.0189966 0)
(1.0213 0.0189966 0)
(1.02151 0.0166683 0)
(1.02169 0.0142769 0)
(1.02184 0.0118225 0)
(1.02196 0.00930506 0)
(1.02205 0.00672428 0)
(1.02211 0.00407965 0)
(1.02214 0.00137065 0)
(0.958976 0.00181023 6.76227e-22)
(0.958991 0.00301696 -1.0744e-21)
(0.959014 0.00422347 6.47031e-22)
(0.959044 0.00542968 5.08005e-22)
(0.959081 0.00663549 -4.57141e-21)
(0.959126 0.00784082 4.75816e-21)
(0.959178 0.00904559 -1.04927e-21)
(0.959238 0.0102497 -2.29899e-21)
(0.959306 0.0114531 -4.25904e-21)
(0.959381 0.0126556 -7.33565e-21)
(0.959463 0.0138573 2.45007e-21)
(0.959553 0.0150579 -1.69703e-21)
(0.95965 0.0162574 -6.8677e-21)
(0.959755 0.0174558 6.42454e-21)
(0.959868 0.0186529 -8.08536e-21)
(0.959988 0.0198486 -1.42779e-21)
(0.960116 0.0210429 5.02999e-21)
(0.960251 0.0222357 -1.2303e-20)
(0.960251 0.0222357 -1.2303e-20)
(0.96668 0.020275 7.30278e-21)
(0.966797 0.0213049 4.34407e-21)
(0.966921 0.0223332 -7.04015e-21)
(0.967051 0.0233599 3.71008e-21)
(0.967188 0.0243849 1.06138e-20)
(0.967331 0.0254082 -1.15275e-20)
(0.967481 0.0264295 1.10292e-20)
(0.967639 0.0274489 -6.9595e-21)
(0.967804 0.0284662 2.13522e-21)
(0.967977 0.0294814 7.74134e-21)
(0.968158 0.0304941 -4.21019e-21)
(0.96835 0.0315044 -6.01043e-21)
(0.968551 0.0325121 3.39663e-21)
(0.968765 0.0335168 -6.72153e-21)
(0.968993 0.0345186 -9.09422e-21)
(0.969237 0.035517 3.24937e-21)
(0.969501 0.0365102 -3.08152e-21)
(0.969787 0.0374967 2.33453e-22)
(0.970102 0.0384882 -1.53073e-21)
(0.970451 0.0395108 -4.5675e-21)
(0.970846 0.0404812 -1.96365e-21)
)
;
    }
    procBoundary17to18
    {
        type            processor;
        value           nonuniform List<vector> 
105
(
(0.916962 0.14594 0)
(0.916962 0.14594 0)
(0.921431 0.14697 0)
(0.925965 0.147988 0)
(0.930577 0.148965 0)
(0.935262 0.149763 0)
(0.940008 0.150355 0)
(0.944798 0.150751 0)
(0.949614 0.150957 0)
(0.95444 0.150971 0)
(0.959257 0.150795 0)
(0.964048 0.150428 0)
(0.968796 0.149874 0)
(0.973487 0.149135 0)
(0.978106 0.148214 0)
(0.98264 0.147117 0)
(0.987078 0.145848 0)
(0.991409 0.144412 0)
(0.995625 0.142816 0)
(0.999718 0.141065 0)
(1.00368 0.139168 0)
(1.00751 0.137129 0)
(1.01119 0.134957 0)
(1.01473 0.132659 0)
(1.01812 0.130241 0)
(1.02136 0.127711 0)
(1.02445 0.125075 0)
(1.02738 0.12234 0)
(1.03016 0.119514 0)
(1.03278 0.116601 0)
(1.03525 0.113609 0)
(1.03757 0.110542 0)
(1.03974 0.107407 0)
(1.04175 0.104209 0)
(1.04362 0.100953 0)
(1.04535 0.0976418 0)
(1.04694 0.0942812 0)
(1.04839 0.0908744 0)
(1.04839 0.0908744 0)
(1.05421 0.0906713 0)
(1.05535 0.0869639 0)
(1.05636 0.0832297 0)
(1.05725 0.0794707 0)
(1.05803 0.0756879 0)
(1.05871 0.0718824 0)
(1.05929 0.0680546 0)
(1.05978 0.0642046 0)
(1.06019 0.0603321 0)
(1.06053 0.0564361 0)
(1.06079 0.0525155 0)
(1.06099 0.0485683 0)
(1.06114 0.0445925 0)
(1.06125 0.0405849 0)
(1.06131 0.0365424 0)
(1.06134 0.0324607 0)
(1.06135 0.0283351 0)
(1.06134 0.0241602 0)
(1.06132 0.0199297 0)
(1.0613 0.0156363 0)
(1.06127 0.0112718 0)
(1.06125 0.00682713 0)
(1.06124 0.00229173 0)
(0.802861 0.00314731 4.68355e-23)
(0.80299 0.00941761 -2.16955e-21)
(0.803248 0.0156833 -5.36154e-21)
(0.803633 0.0219413 -1.12373e-21)
(0.804147 0.0281885 2.01522e-21)
(0.804788 0.0344219 6.08678e-21)
(0.805557 0.0406385 -1.24933e-21)
(0.806453 0.0468353 1.13184e-20)
(0.807475 0.0530093 -3.20245e-21)
(0.808622 0.0591574 2.30828e-20)
(0.809896 0.0652769 -8.38087e-21)
(0.811293 0.0713647 -8.75004e-21)
(0.812815 0.0774179 1.28656e-20)
(0.81446 0.0834339 5.14909e-21)
(0.816227 0.0894096 -7.076e-21)
(0.818115 0.0953424 8.10865e-21)
(0.834896 0.0901666 6.11834e-21)
(0.834896 0.0901666 6.11834e-21)
(0.836642 0.0954101 9.12282e-21)
(0.838486 0.100616 -2.87017e-20)
(0.840428 0.105781 8.9421e-21)
(0.842467 0.110905 1.40505e-20)
(0.844602 0.115985 1.15149e-20)
(0.846833 0.12102 -3.777e-24)
(0.849159 0.126007 2.07996e-20)
(0.851581 0.130945 -7.63596e-21)
(0.864855 0.121242 6.2732e-21)
(0.864855 0.121242 6.2732e-21)
(0.867009 0.125629 -1.6616e-20)
(0.869245 0.129976 -8.84852e-21)
(0.871562 0.134281 -2.10419e-20)
(0.873964 0.138545 -8.76358e-21)
(0.876452 0.142765 -9.18648e-21)
(0.879031 0.146941 -2.73023e-20)
(0.881706 0.151071 -3.27105e-20)
(0.89154 0.139002 2.15991e-21)
(0.89154 0.139002 2.15991e-21)
(0.893949 0.142712 -2.0293e-20)
(0.896481 0.146381 -2.95193e-21)
(0.899161 0.150001 2.02536e-20)
(0.902028 0.153612 1.56665e-20)
(0.905141 0.157325 -2.65833e-20)
(0.908589 0.160774 -3.34143e-21)
)
;
    }
}


// ************************************************************************* //
