/*--------------------------------*- C++ -*----------------------------------*\
  =========                 |
  \\      /  F ield         | OpenFOAM: The Open Source CFD Toolbox
   \\    /   O peration     | Website:  https://openfoam.org
    \\  /    A nd           | Version:  7
     \\/     M anipulation  |
\*---------------------------------------------------------------------------*/
FoamFile
{
    version     2.0;
    format      ascii;
    class       surfaceScalarField;
    location    "28";
    object      phi;
}
// * * * * * * * * * * * * * * * * * * * * * * * * * * * * * * * * * * * * * //

dimensions      [0 3 -1 0 0 0 0];

internalField   nonuniform List<scalar> 
2014
(
2.56078e-05
-0.000147597
0.000195109
-0.000152702
0.000358226
-0.000151433
0.000510078
-0.000146304
0.000647686
-0.00013777
0.000770499
-0.000127334
0.000878823
-0.000115447
0.000973895
-0.000103053
-9.05568e-05
-0.000289087
-0.000238164
-0.000136589
-0.000288149
2.98332e-05
-0.000314019
0.000199017
-0.000321886
0.000361797
-0.000314212
0.000513306
-0.000297814
0.000650576
-0.00027504
0.000773065
-0.000249823
0.000881083
-0.000223465
0.000975873
-0.000197843
-0.000173475
-0.000279608
-0.000361984
-0.000127552
-0.000440206
3.82865e-05
-0.000479857
0.000206802
-0.000490401
0.000368878
-0.000476288
0.000519682
-0.000448618
0.000656269
-0.000411627
0.000778111
-0.000371665
0.000885529
-0.000330883
0.000979771
-0.000292085
-0.000255899
-0.000265482
-0.000485462
-0.000114097
-0.000591591
5.08552e-05
-0.000644809
0.000218359
-0.000657904
0.000379375
-0.000637305
0.000529122
-0.000598365
0.000664691
-0.000547196
0.000785574
-0.000492548
0.000892107
-0.000437415
0.000985542
-0.00038552
-0.000337595
-0.000246885
-0.000608478
-9.63963e-05
-0.000742079
6.73751e-05
-0.000808581
0.000233535
-0.000824064
0.000393151
-0.00079692
0.000541504
-0.000746719
0.000675735
-0.000681427
0.000795362
-0.000612175
0.000900737
-0.00054279
0.000993118
-0.000477901
-0.000418341
-0.00022404
-0.000730907
-7.46726e-05
-0.000891447
8.76337e-05
-0.000970887
0.000252135
-0.000988566
0.000410026
-0.000954811
0.000556669
-0.000893362
0.000689262
-0.000814019
0.000807354
-0.000730267
0.000911315
-0.000646752
0.00100241
-0.000568995
-0.000497928
-0.000197219
-0.000852618
-4.9191e-05
-0.00103948
0.000111377
-0.00113145
0.000273922
-0.00115111
0.000429787
-0.00111068
0.000574426
-0.001038
0.000705103
-0.000944696
0.000821402
-0.000846566
0.000923713
-0.000749063
0.00101331
-0.000658588
-0.000576162
-0.000166728
-0.000973474
-2.02478e-05
-0.00118596
0.000138315
-0.00129002
0.000298626
-0.00131142
0.000452188
-0.00126424
0.000594557
-0.00118037
0.000723067
-0.00107321
0.000837339
-0.000960838
0.000937786
-0.00084951
0.00102568
-0.000746485
-0.000652865
-0.000132904
-0.00109334
1.18185e-05
-0.00133068
0.000168132
-0.00144633
0.000325953
-0.00146924
0.000476962
-0.00141525
0.00061682
-0.00132023
0.000742939
-0.00119933
0.000854978
-0.00107288
0.000953371
-0.000947903
0.0010394
-0.000832512
-0.00072788
-9.61029e-05
-0.00121206
4.66282e-05
-0.00147341
0.00020049
-0.00160019
0.000355589
-0.00162434
0.000503819
-0.00156348
0.000640956
-0.00145737
0.00076449
-0.00132286
0.000874115
-0.0011825
0.000970291
-0.00104408
0.0010543
-0.000916519
-0.000801071
-5.66942e-05
-0.00132949
8.38572e-05
-0.00161396
0.00023504
-0.00175138
0.000387204
-0.00177651
0.000532459
-0.00170873
0.000666693
-0.0015916
0.000787477
-0.00144364
0.000894538
-0.00128956
0.000988357
-0.0011379
0.00107022
-0.000998379
-0.00087232
-1.50314e-05
-0.0014455
0.000123124
-0.00175212
0.000271427
-0.00189968
0.000420468
-0.00192555
0.000562575
-0.00185084
0.000693754
-0.00172278
0.00081165
-0.00156154
0.000916024
-0.00139394
0.00100738
-0.00122925
0.00108699
-0.00107799
-0.000941535
2.84351e-05
-0.00155989
0.000164057
-0.00188774
0.000309296
-0.00204492
0.000455045
-0.00207129
0.00059386
-0.00198965
0.000721857
-0.00185078
0.000836757
-0.00167644
0.000938349
-0.00149553
0.00102715
-0.00131805
0.00110443
-0.00115528
-0.00100864
7.33853e-05
-0.00167249
0.000206297
-0.00202065
0.000348302
-0.00218692
0.00049061
-0.0022136
0.00062601
-0.00212505
0.000750724
-0.00197549
0.000862547
-0.00178826
0.000961286
-0.00159427
0.00104747
-0.00140423
0.00112237
-0.00123018
-0.00107359
0.000119471
-0.0017831
0.000249492
-0.00215067
0.000388107
-0.00232554
0.000526846
-0.00235234
0.000658728
-0.00225694
0.000780084
-0.00209685
0.000888771
-0.00189695
0.000984612
-0.00169011
0.00106814
-0.00148776
0.00114063
-0.00130267
-0.00113635
0.000166342
-0.00189172
0.00029331
-0.00227764
0.000428392
-0.00246062
0.000563449
-0.0024874
0.000691734
-0.00238522
0.000809675
-0.00221479
0.000915191
-0.00200246
0.00100811
-0.00178303
0.00108897
-0.00156862
0.00115903
-0.00137273
-0.00119691
0.000213674
-0.00199813
0.000337436
-0.0024014
0.000468856
-0.00259204
0.000600133
-0.00261868
0.000724758
-0.00250984
0.000839249
-0.00232928
0.000941577
-0.00210479
0.00103157
-0.00187302
0.00110977
-0.00164682
0.00117741
-0.00144037
-0.00125527
0.000261164
-0.00210218
0.000381578
-0.00252181
0.000509218
-0.00271968
0.000636634
-0.00274609
0.00075755
-0.00263076
0.000868572
-0.0024403
0.000967715
-0.00220393
0.0010548
-0.00196011
0.00113035
-0.00172238
0.0011956
-0.00150561
-0.00131146
0.000308532
-0.00220372
0.000425463
-0.00263875
0.000549219
-0.00284344
0.000672706
-0.00286958
0.00078988
-0.00274793
0.000897429
-0.00254785
0.000993403
-0.00229991
0.00107761
-0.00204431
0.00115055
-0.00179532
0.00121344
-0.0015685
-0.00136551
0.000355519
-0.00230263
0.000468844
-0.00275207
0.000588622
-0.00296321
0.000708124
-0.00298908
0.000821537
-0.00286135
0.000925621
-0.00265193
0.00101846
-0.00239274
0.00109982
-0.00212567
0.00117021
-0.00186571
0.00123078
-0.00162907
-0.00141748
0.00040189
-0.00239876
0.000511494
-0.00286167
0.000627213
-0.00307893
0.000742687
-0.00310456
0.000852331
-0.00297099
0.000952968
-0.00275257
0.00104271
-0.00248248
0.00112129
-0.00220426
0.00118918
-0.0019336
0.0012475
-0.0016874
-0.00146742
0.00044743
-0.00249198
0.000553209
-0.00296745
0.000664799
-0.00319052
0.000776213
-0.00321597
0.00088209
-0.00307687
0.000979312
-0.00284979
0.001066
-0.00256917
0.00114186
-0.00228012
0.00120732
-0.00199907
0.00126348
-0.00174355
-0.00151541
0.000491946
-0.00258218
0.000593805
-0.00306931
0.000701209
-0.00329793
0.000808542
-0.0033233
0.000910664
-0.00317899
0.00100451
-0.00294364
0.00108821
-0.00265287
0.00116142
-0.00235332
0.00122453
-0.00206218
0.00127858
-0.00179761
-0.00156151
0.000535263
-0.00266924
0.000633119
-0.00316717
0.00073629
-0.0034011
0.000839534
-0.00342655
0.000937923
-0.00327738
0.00102844
-0.00303415
0.00110921
-0.00273364
0.00117984
-0.00242396
0.00124068
-0.00212302
0.00129273
-0.00184965
-0.00160582
0.000577226
-0.00275305
0.000671006
-0.00326095
0.000769909
-0.0035
0.000869066
-0.0035257
0.000963753
-0.00337207
0.00105099
-0.00312138
0.0011289
-0.00281155
0.00119704
-0.0024921
0.0012557
-0.00218168
0.00130582
-0.00189978
-0.00164843
0.000617696
-0.00283349
0.000707336
-0.00335059
0.00080195
-0.00359461
0.000897033
-0.00362079
0.000988056
-0.00346309
0.00107207
-0.0032054
0.0011472
-0.00288668
0.00121293
-0.00255783
0.00126949
-0.00223824
0.00131778
-0.00194807
-0.00168942
0.000656549
-0.00291047
0.000741999
-0.00343604
0.000832315
-0.00368493
0.000923346
-0.00371182
0.00101075
-0.0035505
0.00109161
-0.00328625
0.00116403
-0.0029591
0.00122744
-0.00262123
0.001282
-0.00229281
0.00132856
-0.00199462
-0.00172888
0.000693677
-0.00298388
0.000774896
-0.00351726
0.000860917
-0.00377095
0.000947932
-0.00379883
0.00103178
-0.00363435
0.00110955
-0.00336402
0.00117935
-0.0030289
0.00124052
-0.0026824
0.00129317
-0.00234546
0.00133808
-0.00203953
-0.00176692
0.000728983
-0.00305365
0.000805944
-0.00359422
0.000887686
-0.00385269
0.000970729
-0.00388188
0.00105108
-0.00371469
0.00112584
-0.00343879
0.0011931
-0.00309615
0.00125212
-0.00274142
0.00130296
-0.0023963
0.00134632
-0.00208289
-0.00180362
0.000762384
-0.0031197
0.000835072
-0.00366691
0.000912564
-0.00393019
0.000991691
-0.003961
0.00106861
-0.00379162
0.00114045
-0.00351062
0.00120524
-0.00316095
0.00126221
-0.00279839
0.00131133
-0.00244542
0.00135323
-0.0021248
-0.00183907
0.000793806
-0.00318194
0.000862221
-0.00373532
0.000935504
-0.00400347
0.00101078
-0.00403628
0.00108435
-0.00386519
0.00115334
-0.00357961
0.00121577
-0.00322338
0.00127078
-0.0028534
0.00131826
-0.0024929
0.0013588
-0.00216534
-0.00187338
0.000823188
-0.00324033
0.000887341
-0.00379948
0.000956471
-0.0040726
0.00102797
-0.00410778
0.00109828
-0.0039355
0.00116451
-0.00364583
0.00122466
-0.00328353
0.0012778
-0.00290653
0.00132374
-0.00253885
0.00136301
-0.00220461
-0.00190663
0.000850477
-0.00329482
0.000910396
-0.00385939
0.000975438
-0.00413764
0.00104325
-0.00417559
0.00111038
-0.00400263
0.00117395
-0.0037094
0.00123191
-0.0033415
0.00128327
-0.00295789
0.00132777
-0.00258335
0.00136586
-0.0022427
-0.0019389
0.000875629
-0.00334536
0.000931355
-0.00391512
0.00099239
-0.00419868
0.0010566
-0.00423981
0.00112066
-0.00406669
0.00118166
-0.00377039
0.00123753
-0.00339737
0.0012872
-0.00300755
0.00133034
-0.00262649
0.00136733
-0.0022797
-0.00197029
0.000898612
-0.00339196
0.000950203
-0.00396671
0.00100732
-0.00425579
0.00106804
-0.00430052
0.00112912
-0.00412777
0.00118764
-0.00382891
0.00124152
-0.00345125
0.00128959
-0.00305562
0.00133146
-0.00266836
0.00136744
-0.00231568
-0.00200087
0.000919405
-0.00343462
0.000966934
-0.00401424
0.00102024
-0.0043091
0.00107757
-0.00435786
0.00113578
-0.00418598
0.00119193
-0.00388506
0.0012439
-0.00350322
0.00129046
-0.00310218
0.00133115
-0.00270905
0.00136621
-0.00235074
-0.00203073
0.000937977
-0.00347334
0.000981531
-0.0040578
0.00103114
-0.0043587
0.0010852
-0.00441192
0.00114065
-0.00424143
0.00119453
-0.00393895
0.0012447
-0.00355338
0.00128984
-0.00314732
0.00132943
-0.00274864
0.00136364
-0.00238495
-0.00205995
0.000954272
-0.00350816
0.000993942
-0.00409747
0.00103997
-0.00440473
0.00109089
-0.00446284
0.0011437
-0.00429425
0.00119544
-0.00399068
0.0012439
-0.00360185
0.00128772
-0.00319115
0.0013263
-0.00278721
0.00135975
-0.0024184
-0.0020886
0.000968345
-0.00353915
0.00100425
-0.00413337
0.00104682
-0.0044473
0.00109472
-0.00451074
0.00114502
-0.00434454
0.0011947
-0.00404037
0.00124156
-0.0036487
0.00128415
-0.00323374
0.0013218
-0.00282486
0.00135456
-0.00245116
-0.00211675
0.000980547
0.00101289
-0.00416571
0.00105214
-0.00448656
0.00109709
-0.00455569
0.0011449
-0.00439235
0.00119257
-0.00408803
0.00123785
-0.00369399
0.00127925
-0.00327514
0.00131603
-0.00286164
0.00134815
-0.00248328
-0.00214446
0.00204231
-0.00422807
0.00209997
-0.00454422
0.0021538
-0.00460952
0.00220353
-0.00444208
0.00224864
-0.00413314
0.00228877
-0.00373412
0.00232372
-0.00331009
0.00235347
-0.00289139
0.00237846
-0.00250827
-0.00216503
0.00216226
-0.00428502
0.00221422
-0.00459618
0.0022623
-0.0046576
0.00230663
-0.00448641
0.00234689
-0.00417339
0.00238288
-0.00377011
0.0024144
-0.00334161
0.00244136
-0.00291835
0.00246408
-0.00253099
-0.00218377
0.00228931
-0.004336
0.00233484
-0.00464172
0.00237639
-0.00469914
0.00241452
-0.00452455
0.0024492
-0.00420808
0.00248043
-0.00380134
0.00250799
-0.00336917
0.00253174
-0.0029421
0.00255189
-0.00255114
-0.00220046
0.00242234
-0.00438041
0.00246081
-0.00468018
0.00249516
-0.0047335
0.0025265
-0.00455588
0.00255507
-0.00423665
0.00258106
-0.00382733
0.00260427
-0.00339238
0.00262448
-0.00296231
0.00264178
-0.00256844
-0.00221488
0.00256039
-0.00441761
0.00259118
-0.00471096
0.00261782
-0.00476015
0.0026419
-0.00457996
0.00266397
-0.00425871
0.00268438
-0.00384774
0.00270295
-0.00341095
0.00271938
-0.00297875
0.00273364
-0.0025827
-0.00222688
0.00270255
-0.00444695
0.00272512
-0.00473353
0.00274361
-0.00477864
0.0027601
-0.00459645
0.00277539
-0.00427401
0.00279001
-0.00386235
0.00280375
-0.0034247
0.00281624
-0.00299123
0.00282731
-0.00259377
-0.00223635
0.00284798
-0.00446784
0.00286186
-0.00474741
0.00287186
-0.00478864
0.00288052
-0.00460511
0.00288888
-0.00428237
0.00289757
-0.00387104
0.00290638
-0.00343351
0.00291483
-0.00299968
0.00292263
-0.00260158
-0.0022432
0.00299588
-0.00447978
0.0030007
-0.00475223
0.00300196
-0.00478991
0.00300264
-0.00460579
0.00300398
-0.00428371
0.0030067
-0.00387376
0.00301055
-0.00343735
0.00301493
-0.00300407
0.00301943
-0.00260608
-0.0022474
0.00314546
-0.00448235
0.00314095
-0.00474772
0.00313334
-0.0047823
0.00312599
-0.00459844
0.00312031
-0.00427803
0.00311709
-0.00387053
0.003116
-0.00343626
0.00311634
-0.00300441
0.00311755
-0.0026073
-0.00224896
0.00329597
-0.00447529
0.003282
-0.00473375
0.00326548
-0.00476577
0.00325013
-0.0045831
0.00323751
-0.00426541
0.00322843
-0.00386145
0.00322248
-0.00343032
0.00321885
-0.00300078
0.00321683
-0.00260528
-0.00224791
0.0034467
-0.00445849
0.00342326
-0.00471032
0.00339792
-0.00474043
0.00337471
-0.00455989
0.00335528
-0.00424599
0.00334047
-0.00384664
0.0033298
-0.00341964
0.0033223
-0.00299328
0.00331712
-0.0026001
-0.00224432
0.00359696
-0.004432
0.00356421
-0.00467757
0.00353023
-0.00470645
0.00349938
-0.00452903
0.00347336
-0.00421997
0.00345302
-0.00382629
0.00343777
-0.00340439
0.00342654
-0.00298205
0.00341832
-0.00259189
-0.00223827
0.00374613
-0.00439605
0.00370436
-0.00463579
0.00366208
-0.00466417
0.00362388
-0.00449083
0.00359155
-0.00418764
0.0035659
-0.00380064
0.00354627
-0.00338476
0.00353146
-0.00296724
0.00352032
-0.00258075
-0.00222987
0.00389368
-0.00435104
0.00384332
-0.00458543
0.00379316
-0.00461402
0.003748
-0.00444567
0.00370968
-0.00414932
0.003679
-0.00376995
0.0036552
-0.00336097
0.00363699
-0.00294902
0.00362307
-0.00256684
-0.00221921
0.00403918
-0.00429753
0.00398078
-0.00452703
0.00392326
-0.0045565
0.0038716
-0.00439401
0.00382767
-0.00410539
0.00379225
-0.00373453
0.00376452
-0.00333325
0.00374309
-0.00292759
0.00372654
-0.00255029
-0.00220642
0.00418229
-0.00423621
0.00411652
-0.00446126
0.00405225
-0.00449223
0.00399459
-0.00433635
0.00394546
-0.00405627
0.00390562
-0.00369469
0.00387422
-0.00330184
0.00384976
-0.00290312
0.00383073
-0.00253126
-0.00219162
0.00432283
-0.00416788
0.00425043
-0.00438885
0.00418006
-0.00442186
0.00411695
-0.00427324
0.00406306
-0.00400238
0.00401915
-0.00365078
0.00398432
-0.00326701
0.00395702
-0.00287583
0.00393565
-0.00250989
-0.00217491
0.00446074
-0.00409338
0.0043825
-0.00431061
0.00430672
-0.00434608
0.00423873
-0.00420525
0.00418053
-0.00394418
0.00413289
-0.00360314
0.00409489
-0.00322901
0.00406495
-0.00284589
0.00404139
-0.00248633
-0.0021564
0.0045961
-0.00401361
0.00451284
-0.00422735
0.00443235
-0.0042656
0.00436006
-0.00413296
0.00429799
-0.00388211
0.00424696
-0.00355211
0.00420604
-0.00318809
0.00417364
-0.00281348
0.00414801
-0.00246071
-0.00213619
0.00472914
-0.00392945
0.00464164
-0.00413986
0.00455714
-0.0041811
0.00448109
-0.0040569
0.00441559
-0.00381662
0.00436149
-0.00349801
0.00431789
-0.00314449
0.00428319
-0.00277879
0.00425564
-0.00243315
-0.00211438
0.00486016
-0.00384173
0.00476919
-0.00404889
0.00468132
-0.00409322
0.00460204
-0.00397762
0.00453353
-0.00374811
0.00447666
-0.00344114
0.0044306
-0.00309842
0.00439377
-0.00274196
0.00436438
-0.00240377
-0.00209102
0.00498958
-0.00375123
0.00489585
-0.00395516
0.0048052
-0.00400258
0.00472317
-0.0038956
0.00465201
-0.00367695
0.00459266
-0.00338179
0.00454433
-0.00305009
0.00450551
-0.00270313
0.0044744
-0.00237266
-0.0020662
0.00511789
-0.00365862
0.005022
-0.00385927
0.00492911
-0.00390969
0.00484477
-0.00381125
0.00477129
-0.00360347
0.00470971
-0.00332021
0.00465929
-0.00299967
0.00461859
-0.00266243
0.00458583
-0.00233991
-0.00203996
0.0052456
-0.00356448
0.00514809
-0.00376175
0.00505342
-0.00381502
0.00496713
-0.00372496
0.00489163
-0.00352797
0.00482801
-0.00325659
0.00477565
-0.00294731
0.00473318
-0.00261995
0.00469884
-0.00230557
-0.00201233
0.00537324
-0.00346928
0.00527454
-0.00366304
0.00517847
-0.00371895
0.00509055
-0.00363704
0.00501326
-0.00345068
0.0049478
-0.00319113
0.00489362
-0.00289314
0.00484945
-0.00257578
0.00481358
-0.0022697
-0.00198335
0.00550133
-0.00337337
0.00540178
-0.00356349
0.00530462
-0.00362179
0.00521532
-0.00354775
0.00513645
-0.00337181
0.00506928
-0.00312397
0.00501339
-0.00283725
0.00496759
-0.00252997
0.00493022
-0.00223233
-0.00195303
0.00563034
-0.00327704
0.00553021
-0.00346337
0.0054322
-0.00352378
0.00534173
-0.00345727
0.00526143
-0.00329151
0.00519267
-0.00305521
0.00513514
-0.00277971
0.00508775
-0.00248258
0.0050489
-0.00219349
-0.00192137
0.00576071
-0.00318048
0.00566019
-0.00336285
0.00556151
-0.0034251
0.00547002
-0.00336577
0.00538841
-0.00320991
0.00531816
-0.00298496
0.00525904
-0.00272059
0.00521009
-0.00243363
0.00516978
-0.00215318
-0.00188837
0.00589281
-0.00308381
0.00579205
-0.00326209
0.00569283
-0.00332588
0.00560043
-0.00327337
0.00551761
-0.00312709
0.00544592
-0.00291327
0.00538526
-0.00265993
0.00533476
-0.00238314
0.005293
-0.00211141
-0.00185401
0.00602696
-0.00298713
0.00592604
-0.00316117
0.00582638
-0.00322622
0.00573315
-0.00318014
0.00564919
-0.00304313
0.00557611
-0.0028402
0.00551393
-0.00259775
0.0054619
-0.00233111
0.00541867
-0.00206817
-0.00181829
0.00616344
-0.00289047
0.00606241
-0.00306015
0.00596236
-0.00312617
0.00586836
-0.00308614
0.0057833
-0.00295806
0.00570887
-0.00276577
0.00564519
-0.00253407
0.00559163
-0.00227756
0.00554692
-0.00202346
-0.00178118
0.00630244
-0.00279386
0.00620135
-0.00295905
0.00610095
-0.00302577
0.00600622
-0.00299142
0.00592009
-0.00287194
0.00584433
-0.00269
0.00577916
-0.00246889
0.00572406
-0.00222247
0.00567786
-0.00197725
-0.00174266
0.00644415
-0.00269731
0.006343
-0.0028579
0.00624227
-0.00292504
0.00614685
-0.00289599
0.00605968
-0.00278477
0.0059826
-0.00261292
0.00591594
-0.00240223
0.0058593
-0.00216583
0.00581158
-0.00192953
-0.0017027
0.00658871
-0.0026008
0.0064875
-0.00275669
0.00638647
-0.00282401
0.00629036
-0.00279988
0.00620217
-0.00269657
0.00612378
-0.00253453
0.00605563
-0.00233408
0.00599744
-0.00210764
0.00594819
-0.00188028
-0.00166128
0.00673624
-0.00250434
0.00663497
-0.00265543
0.00653363
-0.00272267
0.00643685
-0.0027031
0.00634765
-0.00260737
0.00626796
-0.00245484
0.00619832
-0.00226444
0.00613857
-0.00204789
0.00608777
-0.00182949
-0.00161837
0.00688683
-0.00240792
0.00678551
-0.0025541
0.00668387
-0.00262103
0.00658642
-0.00260566
0.00649621
-0.00251716
0.00641523
-0.00237386
0.00634409
-0.00219331
0.00628277
-0.00198657
0.00623041
-0.00177712
0.00618599
-0.00157395
-0.00137619
0.0070406
-0.00231151
0.00693921
-0.00245271
0.00683726
-0.00251908
0.00673915
-0.00250755
0.00664795
-0.00242595
0.00656567
-0.00229158
0.00649304
-0.00212068
0.00643013
-0.00192366
0.00637619
-0.00172318
0.00633023
-0.001528
-0.00133718
0.00719764
-0.00221511
0.00709616
-0.00235123
0.0069939
-0.00241681
0.00689514
-0.00240879
0.00680293
-0.00233375
0.00671936
-0.00220801
0.00664524
-0.00204656
0.00658073
-0.00185916
0.00652518
-0.00166763
0.00647768
-0.00148049
-0.00129674
0.00735804
-0.00211871
0.00725646
-0.00224966
0.00715388
-0.00231423
0.00705445
-0.00230936
0.00696126
-0.00224055
0.00687639
-0.00212314
0.00680077
-0.00197094
0.00673466
-0.00179305
0.00667749
-0.00161046
0.0066284
-0.00143141
-0.00125483
0.00752191
-0.00202227
0.00742022
-0.00214796
0.0073173
-0.00221131
0.0072172
-0.00220927
0.00712301
-0.00214636
0.00703685
-0.00203698
0.00695972
-0.0018938
0.006892
-0.00172532
0.00683319
-0.00155165
0.0067825
-0.00138072
-0.00121143
0.00768935
-0.00192578
0.00758752
-0.00204613
0.00748425
-0.00210804
0.00738348
-0.0021085
0.00728828
-0.00205116
0.00720083
-0.00194953
0.00712218
-0.00181516
0.00705283
-0.00165597
0.00699237
-0.00149119
0.00694007
-0.00132842
-0.00116652
0.00786049
-0.0018292
0.00775849
-0.00194413
0.00765484
-0.00200439
0.00755338
-0.00200704
0.00745718
-0.00195496
0.00736842
-0.00186077
0.00728825
-0.00173499
0.00721726
-0.00158498
0.00715513
-0.00142906
0.00710119
-0.00127447
-0.00112009
0.00803544
-0.00173252
0.00793324
-0.00184193
0.00782919
-0.00190034
0.00772702
-0.00190487
0.0076298
-0.00185773
0.00753972
-0.00177069
0.00745802
-0.0016533
0.00738538
-0.00151234
0.00732156
-0.00136525
0.00726596
-0.00121887
-0.00107209
0.00821435
-0.00163568
0.00811191
-0.00173949
0.00800742
-0.00179586
0.00790452
-0.00180196
0.00780625
-0.00175947
0.00771485
-0.00167929
0.00763161
-0.00157006
0.0075573
-0.00143803
0.00749178
-0.00129973
0.0074345
-0.00116159
-0.00102253
0.00839735
-0.00153865
0.00829463
-0.00163677
0.00818966
-0.00169089
0.00808599
-0.00169829
0.00798666
-0.00166014
0.00789391
-0.00158653
0.00780911
-0.00148525
0.00773312
-0.00136204
0.00766588
-0.00123248
0.0076069
-0.00110261
-0.000971366
0.0085846
-0.00144137
0.00848155
-0.00153371
0.00837606
-0.00158541
0.00827158
-0.00159382
0.00817116
-0.00155971
0.00807704
-0.00149241
0.00799066
-0.00139888
0.00791297
-0.00128436
0.00784399
-0.0011635
0.00778329
-0.00104191
-0.000918589
0.00877628
-0.00134379
0.00867283
-0.00143026
0.00856676
-0.00147933
0.00846143
-0.00148849
0.00835987
-0.00145815
0.00826435
-0.00139689
0.00817637
-0.00131089
0.00809697
-0.00120495
0.00802622
-0.00109275
0.00796379
-0.000979478
-0.000864177
0.00897256
-0.00124583
0.00886864
-0.00132634
0.00876192
-0.00137261
0.00865569
-0.00138226
0.00855295
-0.00135542
0.008456
-0.00129993
0.00836639
-0.00122128
0.00828524
-0.0011238
0.00821271
-0.00102022
0.00814852
-0.000915289
-0.000808111
0.00917363
-0.00114743
0.00906917
-0.00122188
0.00896172
-0.00126517
0.00885452
-0.00127505
0.00875056
-0.00125146
0.00865213
-0.0012015
0.00856085
-0.00113001
0.00847794
-0.00104089
0.0084036
-0.000945884
0.00833764
-0.000849322
-0.000750372
0.0093797
-0.00104849
0.0092746
-0.00111678
0.00916635
-0.00115692
0.0090581
-0.0011668
0.00895284
-0.00114621
0.00885289
-0.00110155
0.00875992
-0.00103704
0.0086752
-0.000956177
0.00859903
-0.000869716
0.00853127
-0.000781559
-0.000690942
0.009591
-0.000948923
0.00948516
-0.00101094
0.009376
-0.00104775
0.00926661
-0.00105742
0.00915999
-0.00103959
0.00905845
-0.00100001
0.00896374
-0.000942323
0.00887719
-0.000869632
0.00879916
-0.000791689
0.00872958
-0.000711977
-0.000629804
0.00980776
-0.000848605
0.00970107
-0.000904244
0.00959088
-0.000937565
0.00948026
-0.000946795
0.00937219
-0.000931521
0.009269
-0.000896815
0.00917249
-0.000845809
0.00908407
-0.000781215
0.00900416
-0.000711774
0.00893273
-0.000640554
-0.000566938
0.0100302
-0.000747414
0.00992256
-0.000796562
0.00981122
-0.000826228
0.00969925
-0.000834826
0.00958964
-0.000821908
0.00948472
-0.000791897
0.00938635
-0.00074744
0.00929602
-0.000690883
0.00921418
-0.000629938
0.0091409
-0.000567267
-0.000502329
0.0102587
-0.000645206
0.0101499
-0.000687743
0.0100373
-0.000713598
0.00992381
-0.000721379
0.00981255
-0.000710639
0.00970581
-0.000685161
0.00960552
-0.000647146
0.00951322
-0.000598586
0.00942943
-0.000546147
0.00935425
-0.000492092
-0.00043596
0.0104935
-0.000541821
0.0103833
-0.000577622
0.0102693
-0.000599511
0.0101542
-0.000606306
0.0100411
-0.000597588
0.00993248
-0.000576509
0.00983019
-0.000544853
0.00973587
-0.000504269
0.00965008
-0.000460361
0.009573
-0.000415005
-0.000367815
0.0107348
-0.000437077
0.0106232
-0.000466008
0.0105075
-0.000483785
0.0103906
-0.000489441
0.0102756
-0.000482613
0.010165
-0.000465824
0.0100606
-0.000440472
0.00996418
-0.00040787
0.00987636
-0.000372541
0.00979733
-0.000335981
-0.00029788
0.0109831
-0.000330768
0.0108698
-0.000352691
0.0107522
-0.000366213
0.0106334
-0.000370598
0.0105163
-0.000365553
0.0104035
-0.000352979
0.0102969
-0.000333907
0.0101984
-0.000309319
0.0101085
-0.000282642
0.0100275
-0.000254994
-0.000226141
0.0112387
-0.000222664
0.0111234
-0.000237432
0.0110038
-0.000246564
0.0108827
-0.000249564
0.0107634
-0.000246228
0.0106483
-0.000237829
0.0105394
-0.000225049
0.0104386
-0.000208542
0.0103466
-0.000190616
0.0102636
-0.000172017
-0.000152587
0.0115019
-0.000112505
0.0113845
-0.000119962
0.0112625
-0.000124578
0.011139
-0.000126105
0.0110172
-0.000124435
0.0108996
-0.000120213
0.0107884
-0.000113777
0.0106853
-0.000105456
0.0105911
-9.64133e-05
0.0105061
-8.7024e-05
-7.72078e-05
0.0117731
0.0116531
0.0115285
0.0114024
0.011278
0.0111578
0.011044
0.0109385
0.0108421
0.0107551
)
;

boundaryField
{
    inlet
    {
        type            calculated;
        value           nonuniform 0();
    }
    outlet
    {
        type            calculated;
        value           nonuniform 0();
    }
    cylinder
    {
        type            calculated;
        value           nonuniform 0();
    }
    top
    {
        type            symmetryPlane;
        value           uniform 0;
    }
    bottom
    {
        type            symmetryPlane;
        value           nonuniform 0();
    }
    defaultFaces
    {
        type            empty;
        value           nonuniform 0();
    }
    procBoundary28to12
    {
        type            processor;
        value           nonuniform List<scalar> 
12
(
0.000114118
0.000141091
0.000135651
-1.9102e-05
-1.67998e-05
-1.16834e-05
-5.54867e-06
1.62446e-07
4.52096e-06
7.1235e-06
7.97991e-06
7.38195e-06
)
;
    }
    procBoundary28to27
    {
        type            processor;
        value           nonuniform List<scalar> 
100
(
0.000413132
0.000403428
0.00038896
0.000369901
0.000346469
0.00031893
0.000287585
0.000252765
0.000214823
0.000174125
0.000131044
8.59541e-05
3.92138e-05
-8.85903e-06
-5.77235e-05
-0.000107264
-0.000157114
-0.000206986
-0.000256615
-0.000305761
-0.000354203
-0.000401744
-0.000448204
-0.000493422
-0.000537254
-0.000579572
-0.000620259
-0.000659213
-0.000696341
-0.000731561
-0.0007648
-0.000795992
-0.00082508
-0.000852013
-0.000876751
-0.000899251
-0.000919453
-0.000937362
-0.000953177
-0.00356652
-0.00197995
-0.00210531
-0.00223832
-0.00237793
-0.0025232
-0.00267321
-0.00282709
-0.00298394
-0.00314288
-0.00330303
-0.0034635
-0.00362345
-0.00378208
-0.00393869
-0.00409268
-0.00424361
-0.00439116
-0.00453524
-0.00467587
-0.0048133
-0.00494787
-0.00508008
-0.0052105
-0.00533974
-0.00546845
-0.00559723
-0.00572667
-0.00585727
-0.00598947
-0.00612365
-0.00626009
-0.00639905
-0.00654071
-0.00668521
-0.0068327
-0.00698326
-0.00713701
-0.00729404
-0.00745445
-0.00761835
-0.00778584
-0.00795706
-0.00813213
-0.00831118
-0.00849438
-0.00868188
-0.00887386
-0.00907051
-0.00927203
-0.00947864
-0.00969057
-0.00990808
-0.0101314
-0.0103609
-0.0105969
-0.0108396
-0.0110894
-0.0113468
-0.0116121
-0.0118856
)
;
    }
    procBoundary28to29
    {
        type            processor;
        value           nonuniform List<scalar> 
101
(
0.00105707
0.00105879
0.00106219
0.00106724
0.00107386
0.001082
0.00109154
0.00110239
0.00111441
0.00112749
0.00114147
0.0011562
0.00117154
0.00118732
0.00120339
0.00121959
0.00123577
0.00125178
0.00126749
0.00128275
0.00129745
0.00131146
0.00132469
0.00133704
0.00134842
0.00135877
0.00136802
0.00137612
0.00138302
0.00138869
0.00139311
0.00139626
0.00139813
0.00139872
0.00139803
0.00139607
0.00139285
0.0013884
0.00138272
0.00137587
0.00239903
0.00248282
0.00256857
0.00265621
0.00274564
0.00283678
0.00292948
0.00302364
0.00311911
0.00321578
0.00331353
0.00341227
0.00351192
0.00361242
0.00371375
0.00381592
0.00391894
0.00402288
0.00412781
0.00423382
0.00434103
0.00444957
0.00455959
0.00467121
0.0047846
0.0048999
0.00501725
0.00513678
0.00525864
0.00538295
0.00550981
0.00563933
0.00577162
0.00590677
0.00604486
0.00141379
0.00614839
0.00629123
0.00643723
0.0065865
0.00673911
0.00689516
0.00705475
0.00721797
0.00738493
0.00755574
0.00773051
0.00790937
0.00809246
0.0082799
0.00847184
0.00866844
0.00886987
0.00907629
0.00928788
0.00950485
0.0097274
0.00995573
0.0101901
0.0104307
0.0106779
)
;
    }
}


// ************************************************************************* //
