/*--------------------------------*- C++ -*----------------------------------*\
  =========                 |
  \\      /  F ield         | OpenFOAM: The Open Source CFD Toolbox
   \\    /   O peration     | Website:  https://openfoam.org
    \\  /    A nd           | Version:  7
     \\/     M anipulation  |
\*---------------------------------------------------------------------------*/
FoamFile
{
    version     2.0;
    format      ascii;
    class       volVectorField;
    location    "99";
    object      U;
}
// * * * * * * * * * * * * * * * * * * * * * * * * * * * * * * * * * * * * * //

dimensions      [0 1 -1 0 0 0 0];

internalField   nonuniform List<vector> 
1062
(
(0.0240103 0.00326296 -3.23859e-22)
(0.00414594 -0.00611186 -6.15546e-21)
(0.0244398 -0.0141986 -2.09773e-21)
(0.00462086 -0.0134714 -2.02697e-20)
(0.0255355 -0.0316075 -2.78624e-20)
(0.00538026 -0.0207895 -2.51143e-20)
(0.0272937 -0.0489272 7.1586e-20)
(0.00642147 -0.0280494 4.92351e-21)
(0.0297088 -0.0661214 -1.7342e-20)
(0.00774092 -0.0352345 -3.51848e-20)
(0.0327735 -0.0831541 6.906e-20)
(0.00933418 -0.0423282 1.21736e-19)
(0.0364785 -0.0999898 -5.25707e-20)
(0.0783369 -0.135062 1.13363e-19)
(0.0111959 -0.0493145 -9.999e-20)
(0.0408129 -0.116593 5.08093e-20)
(0.0841045 -0.157619 -8.89188e-20)
(0.0133201 -0.0561774 1.60042e-20)
(0.0457638 -0.13293 -8.47253e-20)
(0.0906996 -0.179844 -4.15473e-20)
(0.0156996 -0.0629013 8.63775e-21)
(0.0513169 -0.148966 -6.49443e-20)
(0.0981049 -0.201695 -1.30276e-19)
(0.0183267 -0.069471 -7.97937e-20)
(0.0574558 -0.164669 3.06972e-20)
(0.106301 -0.22313 1.05638e-19)
(0.0211928 -0.0758717 -9.71242e-20)
(0.0641627 -0.180005 9.06485e-20)
(0.115266 -0.244109 6.76758e-20)
(0.0242886 -0.0820891 1.81901e-19)
(0.071418 -0.194943 -4.86802e-20)
(0.124976 -0.26459 -5.02092e-20)
(0.027604 -0.0881095 -9.92319e-20)
(0.0792007 -0.209452 -2.14691e-20)
(0.135406 -0.284537 -1.19252e-19)
(0.0311281 -0.0939194 -6.91464e-20)
(0.087488 -0.223504 4.60292e-20)
(0.146529 -0.30391 1.8849e-19)
(0.0348494 -0.0995062 8.04007e-20)
(0.0962558 -0.237068 -6.84592e-20)
(0.158315 -0.322674 -4.14329e-20)
(0.215497 -0.368211 -1.81048e-20)
(0.0387557 -0.104858 -7.08406e-20)
(0.105478 -0.250119 1.70731e-19)
(0.170732 -0.340793 -1.86283e-19)
(0.229562 -0.389243 -5.10661e-20)
(0.0428343 -0.109963 -7.6356e-21)
(0.115129 -0.26263 -8.43333e-20)
(0.183749 -0.358234 1.80284e-19)
(0.244329 -0.409559 9.51289e-20)
(0.0470717 -0.11481 8.63787e-20)
(0.125178 -0.274576 2.00965e-20)
(0.19733 -0.374964 -1.21463e-19)
(0.259763 -0.429124 -9.92905e-20)
(0.0514539 -0.11939 -1.21353e-20)
(0.135597 -0.285934 2.9553e-20)
(0.211438 -0.390953 -8.16142e-20)
(0.275825 -0.447903 2.1943e-19)
(0.0559664 -0.123693 -1.24144e-19)
(0.146355 -0.296681 1.3265e-19)
(0.226037 -0.406172 1.69887e-19)
(0.292477 -0.465865 -1.44486e-19)
(0.347804 -0.489071 -1.07669e-20)
(0.0605942 -0.12771 -3.05184e-20)
(0.15742 -0.306797 -1.68056e-19)
(0.241087 -0.420593 -2.26725e-19)
(0.309679 -0.48298 6.24075e-20)
(0.365818 -0.507552 -1.31582e-19)
(0.065322 -0.131434 1.39575e-19)
(0.168758 -0.316264 1.87632e-19)
(0.256546 -0.43419 1.17128e-19)
(0.327388 -0.499219 -2.31189e-19)
(0.384398 -0.525176 1.75474e-19)
(0.0701337 -0.134858 -1.70481e-21)
(0.180335 -0.325064 7.08686e-20)
(0.272373 -0.44694 -1.06732e-20)
(0.345561 -0.514555 -4.05824e-20)
(0.403502 -0.541915 -1.34707e-19)
(0.450033 -0.542282 -2.15382e-19)
(0.0750134 -0.137975 -6.05394e-20)
(0.192116 -0.33318 -8.67969e-20)
(0.288523 -0.458822 6.12175e-20)
(0.364152 -0.528963 5.55909e-20)
(0.423088 -0.557744 6.35516e-20)
(0.469626 -0.558653 -5.43424e-20)
(0.0799443 -0.14078 -1.59923e-20)
(0.204066 -0.3406 -1.52091e-19)
(0.304953 -0.469813 -3.12868e-20)
(0.383115 -0.54242 4.48571e-20)
(0.443111 -0.572639 -3.50212e-20)
(0.489694 -0.574146 2.52281e-19)
(0.0849097 -0.14327 4.48096e-20)
(0.216147 -0.347311 1.8183e-19)
(0.321617 -0.479898 2.35182e-19)
(0.402402 -0.554905 8.06789e-20)
(0.463526 -0.586578 3.11453e-21)
(0.510193 -0.588739 -4.9701e-20)
(0.0898927 -0.14544 3.08891e-20)
(0.228323 -0.353302 -9.96452e-20)
(0.338467 -0.48906 -1.03156e-19)
(0.421964 -0.566399 -8.63902e-20)
(0.484286 -0.59954 -6.23392e-20)
(0.531082 -0.602412 -7.21568e-20)
(0.567307 -0.586823 -3.69606e-20)
(0.0948759 -0.147288 1.6743e-20)
(0.240554 -0.358565 2.99357e-20)
(0.355455 -0.497285 -7.71663e-20)
(0.44175 -0.576883 1.14517e-19)
(0.505342 -0.611507 -2.69384e-20)
(0.552317 -0.615147 8.76553e-21)
(0.588022 -0.599763 1.35198e-19)
(0.0998422 -0.148812 -1.28375e-19)
(0.252803 -0.363093 -1.04854e-20)
(0.372534 -0.504561 1.02633e-20)
(0.461711 -0.586344 8.7726e-20)
(0.526646 -0.622462 6.11283e-20)
(0.573853 -0.626928 -2.54746e-20)
(0.609068 -0.611821 -1.1731e-19)
(0.104774 -0.150011 -5.64531e-20)
(0.265031 -0.366881 5.41281e-20)
(0.389653 -0.51088 1.35203e-19)
(0.481792 -0.594769 -5.76827e-20)
(0.548147 -0.632391 -3.36534e-20)
(0.595644 -0.637738 -5.40683e-21)
(0.630404 -0.622984 3.52447e-21)
(0.657225 -0.59736 -6.05307e-20)
(0.109654 -0.150886 1.07213e-19)
(0.277198 -0.369927 -7.39758e-20)
(0.406763 -0.516234 -8.11804e-20)
(0.501942 -0.602147 3.55593e-20)
(0.569794 -0.641281 4.85639e-20)
(0.617642 -0.647567 -1.19108e-19)
(0.651989 -0.63324 9.32223e-20)
(0.677946 -0.607658 2.66036e-20)
(0.114465 -0.151438 -2.89471e-20)
(0.289266 -0.372229 -8.78274e-21)
(0.423812 -0.520618 1.36662e-20)
(0.522106 -0.608469 -1.01929e-19)
(0.591535 -0.649121 5.69247e-20)
(0.639801 -0.656401 1.02349e-19)
(0.673779 -0.642576 7.7609e-21)
(0.698897 -0.617115 -4.93145e-20)
(0.718914 -0.586444 -8.54268e-20)
(0.11919 -0.151669 3.05695e-20)
(0.301194 -0.373788 -9.07038e-21)
(0.440751 -0.52403 1.27815e-20)
(0.542229 -0.61373 1.08263e-21)
(0.613317 -0.655903 -2.97692e-20)
(0.662071 -0.664232 -3.85783e-20)
(0.695731 -0.650985 -3.76337e-20)
(0.72004 -0.625722 1.04841e-20)
(0.738996 -0.594989 1.05646e-20)
(0.123811 -0.151583 -4.45516e-20)
(0.312944 -0.374608 4.47239e-20)
(0.457528 -0.52647 2.88431e-20)
(0.562258 -0.617925 2.45525e-20)
(0.635085 -0.66162 -3.16655e-20)
(0.684403 -0.671051 -3.79106e-20)
(0.717801 -0.658458 -1.20497e-20)
(0.741336 -0.633472 -7.75748e-20)
(0.759249 -0.602749 -6.45841e-20)
(0.774164 -0.570325 2.81586e-20)
(0.128312 -0.151182 1.65329e-20)
(0.324475 -0.374694 -1.94135e-20)
(0.47409 -0.52794 -1.40605e-20)
(0.582135 -0.621054 1.47342e-20)
(0.656787 -0.666269 -1.06013e-21)
(0.706747 -0.676855 -1.92886e-21)
(0.739945 -0.66499 7.29787e-20)
(0.762746 -0.640359 1.57216e-19)
(0.779638 -0.60972 4.45979e-20)
(0.793416 -0.577211 -1.62637e-21)
(0.132675 -0.150473 -9.85392e-21)
(0.33575 -0.374053 -1.04142e-20)
(0.490388 -0.528444 8.36005e-23)
(0.601805 -0.623117 4.16544e-21)
(0.678366 -0.669847 -7.28352e-21)
(0.729052 -0.681637 8.19361e-21)
(0.762116 -0.670576 -4.95111e-20)
(0.784229 -0.646379 -6.0775e-20)
(0.800127 -0.615898 -5.23866e-20)
(0.812781 -0.583369 -1.96248e-20)
(0.136885 -0.149461 8.51848e-21)
(0.346728 -0.372694 -1.26529e-20)
(0.506369 -0.527991 -2.31202e-21)
(0.621211 -0.624119 -3.77884e-21)
(0.699767 -0.672355 1.5611e-20)
(0.751267 -0.685397 -6.84686e-21)
(0.78427 -0.675213 4.45753e-21)
(0.805746 -0.65153 7.32802e-21)
(0.820682 -0.621281 1.53483e-20)
(0.832228 -0.588798 2.75971e-20)
(0.842142 -0.556437 -2.96866e-20)
(0.140926 -0.148152 -3.0063e-20)
(0.357373 -0.370629 1.86527e-20)
(0.521982 -0.526588 -6.57396e-21)
(0.640298 -0.624064 8.29785e-21)
(0.720935 -0.673794 8.64703e-21)
(0.77334 -0.688135 -1.86534e-21)
(0.80636 -0.678901 3.01354e-21)
(0.827255 -0.655811 2.87089e-20)
(0.841265 -0.625868 1.32362e-20)
(0.851726 -0.593496 -9.03074e-21)
(0.860512 -0.561134 3.86054e-20)
(0.86855 -0.529923 -1.6256e-21)
(0.144781 -0.146557 -7.07495e-21)
(0.367645 -0.36787 -3.89558e-21)
(0.537177 -0.52425 5.47347e-20)
(0.659008 -0.622961 -4.12986e-20)
(0.741813 -0.674171 1.02867e-20)
(0.795219 -0.689853 -1.43074e-20)
(0.828339 -0.68164 -1.14079e-21)
(0.848716 -0.659223 -4.61419e-21)
(0.861842 -0.62966 3.20357e-20)
(0.871242 -0.597466 1.79884e-20)
(0.878916 -0.565158 5.08568e-20)
(0.885859 -0.533936 1.11458e-20)
(0.148435 -0.144682 6.62705e-20)
(0.377509 -0.364435 5.04369e-21)
(0.551903 -0.52099 -7.18502e-20)
(0.677286 -0.620822 9.95284e-21)
(0.762345 -0.67349 -4.85216e-20)
(0.816851 -0.690555 1.72973e-20)
(0.85016 -0.683434 3.50011e-21)
(0.870088 -0.661766 -8.49614e-21)
(0.882376 -0.632659 1.89525e-21)
(0.890745 -0.600709 -2.68614e-20)
(0.897324 -0.568514 -1.74377e-20)
(0.903183 -0.537331 -2.46115e-20)
(0.908787 -0.507654 -2.06981e-20)
(0.38693 -0.360339 -7.15699e-20)
(0.566111 -0.516825 2.08841e-20)
(0.695075 -0.61766 5.92965e-20)
(0.782474 -0.671763 4.27732e-20)
(0.838183 -0.690247 2.4117e-20)
(0.871775 -0.684286 1.41055e-22)
(0.891329 -0.663446 7.36086e-21)
(0.902831 -0.634869 8.86266e-21)
(0.910203 -0.603229 1.72429e-21)
(0.915708 -0.571203 -5.51715e-20)
(0.920496 -0.540109 -4.50597e-20)
(0.925071 -0.510477 1.57827e-20)
(0.395869 -0.355602 8.54092e-20)
(0.579752 -0.511774 -1.19725e-21)
(0.71232 -0.613491 -1.68122e-22)
(0.802144 -0.669 1.55606e-20)
(0.859163 -0.688937 -1.16235e-20)
(0.893138 -0.684202 1.88666e-20)
(0.912397 -0.664267 -7.97101e-21)
(0.923171 -0.636294 9.91309e-21)
(0.929584 -0.605031 -3.42641e-21)
(0.93404 -0.573231 2.72128e-20)
(0.937774 -0.542275 2.46677e-20)
(0.941332 -0.512732 3.09958e-20)
(0.944918 -0.484766 7.0285e-21)
(0.592778 -0.505858 -5.17193e-20)
(0.728966 -0.608332 -1.865e-20)
(0.821299 -0.665216 -9.9554e-20)
(0.879736 -0.686635 4.0165e-20)
(0.9142 -0.68319 5.73455e-21)
(0.93325 -0.664236 3.90875e-21)
(0.943361 -0.636941 -5.03811e-20)
(0.948857 -0.60612 8.47425e-21)
(0.952293 -0.574604 -1.641e-21)
(0.954991 -0.543834 7.619e-22)
(0.957547 -0.514422 -2.21314e-20)
(0.960182 -0.486554 8.46564e-21)
(0.744957 -0.602205 4.67837e-21)
(0.839881 -0.660425 4.09752e-20)
(0.899849 -0.683354 1.39938e-20)
(0.934913 -0.68126 -2.20843e-20)
(0.953847 -0.663361 -2.45175e-20)
(0.963362 -0.636817 2.66634e-20)
(0.967991 -0.606504 5.04672e-22)
(0.970439 -0.575328 -7.18506e-21)
(0.972124 -0.544794 1.53234e-21)
(0.973693 -0.515556 -2.79022e-22)
(0.975392 -0.487822 -1.61562e-20)
(0.977294 -0.46161 -2.47309e-20)
(0.857835 -0.654648 -8.3353e-20)
(0.91945 -0.679107 4.66538e-20)
(0.955229 -0.678423 -3.91603e-20)
(0.974146 -0.661651 2.14217e-20)
(0.983141 -0.635931 -2.83041e-20)
(0.986955 -0.606191 -8.89173e-21)
(0.988451 -0.575412 4.65921e-21)
(0.989148 -0.545162 -1.16414e-20)
(0.98975 -0.516139 -4.96275e-21)
(0.99053 -0.488578 1.56301e-20)
(0.991576 -0.462509 -6.08197e-21)
(0.992924 -0.437891 1.5361e-20)
(0.875106 -0.647905 -1.10491e-19)
(0.938483 -0.673911 -9.48667e-20)
(0.9751 -0.674691 2.42002e-20)
(0.994104 -0.659117 -4.57552e-21)
(1.00266 -0.634294 -1.7615e-20)
(1.00572 -0.605192 8.25612e-20)
(1.0063 -0.574865 -5.39509e-22)
(1.00604 -0.544947 2.23937e-20)
(1.0057 -0.516181 -6.39135e-21)
(1.00558 -0.48883 2.86517e-22)
(1.00579 -0.462938 7.46525e-21)
(1.00637 -0.438477 -1.22888e-20)
(1.00748 -0.415382 1.09115e-20)
(0.956897 -0.667783 9.60422e-20)
(0.994477 -0.670079 -3.67283e-20)
(1.01368 -0.655772 -3.08409e-20)
(1.02188 -0.631915 6.81298e-20)
(1.02425 -0.603516 -3.03495e-20)
(1.02396 -0.573697 -4.00626e-20)
(1.02278 -0.544158 5.35222e-21)
(1.02151 -0.515691 1.17606e-20)
(1.02051 -0.488586 -5.24621e-21)
(1.01991 -0.462905 -3.63675e-21)
(1.01975 -0.438633 7.86169e-21)
(1.0202 -0.415715 -4.77446e-21)
(1.01331 -0.664603 -3.79675e-20)
(1.03283 -0.651629 -2.80252e-20)
(1.04078 -0.628808 -9.08128e-20)
(1.04252 -0.601176 -3.45976e-20)
(1.04141 -0.57192 7.29968e-20)
(1.03933 -0.542807 -8.55163e-21)
(1.03718 -0.514678 7.64946e-22)
(1.03532 -0.487856 3.62034e-21)
(1.03392 -0.462419 1.93372e-21)
(1.03305 -0.438367 3.28335e-21)
(1.03285 -0.415655 3.38098e-21)
(1.03357 -0.394191 -6.80187e-21)
(1.05151 -0.646705 8.37406e-20)
(1.0593 -0.624987 1.99021e-20)
(1.06049 -0.598184 2.75124e-20)
(1.05862 -0.569546 -3.71305e-20)
(1.05569 -0.540906 5.28122e-20)
(1.05267 -0.513156 1.84485e-20)
(1.04998 -0.486651 -5.10303e-21)
(1.0478 -0.461491 6.99404e-21)
(1.04623 -0.437688 1.24611e-20)
(1.0454 -0.415208 3.8321e-21)
(1.04552 -0.393955 1.97191e-21)
(1.04615 -0.374485 1.28636e-20)
(1.06969 -0.641014 -9.761e-20)
(1.07742 -0.620466 -2.96108e-21)
(1.07814 -0.594555 -6.79653e-20)
(1.07557 -0.566589 4.00035e-20)
(1.07182 -0.538467 -1.15967e-20)
(1.06797 -0.511134 -4.64326e-20)
(1.06448 -0.484982 -8.04444e-21)
(1.06155 -0.46013 8.34692e-21)
(1.05929 -0.436605 -2.01535e-20)
(1.05783 -0.414383 5.61751e-22)
(1.05734 -0.393361 -2.73376e-22)
(1.05734 -0.374065 -9.5676e-22)
(1.05683 -0.356934 1.10152e-20)
(1.09511 -0.615262 -8.28686e-20)
(1.09544 -0.590304 1.42411e-19)
(1.09222 -0.563063 -3.5389e-20)
(1.08771 -0.535504 -6.92395e-21)
(1.08306 -0.508627 1.46092e-20)
(1.07879 -0.48286 3.30546e-20)
(1.07513 -0.458347 6.34201e-21)
(1.0722 -0.435127 -4.29333e-21)
(1.07012 -0.413187 -4.19846e-21)
(1.06902 -0.392415 -5.73285e-21)
(1.06839 -0.373304 1.06582e-20)
(1.06718 -0.356308 -3.02424e-21)
(1.11236 -0.585445 -4.30113e-20)
(1.10856 -0.558982 -1.25907e-19)
(1.10333 -0.532031 -1.21253e-20)
(1.09792 -0.505647 -1.50973e-20)
(1.0929 -0.480299 -3.69095e-20)
(1.08854 -0.456153 -3.66492e-20)
(1.08495 -0.433264 -1.93397e-20)
(1.08226 -0.411627 -1.26104e-20)
(1.08054 -0.391123 -3.6162e-21)
(1.07928 -0.37221 -1.08485e-20)
(1.07741 -0.355367 -9.25136e-21)
(1.12456 -0.554362 1.91442e-19)
(1.11866 -0.528062 -3.37869e-21)
(1.11253 -0.502208 5.45951e-20)
(1.10679 -0.47731 1.6181e-20)
(1.10175 -0.45356 5.6985e-21)
(1.09753 -0.431026 2.77134e-20)
(1.09423 -0.409711 3.26266e-20)
(1.09191 -0.389494 -1.78968e-20)
(1.09002 -0.370793 2.2157e-20)
(1.08752 -0.354118 7.75124e-21)
(1.13369 -0.523614 -1.50086e-19)
(1.12687 -0.498325 -9.11303e-20)
(1.12045 -0.473907 -5.68544e-20)
(1.11475 -0.450579 2.34887e-20)
(1.10991 -0.428423 -6.90986e-20)
(1.10602 -0.40745 -3.14377e-20)
(1.10309 -0.387536 4.09612e-21)
(1.10061 -0.369061 3.48253e-22)
(1.0975 -0.352573 7.10063e-21)
(1.14093 -0.494013 8.03496e-20)
(1.13386 -0.470104 1.11986e-19)
(1.12753 -0.447222 3.35415e-21)
(1.12209 -0.425466 2.57847e-20)
(1.11761 -0.404853 4.64431e-20)
(1.1141 -0.385257 -9.36085e-21)
(1.11102 -0.367025 1.59377e-23)
(1.10734 -0.350741 1.75545e-20)
(1.14701 -0.465915 -3.14906e-20)
(1.14006 -0.443504 -1.47073e-20)
(1.13405 -0.422167 1.11065e-20)
(1.12901 -0.401931 -6.08151e-20)
(1.12491 -0.382669 -1.09356e-20)
(1.12126 -0.364694 -6.99677e-21)
(1.11704 -0.34863 -1.11336e-20)
(1.14577 -0.418537 5.08493e-20)
(1.14018 -0.398695 7.73841e-20)
(1.13553 -0.379782 -1.5182e-21)
(1.13133 -0.362079 -1.36642e-20)
(1.12659 -0.346252 -3.65947e-20)
(1.15114 -0.395156 -2.37756e-20)
(1.14594 -0.376606 1.82831e-20)
(1.14121 -0.359189 6.19481e-20)
(1.13598 -0.343614 -5.277e-22)
(1.15614 -0.373152 -4.54348e-20)
(1.1509 -0.356037 8.17896e-21)
(1.14521 -0.340727 2.79138e-20)
(1.1604 -0.352632 -6.1958e-20)
(1.15427 -0.3376 -3.39595e-20)
(1.06928 -0.00167282 -7.21717e-22)
(1.06989 -0.00166256 -2.5832e-22)
(1.0705 -0.00165224 2.20742e-22)
(1.07111 -0.00164187 9.95318e-25)
(1.07172 -0.00163148 5.36505e-24)
(1.07232 -0.00162107 3.82693e-22)
(1.07293 -0.00161065 -4.07512e-22)
(1.07353 -0.00160024 4.31245e-22)
(1.07413 -0.00158982 3.75594e-22)
(1.07473 -0.00157942 -7.91593e-22)
(1.07532 -0.00156903 6.37866e-22)
(1.06941 -0.00501687 4.64891e-22)
(1.07002 -0.00498977 -5.59216e-23)
(1.07064 -0.00496238 -1.05639e-22)
(1.07125 -0.00493472 -3.05676e-22)
(1.07185 -0.00490678 9.77695e-23)
(1.07246 -0.00487857 9.60891e-23)
(1.07307 -0.00485009 -2.59349e-22)
(1.07367 -0.00482134 6.02954e-22)
(1.07428 -0.00479233 -5.98618e-22)
(1.07488 -0.00476306 1.89671e-22)
(1.07548 -0.00473353 2.71341e-23)
(1.0697 -0.00829926 -4.2347e-22)
(1.07032 -0.00825404 -4.25327e-22)
(1.07093 -0.00820831 8.2007e-22)
(1.07155 -0.00816208 4.50595e-22)
(1.07216 -0.00811537 -8.49557e-22)
(1.07277 -0.0080682 -2.55647e-22)
(1.07338 -0.00802056 1.90728e-22)
(1.07399 -0.00797247 5.39019e-22)
(1.0746 -0.00792395 -5.20692e-22)
(1.0752 -0.00787499 3.75177e-22)
(1.0758 -0.00782561 -2.78384e-22)
(1.07013 -0.0115498 5.57828e-22)
(1.07075 -0.0114873 -1.94846e-22)
(1.07137 -0.0114241 -6.54008e-22)
(1.07199 -0.0113601 1.01007e-21)
(1.07261 -0.0112955 -3.42796e-22)
(1.07322 -0.0112303 2.2323e-23)
(1.07384 -0.0111644 -1.49359e-22)
(1.07445 -0.0110978 -4.53112e-22)
(1.07507 -0.0110306 3.82551e-22)
(1.07568 -0.0109628 1.04699e-23)
(1.07629 -0.0108944 -3.40041e-23)
(1.07069 -0.0147772 -4.74054e-22)
(1.07131 -0.0146972 -4.18321e-22)
(1.07194 -0.0146162 2.20262e-22)
(1.07256 -0.0145344 -3.0574e-22)
(1.07319 -0.0144517 -1.76364e-23)
(1.07381 -0.0143682 5.73331e-22)
(1.07444 -0.0142838 9.89959e-23)
(1.07506 -0.0141986 -1.5668e-23)
(1.07568 -0.0141125 5.00917e-23)
(1.0763 -0.0140257 -5.83342e-22)
(1.07692 -0.013938 6.95376e-22)
(1.07136 -0.0179961 -2.43866e-22)
(1.07199 -0.0178987 -2.20353e-23)
(1.07263 -0.0178002 6.4942e-24)
(1.07326 -0.0177006 3.82191e-22)
(1.0739 -0.0175999 -6.81418e-22)
(1.07453 -0.0174982 2.49951e-22)
(1.07516 -0.0173955 3.67935e-22)
(1.07579 -0.0172917 -2.0769e-23)
(1.07642 -0.017187 -2.13761e-23)
(1.07706 -0.0170812 -2.39423e-23)
(1.07768 -0.0169745 -5.01991e-23)
(1.07214 -0.0212169 3.27293e-22)
(1.07278 -0.021102 -3.60425e-22)
(1.07343 -0.0209858 4.06192e-22)
(1.07407 -0.0208683 -9.30404e-22)
(1.07472 -0.0207495 2.61937e-23)
(1.07536 -0.0206296 6.27946e-22)
(1.076 -0.0205084 -2.68791e-22)
(1.07665 -0.020386 -1.50829e-22)
(1.07729 -0.0202624 3.87086e-22)
(1.07793 -0.0201376 -1.90929e-23)
(1.07857 -0.0200116 -3.02398e-22)
(1.07367 -0.0243175 -1.33283e-22)
(1.07432 -0.0241834 9.11781e-23)
(1.07498 -0.0240479 -1.65152e-22)
(1.07564 -0.023911 4.87646e-22)
(1.0763 -0.0237726 -3.54307e-22)
(1.07695 -0.0236328 8.18872e-23)
(1.07761 -0.0234916 -6.50513e-23)
(1.07827 -0.023349 2.44233e-22)
(1.07892 -0.0232051 -1.28793e-22)
(1.07958 -0.0230598 -1.97469e-22)
(1.07464 -0.0275541 1.71862e-22)
(1.07531 -0.027402 2.60865e-22)
(1.07598 -0.0272482 2.07271e-22)
(1.07665 -0.0270928 -3.35232e-22)
(1.07733 -0.0269358 -5.53836e-23)
(1.078 -0.0267772 5.07914e-22)
(1.07867 -0.026617 -5.62786e-23)
(1.07934 -0.0264552 -5.72904e-22)
(1.08001 -0.0262919 2.41581e-22)
(1.08069 -0.0261271 -9.6706e-23)
(1.07569 -0.0308201 -2.92927e-22)
(1.07638 -0.0306496 1.61351e-22)
(1.07706 -0.0304773 2.33619e-24)
(1.07775 -0.0303031 -1.57071e-22)
(1.07844 -0.0301272 3.46062e-22)
(1.07913 -0.0299495 -2.17124e-22)
(1.07982 -0.02977 9.7083e-24)
(1.08051 -0.0295888 2.06826e-22)
(1.0812 -0.0294058 1.11254e-22)
(1.08189 -0.0292211 -1.04475e-22)
(1.07681 -0.0341229 2.73353e-22)
(1.07751 -0.0339337 -4.44534e-22)
(1.07822 -0.0337425 3.34665e-22)
(1.07892 -0.0335492 3.77287e-22)
(1.07963 -0.033354 -3.60705e-22)
(1.08034 -0.0331569 1.80084e-22)
(1.08105 -0.0329577 1.64627e-22)
(1.08176 -0.0327567 -1.59276e-22)
(1.08247 -0.0325537 3.66074e-23)
(1.08317 -0.0323489 1.63715e-22)
(1.07798 -0.0374695 1.14135e-22)
(1.07871 -0.0372611 -3.13808e-22)
(1.07943 -0.0370505 -1.92755e-22)
(1.08016 -0.0368378 1.75965e-22)
(1.08089 -0.0366229 -1.09638e-22)
(1.08162 -0.0364059 -9.9898e-24)
(1.08235 -0.0361867 -2.14379e-23)
(1.08308 -0.0359654 2.56105e-22)
(1.08381 -0.0357421 -2.10869e-22)
(1.08454 -0.0355166 -2.01665e-22)
(1.07921 -0.040866 -3.66094e-22)
(1.07995 -0.040638 4.99051e-22)
(1.0807 -0.0404077 -3.9853e-22)
(1.08145 -0.040175 2.70414e-23)
(1.0822 -0.0399399 2.10631e-22)
(1.08295 -0.0397026 5.00512e-23)
(1.08371 -0.0394629 -1.20703e-22)
(1.08446 -0.0392209 1.70085e-22)
(1.08522 -0.0389766 7.73142e-23)
(1.08597 -0.0387301 1.58299e-22)
(1.08047 -0.0443183 -2.22964e-23)
(1.08124 -0.0440702 -5.7792e-22)
(1.08202 -0.0438196 3.36689e-22)
(1.08279 -0.0435664 -2.92809e-22)
(1.08357 -0.0433107 3.64105e-22)
(1.08434 -0.0430525 -5.31836e-23)
(1.08512 -0.0427917 -8.46256e-23)
(1.0859 -0.0425285 -2.45288e-23)
(1.08668 -0.0422629 -1.7403e-22)
(1.08746 -0.0419947 -2.33873e-23)
(1.08177 -0.0478319 -2.01691e-22)
(1.08257 -0.0475632 6.05142e-22)
(1.08337 -0.0472917 1.3569e-22)
(1.08417 -0.0470174 -6.89662e-22)
(1.08497 -0.0467405 -8.37407e-23)
(1.08578 -0.0464608 2.11433e-23)
(1.08658 -0.0461784 1.69477e-22)
(1.08739 -0.0458934 1.79335e-22)
(1.0882 -0.0456057 9.44326e-23)
(1.08901 -0.0453154 -5.22206e-23)
(1.08982 -0.0450224 -4.91124e-23)
(1.08309 -0.0514119 8.50928e-22)
(1.08392 -0.0511219 -6.62941e-22)
(1.08475 -0.0508289 -1.75593e-22)
(1.08558 -0.050533 7.26473e-23)
(1.08641 -0.0502342 -1.47746e-22)
(1.08725 -0.0499324 2.20776e-22)
(1.08809 -0.0496278 -1.48846e-22)
(1.08892 -0.0493203 1.39127e-23)
(1.08976 -0.0490099 -4.92869e-23)
(1.0906 -0.0486967 -1.40828e-23)
(1.09144 -0.0483807 3.09698e-23)
(1.08443 -0.0550631 1.72936e-22)
(1.08529 -0.0547512 -7.69024e-23)
(1.08615 -0.0544361 -5.69842e-23)
(1.08702 -0.0541178 3.47545e-22)
(1.08788 -0.0537964 -3.96685e-22)
(1.08875 -0.0534719 -1.45173e-22)
(1.08962 -0.0531443 1.09437e-23)
(1.09049 -0.0528137 1.1966e-22)
(1.09136 -0.0524799 1.0527e-22)
(1.09223 -0.0521432 -1.11204e-23)
(1.0931 -0.0518033 9.21816e-24)
(1.08578 -0.0587901 -6.36173e-22)
(1.08668 -0.0584556 7.53169e-23)
(1.08757 -0.0581176 2.23794e-22)
(1.08847 -0.0577763 -2.04299e-22)
(1.08937 -0.0574317 2.07126e-22)
(1.09027 -0.0570837 2.93049e-22)
(1.09118 -0.0567324 -1.37273e-22)
(1.09208 -0.0563778 -1.13858e-23)
(1.09299 -0.0560199 -4.02475e-23)
(1.09389 -0.0556588 -4.90717e-23)
(1.0948 -0.0552944 2.74019e-23)
(1.08713 -0.0625974 3.61561e-23)
(1.08806 -0.0622395 1.55374e-22)
(1.089 -0.061878 2.74342e-22)
(1.08993 -0.0615128 4.8946e-23)
(1.09087 -0.0611442 -1.4592e-23)
(1.09181 -0.0607719 -1.5314e-22)
(1.09275 -0.0603961 -3.86398e-23)
(1.0937 -0.0600168 2.59275e-23)
(1.09464 -0.0596339 -5.61053e-23)
(1.09558 -0.0592476 -9.65251e-23)
(1.09653 -0.0588578 -9.58721e-23)
(1.08848 -0.0664891 1.70759e-22)
(1.08945 -0.0661071 -2.56897e-22)
(1.09042 -0.0657212 2.7738e-22)
(1.0914 -0.0653315 -1.01058e-22)
(1.09238 -0.0649379 2.53207e-23)
(1.09336 -0.0645406 -4.01107e-23)
(1.09434 -0.0641394 3.04412e-23)
(1.09533 -0.0637345 -1.84169e-23)
(1.09631 -0.0633258 1.18184e-22)
(1.0973 -0.0629134 3.348e-22)
(1.09828 -0.0624972 3.56563e-22)
(1.08981 -0.0704694 1.25083e-22)
(1.09083 -0.0700625 -4.82451e-22)
(1.09184 -0.0696514 -6.03244e-23)
(1.09287 -0.0692362 -1.08454e-22)
(1.09389 -0.068817 9.92995e-23)
(1.09491 -0.0683936 5.67994e-23)
(1.09594 -0.0679662 -3.67576e-23)
(1.09697 -0.0675348 -4.09799e-23)
(1.09799 -0.0670993 -6.78563e-24)
(1.09902 -0.0666598 -1.54752e-22)
(1.10005 -0.0662164 -2.92228e-22)
(1.09112 -0.0745423 -1.2163e-22)
(1.09219 -0.0741096 1.07639e-22)
(1.09325 -0.0736726 8.93398e-23)
(1.09432 -0.0732311 -3.87659e-24)
(1.09539 -0.0727852 -1.61434e-23)
(1.09646 -0.072335 1.43085e-23)
(1.09754 -0.0718804 8.87187e-23)
(1.09861 -0.0714214 5.72557e-23)
(1.09968 -0.0709581 -8.49576e-23)
(1.10076 -0.0704906 -1.26953e-23)
(1.10184 -0.0700188 -9.99808e-23)
(1.09241 -0.0787117 -4.0004e-23)
(1.09352 -0.0782525 -1.60443e-22)
(1.09464 -0.0777886 -4.12565e-23)
(1.09576 -0.0773199 -1.00223e-23)
(1.09688 -0.0768465 2.61403e-25)
(1.098 -0.0763683 4.7023e-24)
(1.09913 -0.0758855 1.65353e-22)
(1.10025 -0.075398 -5.00864e-22)
(1.10138 -0.0749059 2.48197e-22)
(1.1025 -0.0744092 -1.48e-22)
(1.10363 -0.0739079 -4.9156e-22)
(1.09366 -0.0829817 2.79301e-22)
(1.09483 -0.0824951 2.4225e-22)
(1.09601 -0.0820033 1.76649e-23)
(1.09718 -0.0815065 1.07715e-23)
(1.09836 -0.0810045 -7.61403e-23)
(1.09953 -0.0804975 9.07074e-23)
(1.10071 -0.0799854 -4.28903e-23)
(1.10189 -0.0794683 2.85806e-22)
(1.10307 -0.0789462 1.01038e-22)
(1.10425 -0.0784192 5.40814e-22)
(1.10543 -0.0778872 3.2167e-22)
(1.09488 -0.0873561 3.87828e-23)
(1.09611 -0.0868412 -5.73164e-23)
(1.09734 -0.0863207 -2.15747e-23)
(1.09858 -0.0857947 -2.07514e-23)
(1.09981 -0.0852632 1.22368e-22)
(1.10105 -0.0847262 -2.6818e-22)
(1.10228 -0.0841838 9.71797e-23)
(1.10352 -0.0836359 1.53597e-22)
(1.10475 -0.0830827 7.541e-22)
(1.10599 -0.0825241 -5.79813e-22)
(1.10723 -0.0819602 2.43743e-22)
(1.09605 -0.0918388 -3.23932e-23)
(1.09735 -0.0912947 -9.59356e-23)
(1.09864 -0.0907445 1.86629e-24)
(1.09994 -0.0901884 -7.06341e-23)
(1.10124 -0.0896263 -6.14701e-24)
(1.10253 -0.0890583 2.52933e-22)
(1.10383 -0.0884843 -3.70617e-22)
(1.10513 -0.0879046 -8.69505e-22)
(1.10643 -0.0873189 -6.73437e-22)
(1.10773 -0.0867275 8.37318e-22)
(1.10902 -0.0861304 -1.15886e-22)
(1.09717 -0.0964337 -2.93019e-23)
(1.09854 -0.0958595 -5.43018e-23)
(1.0999 -0.0952788 -3.66006e-23)
(1.10126 -0.0946915 -7.00139e-23)
(1.10263 -0.0940977 -1.97173e-23)
(1.10399 -0.0934975 2.15168e-22)
(1.10536 -0.0928909 6.16192e-23)
(1.10672 -0.0922779 3.82504e-22)
(1.10809 -0.0916586 4.96138e-22)
(1.10945 -0.0910331 -2.34057e-22)
(1.11081 -0.0904013 3.884e-22)
(1.09823 -0.101145 -5.85848e-24)
(1.09967 -0.10054 1.38759e-22)
(1.10111 -0.0999273 -5.83562e-23)
(1.10255 -0.0993079 3.11461e-22)
(1.10398 -0.0986813 -7.81483e-23)
(1.10542 -0.0980478 -2.68337e-22)
(1.10686 -0.0974073 6.91923e-22)
(1.10829 -0.0967598 -1.03649e-21)
(1.10972 -0.0961055 3.14435e-22)
(1.11116 -0.0954444 -2.17226e-22)
(1.11259 -0.0947764 -6.11204e-22)
(1.09923 -0.105976 2.31931e-23)
(1.10075 -0.105339 -2.46807e-22)
(1.10227 -0.104694 2.46941e-22)
(1.10378 -0.104041 -1.42771e-22)
(1.1053 -0.103381 7.73541e-22)
(1.10681 -0.102713 7.92481e-23)
(1.10832 -0.102037 -2.31754e-22)
(1.10983 -0.101354 1.36094e-21)
(1.11134 -0.100663 -6.81618e-22)
(1.11284 -0.0999652 8.12998e-22)
(1.11435 -0.0992596 1.12895e-21)
(1.10016 -0.110931 3.68343e-23)
(1.10177 -0.110261 2.24029e-22)
(1.10337 -0.109583 9.73037e-23)
(1.10497 -0.108896 -1.97557e-22)
(1.10656 -0.108201 -8.37874e-22)
(1.10816 -0.107497 2.08842e-22)
(1.10975 -0.106785 4.34264e-22)
(1.11134 -0.106065 4.25713e-22)
(1.11293 -0.105336 2.12304e-22)
(1.11451 -0.104599 -2.05455e-21)
(1.11609 -0.103855 -1.31172e-21)
(1.10102 -0.116014 -5.86326e-23)
(1.10271 -0.115311 2.45146e-22)
(1.1044 -0.114599 -6.07824e-23)
(1.10609 -0.113877 1.69278e-22)
(1.10778 -0.113145 -3.57001e-22)
(1.10946 -0.112404 -4.94522e-22)
(1.11114 -0.111655 -7.94154e-22)
(1.11281 -0.110896 -1.36911e-21)
(1.11449 -0.110128 7.13621e-22)
(1.11615 -0.109351 -3.09057e-24)
(1.11782 -0.108565 2.50386e-21)
(1.10179 -0.12123 1.27697e-22)
(1.10358 -0.120492 3.21421e-22)
(1.10537 -0.119745 -2.91437e-22)
(1.10715 -0.118986 6.11508e-22)
(1.10893 -0.118218 1.29203e-21)
(1.11071 -0.117439 -1.0283e-21)
(1.11248 -0.11665 4.10423e-22)
(1.11425 -0.115851 -6.09634e-22)
(1.11601 -0.115042 2.91986e-22)
(1.11777 -0.114223 1.87449e-21)
(1.11952 -0.113395 -1.05099e-21)
(1.10247 -0.126581 1.39673e-22)
(1.10437 -0.125809 -5.80531e-22)
(1.10626 -0.125025 -1.06829e-21)
(1.10815 -0.12423 -6.24723e-22)
(1.11003 -0.123423 -5.66649e-22)
(1.11191 -0.122605 4.77677e-22)
(1.11377 -0.121775 5.70808e-22)
(1.11564 -0.120935 2.78376e-21)
(1.1175 -0.120083 -2.23934e-21)
(1.11935 -0.119221 -2.18514e-21)
(1.12119 -0.118348 -1.85127e-23)
(1.10306 -0.132073 5.04544e-22)
(1.10507 -0.131266 -8.07069e-23)
(1.10707 -0.130445 1.3309e-21)
(1.10907 -0.129612 -1.08802e-21)
(1.11106 -0.128765 1.06559e-21)
(1.11304 -0.127907 2.3845e-22)
(1.11502 -0.127035 -1.68725e-21)
(1.11698 -0.126152 -2.61606e-21)
(1.11894 -0.125256 -9.85076e-24)
(1.1209 -0.124349 1.6398e-21)
(1.12284 -0.12343 -4.4642e-22)
(1.10355 -0.13771 -7.42329e-22)
(1.10568 -0.136866 6.85662e-22)
(1.1078 -0.136008 2.34274e-22)
(1.10991 -0.135136 7.15318e-23)
(1.11202 -0.134249 -1.33494e-21)
(1.11411 -0.133349 -3.45703e-22)
(1.1162 -0.132434 1.90904e-21)
(1.11828 -0.131506 1.78254e-21)
(1.12035 -0.130565 -1.112e-22)
(1.12241 -0.12961 -1.00385e-21)
(1.12446 -0.128643 4.35116e-22)
(1.10393 -0.143495 6.12352e-22)
(1.10618 -0.142615 -5.86673e-22)
(1.10843 -0.141719 -2.66253e-22)
(1.11067 -0.140807 -7.08312e-22)
(1.1129 -0.139879 -8.17832e-22)
(1.11511 -0.138936 -4.75018e-22)
(1.11732 -0.137977 -1.29207e-21)
(1.11952 -0.137003 2.02383e-22)
(1.1217 -0.136014 2.72979e-21)
(1.12388 -0.135011 4.15545e-22)
(1.12604 -0.133993 -2.29385e-21)
(1.10419 -0.149433 -8.91526e-22)
(1.10659 -0.148516 -5.25107e-22)
(1.10897 -0.147582 -1.17553e-22)
(1.11134 -0.14663 3.26659e-23)
(1.1137 -0.14566 1.96772e-21)
(1.11604 -0.144672 8.83358e-22)
(1.11838 -0.143668 2.0475e-21)
(1.1207 -0.142646 -1.06615e-21)
(1.12301 -0.141608 -7.93435e-22)
(1.1253 -0.140554 1.58545e-22)
(1.12758 -0.139484 2.86479e-22)
(1.10433 -0.155527 -2.92531e-22)
(1.10687 -0.154575 -4.97987e-22)
(1.1094 -0.153602 6.17019e-22)
(1.11191 -0.152609 5.09427e-22)
(1.11441 -0.151596 -2.41402e-21)
(1.11689 -0.150563 2.22509e-21)
(1.11936 -0.149512 -4.30194e-22)
(1.12182 -0.148441 -2.50493e-22)
(1.12426 -0.147353 -1.08688e-22)
(1.12668 -0.146246 2.77594e-21)
(1.12909 -0.145121 -9.90996e-22)
(1.10434 -0.161783 2.54964e-22)
(1.10704 -0.160795 7.57952e-22)
(1.10972 -0.159783 1.81869e-22)
(1.11238 -0.158748 -4.25433e-23)
(1.11503 -0.157692 3.83755e-21)
(1.11766 -0.156614 1.92912e-21)
(1.12028 -0.155514 4.1669e-22)
(1.12287 -0.154393 5.06303e-22)
(1.12545 -0.153252 1.36638e-21)
(1.12801 -0.152091 -8.49581e-22)
(1.13056 -0.15091 -2.25794e-21)
(1.10708 -0.16718 -1.35899e-21)
(1.10992 -0.16613 7.04495e-22)
(1.11275 -0.165054 -3.70799e-22)
(1.11556 -0.163953 -2.501e-21)
(1.11834 -0.162828 -5.73894e-21)
(1.12111 -0.161679 -1.59437e-21)
(1.12386 -0.160507 -7.20843e-22)
(1.12658 -0.159312 -2.72932e-21)
(1.12929 -0.158094 -3.04917e-21)
(1.13198 -0.156854 3.3437e-21)
(1.10698 -0.173735 -3.87681e-22)
(1.11 -0.172647 -1.52137e-21)
(1.113 -0.17153 1.11726e-21)
(1.11598 -0.170385 3.86399e-21)
(1.11893 -0.169213 3.808e-21)
(1.12186 -0.168014 -5.84107e-21)
(1.12477 -0.166788 1.60695e-21)
(1.12765 -0.165537 -4.72238e-24)
(1.13052 -0.164261 3.15202e-21)
(1.13336 -0.16296 -1.10637e-21)
(1.10674 -0.180465 1.7114e-21)
(1.10995 -0.179339 1.03446e-21)
(1.11313 -0.178181 -1.57699e-21)
(1.11629 -0.176992 -3.21254e-21)
(1.11942 -0.175772 -7.22257e-21)
(1.12252 -0.174522 9.77968e-21)
(1.1256 -0.173242 -5.09999e-21)
(1.12865 -0.171934 3.77497e-21)
(1.13168 -0.170597 -3.1328e-21)
(1.13468 -0.169233 4.5758e-21)
(1.10635 -0.187374 4.18909e-22)
(1.10976 -0.186212 -9.42852e-22)
(1.11313 -0.185013 -1.42224e-21)
(1.11648 -0.18378 -5.20519e-21)
(1.1198 -0.182511 3.51884e-21)
(1.12309 -0.181209 -8.57915e-22)
(1.12635 -0.179874 3.5237e-21)
(1.12959 -0.178507 2.87165e-21)
(1.13279 -0.177109 2.01327e-21)
(1.13596 -0.17568 -6.30146e-22)
(1.1058 -0.194466 6.14226e-22)
(1.10942 -0.193269 -7.48113e-23)
(1.11301 -0.192031 -1.68709e-22)
(1.11656 -0.190753 7.84037e-21)
(1.12008 -0.189437 -2.48898e-21)
(1.12357 -0.188083 -5.46487e-21)
(1.12702 -0.186691 -6.26985e-21)
(1.13044 -0.185264 -1.10472e-20)
(1.13383 -0.183802 1.92133e-21)
(1.13719 -0.182305 -2.58923e-21)
(1.10509 -0.201745 -5.50188e-22)
(1.10893 -0.200515 3.00634e-21)
(1.11274 -0.199239 1.7829e-21)
(1.11651 -0.197918 -3.72377e-21)
(1.12024 -0.196554 2.30803e-21)
(1.12394 -0.195147 2.02821e-21)
(1.1276 -0.193699 2.49881e-21)
(1.13122 -0.19221 1.02464e-20)
(1.13481 -0.190682 -4.12619e-21)
(1.13836 -0.189116 2.87351e-21)
(1.1042 -0.209217 -1.05874e-21)
(1.10828 -0.207956 1.37282e-21)
(1.11232 -0.206643 -1.83666e-21)
(1.11633 -0.205281 1.84876e-21)
(1.12029 -0.203869 -4.30885e-22)
(1.12421 -0.20241 2.27295e-21)
(1.12808 -0.200904 6.31928e-21)
(1.13192 -0.199353 4.38669e-21)
(1.13572 -0.197758 -3.26993e-21)
(1.13947 -0.19612 -4.10857e-21)
(1.10313 -0.216884 -5.39296e-22)
(1.10747 -0.215595 -6.26297e-21)
(1.11176 -0.214249 3.60216e-21)
(1.116 -0.212846 -5.52762e-21)
(1.12021 -0.211388 5.23952e-21)
(1.12436 -0.209876 -9.57724e-22)
(1.12847 -0.208313 5.34996e-23)
(1.13254 -0.206698 -2.60326e-21)
(1.13656 -0.205034 4.98329e-21)
(1.14053 -0.203322 -9.55605e-22)
(1.10187 -0.224751 1.29439e-21)
(1.10648 -0.223438 -2.33548e-22)
(1.11103 -0.22206 -3.64032e-21)
(1.11554 -0.220619 5.52416e-21)
(1.12 -0.219117 1.21171e-21)
(1.12441 -0.217554 -4.71033e-21)
(1.12876 -0.215932 -7.9323e-21)
(1.13307 -0.214254 -1.91455e-21)
(1.13733 -0.21252 -5.46402e-22)
(1.14153 -0.210732 4.04894e-22)
(1.10042 -0.232821 -6.30703e-23)
(1.10531 -0.231489 7.03292e-21)
(1.11014 -0.230083 7.83771e-21)
(1.11493 -0.228607 -3.63912e-21)
(1.11965 -0.227061 -3.3647e-21)
(1.12433 -0.225448 1.24662e-20)
(1.12895 -0.223769 1.31939e-20)
(1.13351 -0.222026 -6.53494e-21)
(1.13802 -0.220222 1.36989e-20)
(1.14247 -0.218357 3.62392e-21)
(1.09875 -0.241097 4.3866e-22)
(1.10395 -0.239751 -2.29381e-21)
(1.10908 -0.238323 -9.11002e-21)
(1.11415 -0.236814 7.25246e-21)
(1.11917 -0.235228 -6.95215e-21)
(1.12413 -0.233566 -8.04133e-21)
(1.12903 -0.231831 -5.35257e-21)
(1.13386 -0.230024 1.53975e-20)
(1.13864 -0.228147 -8.83693e-21)
(1.14335 -0.226203 6.33109e-21)
(1.09687 -0.249582 -2.29886e-22)
(1.10239 -0.248228 -2.83594e-21)
(1.10783 -0.246782 8.90999e-21)
(1.11322 -0.245246 -9.66101e-21)
(1.11854 -0.243623 3.3367e-21)
(1.1238 -0.241915 -2.4021e-21)
(1.12899 -0.240124 -4.74572e-21)
(1.13412 -0.238253 -1.70529e-20)
(1.13917 -0.236305 -1.17064e-20)
(1.14416 -0.23428 -2.92177e-21)
(1.09477 -0.258276 4.95959e-22)
(1.10061 -0.256922 4.25665e-21)
(1.1064 -0.255464 -6.63169e-21)
(1.11211 -0.253906 8.11225e-21)
(1.11776 -0.25225 2.15738e-22)
(1.12333 -0.250499 8.28188e-21)
(1.12884 -0.248656 8.01174e-21)
(1.13427 -0.246722 1.69924e-21)
(1.13963 -0.244701 1.18997e-20)
(1.14491 -0.242596 8.63012e-21)
(1.09242 -0.267179 3.52719e-22)
(1.09862 -0.265833 -1.8089e-21)
(1.10475 -0.264372 1.76055e-21)
(1.11082 -0.262798 -1.09114e-20)
(1.1168 -0.261115 -2.92545e-21)
(1.12272 -0.259325 -6.03864e-21)
(1.12855 -0.257431 -8.43841e-21)
(1.13431 -0.255437 1.17178e-20)
(1.13999 -0.253344 -8.26519e-21)
(1.14559 -0.251158 -8.6621e-21)
(1.0898 -0.276288 7.64298e-22)
(1.09639 -0.274962 -3.03841e-21)
(1.10289 -0.273506 -1.44249e-22)
(1.10932 -0.271925 9.26307e-21)
(1.11568 -0.270221 6.50193e-21)
(1.12195 -0.268397 7.49818e-21)
(1.12814 -0.266457 -5.95612e-21)
(1.13424 -0.264404 -2.21994e-20)
(1.14026 -0.262242 8.65754e-21)
(1.14619 -0.259975 2.71022e-21)
(1.08691 -0.285601 -3.95015e-21)
(1.09389 -0.284306 -7.11864e-22)
(1.10079 -0.282867 7.65711e-22)
(1.10762 -0.281288 -9.01966e-21)
(1.11435 -0.279571 -4.06564e-21)
(1.12101 -0.277721 -1.58778e-20)
(1.12757 -0.27574 1.51775e-20)
(1.13404 -0.273634 1.15579e-20)
(1.14043 -0.271406 3.45104e-21)
(1.14671 -0.26906 -1.62893e-22)
(1.15291 -0.2666 -1.1106e-20)
(1.08372 -0.295111 7.37371e-22)
(1.09112 -0.293864 -2.80194e-21)
(1.09845 -0.292456 -5.51584e-22)
(1.10568 -0.290891 1.06919e-20)
(1.11283 -0.289174 6.88315e-22)
(1.11989 -0.287307 6.20812e-21)
(1.12686 -0.285295 3.78274e-21)
(1.13373 -0.283143 2.11421e-20)
(1.14051 -0.280855 -4.18791e-21)
(1.14718 -0.278436 -2.26217e-20)
(1.15375 -0.275889 4.10382e-21)
(1.08022 -0.304827 5.0757e-22)
(1.08808 -0.30365 3.32756e-21)
(1.09585 -0.302294 -3.80079e-21)
(1.10354 -0.300764 -2.4684e-21)
(1.11114 -0.299063 -1.89018e-21)
(1.11864 -0.297195 1.07104e-20)
(1.12605 -0.295167 -2.62793e-20)
(1.13335 -0.292981 -2.64963e-20)
(1.14055 -0.290643 -2.42228e-20)
(1.14765 -0.288159 2.82681e-20)
(1.15464 -0.285532 -2.5434e-20)
(1.07645 -0.314856 1.11371e-21)
(1.08481 -0.313776 3.43021e-21)
(1.09308 -0.312498 6.26582e-21)
(1.10126 -0.311024 -4.5163e-21)
(1.10936 -0.30936 4.70754e-21)
(1.11735 -0.30751 -1.16352e-20)
(1.12525 -0.305478 1.04702e-20)
(1.13304 -0.30327 1.18221e-20)
(1.14072 -0.300891 2.73451e-20)
(1.14828 -0.298346 -1.43748e-20)
(1.15573 -0.295641 2.63644e-20)
(1.07287 -0.325157 -4.95156e-22)
(1.08178 -0.324219 7.16538e-22)
(1.0906 -0.323055 -2.055e-21)
(1.09933 -0.321669 8.74553e-21)
(1.10796 -0.320067 -5.33146e-21)
(1.1165 -0.318252 -3.80741e-21)
(1.12492 -0.31623 -1.55077e-20)
(1.13322 -0.314008 -1.80772e-20)
(1.1414 -0.311591 -1.26763e-20)
(1.14946 -0.308985 7.74757e-21)
(1.15739 -0.306197 1.01703e-20)
(1.07011 -0.336657 3.02218e-22)
(1.0796 -0.335852 -4.40364e-21)
(1.089 -0.334784 -8.90305e-22)
(1.09829 -0.33346 -4.09703e-21)
(1.10747 -0.331884 -9.52381e-21)
(1.11653 -0.330064 1.26217e-20)
(1.12547 -0.328007 2.20673e-20)
(1.13427 -0.325719 1.95064e-20)
(1.14293 -0.323209 3.6004e-21)
(1.15145 -0.320484 -6.67954e-21)
(1.15982 -0.317552 -4.15961e-21)
)
;

boundaryField
{
    inlet
    {
        type            uniformFixedValue;
        uniformValue    constant (1 0 0);
        value           nonuniform 0();
    }
    outlet
    {
        type            pressureInletOutletVelocity;
        value           nonuniform 0();
    }
    cylinder
    {
        type            fixedValue;
        value           uniform (0 0 0);
    }
    top
    {
        type            symmetryPlane;
    }
    bottom
    {
        type            symmetryPlane;
    }
    defaultFaces
    {
        type            empty;
    }
    procBoundary4to3
    {
        type            processor;
        value           nonuniform List<vector> 
130
(
(0.0623748 -0.0188336 -3.69423e-21)
(0.0638172 -0.0423903 3.98798e-21)
(0.0661424 -0.0658364 -1.65488e-20)
(0.0693437 -0.0891269 2.96285e-20)
(0.0734122 -0.112217 2.21289e-20)
(0.0734122 -0.112217 2.21289e-20)
(0.125422 -0.153085 1.83999e-21)
(0.131886 -0.178785 -1.19482e-19)
(0.139284 -0.204137 7.48433e-20)
(0.1476 -0.229096 -7.54984e-20)
(0.156813 -0.25362 -6.48881e-20)
(0.166901 -0.277663 3.84121e-20)
(0.17784 -0.301185 -1.57172e-20)
(0.189605 -0.324143 -3.9566e-20)
(0.202167 -0.346498 8.0413e-20)
(0.202167 -0.346498 8.0413e-20)
(0.267569 -0.384877 2.2025e-20)
(0.282185 -0.407179 5.75046e-20)
(0.29755 -0.428784 -8.67502e-20)
(0.313632 -0.449656 -3.06797e-20)
(0.330396 -0.469762 1.17315e-19)
(0.330396 -0.469762 1.17315e-19)
(0.394495 -0.488141 1.92213e-19)
(0.412429 -0.507001 -1.21235e-19)
(0.430954 -0.525057 -1.4308e-19)
(0.430954 -0.525057 -1.4308e-19)
(0.488549 -0.526589 1.35056e-19)
(0.507547 -0.542882 9.47258e-20)
(0.52703 -0.558365 -3.39904e-20)
(0.546963 -0.573018 -8.94661e-20)
(0.546963 -0.573018 -8.94661e-20)
(0.596824 -0.561521 3.26059e-20)
(0.616627 -0.574279 3.54801e-20)
(0.636774 -0.58623 -2.79807e-21)
(0.636774 -0.58623 -2.79807e-21)
(0.679401 -0.567026 -1.68307e-19)
(0.699038 -0.57712 7.09721e-20)
(0.699038 -0.57712 7.09721e-20)
(0.736129 -0.554381 5.995e-21)
(0.755058 -0.562714 2.70371e-21)
(0.755058 -0.562714 2.70371e-21)
(0.787513 -0.538315 4.10467e-20)
(0.805613 -0.545027 -6.45023e-20)
(0.823832 -0.551069 7.10681e-20)
(0.823832 -0.551069 7.10681e-20)
(0.851282 -0.525288 -5.2997e-20)
(0.851282 -0.525288 -5.2997e-20)
(0.876235 -0.500289 9.77436e-21)
(0.8925 -0.504259 -1.55326e-21)
(0.8925 -0.504259 -1.55326e-21)
(0.914304 -0.479608 -8.14734e-20)
(0.929619 -0.482452 4.82298e-20)
(0.929619 -0.482452 4.82298e-20)
(0.948583 -0.458369 1.55242e-20)
(0.962958 -0.460232 -1.87688e-20)
(0.962958 -0.460232 -1.87688e-20)
(0.979424 -0.436867 -9.66298e-21)
(0.979424 -0.436867 -9.66298e-21)
(0.994698 -0.414649 1.68776e-20)
(0.994698 -0.414649 1.68776e-20)
(1.00937 -0.393569 4.12469e-20)
(1.02152 -0.394063 -1.88237e-20)
(1.02152 -0.394063 -1.88237e-20)
(1.03482 -0.374557 2.04331e-20)
(1.03482 -0.374557 2.04331e-20)
(1.04636 -0.357232 2.98647e-20)
(1.04636 -0.357232 2.98647e-20)
(1.06052 -0.337194 1.86158e-21)
(1.06867 -0.00168302 1.08951e-22)
(1.0688 -0.00504368 4.97081e-22)
(1.06909 -0.00834396 -6.08869e-22)
(1.06951 -0.0116116 -1.02212e-22)
(1.07006 -0.0148563 -1.03114e-22)
(1.07073 -0.0180923 -2.01089e-22)
(1.07149 -0.0213305 7.97916e-23)
(1.07301 -0.02445 -5.96321e-23)
(1.07301 -0.02445 -5.96321e-23)
(1.07397 -0.0277046 5.25736e-22)
(1.075 -0.0309887 -7.59572e-23)
(1.0761 -0.0343101 -4.71953e-22)
(1.07726 -0.0376756 -4.20935e-22)
(1.07846 -0.0410915 9.06209e-22)
(1.0797 -0.0445638 -1.13522e-21)
(1.08097 -0.0480979 5.82084e-23)
(1.08227 -0.0516989 -8.49641e-23)
(1.08358 -0.0553719 2.70546e-22)
(1.08489 -0.0591213 -3.02761e-22)
(1.0862 -0.0629517 -1.19658e-22)
(1.08751 -0.0668672 5.31906e-22)
(1.08879 -0.0708721 -3.23758e-22)
(1.09006 -0.0749704 6.85513e-22)
(1.09129 -0.0791661 -4.17975e-22)
(1.09249 -0.0834632 -9.36763e-23)
(1.09365 -0.0878655 3.44428e-22)
(1.09476 -0.0923769 -1.7173e-22)
(1.09581 -0.0970013 -1.60125e-23)
(1.09679 -0.101743 -1.14667e-22)
(1.09771 -0.106605 -3.55505e-23)
(1.09856 -0.111592 7.94366e-23)
(1.09932 -0.116708 -6.57819e-23)
(1.09999 -0.121956 -6.33659e-23)
(1.10057 -0.127342 1.46518e-22)
(1.10104 -0.132868 2.80762e-23)
(1.10141 -0.138538 -6.50581e-23)
(1.10166 -0.144358 1.95275e-22)
(1.10178 -0.15033 -2.03044e-22)
(1.10177 -0.156459 3.65598e-22)
(1.10162 -0.162749 2.97963e-22)
(1.10421 -0.168204 8.29715e-22)
(1.10421 -0.168204 8.29715e-22)
(1.10394 -0.174795 -9.48797e-22)
(1.10351 -0.181558 -1.11211e-21)
(1.10292 -0.188499 2.1506e-21)
(1.10215 -0.195622 -1.73702e-21)
(1.10121 -0.202929 -4.93227e-22)
(1.10008 -0.210425 -8.17204e-22)
(1.09875 -0.218113 2.00823e-21)
(1.09722 -0.225996 -5.83655e-22)
(1.09547 -0.234078 -7.39197e-23)
(1.09351 -0.242359 -2.06009e-22)
(1.0913 -0.250842 -7.02155e-22)
(1.08885 -0.259525 1.35337e-21)
(1.08614 -0.268407 -9.19274e-22)
(1.08315 -0.277483 4.47561e-22)
(1.07986 -0.286748 -2.25401e-22)
(1.07624 -0.296193 -1.24003e-22)
(1.07229 -0.305823 3.7553e-22)
(1.06802 -0.315733 -1.25675e-21)
(1.06389 -0.325865 3.56359e-22)
(1.06052 -0.337194 1.86158e-21)
)
;
    }
    procBoundary4to5
    {
        type            processor;
        value           nonuniform List<vector> 
100
(
(0.404293 -0.350242 -3.68102e-20)
(0.404293 -0.350242 -3.68102e-20)
(0.605139 -0.499103 -1.73851e-19)
(0.605139 -0.499103 -1.73851e-19)
(0.760239 -0.595134 -4.57532e-20)
(0.760239 -0.595134 -4.57532e-20)
(0.774762 -0.587144 1.37642e-19)
(0.89164 -0.640218 -3.77811e-20)
(0.89164 -0.640218 -3.77811e-20)
(0.974637 -0.660743 -5.86194e-20)
(0.974637 -0.660743 -5.86194e-20)
(1.03155 -0.658281 -5.24288e-20)
(1.03155 -0.658281 -5.24288e-20)
(1.04916 -0.651133 1.42942e-20)
(1.08731 -0.634574 -1.53419e-19)
(1.08731 -0.634574 -1.53419e-19)
(1.11231 -0.60939 -7.82277e-20)
(1.11231 -0.60939 -7.82277e-20)
(1.12886 -0.579996 -1.1658e-19)
(1.12886 -0.579996 -1.1658e-19)
(1.14019 -0.54922 1.77672e-19)
(1.14019 -0.54922 1.77672e-19)
(1.14839 -0.518701 -5.38852e-20)
(1.14839 -0.518701 -5.38852e-20)
(1.1547 -0.489287 9.41006e-20)
(1.1547 -0.489287 9.41006e-20)
(1.15987 -0.461355 6.8432e-20)
(1.15235 -0.439436 -6.43465e-20)
(1.15235 -0.439436 -6.43465e-20)
(1.15726 -0.41459 2.80321e-20)
(1.15726 -0.41459 2.80321e-20)
(1.16186 -0.391326 -1.38539e-20)
(1.16186 -0.391326 -1.38539e-20)
(1.16612 -0.369433 2.89608e-20)
(1.16612 -0.369433 2.89608e-20)
(1.1697 -0.348985 -6.74124e-20)
(1.16315 -0.334244 -1.32273e-20)
(1.16315 -0.334244 -1.32273e-20)
(1.07592 -0.00155867 5.85837e-22)
(1.07607 -0.00470374 -5.47021e-24)
(1.07641 -0.00777582 -4.07416e-22)
(1.0769 -0.0108253 8.85607e-23)
(1.07754 -0.0138495 4.13528e-22)
(1.07831 -0.0168667 -5.28588e-22)
(1.07921 -0.0198845 -3.14115e-22)
(1.08023 -0.0229132 -8.14933e-24)
(1.08136 -0.0259607 1.53555e-22)
(1.08258 -0.0290348 2.41613e-23)
(1.08388 -0.0321421 -1.52921e-22)
(1.08527 -0.0352891 3.29593e-23)
(1.08672 -0.0384813 -7.04457e-23)
(1.08824 -0.0417241 1.45574e-24)
(1.08824 -0.0417241 1.45574e-24)
(1.09063 -0.0447268 1.68726e-23)
(1.09228 -0.0480618 4.95151e-24)
(1.09398 -0.0514605 7.00192e-23)
(1.09571 -0.0549268 -4.05549e-23)
(1.09748 -0.0584645 1.42796e-22)
(1.09927 -0.0620774 -9.0888e-23)
(1.10108 -0.0657689 -1.4708e-22)
(1.10292 -0.0695427 4.68518e-22)
(1.10476 -0.073402 -5.65797e-22)
(1.10661 -0.0773503 -4.70734e-22)
(1.10846 -0.081391 1.55401e-22)
(1.11032 -0.0855275 6.78126e-22)
(1.11217 -0.0897633 6.15043e-22)
(1.11402 -0.0941018 9.07571e-22)
(1.11585 -0.0985467 -1.37441e-21)
(1.11767 -0.103102 7.08422e-22)
(1.11948 -0.107771 -8.46748e-22)
(1.12127 -0.112557 -2.02732e-21)
(1.12303 -0.117465 1.48123e-21)
(1.12478 -0.122499 1.14757e-21)
(1.1265 -0.127663 -1.56327e-21)
(1.12819 -0.132961 1.08443e-21)
(1.12985 -0.138398 -4.99561e-23)
(1.13149 -0.143979 1.71389e-21)
(1.13308 -0.149709 -4.01123e-21)
(1.13465 -0.155593 -1.14948e-22)
(1.13617 -0.161635 -2.66159e-21)
(1.13766 -0.167843 2.83671e-21)
(1.13911 -0.174221 6.04327e-22)
(1.14051 -0.180775 5.14667e-21)
(1.14187 -0.187513 -3.13495e-22)
(1.14319 -0.19444 5.05567e-22)
(1.14446 -0.201564 -3.07701e-21)
(1.14569 -0.208893 -2.93539e-21)
(1.14687 -0.216433 -5.06258e-21)
(1.148 -0.224194 2.53853e-21)
(1.14909 -0.232183 5.21672e-21)
(1.15012 -0.240409 -2.93116e-21)
(1.1511 -0.24888 1.23496e-20)
(1.15203 -0.257605 -1.60386e-20)
(1.15203 -0.257605 -1.60386e-20)
(1.159 -0.264029 -1.33822e-20)
(1.16022 -0.273219 -6.26697e-21)
(1.16152 -0.282767 1.1276e-20)
(1.16306 -0.292782 3.65091e-21)
(1.16518 -0.303234 -5.13546e-21)
(1.16803 -0.314422 2.21949e-20)
)
;
    }
    procBoundary4to19
    {
        type            processor;
        value           uniform (0.0618196 0.00478826 5.91671e-21);
    }
    procBoundary4to20
    {
        type            processor;
        value           nonuniform List<vector> 3((0.024249 0.0207407 7.88612e-23) (0.00395732 0.00127208 -2.2613e-21) (0.00395732 0.00127208 -2.2613e-21));
    }
    procBoundary4to21
    {
        type            processor;
        value           nonuniform List<vector> 3((0.151875 -0.142538 4.32839e-20) (0.151875 -0.142538 4.32839e-20) (0.155087 -0.140136 2.93784e-20));
    }
}


// ************************************************************************* //
