/*--------------------------------*- C++ -*----------------------------------*\
  =========                 |
  \\      /  F ield         | OpenFOAM: The Open Source CFD Toolbox
   \\    /   O peration     | Website:  https://openfoam.org
    \\  /    A nd           | Version:  7
     \\/     M anipulation  |
\*---------------------------------------------------------------------------*/
FoamFile
{
    version     2.0;
    format      ascii;
    class       labelList;
    note        "nPoints: 2354 nCells: 1063 nFaces: 4365 nInternalFaces: 2013";
    location    "constant/polyMesh";
    object      neighbour;
}
// * * * * * * * * * * * * * * * * * * * * * * * * * * * * * * * * * * * * * //


2013
(
1
10
1052
2
11
1053
3
12
1054
4
13
1055
5
14
1056
6
15
1057
7
16
1058
8
17
1059
9
18
1060
19
1061
11
20
12
21
13
22
14
23
15
24
16
25
17
26
18
27
19
28
29
21
30
22
31
23
32
24
33
25
34
26
35
27
36
28
37
29
38
39
31
40
32
41
33
42
34
43
35
44
36
45
37
46
38
47
39
48
49
41
50
42
51
43
52
44
53
45
54
46
55
47
56
48
57
49
58
59
51
60
52
61
53
62
54
63
55
64
56
65
57
66
58
67
59
68
69
61
70
62
71
63
72
64
73
65
74
66
75
67
76
68
77
69
78
79
71
80
72
81
73
82
74
83
75
84
76
85
77
86
78
87
79
88
89
81
90
82
91
83
92
84
93
85
94
86
95
87
96
88
97
89
98
99
91
100
92
101
93
102
94
103
95
104
96
105
97
106
98
107
99
108
109
101
110
102
111
103
112
104
113
105
114
106
115
107
116
108
117
109
118
119
111
120
112
121
113
122
114
123
115
124
116
125
117
126
118
127
119
128
129
121
130
122
131
123
132
124
133
125
134
126
135
127
136
128
137
129
138
139
131
140
132
141
133
142
134
143
135
144
136
145
137
146
138
147
139
148
149
141
150
142
151
143
152
144
153
145
154
146
155
147
156
148
157
149
158
159
151
160
152
161
153
162
154
163
155
164
156
165
157
166
158
167
159
168
169
161
170
162
171
163
172
164
173
165
174
166
175
167
176
168
177
169
178
179
171
180
172
181
173
182
174
183
175
184
176
185
177
186
178
187
179
188
189
181
190
182
191
183
192
184
193
185
194
186
195
187
196
188
197
189
198
199
191
200
192
201
193
202
194
203
195
204
196
205
197
206
198
207
199
208
209
201
210
202
211
203
212
204
213
205
214
206
215
207
216
208
217
209
218
219
211
220
212
221
213
222
214
223
215
224
216
225
217
226
218
227
219
228
229
221
230
222
231
223
232
224
233
225
234
226
235
227
236
228
237
229
238
239
231
240
232
241
233
242
234
243
235
244
236
245
237
246
238
247
239
248
249
241
250
242
251
243
252
244
253
245
254
246
255
247
256
248
257
249
258
259
251
260
252
261
253
262
254
263
255
264
256
265
257
266
258
267
259
268
269
261
270
262
271
263
272
264
273
265
274
266
275
267
276
268
277
269
278
279
271
280
272
281
273
282
274
283
275
284
276
285
277
286
278
287
279
288
289
281
290
282
291
283
292
284
293
285
294
286
295
287
296
288
297
289
298
299
291
300
292
301
293
302
294
303
295
304
296
305
297
306
298
307
299
308
309
301
310
302
311
303
312
304
313
305
314
306
315
307
316
308
317
309
318
319
311
320
312
321
313
322
314
323
315
324
316
325
317
326
318
327
319
328
329
321
330
322
331
323
332
324
333
325
334
326
335
327
336
328
337
329
338
339
331
340
332
341
333
342
334
343
335
344
336
345
337
346
338
347
339
348
349
341
350
342
351
343
352
344
353
345
354
346
355
347
356
348
357
349
358
359
351
360
352
361
353
362
354
363
355
364
356
365
357
366
358
367
359
368
369
361
370
362
371
363
372
364
373
365
374
366
375
367
376
368
377
369
378
379
371
380
372
381
373
382
374
383
375
384
376
385
377
386
378
387
379
388
389
381
390
382
391
383
392
384
393
385
394
386
395
387
396
388
397
389
398
399
391
400
392
401
393
402
394
403
395
404
396
405
397
406
398
407
399
408
409
401
410
402
411
403
412
404
413
405
414
406
415
407
416
408
417
409
418
419
411
420
412
421
413
422
414
423
415
424
416
425
417
426
418
427
419
428
429
421
430
422
431
423
432
424
433
425
434
426
435
427
436
428
437
429
438
439
431
440
432
441
433
442
434
443
435
444
436
445
437
446
438
447
439
448
449
441
450
442
451
443
452
444
453
445
454
446
455
447
456
448
457
449
458
459
451
460
452
461
453
462
454
463
455
464
456
465
457
466
458
467
459
468
469
461
470
462
471
463
472
464
473
465
474
466
475
467
476
468
477
469
478
479
471
480
472
481
473
482
474
483
475
484
476
485
477
486
478
487
479
488
489
481
490
482
491
483
492
484
493
485
494
486
495
487
496
488
497
489
498
499
491
500
492
501
493
502
494
503
495
504
496
505
497
506
498
507
499
508
509
501
510
502
511
503
512
504
513
505
514
506
515
507
516
508
517
509
518
519
511
520
512
521
513
522
514
523
515
524
516
525
517
526
518
527
519
528
529
521
531
522
532
523
533
524
534
525
535
526
536
527
537
528
538
529
539
530
540
541
532
542
533
543
534
544
535
545
536
546
537
547
538
548
539
549
540
550
541
551
552
543
553
544
554
545
555
546
556
547
557
548
558
549
559
550
560
551
561
552
562
563
554
564
555
565
556
566
557
567
558
568
559
569
560
570
561
571
562
572
563
573
574
565
575
566
576
567
577
568
578
569
579
570
580
571
581
572
582
573
583
574
584
585
576
586
577
587
578
588
579
589
580
590
581
591
582
592
583
593
584
594
585
595
596
587
597
588
598
589
599
590
600
591
601
592
602
593
603
594
604
595
605
596
606
607
598
599
600
601
602
603
604
605
606
607
609
620
610
621
611
622
612
623
613
624
614
625
615
626
627
617
628
618
629
619
630
620
631
621
632
622
633
623
634
624
635
625
636
626
637
627
638
639
629
640
630
641
631
642
632
643
633
644
634
645
635
646
636
647
637
648
638
649
639
650
651
641
652
642
653
643
654
644
655
645
656
646
657
647
658
648
659
649
660
650
661
651
662
663
653
664
654
665
655
666
656
667
657
668
658
669
659
670
660
671
661
672
662
673
663
674
675
665
676
666
677
667
678
668
679
669
680
670
681
671
682
672
683
673
684
674
685
675
686
687
677
688
678
689
679
690
680
691
681
692
682
693
683
694
684
695
685
696
686
697
687
698
699
689
700
690
701
691
702
692
703
693
704
694
705
695
706
696
707
697
708
698
709
699
710
711
701
712
702
713
703
714
704
715
705
716
706
717
707
718
708
719
709
720
710
721
711
722
723
713
724
714
725
715
726
716
727
717
728
718
729
719
730
720
731
721
732
722
733
723
734
735
725
736
726
737
727
738
728
739
729
740
730
741
731
742
732
743
733
744
734
745
735
746
747
737
748
738
749
739
750
740
751
741
752
742
753
743
754
744
755
745
756
746
757
747
758
759
749
760
750
761
751
762
752
763
753
764
754
765
755
766
756
767
757
768
758
769
759
770
771
761
772
762
773
763
774
764
775
765
776
766
777
767
778
768
779
769
780
770
781
771
782
783
773
784
774
785
775
786
776
787
777
788
778
789
779
790
780
791
781
792
782
793
783
794
795
785
796
786
797
787
798
788
799
789
800
790
801
791
802
792
803
793
804
794
805
795
806
807
797
808
798
809
799
810
800
811
801
812
802
813
803
814
804
815
805
816
806
817
807
818
819
809
820
810
821
811
822
812
823
813
824
814
825
815
826
816
827
817
828
818
829
819
830
831
821
832
822
833
823
834
824
835
825
836
826
837
827
838
828
839
829
840
830
841
831
842
833
843
834
844
835
845
836
846
837
847
838
848
839
849
840
850
841
851
842
852
853
844
854
845
855
846
856
847
857
848
858
849
859
850
860
851
861
852
862
853
863
864
855
865
856
866
857
867
858
868
859
869
860
870
861
871
862
872
863
873
864
874
875
866
876
867
877
868
878
869
879
870
880
871
881
872
882
873
883
874
884
875
885
886
877
887
878
888
879
889
880
890
881
891
882
892
883
893
884
894
885
895
886
896
897
888
898
889
899
890
900
891
901
892
902
893
903
894
904
895
905
896
906
897
907
908
899
909
900
910
901
911
902
912
903
913
904
914
905
915
906
916
907
917
908
918
919
910
920
911
921
912
922
913
923
914
924
915
925
916
926
917
927
918
928
919
929
930
921
931
922
932
923
933
924
934
925
935
926
936
927
937
928
938
929
939
930
940
941
932
942
933
943
934
944
935
945
936
946
937
947
938
948
939
949
940
950
941
951
952
943
953
944
954
945
955
946
956
947
957
948
958
949
959
950
960
951
961
952
962
963
954
964
955
965
956
966
957
967
958
968
959
969
960
970
961
971
962
972
963
973
974
965
975
966
976
967
977
968
978
969
979
970
980
971
981
972
982
973
983
974
984
985
976
986
977
987
978
988
979
989
980
990
981
991
982
992
983
993
984
994
985
995
996
987
997
988
998
989
999
990
1000
991
1001
992
1002
993
1003
994
1004
995
1005
996
1006
1007
998
1008
999
1009
1000
1010
1001
1011
1002
1012
1003
1013
1004
1014
1005
1015
1006
1016
1007
1017
1018
1009
1019
1010
1020
1011
1021
1012
1022
1013
1023
1014
1024
1015
1025
1016
1026
1017
1027
1018
1028
1029
1020
1030
1021
1031
1022
1032
1023
1033
1024
1034
1025
1035
1026
1036
1027
1037
1028
1038
1029
1039
1040
1031
1041
1032
1042
1033
1043
1034
1044
1035
1045
1036
1046
1037
1047
1038
1048
1039
1049
1040
1050
1051
1042
1052
1043
1053
1044
1054
1045
1055
1046
1056
1047
1057
1048
1058
1049
1059
1050
1060
1051
1061
1062
1053
1054
1055
1056
1057
1058
1059
1060
1061
1062
)


// ************************************************************************* //
